1.752308374889346154e-01, 5.100126447999240309e-01, 1.155426249234159375e-01, 1.992138927877254162e-01
1.752554320403610644e-01, 5.099701786973935835e-01, 1.155264110143326001e-01, 1.992479782479127104e-01
1.752800514181261371e-01, 5.099276582014249382e-01, 1.155102029866523633e-01, 1.992820873937966308e-01
1.753046956208840212e-01, 5.098850833216880263e-01, 1.154940008383592842e-01, 1.993162202190685572e-01
1.753293646472795786e-01, 5.098424540678752059e-01, 1.154778045674372394e-01, 1.993503767174079344e-01
1.753540584959482618e-01, 5.097997704497007065e-01, 1.154616141718692590e-01, 1.993845568824817727e-01
1.753787771655159755e-01, 5.097570324769009620e-01, 1.154454296496379567e-01, 1.994187607079448976e-01
1.754035206545991599e-01, 5.097142401592353878e-01, 1.154292509987253634e-01, 1.994529881874400334e-01
1.754282889618049290e-01, 5.096713935064846046e-01, 1.154130782171130104e-01, 1.994872393145975253e-01
1.754530820857307105e-01, 5.096284925284518819e-01, 1.153969113027817905e-01, 1.995215140830355616e-01
1.754779000249645782e-01, 5.095855372349631374e-01, 1.153807502537121804e-01, 1.995558124863600347e-01
1.755027427780851967e-01, 5.095425276358659383e-01, 1.153645950678840182e-01, 1.995901345181647912e-01
1.755276103436617108e-01, 5.094994637410303895e-01, 1.153484457432767119e-01, 1.996244801720311324e-01
1.755525027202536337e-01, 5.094563455603489111e-01, 1.153323022778690449e-01, 1.996588494415284243e-01
1.755774199064112084e-01, 5.094131731037359057e-01, 1.153161646696393289e-01, 1.996932423202135709e-01
1.756023619006749636e-01, 5.093699463811282024e-01, 1.153000329165653759e-01, 1.997276588016313748e-01
1.756273287015761853e-01, 5.093266654024851681e-01, 1.152839070166244012e-01, 1.997620988793143704e-01
1.756523203076363338e-01, 5.092833301777878185e-01, 1.152677869677931344e-01, 1.997965625467826856e-01
1.756773367173677658e-01, 5.092399407170398185e-01, 1.152516727680478609e-01, 1.998310497975445132e-01
1.757023779292729571e-01, 5.091964970302673699e-01, 1.152355644153642694e-01, 1.998655606250953898e-01
1.757274439418450851e-01, 5.091529991275184353e-01, 1.152194619077175353e-01, 1.999000950229190277e-01
1.757525347535676685e-01, 5.091094470188635146e-01, 1.152033652430824173e-01, 1.999346529844864551e-01
1.757776503629147336e-01, 5.090658407143953124e-01, 1.151872744194330500e-01, 1.999692345032567931e-01
1.758027907683509250e-01, 5.090221802242289595e-01, 1.151711894347431930e-01, 2.000038395726767282e-01
1.758279559683312010e-01, 5.089784655585020134e-01, 1.151551102869860926e-01, 2.000384681861807068e-01
1.758531459613010828e-01, 5.089346967273737921e-01, 1.151390369741343706e-01, 2.000731203371908795e-01
1.758783607456962661e-01, 5.088908737410263727e-01, 1.151229694941602599e-01, 2.001077960191171567e-01
1.759036003199433706e-01, 5.088469966096639263e-01, 1.151069078450355221e-01, 2.001424952253572642e-01
1.759288646824590241e-01, 5.088030653435130501e-01, 1.150908520247313910e-01, 2.001772179492964931e-01
1.759541538316506115e-01, 5.087590799528226571e-01, 1.150748020312186704e-01, 2.002119641843080056e-01
1.759794677659157758e-01, 5.087150404478639754e-01, 1.150587578624675950e-01, 2.002467339237525012e-01
1.760048064836427506e-01, 5.086709468389305489e-01, 1.150427195164480249e-01, 2.002815271609787451e-01
1.760301699832099442e-01, 5.086267991363380148e-01, 1.150266869911293066e-01, 2.003163438893227066e-01
1.760555582629865223e-01, 5.085825973504246589e-01, 1.150106602844802456e-01, 2.003511841021085871e-01
1.760809713213317140e-01, 5.085383414915510825e-01, 1.149946393944693002e-01, 2.003860477926479311e-01
1.761064091565954781e-01, 5.084940315700999802e-01, 1.149786243190643875e-01, 2.004209349542401541e-01
1.761318717671180589e-01, 5.084496675964764734e-01, 1.149626150562329807e-01, 2.004558455801724315e-01
1.761573591512300696e-01, 5.084052495811083316e-01, 1.149466116039421087e-01, 2.004907796637195039e-01
1.761828713072526309e-01, 5.083607775344451962e-01, 1.149306139601583288e-01, 2.005257371981438441e-01
1.762084082334971769e-01, 5.083162514669593568e-01, 1.149146221228477122e-01, 2.005607181766958513e-01
1.762339699282655381e-01, 5.082716713891451965e-01, 1.148986360899759418e-01, 2.005957225926132403e-01
1.762595563898500806e-01, 5.082270373115199691e-01, 1.148826558595082703e-01, 2.006307504391217911e-01
1.762851676165332615e-01, 5.081823492446226886e-01, 1.148666814294093952e-01, 2.006658017094346547e-01
1.763108036065882955e-01, 5.081376071990151289e-01, 1.148507127976437225e-01, 2.007008763967529641e-01
1.763364643582784885e-01, 5.080928111852811568e-01, 1.148347499621750478e-01, 2.007359744942653623e-01
1.763621498698575984e-01, 5.080479612140272883e-01, 1.148187929209668612e-01, 2.007710959951483076e-01
1.763878601395698076e-01, 5.080030572958823543e-01, 1.148028416719821948e-01, 2.008062408925657127e-01
1.764135951656496948e-01, 5.079580994414971684e-01, 1.147868962131836368e-01, 2.008414091796694723e-01
1.764393549463220412e-01, 5.079130876615456369e-01, 1.147709565425333034e-01, 2.008766008495989908e-01
1.764651394798021078e-01, 5.078680219667234264e-01, 1.147550226579929916e-01, 2.009118158954814604e-01
1.764909487642955244e-01, 5.078229023677488518e-01, 1.147390945575239574e-01, 2.009470543104315832e-01
1.765167827979981785e-01, 5.077777288753627660e-01, 1.147231722390871650e-01, 2.009823160875519321e-01
1.765426415790964376e-01, 5.077325015003278930e-01, 1.147072557006429822e-01, 2.010176012199325624e-01
1.765685251057668714e-01, 5.076872202534300493e-01, 1.146913449401516100e-01, 2.010529097006515109e-01
1.765944333761764740e-01, 5.076418851454770342e-01, 1.146754399555726528e-01, 2.010882415227740472e-01
1.766203663884823860e-01, 5.075964961872988512e-01, 1.146595407448653403e-01, 2.011235966793534224e-01
1.766463241408323948e-01, 5.075510533897487075e-01, 1.146436473059884997e-01, 2.011589751634305090e-01
1.766723066313644341e-01, 5.075055567637011267e-01, 1.146277596369006668e-01, 2.011943769680337446e-01
1.766983138582067514e-01, 5.074600063200540578e-01, 1.146118777355598223e-01, 2.012298020861794101e-01
1.767243458194778793e-01, 5.074144020697273216e-01, 1.145960015999236137e-01, 2.012652505108711853e-01
1.767504025132867751e-01, 5.073687440236631652e-01, 1.145801312279493278e-01, 2.013007222351007874e-01
1.767764839377325425e-01, 5.073230321928265951e-01, 1.145642666175938074e-01, 2.013362172518471105e-01
1.768025900909047654e-01, 5.072772665882046006e-01, 1.145484077668135342e-01, 2.013717355540771692e-01
1.768287209708832297e-01, 5.072314472208068192e-01, 1.145325546735646571e-01, 2.014072771347452384e-01
1.768548765757380070e-01, 5.071855741016656483e-01, 1.145167073358028392e-01, 2.014428419867935471e-01
1.768810569035294544e-01, 5.071396472418353563e-01, 1.145008657514833966e-01, 2.014784301031517788e-01
1.769072619523083256e-01, 5.070936666523928604e-01, 1.144850299185613263e-01, 2.015140414767374599e-01
1.769334917201154656e-01, 5.070476323444377265e-01, 1.144691998349912782e-01, 2.015496761004554882e-01
1.769597462049821712e-01, 5.070015443290916135e-01, 1.144533754987273749e-01, 2.015853339671987154e-01
1.769860254049299142e-01, 5.069554026174991623e-01, 1.144375569077235033e-01, 2.016210150698473647e-01
1.770123293179705071e-01, 5.069092072208267741e-01, 1.144217440599331753e-01, 2.016567194012694741e-01
1.770386579421058537e-01, 5.068629581502640535e-01, 1.144059369533094589e-01, 2.016924469543206477e-01
1.770650112753283933e-01, 5.068166554170222549e-01, 1.143901355858051722e-01, 2.017281977218440825e-01
1.770913893156206009e-01, 5.067702990323359469e-01, 1.143743399553727169e-01, 2.017639716966708185e-01
1.771177920609552370e-01, 5.067238890074614588e-01, 1.143585500599641203e-01, 2.017997688716192395e-01
1.771442195092954308e-01, 5.066774253536777683e-01, 1.143427658975311456e-01, 2.018355892394955164e-01
1.771706716585944863e-01, 5.066309080822869459e-01, 1.143269874660250845e-01, 2.018714327930934693e-01
1.771971485067957985e-01, 5.065843372046126003e-01, 1.143112147633970344e-01, 2.019072995251945390e-01
1.772236500518332147e-01, 5.065377127320014328e-01, 1.142954477875975788e-01, 2.019431894285676210e-01
1.772501762916307566e-01, 5.064910346758223492e-01, 1.142796865365771630e-01, 2.019791024959695924e-01
1.772767272241027037e-01, 5.064443030474671259e-01, 1.142639310082856768e-01, 2.020150387201445907e-01
1.773033028471533712e-01, 5.063975178583492998e-01, 1.142481812006728992e-01, 2.020509980938245964e-01
1.773299031586773877e-01, 5.063506791199056112e-01, 1.142324371116880399e-01, 2.020869806097290444e-01
1.773565281565597507e-01, 5.063037868435948941e-01, 1.142166987392802119e-01, 2.021229862605651018e-01
1.773831778386755487e-01, 5.062568410408988528e-01, 1.142009660813980698e-01, 2.021590150390275287e-01
1.774098522028900726e-01, 5.062098417233213965e-01, 1.141852391359899355e-01, 2.021950669377987897e-01
1.774365512470586492e-01, 5.061627889023887494e-01, 1.141695179010038669e-01, 2.022311419495486928e-01
1.774632749690272238e-01, 5.061156825896501177e-01, 1.141538023743876445e-01, 2.022672400669350279e-01
1.774900233666315275e-01, 5.060685227966770228e-01, 1.141380925540886326e-01, 2.023033612826028449e-01
1.775167964376976326e-01, 5.060213095350633017e-01, 1.141223884380539316e-01, 2.023395055891849537e-01
1.775435941800418971e-01, 5.059740428164258841e-01, 1.141066900242304200e-01, 2.023756729793018960e-01
1.775704165914706312e-01, 5.059267226524032379e-01, 1.140909973105644348e-01, 2.024118634455615295e-01
1.775972636697805696e-01, 5.058793490546575899e-01, 1.140753102950022579e-01, 2.024480769805596103e-01
1.776241354127584826e-01, 5.058319220348725942e-01, 1.140596289754898240e-01, 2.024843135768791824e-01
1.776510318181812598e-01, 5.057844416047547753e-01, 1.140439533499726238e-01, 2.025205732270912162e-01
1.776779528838161315e-01, 5.057369077760337506e-01, 1.140282834163960229e-01, 2.025568559237540811e-01
1.777048986074202530e-01, 5.056893205604608976e-01, 1.140126191727049987e-01, 2.025931616594137674e-01
1.777318689867412871e-01, 5.056416799698105757e-01, 1.139969606168443061e-01, 2.026294904266039421e-01
1.777588640195165715e-01, 5.055939860158794597e-01, 1.139813077467582980e-01, 2.026658422178456431e-01
1.777858837034740069e-01, 5.055462387104869837e-01, 1.139656605603912021e-01, 2.027022170256478628e-01
1.778129280363313913e-01, 5.054984380654748977e-01, 1.139500190556868714e-01, 2.027386148425067980e-01
1.778399970157968357e-01, 5.054505840927077109e-01, 1.139343832305889093e-01, 2.027750356609065441e-01
1.778670906395684592e-01, 5.054026768040724704e-01, 1.139187530830405859e-01, 2.028114794733184845e-01
1.778942089053345277e-01, 5.053547162114785385e-01, 1.139031286109849772e-01, 2.028479462722019289e-01
1.779213518107735648e-01, 5.053067023268581481e-01, 1.138875098123648677e-01, 2.028844360500033916e-01
1.779485193535540466e-01, 5.052586351621657368e-01, 1.138718966851228198e-01, 2.029209487991574246e-01
1.779757115313346238e-01, 5.052105147293787235e-01, 1.138562892272009797e-01, 2.029574845120857007e-01
1.780029283417641217e-01, 5.051623410404967318e-01, 1.138406874365413823e-01, 2.029940431811976531e-01
1.780301697824814011e-01, 5.051141141075422558e-01, 1.138250913110858131e-01, 2.030306247988905022e-01
1.780574358511155253e-01, 5.050658339425601051e-01, 1.138095008487756965e-01, 2.030672293575487286e-01
1.780847265452855377e-01, 5.050175005576177378e-01, 1.137939160475522626e-01, 2.031038568495444618e-01
1.781120418626006563e-01, 5.049691139648053717e-01, 1.137783369053564919e-01, 2.031405072672374801e-01
1.781393818006601626e-01, 5.049206741762353179e-01, 1.137627634201291010e-01, 2.031771806029752658e-01
1.781667463570535681e-01, 5.048721812040433132e-01, 1.137471955898106818e-01, 2.032138768490924507e-01
1.781941355293601426e-01, 5.048236350603868550e-01, 1.137316334123413125e-01, 2.032505959979116483e-01
1.782215493151496077e-01, 5.047750357574464219e-01, 1.137160768856610993e-01, 2.032873380417428155e-01
1.782489877119816657e-01, 5.047263833074249195e-01, 1.137005260077098290e-01, 2.033241029728836413e-01
1.782764507174058322e-01, 5.046776777225480126e-01, 1.136849807764269554e-01, 2.033608907836191582e-01
1.783039383289620750e-01, 5.046289190150639037e-01, 1.136694411897518908e-01, 2.033977014662221861e-01
1.783314505441801756e-01, 5.045801071972433327e-01, 1.136539072456236865e-01, 2.034345350129528884e-01
1.783589873605800069e-01, 5.045312422813796882e-01, 1.136383789419811025e-01, 2.034713914160591053e-01
1.783865487756716717e-01, 5.044823242797890073e-01, 1.136228562767629541e-01, 2.035082706677763809e-01
1.784141347869551419e-01, 5.044333532048098645e-01, 1.136073392479075433e-01, 2.035451727603275751e-01
1.784417453919204810e-01, 5.043843290688033720e-01, 1.135918278533530335e-01, 2.035820976859230580e-01
1.784693805880478157e-01, 5.043352518841535126e-01, 1.135763220910375182e-01, 2.036190454367611258e-01
1.784970403728074195e-01, 5.042861216632664734e-01, 1.135608219588987722e-01, 2.036560160050272239e-01
1.785247247436594353e-01, 5.042369384185716452e-01, 1.135453274548743202e-01, 2.036930093828945854e-01
1.785524336980541527e-01, 5.041877021625204014e-01, 1.135298385769015483e-01, 2.037300255625239531e-01
1.785801672334318135e-01, 5.041384129075872078e-01, 1.135143553229175650e-01, 2.037670645360634414e-01
1.786079253472227513e-01, 5.040890706662688459e-01, 1.134988776908594510e-01, 2.038041262956489796e-01
1.786357080368473627e-01, 5.040396754510849675e-01, 1.134834056786638706e-01, 2.038412108334039519e-01
1.786635152997158582e-01, 5.039902272745775402e-01, 1.134679392842674467e-01, 2.038783181414390855e-01
1.786913471332288172e-01, 5.039407261493115131e-01, 1.134524785056065521e-01, 2.039154482118530065e-01
1.787192035347764663e-01, 5.038911720878744838e-01, 1.134370233406173933e-01, 2.039526010367316844e-01
1.787470845017393173e-01, 5.038415651028762543e-01, 1.134215737872359964e-01, 2.039897766081485708e-01
1.787749900314875851e-01, 5.037919052069496084e-01, 1.134061298433981235e-01, 2.040269749181646552e-01
1.788029201213819086e-01, 5.037421924127498674e-01, 1.133906915070395371e-01, 2.040641959588287702e-01
1.788308747687725464e-01, 5.036924267329550009e-01, 1.133752587760955555e-01, 2.041014397221768695e-01
1.788588539709998482e-01, 5.036426081802658494e-01, 1.133598316485015661e-01, 2.041387062002326114e-01
1.788868577253943382e-01, 5.035927367674055688e-01, 1.133444101221927069e-01, 2.041759953850074416e-01
1.789148860292761323e-01, 5.035428125071201855e-01, 1.133289941951038798e-01, 2.042133072684998996e-01
1.789429388799558818e-01, 5.034928354121779304e-01, 1.133135838651699173e-01, 2.042506418426963677e-01
1.789710162747336353e-01, 5.034428054953704601e-01, 1.132981791303253882e-01, 2.042879990995705441e-01
1.789991182108998657e-01, 5.033927227695114137e-01, 1.132827799885047920e-01, 2.043253790310838314e-01
1.790272446857347211e-01, 5.033425872474375229e-01, 1.132673864376424339e-01, 2.043627816291851695e-01
1.790553956965085791e-01, 5.032923989420081679e-01, 1.132519984756724662e-01, 2.044002068858108978e-01
1.790835712404815205e-01, 5.032421578661047112e-01, 1.132366161005288752e-01, 2.044376547928849486e-01
1.791117713149036061e-01, 5.031918640326323855e-01, 1.132212393101454800e-01, 2.044751253423187642e-01
1.791399959170150713e-01, 5.031415174545176283e-01, 1.132058681024560587e-01, 2.045126185260113250e-01
1.791682450440458818e-01, 5.030911181447109692e-01, 1.131905024753940558e-01, 2.045501343358490931e-01
1.791965186932161780e-01, 5.030406661161846982e-01, 1.131751424268929718e-01, 2.045876727637061798e-01
1.792248168617357196e-01, 5.029901613819339756e-01, 1.131597879548860569e-01, 2.046252338014441230e-01
1.792531395468044131e-01, 5.029396039549772768e-01, 1.131444390573063952e-01, 2.046628174409119150e-01
1.792814867456121730e-01, 5.028889938483545041e-01, 1.131290957320870705e-01, 2.047004236739461969e-01
1.793098584553386443e-01, 5.028383310751293189e-01, 1.131137579771609031e-01, 2.047380524923710643e-01
1.793382546731535909e-01, 5.027876156483875869e-01, 1.130984257904606299e-01, 2.047757038879981784e-01
1.793666753962165905e-01, 5.027368475812378223e-01, 1.130830991699189048e-01, 2.048133778526265991e-01
1.793951206216770899e-01, 5.026860268868117432e-01, 1.130677781134682286e-01, 2.048510743780430632e-01
1.794235903466744331e-01, 5.026351535782628277e-01, 1.130524626190409360e-01, 2.048887934560216506e-01
1.794520845683381660e-01, 5.025842276687684240e-01, 1.130371526845692920e-01, 2.049265350783240902e-01
1.794806032837874266e-01, 5.025332491715275296e-01, 1.130218483079854785e-01, 2.049642992366995931e-01
1.795091464901313605e-01, 5.024822180997623455e-01, 1.130065494872214693e-01, 2.050020859228848524e-01
1.795377141844690383e-01, 5.024311344667176105e-01, 1.129912562202092102e-01, 2.050398951286041549e-01
1.795663063638893997e-01, 5.023799982856609336e-01, 1.129759685048805223e-01, 2.050777268455691027e-01
1.795949230254713092e-01, 5.023288095698825728e-01, 1.129606863391671295e-01, 2.051155810654790301e-01
1.796235641662834726e-01, 5.022775683326954343e-01, 1.129454097210006169e-01, 2.051534577800205872e-01
1.796522297833844373e-01, 5.022262745874348511e-01, 1.129301386483124586e-01, 2.051913569808681281e-01
1.796809198738228697e-01, 5.021749283474595815e-01, 1.129148731190341842e-01, 2.052292786596833229e-01
1.797096344346370000e-01, 5.021235296261504777e-01, 1.128996131310969903e-01, 2.052672228081155181e-01
1.797383734628552054e-01, 5.020720784369110401e-01, 1.128843586824321288e-01, 2.053051894178014869e-01
1.797671369554954546e-01, 5.020205747931683060e-01, 1.128691097709708241e-01, 2.053431784803654014e-01
1.797959249095658074e-01, 5.019690187083709620e-01, 1.128538663946440923e-01, 2.053811899874191382e-01
1.798247373220641654e-01, 5.019174101959910095e-01, 1.128386285513828940e-01, 2.054192239305618894e-01
1.798535741899781881e-01, 5.018657492695232092e-01, 1.128233962391181344e-01, 2.054572803013805238e-01
1.798824355102854045e-01, 5.018140359424847485e-01, 1.128081694557806075e-01, 2.054953590914492534e-01
1.799113212799533235e-01, 5.017622702284157965e-01, 1.127929481993010935e-01, 2.055334602923298837e-01
1.799402314959390736e-01, 5.017104521408789486e-01, 1.127777324676102755e-01, 2.055715838955717023e-01
1.799691661551898747e-01, 5.016585816934601150e-01, 1.127625222586386838e-01, 2.056097298927114514e-01
1.799981252546427046e-01, 5.016066588997669662e-01, 1.127473175703169739e-01, 2.056478982752733553e-01
1.800271087912241608e-01, 5.015546837734309316e-01, 1.127321184005754956e-01, 2.056860890347692872e-01
1.800561167618511538e-01, 5.015026563281056449e-01, 1.127169247473447239e-01, 2.057243021626984913e-01
1.800851491634298807e-01, 5.014505765774672774e-01, 1.127017366085550365e-01, 2.057625376505477222e-01
1.801142059928567130e-01, 5.013984445352154262e-01, 1.126865539821366724e-01, 2.058007954897911607e-01
1.801432872470178359e-01, 5.013462602150714487e-01, 1.126713768660199538e-01, 2.058390756718906645e-01
1.801723929227890542e-01, 5.012940236307805719e-01, 1.126562052581350087e-01, 2.058773781882954068e-01
1.802015230170360416e-01, 5.012417347961097835e-01, 1.126410391564120345e-01, 2.059157030304420710e-01
1.802306775266144800e-01, 5.011893937248492747e-01, 1.126258785587811173e-01, 2.059540501897550724e-01
1.802598564483697263e-01, 5.011370004308119963e-01, 1.126107234631722881e-01, 2.059924196576459476e-01
1.802890597791368121e-01, 5.010845549278335476e-01, 1.125955738675156054e-01, 2.060308114255139100e-01
1.803182875157408604e-01, 5.010320572297722874e-01, 1.125804297697410444e-01, 2.060692254847458216e-01
1.803475396549964471e-01, 5.009795073505093344e-01, 1.125652911677785667e-01, 2.061076618267156380e-01
1.803768161937082393e-01, 5.009269053039485664e-01, 1.125501580595580781e-01, 2.061461204427851301e-01
1.804061171286705512e-01, 5.008742511040165102e-01, 1.125350304430094428e-01, 2.061846013243034959e-01
1.804354424566675108e-01, 5.008215447646625629e-01, 1.125199083160625946e-01, 2.062231044626073317e-01
1.804647921744730599e-01, 5.007687862998587702e-01, 1.125047916766472728e-01, 2.062616298490208000e-01
1.804941662788507595e-01, 5.007159757236002706e-01, 1.124896805226934249e-01, 2.063001774748555450e-01
1.805235647665541787e-01, 5.006631130499045179e-01, 1.124745748521307209e-01, 2.063387473314106102e-01
1.805529876343265061e-01, 5.006101982928118366e-01, 1.124594746628890529e-01, 2.063773394099727154e-01
1.805824348789007994e-01, 5.005572314663854216e-01, 1.124443799528981325e-01, 2.064159537018157298e-01
1.806119064969997912e-01, 5.005042125847111167e-01, 1.124292907200877684e-01, 2.064545901982013376e-01
1.806414024853359723e-01, 5.004511416618978581e-01, 1.124142069623876306e-01, 2.064932488903785668e-01
1.806709228406117307e-01, 5.003980187120767864e-01, 1.123991286777275556e-01, 2.065319297695838996e-01
1.807004675595189624e-01, 5.003448437494024681e-01, 1.123840558640372411e-01, 2.065706328270414671e-01
1.807300366387395996e-01, 5.002916167880513409e-01, 1.123689885192464405e-01, 2.066093580539626051e-01
1.807596300749451101e-01, 5.002383378422236015e-01, 1.123539266412849624e-01, 2.066481054415463814e-01
1.807892478647967760e-01, 5.001850069261415399e-01, 1.123388702280824908e-01, 2.066868749809792349e-01
1.808188900049455816e-01, 5.001316240540506497e-01, 1.123238192775687788e-01, 2.067256666634350315e-01
1.808485564920323529e-01, 5.000781892402187401e-01, 1.123087737876736492e-01, 2.067644804800752578e-01
1.808782473226875909e-01, 5.000247024989368239e-01, 1.122937337563268689e-01, 2.068033164220487718e-01
1.809079624935314434e-01, 4.999711638445181738e-01, 1.122786991814582608e-01, 2.068421744804919693e-01
1.809377020011740111e-01, 4.999175732912997105e-01, 1.122636700609976612e-01, 2.068810546465287004e-01
1.809674658422147919e-01, 4.998639308536402259e-01, 1.122486463928748374e-01, 2.069199569112701864e-01
1.809972540132432084e-01, 4.998102365459216045e-01, 1.122336281750197368e-01, 2.069588812658153809e-01
1.810270665108384136e-01, 4.997564903825488791e-01, 1.122186154053621820e-01, 2.069978277012505252e-01
1.810569033315691800e-01, 4.997026923779492313e-01, 1.122036080818321763e-01, 2.070367962086493985e-01
1.810867644719940939e-01, 4.996488425465732131e-01, 1.121886062023596253e-01, 2.070757867790731788e-01
1.811166499286613329e-01, 4.995949409028935806e-01, 1.121736097648745045e-01, 2.071147994035705264e-01
1.811465596981088333e-01, 4.995409874614064605e-01, 1.121586187673068863e-01, 2.071538340731777506e-01
1.811764937768643169e-01, 4.994869822366302947e-01, 1.121436332075868153e-01, 2.071928907789185315e-01
1.812064521614450141e-01, 4.994329252431066735e-01, 1.121286530836443918e-01, 2.072319695118039484e-01
1.812364348483578858e-01, 4.993788164953996689e-01, 1.121136783934097852e-01, 2.072710702628326185e-01
1.812664418340997619e-01, 4.993246560080962793e-01, 1.120987091348131653e-01, 2.073101930229906409e-01
1.812964731151570918e-01, 4.992704437958064845e-01, 1.120837453057848404e-01, 2.073493377832517082e-01
1.813265286880056670e-01, 4.992161798731625799e-01, 1.120687869042550494e-01, 2.073885045345766065e-01
1.813566085491115920e-01, 4.991618642548201201e-01, 1.120538339281542117e-01, 2.074276932679141039e-01
1.813867126949300357e-01, 4.991074969554571972e-01, 1.120388863754126912e-01, 2.074669039742000343e-01
1.814168411219061749e-01, 4.990530779897749403e-01, 1.120239442439609906e-01, 2.075061366443579636e-01
1.814469938264747229e-01, 4.989986073724968496e-01, 1.120090075317296541e-01, 2.075453912692988012e-01
1.814771708050602894e-01, 4.989440851183696846e-01, 1.119940762366493092e-01, 2.075846678399209111e-01
1.815073720540767432e-01, 4.988895112421625755e-01, 1.119791503566505697e-01, 2.076239663471102503e-01
1.815375975699278777e-01, 4.988348857586678564e-01, 1.119642298896642019e-01, 2.076632867817400641e-01
1.815678473490072442e-01, 4.987802086827003989e-01, 1.119493148336210969e-01, 2.077026291346713571e-01
1.815981213876977085e-01, 4.987254800290979451e-01, 1.119344051864520073e-01, 2.077419933967523669e-01
1.816284196823720887e-01, 4.986706998127209967e-01, 1.119195009460880463e-01, 2.077813795588188128e-01
1.816587422293926835e-01, 4.986158680484530370e-01, 1.119046021104602301e-01, 2.078207876116939801e-01
1.816890890251115220e-01, 4.985609847512001425e-01, 1.118897086774996441e-01, 2.078602175461887192e-01
1.817194600658701698e-01, 4.985060499358912045e-01, 1.118748206451375682e-01, 2.078996693531010576e-01
1.817498553479998669e-01, 4.984510636174780962e-01, 1.118599380113053238e-01, 2.079391430232167270e-01
1.817802748678215563e-01, 4.983960258109351726e-01, 1.118450607739342600e-01, 2.079786385473088306e-01
1.818107186216458004e-01, 4.983409365312600481e-01, 1.118301889309559483e-01, 2.080181559161380922e-01
1.818411866057726700e-01, 4.982857957934728743e-01, 1.118153224803019735e-01, 2.080576951204526071e-01
1.818716788164918552e-01, 4.982306036126163962e-01, 1.118004614199040181e-01, 2.080972561509878138e-01
1.819021952500829153e-01, 4.981753600037565621e-01, 1.117856057476938336e-01, 2.081368389984667722e-01
1.819327359028147240e-01, 4.981200649819818582e-01, 1.117707554616033661e-01, 2.081764436536000518e-01
1.819633007709458850e-01, 4.980647185624038631e-01, 1.117559105595646446e-01, 2.082160701070856212e-01
1.819938898507246494e-01, 4.980093207601566929e-01, 1.117410710395097817e-01, 2.082557183496088482e-01
1.820245031383888323e-01, 4.979538715903974455e-01, 1.117262368993710009e-01, 2.082953883718427490e-01
1.820551406301658681e-01, 4.978983710683057562e-01, 1.117114081370806505e-01, 2.083350801644477113e-01
1.820858023222726996e-01, 4.978428192090844639e-01, 1.116965847505712039e-01, 2.083747937180716325e-01
1.821164882109160554e-01, 4.977872160279590008e-01, 1.116817667377752316e-01, 2.084145290233497261e-01
1.821471982922920341e-01, 4.977315615401776139e-01, 1.116669540966254981e-01, 2.084542860709049650e-01
1.821779325625865475e-01, 4.976758557610112543e-01, 1.116521468250547822e-01, 2.084940648513474715e-01
1.822086910179747943e-01, 4.976200987057540215e-01, 1.116373449209960150e-01, 2.085338653552751553e-01
1.822394736546219529e-01, 4.975642903897224967e-01, 1.116225483823823916e-01, 2.085736875732732420e-01
1.822702804686824052e-01, 4.975084308282562429e-01, 1.116077572071470236e-01, 2.086135314959143283e-01
1.823011114563004298e-01, 4.974525200367176381e-01, 1.115929713932233558e-01, 2.086533971137586041e-01
1.823319666136095640e-01, 4.973965580304918754e-01, 1.115781909385448467e-01, 2.086932844173538248e-01
1.823628459367330756e-01, 4.973405448249866856e-01, 1.115634158410451215e-01, 2.087331933972350062e-01
1.823937494217838517e-01, 4.972844804356331139e-01, 1.115486460986579859e-01, 2.087731240439248681e-01
1.824246770648643157e-01, 4.972283648778849097e-01, 1.115338817093173979e-01, 2.088130763479334739e-01
1.824556288620663436e-01, 4.971721981672179713e-01, 1.115191226709574129e-01, 2.088530502997583138e-01
1.824866048094715143e-01, 4.971159803191319559e-01, 1.115043689815122391e-01, 2.088930458898843601e-01
1.825176049031508041e-01, 4.970597113491488361e-01, 1.114896206389162370e-01, 2.089330631087842061e-01
1.825486291391648086e-01, 4.970033912728134551e-01, 1.114748776411039755e-01, 2.089731019469177609e-01
1.825796775135638261e-01, 4.969470201056933600e-01, 1.114601399860101760e-01, 2.090131623947325823e-01
1.826107500223874691e-01, 4.968905978633794129e-01, 1.114454076715696573e-01, 2.090532444426635161e-01
1.826418466616649972e-01, 4.968341245614847357e-01, 1.114306806957174045e-01, 2.090933480811329181e-01
1.826729674274151505e-01, 4.967776002156454318e-01, 1.114159590563886665e-01, 2.091334733005507374e-01
1.827041123156463442e-01, 4.967210248415205309e-01, 1.114012427515187614e-01, 2.091736200913143218e-01
1.827352813223563077e-01, 4.966643984547919888e-01, 1.113865317790432852e-01, 2.092137884438084738e-01
1.827664744435324728e-01, 4.966077210711641321e-01, 1.113718261368978057e-01, 2.092539783484055338e-01
1.827976916751518910e-01, 4.965509927063646023e-01, 1.113571258230182798e-01, 2.092941897954652686e-01
1.828289330131807611e-01, 4.964942133761434673e-01, 1.113424308353407888e-01, 2.093344227753348996e-01
1.828601984535752345e-01, 4.964373830962741097e-01, 1.113277411718015114e-01, 2.093746772783492416e-01
1.828914879922805270e-01, 4.963805018825521165e-01, 1.113130568303368623e-01, 2.094149532948304249e-01
1.829228016252318623e-01, 4.963235697507963895e-01, 1.112983778088835057e-01, 2.094552508150882564e-01
1.829541393483536393e-01, 4.962665867168483125e-01, 1.112837041053781895e-01, 2.094955698294198865e-01
1.829855011575597934e-01, 4.962095527965725283e-01, 1.112690357177578970e-01, 2.095359103281098645e-01
1.830168870487538513e-01, 4.961524680058558290e-01, 1.112543726439597785e-01, 2.095762723014304163e-01
1.830482970178289592e-01, 4.960953323606084875e-01, 1.112397148819213311e-01, 2.096166557396412222e-01
1.830797310606674388e-01, 4.960381458767632590e-01, 1.112250624295799684e-01, 2.096570606329892228e-01
1.831111891731414809e-01, 4.959809085702757137e-01, 1.112104152848736038e-01, 2.096974869717091738e-01
1.831426713511123405e-01, 4.959236204571245143e-01, 1.111957734457401648e-01, 2.097379347460230359e-01
1.831741775904311142e-01, 4.958662815533108059e-01, 1.111811369101178143e-01, 2.097784039461403627e-01
1.832057078869383238e-01, 4.958088918748585483e-01, 1.111665056759449793e-01, 2.098188945622581347e-01
1.832372622364638604e-01, 4.957514514378149606e-01, 1.111518797411602116e-01, 2.098594065845609535e-01
1.832688406348272070e-01, 4.956939602582495774e-01, 1.111372591037024099e-01, 2.098999400032207918e-01
1.833004430778371330e-01, 4.956364183522551370e-01, 1.111226437615105977e-01, 2.099404948083970768e-01
1.833320695612922213e-01, 4.955788257359468596e-01, 1.111080337125240070e-01, 2.099810709902369121e-01
1.833637200809801748e-01, 4.955211824254631137e-01, 1.110934289546820913e-01, 2.100216685388745508e-01
1.833953946326783990e-01, 4.954634884369648051e-01, 1.110788294859246100e-01, 2.100622874444320887e-01
1.834270932121537245e-01, 4.954057437866359326e-01, 1.110642353041914887e-01, 2.101029276970189097e-01
1.834588158151623238e-01, 4.953479484906828101e-01, 1.110496464074228473e-01, 2.101435892867319355e-01
1.834905624374498778e-01, 4.952901025653355660e-01, 1.110350627935590556e-01, 2.101842722036554867e-01
1.835223330747517423e-01, 4.952322060268458670e-01, 1.110204844605408303e-01, 2.102249764378616437e-01
1.835541277227923096e-01, 4.951742588914892496e-01, 1.110059114063089297e-01, 2.102657019794094972e-01
1.835859463772858413e-01, 4.951162611755632881e-01, 1.109913436288045285e-01, 2.103064488183462033e-01
1.836177890339357743e-01, 4.950582128953892047e-01, 1.109767811259689818e-01, 2.103472169447059836e-01
1.836496556884351650e-01, 4.950001140673103706e-01, 1.109622238957437973e-01, 2.103880063485107088e-01
1.836815463364663559e-01, 4.949419647076930828e-01, 1.109476719360708574e-01, 2.104288170197697594e-01
1.837134609737012259e-01, 4.948837648329267314e-01, 1.109331252448921973e-01, 2.104696489484798871e-01
1.837453995958010788e-01, 4.948255144594232435e-01, 1.109185838201502128e-01, 2.105105021246255204e-01
1.837773621984165884e-01, 4.947672136036174728e-01, 1.109040476597874386e-01, 2.105513765381784030e-01
1.838093487771880752e-01, 4.947088622819672543e-01, 1.108895167617467842e-01, 2.105922721790979835e-01
1.838413593277448965e-01, 4.946504605109528496e-01, 1.108749911239712699e-01, 2.106331890373308591e-01
1.838733938457063066e-01, 4.945920083070777795e-01, 1.108604707444043186e-01, 2.106741271028116369e-01
1.839054523266806518e-01, 4.945335056868678247e-01, 1.108459556209895336e-01, 2.107150863654619344e-01
1.839375347662657589e-01, 4.944749526668724138e-01, 1.108314457516708373e-01, 2.107560668151911010e-01
1.839696411600488801e-01, 4.944163492636626800e-01, 1.108169411343923327e-01, 2.107970684418959684e-01
1.840017715036068036e-01, 4.943576954938337931e-01, 1.108024417670985112e-01, 2.108380912354608228e-01
1.840339257925056038e-01, 4.942989913740027386e-01, 1.107879476477340724e-01, 2.108791351857575436e-01
1.840661040223007527e-01, 4.942402369208098722e-01, 1.107734587742439797e-01, 2.109202002826453815e-01
1.840983061885371752e-01, 4.941814321509180874e-01, 1.107589751445735016e-01, 2.109612865159710970e-01
1.841305322867493599e-01, 4.941225770810132589e-01, 1.107444967566681981e-01, 2.110023938755691553e-01
1.841627823124608043e-01, 4.940636717278039658e-01, 1.107300236084738654e-01, 2.110435223512613645e-01
1.841950562611847364e-01, 4.940047161080216021e-01, 1.107155556979367156e-01, 2.110846719328569043e-01
1.842273541284237259e-01, 4.939457102384204878e-01, 1.107010930230030304e-01, 2.111258426101527697e-01
1.842596759096696291e-01, 4.938866541357776474e-01, 1.106866355816195635e-01, 2.111670343729332711e-01
1.842920216004037270e-01, 4.938275478168928090e-01, 1.106721833717332626e-01, 2.112082472109701181e-01
1.843243911960968096e-01, 4.937683912985888490e-01, 1.106577363912914780e-01, 2.112494811140229189e-01
1.843567846922088138e-01, 4.937091845977109594e-01, 1.106432946382417126e-01, 2.112907360718383476e-01
1.843892020841893520e-01, 4.936499277311277023e-01, 1.106288581105319552e-01, 2.113320120741509489e-01
1.844216433674771838e-01, 4.935906207157298997e-01, 1.106144268061102914e-01, 2.113733091106824724e-01
1.844541085375005218e-01, 4.935312635684316329e-01, 1.106000007229252652e-01, 2.114146271711424274e-01
1.844865975896770038e-01, 4.934718563061695207e-01, 1.105855798589256977e-01, 2.114559662452277500e-01
1.845191105194135817e-01, 4.934123989459030524e-01, 1.105711642120606603e-01, 2.114973263226227473e-01
1.845516473221065212e-01, 4.933528915046143659e-01, 1.105567537802795708e-01, 2.115387073929995143e-01
1.845842079931416246e-01, 4.932933339993087474e-01, 1.105423485615322082e-01, 2.115801094460174614e-01
1.846167925278938693e-01, 4.932337264470138538e-01, 1.105279485537686013e-01, 2.116215324713236479e-01
1.846494009217277132e-01, 4.931740688647805460e-01, 1.105135537549391395e-01, 2.116629764585525320e-01
1.846820331699970397e-01, 4.931143612696823886e-01, 1.104991641629945592e-01, 2.117044413973261374e-01
1.847146892680447405e-01, 4.930546036788153730e-01, 1.104847797758858469e-01, 2.117459272772540257e-01
1.847473692112035215e-01, 4.929947961092989162e-01, 1.104704005915643356e-01, 2.117874340879333239e-01
1.847800729947952081e-01, 4.929349385782744730e-01, 1.104560266079817887e-01, 2.118289618189485857e-01
1.848128006141308843e-01, 4.928750311029069797e-01, 1.104416578230901780e-01, 2.118705104598719857e-01
1.848455520645111705e-01, 4.928150737003839654e-01, 1.104272942348418635e-01, 2.119120800002631255e-01
1.848783273412259176e-01, 4.927550663879152193e-01, 1.104129358411895107e-01, 2.119536704296691998e-01
1.849111264395543741e-01, 4.926950091827344003e-01, 1.103985826400862014e-01, 2.119952817376249965e-01
1.849439493547650748e-01, 4.926349021020968721e-01, 1.103842346294852533e-01, 2.120369139136527026e-01
1.849767960821159241e-01, 4.925747451632814244e-01, 1.103698918073404561e-01, 2.120785669472621260e-01
1.850096666168541681e-01, 4.925145383835894952e-01, 1.103555541716058352e-01, 2.121202408279505569e-01
1.850425609542163397e-01, 4.924542817803450601e-01, 1.103412217202357909e-01, 2.121619355452027955e-01
1.850754790894283408e-01, 4.923939753708952982e-01, 1.103268944511851396e-01, 2.122036510884912630e-01
1.851084210177053602e-01, 4.923336191726097599e-01, 1.103125723624089755e-01, 2.122453874472758351e-01
1.851413867342519559e-01, 4.922732132028812546e-01, 1.102982554518627534e-01, 2.122871446110040916e-01
1.851743762342619726e-01, 4.922127574791247406e-01, 1.102839437175023307e-01, 2.123289225691108728e-01
1.852073895129185410e-01, 4.921522520187786576e-01, 1.102696371572839396e-01, 2.123707213110188619e-01
1.852404265653943005e-01, 4.920916968393036495e-01, 1.102553357691641173e-01, 2.124125408261379744e-01
1.852734873868509269e-01, 4.920310919581833420e-01, 1.102410395510998037e-01, 2.124543811038659413e-01
1.853065719724394933e-01, 4.919704373929242314e-01, 1.102267485010483550e-01, 2.124962421335879204e-01
1.853396803173005536e-01, 4.919097331610555734e-01, 1.102124626169673077e-01, 2.125381239046765791e-01
1.853728124165637536e-01, 4.918489792801291616e-01, 1.101981818968147814e-01, 2.125800264064922063e-01
1.854059682653481644e-01, 4.917881757677200483e-01, 1.101839063385492701e-01, 2.126219496283826282e-01
1.854391478587620323e-01, 4.917273226414253240e-01, 1.101696359401294623e-01, 2.126638935596831537e-01
1.854723511919031398e-01, 4.916664199188655049e-01, 1.101553706995146154e-01, 2.127058581897166845e-01
1.855055782598583058e-01, 4.916054676176837002e-01, 1.101411106146642921e-01, 2.127478435077938268e-01
1.855388290577038024e-01, 4.915444657555455010e-01, 1.101268556835383605e-01, 2.127898495032123916e-01
1.855721035805050767e-01, 4.914834143501396468e-01, 1.101126059040972160e-01, 2.128318761652581159e-01
1.856054018233169733e-01, 4.914223134191773590e-01, 1.100983612743016010e-01, 2.128739234832040805e-01
1.856387237811835955e-01, 4.913611629803927849e-01, 1.100841217921126880e-01, 2.129159914463109871e-01
1.856720694491383050e-01, 4.912999630515427207e-01, 1.100698874554919132e-01, 2.129580800438270471e-01
1.857054388222037777e-01, 4.912387136504068885e-01, 1.100556582624012264e-01, 2.130001892649881490e-01
1.857388318953919482e-01, 4.911774147947874924e-01, 1.100414342108029242e-01, 2.130423190990176352e-01
1.857722486637039816e-01, 4.911160665025098293e-01, 1.100272152986597196e-01, 2.130844695351264417e-01
1.858056891221304407e-01, 4.910546687914216779e-01, 1.100130015239347975e-01, 2.131266405625131255e-01
1.858391532656510359e-01, 4.909932216793935766e-01, 1.099987928845916479e-01, 2.131688321703638089e-01
1.858726410892347636e-01, 4.909317251843189900e-01, 1.099845893785942053e-01, 2.132110443478519857e-01
1.859061525878399901e-01, 4.908701793241141420e-01, 1.099703910039068755e-01, 2.132532770841390757e-01
1.859396877564142569e-01, 4.908085841167176833e-01, 1.099561977584943284e-01, 2.132955303683737036e-01
1.859732465898944476e-01, 4.907469395800911904e-01, 1.099420096403218028e-01, 2.133378041896923649e-01
1.860068290832066762e-01, 4.906852457322193328e-01, 1.099278266473550092e-01, 2.133800985372190373e-01
1.860404352312661214e-01, 4.906235025911089287e-01, 1.099136487775597831e-01, 2.134224134000651807e-01
1.860740650289774978e-01, 4.905617101747898334e-01, 1.098994760289027095e-01, 2.134647487673299038e-01
1.861077184712347232e-01, 4.904998685013146065e-01, 1.098853083993505814e-01, 2.135071046280999085e-01
1.861413955529209741e-01, 4.904379775887587889e-01, 1.098711458868707747e-01, 2.135494809714495734e-01
1.861750962689083799e-01, 4.903760374552200707e-01, 1.098569884894309845e-01, 2.135918777864406481e-01
1.862088206140587177e-01, 4.903140481188193456e-01, 1.098428362049993917e-01, 2.136342950621226144e-01
1.862425685832228006e-01, 4.902520095977000447e-01, 1.098286890315446074e-01, 2.136767327875325195e-01
1.862763401712408395e-01, 4.901899219100285254e-01, 1.098145469670356866e-01, 2.137191909516950317e-01
1.863101353729420262e-01, 4.901277850739935715e-01, 1.098004100094420454e-01, 2.137616695436223568e-01
1.863439541831450608e-01, 4.900655991078069484e-01, 1.097862781567337243e-01, 2.138041685523143220e-01
1.863777965966577355e-01, 4.900033640297029036e-01, 1.097721514068810272e-01, 2.138466879667582921e-01
1.864116626082771289e-01, 4.899410798579387771e-01, 1.097580297578547442e-01, 2.138892277759294192e-01
1.864455522127894394e-01, 4.898787466107941690e-01, 1.097439132076262203e-01, 2.139317879687902269e-01
1.864794654049703460e-01, 4.898163643065717165e-01, 1.097298017541671611e-01, 2.139743685342908042e-01
1.865134021795844532e-01, 4.897539329635965943e-01, 1.097156953954496750e-01, 2.140169694613692775e-01
1.865473625313858463e-01, 4.896914526002168477e-01, 1.097015941294464808e-01, 2.140595907389508668e-01
1.865813464551176470e-01, 4.896289232348030040e-01, 1.096874979541306583e-01, 2.141022323559486351e-01
1.866153539455124022e-01, 4.895663448857486277e-01, 1.096734068674756896e-01, 2.141448943012632666e-01
1.866493849972916674e-01, 4.895037175714696542e-01, 1.096593208674556952e-01, 2.141875765637830942e-01
1.866834396051663125e-01, 4.894410413104047786e-01, 1.096452399520450732e-01, 2.142302791323837940e-01
1.867175177638364658e-01, 4.893783161210156774e-01, 1.096311641192188463e-01, 2.142730019959290522e-01
1.867516194679913755e-01, 4.893155420217863982e-01, 1.096170933669523839e-01, 2.143157451432698424e-01
1.867857447123096315e-01, 4.892527190312237484e-01, 1.096030276932216524e-01, 2.143585085632450093e-01
1.868198934914588050e-01, 4.891898471678574611e-01, 1.095889670960029649e-01, 2.144012922446807967e-01
1.868540658000959753e-01, 4.891269264502395298e-01, 1.095749115732732176e-01, 2.144440961763913467e-01
1.868882616328672586e-01, 4.890639568969450401e-01, 1.095608611230096813e-01, 2.144869203471780894e-01
1.869224809844078905e-01, 4.890009385265717823e-01, 1.095468157431902512e-01, 2.145297647458302148e-01
1.869567238493425043e-01, 4.889378713577396396e-01, 1.095327754317931557e-01, 2.145726293611246727e-01
1.869909902222847975e-01, 4.888747554090919767e-01, 1.095187401867972476e-01, 2.146155141818260337e-01
1.870252800978377261e-01, 4.888115906992941406e-01, 1.095047100061817547e-01, 2.146584191966862676e-01
1.870595934705935048e-01, 4.887483772470347376e-01, 1.094906848879265149e-01, 2.147013443944453259e-01
1.870939303351333571e-01, 4.886851150710246339e-01, 1.094766648300116857e-01, 2.147442897638303649e-01
1.871282906860277928e-01, 4.886218041899973996e-01, 1.094626498304181045e-01, 2.147872552935566337e-01
1.871626745178366080e-01, 4.885584446227098088e-01, 1.094486398871270388e-01, 2.148302409723266693e-01
1.871970818251086632e-01, 4.884950363879402291e-01, 1.094346349981202005e-01, 2.148732467888309072e-01
1.872315126023821052e-01, 4.884315795044908426e-01, 1.094206351613798978e-01, 2.149162727317472654e-01
1.872659668441841452e-01, 4.883680739911856472e-01, 1.094066403748888833e-01, 2.149593187897413382e-01
1.873004445450311972e-01, 4.883045198668717890e-01, 1.093926506366304369e-01, 2.150023849514664798e-01
1.873349456994290452e-01, 4.882409171504189516e-01, 1.093786659445883380e-01, 2.150454712055636097e-01
1.873694703018724539e-01, 4.881772658607194670e-01, 1.093646862967469213e-01, 2.150885775406612965e-01
1.874040183468452803e-01, 4.881135660166880386e-01, 1.093507116910909099e-01, 2.151317039453757851e-01
1.874385898288208063e-01, 4.880498176372624064e-01, 1.093367421256057903e-01, 2.151748504083109692e-01
1.874731847422614894e-01, 4.879860207414029039e-01, 1.093227775982773126e-01, 2.152180169180584191e-01
1.875078030816186014e-01, 4.879221753480921242e-01, 1.093088181070918513e-01, 2.152612034631973537e-01
1.875424448413329781e-01, 4.878582814763359199e-01, 1.092948636500363779e-01, 2.153044100322947796e-01
1.875771100158344917e-01, 4.877943391451622368e-01, 1.092809142250982524e-01, 2.153476366139051301e-01
1.876117985995420789e-01, 4.877303483736216694e-01, 1.092669698302654591e-01, 2.153908831965707371e-01
1.876465105868639904e-01, 4.876663091807880712e-01, 1.092530304635264682e-01, 2.154341497688214424e-01
1.876812459721975967e-01, 4.876022215857571118e-01, 1.092390961228703467e-01, 2.154774363191749864e-01
1.877160047499293050e-01, 4.875380856076476088e-01, 1.092251668062865499e-01, 2.155207428361364530e-01
1.877507869144348363e-01, 4.874739012656008064e-01, 1.092112425117653246e-01, 2.155640693081989911e-01
1.877855924600790316e-01, 4.874096685787805971e-01, 1.091973232372972086e-01, 2.156074157238431765e-01
1.878204213812158518e-01, 4.873453875663735224e-01, 1.091834089808733504e-01, 2.156507820715372614e-01
1.878552736721884053e-01, 4.872810582475887720e-01, 1.091694997404855649e-01, 2.156941683397373133e-01
1.878901493273290590e-01, 4.872166806416577400e-01, 1.091555955141260553e-01, 2.157375745168870762e-01
1.879250483409591610e-01, 4.871522547678351911e-01, 1.091416962997876910e-01, 2.157810005914179152e-01
1.879599707073893733e-01, 4.870877806453978720e-01, 1.091278020954637995e-01, 2.158244465517489274e-01
1.879949164209194223e-01, 4.870232582936452337e-01, 1.091139128991483326e-01, 2.158679123862869975e-01
1.880298854758381266e-01, 4.869586877318996532e-01, 1.091000287088357557e-01, 2.159113980834266033e-01
1.880648778664234799e-01, 4.868940689795055454e-01, 1.090861495225211031e-01, 2.159549036315498438e-01
1.880998935869428457e-01, 4.868294020558305291e-01, 1.090722753381999921e-01, 2.159984290190267164e-01
1.881349326316522630e-01, 4.867646869802643717e-01, 1.090584061538685950e-01, 2.160419742342148119e-01
1.881699949947973349e-01, 4.866999237722194893e-01, 1.090445419675236394e-01, 2.160855392654595641e-01
1.882050806706125901e-01, 4.866351124511311688e-01, 1.090306827771623799e-01, 2.161291241010938891e-01
1.882401896533217878e-01, 4.865702530364567902e-01, 1.090168285807827653e-01, 2.161727287294387123e-01
1.882753219371376963e-01, 4.865053455476766597e-01, 1.090029793763831745e-01, 2.162163531388023585e-01
1.883104775162624256e-01, 4.864403900042937878e-01, 1.089891351619626247e-01, 2.162599973174811341e-01
1.883456563848870113e-01, 4.863753864258332782e-01, 1.089752959355207163e-01, 2.163036612537589110e-01
1.883808585371917477e-01, 4.863103348318432717e-01, 1.089614616950576598e-01, 2.163473449359074596e-01
1.884160839673458543e-01, 4.862452352418938917e-01, 1.089476324385741379e-01, 2.163910483521860884e-01
1.884513326695079760e-01, 4.861800876755784651e-01, 1.089338081640715272e-01, 2.164347714908420039e-01
1.884866046378256832e-01, 4.861148921525126898e-01, 1.089199888695517454e-01, 2.164785143401099510e-01
1.885218998664356937e-01, 4.860496486923344128e-01, 1.089061745530172792e-01, 2.165222768882126281e-01
1.885572183494639564e-01, 4.859843573147044626e-01, 1.088923652124712399e-01, 2.165660591233603827e-01
1.885925600810252900e-01, 4.859190180393060388e-01, 1.088785608459173215e-01, 2.166098610337512387e-01
1.886279250552240494e-01, 4.858536308858449893e-01, 1.088647614513598288e-01, 2.166536826075711464e-01
1.886633132661531820e-01, 4.857881958740495332e-01, 1.088509670268035939e-01, 2.166975238329936215e-01
1.886987247078952268e-01, 4.857227130236706492e-01, 1.088371775702541289e-01, 2.167413846981799952e-01
1.887341593745214818e-01, 4.856571823544816313e-01, 1.088233930797175425e-01, 2.167852651912793582e-01
1.887696172600926703e-01, 4.855916038862782003e-01, 1.088096135532004849e-01, 2.168291653004285890e-01
1.888050983586582188e-01, 4.855259776388791138e-01, 1.087958389887102445e-01, 2.168730850137523536e-01
1.888406026642571733e-01, 4.854603036321250564e-01, 1.087820693842547620e-01, 2.169170243193629943e-01
1.888761301709172558e-01, 4.853945818858796390e-01, 1.087683047378425610e-01, 2.169609832053606691e-01
1.889116808726555297e-01, 4.853288124200287323e-01, 1.087545450474826647e-01, 2.170049616598332121e-01
1.889472547634779842e-01, 4.852629952544806891e-01, 1.087407903111848734e-01, 2.170489596708563840e-01
1.889828518373799782e-01, 4.851971304091667325e-01, 1.087270405269596257e-01, 2.170929772264937330e-01
1.890184720883457681e-01, 4.851312179040401240e-01, 1.087132956928177213e-01, 2.171370143147963450e-01
1.890541155103487025e-01, 4.850652577590770509e-01, 1.086995558067708895e-01, 2.171810709238033710e-01
1.890897820973513610e-01, 4.849992499942757385e-01, 1.086858208668313314e-01, 2.172251470415416663e-01
1.891254718433051929e-01, 4.849331946296572271e-01, 1.086720908710118449e-01, 2.172692426560256795e-01
1.891611847421511006e-01, 4.848670916852650392e-01, 1.086583658173259498e-01, 2.173133577552578133e-01
1.891969207878188286e-01, 4.848009411811649016e-01, 1.086446457037877344e-01, 2.173574923272284798e-01
1.892326799742271581e-01, 4.847347431374454119e-01, 1.086309305284119398e-01, 2.174016463599154347e-01
1.892684622952841567e-01, 4.846684975742172607e-01, 1.086172202892139310e-01, 2.174458198412845544e-01
1.893042677448868727e-01, 4.846022045116138988e-01, 1.086035149842097536e-01, 2.174900127592894195e-01
1.893400963169215578e-01, 4.845358639697910363e-01, 1.085898146114159940e-01, 2.175342251018713702e-01
1.893759480052633060e-01, 4.844694759689270325e-01, 1.085761191688500021e-01, 2.175784568569597566e-01
1.894118228037765805e-01, 4.844030405292222841e-01, 1.085624286545296691e-01, 2.176227080124714108e-01
1.894477207063146873e-01, 4.843365576709004472e-01, 1.085487430664735520e-01, 2.176669785563113135e-01
1.894836417067202738e-01, 4.842700274142066608e-01, 1.085350624027009298e-01, 2.177112684763720385e-01
1.895195857988249133e-01, 4.842034497794093784e-01, 1.085213866612317196e-01, 2.177555777605340304e-01
1.895555529764492153e-01, 4.841368247867987584e-01, 1.085077158400863523e-01, 2.177999063966656879e-01
1.895915432334029094e-01, 4.840701524566878855e-01, 1.084940499372860218e-01, 2.178442543726230862e-01
1.896275565634849281e-01, 4.840034328094121596e-01, 1.084803889508526575e-01, 2.178886216762501715e-01
1.896635929604831572e-01, 4.839366658653294073e-01, 1.084667328788087165e-01, 2.179330082953787606e-01
1.896996524181746302e-01, 4.838698516448196596e-01, 1.084530817191773217e-01, 2.179774142178284857e-01
1.897357349303252783e-01, 4.838029901682855405e-01, 1.084394354699823176e-01, 2.180218394314067942e-01
1.897718404906904022e-01, 4.837360814561522671e-01, 1.084257941292482152e-01, 2.180662839239090323e-01
1.898079690930141727e-01, 4.836691255288672053e-01, 1.084121576950001775e-01, 2.181107476831183611e-01
1.898441207310298806e-01, 4.836021224069004254e-01, 1.083985261652640197e-01, 2.181552306968057853e-01
1.898802953984598807e-01, 4.835350721107435912e-01, 1.083848995380661956e-01, 2.181997329527302354e-01
1.899164930890156477e-01, 4.834679746609121809e-01, 1.083712778114339775e-01, 2.182442544386383465e-01
1.899527137963975543e-01, 4.834008300779423783e-01, 1.083576609833951238e-01, 2.182887951422647355e-01
1.899889575142953424e-01, 4.833336383823944593e-01, 1.083440490519782390e-01, 2.183333550513319732e-01
1.900252242363875688e-01, 4.832663995948496827e-01, 1.083304420152124831e-01, 2.183779341535502239e-01
1.900615139563419376e-01, 4.831991137359124000e-01, 1.083168398711277375e-01, 2.184225324366177445e-01
1.900978266678152728e-01, 4.831317808262093338e-01, 1.083032426177546331e-01, 2.184671498882206353e-01
1.901341623644534073e-01, 4.830644008863893002e-01, 1.082896502531244393e-01, 2.185117864960328948e-01
1.901705210398911827e-01, 4.829969739371235415e-01, 1.082760627752690913e-01, 2.185564422477161983e-01
1.902069026877525326e-01, 4.829294999991057824e-01, 1.082624801822211630e-01, 2.186011171309204526e-01
1.902433073016505383e-01, 4.828619790930522293e-01, 1.082489024720141302e-01, 2.186458111332830467e-01
1.902797348751873729e-01, 4.827944112397009047e-01, 1.082353296426819683e-01, 2.186905242424296847e-01
1.903161854019540244e-01, 4.827267964598128680e-01, 1.082217616922593745e-01, 2.187352564459736082e-01
1.903526588755307669e-01, 4.826591347741712168e-01, 1.082081986187818229e-01, 2.187800077315162628e-01
1.903891552894868000e-01, 4.825914262035809754e-01, 1.081946404202854539e-01, 2.188247780866466596e-01
1.904256746373804710e-01, 4.825236707688702054e-01, 1.081810870948071157e-01, 2.188695674989420970e-01
1.904622169127592468e-01, 4.824558684908890616e-01, 1.081675386403843503e-01, 2.189143759559674385e-01
1.904987821091593259e-01, 4.823880193905095703e-01, 1.081539950550554074e-01, 2.189592034452756131e-01
1.905353702201063038e-01, 4.823201234886267397e-01, 1.081404563368592586e-01, 2.190040499544075592e-01
1.905719812391148127e-01, 4.822521808061575599e-01, 1.081269224838355969e-01, 2.190489154708920305e-01
1.906086151596882161e-01, 4.821841913640412258e-01, 1.081133934940248370e-01, 2.190937999822456239e-01
1.906452719753193026e-01, 4.821161551832394698e-01, 1.080998693654680459e-01, 2.191387034759731400e-01
1.906819516794896752e-01, 4.820480722847363397e-01, 1.080863500962071094e-01, 2.191836259395668618e-01
1.907186542656700845e-01, 4.819799426895378658e-01, 1.080728356842845517e-01, 2.192285673605074425e-01
1.907553797273202900e-01, 4.819117664186726158e-01, 1.080593261277436878e-01, 2.192735277262633231e-01
1.907921280578890877e-01, 4.818435434931916395e-01, 1.080458214246284715e-01, 2.193185070242907875e-01
1.908288992508144488e-01, 4.817752739341676360e-01, 1.080323215729836889e-01, 2.193635052420341847e-01
1.908656932995231592e-01, 4.817069577626961752e-01, 1.080188265708548340e-01, 2.194085223669258455e-01
1.909025101974312078e-01, 4.816385949998950311e-01, 1.080053364162879975e-01, 2.194535583863858885e-01
1.909393499379435921e-01, 4.815701856669036829e-01, 1.079918511073302279e-01, 2.194986132878224694e-01
1.909762125144543188e-01, 4.815017297848847022e-01, 1.079783706420291145e-01, 2.195436870586318090e-01
1.910130979203465140e-01, 4.814332273750223656e-01, 1.079648950184331074e-01, 2.195887796861980545e-01
1.910500061489922574e-01, 4.813646784585231542e-01, 1.079514242345913366e-01, 2.196338911578931408e-01
1.910869371937528316e-01, 4.812960830566161974e-01, 1.079379582885537231e-01, 2.196790214610772063e-01
1.911238910479783337e-01, 4.812274411905526073e-01, 1.079244971783708679e-01, 2.197241705830982605e-01
1.911608677050079808e-01, 4.811587528816055337e-01, 1.079110409020942046e-01, 2.197693385112922670e-01
1.911978671581701095e-01, 4.810900181510708307e-01, 1.078975894577758332e-01, 2.198145252329832822e-01
1.912348894007819544e-01, 4.810212370202661680e-01, 1.078841428434686167e-01, 2.198597307354831776e-01
1.912719344261500365e-01, 4.809524095105316421e-01, 1.078707010572262787e-01, 2.199049550060921399e-01
1.913090022275695246e-01, 4.808835356432294983e-01, 1.078572640971031532e-01, 2.199501980320978101e-01
1.913460927983250126e-01, 4.808146154397442973e-01, 1.078438319611543933e-01, 2.199954598007763940e-01
1.913832061316898259e-01, 4.807456489214824158e-01, 1.078304046474359151e-01, 2.200407402993918016e-01
1.914203422209265759e-01, 4.806766361098729345e-01, 1.078169821540044537e-01, 2.200860395151960913e-01
1.914575010592866611e-01, 4.806075770263668612e-01, 1.078035644789173686e-01, 2.201313574354291092e-01
1.914946826400106550e-01, 4.805384716924374078e-01, 1.077901516202329213e-01, 2.201766940473189882e-01
1.915318869563283066e-01, 4.804693201295799909e-01, 1.077767435760100673e-01, 2.202220493380816491e-01
1.915691140014580407e-01, 4.804001223593121206e-01, 1.077633403443085530e-01, 2.202674232949212718e-01
1.916063637686076238e-01, 4.803308784031737333e-01, 1.077499419231889022e-01, 2.203128159050298795e-01
1.916436362509736091e-01, 4.802615882827264704e-01, 1.077365483107123878e-01, 2.203582271555875050e-01
1.916809314417418364e-01, 4.801922520195546218e-01, 1.077231595049411433e-01, 2.204036570337624401e-01
1.917182493340869598e-01, 4.801228696352642378e-01, 1.077097755039379268e-01, 2.204491055267108479e-01
1.917555899211726977e-01, 4.800534411514838506e-01, 1.076963963057664120e-01, 2.204945726215768731e-01
1.917929531961520273e-01, 4.799839665898638641e-01, 1.076830219084910639e-01, 2.205400583054929475e-01
1.918303391521666013e-01, 4.799144459720771638e-01, 1.076696523101770275e-01, 2.205855625655793462e-01
1.918677477823472477e-01, 4.798448793198181184e-01, 1.076562875088903221e-01, 2.206310853889444090e-01
1.919051790798138590e-01, 4.797752666548038558e-01, 1.076429275026976468e-01, 2.206766267626847078e-01
1.919426330376753642e-01, 4.797056079987732091e-01, 1.076295722896666446e-01, 2.207221866738846849e-01
1.919801096490297843e-01, 4.796359033734876043e-01, 1.076162218678656524e-01, 2.207677651096170146e-01
1.920176089069638714e-01, 4.795661528007300056e-01, 1.076028762353638257e-01, 2.208133620569422695e-01
1.920551308045536643e-01, 4.794963563023059150e-01, 1.075895353902311113e-01, 2.208589775029092817e-01
1.920926753348641824e-01, 4.794265139000426501e-01, 1.075761993305382747e-01, 2.209046114345549483e-01
1.921302424909493989e-01, 4.793566256157897332e-01, 1.075628680543568721e-01, 2.209502638389040097e-01
1.921678322658524063e-01, 4.792866914714187243e-01, 1.075495415597592652e-01, 2.209959347029695764e-01
1.922054446526051674e-01, 4.792167114888234436e-01, 1.075362198448186202e-01, 2.210416240137528243e-01
1.922430796442288481e-01, 4.791466856899193605e-01, 1.075229029076089082e-01, 2.210873317582428832e-01
1.922807372337335119e-01, 4.790766140966446485e-01, 1.075095907462048916e-01, 2.211330579234170868e-01
1.923184174141182312e-01, 4.790064967309587973e-01, 1.074962833586821653e-01, 2.211788024962408616e-01
1.923561201783712260e-01, 4.789363336148438344e-01, 1.074829807431171708e-01, 2.212245654636676995e-01
1.923938455194696140e-01, 4.788661247703038248e-01, 1.074696828975871543e-01, 2.212703468126394346e-01
1.924315934303796605e-01, 4.787958702193647609e-01, 1.074563898201701256e-01, 2.213161465300855779e-01
1.924693639040563620e-01, 4.787255699840743950e-01, 1.074431015089449132e-01, 2.213619646029241772e-01
1.925071569334441679e-01, 4.786552240865032393e-01, 1.074298179619912752e-01, 2.214078010180613454e-01
1.925449725114761479e-01, 4.785848325487430666e-01, 1.074165391773896638e-01, 2.214536557623911217e-01
1.925828106310746579e-01, 4.785143953929080762e-01, 1.074032651532214611e-01, 2.214995288227957493e-01
1.926206712851508962e-01, 4.784439126411343390e-01, 1.073899958875688121e-01, 2.215454201861459527e-01
1.926585544666051808e-01, 4.783733843155799637e-01, 1.073767313785147087e-01, 2.215913298393000774e-01
1.926964601683268941e-01, 4.783028104384250967e-01, 1.073634716241430309e-01, 2.216372577691049783e-01
1.927343883831942051e-01, 4.782321910318717006e-01, 1.073502166225383803e-01, 2.216832039623957140e-01
1.927723391040745970e-01, 4.781615261181440535e-01, 1.073369663717863159e-01, 2.217291684059951584e-01
1.928103123238243399e-01, 4.780908157194879715e-01, 1.073237208699731327e-01, 2.217751510867146669e-01
1.928483080352888235e-01, 4.780200598581716975e-01, 1.073104801151859855e-01, 2.218211519913534380e-01
1.928863262313025295e-01, 4.779492585564850682e-01, 1.072972441055129872e-01, 2.218671711066994567e-01
1.929243669046887266e-01, 4.778784118367402356e-01, 1.072840128390429304e-01, 2.219132084195281907e-01
1.929624300482599697e-01, 4.778075197212707792e-01, 1.072707863138656209e-01, 2.219592639166037273e-01
1.930005156548174616e-01, 4.777365822324328160e-01, 1.072575645280714890e-01, 2.220053375846781918e-01
1.930386237171519970e-01, 4.776655993926040566e-01, 1.072443474797520613e-01, 2.220514294104918851e-01
1.930767542280427684e-01, 4.775945712241840835e-01, 1.072311351669995722e-01, 2.220975393807734788e-01
1.931149071802583939e-01, 4.775234977495948496e-01, 1.072179275879071442e-01, 2.221436674822396817e-01
1.931530825665563056e-01, 4.774523789912796246e-01, 1.072047247405687742e-01, 2.221898137015953789e-01
1.931912803796830558e-01, 4.773812149717040487e-01, 1.071915266230792779e-01, 2.222359780255337980e-01
1.932295006123740944e-01, 4.773100057133552454e-01, 1.071783332335343314e-01, 2.222821604407362872e-01
1.932677432573541576e-01, 4.772387512387428199e-01, 1.071651445700306099e-01, 2.223283609338725098e-01
1.933060083073365465e-01, 4.771674515703976938e-01, 1.071519606306654132e-01, 2.223745794916003604e-01
1.933442957550239871e-01, 4.770961067308731041e-01, 1.071387814135371097e-01, 2.224208161005657991e-01
1.933826055931080479e-01, 4.770247167427437707e-01, 1.071256069167448588e-01, 2.224670707474032672e-01
1.934209378142692226e-01, 4.769532816286068400e-01, 1.071124371383886525e-01, 2.225133434187352155e-01
1.934592924111773193e-01, 4.768818014110806081e-01, 1.070992720765694683e-01, 2.225596341011725487e-01
1.934976693764908218e-01, 4.768102761128057976e-01, 1.070861117293890330e-01, 2.226059427813142366e-01
1.935360687028574167e-01, 4.767387057564447805e-01, 1.070729560949501002e-01, 2.226522694457476748e-01
1.935744903829136887e-01, 4.766670903646817448e-01, 1.070598051713561039e-01, 2.226986140810484904e-01
1.936129344092854254e-01, 4.765954299602227495e-01, 1.070466589567115184e-01, 2.227449766737803205e-01
1.936514007745871735e-01, 4.765237245657956699e-01, 1.070335174491216373e-01, 2.227913572104954498e-01
1.936898894714227659e-01, 4.764519742041501971e-01, 1.070203806466926560e-01, 2.228377556777342838e-01
1.937284004923848779e-01, 4.763801788980580598e-01, 1.070072485475316859e-01, 2.228841720620253763e-01
1.937669338300551936e-01, 4.763083386703123590e-01, 1.069941211497466294e-01, 2.229306063498859014e-01
1.938054894770044334e-01, 4.762364535437283442e-01, 1.069809984514463880e-01, 2.229770585278209039e-01
1.938440674257923824e-01, 4.761645235411428034e-01, 1.069678804507406822e-01, 2.230235285823240765e-01
1.938826676689678341e-01, 4.760925486854147293e-01, 1.069547671457402177e-01, 2.230700164998771773e-01
1.939212901990685911e-01, 4.760205289994244304e-01, 1.069416585345564913e-01, 2.231165222669504178e-01
1.939599350086213814e-01, 4.759484645060744201e-01, 1.069285546153019573e-01, 2.231630458700023245e-01
1.939986020901419972e-01, 4.758763552282883613e-01, 1.069154553860899720e-01, 2.232095872954795723e-01
1.940372914361354062e-01, 4.758042011890124545e-01, 1.069023608450347801e-01, 2.232561465298174841e-01
1.940760030390953350e-01, 4.757320024112138279e-01, 1.068892709902514865e-01, 2.233027235594392812e-01
1.941147368915046856e-01, 4.756597589178822583e-01, 1.068761858198562092e-01, 2.233493183707568608e-01
1.941534929858352854e-01, 4.755874707320285055e-01, 1.068631053319659269e-01, 2.233959309501703239e-01
1.941922713145481094e-01, 4.755151378766854231e-01, 1.068500295246984505e-01, 2.234425612840680864e-01
1.942310718700929195e-01, 4.754427603749075693e-01, 1.068369583961726182e-01, 2.234892093588269069e-01
1.942698946449088193e-01, 4.753703382497710406e-01, 1.068238919445081425e-01, 2.235358751608121086e-01
1.943087396314235604e-01, 4.752978715243737495e-01, 1.068108301678255823e-01, 2.235825586763770523e-01
1.943476068220543196e-01, 4.752253602218353690e-01, 1.067977730642466067e-01, 2.236292598918638019e-01
1.943864962092068382e-01, 4.751528043652972211e-01, 1.067847206318935371e-01, 2.236759787936023758e-01
1.944254077852762552e-01, 4.750802039779222774e-01, 1.067716728688898609e-01, 2.237227153679116065e-01
1.944643415426465238e-01, 4.750075590828952699e-01, 1.067586297733598422e-01, 2.237694696010983364e-01
1.945032974736906339e-01, 4.749348697034224132e-01, 1.067455913434287168e-01, 2.238162414794581390e-01
1.945422755707706675e-01, 4.748621358627319600e-01, 1.067325575772226920e-01, 2.238630309892745973e-01
1.945812758262377984e-01, 4.747893575840733682e-01, 1.067195284728688354e-01, 2.239098381168200258e-01
1.946202982324319042e-01, 4.747165348907180782e-01, 1.067065040284951583e-01, 2.239566628483549704e-01
1.946593427816821209e-01, 4.746436678059588465e-01, 1.066934842422306157e-01, 2.240035051701283197e-01
1.946984094663066767e-01, 4.745707563531105233e-01, 1.066804691122051618e-01, 2.240503650683776660e-01
1.947374982786125308e-01, 4.744978005555091083e-01, 1.066674586365496114e-01, 2.240972425293285830e-01
1.947766092108961511e-01, 4.744248004365126947e-01, 1.066544528133957226e-01, 2.241441375391955149e-01
1.948157422554423479e-01, 4.743517560195004701e-01, 1.066414516408762392e-01, 2.241910500841809983e-01
1.948548974045254956e-01, 4.742786673278734932e-01, 1.066284551171248207e-01, 2.242379801504761905e-01
1.948940746504088106e-01, 4.742055343850545279e-01, 1.066154632402760427e-01, 2.242849277242605632e-01
1.949332739853445740e-01, 4.741323572144877652e-01, 1.066024760084655493e-01, 2.243318927917022088e-01
1.949724954015739087e-01, 4.740591358396388788e-01, 1.065894934198297200e-01, 2.243788753389574231e-01
1.950117388913272243e-01, 4.739858702839954141e-01, 1.065765154725061559e-01, 2.244258753521711502e-01
1.950510044468238280e-01, 4.739125605710662881e-01, 1.065635421646331793e-01, 2.244728928174768157e-01
1.950902920602719526e-01, 4.738392067243819006e-01, 1.065505734943501953e-01, 2.245199277209960764e-01
1.951296017238690339e-01, 4.737658087674941343e-01, 1.065376094597974971e-01, 2.245669800488393208e-01
1.951689334298014056e-01, 4.736923667239769098e-01, 1.065246500591163908e-01, 2.246140497871053077e-01
1.952082871702444655e-01, 4.736188806174250754e-01, 1.065116952904491404e-01, 2.246611369218812493e-01
1.952476629373627037e-01, 4.735453504714555728e-01, 1.064987451519389533e-01, 2.247082414392428118e-01
1.952870607233095634e-01, 4.734717763097060494e-01, 1.064857996417299529e-01, 2.247553633252543648e-01
1.953264805202274412e-01, 4.733981581558365237e-01, 1.064728587579674007e-01, 2.248025025659686760e-01
1.953659223202480200e-01, 4.733244960335279417e-01, 1.064599224987973075e-01, 2.248496591474267448e-01
1.954053861154915750e-01, 4.732507899664831208e-01, 1.064469908623668082e-01, 2.248968330556585238e-01
1.954448718980679733e-01, 4.731770399784260284e-01, 1.064340638468239120e-01, 2.249440242766820863e-01
1.954843796600755634e-01, 4.731032460931022809e-01, 1.064211414503177244e-01, 2.249912327965043757e-01
1.955239093936021189e-01, 4.730294083342789779e-01, 1.064082236709981560e-01, 2.250384586011206778e-01
1.955634610907242554e-01, 4.729555267257445905e-01, 1.063953105070163108e-01, 2.250857016765148988e-01
1.956030347435075978e-01, 4.728816012913091837e-01, 1.063824019565240558e-01, 2.251329620086593153e-01
1.956426303440069181e-01, 4.728076320548038614e-01, 1.063694980176744104e-01, 2.251802395835148518e-01
1.956822478842659696e-01, 4.727336190400817095e-01, 1.063565986886212678e-01, 2.252275343870310809e-01
1.957218873563175143e-01, 4.726595622710170752e-01, 1.063437039675195622e-01, 2.252748464051459731e-01
1.957615487521833231e-01, 4.725854617715052886e-01, 1.063308138525252133e-01, 2.253221756237861473e-01
1.958012320638743420e-01, 4.725113175654637732e-01, 1.063179283417950982e-01, 2.253695220288668422e-01
1.958409372833903872e-01, 4.724371296768306583e-01, 1.063050474334871348e-01, 2.254168856062917226e-01
1.958806644027204225e-01, 4.723628981295662221e-01, 1.062921711257602264e-01, 2.254642663419531567e-01
1.959204134138423370e-01, 4.722886229476513376e-01, 1.062792994167741784e-01, 2.255116642217320500e-01
1.959601843087232231e-01, 4.722143041550886933e-01, 1.062664323046899617e-01, 2.255590792314980109e-01
1.959999770793189877e-01, 4.721399417759025718e-01, 1.062535697876693525e-01, 2.256065113571090186e-01
1.960397917175748239e-01, 4.720655358341379060e-01, 1.062407118638753617e-01, 2.256539605844118668e-01
1.960796282154248227e-01, 4.719910863538616108e-01, 1.062278585314717916e-01, 2.257014268992418304e-01
1.961194865647920282e-01, 4.719165933591616402e-01, 1.062150097886235128e-01, 2.257489102874228326e-01
1.961593667575887712e-01, 4.718420568741473753e-01, 1.062021656334964509e-01, 2.257964107347674720e-01
1.961992687857161133e-01, 4.717674769229493470e-01, 1.061893260642575026e-01, 2.258439282270769954e-01
1.962391926410644860e-01, 4.716928535297198466e-01, 1.061764910790745919e-01, 2.258914627501411310e-01
1.962791383155131075e-01, 4.716181867186319265e-01, 1.061636606761166557e-01, 2.259390142897383658e-01
1.963191058009303713e-01, 4.715434765138801221e-01, 1.061508348535535745e-01, 2.259865828316358349e-01
1.963590950891737630e-01, 4.714687229396804513e-01, 1.061380136095563531e-01, 2.260341683615893216e-01
1.963991061720896936e-01, 4.713939260202700265e-01, 1.061251969422969815e-01, 2.260817708653431457e-01
1.964391390415136662e-01, 4.713190857799072764e-01, 1.061123848499484768e-01, 2.261293903286306362e-01
1.964791936892701651e-01, 4.712442022428716681e-01, 1.060995773306847995e-01, 2.261770267371733256e-01
1.965192701071729053e-01, 4.711692754334645405e-01, 1.060867743826810344e-01, 2.262246800766816723e-01
1.965593682870243886e-01, 4.710943053760075494e-01, 1.060739760041131546e-01, 2.262723503328548935e-01
1.965994882206165695e-01, 4.710192920948444439e-01, 1.060611821931584098e-01, 2.263200374913807711e-01
1.966396298997298564e-01, 4.709442356143396236e-01, 1.060483929479948267e-01, 2.263677415379357072e-01
1.966797933161342771e-01, 4.708691359588790259e-01, 1.060356082668015704e-01, 2.264154624581851682e-01
1.967199784615887015e-01, 4.707939931528697386e-01, 1.060228281477588325e-01, 2.264632002377827136e-01
1.967601853278409807e-01, 4.707188072207398877e-01, 1.060100525890478457e-01, 2.265109548623712166e-01
1.968004139066281410e-01, 4.706435781869389157e-01, 1.059972815888508835e-01, 2.265587263175819766e-01
1.968406641896761067e-01, 4.705683060759376368e-01, 1.059845151453512324e-01, 2.266065145890351074e-01
1.968809361687000603e-01, 4.704929909122274045e-01, 1.059717532567331921e-01, 2.266543196623392875e-01
1.969212298354041379e-01, 4.704176327203213881e-01, 1.059589959211822280e-01, 2.267021415230922321e-01
1.969615451814815399e-01, 4.703422315247536845e-01, 1.059462431368847074e-01, 2.267499801568801376e-01
1.970018821986144753e-01, 4.702667873500794293e-01, 1.059334949020281080e-01, 2.267978355492780151e-01
1.970422408784743840e-01, 4.701913002208748527e-01, 1.059207512148009345e-01, 2.268457076858497734e-01
1.970826212127215482e-01, 4.701157701617376672e-01, 1.059080120733927877e-01, 2.268935965521479414e-01
1.971230231930055365e-01, 4.700401971972862358e-01, 1.058952774759942816e-01, 2.269415021337138627e-01
1.971634468109647875e-01, 4.699645813521604043e-01, 1.058825474207970574e-01, 2.269894244160776953e-01
1.972038920582269428e-01, 4.698889226510207795e-01, 1.058698219059938800e-01, 2.270373633847583006e-01
1.972443589264086805e-01, 4.698132211185495066e-01, 1.058571009297785692e-01, 2.270853190252634102e-01
1.972848474071156599e-01, 4.697374767794490480e-01, 1.058443844903459025e-01, 2.271332913230893757e-01
1.973253574919427433e-01, 4.696616896584437928e-01, 1.058316725858918228e-01, 2.271812802637216688e-01
1.973658891724737185e-01, 4.695858597802786694e-01, 1.058189652146132170e-01, 2.272292858326342979e-01
1.974064424402817153e-01, 4.695099871697198113e-01, 1.058062623747082348e-01, 2.272773080152902803e-01
1.974470172869285667e-01, 4.694340718515542243e-01, 1.057935640643759001e-01, 2.273253467971412534e-01
1.974876137039654755e-01, 4.693581138505902306e-01, 1.057808702818164026e-01, 2.273734021636279190e-01
1.975282316829325424e-01, 4.692821131916569133e-01, 1.057681810252309590e-01, 2.274214741001795159e-01
1.975688712153590709e-01, 4.692060698996046164e-01, 1.057554962928219239e-01, 2.274695625922144582e-01
1.976095322927633180e-01, 4.691299839993042231e-01, 1.057428160827925817e-01, 2.275176676251396690e-01
1.976502149066528269e-01, 4.690538555156482103e-01, 1.057301403933474659e-01, 2.275657891843513858e-01
1.976909190485240109e-01, 4.689776844735496497e-01, 1.057174692226921231e-01, 2.276139272552342441e-01
1.977316447098624863e-01, 4.689014708979426516e-01, 1.057048025690330850e-01, 2.276620818231618604e-01
1.977723918821428506e-01, 4.688252148137820874e-01, 1.056921404305780771e-01, 2.277102528734969433e-01
1.978131605568289042e-01, 4.687489162460443115e-01, 1.056794828055358654e-01, 2.277584403915909328e-01
1.978539507253734009e-01, 4.686725752197260508e-01, 1.056668296921163125e-01, 2.278066443627841386e-01
1.978947623792184640e-01, 4.685961917598453486e-01, 1.056541810885303773e-01, 2.278548647724057963e-01
1.979355955097949482e-01, 4.685197658914410646e-01, 1.056415369929900733e-01, 2.279031016057739834e-01
1.979764501085228834e-01, 4.684432976395727644e-01, 1.056288974037084966e-01, 2.279513548481958141e-01
1.980173261668116969e-01, 4.683667870293211077e-01, 1.056162623188998673e-01, 2.279996244849673004e-01
1.980582236760594916e-01, 4.682902340857877377e-01, 1.056036317367795296e-01, 2.280479105013732688e-01
1.980991426276537681e-01, 4.682136388340949473e-01, 1.055910056555638271e-01, 2.280962128826874991e-01
1.981400830129709800e-01, 4.681370012993859575e-01, 1.055783840734702411e-01, 2.281445316141727797e-01
1.981810448233767563e-01, 4.680603215068249723e-01, 1.055657669887174327e-01, 2.281928666810808248e-01
1.982220280502257070e-01, 4.679835994815969569e-01, 1.055531543995250482e-01, 2.282412180686523018e-01
1.982630326848617008e-01, 4.679068352489076377e-01, 1.055405463041138858e-01, 2.282895857621167757e-01
1.983040587186175041e-01, 4.678300288339837798e-01, 1.055279427007058263e-01, 2.283379697466928204e-01
1.983451061428153084e-01, 4.677531802620728540e-01, 1.055153435875239021e-01, 2.283863700075879910e-01
1.983861749487660919e-01, 4.676762895584429813e-01, 1.055027489627921727e-01, 2.284347865299987679e-01
1.984272651277700916e-01, 4.675993567483833213e-01, 1.054901588247359329e-01, 2.284832192991106681e-01
1.984683766711165809e-01, 4.675223818572037948e-01, 1.054775731715814208e-01, 2.285316683000981619e-01
1.985095095700841195e-01, 4.674453649102349173e-01, 1.054649920015561793e-01, 2.285801335181247840e-01
1.985506638159401649e-01, 4.673683059328280209e-01, 1.054524153128886532e-01, 2.286286149383431054e-01
1.985918393999414333e-01, 4.672912049503554766e-01, 1.054398431038086198e-01, 2.286771125458945397e-01
1.986330363133336219e-01, 4.672140619882100832e-01, 1.054272753725467443e-01, 2.287256263259094813e-01
1.986742545473517141e-01, 4.671368770718054564e-01, 1.054147121173350660e-01, 2.287741562635078052e-01
1.987154940932197023e-01, 4.670596502265759731e-01, 1.054021533364065122e-01, 2.288227023437977847e-01
1.987567549421506985e-01, 4.669823814779766602e-01, 1.053895990279952871e-01, 2.288712645518773126e-01
1.987980370853470458e-01, 4.669050708514833614e-01, 1.053770491903366635e-01, 2.289198428728329293e-01
1.988393405139999848e-01, 4.668277183725926260e-01, 1.053645038216669688e-01, 2.289684372917403510e-01
1.988806652192901536e-01, 4.667503240668215425e-01, 1.053519629202238628e-01, 2.290170477936644966e-01
1.989220111923871159e-01, 4.666728879597077939e-01, 1.053394264842459349e-01, 2.290656743636590720e-01
1.989633784244496661e-01, 4.665954100768102686e-01, 1.053268945119729544e-01, 2.291143169867671803e-01
1.990047669066257741e-01, 4.665178904437076723e-01, 1.053143670016458561e-01, 2.291629756480207669e-01
1.990461766300524182e-01, 4.664403290859999718e-01, 1.053018439515067545e-01, 2.292116503324409527e-01
1.990876075858557248e-01, 4.663627260293076726e-01, 1.052893253597987772e-01, 2.292603410250378670e-01
1.991290597651510508e-01, 4.662850812992717087e-01, 1.052768112247662868e-01, 2.293090477108109815e-01
1.991705331590428729e-01, 4.662073949215537749e-01, 1.052643015446547564e-01, 2.293577703747486096e-01
1.992120277586246768e-01, 4.661296669218359945e-01, 1.052517963177108246e-01, 2.294065090018284070e-01
1.992535435549793454e-01, 4.660518973258213626e-01, 1.052392955421822263e-01, 2.294552635770170101e-01
1.992950805391785485e-01, 4.659740861592333583e-01, 1.052267992163178761e-01, 2.295040340852701755e-01
1.993366387022835196e-01, 4.658962334478156109e-01, 1.052143073383678268e-01, 2.295528205115329734e-01
1.993782180353443623e-01, 4.658183392173329551e-01, 1.052018199065832826e-01, 2.296016228407394000e-01
1.994198185294003001e-01, 4.657404034935704318e-01, 1.051893369192165861e-01, 2.296504410578128208e-01
1.994614401754797595e-01, 4.656624263023334542e-01, 1.051768583745212315e-01, 2.296992751476654715e-01
1.995030829646005643e-01, 4.655844076694483635e-01, 1.051643842707519205e-01, 2.297481250951991794e-01
1.995447468877694364e-01, 4.655063476207617068e-01, 1.051519146061644372e-01, 2.297969908853045307e-01
1.995864319359822170e-01, 4.654282461821404038e-01, 1.051394493790157453e-01, 2.298458725028616201e-01
1.996281381002240896e-01, 4.653501033794725239e-01, 1.051269885875640159e-01, 2.298947699327395233e-01
1.996698653714691629e-01, 4.652719192386657876e-01, 1.051145322300684748e-01, 2.299436831597966024e-01
1.997116137406811376e-01, 4.651936937856488430e-01, 1.051020803047895968e-01, 2.299926121688804226e-01
1.997533831988123620e-01, 4.651154270463708773e-01, 1.050896328099890642e-01, 2.300415569448278352e-01
1.997951737368046377e-01, 4.650371190468011728e-01, 1.050771897439295860e-01, 2.300905174724646451e-01
1.998369853455889411e-01, 4.649587698129297175e-01, 1.050647511048751481e-01, 2.301394937366061932e-01
1.998788180160853412e-01, 4.648803793707668719e-01, 1.050523168910908883e-01, 2.301884857220570790e-01
1.999206717392030541e-01, 4.648019477463431470e-01, 1.050398871008430268e-01, 2.302374934136107998e-01
1.999625465058406104e-01, 4.647234749657098152e-01, 1.050274617323991161e-01, 2.302865167960504722e-01
2.000044423068855770e-01, 4.646449610549385212e-01, 1.050150407840277217e-01, 2.303355558541482495e-01
2.000463591332148072e-01, 4.645664060401209494e-01, 1.050026242539986859e-01, 2.303846105726655435e-01
2.000882969756942187e-01, 4.644878099473694899e-01, 1.049902121405830030e-01, 2.304336809363533300e-01
2.001302558251790431e-01, 4.644091728028166277e-01, 1.049778044420528883e-01, 2.304827669299515380e-01
2.001722356725136598e-01, 4.643304946326152205e-01, 1.049654011566815842e-01, 2.305318685381894939e-01
2.002142365085314846e-01, 4.642517754629388871e-01, 1.049530022827437625e-01, 2.305809857457859491e-01
2.002562583240553029e-01, 4.641730153199809528e-01, 1.049406078185150387e-01, 2.306301185374486640e-01
2.002983011098971033e-01, 4.640942142299554485e-01, 1.049282177622723744e-01, 2.306792668978750738e-01
2.003403648568579942e-01, 4.640153722190964447e-01, 1.049158321122938275e-01, 2.307284308117517890e-01
2.003824495557282037e-01, 4.639364893136586065e-01, 1.049034508668586912e-01, 2.307776102637545124e-01
2.004245551972874129e-01, 4.638575655399164166e-01, 1.048910740242474521e-01, 2.308268052385487323e-01
2.004666817723041450e-01, 4.637786009241651741e-01, 1.048787015827417762e-01, 2.308760157207889185e-01
2.005088292715364318e-01, 4.636995954927201069e-01, 1.048663335406244956e-01, 2.309252416951190490e-01
2.005509976857314525e-01, 4.636205492719164822e-01, 1.048539698961796773e-01, 2.309744831461724157e-01
2.005931870056254784e-01, 4.635414622881102731e-01, 1.048416106476926096e-01, 2.310237400585717082e-01
2.006353972219439563e-01, 4.634623345676772144e-01, 1.048292557934497465e-01, 2.310730124169289579e-01
2.006776283254018967e-01, 4.633831661370136912e-01, 1.048169053317386801e-01, 2.311223002058457321e-01
2.007198803067031245e-01, 4.633039570225359061e-01, 1.048045592608483623e-01, 2.311716034099126904e-01
2.007621531565408068e-01, 4.632247072506804342e-01, 1.047922175790687443e-01, 2.312209220137101395e-01
2.008044468655974524e-01, 4.631454168479036682e-01, 1.047798802846911931e-01, 2.312702560018078113e-01
2.008467614245445509e-01, 4.630660858406827618e-01, 1.047675473760080883e-01, 2.313196053587645573e-01
2.008890968240431008e-01, 4.629867142555146309e-01, 1.047552188513132254e-01, 2.313689700691289874e-01
2.009314530547431921e-01, 4.629073021189162862e-01, 1.047428947089014128e-01, 2.314183501174390534e-01
2.009738301072840905e-01, 4.628278494574250557e-01, 1.047305749470687913e-01, 2.314677454882219931e-01
2.010162279722944312e-01, 4.627483562975981402e-01, 1.047182595641127228e-01, 2.315171561659946642e-01
2.010586466403918859e-01, 4.626688226660131686e-01, 1.047059485583316796e-01, 2.315665821352633491e-01
2.011010861021835239e-01, 4.625892485892674211e-01, 1.046936419280254243e-01, 2.316160233805236723e-01
2.011435463482656172e-01, 4.625096340939785500e-01, 1.046813396714949135e-01, 2.316654798862608500e-01
2.011860273692236689e-01, 4.624299792067843029e-01, 1.046690417870424772e-01, 2.317149516369496620e-01
2.012285291556324129e-01, 4.623502839543420784e-01, 1.046567482729713616e-01, 2.317644386170540083e-01
2.012710516980558140e-01, 4.622705483633300361e-01, 1.046444591275863256e-01, 2.318139408110278521e-01
2.013135949870472063e-01, 4.621907724604455425e-01, 1.046321743491931550e-01, 2.318634582033141378e-01
2.013561590131490164e-01, 4.621109562724064479e-01, 1.046198939360989955e-01, 2.319129907783455125e-01
2.013987437668930403e-01, 4.620310998259504753e-01, 1.046076178866121587e-01, 2.319625385205442702e-01
2.014413492388002769e-01, 4.619512031478353875e-01, 1.045953461990421912e-01, 2.320121014143221583e-01
2.014839754193809840e-01, 4.618712662648388756e-01, 1.045830788716998888e-01, 2.320616794440802932e-01
2.015266222991346501e-01, 4.617912892037586703e-01, 1.045708159028972961e-01, 2.321112725942094945e-01
2.015692898685501055e-01, 4.617112719914121532e-01, 1.045585572909475680e-01, 2.321608808490902010e-01
2.016119781181054393e-01, 4.616312146546370787e-01, 1.045463030341652888e-01, 2.322105041930922487e-01
2.016546870382678880e-01, 4.615511172202907964e-01, 1.045340531308661391e-01, 2.322601426105750377e-01
2.016974166194942519e-01, 4.614709797152509174e-01, 1.045218075793671875e-01, 2.323097960858877820e-01
2.017401668522302294e-01, 4.613908021664143155e-01, 1.045095663779865153e-01, 2.323594646033690092e-01
2.017829377269110269e-01, 4.613105846006984034e-01, 1.044973295250436335e-01, 2.324091481473470056e-01
2.018257292339610542e-01, 4.612303270450402448e-01, 1.044850970188592743e-01, 2.324588467021395377e-01
2.018685413637941184e-01, 4.611500295263964433e-01, 1.044728688577553216e-01, 2.325085602520541306e-01
2.019113741068131462e-01, 4.610696920717439751e-01, 1.044606450400550057e-01, 2.325582887813877897e-01
2.019542274534105175e-01, 4.609893147080794673e-01, 1.044484255640827641e-01, 2.326080322744271955e-01
2.019971013939678151e-01, 4.609088974624190871e-01, 1.044362104281642972e-01, 2.326577907154487868e-01
2.020399959188558248e-01, 4.608284403617993741e-01, 1.044239996306265544e-01, 2.327075640887184271e-01
2.020829110184347854e-01, 4.607479434332759083e-01, 1.044117931697976925e-01, 2.327573523784916831e-01
2.021258466830541667e-01, 4.606674067039246978e-01, 1.043995910440072422e-01, 2.328071555690139627e-01
2.021688029030527523e-01, 4.605868302008412352e-01, 1.043873932515858166e-01, 2.328569736445200988e-01
2.022117796687587232e-01, 4.605062139511409414e-01, 1.043751997908655693e-01, 2.329068065892348494e-01
2.022547769704892973e-01, 4.604255579819586663e-01, 1.043630106601795421e-01, 2.329566543873724804e-01
2.022977947985513392e-01, 4.603448623204493551e-01, 1.043508258578623588e-01, 2.330065170231369609e-01
2.023408331432407781e-01, 4.602641269937875479e-01, 1.043386453822497395e-01, 2.330563944807219900e-01
2.023838919948429127e-01, 4.601833520291673807e-01, 1.043264692316786674e-01, 2.331062867443110254e-01
2.024269713436325502e-01, 4.601025374538027513e-01, 1.043142974044874993e-01, 2.331561937980772825e-01
2.024700711798735897e-01, 4.600216832949270973e-01, 1.043021298990157858e-01, 2.332061156261835133e-01
2.025131914938193556e-01, 4.599407895797940071e-01, 1.042899667136043124e-01, 2.332560522127823111e-01
2.025563322757124585e-01, 4.598598563356761093e-01, 1.042778078465952940e-01, 2.333060035420162215e-01
2.025994935157848786e-01, 4.597788835898660165e-01, 1.042656532963320004e-01, 2.333559695980170767e-01
2.026426752042579105e-01, 4.596978713696760477e-01, 1.042535030611591168e-01, 2.334059503649069112e-01
2.026858773313421902e-01, 4.596168197024378399e-01, 1.042413571394225774e-01, 2.334559458267974341e-01
2.027290998872377237e-01, 4.595357286155027920e-01, 1.042292155294695793e-01, 2.335059559677898355e-01
2.027723428621338586e-01, 4.594545981362418985e-01, 1.042170782296486520e-01, 2.335559807719755632e-01
2.028156062462091458e-01, 4.593734282920458600e-01, 1.042049452383095459e-01, 2.336060202234355732e-01
2.028588900296316999e-01, 4.592922191103245289e-01, 1.041928165538032192e-01, 2.336560743062405798e-01
2.029021942025588388e-01, 4.592109706185078521e-01, 1.041806921744821562e-01, 2.337061430044511945e-01
2.029455187551373607e-01, 4.591296828440447619e-01, 1.041685720986998548e-01, 2.337562263021180364e-01
2.029888636775033228e-01, 4.590483558144041187e-01, 1.041564563248112557e-01, 2.338063241832812889e-01
2.030322289597821794e-01, 4.589669895570742675e-01, 1.041443448511726461e-01, 2.338564366319709764e-01
2.030756145920886713e-01, 4.588855840995627045e-01, 1.041322376761413537e-01, 2.339065636322072983e-01
2.031190205645270197e-01, 4.588041394693967989e-01, 1.041201347980762471e-01, 2.339567051679998788e-01
2.031624468671908434e-01, 4.587226556941231270e-01, 1.041080362153374156e-01, 2.340068612233485446e-01
2.032058934901629366e-01, 4.586411328013078603e-01, 1.040959419262861979e-01, 2.340570317822428803e-01
2.032493604235158235e-01, 4.585595708185367103e-01, 1.040838519292852510e-01, 2.341072168286622290e-01
2.032928476573108711e-01, 4.584779697734144288e-01, 1.040717662226985224e-01, 2.341574163465760527e-01
2.033363551815993708e-01, 4.583963296935656406e-01, 1.040596848048913059e-01, 2.342076303199436271e-01
2.033798829864217617e-01, 4.583146506066341219e-01, 1.040476076742301165e-01, 2.342578587327139583e-01
2.034234310618078523e-01, 4.582329325402829112e-01, 1.040355348290828708e-01, 2.343081015688263935e-01
2.034669993977768487e-01, 4.581511755221946980e-01, 1.040234662678187066e-01, 2.343583588122097328e-01
2.035105879843373822e-01, 4.580693795800714896e-01, 1.040114019888080804e-01, 2.344086304467830062e-01
2.035541968114875366e-01, 4.579875447416345557e-01, 1.039993419904228222e-01, 2.344589164564551687e-01
2.035978258692147103e-01, 4.579056710346243175e-01, 1.039872862710359697e-01, 2.345092168251250164e-01
2.036414751474958096e-01, 4.578237584868008470e-01, 1.039752348290219619e-01, 2.345595315366813816e-01
2.036851446362969165e-01, 4.577418071259434229e-01, 1.039631876627564455e-01, 2.346098605750031041e-01
2.037288343255739542e-01, 4.576598169798504756e-01, 1.039511447706165381e-01, 2.346602039239590043e-01
2.037725442052717995e-01, 4.575777880763399197e-01, 1.039391061509805231e-01, 2.347105615674077717e-01
2.038162742653250870e-01, 4.574957204432487101e-01, 1.039270718022280160e-01, 2.347609334891982424e-01
2.038600244956575991e-01, 4.574136141084331197e-01, 1.039150417227400480e-01, 2.348113196731691776e-01
2.039037948861828209e-01, 4.573314690997689613e-01, 1.039030159108988854e-01, 2.348617201031493740e-01
2.039475854268034405e-01, 4.572492854451506439e-01, 1.038909943650881545e-01, 2.349121347629576917e-01
2.039913961074117099e-01, 4.571670631724924494e-01, 1.038789770836927862e-01, 2.349625636364030545e-01
2.040352269178893341e-01, 4.570848023097273116e-01, 1.038669640650989878e-01, 2.350130067072843665e-01
2.040790778481073597e-01, 4.570025028848077597e-01, 1.038549553076944104e-01, 2.350634639593905673e-01
2.041229488879262310e-01, 4.569201649257051412e-01, 1.038429508098679122e-01, 2.351139353765006601e-01
2.041668400271961226e-01, 4.568377884604102879e-01, 1.038309505700097946e-01, 2.351644209423838783e-01
2.042107512557562732e-01, 4.567553735169329054e-01, 1.038189545865115110e-01, 2.352149206407993798e-01
2.042546825634356800e-01, 4.566729201233019064e-01, 1.038069628577660691e-01, 2.352654344554964139e-01
2.042986339400526263e-01, 4.565904283075653547e-01, 1.037949753821676285e-01, 2.353159623702144598e-01
2.043426053754149874e-01, 4.565078980977902434e-01, 1.037829921581117781e-01, 2.353665043686829772e-01
2.043865968593199800e-01, 4.564253295220629392e-01, 1.037710131839953975e-01, 2.354170604346215445e-01
2.044306083815543851e-01, 4.563427226084887933e-01, 1.037590384582167541e-01, 2.354676305517400259e-01
2.044746399318944086e-01, 4.562600773851919200e-01, 1.037470679791753919e-01, 2.355182147037383211e-01
2.045186915001056815e-01, 4.561773938803156958e-01, 1.037351017452722429e-01, 2.355688128743064491e-01
2.045627630759433713e-01, 4.560946721220225930e-01, 1.037231397549095574e-01, 2.356194250471245477e-01
2.046068546491521534e-01, 4.560119121384938468e-01, 1.037111820064909040e-01, 2.356700512058630681e-01
2.046509662094661841e-01, 4.559291139579300101e-01, 1.036992284984212809e-01, 2.357206913341825805e-01
2.046950977466090449e-01, 4.558462776085504542e-01, 1.036872792291069073e-01, 2.357713454157337185e-01
2.047392492502938255e-01, 4.557634031185932022e-01, 1.036753341969554737e-01, 2.358220134341575402e-01
2.047834207102231519e-01, 4.556804905163157615e-01, 1.036633934003759056e-01, 2.358726953730851117e-01
2.048276121160892416e-01, 4.555975398299944024e-01, 1.036514568377785855e-01, 2.359233912161377567e-01
2.048718234575735708e-01, 4.555145510879241022e-01, 1.036395245075751731e-01, 2.359741009469272233e-01
2.049160547243473462e-01, 4.554315243184189343e-01, 1.036275964081787293e-01, 2.360248245490550456e-01
2.049603059060711163e-01, 4.553484595498118459e-01, 1.036156725380035920e-01, 2.360755620061135429e-01
2.050045769923951877e-01, 4.552653568104543802e-01, 1.036037528954655423e-01, 2.361263133016848204e-01
2.050488679729591257e-01, 4.551822161287176760e-01, 1.035918374789817076e-01, 2.361770784193415740e-01
2.050931788373920872e-01, 4.550990375329909132e-01, 1.035799262869705195e-01, 2.362278573426465911e-01
2.051375095753128486e-01, 4.550158210516824231e-01, 1.035680193178517977e-01, 2.362786500551529445e-01
2.051818601763296390e-01, 4.549325667132195217e-01, 1.035561165700467218e-01, 2.363294565404041037e-01
2.052262306300402517e-01, 4.548492745460480657e-01, 1.035442180419778591e-01, 2.363802767819338235e-01
2.052706209260320158e-01, 4.547659445786327304e-01, 1.035323237320691508e-01, 2.364311107632660613e-01
2.053150310538818524e-01, 4.546825768394573419e-01, 1.035204336387457874e-01, 2.364819584679151154e-01
2.053594610031561352e-01, 4.545991713570237125e-01, 1.035085477604344578e-01, 2.365328198793857084e-01
2.054039107634106909e-01, 4.545157281598531940e-01, 1.034966660955631834e-01, 2.365836949811728762e-01
2.054483803241912709e-01, 4.544322472764854570e-01, 1.034847886425613595e-01, 2.366345837567618848e-01
2.054928696750328021e-01, 4.543487287354788795e-01, 1.034729153998597134e-01, 2.366854861896285356e-01
2.055373788054599693e-01, 4.542651725654107686e-01, 1.034610463658903606e-01, 2.367364022632388598e-01
2.055819077049869104e-01, 4.541815787948769167e-01, 1.034491815390868596e-01, 2.367873319610493410e-01
2.056264563631174658e-01, 4.540979474524918236e-01, 1.034373209178840042e-01, 2.368382752665067759e-01
2.056710247693449567e-01, 4.540142785668885850e-01, 1.034254645007181145e-01, 2.368892321630483855e-01
2.057156129131522682e-01, 4.539305721667190041e-01, 1.034136122860268014e-01, 2.369402026341019818e-01
2.057602207840119324e-01, 4.538468282806535359e-01, 1.034017642722490360e-01, 2.369911866630854125e-01
2.058048483713860177e-01, 4.537630469373813979e-01, 1.033899204578253295e-01, 2.370421842334073659e-01
2.058494956647262397e-01, 4.536792281656098491e-01, 1.033780808411973451e-01, 2.370931953284665938e-01
2.058941626534738500e-01, 4.535953719940652995e-01, 1.033662454208082726e-01, 2.371442199316525778e-01
2.059388493270596920e-01, 4.535114784514924779e-01, 1.033544141951026757e-01, 2.371952580263451127e-01
2.059835556749042562e-01, 4.534275475666546540e-01, 1.033425871625264919e-01, 2.372463095959145285e-01
2.060282816864175970e-01, 4.533435793683338599e-01, 1.033307643215270466e-01, 2.372973746237215797e-01
2.060730273509994437e-01, 4.532595738853301137e-01, 1.033189456705530113e-01, 2.373484530931174175e-01
2.061177926580390063e-01, 4.531755311464626401e-01, 1.033071312080544868e-01, 2.373995449874439223e-01
2.061625775969152807e-01, 4.530914511805684275e-01, 1.032953209324830174e-01, 2.374506502900332050e-01
2.062073821569967713e-01, 4.530073340165034490e-01, 1.032835148422914934e-01, 2.375017689842082724e-01
2.062522063276416573e-01, 4.529231796831420520e-01, 1.032717129359341096e-01, 2.375529010532822227e-01
2.062970500981976540e-01, 4.528389882093767915e-01, 1.032599152118666846e-01, 2.376040464805589669e-01
2.063419134580022907e-01, 4.527547596241186523e-01, 1.032481216685462028e-01, 2.376552052493328127e-01
2.063867963963826047e-01, 4.526704939562974928e-01, 1.032363323044311471e-01, 2.377063773428887417e-01
2.064316989026552251e-01, 4.525861912348610461e-01, 1.032245471179813606e-01, 2.377575627445022433e-01
2.064766209661266505e-01, 4.525018514887756971e-01, 1.032127661076582825e-01, 2.378087614374394532e-01
2.065215625760927765e-01, 4.524174747470259272e-01, 1.032009892719244204e-01, 2.378599734049568204e-01
2.065665237218392569e-01, 4.523330610386148698e-01, 1.031892166092439195e-01, 2.379111986303018011e-01
2.066115043926415040e-01, 4.522486103925639767e-01, 1.031774481180823544e-01, 2.379624370967122204e-01
2.066565045777643828e-01, 4.521641228379125743e-01, 1.031656837969065071e-01, 2.380136887874164664e-01
2.067015242664627661e-01, 4.520795984037188631e-01, 1.031539236441847418e-01, 2.380649536856337123e-01
2.067465634479806469e-01, 4.519950371190588623e-01, 1.031421676583868380e-01, 2.381162317745736390e-01
2.067916221115522757e-01, 4.519104390130271875e-01, 1.031304158379838520e-01, 2.381675230374366292e-01
2.068367002464012727e-01, 4.518258041147365511e-01, 1.031186681814483252e-01, 2.382188274574137121e-01
2.068817978417410997e-01, 4.517411324533179839e-01, 1.031069246872542977e-01, 2.382701450176867020e-01
2.069269148867745878e-01, 4.516564240579205580e-01, 1.030951853538770446e-01, 2.383214757014278373e-01
2.069720513706946596e-01, 4.515716789577116086e-01, 1.030834501797934372e-01, 2.383728194918001697e-01
2.070172072826837462e-01, 4.514868971818769006e-01, 1.030717191634816648e-01, 2.384241763719575913e-01
2.070623826119140087e-01, 4.514020787596201290e-01, 1.030599923034213883e-01, 2.384755463250444740e-01
2.071075773475473392e-01, 4.513172237201630854e-01, 1.030482695980935864e-01, 2.385269293341960029e-01
2.071527914787351654e-01, 4.512323320927458248e-01, 1.030365510459808065e-01, 2.385783253825381200e-01
2.071980249946189512e-01, 4.511474039066267205e-01, 1.030248366455668863e-01, 2.386297344531874143e-01
2.072432778843296408e-01, 4.510624391910816322e-01, 1.030131263953372178e-01, 2.386811565292514536e-01
2.072885501369879369e-01, 4.509774379754052931e-01, 1.030014202937785117e-01, 2.387325915938281473e-01
2.073338417417043278e-01, 4.508924002889099780e-01, 1.029897183393789911e-01, 2.387840396300066337e-01
2.073791526875790603e-01, 4.508073261609261140e-01, 1.029780205306281698e-01, 2.388355006208665587e-01
2.074244829637020560e-01, 4.507222156208023356e-01, 1.029663268660171577e-01, 2.388869745494782981e-01
2.074698325591530779e-01, 4.506370686979051521e-01, 1.029546373440384244e-01, 2.389384613989034289e-01
2.075152014630014530e-01, 4.505518854216190583e-01, 1.029429519631858692e-01, 2.389899611521937306e-01
2.075605896643062387e-01, 4.504666658213467012e-01, 1.029312707219548068e-01, 2.390414737923923227e-01
2.076059971521166114e-01, 4.503814099265084914e-01, 1.029195936188420368e-01, 2.390929993025329436e-01
2.076514239154712005e-01, 4.502961177665430470e-01, 1.029079206523457191e-01, 2.391445376656401167e-01
2.076968699433984766e-01, 4.502107893709066389e-01, 1.028962518209655397e-01, 2.391960888647292616e-01
2.077423352249166411e-01, 4.501254247690738564e-01, 1.028845871232026282e-01, 2.392476528828069438e-01
2.077878197490337364e-01, 4.500400239905366639e-01, 1.028729265575594187e-01, 2.392992297028700976e-01
2.078333235047475636e-01, 4.499545870648055113e-01, 1.028612701225399551e-01, 2.393508193079068869e-01
2.078788464810458203e-01, 4.498691140214082229e-01, 1.028496178166496688e-01, 2.394024216808963157e-01
2.079243886669056296e-01, 4.497836048898908312e-01, 1.028379696383953101e-01, 2.394540368048081458e-01
2.079699500512944277e-01, 4.496980596998170210e-01, 1.028263255862853082e-01, 2.395056646626032848e-01
2.080155306231689094e-01, 4.496124784807682961e-01, 1.028146856588293551e-01, 2.395573052372333700e-01
2.080611303714761107e-01, 4.495268612623440352e-01, 1.028030498545386556e-01, 2.396089585116411569e-01
2.081067492851524092e-01, 4.494412080741616022e-01, 1.027914181719258718e-01, 2.396606244687600751e-01
2.081523873531243574e-01, 4.493555189458557364e-01, 1.027797906095050812e-01, 2.397123030915148667e-01
2.081980445643080158e-01, 4.492697939070793289e-01, 1.027681671657918600e-01, 2.397639943628208647e-01
2.082437209076095641e-01, 4.491840329875025351e-01, 1.027565478393032278e-01, 2.398156982655846314e-01
2.082894163719246627e-01, 4.490982362168139397e-01, 1.027449326285576475e-01, 2.398674147827037917e-01
2.083351309461392020e-01, 4.490124036247191142e-01, 1.027333215320750393e-01, 2.399191438970667001e-01
2.083808646191285807e-01, 4.489265352409417265e-01, 1.027217145483767108e-01, 2.399708855915529127e-01
2.084266173797583444e-01, 4.488406310952231526e-01, 1.027101116759856214e-01, 2.400226398490329371e-01
2.084723892168834913e-01, 4.487546912173221991e-01, 1.026985129134259656e-01, 2.400744066523683440e-01
2.085181801193492779e-01, 4.486687156370154361e-01, 1.026869182592235891e-01, 2.401261859844117386e-01
2.085639900759905241e-01, 4.485827043840969752e-01, 1.026753277119056146e-01, 2.401779778280067612e-01
2.086098190756320858e-01, 4.484966574883789137e-01, 1.026637412700008301e-01, 2.402297821659882260e-01
2.086556671070885494e-01, 4.484105749796902796e-01, 1.026521589320393418e-01, 2.402815989811818154e-01
2.087015341591644813e-01, 4.483244568878783087e-01, 1.026405806965527412e-01, 2.403334282564044688e-01
2.087474202206542617e-01, 4.482383032428075009e-01, 1.026290065620741598e-01, 2.403852699744641608e-01
2.087933252803422790e-01, 4.481521140743597309e-01, 1.026174365271381311e-01, 2.404371241181599284e-01
2.088392493270025685e-01, 4.480658894124346925e-01, 1.026058705902806734e-01, 2.404889906702821212e-01
2.088851923493992568e-01, 4.479796292869495100e-01, 1.025943087500393036e-01, 2.405408696136119850e-01
2.089311543362863399e-01, 4.478933337278387383e-01, 1.025827510049529406e-01, 2.405927609309220228e-01
2.089771352764076551e-01, 4.478070027650544183e-01, 1.025711973535620991e-01, 2.406446646049758553e-01
2.090231351584969366e-01, 4.477206364285660767e-01, 1.025596477944086538e-01, 2.406965806185282497e-01
2.090691539712779268e-01, 4.476342347483607265e-01, 1.025481023260360197e-01, 2.407485089543252854e-01
2.091151917034641539e-01, 4.475477977544427000e-01, 1.025365609469890693e-01, 2.408004495951040214e-01
2.091612483437591818e-01, 4.474613254768337600e-01, 1.025250236558141459e-01, 2.408524025235928567e-01
2.092073238808565272e-01, 4.473748179455730445e-01, 1.025134904510590916e-01, 2.409043677225113922e-01
2.092534183034394091e-01, 4.472882751907171772e-01, 1.025019613312731781e-01, 2.409563451745702078e-01
2.092995316001813044e-01, 4.472016972423397685e-01, 1.024904362950072867e-01, 2.410083348624715571e-01
2.093456637597452819e-01, 4.471150841305325252e-01, 1.024789153408136450e-01, 2.410603367689086174e-01
2.093918147707847233e-01, 4.470284358854034190e-01, 1.024673984672459931e-01, 2.411123508765658230e-01
2.094379846219427133e-01, 4.469417525370786293e-01, 1.024558856728596395e-01, 2.411643771681189208e-01
2.094841733018523999e-01, 4.468550341157011552e-01, 1.024443769562113082e-01, 2.412164156262350256e-01
2.095303807991369116e-01, 4.467682806514314819e-01, 1.024328723158592219e-01, 2.412684662335724262e-01
2.095766071024091626e-01, 4.466814921744469702e-01, 1.024213717503631021e-01, 2.413205289727807790e-01
2.096228522002721861e-01, 4.465946687149427441e-01, 1.024098752582841693e-01, 2.413726038265008589e-01
2.096691160813190791e-01, 4.465078103031307477e-01, 1.023983828381851147e-01, 2.414246907773650308e-01
2.097153987341327797e-01, 4.464209169692401891e-01, 1.023868944886301147e-01, 2.414767898079968333e-01
2.097617001472862897e-01, 4.463339887435175402e-01, 1.023754102081849138e-01, 2.415289009010112009e-01
2.098080203093425355e-01, 4.462470256562264814e-01, 1.023639299954166443e-01, 2.415810240390143804e-01
2.098543592088545073e-01, 4.461600277376475132e-01, 1.023524538488940483e-01, 2.416331592046038479e-01
2.099007168343651752e-01, 4.460729950180787329e-01, 1.023409817671872835e-01, 2.416853063803688639e-01
2.099470931744074897e-01, 4.459859275278349466e-01, 1.023295137488679923e-01, 2.417374655488895852e-01
2.099934882175044093e-01, 4.458988252972481692e-01, 1.023180497925094551e-01, 2.417896366927379248e-01
2.100399019521691502e-01, 4.458116883566676791e-01, 1.023065898966862702e-01, 2.418418197944769421e-01
2.100863343669045480e-01, 4.457245167364594640e-01, 1.022951340599746600e-01, 2.418940148366613696e-01
2.101327854502037795e-01, 4.456373104670066643e-01, 1.022836822809523316e-01, 2.419462218018370858e-01
2.101792551905500017e-01, 4.455500695787097953e-01, 1.022722345581984910e-01, 2.419984406725416981e-01
2.102257435764162963e-01, 4.454627941019858040e-01, 1.022607908902938290e-01, 2.420506714313040986e-01
2.102722505962657529e-01, 4.453754840672689563e-01, 1.022493512758205908e-01, 2.421029140606446306e-01
2.103187762385519410e-01, 4.452881395050103386e-01, 1.022379157133624372e-01, 2.421551685430752832e-01
2.103653204917179387e-01, 4.452007604456780787e-01, 1.022264842015046943e-01, 2.422074348610992467e-01
2.104118833441971648e-01, 4.451133469197573467e-01, 1.022150567388340203e-01, 2.422597129972114405e-01
2.104584647844131573e-01, 4.450258989577498547e-01, 1.022036333239387529e-01, 2.423120029338983183e-01
2.105050648007794067e-01, 4.449384165901744126e-01, 1.021922139554086312e-01, 2.423643046536375634e-01
2.105516833816995226e-01, 4.448508998475668164e-01, 1.021807986318349210e-01, 2.424166181388987540e-01
2.105983205155671778e-01, 4.447633487604795155e-01, 1.021693873518104562e-01, 2.424689433721427811e-01
2.106449761907661922e-01, 4.446757633594820569e-01, 1.021579801139295834e-01, 2.425212803358222369e-01
2.106916503956703657e-01, 4.445881436751604188e-01, 1.021465769167880927e-01, 2.425736290123809979e-01
2.107383431186438949e-01, 4.445004897381176212e-01, 1.021351777589834114e-01, 2.426259893842550031e-01
2.107850543480407068e-01, 4.444128015789736152e-01, 1.021237826391143827e-01, 2.426783614338712536e-01
2.108317840722051251e-01, 4.443250792283646722e-01, 1.021123915557814177e-01, 2.427307451436487851e-01
2.108785322794712869e-01, 4.442373227169443273e-01, 1.021010045075864264e-01, 2.427831404959980288e-01
2.109252989581638371e-01, 4.441495320753822695e-01, 1.020896214931328871e-01, 2.428355474733209507e-01
2.109720840965973732e-01, 4.440617073343655075e-01, 1.020782425110258324e-01, 2.428879660580113842e-01
2.110188876830765836e-01, 4.439738485245970923e-01, 1.020668675598716546e-01, 2.429403962324546695e-01
2.110657097058962484e-01, 4.438859556767974501e-01, 1.020554966382784395e-01, 2.429928379790277648e-01
2.111125501533415993e-01, 4.437980288217030500e-01, 1.020441297448557993e-01, 2.430452912800995513e-01
2.111594090136876545e-01, 4.437100679900673472e-01, 1.020327668782147479e-01, 2.430977561180303337e-01
2.112062862751997450e-01, 4.436220732126601174e-01, 1.020214080369680060e-01, 2.431502324751720623e-01
2.112531819261333765e-01, 4.435340445202682891e-01, 1.020100532197296267e-01, 2.432027203338687771e-01
2.113000959547343682e-01, 4.434459819436945560e-01, 1.019987024251153562e-01, 2.432552196764557473e-01
2.113470283492384361e-01, 4.433578855137588759e-01, 1.019873556517424118e-01, 2.433077304852603040e-01
2.113939790978716649e-01, 4.432697552612973602e-01, 1.019760128982295649e-01, 2.433602527426013962e-01
2.114409481888501474e-01, 4.431815912171628846e-01, 1.019646741631971415e-01, 2.434127864307898681e-01
2.114879356103804842e-01, 4.430933934122244788e-01, 1.019533394452668967e-01, 2.434653315321280154e-01
2.115349413506592280e-01, 4.430051618773682143e-01, 1.019420087430622790e-01, 2.435178880289103343e-01
2.115819653978731896e-01, 4.429168966434958721e-01, 1.019306820552081660e-01, 2.435704559034226335e-01
2.116290077401994374e-01, 4.428285977415265529e-01, 1.019193593803310455e-01, 2.436230351379429782e-01
2.116760683658051867e-01, 4.427402652023950114e-01, 1.019080407170589037e-01, 2.436756257147408844e-01
2.117231472628480216e-01, 4.426518990570527667e-01, 1.018967260640213091e-01, 2.437282276160779859e-01
2.117702444194755063e-01, 4.425634993364677139e-01, 1.018854154198493289e-01, 2.437808408242075064e-01
2.118173598238255184e-01, 4.424750660716242345e-01, 1.018741087831755709e-01, 2.438334653213746761e-01
2.118644934640264710e-01, 4.423865992935226976e-01, 1.018628061526342804e-01, 2.438861010898164816e-01
2.119116453281967571e-01, 4.422980990331801809e-01, 1.018515075268611458e-01, 2.439387481117618328e-01
2.119588154044449724e-01, 4.422095653216299715e-01, 1.018402129044934934e-01, 2.439914063694316460e-01
2.120060036808701087e-01, 4.421209981899213992e-01, 1.018289222841701064e-01, 2.440440758450384828e-01
2.120532101455613050e-01, 4.420323976691204471e-01, 1.018176356645313779e-01, 2.440967565207868006e-01
2.121004347865982631e-01, 4.419437637903091409e-01, 1.018063530442192555e-01, 2.441494483788735070e-01
2.121476775920504432e-01, 4.418550965845857159e-01, 1.017950744218771991e-01, 2.442021514014865446e-01
2.121949385499782292e-01, 4.417663960830647829e-01, 1.017837997961502927e-01, 2.442548655708066951e-01
2.122422176484316803e-01, 4.416776623168771065e-01, 1.017725291656851466e-01, 2.443075908690061082e-01
2.122895148754515571e-01, 4.415888953171693831e-01, 1.017612625291298839e-01, 2.443603272782491342e-01
2.123368302190687951e-01, 4.415000951151049624e-01, 1.017499998851342236e-01, 2.444130747806921022e-01
2.123841636673046152e-01, 4.414112617418628481e-01, 1.017387412323494528e-01, 2.444658333584831533e-01
2.124315152081705238e-01, 4.413223952286383089e-01, 1.017274865694283853e-01, 2.445186029937626571e-01
2.124788848296685628e-01, 4.412334956066432112e-01, 1.017162358950254031e-01, 2.445713836686629061e-01
2.125262725197907265e-01, 4.411445629071044094e-01, 1.017049892077965395e-01, 2.446241753653081996e-01
2.125736782665196833e-01, 4.410555971612660775e-01, 1.016937465063992574e-01, 2.446769780658149818e-01
2.126211020578283040e-01, 4.409665984003875439e-01, 1.016825077894926432e-01, 2.447297917522914812e-01
2.126685438816798834e-01, 4.408775666557445683e-01, 1.016712730557373934e-01, 2.447826164068382937e-01
2.127160037260277525e-01, 4.407885019586285646e-01, 1.016600423037956336e-01, 2.448354520115478550e-01
2.127634815788161105e-01, 4.406994043403475447e-01, 1.016488155323312659e-01, 2.448882985485050234e-01
2.128109774279790534e-01, 4.406102738322250079e-01, 1.016375927400095941e-01, 2.449411559997863308e-01
2.128584912614413793e-01, 4.405211104656004961e-01, 1.016263739254975179e-01, 2.449940243474607038e-01
2.129060230671180332e-01, 4.404319142718292612e-01, 1.016151590874635607e-01, 2.450469035735891032e-01
2.129535728329145783e-01, 4.403426852822830417e-01, 1.016039482245778003e-01, 2.450997936602245242e-01
2.130011405467266417e-01, 4.402534235283490638e-01, 1.015927413355118686e-01, 2.451526945894124121e-01
2.130487261964404966e-01, 4.401641290414304297e-01, 1.015815384189389520e-01, 2.452056063431901356e-01
2.130963297699328962e-01, 4.400748018529461181e-01, 1.015703394735338883e-01, 2.452585289035871530e-01
2.131439512550706294e-01, 4.399854419943310391e-01, 1.015591444979730140e-01, 2.453114622526253175e-01
2.131915906397112703e-01, 4.398960494970357571e-01, 1.015479534909343035e-01, 2.453644063723187108e-01
2.132392479117025674e-01, 4.398066243925269347e-01, 1.015367664510972295e-01, 2.454173612446733377e-01
2.132869230588829712e-01, 4.397171667122864447e-01, 1.015255833771429167e-01, 2.454703268516876813e-01
2.133346160690810234e-01, 4.396276764878125909e-01, 1.015144042677540576e-01, 2.455233031753523421e-01
2.133823269301159398e-01, 4.395381537506188874e-01, 1.015032291216149546e-01, 2.455762901976502599e-01
2.134300556297973051e-01, 4.394485985322347799e-01, 1.014920579374113674e-01, 2.456292879005565477e-01
2.134778021559250727e-01, 4.393590108642054237e-01, 1.014808907138307625e-01, 2.456822962660386023e-01
2.135255664962900368e-01, 4.392693907780914619e-01, 1.014697274495621609e-01, 2.457353152760562154e-01
2.135733486386728608e-01, 4.391797383054696358e-01, 1.014585681432962072e-01, 2.457883449125612685e-01
2.136211485708451596e-01, 4.390900534779316189e-01, 1.014474127937250308e-01, 2.458413851574981213e-01
2.136689662805687506e-01, 4.390003363270854608e-01, 1.014362613995424128e-01, 2.458944359928033896e-01
2.137168017555961530e-01, 4.389105868845541436e-01, 1.014251139594437023e-01, 2.459474974004060843e-01
2.137646549836701992e-01, 4.388208051819765254e-01, 1.014139704721258584e-01, 2.460005693622272782e-01
2.138125259525242294e-01, 4.387309912510073406e-01, 1.014028309362874219e-01, 2.460536518601808831e-01
2.138604146498823411e-01, 4.386411451233161451e-01, 1.013916953506285995e-01, 2.461067448761729559e-01
2.139083210634587229e-01, 4.385512668305885930e-01, 1.013805637138510130e-01, 2.461598483921017266e-01
2.139562451809584598e-01, 4.384613564045254375e-01, 1.013694360246580328e-01, 2.462129623898581254e-01
2.140041869900768667e-01, 4.383714138768431967e-01, 1.013583122817545840e-01, 2.462660868513252832e-01
2.140521464785000716e-01, 4.382814392792737657e-01, 1.013471924838471594e-01, 2.463192217583790311e-01
2.141001236339045155e-01, 4.381914326435644713e-01, 1.013360766296438620e-01, 2.463723670928872067e-01
2.141481184439571750e-01, 4.381013940014779062e-01, 1.013249647178543766e-01, 2.464255228367104866e-01
2.141961308963158672e-01, 4.380113233847922616e-01, 1.013138567471900814e-01, 2.464786889717018037e-01
2.142441609786287227e-01, 4.379212208253008276e-01, 1.013027527163638114e-01, 2.465318654797066522e-01
2.142922086785342961e-01, 4.378310863548127152e-01, 1.012916526240900672e-01, 2.465850523425629215e-01
2.143402739836620940e-01, 4.377409200051518012e-01, 1.012805564690850008e-01, 2.466382495421010623e-01
2.143883568816319640e-01, 4.376507218081577277e-01, 1.012694642500663322e-01, 2.466914570601439760e-01
2.144364573600543167e-01, 4.375604917956851247e-01, 1.012583759657532945e-01, 2.467446748785071253e-01
2.144845754065302368e-01, 4.374702299996043320e-01, 1.012472916148668689e-01, 2.467979029789986178e-01
2.145327110086513722e-01, 4.373799364518001220e-01, 1.012362111961295774e-01, 2.468511413434189561e-01
2.145808641540000727e-01, 4.372896111841733102e-01, 1.012251347082654684e-01, 2.469043899535611208e-01
2.146290348301490847e-01, 4.371992542286395333e-01, 1.012140621500003668e-01, 2.469576487912109319e-01
2.146772230246619395e-01, 4.371088656171298048e-01, 1.012029935200616237e-01, 2.470109178381466319e-01
2.147254287250927873e-01, 4.370184453815900150e-01, 1.011919288171781589e-01, 2.470641970761389972e-01
2.147736519189863691e-01, 4.369279935539814308e-01, 1.011808680400805294e-01, 2.471174864869516152e-01
2.148218925938780721e-01, 4.368375101662804738e-01, 1.011698111875009159e-01, 2.471707860523404965e-01
2.148701507372939301e-01, 4.367469952504784980e-01, 1.011587582581731370e-01, 2.472240957540543793e-01
2.149184263367506231e-01, 4.366564488385820675e-01, 1.011477092508325376e-01, 2.472774155738348412e-01
2.149667193797554499e-01, 4.365658709626128453e-01, 1.011366641642161418e-01, 2.473307454934155214e-01
2.150150298538064941e-01, 4.364752616546073716e-01, 1.011256229970626946e-01, 2.473840854945235090e-01
2.150633577463923751e-01, 4.363846209466172854e-01, 1.011145857481122595e-01, 2.474374355588780383e-01
2.151117030449925527e-01, 4.362939488707094360e-01, 1.011035524161068566e-01, 2.474907956681911825e-01
2.151600657370769387e-01, 4.362032454589652719e-01, 1.010925229997898661e-01, 2.475441658041678816e-01
2.152084458101063136e-01, 4.361125107434815629e-01, 1.010814974979064723e-01, 2.475975459485056651e-01
2.152568432515322150e-01, 4.360217447563697890e-01, 1.010704759092033445e-01, 2.476509360828947626e-01
2.153052580487967160e-01, 4.359309475297562519e-01, 1.010594582324288032e-01, 2.477043361890181594e-01
2.153536901893326749e-01, 4.358401190957825744e-01, 1.010484444663328762e-01, 2.477577462485517357e-01
2.154021396605637073e-01, 4.357492594866049229e-01, 1.010374346096671316e-01, 2.478111662431641826e-01
2.154506064499041584e-01, 4.356583687343944522e-01, 1.010264286611847612e-01, 2.478645961545166143e-01
2.154990905447589922e-01, 4.355674468713369718e-01, 1.010154266196406220e-01, 2.479180359642634557e-01
2.155475919325240963e-01, 4.354764939296332238e-01, 1.010044284837911394e-01, 2.479714856540514989e-01
2.155961106005859773e-01, 4.353855099414988827e-01, 1.009934342523944456e-01, 2.480249452055206527e-01
2.156446465363218712e-01, 4.352944949391642782e-01, 1.009824439242102689e-01, 2.480784146003036095e-01
2.156931997270999657e-01, 4.352034489548743945e-01, 1.009714574979998641e-01, 2.481318938200257618e-01
2.157417701602790117e-01, 4.351123720208890377e-01, 1.009604749725263040e-01, 2.481853828463056466e-01
2.157903578232085173e-01, 4.350212641694827798e-01, 1.009494963465541184e-01, 2.482388816607545845e-01
2.158389627032291647e-01, 4.349301254329446809e-01, 1.009385216188495998e-01, 2.482923902449765130e-01
2.158875847876720044e-01, 4.348389558435787894e-01, 1.009275507881806228e-01, 2.483459085805686806e-01
2.159362240638588726e-01, 4.347477554337034755e-01, 1.009165838533166298e-01, 2.483994366491209527e-01
2.159848805191028620e-01, 4.346565242356520420e-01, 1.009056208130287569e-01, 2.484529744322163392e-01
2.160335541407072957e-01, 4.345652622817721134e-01, 1.008946616660898049e-01, 2.485065219114307444e-01
2.160822449159668091e-01, 4.344739696044259691e-01, 1.008837064112741988e-01, 2.485600790683329675e-01
2.161309528321666562e-01, 4.343826462359906548e-01, 1.008727550473579315e-01, 2.486136458844847852e-01
2.161796778765828486e-01, 4.342912922088574823e-01, 1.008618075731187030e-01, 2.486672223414410354e-01
2.162284200364822939e-01, 4.341999075554324183e-01, 1.008508639873358370e-01, 2.487208084207494785e-01
2.162771792991229347e-01, 4.341084923081359737e-01, 1.008399242887902669e-01, 2.487744041039509080e-01
2.163259556517532212e-01, 4.340170464994029254e-01, 1.008289884762646332e-01, 2.488280093725792619e-01
2.163747490816128605e-01, 4.339255701616828165e-01, 1.008180565485431168e-01, 2.488816242081612617e-01
2.164235595759321784e-01, 4.338340633274392344e-01, 1.008071285044116056e-01, 2.489352485922169123e-01
2.164723871219323970e-01, 4.337425260291508100e-01, 1.007962043426576804e-01, 2.489888825062592237e-01
2.165212317068256620e-01, 4.336509582993096634e-01, 1.007852840620704349e-01, 2.490425259317942674e-01
2.165700933178150434e-01, 4.335593601704229028e-01, 1.007743676614407113e-01, 2.490961788503211760e-01
2.166189719420945070e-01, 4.334677316750121245e-01, 1.007634551395610173e-01, 2.491498412433322263e-01
2.166678675668489706e-01, 4.333760728456128586e-01, 1.007525464952254007e-01, 2.492035130923127562e-01
2.167167801792541093e-01, 4.332843837147749566e-01, 1.007416417272296166e-01, 2.492571943787414146e-01
2.167657097664766053e-01, 4.331926643150625922e-01, 1.007307408343710298e-01, 2.493108850840897173e-01
2.168146563156741757e-01, 4.331009146790544273e-01, 1.007198438154487397e-01, 2.493645851898225740e-01
2.168636198139952675e-01, 4.330091348393432238e-01, 1.007089506692634417e-01, 2.494182946773980114e-01
2.169126002485795845e-01, 4.329173248285357878e-01, 1.006980613946174552e-01, 2.494720135282670892e-01
2.169615976065574492e-01, 4.328254846792534138e-01, 1.006871759903148339e-01, 2.495257417238743725e-01
2.170106118750503299e-01, 4.327336144241314408e-01, 1.006762944551611305e-01, 2.495794792456572375e-01
2.170596430411705080e-01, 4.326417140958190299e-01, 1.006654167879637157e-01, 2.496332260750466214e-01
2.171086910920215773e-01, 4.325497837269803303e-01, 1.006545429875315839e-01, 2.496869821934665501e-01
2.171577560146977781e-01, 4.324578233502925917e-01, 1.006436730526752837e-01, 2.497407475823343603e-01
2.172068377962843300e-01, 4.323658329984479409e-01, 1.006328069822071125e-01, 2.497945222230606444e-01
2.172559364238578761e-01, 4.322738127041519385e-01, 1.006219447749410190e-01, 2.498483060970491942e-01
2.173050518844855117e-01, 4.321817625001247443e-01, 1.006110864296925478e-01, 2.499020991856971408e-01
2.173541841652256723e-01, 4.320896824191002850e-01, 1.006002319452789784e-01, 2.499559014703950366e-01
2.174033332531277729e-01, 4.319975724938263650e-01, 1.005893813205192000e-01, 2.500097129325266621e-01
2.174524991352321801e-01, 4.319054327570650553e-01, 1.005785345542337811e-01, 2.500635335534689419e-01
2.175016817985704620e-01, 4.318132632415921379e-01, 1.005676916452448999e-01, 2.501173633145925002e-01
2.175508812301651107e-01, 4.317210639801973837e-01, 1.005568525923765250e-01, 2.501712021972611333e-01
2.176000974170294866e-01, 4.316288350056845524e-01, 1.005460173944541236e-01, 2.502250501828319207e-01
2.176493303461683460e-01, 4.315365763508711150e-01, 1.005351860503049255e-01, 2.502789072526555580e-01
2.176985800045774244e-01, 4.314442880485889198e-01, 1.005243585587578953e-01, 2.503327733880759687e-01
2.177478463792432706e-01, 4.313519701316827493e-01, 1.005135349186434268e-01, 2.503866485704305256e-01
2.177971294571437455e-01, 4.312596226330123184e-01, 1.005027151287938431e-01, 2.504405327810499959e-01
2.178464292252480228e-01, 4.311672455854502206e-01, 1.004918991880430212e-01, 2.504944260012587631e-01
2.178957456705159501e-01, 4.310748390218832049e-01, 1.004810870952264346e-01, 2.505483282123745492e-01
2.179450787798986600e-01, 4.309824029752116759e-01, 1.004702788491813187e-01, 2.506022393957083594e-01
2.179944285403383197e-01, 4.308899374783500824e-01, 1.004594744487465469e-01, 2.506561595325649816e-01
2.180437949387684371e-01, 4.307974425642261962e-01, 1.004486738927626993e-01, 2.507100886042425980e-01
2.180931779621134992e-01, 4.307049182657816111e-01, 1.004378771800719661e-01, 2.507640265920328959e-01
2.181425775972889447e-01, 4.306123646159717433e-01, 1.004270843095182580e-01, 2.508179734772209568e-01
2.181919938312018026e-01, 4.305197816477655537e-01, 1.004162952799471376e-01, 2.508719292410855894e-01
2.182414266507498590e-01, 4.304271693941452703e-01, 1.004055100902058184e-01, 2.509258938648989967e-01
2.182908760428221850e-01, 4.303345278881073876e-01, 1.003947287391432491e-01, 2.509798673299271643e-01
2.183403419942991086e-01, 4.302418571626613897e-01, 1.003839512256099742e-01, 2.510338496174294165e-01
2.183898244920520204e-01, 4.301491572508309713e-01, 1.003731775484583005e-01, 2.510878407086588049e-01
2.184393235229435126e-01, 4.300564281856523730e-01, 1.003624077065421311e-01, 2.511418405848618862e-01
2.184888390738274344e-01, 4.299636700001764344e-01, 1.003516416987171450e-01, 2.511958492272790000e-01
2.185383711315487532e-01, 4.298708827274666522e-01, 1.003408795238405482e-01, 2.512498666171440465e-01
2.185879196829437765e-01, 4.297780664006005114e-01, 1.003301211807713644e-01, 2.513038927356843755e-01
2.186374847148398470e-01, 4.296852210526687088e-01, 1.003193666683702273e-01, 2.513579275641212862e-01
2.186870662140555921e-01, 4.295923467167752086e-01, 1.003086159854994913e-01, 2.514119710836696386e-01
2.187366641674010348e-01, 4.294994434260377414e-01, 1.002978691310231346e-01, 2.514660232755379643e-01
2.187862785616772054e-01, 4.294065112135872497e-01, 1.002871261038069256e-01, 2.515200841209286331e-01
2.188359093836764468e-01, 4.293135501125679987e-01, 1.002763869027181731e-01, 2.515741536010373536e-01
2.188855566201824698e-01, 4.292205601561376316e-01, 1.002656515266259624e-01, 2.516282316970540056e-01
2.189352202579701590e-01, 4.291275413774667813e-01, 1.002549199744010161e-01, 2.516823183901619743e-01
2.189849002838056558e-01, 4.290344938097400695e-01, 1.002441922449158473e-01, 2.517364136615384274e-01
2.190345966844463588e-01, 4.289414174861546081e-01, 1.002334683370444818e-01, 2.517905174923544265e-01
2.190843094466411178e-01, 4.288483124399214974e-01, 1.002227482496627908e-01, 2.518446298637747049e-01
2.191340385571298732e-01, 4.287551787042642726e-01, 1.002120319816482003e-01, 2.518987507569576678e-01
2.191837840026439888e-01, 4.286620163124202354e-01, 1.002013195318798983e-01, 2.519528801530558360e-01
2.192335457699061130e-01, 4.285688252976396218e-01, 1.001906108992388356e-01, 2.520070180332154020e-01
2.192833238456302347e-01, 4.284756056931859902e-01, 1.001799060826075172e-01, 2.520611643785763412e-01
2.193331182165215720e-01, 4.283823575323356114e-01, 1.001692050808701689e-01, 2.521153191702725227e-01
2.193829288692767943e-01, 4.282890808483785783e-01, 1.001585078929127376e-01, 2.521694823894318205e-01
2.194327557905839110e-01, 4.281957756746173627e-01, 1.001478145176229045e-01, 2.522236540171757802e-01
2.194825989671222721e-01, 4.281024420443678147e-01, 1.001371249538899333e-01, 2.522778340346199522e-01
2.195324583855625400e-01, 4.280090799909587185e-01, 1.001264392006048914e-01, 2.523320224228738917e-01
2.195823340325666895e-01, 4.279156895477320699e-01, 1.001157572566604564e-01, 2.523862191630408258e-01
2.196322258947882577e-01, 4.278222707480425213e-01, 1.001050791209510266e-01, 2.524404242362181527e-01
2.196821339588720390e-01, 4.277288236252579923e-01, 1.000944047923727209e-01, 2.524946376234971090e-01
2.197320582114543064e-01, 4.276353482127593364e-01, 1.000837342698233517e-01, 2.525488593059629916e-01
2.197819986391625902e-01, 4.275418445439399528e-01, 1.000730675522024105e-01, 2.526030892646949910e-01
2.198319552286160661e-01, 4.274483126522065635e-01, 1.000624046384110816e-01, 2.526573274807663028e-01
2.198819279664249449e-01, 4.273547525709786021e-01, 1.000517455273522011e-01, 2.527115739352442381e-01
2.199319168391913049e-01, 4.272611643336883813e-01, 1.000410902179305062e-01, 2.527658286091899464e-01
2.199819218335084536e-01, 4.271675479737808145e-01, 1.000304387090521080e-01, 2.528200914836586932e-01
2.200319429359610113e-01, 4.270739035247139714e-01, 1.000197909996251300e-01, 2.528743625396999151e-01
2.200819801331252989e-01, 4.269802310199586337e-01, 1.000091470885592221e-01, 2.529286417583569424e-01
2.201320334115688948e-01, 4.268865304929980176e-01, 9.999850697476575512e-02, 2.529829291206673880e-01
2.201821027578510781e-01, 4.267928019773283843e-01, 9.998787065715782074e-02, 2.530372246076626475e-01
2.202321881585223295e-01, 4.266990455064587628e-01, 9.997723813465030085e-02, 2.530915282003686206e-01
2.202822896001248865e-01, 4.266052611139106165e-01, 9.996660940615964552e-02, 2.531458398798048792e-01
2.203324070691921877e-01, 4.265114488332181208e-01, 9.995598447060405345e-02, 2.532001596269856103e-01
2.203825405522494563e-01, 4.264176086979282743e-01, 9.994536332690344416e-02, 2.532544874229187837e-01
2.204326900358132280e-01, 4.263237407416005098e-01, 9.993474597397944414e-02, 2.533088232486067071e-01
2.204828555063917117e-01, 4.262298449978070281e-01, 9.992413241075542851e-02, 2.533631670850458040e-01
2.205330369504845123e-01, 4.261359215001323530e-01, 9.991352263615634055e-02, 2.534175189132268358e-01
2.205832343545827690e-01, 4.260419702821737764e-01, 9.990291664910901093e-02, 2.534718787141344021e-01
2.206334477051693221e-01, 4.259479913775410798e-01, 9.989231444854183850e-02, 2.535262464687478290e-01
2.206836769887184357e-01, 4.258539848198562572e-01, 9.988171603338504012e-02, 2.535806221580403363e-01
2.207339221916959082e-01, 4.257599506427541813e-01, 9.987112140257040083e-02, 2.536350057629794819e-01
2.207841833005592114e-01, 4.256658888798821039e-01, 9.986053055503162079e-02, 2.536893972645271056e-01
2.208344603017573515e-01, 4.255717995648994334e-01, 9.984994348970391287e-02, 2.537437966436392744e-01
2.208847531817308973e-01, 4.254776827314782350e-01, 9.983936020552429402e-02, 2.537982038812665042e-01
2.209350619269121463e-01, 4.253835384133029529e-01, 9.982878070143159921e-02, 2.538526189583533710e-01
2.209853865237246806e-01, 4.252893666440702436e-01, 9.981820497636606504e-02, 2.539070418558390108e-01
2.210357269585840889e-01, 4.251951674574891982e-01, 9.980763302927000979e-02, 2.539614725546567309e-01
2.210860832178973001e-01, 4.251009408872812312e-01, 9.979706485908719504e-02, 2.540159110357342875e-01
2.211364552880629997e-01, 4.250066869671798586e-01, 9.978650046476325586e-02, 2.540703572799938303e-01
2.211868431554714354e-01, 4.249124057309313085e-01, 9.977593984524552040e-02, 2.541248112683517357e-01
2.212372468065047226e-01, 4.248180972122934107e-01, 9.976538299948298216e-02, 2.541792729817189955e-01
2.212876662275362893e-01, 4.247237614450366516e-01, 9.975482992642629998e-02, 2.542337424010007174e-01
2.213381014049314310e-01, 4.246293984629437857e-01, 9.974428062502803394e-02, 2.542882195070967355e-01
2.213885523250471443e-01, 4.245350082998093355e-01, 9.973373509424229844e-02, 2.543427042809012217e-01
2.214390189742320436e-01, 4.244405909894403695e-01, 9.972319333302497035e-02, 2.543971967033025749e-01
2.214895013388264722e-01, 4.243461465656557796e-01, 9.971265534033373068e-02, 2.544516967551840314e-01
2.215399994051623633e-01, 4.242516750622867261e-01, 9.970212111512784248e-02, 2.545062044174230542e-01
2.215905131595634348e-01, 4.241571765131763594e-01, 9.969159065636834516e-02, 2.545607196708917219e-01
2.216410425883452440e-01, 4.240626509521799314e-01, 9.968106396301815164e-02, 2.546152424964566174e-01
2.216915876778148831e-01, 4.239680984131647401e-01, 9.967054103404160426e-02, 2.546697728749788281e-01
2.217421484142711730e-01, 4.238735189300099071e-01, 9.966002186840497434e-02, 2.547243107873138346e-01
2.217927247840049965e-01, 4.237789125366066556e-01, 9.964950646507628185e-02, 2.547788562143120106e-01
2.218433167732985489e-01, 4.236842792668585322e-01, 9.963899482302510102e-02, 2.548334091368178456e-01
2.218939243684260043e-01, 4.235896191546802414e-01, 9.962848694122287962e-02, 2.548879695356708330e-01
2.219445475556533487e-01, 4.234949322339989219e-01, 9.961798281864274462e-02, 2.549425373917049709e-01
2.219951863212383802e-01, 4.234002185387535366e-01, 9.960748245425951608e-02, 2.549971126857486503e-01
2.220458406514304595e-01, 4.233054781028947056e-01, 9.959698584704977653e-02, 2.550516953986249336e-01
2.220965105324708977e-01, 4.232107109603853168e-01, 9.958649299599189875e-02, 2.551062855111518868e-01
2.221471959505928739e-01, 4.231159171451995271e-01, 9.957600390006587920e-02, 2.551608830041418585e-01
2.221978968920212683e-01, 4.230210966913234283e-01, 9.956551855825342134e-02, 2.552154878584019237e-01
2.222486133429727451e-01, 4.229262496327551579e-01, 9.955503696953808823e-02, 2.552701000547339949e-01
2.222993452896560584e-01, 4.228313760035044000e-01, 9.954455913290510827e-02, 2.553247195739345443e-01
2.223500927182714415e-01, 4.227364758375923848e-01, 9.953408504734138906e-02, 2.553793463967947708e-01
2.224008556150113558e-01, 4.226415491690522219e-01, 9.952361471183565622e-02, 2.554339805041007105e-01
2.224516339660596864e-01, 4.225465960319289560e-01, 9.951314812537834231e-02, 2.554886218766330708e-01
2.225024277575926301e-01, 4.224516164602785673e-01, 9.950268528696155912e-02, 2.555432704951672851e-01
2.225532369757779461e-01, 4.223566104881691929e-01, 9.949222619557920866e-02, 2.555979263404735691e-01
2.226040616067754829e-01, 4.222615781496804055e-01, 9.948177085022696930e-02, 2.556525893933170313e-01
2.226549016367368183e-01, 4.221665194789035458e-01, 9.947131924990214313e-02, 2.557072596344575621e-01
2.227057570518056195e-01, 4.220714345099410569e-01, 9.946087139360378082e-02, 2.557619370446495566e-01
2.227566278381171716e-01, 4.219763232769071504e-01, 9.945042728033276491e-02, 2.558166216046428576e-01
2.228075139817990435e-01, 4.218811858139278059e-01, 9.943998690909165716e-02, 2.558713132951815350e-01
2.228584154689704500e-01, 4.217860221551399391e-01, 9.942955027888479569e-02, 2.559260120970048291e-01
2.229093322857427506e-01, 4.216908323346922893e-01, 9.941911738871810067e-02, 2.559807179908468733e-01
2.229602644182192284e-01, 4.215956163867446982e-01, 9.940868823759947681e-02, 2.560354309574366938e-01
2.230112118524948117e-01, 4.215003743454688312e-01, 9.939826282453835538e-02, 2.560901509774979878e-01
2.230621745746568518e-01, 4.214051062450474561e-01, 9.938784114854605500e-02, 2.561448780317497897e-01
2.231131525707844288e-01, 4.213098121196746093e-01, 9.937742320863550416e-02, 2.561996121009055272e-01
2.231641458269486289e-01, 4.212144920035557072e-01, 9.936700900382150481e-02, 2.562543531656741869e-01
2.232151543292126283e-01, 4.211191459309077678e-01, 9.935659853312048262e-02, 2.563091012067592600e-01
2.232661780636314708e-01, 4.210237739359584674e-01, 9.934619179555066737e-02, 2.563638562048594083e-01
2.233172170162523451e-01, 4.209283760529474172e-01, 9.933578879013206520e-02, 2.564186181406682974e-01
2.233682711731142245e-01, 4.208329523161250529e-01, 9.932538951588629206e-02, 2.564733869948744860e-01
2.234193405202484495e-01, 4.207375027597529682e-01, 9.931499397183685129e-02, 2.565281627481617588e-01
2.234704250436783390e-01, 4.206420274181040808e-01, 9.930460215700898097e-02, 2.565829453812086824e-01
2.235215247294189411e-01, 4.205465263254624109e-01, 9.929421407042951508e-02, 2.566377348746891052e-01
2.235726395634776986e-01, 4.204509995161231362e-01, 9.928382971112720279e-02, 2.566925312092718792e-01
2.236237695318540886e-01, 4.203554470243925367e-01, 9.927344907813247243e-02, 2.567473343656209162e-01
2.236749146205394834e-01, 4.202598688845879393e-01, 9.926307217047745934e-02, 2.568021443243950763e-01
2.237260748155174561e-01, 4.201642651310376064e-01, 9.925269898719610295e-02, 2.568569610662488345e-01
2.237772501027638083e-01, 4.200686357980809582e-01, 9.924232952732406354e-02, 2.569117845718311144e-01
2.238284404682462370e-01, 4.199729809200685171e-01, 9.923196378989879163e-02, 2.569666148217865653e-01
2.238796458979245563e-01, 4.198773005313616302e-01, 9.922160177395938918e-02, 2.570214517967545076e-01
2.239308663777508646e-01, 4.197815946663324138e-01, 9.921124347854680392e-02, 2.570762954773699316e-01
2.239821018936693220e-01, 4.196858633593643639e-01, 9.920088890270367665e-02, 2.571311458442626652e-01
2.240333524316162062e-01, 4.195901066448516348e-01, 9.919053804547443842e-02, 2.571860028780578178e-01
2.240846179775199953e-01, 4.194943245571988721e-01, 9.918019090590526887e-02, 2.572408665593758359e-01
2.241358985173012575e-01, 4.193985171308225457e-01, 9.916984748304405461e-02, 2.572957368688322810e-01
2.241871940368727889e-01, 4.193026844001487841e-01, 9.915950777594041698e-02, 2.573506137870379962e-01
2.242385045221395312e-01, 4.192068263996155397e-01, 9.914917178364586470e-02, 2.574054972945990505e-01
2.242898299589987376e-01, 4.191109431636707572e-01, 9.913883950521346078e-02, 2.574603873721170166e-01
2.243411703333397789e-01, 4.190150347267736497e-01, 9.912851093969822502e-02, 2.575152840001883048e-01
2.243925256310441707e-01, 4.189191011233939776e-01, 9.911818608615678705e-02, 2.575701871594051062e-01
2.244438958379856019e-01, 4.188231423880120485e-01, 9.910786494364762222e-02, 2.576250968303547273e-01
2.244952809400302396e-01, 4.187271585551192166e-01, 9.909754751123081573e-02, 2.576800129936198114e-01
2.245466809230363125e-01, 4.186311496592168280e-01, 9.908723378796836789e-02, 2.577349356297783944e-01
2.245980957728542782e-01, 4.185351157348178308e-01, 9.907692377292398600e-02, 2.577898647194039050e-01
2.246495254753269610e-01, 4.184390568164448321e-01, 9.906661746516315370e-02, 2.578448002430649977e-01
2.247009700162893864e-01, 4.183429729386315965e-01, 9.905631486375296446e-02, 2.578997421813259416e-01
2.247524293815688357e-01, 4.182468641359222139e-01, 9.904601596776245465e-02, 2.579546905147463987e-01
2.248039035569848743e-01, 4.181507304428714322e-01, 9.903572077626239534e-02, 2.580096452238813676e-01
2.248553925283494903e-01, 4.180545718940440469e-01, 9.902542928832516744e-02, 2.580646062892811288e-01
2.249068962814667894e-01, 4.179583885240160668e-01, 9.901514150302509476e-02, 2.581195736914919658e-01
2.249584148021333552e-01, 4.178621803673734370e-01, 9.900485741943812479e-02, 2.581745474110551108e-01
2.250099480761380277e-01, 4.177659474587124833e-01, 9.899457703664199526e-02, 2.582295274285074105e-01
2.250614960892618754e-01, 4.176696898326404117e-01, 9.898430035371628966e-02, 2.582845137243813816e-01
2.251130588272784727e-01, 4.175734075237741982e-01, 9.897402736974228454e-02, 2.583395062792049335e-01
2.251646362759538167e-01, 4.174771005667416435e-01, 9.896375808380293571e-02, 2.583945050735016458e-01
2.252162284210458831e-01, 4.173807689961805956e-01, 9.895349249498311406e-02, 2.584495100877903795e-01
2.252678352483055424e-01, 4.172844128467392832e-01, 9.894323060236938361e-02, 2.585045213025858324e-01
2.253194567434755602e-01, 4.171880321530762048e-01, 9.893297240505005696e-02, 2.585595386983981503e-01
2.253710928922914580e-01, 4.170916269498601281e-01, 9.892271790211520921e-02, 2.586145622557331492e-01
2.254227436804810136e-01, 4.169951972717699240e-01, 9.891246709265671955e-02, 2.586695919550922595e-01
2.254744090937643719e-01, 4.168987431534950105e-01, 9.890221997576818802e-02, 2.587246277769724712e-01
2.255260891178541838e-01, 4.168022646297345202e-01, 9.889197655054499103e-02, 2.587796697018664438e-01
2.255777837384555229e-01, 4.167057617351977994e-01, 9.888173681608429522e-02, 2.588347177102625074e-01
2.256294929412657746e-01, 4.166092345046046308e-01, 9.887150077148497418e-02, 2.588897717826447176e-01
2.256812167119749413e-01, 4.165126829726846780e-01, 9.886126841584773339e-02, 2.589448318994926890e-01
2.257329550362654480e-01, 4.164161071741774856e-01, 9.885103974827499917e-02, 2.589998980412820395e-01
2.257847078998121149e-01, 4.163195071438332562e-01, 9.884081476787100196e-02, 2.590549701884836131e-01
2.258364752882823789e-01, 4.162228829164114075e-01, 9.883059347374167913e-02, 2.591100483215645345e-01
2.258882571873359890e-01, 4.161262345266819596e-01, 9.882037586499482773e-02, 2.591651324209872098e-01
2.259400535826253664e-01, 4.160295620094244806e-01, 9.881016194073993786e-02, 2.592202224672101596e-01
2.259918644597953274e-01, 4.159328653994289193e-01, 9.879995170008827599e-02, 2.592753184406874634e-01
2.260436898044832776e-01, 4.158361447314946613e-01, 9.878974514215289882e-02, 2.593304203218692039e-01
2.260955296023190175e-01, 4.157394000404311951e-01, 9.877954226604861165e-02, 2.593855280912010786e-01
2.261473838389251312e-01, 4.156426313610580570e-01, 9.876934307089203779e-02, 2.594406417291247324e-01
2.261992524999165699e-01, 4.155458387282042754e-01, 9.875914755580152138e-02, 2.594957612160775917e-01
2.262511355709008742e-01, 4.154490221767089819e-01, 9.874895571989716903e-02, 2.595508865324930858e-01
2.263030330374780630e-01, 4.153521817414208006e-01, 9.873876756230087759e-02, 2.596060176588002033e-01
2.263549448852408552e-01, 4.152553174571985695e-01, 9.872858308213633416e-02, 2.596611545754242134e-01
2.264068710997746980e-01, 4.151584293589102304e-01, 9.871840227852898830e-02, 2.597162972627860000e-01
2.264588116666574336e-01, 4.150615174814339947e-01, 9.870822515060607982e-02, 2.597714457013025058e-01
2.265107665714594376e-01, 4.149645818596573998e-01, 9.869805169749655549e-02, 2.598265998713866765e-01
2.265627357997438418e-01, 4.148676225284778640e-01, 9.868788191833118006e-02, 2.598817597534471280e-01
2.266147193370665336e-01, 4.147706395228022425e-01, 9.867771581224253630e-02, 2.599369253278887570e-01
2.266667171689757676e-01, 4.146736328775471603e-01, 9.866755337836483064e-02, 2.599920965751122415e-01
2.267187292810126376e-01, 4.145766026276386795e-01, 9.865739461583424019e-02, 2.600472734755144844e-01
2.267707556587107154e-01, 4.144795488080125212e-01, 9.864723952378860738e-02, 2.601024560094880589e-01
2.268227962875965786e-01, 4.143824714536138987e-01, 9.863708810136753713e-02, 2.601576441574219301e-01
2.268748511531891721e-01, 4.142853705993975177e-01, 9.862694034771245233e-02, 2.602128378997008440e-01
2.269269202410001129e-01, 4.141882462803275211e-01, 9.861679626196655224e-02, 2.602680372167058276e-01
2.269790035365339409e-01, 4.140910985313775994e-01, 9.860665584327475697e-02, 2.603232420888136334e-01
2.270311010252877848e-01, 4.139939273875307135e-01, 9.859651909078386012e-02, 2.603784524963976277e-01
2.270832126927514738e-01, 4.138967328837793724e-01, 9.858638600364230675e-02, 2.604336684198267915e-01
2.271353385244075929e-01, 4.137995150551254109e-01, 9.857625658100047095e-02, 2.604888898394664976e-01
2.271874785057314550e-01, 4.137022739365798230e-01, 9.856613082201035048e-02, 2.605441167356782883e-01
2.272396326221913232e-01, 4.136050095631633727e-01, 9.855600872582583050e-02, 2.605993490888195985e-01
2.272918008592477723e-01, 4.135077219699054840e-01, 9.854589029160255864e-02, 2.606545868792442544e-01
2.273439832023544382e-01, 4.134104111918453506e-01, 9.853577551849787564e-02, 2.607098300873022523e-01
2.273961796369578792e-01, 4.133130772640312145e-01, 9.852566440567105122e-02, 2.607650786933398135e-01
2.274483901484971871e-01, 4.132157202215205882e-01, 9.851555695228297882e-02, 2.608203326776992181e-01
2.275006147224042929e-01, 4.131183400993801991e-01, 9.850545315749645314e-02, 2.608755920207191381e-01
2.275528533441041057e-01, 4.130209369326855451e-01, 9.849535302047597585e-02, 2.609308567027343595e-01
2.276051059990140402e-01, 4.129235107565219498e-01, 9.848525654038783883e-02, 2.609861267040761712e-01
2.276573726725447111e-01, 4.128260616059833410e-01, 9.847516371640016586e-02, 2.610414020050717543e-01
2.277096533500993780e-01, 4.127285895161728058e-01, 9.846507454768284318e-02, 2.610966825860450147e-01
2.277619480170741395e-01, 4.126310945222025905e-01, 9.845498903340746399e-02, 2.611519684273158060e-01
2.278142566588580720e-01, 4.125335766591939346e-01, 9.844490717274753666e-02, 2.612072595092005955e-01
2.278665792608328966e-01, 4.124360359622770145e-01, 9.843482896487819322e-02, 2.612625558120120206e-01
2.279189158083734235e-01, 4.123384724665911105e-01, 9.842475440897645311e-02, 2.613178573160591101e-01
2.279712662868473294e-01, 4.122408862072842739e-01, 9.841468350422115374e-02, 2.613731640016471736e-01
2.280236306816152692e-01, 4.121432772195136596e-01, 9.840461624979289501e-02, 2.614284758490783012e-01
2.280760089780305144e-01, 4.120456455384451377e-01, 9.839455264487387276e-02, 2.614837928386504751e-01
2.281284011614395646e-01, 4.119479911992537380e-01, 9.838449268864839226e-02, 2.615391149506584023e-01
2.281808072171817303e-01, 4.118503142371229275e-01, 9.837443638030228532e-02, 2.615944421653930707e-01
2.282332271305892446e-01, 4.117526146872453330e-01, 9.836438371902329891e-02, 2.616497744631421929e-01
2.282856608869872905e-01, 4.116548925848222962e-01, 9.835433470400085920e-02, 2.617051118241895402e-01
2.283381084716942511e-01, 4.115571479650637632e-01, 9.834428933442634913e-02, 2.617604542288157199e-01
2.283905698700210429e-01, 4.114593808631885063e-01, 9.833424760949270593e-02, 2.618158016572976199e-01
2.284430450672720048e-01, 4.113615913144242908e-01, 9.832420952839492079e-02, 2.618711540899089085e-01
2.284955340487441755e-01, 4.112637793540068754e-01, 9.831417509032952529e-02, 2.619265115069193683e-01
2.285480367997277940e-01, 4.111659450171814556e-01, 9.830414429449500779e-02, 2.619818738885957843e-01
2.286005533055060490e-01, 4.110680883392013873e-01, 9.829411714009152201e-02, 2.620372412152011110e-01
2.286530835513549409e-01, 4.109702093553287972e-01, 9.828409362632110902e-02, 2.620926134669952501e-01
2.287056275225438917e-01, 4.108723081008341937e-01, 9.827407375238758624e-02, 2.621479906242343838e-01
2.287581852043351904e-01, 4.107743846109969121e-01, 9.826405751749645034e-02, 2.622033726671713638e-01
2.288107565819841593e-01, 4.106764389211048361e-01, 9.825404492085514085e-02, 2.622587595760559331e-01
2.288633416407390986e-01, 4.105784710664539539e-01, 9.824403596167274877e-02, 2.623141513311341155e-01
2.289159403658416192e-01, 4.104804810823490802e-01, 9.823403063916033573e-02, 2.623695479126489372e-01
2.289685527425263378e-01, 4.103824690041035228e-01, 9.822402895253050381e-02, 2.624249493008396494e-01
2.290211787560209322e-01, 4.102844348670384722e-01, 9.821403090099783961e-02, 2.624803554759427837e-01
2.290738183915460302e-01, 4.101863787064843891e-01, 9.820403648377863670e-02, 2.625357664181909301e-01
2.291264716343159036e-01, 4.100883005577791729e-01, 9.819404570009103439e-02, 2.625911821078139585e-01
2.291791384695374134e-01, 4.099902004562696045e-01, 9.818405854915489284e-02, 2.626466025250381309e-01
2.292318188824107317e-01, 4.098920784373108472e-01, 9.817407503019193182e-02, 2.627020276500866003e-01
2.292845128581291470e-01, 4.097939345362659469e-01, 9.816409514242559198e-02, 2.627574574631793558e-01
2.293372203818793698e-01, 4.096957687885064425e-01, 9.815411888508115967e-02, 2.628128919445329448e-01
2.293899414388410607e-01, 4.095975812294122553e-01, 9.814414625738573927e-02, 2.628683310743609169e-01
2.294426760141870525e-01, 4.094993718943713001e-01, 9.813417725856814211e-02, 2.629237748328736024e-01
2.294954240930834055e-01, 4.094011408187795409e-01, 9.812421188785901138e-02, 2.629792232002780561e-01
2.295481856606894633e-01, 4.093028880380413237e-01, 9.811425014449079440e-02, 2.630346761567783354e-01
2.296009607021576304e-01, 4.092046135875692658e-01, 9.810429202769775647e-02, 2.630901336825752224e-01
2.296537492026339000e-01, 4.091063175027835341e-01, 9.809433753671593925e-02, 2.631455957578665572e-01
2.297065511472569654e-01, 4.090079998191129551e-01, 9.808438667078306361e-02, 2.632010623628469048e-01
2.297593665211592195e-01, 4.089096605719941269e-01, 9.807443942913884882e-02, 2.632565334777078880e-01
2.298121953094660330e-01, 4.088112997968715856e-01, 9.806449581102467949e-02, 2.633120090826377435e-01
2.298650374972963373e-01, 4.087129175291979166e-01, 9.805455581568373047e-02, 2.633674891578220989e-01
2.299178930697619305e-01, 4.086145138044337544e-01, 9.804461944236099458e-02, 2.634229736834432511e-01
2.299707620119683660e-01, 4.085160886580477824e-01, 9.803468669030333815e-02, 2.634784626396806106e-01
2.300236443090141469e-01, 4.084176421255161227e-01, 9.802475755875927899e-02, 2.635339560067103681e-01
2.300765399459914207e-01, 4.083191742423233350e-01, 9.801483204697926388e-02, 2.635894537647061053e-01
2.301294489079851180e-01, 4.082206850439614176e-01, 9.800491015421541885e-02, 2.636449558938379623e-01
2.301823711800742300e-01, 4.081221745659304179e-01, 9.799499187972172953e-02, 2.637004623742735809e-01
2.302353067473304760e-01, 4.080236428437380991e-01, 9.798507722275401344e-02, 2.637559731861773837e-01
2.302882555948192744e-01, 4.079250899129001628e-01, 9.797516618256979504e-02, 2.638114883097106844e-01
2.303412177075994105e-01, 4.078265158089396936e-01, 9.796525875842847231e-02, 2.638670077250324653e-01
2.303941930707226748e-01, 4.077279205673878804e-01, 9.795535494959120570e-02, 2.639225314122982113e-01
2.304471816692348629e-01, 4.076293042237832953e-01, 9.794545475532095979e-02, 2.639780593516609652e-01
2.305001834881744982e-01, 4.075306668136724486e-01, 9.793555817488246162e-02, 2.640335915232706054e-01
2.305531985125741090e-01, 4.074320083726092889e-01, 9.792566520754231174e-02, 2.640891279072742903e-01
2.306062267274592570e-01, 4.073333289361554255e-01, 9.791577585256884542e-02, 2.641446684838164027e-01
2.306592681178492588e-01, 4.072346285398800725e-01, 9.790589010923225755e-02, 2.642002132330385500e-01
2.307123226687563533e-01, 4.071359072193600492e-01, 9.789600797680440836e-02, 2.642557621350791752e-01
2.307653903651869232e-01, 4.070371650101795580e-01, 9.788612945455915648e-02, 2.643113151700743901e-01
2.308184711921401899e-01, 4.069384019479304615e-01, 9.787625454177195650e-02, 2.643668723181574198e-01
2.308715651346093523e-01, 4.068396180682120056e-01, 9.786638323772024750e-02, 2.644224335594584363e-01
2.309246721775806699e-01, 4.067408134066307634e-01, 9.785651554168312005e-02, 2.644779988741053356e-01
2.309777923060341853e-01, 4.066419879988011910e-01, 9.784665145294155209e-02, 2.645335682422229606e-01
2.310309255049435018e-01, 4.065431418803445163e-01, 9.783679097077828402e-02, 2.645891416439337118e-01
2.310840717592754501e-01, 4.064442750868896836e-01, 9.782693409447790200e-02, 2.646447190593569920e-01
2.311372310539905328e-01, 4.063453876540731313e-01, 9.781708082332667142e-02, 2.647003004686097616e-01
2.311904033740428965e-01, 4.062464796175380144e-01, 9.780723115661280054e-02, 2.647558858518063163e-01
2.312435887043801930e-01, 4.061475510129353150e-01, 9.779738509362623233e-02, 2.648114751890582319e-01
2.312967870299435236e-01, 4.060486018759232318e-01, 9.778754263365872779e-02, 2.648670684604744752e-01
2.313499983356676892e-01, 4.059496322421670689e-01, 9.777770377600385199e-02, 2.649226656461614593e-01
2.314032226064810238e-01, 4.058506421473390691e-01, 9.776786851995690475e-02, 2.649782667262229885e-01
2.314564598273055607e-01, 4.057516316271190804e-01, 9.775803686481510102e-02, 2.650338716807602579e-01
2.315097099830567551e-01, 4.056526007171938897e-01, 9.774820880987736271e-02, 2.650894804898720203e-01
2.315629730586438451e-01, 4.055535494532573892e-01, 9.773838435444448525e-02, 2.651450931336543082e-01
2.316162490389696293e-01, 4.054544778710106323e-01, 9.772856349781901264e-02, 2.652007095922007673e-01
2.316695379089304951e-01, 4.053553860061617220e-01, 9.771874623930526527e-02, 2.652563298456024898e-01
2.317228396534165291e-01, 4.052562738944258669e-01, 9.770893257820946476e-02, 2.653119538739480143e-01
2.317761542573117395e-01, 4.051571415715250479e-01, 9.769912251383959523e-02, 2.653675816573236590e-01
2.318294817054933621e-01, 4.050579890731883514e-01, 9.768931604550536163e-02, 2.654232131758128554e-01
2.318828219828325266e-01, 4.049588164351520247e-01, 9.767951317251843957e-02, 2.654788484094969814e-01
2.319361750741940897e-01, 4.048596236931589210e-01, 9.766971389419215610e-02, 2.655344873384548610e-01
2.319895409644366358e-01, 4.047604108829589431e-01, 9.765991820984162852e-02, 2.655901299427627094e-01
2.320429196384125037e-01, 4.046611780403088221e-01, 9.765012611878394477e-02, 2.656457762024947433e-01
2.320963110809674546e-01, 4.045619252009722278e-01, 9.764033762033780262e-02, 2.657014260977224596e-01
2.321497152769414762e-01, 4.044626524007196022e-01, 9.763055271382391209e-02, 2.657570796085151899e-01
2.322031322111678120e-01, 4.043633596753279935e-01, 9.762077139856456531e-02, 2.658127367149396569e-01
2.322565618684739042e-01, 4.042640470605814995e-01, 9.761099367388399728e-02, 2.658683973970606407e-01
2.323100042336807558e-01, 4.041647145922707129e-01, 9.760121953910826098e-02, 2.659240616349403119e-01
2.323634592916030972e-01, 4.040653623061930544e-01, 9.759144899356508862e-02, 2.659797294086387875e-01
2.324169270270495802e-01, 4.039659902381526613e-01, 9.758168203658418305e-02, 2.660354006982136310e-01
2.324704074248226393e-01, 4.038665984239602214e-01, 9.757191866749691245e-02, 2.660910754837202408e-01
2.325239004697184919e-01, 4.037671868994331392e-01, 9.756215888563649075e-02, 2.661467537452118504e-01
2.325774061465273046e-01, 4.036677557003952033e-01, 9.755240269033797762e-02, 2.662024354627395284e-01
2.326309244400329712e-01, 4.035683048626770297e-01, 9.754265008093820910e-02, 2.662581206163517900e-01
2.326844553350132239e-01, 4.034688344221157297e-01, 9.753290105677579758e-02, 2.663138091860952628e-01
2.327379988162397717e-01, 4.033693444145546869e-01, 9.752315561719127057e-02, 2.663695011520143541e-01
2.327915548684779956e-01, 4.032698348758440576e-01, 9.751341376152673768e-02, 2.664251964941511952e-01
2.328451234764874478e-01, 4.031703058418403263e-01, 9.750367548912640403e-02, 2.664808951925458080e-01
2.328987046250214354e-01, 4.030707573484063611e-01, 9.749394079933607071e-02, 2.665365972272362161e-01
2.329522982988270763e-01, 4.029711894314113030e-01, 9.748420969150338455e-02, 2.665923025782581113e-01
2.330059044826457149e-01, 4.028716021267311764e-01, 9.747448216497789364e-02, 2.666480112256451873e-01
2.330595231612122287e-01, 4.027719954702478899e-01, 9.746475821911083914e-02, 2.667037231494289728e-01
2.331131543192556665e-01, 4.026723694978497914e-01, 9.745503785325530799e-02, 2.667594383296392202e-01
2.331667979414991099e-01, 4.025727242454315014e-01, 9.744532106676620509e-02, 2.668151567463031837e-01
2.332204540126595060e-01, 4.024730597488938022e-01, 9.743560785900026722e-02, 2.668708783794464523e-01
2.332741225174476407e-01, 4.023733760441440266e-01, 9.742589822931595200e-02, 2.669266032090924501e-01
2.333278034405684986e-01, 4.022736731670953358e-01, 9.741619217707357670e-02, 2.669823312152624917e-01
2.333814967667211804e-01, 4.021739511536673861e-01, 9.740648970163531817e-02, 2.670380623779760598e-01
2.334352024805984027e-01, 4.020742100397857732e-01, 9.739679080236510189e-02, 2.670937966772508054e-01
2.334889205668871925e-01, 4.019744498613821992e-01, 9.738709547862862970e-02, 2.671495340931019369e-01
2.335426510102686093e-01, 4.018746706543946945e-01, 9.737740372979346304e-02, 2.672052746055432748e-01
2.335963937954176339e-01, 4.017748724547669514e-01, 9.736771555522898136e-02, 2.672610181945863639e-01
2.336501489070033910e-01, 4.016750552984492684e-01, 9.735803095430632659e-02, 2.673167648402410279e-01
2.337039163296890099e-01, 4.015752192213974392e-01, 9.734834992639847251e-02, 2.673725145225151478e-01
2.337576960481318744e-01, 4.014753642595733640e-01, 9.733867247088023866e-02, 2.674282672214146062e-01
2.338114880469832624e-01, 4.013754904489449937e-01, 9.732899858712812380e-02, 2.674840229169437866e-01
2.338652923108885950e-01, 4.012755978254861633e-01, 9.731932827452058343e-02, 2.675397815891045750e-01
2.339191088244874928e-01, 4.011756864251768140e-01, 9.730966153243784944e-02, 2.675955432178978577e-01
2.339729375724137195e-01, 4.010757562840023271e-01, 9.729999836026183291e-02, 2.676513077833220233e-01
2.340267785392950994e-01, 4.009758074379541348e-01, 9.729033875737645720e-02, 2.677070752653743502e-01
2.340806317097535449e-01, 4.008758399230295533e-01, 9.728068272316729714e-02, 2.677628456440495075e-01
2.341344970684053339e-01, 4.007758537752317274e-01, 9.727103025702184269e-02, 2.678186188993411099e-01
2.341883745998606936e-01, 4.006758490305693532e-01, 9.726138135832924914e-02, 2.678743950112407179e-01
2.342422642887241613e-01, 4.005758257250569554e-01, 9.725173602648060078e-02, 2.679301739597381715e-01
2.342961661195945289e-01, 4.004757838947148318e-01, 9.724209426086882768e-02, 2.679859557248219226e-01
2.343500800770647319e-01, 4.003757235755687760e-01, 9.723245606088858073e-02, 2.680417402864779808e-01
2.344040061457218216e-01, 4.002756448036503545e-01, 9.722282142593627330e-02, 2.680975276246916339e-01
2.344579443101472427e-01, 4.001755476149967405e-01, 9.721319035541023390e-02, 2.681533177194458939e-01
2.345118945549166389e-01, 4.000754320456507140e-01, 9.720356284871058128e-02, 2.682091105507221629e-01
2.345658568645997699e-01, 3.999752981316604949e-01, 9.719393890523919666e-02, 2.682649060985004552e-01
2.346198312237610106e-01, 3.998751459090800209e-01, 9.718431852439982088e-02, 2.683207043427590643e-01
2.346738176169586576e-01, 3.997749754139687250e-01, 9.717470170559794340e-02, 2.683765052634747850e-01
2.347278160287454285e-01, 3.996747866823910922e-01, 9.716508844824094104e-02, 2.684323088406225799e-01
2.347818264436682956e-01, 3.995745797504175467e-01, 9.715547875173793924e-02, 2.684881150541760797e-01
2.348358488462687355e-01, 3.994743546541239532e-01, 9.714587261549988140e-02, 2.685439238841073606e-01
2.348898832210823129e-01, 3.993741114295911165e-01, 9.713627003893957057e-02, 2.685997353103869445e-01
2.349439295526390692e-01, 3.992738501129057260e-01, 9.712667102147157228e-02, 2.686555493129837435e-01
2.349979878254633003e-01, 3.991735707401592448e-01, 9.711707556251217288e-02, 2.687113658718652265e-01
2.350520580240737789e-01, 3.990732733474489646e-01, 9.710748366147972654e-02, 2.687671849669975299e-01
2.351061401329836709e-01, 3.989729579708770624e-01, 9.709789531779411398e-02, 2.688230065783452361e-01
2.351602341367001470e-01, 3.988726246465512659e-01, 9.708831053087717267e-02, 2.688788306858713728e-01
2.352143400197253820e-01, 3.987722734105843547e-01, 9.707872930015257196e-02, 2.689346572695376913e-01
2.352684577665554999e-01, 3.986719042990943818e-01, 9.706915162504570205e-02, 2.689904863093044440e-01
2.353225873616811570e-01, 3.985715173482043405e-01, 9.705957750498379888e-02, 2.690463177851306065e-01
2.353767287895875693e-01, 3.984711125940428311e-01, 9.705000693939593026e-02, 2.691021516769737110e-01
2.354308820347543740e-01, 3.983706900727428946e-01, 9.704043992771294036e-02, 2.691579879647897355e-01
2.354850470816553243e-01, 3.982702498204433450e-01, 9.703087646936754684e-02, 2.692138266285337145e-01
2.355392239147590938e-01, 3.981697918732876595e-01, 9.702131656379417435e-02, 2.692696676481590168e-01
2.355934125185286943e-01, 3.980693162674243113e-01, 9.701176021042913489e-02, 2.693255110036179012e-01
2.356476128774214751e-01, 3.979688230390068804e-01, 9.700220740871053071e-02, 2.693813566748611277e-01
2.357018249758893458e-01, 3.978683122241938319e-01, 9.699265815807825430e-02, 2.694372046418384015e-01
2.357560487983789144e-01, 3.977677838591488491e-01, 9.698311245797405777e-02, 2.694930548844981510e-01
2.358102843293311268e-01, 3.976672379800400559e-01, 9.697357030784142795e-02, 2.695489073827873061e-01
2.358645315531815168e-01, 3.975666746230408499e-01, 9.696403170712576680e-02, 2.696047621166519082e-01
2.359187904543601222e-01, 3.974660938243290698e-01, 9.695449665527418326e-02, 2.696606190660364999e-01
2.359730610172916521e-01, 3.973654956200880495e-01, 9.694496515173564588e-02, 2.697164782108846248e-01
2.360273432263952642e-01, 3.972648800465051755e-01, 9.693543719596091346e-02, 2.697723395311386052e-01
2.360816370660847874e-01, 3.971642471397732188e-01, 9.692591278740254890e-02, 2.698282030067394865e-01
2.361359425207686102e-01, 3.970635969360891138e-01, 9.691639192551500248e-02, 2.698840686176273151e-01
2.361902595748497091e-01, 3.969629294716548462e-01, 9.690687460975443146e-02, 2.699399363437410271e-01
2.362445882127258423e-01, 3.968622447826771205e-01, 9.689736083957889434e-02, 2.699958061650182262e-01
2.362989284187891337e-01, 3.967615429053671372e-01, 9.688785061444812885e-02, 2.700516780613956280e-01
2.363532801774265724e-01, 3.966608238759407601e-01, 9.687834393382380171e-02, 2.701075520128089491e-01
2.364076434730195964e-01, 3.965600877306185157e-01, 9.686884079716936991e-02, 2.701634279991924625e-01
2.364620182899445922e-01, 3.964593345056253715e-01, 9.685934120395006675e-02, 2.702193060004798308e-01
2.365164046125723674e-01, 3.963585642371912354e-01, 9.684984515363297131e-02, 2.702751859966034953e-01
2.365708024252685671e-01, 3.962577769615497902e-01, 9.684035264568695289e-02, 2.703310679674947314e-01
2.366252117123934517e-01, 3.961569727149396591e-01, 9.683086367958267104e-02, 2.703869518930842042e-01
2.366796324583020361e-01, 3.960561515336040173e-01, 9.682137825479260329e-02, 2.704428377533012462e-01
2.367340646473442001e-01, 3.959553134537903141e-01, 9.681189637079107291e-02, 2.704987255280744685e-01
2.367885082638642724e-01, 3.958544585117502734e-01, 9.680241802705420728e-02, 2.705546151973312052e-01
2.368429632922015859e-01, 3.957535867437401711e-01, 9.679294322305985465e-02, 2.706105067409983467e-01
2.368974297166901444e-01, 3.956526981860205572e-01, 9.678347195828783389e-02, 2.706664001390015062e-01
2.369519075216586501e-01, 3.955517928748562562e-01, 9.677400423221965697e-02, 2.707222953712654645e-01
2.370063966914307541e-01, 3.954508708465164224e-01, 9.676454004433861222e-02, 2.707781924177141697e-01
2.370608972103248613e-01, 3.953499321372744291e-01, 9.675507939412991698e-02, 2.708340912582707927e-01
2.371154090626540201e-01, 3.952489767834078682e-01, 9.674562228108053719e-02, 2.708899918728575607e-01
2.371699322327263659e-01, 3.951480048211986063e-01, 9.673616870467921514e-02, 2.709458942413958127e-01
2.372244667048446221e-01, 3.950470162869326729e-01, 9.672671866441656663e-02, 2.710017983438061662e-01
2.372790124633065434e-01, 3.949460112168998727e-01, 9.671727215978495606e-02, 2.710577041600085169e-01
2.373335694924047223e-01, 3.948449896473947285e-01, 9.670782919027863522e-02, 2.711136116699218168e-01
2.373881377764265610e-01, 3.947439516147154825e-01, 9.669838975539357673e-02, 2.711695208534644075e-01
2.374427172996543545e-01, 3.946428971551643738e-01, 9.668895385462764058e-02, 2.712254316905537421e-01
2.374973080463652908e-01, 3.945418263050477492e-01, 9.667952148748040764e-02, 2.712813441611065524e-01
2.375519100008314510e-01, 3.944407391006761188e-01, 9.667009265345336000e-02, 2.713372582450390147e-01
2.376065231473199757e-01, 3.943396355783636564e-01, 9.666066735204974225e-02, 2.713931739222665840e-01
2.376611474700927595e-01, 3.942385157744286994e-01, 9.665124558277463085e-02, 2.714490911727039379e-01
2.377157829534067290e-01, 3.941373797251934152e-01, 9.664182734513483697e-02, 2.715050099762649771e-01
2.377704295815137037e-01, 3.940362274669839127e-01, 9.663241263863910080e-02, 2.715609303128632135e-01
2.378250873386606179e-01, 3.939350590361299087e-01, 9.662300146279786950e-02, 2.716168521624116594e-01
2.378797562090892159e-01, 3.938338744689652282e-01, 9.661359381712346373e-02, 2.716727755048220505e-01
2.379344361770363570e-01, 3.937326738018274153e-01, 9.660418970112998049e-02, 2.717287003200061224e-01
2.379891272267337932e-01, 3.936314570710577332e-01, 9.659478911433333481e-02, 2.717846265878752221e-01
2.380438293424084473e-01, 3.935302243130010535e-01, 9.658539205625121804e-02, 2.718405542883391979e-01
2.380985425082821905e-01, 3.934289755640061337e-01, 9.657599852640319504e-02, 2.718964834013083975e-01
2.381532667085718702e-01, 3.933277108604255612e-01, 9.656660852431063480e-02, 2.719524139066920032e-01
2.382080019274894767e-01, 3.932264302386150878e-01, 9.655722204949661325e-02, 2.720083457843988084e-01
2.382627481492420596e-01, 3.931251337349344621e-01, 9.654783910148612147e-02, 2.720642790143373846e-01
2.383175053580317837e-01, 3.930238213857470408e-01, 9.653845967980587139e-02, 2.721202135764153041e-01
2.383722735380557067e-01, 3.929224932274194004e-01, 9.652908378398449007e-02, 2.721761494505403611e-01
2.384270526735062234e-01, 3.928211492963221141e-01, 9.651971141355236705e-02, 2.722320866166192399e-01
2.384818427485707604e-01, 3.927197896288288637e-01, 9.651034256804164047e-02, 2.722880250545586245e-01
2.385366437474318591e-01, 3.926184142613171613e-01, 9.650097724698637747e-02, 2.723439647442646439e-01
2.385914556542671761e-01, 3.925170232301675721e-01, 9.649161544992229667e-02, 2.723999056656430384e-01
2.386462784532495940e-01, 3.924156165717642142e-01, 9.648225717638703181e-02, 2.724558477985991600e-01
2.387011121285471105e-01, 3.923141943224947581e-01, 9.647290242591999299e-02, 2.725117911230381385e-01
2.387559566643229214e-01, 3.922127565187503162e-01, 9.646355119806244993e-02, 2.725677356188643818e-01
2.388108120447353655e-01, 3.921113031969247764e-01, 9.645420349235735158e-02, 2.726236812659824094e-01
2.388656782539380907e-01, 3.920098343934160234e-01, 9.644485930834964527e-02, 2.726796280442963516e-01
2.389205552760798046e-01, 3.919083501446244955e-01, 9.643551864558584652e-02, 2.727355759337097840e-01
2.389754430953045239e-01, 3.918068504869546831e-01, 9.642618150361455254e-02, 2.727915249141262266e-01
2.390303416957516303e-01, 3.917053354568135748e-01, 9.641684788198590095e-02, 2.728474749654489773e-01
2.390852510615554816e-01, 3.916038050906119339e-01, 9.640751778025195839e-02, 2.729034260675806123e-01
2.391401711768459115e-01, 3.915022594247629661e-01, 9.639819119796669278e-02, 2.729593782004244296e-01
2.391951020257478966e-01, 3.914006984956838187e-01, 9.638886813468570958e-02, 2.730153313438826168e-01
2.392500435923818336e-01, 3.912991223397940810e-01, 9.637954858996651553e-02, 2.730712854778574727e-01
2.393049958608634564e-01, 3.911975309935167844e-01, 9.637023256336842147e-02, 2.731272405822514071e-01
2.393599588153035029e-01, 3.910959244932778467e-01, 9.636092005445241748e-02, 2.731831966369662745e-01
2.394149324398083811e-01, 3.909943028755062944e-01, 9.635161106278153365e-02, 2.732391536219037631e-01
2.394699167184796695e-01, 3.908926661766339850e-01, 9.634230558792042376e-02, 2.732951115169658385e-01
2.395249116354142560e-01, 3.907910144330961066e-01, 9.633300362943558737e-02, 2.733510703020540222e-01
2.395799171747046985e-01, 3.906893476813301236e-01, 9.632370518689535588e-02, 2.734070299570699469e-01
2.396349333204383092e-01, 3.905876659577768306e-01, 9.631441025986986482e-02, 2.734629904619149676e-01
2.396899600566984589e-01, 3.904859692988799647e-01, 9.630511884793097055e-02, 2.735189517964904393e-01
2.397449973675635782e-01, 3.903842577410859827e-01, 9.629583095065252785e-02, 2.735749139406978836e-01
2.398000452371075453e-01, 3.902825313208439506e-01, 9.628654656761002906e-02, 2.736308768744384889e-01
2.398551036493995758e-01, 3.901807900746059876e-01, 9.627726569838074289e-02, 2.736868405776136104e-01
2.399101725885045555e-01, 3.900790340388268218e-01, 9.626798834254392256e-02, 2.737428050301247695e-01
2.399652520384826515e-01, 3.899772632499639569e-01, 9.625871449968040339e-02, 2.737987702118729327e-01
2.400203419833895624e-01, 3.898754777444775610e-01, 9.624944416937301905e-02, 2.738547361027597882e-01
2.400754424072762960e-01, 3.897736775588305780e-01, 9.624017735120637962e-02, 2.739107026826867464e-01
2.401305532941895859e-01, 3.896718627294883386e-01, 9.623091404476671884e-02, 2.739666699315553844e-01
2.401856746281715860e-01, 3.895700332929188936e-01, 9.622165424964228275e-02, 2.740226378292671683e-01
2.402408063932598703e-01, 3.894681892855930139e-01, 9.621239796542303824e-02, 2.740786063557240082e-01
2.402959485734876277e-01, 3.893663307439838572e-01, 9.620314519170072853e-02, 2.741345754908277588e-01
2.403511011528834951e-01, 3.892644577045671905e-01, 9.619389592806898426e-02, 2.741905452144803856e-01
2.404062641154718349e-01, 3.891625702038212786e-01, 9.618465017412312912e-02, 2.742465155065838545e-01
2.404614374452723469e-01, 3.890606682782264958e-01, 9.617540792946036032e-02, 2.743024863470408525e-01
2.405166211263003451e-01, 3.889587519642662139e-01, 9.616616919367969307e-02, 2.743584577157537341e-01
2.405718151425670359e-01, 3.888568212984259143e-01, 9.615693396638183565e-02, 2.744144295926252419e-01
2.406270194780789073e-01, 3.887548763171932431e-01, 9.614770224716946700e-02, 2.744704019575583964e-01
2.406822341168379786e-01, 3.886529170570586778e-01, 9.613847403564693139e-02, 2.745263747904564400e-01
2.407374590428421890e-01, 3.885509435545145829e-01, 9.612924933142043271e-02, 2.745823480712228370e-01
2.407926942400848980e-01, 3.884489558460558767e-01, 9.612002813409797897e-02, 2.746383217797613296e-01
2.408479396925553295e-01, 3.883469539681794758e-01, 9.611081044328931289e-02, 2.746942958959759373e-01
2.409031953842380724e-01, 3.882449379573847947e-01, 9.610159625860610622e-02, 2.747502703997711238e-01
2.409584612991136632e-01, 3.881429078501733021e-01, 9.609238557966173766e-02, 2.748062452710514081e-01
2.410137374211582251e-01, 3.880408636830484648e-01, 9.608317840607136229e-02, 2.748622204897219756e-01
2.410690237343434406e-01, 3.879388054925164697e-01, 9.607397473745202254e-02, 2.749181960356881782e-01
2.411243202226369953e-01, 3.878367333150846696e-01, 9.606477457342250947e-02, 2.749741718888558117e-01
2.411796268700019952e-01, 3.877346471872635258e-01, 9.605557791360341824e-02, 2.750301480291310607e-01
2.412349436603975217e-01, 3.876325471455648874e-01, 9.604638475761714811e-02, 2.750861244364204983e-01
2.412902705777783263e-01, 3.875304332265027130e-01, 9.603719510508793022e-02, 2.751421010906310305e-01
2.413456076060948308e-01, 3.874283054665932369e-01, 9.602800895564171657e-02, 2.751980779716701742e-01
2.414009547292933489e-01, 3.873261639023543590e-01, 9.601882630890634651e-02, 2.752540550594460012e-01
2.414563119313159478e-01, 3.872240085703058665e-01, 9.600964716451136638e-02, 2.753100323338667499e-01
2.415116791961005593e-01, 3.871218395069698226e-01, 9.600047152208826540e-02, 2.753660097748414359e-01
2.415670565075807019e-01, 3.870196567488700112e-01, 9.599129938127014261e-02, 2.754219873622791859e-01
2.416224438496860083e-01, 3.869174603325317707e-01, 9.598213074169205383e-02, 2.754779650760902920e-01
2.416778412063417258e-01, 3.868152502944824378e-01, 9.597296560299076185e-02, 2.755339428961849357e-01
2.417332485614691051e-01, 3.867130266712515696e-01, 9.596380396480491681e-02, 2.755899208024745195e-01
2.417886658989852056e-01, 3.866107894993696670e-01, 9.595464582677486198e-02, 2.756458987748703904e-01
2.418440932028029233e-01, 3.865085388153696178e-01, 9.594549118854274472e-02, 2.757018767932847836e-01
2.418995304568311300e-01, 3.864062746557856420e-01, 9.593634004975261365e-02, 2.757578548376307115e-01
2.419549776449745337e-01, 3.863039970571539028e-01, 9.592719241005021047e-02, 2.758138328878214085e-01
2.420104347511337073e-01, 3.862017060560119508e-01, 9.591804826908313653e-02, 2.758698109237711638e-01
2.420659017592053652e-01, 3.860994016888991687e-01, 9.590890762650076951e-02, 2.759257889253947660e-01
2.421213786530818091e-01, 3.859970839923564379e-01, 9.589977048195429121e-02, 2.759817668726075590e-01
2.421768654166516488e-01, 3.858947530029259165e-01, 9.589063683509663205e-02, 2.760377447453257749e-01
2.422323620337992756e-01, 3.857924087571517613e-01, 9.588150668558259593e-02, 2.760937225234662562e-01
2.422878684884050282e-01, 3.856900512915794610e-01, 9.587238003306869372e-02, 2.761497001869467338e-01
2.423433847643454986e-01, 3.855876806427557812e-01, 9.586325687721329591e-02, 2.762056777156853826e-01
2.423989108454928376e-01, 3.854852968472290975e-01, 9.585413721767663264e-02, 2.762616550896014878e-01
2.424544467157155603e-01, 3.853828999415491174e-01, 9.584502105412054385e-02, 2.763176322886146119e-01
2.425099923588781847e-01, 3.852804899622670476e-01, 9.583590838620882624e-02, 2.763736092926459276e-01
2.425655477588410658e-01, 3.851780669459353157e-01, 9.582679921360696962e-02, 2.764295860816167183e-01
2.426211128994607835e-01, 3.850756309291075707e-01, 9.581769353598232342e-02, 2.764855626354492668e-01
2.426766877645900322e-01, 3.849731819483390716e-01, 9.580859135300404117e-02, 2.765415389340668550e-01
2.427322723380773428e-01, 3.848707200401861317e-01, 9.579949266434299726e-02, 2.765975149573935421e-01
2.427878666037676936e-01, 3.847682452412061749e-01, 9.579039746967192570e-02, 2.766534906853542197e-01
2.428434705455017328e-01, 3.846657575879581237e-01, 9.578130576866530910e-02, 2.767094660978747789e-01
2.428990841471167228e-01, 3.845632571170018443e-01, 9.577221756099946193e-02, 2.767654411748819987e-01
2.429547073924455680e-01, 3.844607438648984243e-01, 9.576313284635246115e-02, 2.768214158963036020e-01
2.430103402653177314e-01, 3.843582178682100614e-01, 9.575405162440420170e-02, 2.768773902420681443e-01
2.430659827495584568e-01, 3.842556791635000635e-01, 9.574497389483631327e-02, 2.769333641921051803e-01
2.431216348289895746e-01, 3.841531277873326822e-01, 9.573589965733229901e-02, 2.769893377263453749e-01
2.431772964874288068e-01, 3.840505637762733904e-01, 9.572682891157735519e-02, 2.770453108247205032e-01
2.432329677086899899e-01, 3.839479871668884381e-01, 9.571776165725864871e-02, 2.771012834671628400e-01
2.432886484765835189e-01, 3.838453979957452411e-01, 9.570869789406491468e-02, 2.771572556336063253e-01
2.433443387749157638e-01, 3.837427962994119368e-01, 9.569963762168678945e-02, 2.772132273039855099e-01
2.434000385874892092e-01, 3.836401821144578839e-01, 9.569058083981674123e-02, 2.772691984582361657e-01
2.434557478981030643e-01, 3.835375554774528850e-01, 9.568152754814890359e-02, 2.773251690762952304e-01
2.435114666905521530e-01, 3.834349164249680753e-01, 9.567247774637938074e-02, 2.773811391381004743e-01
2.435671949486280519e-01, 3.833322649935749782e-01, 9.566343143420583117e-02, 2.774371086235911665e-01
2.436229326561184794e-01, 3.832296012198462276e-01, 9.565438861132788406e-02, 2.774930775127073534e-01
2.436786797968075458e-01, 3.831269251403550680e-01, 9.564534927744695880e-02, 2.775490457853904691e-01
2.437344363544754200e-01, 3.830242367916753543e-01, 9.563631343226609849e-02, 2.776050134215830578e-01
2.437902023128988571e-01, 3.829215362103819964e-01, 9.562728107549037238e-02, 2.776609804012287186e-01
2.438459776558507819e-01, 3.828188234330503481e-01, 9.561825220682641790e-02, 2.777169467042725493e-01
2.439017623671005663e-01, 3.827160984962562629e-01, 9.560922682598277378e-02, 2.777729123106603693e-01
2.439575564304138910e-01, 3.826133614365763713e-01, 9.560020493266975505e-02, 2.778288772003399965e-01
2.440133598295528283e-01, 3.825106122905881367e-01, 9.559118652659943927e-02, 2.778848413532595818e-01
2.440691725482759533e-01, 3.824078510948689669e-01, 9.558217160748573582e-02, 2.779408047493693856e-01
2.441249945703378998e-01, 3.823050778859975463e-01, 9.557316017504421946e-02, 2.779967673686202789e-01
2.441808258794901654e-01, 3.822022927005524484e-01, 9.556415222899246331e-02, 2.780527291909649090e-01
2.442366664594803616e-01, 3.820994955751129130e-01, 9.555514776904959484e-02, 2.781086901963570335e-01
2.442925162940526584e-01, 3.819966865462586791e-01, 9.554614679493669827e-02, 2.781646503647517976e-01
2.443483753669477565e-01, 3.818938656505700413e-01, 9.553714930637655089e-02, 2.782206096761056791e-01
2.444042436619025815e-01, 3.817910329246271273e-01, 9.552815530309374803e-02, 2.782765681103765987e-01
2.444601211626506454e-01, 3.816881884050110085e-01, 9.551916478481466133e-02, 2.783325256475235321e-01
2.445160078529222125e-01, 3.815853321283028121e-01, 9.551017775126745268e-02, 2.783884822675075088e-01
2.445719037164436338e-01, 3.814824641310839426e-01, 9.550119420218207422e-02, 2.784444379502903910e-01
2.446278087369380405e-01, 3.813795844499361376e-01, 9.549221413729025443e-02, 2.785003926758355952e-01
2.446837228981250389e-01, 3.812766931214412458e-01, 9.548323755632544263e-02, 2.785563464241082032e-01
2.447396461837207937e-01, 3.811737901821816155e-01, 9.547426445902298942e-02, 2.786122991750746847e-01
2.447955785774379445e-01, 3.810708756687391507e-01, 9.546529484511993846e-02, 2.786682509087027859e-01
2.448515200629858279e-01, 3.809679496176968105e-01, 9.545632871435522082e-02, 2.787242016049620852e-01
2.449074706240702282e-01, 3.808650120656368321e-01, 9.544736606646933574e-02, 2.787801512438234930e-01
2.449634302443936817e-01, 3.807620630491420077e-01, 9.543840690120480863e-02, 2.788360998052594741e-01
2.450193989076551448e-01, 3.806591026047951298e-01, 9.542945121830577471e-02, 2.788920472692439922e-01
2.450753765975503540e-01, 3.805561307691786577e-01, 9.542049901751828433e-02, 2.789479936157527873e-01
2.451313632977716872e-01, 3.804531475788754946e-01, 9.541155029858999770e-02, 2.790039388247628205e-01
2.451873589920079977e-01, 3.803501530704683775e-01, 9.540260506127053175e-02, 2.790598828762531070e-01
2.452433636639449188e-01, 3.802471472805398767e-01, 9.539366330531115490e-02, 2.791158257502040496e-01
2.452993772972648368e-01, 3.801441302456724514e-01, 9.538472503046500905e-02, 2.791717674265976057e-01
2.453553998756466958e-01, 3.800411020024487829e-01, 9.537579023648694310e-02, 2.792277078854176198e-01
2.454114313827661931e-01, 3.799380625874508866e-01, 9.536685892313365165e-02, 2.792836471066493242e-01
2.454674718022957225e-01, 3.798350120372609995e-01, 9.535793109016350855e-02, 2.793395850702797834e-01
2.455235211179043753e-01, 3.797319503884609149e-01, 9.534900673733674725e-02, 2.793955217562980042e-01
2.455795793132581339e-01, 3.796288776776323703e-01, 9.534008586441534983e-02, 2.794514571446942708e-01
2.456356463720195116e-01, 3.795257939413566040e-01, 9.533116847116307468e-02, 2.795073912154608653e-01
2.456917222778479959e-01, 3.794226992162147982e-01, 9.532225455734548436e-02, 2.795633239485918464e-01
2.457478070143996052e-01, 3.793195935387875806e-01, 9.531334412272987611e-02, 2.796192553240829382e-01
2.458039005653273323e-01, 3.792164769456555229e-01, 9.530443716708533741e-02, 2.796751853219316408e-01
2.458600029142811727e-01, 3.791133494733985865e-01, 9.529553369018280151e-02, 2.797311139221375087e-01
2.459161140449074023e-01, 3.790102111585962330e-01, 9.528663369179479758e-02, 2.797870411047015393e-01
2.459722339408496050e-01, 3.789070620378276466e-01, 9.527773717169581158e-02, 2.798429668496268397e-01
2.460283625857480894e-01, 3.788039021476716783e-01, 9.526884412966206417e-02, 2.798988911369182375e-01
2.460844999632397501e-01, 3.787007315247061801e-01, 9.525995456547141360e-02, 2.799548139465825591e-01
2.461406460569587895e-01, 3.785975502055091702e-01, 9.525106847890371653e-02, 2.800107352586284626e-01
2.461968008505359962e-01, 3.784943582266572792e-01, 9.524218586974041167e-02, 2.800666550530663823e-01
2.462529643275990776e-01, 3.783911556247272490e-01, 9.523330673776478350e-02, 2.801225733099088622e-01
2.463091364717728271e-01, 3.782879424362948773e-01, 9.522443108276190671e-02, 2.801784900091703889e-01
2.463653172666787072e-01, 3.781847186979354070e-01, 9.521555890451861848e-02, 2.802344051308671702e-01
2.464215066959354883e-01, 3.780814844462232482e-01, 9.520669020282350459e-02, 2.802903186550177450e-01
2.464777047431584434e-01, 3.779782397177323117e-01, 9.519782497746692718e-02, 2.803462305616423178e-01
2.465339113919600700e-01, 3.778749845490356196e-01, 9.518896322824105249e-02, 2.804021408307632024e-01
2.465901266259498958e-01, 3.777717189767054728e-01, 9.518010495493976764e-02, 2.804580494424048220e-01
2.466463504287341180e-01, 3.776684430373134504e-01, 9.517125015735872218e-02, 2.805139563765937094e-01
2.467025827839162966e-01, 3.775651567674301323e-01, 9.516239883529542531e-02, 2.805698616133581180e-01
2.467588236750969388e-01, 3.774618602036253212e-01, 9.515355098854910709e-02, 2.806257651327287994e-01
2.468150730858733322e-01, 3.773585533824679872e-01, 9.514470661692067677e-02, 2.806816669147380039e-01
2.468713309998400440e-01, 3.772552363405261011e-01, 9.513586572021294485e-02, 2.807375669394208129e-01
2.469275974005887830e-01, 3.771519091143667457e-01, 9.512702829823042883e-02, 2.807934651868140286e-01
2.469838722717079826e-01, 3.770485717405561155e-01, 9.511819435077940865e-02, 2.808493616369566737e-01
2.470401555967833285e-01, 3.769452242556590726e-01, 9.510936387766794065e-02, 2.809052562698896582e-01
2.470964473593977584e-01, 3.768418666962398689e-01, 9.510053687870581585e-02, 2.809611490656565569e-01
2.471527475431310739e-01, 3.767384990988614235e-01, 9.509171335370468492e-02, 2.810170400043028316e-01
2.472090561315603008e-01, 3.766351215000856012e-01, 9.508289330247786386e-02, 2.810729290658761648e-01
2.472653731082597173e-01, 3.765317339364732119e-01, 9.507407672484048666e-02, 2.811288162304265703e-01
2.473216984568004928e-01, 3.764283364445838442e-01, 9.506526362060942204e-02, 2.811847014780062826e-01
2.473780321607511878e-01, 3.763249290609759212e-01, 9.505645398960331505e-02, 2.812405847886695343e-01
2.474343742036774207e-01, 3.762215118222067556e-01, 9.504764783164261488e-02, 2.812964661424732227e-01
2.474907245691420066e-01, 3.761180847648321057e-01, 9.503884514654944993e-02, 2.813523455194764100e-01
2.475470832407049016e-01, 3.760146479254070639e-01, 9.503004593414782208e-02, 2.814082228997402124e-01
2.476034502019234806e-01, 3.759112013404846131e-01, 9.502125019426334307e-02, 2.814640982633285216e-01
2.476598254363521767e-01, 3.758077450466171809e-01, 9.501245792672353974e-02, 2.815199715903072275e-01
2.477162089275426193e-01, 3.757042790803553078e-01, 9.500366913135757652e-02, 2.815758428607444408e-01
2.477726006590438013e-01, 3.756008034782484239e-01, 9.499488380799653298e-02, 2.816317120547112696e-01
2.478290006144019675e-01, 3.754973182768444051e-01, 9.498610195647307075e-02, 2.816875791522805983e-01
2.478854087771606152e-01, 3.753938235126896839e-01, 9.497732357662175273e-02, 2.817434441335279205e-01
2.479418251308605770e-01, 3.752903192223294160e-01, 9.496854866827876551e-02, 2.817993069785312277e-01
2.479982496590398822e-01, 3.751868054423068699e-01, 9.495977723128222470e-02, 2.818551676673710649e-01
2.480546823452340899e-01, 3.750832822091641483e-01, 9.495100926547182796e-02, 2.819110261801299200e-01
2.481111231729757893e-01, 3.749797495594416330e-01, 9.494224477068920198e-02, 2.819668824968933896e-01
2.481675721257950717e-01, 3.748762075296781515e-01, 9.493348374677755552e-02, 2.820227365977491796e-01
2.482240291872195581e-01, 3.747726561564108660e-01, 9.492472619358202635e-02, 2.820785884627875495e-01
2.482804943407739551e-01, 3.746690954761752179e-01, 9.491597211094938980e-02, 2.821344380721014233e-01
2.483369675699805545e-01, 3.745655255255051497e-01, 9.490722149872822533e-02, 2.821902854057860566e-01
2.483934488583589006e-01, 3.744619463409327720e-01, 9.489847435676880549e-02, 2.822461304439394802e-01
2.484499381894260117e-01, 3.743583579589884192e-01, 9.488973068492331797e-02, 2.823019731666622234e-01
2.485064355466964359e-01, 3.742547604162006492e-01, 9.488099048304549088e-02, 2.823578135540572576e-01
2.485629409136820012e-01, 3.741511537490966322e-01, 9.487225375099100910e-02, 2.824136515862304964e-01
2.486194542738920099e-01, 3.740475379942009293e-01, 9.486352048861712571e-02, 2.824694872432899628e-01
2.486759756108332664e-01, 3.739439131880369360e-01, 9.485479069578303668e-02, 2.825253205053467886e-01
2.487325049080101880e-01, 3.738402793671257718e-01, 9.484606437234950616e-02, 2.825811513525145480e-01
2.487890421489243609e-01, 3.737366365679867797e-01, 9.483734151817918567e-02, 2.826369797649096460e-01
2.488455873170752064e-01, 3.736329848271373599e-01, 9.482862213313640598e-02, 2.826928057226509861e-01
2.489021403959595369e-01, 3.735293241810930254e-01, 9.481990621708728806e-02, 2.827486292058602468e-01
2.489587013690716111e-01, 3.734256546663670129e-01, 9.481119376989964598e-02, 2.828044501946618272e-01
2.490152702199032453e-01, 3.733219763194706720e-01, 9.480248479144319507e-02, 2.828602686691828461e-01
2.490718469319440354e-01, 3.732182891769134092e-01, 9.479377928158916333e-02, 2.829160846095533643e-01
2.491284314886808016e-01, 3.731145932752024108e-01, 9.478507724021077718e-02, 2.829718979959058855e-01
2.491850238735983103e-01, 3.730108886508428090e-01, 9.477637866718283122e-02, 2.830277088083760773e-01
2.492416240701786356e-01, 3.729071753403374045e-01, 9.476768356238195190e-02, 2.830835170271020496e-01
2.492982320619015757e-01, 3.728034533801869999e-01, 9.475899192568643103e-02, 2.831393226322249101e-01
2.493548478322446804e-01, 3.726997228068901769e-01, 9.475030375697646168e-02, 2.831951256038887088e-01
2.494114713646828352e-01, 3.725959836569431305e-01, 9.474161905613383283e-02, 2.832509259222401043e-01
2.494681026426888992e-01, 3.724922359668400573e-01, 9.473293782304217925e-02, 2.833067235674289197e-01
2.495247416497331228e-01, 3.723884797730724894e-01, 9.472426005758680101e-02, 2.833625185196075313e-01
2.495813883692837021e-01, 3.722847151121299603e-01, 9.471558575965481619e-02, 2.834183107589315909e-01
2.496380427848062800e-01, 3.721809420204994501e-01, 9.470691492913506371e-02, 2.834741002655593034e-01
2.496947048797643620e-01, 3.720771605346655519e-01, 9.469824756591804782e-02, 2.835298870196520382e-01
2.497513746376189836e-01, 3.719733706911106941e-01, 9.468958366989621567e-02, 2.835856710013741067e-01
2.498080520418293204e-01, 3.718695725263144736e-01, 9.468092324096348544e-02, 2.836414521908927067e-01
2.498647370758518005e-01, 3.717657660767542671e-01, 9.467226627901573210e-02, 2.836972305683781448e-01
2.499214297231408810e-01, 3.716619513789048423e-01, 9.466361278395057921e-02, 2.837530061140036142e-01
2.499781299671487433e-01, 3.715581284692386910e-01, 9.465496275566721851e-02, 2.838087788079454721e-01
2.500348377913254039e-01, 3.714542973842251961e-01, 9.464631619406668750e-02, 2.838645486303827958e-01
2.500915531791185198e-01, 3.713504581603316868e-01, 9.463767309905177227e-02, 2.839203155614980489e-01
2.501482761139737776e-01, 3.712466108340226056e-01, 9.462903347052699365e-02, 2.839760795814767480e-01
2.502050065793344769e-01, 3.711427554417597308e-01, 9.462039730839862106e-02, 2.840318406705072407e-01
2.502617445586418632e-01, 3.710388920200022866e-01, 9.461176461257461701e-02, 2.840875988087812609e-01
2.503184900353350173e-01, 3.709350206052067778e-01, 9.460313538296472036e-02, 2.841433539764934291e-01
2.503752429928510770e-01, 3.708311412338268775e-01, 9.459450961948039083e-02, 2.841991061538416963e-01
2.504320034146246265e-01, 3.707272539423134838e-01, 9.458588732203485061e-02, 2.842548553210271223e-01
2.504887712840885294e-01, 3.706233587671146634e-01, 9.457726849054301499e-02, 2.843106014582537089e-01
2.505455465846733176e-01, 3.705194557446760406e-01, 9.456865312492161724e-02, 2.843663445457290662e-01
2.506023292998075802e-01, 3.704155449114397980e-01, 9.456004122508900045e-02, 2.844220845636635242e-01
2.506591194129179079e-01, 3.703116263038456202e-01, 9.455143279096536735e-02, 2.844778214922711879e-01
2.507159169074285598e-01, 3.702076999583300831e-01, 9.454282782247257211e-02, 2.845335553117687710e-01
2.507727217667620190e-01, 3.701037659113269873e-01, 9.453422631953427302e-02, 2.845892860023767068e-01
2.508295339743386032e-01, 3.699998241992671355e-01, 9.452562828207577983e-02, 2.846450135443185370e-01
2.508863535135767431e-01, 3.698958748585779444e-01, 9.451703371002416476e-02, 2.847007379178211339e-01
2.509431803678925932e-01, 3.697919179256845545e-01, 9.450844260330831803e-02, 2.847564591031145342e-01
2.510000145207006428e-01, 3.696879534370083320e-01, 9.449985496185872580e-02, 2.848121770804322161e-01
2.510568559554133272e-01, 3.695839814289680336e-01, 9.449127078560773385e-02, 2.848678918300110996e-01
2.511137046554410279e-01, 3.694800019379787526e-01, 9.448269007448925616e-02, 2.849236033320911021e-01
2.511705606041920724e-01, 3.693760150004530840e-01, 9.447411282843910796e-02, 2.849793115669158605e-01
2.512274237850730674e-01, 3.692720206527999038e-01, 9.446553904739472818e-02, 2.850350165147321757e-01
2.512842941814887876e-01, 3.691680189314253679e-01, 9.445696873129538762e-02, 2.850907181557905123e-01
2.513411717768417875e-01, 3.690640098727319685e-01, 9.444840188008189752e-02, 2.851464164703443882e-01
2.513980565545329005e-01, 3.689599935131190889e-01, 9.443983849369701200e-02, 2.852021114386509848e-01
2.514549484979612393e-01, 3.688559698889828375e-01, 9.443127857208506726e-02, 2.852578030409708143e-01
2.515118475905235296e-01, 3.687519390367160477e-01, 9.442272211519223135e-02, 2.853134912575681081e-01
2.515687538156154424e-01, 3.686479009927081663e-01, 9.441416912296626829e-02, 2.853691760687102619e-01
2.516256671566299286e-01, 3.685438557933450321e-01, 9.440561959535677394e-02, 2.854248574546683348e-01
2.516825875969587734e-01, 3.684398034750094308e-01, 9.439707353231500953e-02, 2.854805353957168279e-01
2.517395151199917080e-01, 3.683357440740804845e-01, 9.438853093379406811e-02, 2.855362098721337394e-01
2.517964497091165765e-01, 3.682316776269338732e-01, 9.437999179974859709e-02, 2.855918808642008977e-01
2.518533913477196129e-01, 3.681276041699420021e-01, 9.437145613013513124e-02, 2.856475483522033509e-01
2.519103400191851638e-01, 3.680235237394732239e-01, 9.436292392491175962e-02, 2.857032123164297555e-01
2.519672957068959107e-01, 3.679194363718927829e-01, 9.435439518403847259e-02, 2.857588727371726534e-01
2.520242583942327586e-01, 3.678153421035624260e-01, 9.434586990747688418e-02, 2.858145295947279174e-01
2.520812280645747250e-01, 3.677112409708397367e-01, 9.433734809519030151e-02, 2.858701828693951397e-01
2.521382047012993843e-01, 3.676071330100792456e-01, 9.432882974714380808e-02, 2.859258325414775759e-01
2.521951882877823126e-01, 3.675030182576313753e-01, 9.432031486330420822e-02, 2.859814785912820900e-01
2.522521788073976978e-01, 3.673988967498430513e-01, 9.431180344364001322e-02, 2.860371209991192654e-01
2.523091762435176744e-01, 3.672947685230574799e-01, 9.430329548812138585e-02, 2.860927597453035154e-01
2.523661805795131552e-01, 3.671906336136139815e-01, 9.429479099672034847e-02, 2.861483948101526398e-01
2.524231917987529994e-01, 3.670864920578482127e-01, 9.428628996941050555e-02, 2.862040261739883795e-01
2.524802098846049003e-01, 3.669823438920918890e-01, 9.427779240616723788e-02, 2.862596538171360838e-01
2.525372348204341644e-01, 3.668781891526728955e-01, 9.426929830696764712e-02, 2.863152777199252097e-01
2.525942665896054318e-01, 3.667740278759154537e-01, 9.426080767179054187e-02, 2.863708978626885449e-01
2.526513051754809558e-01, 3.666698600981396217e-01, 9.425232050061645162e-02, 2.864265142257629293e-01
2.527083505614218240e-01, 3.665656858556615161e-01, 9.424383679342764053e-02, 2.864821267894889223e-01
2.527654027307875140e-01, 3.664615051847935345e-01, 9.423535655020795487e-02, 2.865377355342109689e-01
2.528224616669357272e-01, 3.663573181218436892e-01, 9.422687977094316991e-02, 2.865933404402772888e-01
2.528795273532229437e-01, 3.662531247031164394e-01, 9.421840645562058747e-02, 2.866489414880399322e-01
2.529365997730039228e-01, 3.661489249649118038e-01, 9.420993660422932736e-02, 2.867045386578550015e-01
2.529936789096317584e-01, 3.660447189435258597e-01, 9.420147021676018861e-02, 2.867601319300821516e-01
2.530507647464583232e-01, 3.659405066752505764e-01, 9.419300729320566334e-02, 2.868157212850854232e-01
2.531078572668339355e-01, 3.658362881963738156e-01, 9.418454783355996451e-02, 2.868713067032322428e-01
2.531649564541074149e-01, 3.657320635431792755e-01, 9.417609183781903981e-02, 2.869268881648943115e-01
2.532220622916259711e-01, 3.656278327519462135e-01, 9.416763930598051613e-02, 2.869824656504472715e-01
2.532791747627355372e-01, 3.655235958589500567e-01, 9.415919023804372734e-02, 2.870380391402706510e-01
2.533362938507806028e-01, 3.654193529004617358e-01, 9.415074463400970040e-02, 2.870936086147479194e-01
2.533934195391042143e-01, 3.653151039127478517e-01, 9.414230249388126637e-02, 2.871491740542667648e-01
2.534505518110478639e-01, 3.652108489320708418e-01, 9.413386381766282451e-02, 2.872047354392185392e-01
2.535076906499519889e-01, 3.651065879946886472e-01, 9.412542860536050882e-02, 2.872602927499989245e-01
2.535648360391551948e-01, 3.650023211368549347e-01, 9.411699685698225737e-02, 2.873158459670075993e-01
2.536219879619950879e-01, 3.648980483948189857e-01, 9.410856857253765972e-02, 2.873713950706481834e-01
2.536791464018077202e-01, 3.647937698048256960e-01, 9.410014375203791526e-02, 2.874269400413286268e-01
2.537363113419279781e-01, 3.646894854031152988e-01, 9.409172239549608296e-02, 2.874824808594605985e-01
2.537934827656892489e-01, 3.645851952259235862e-01, 9.408330450292677616e-02, 2.875380175054603193e-01
2.538506606564236434e-01, 3.644808993094821870e-01, 9.407489007434644002e-02, 2.875935499597476741e-01
2.539078449974620511e-01, 3.643765976900176229e-01, 9.406647910977314342e-02, 2.876490782027472104e-01
2.539650357721339180e-01, 3.642722904037521414e-01, 9.405807160922667609e-02, 2.877046022148872506e-01
2.540222329637676912e-01, 3.641679774869034936e-01, 9.404966757272846534e-02, 2.877601219766003915e-01
2.540794365556902079e-01, 3.640636589756844899e-01, 9.404126700030177033e-02, 2.878156374683234486e-01
2.541366465312274170e-01, 3.639593349063036665e-01, 9.403286989197141843e-02, 2.878711486704974565e-01
2.541938628737036576e-01, 3.638550053149643415e-01, 9.402447624776402724e-02, 2.879266555635678349e-01
2.542510855664424363e-01, 3.637506702378658363e-01, 9.401608606770786580e-02, 2.879821581279839449e-01
2.543083145927657052e-01, 3.636463297112019766e-01, 9.400769935183288240e-02, 2.880376563441995330e-01
2.543655499359943617e-01, 3.635419837711621471e-01, 9.399931610017071837e-02, 2.880931501926727312e-01
2.544227915794483597e-01, 3.634376324539310144e-01, 9.399093631275479144e-02, 2.881486396538657235e-01
2.544800395064461540e-01, 3.633332757956883596e-01, 9.398255998962017077e-02, 2.882041247082453017e-01
2.545372937003050895e-01, 3.632289138326089684e-01, 9.397418713080353536e-02, 2.882596053362824762e-01
2.545945541443415117e-01, 3.631245466008627965e-01, 9.396581773634336832e-02, 2.883150815184523652e-01
2.546518208218706003e-01, 3.630201741366148593e-01, 9.395745180627980420e-02, 2.883705532352348055e-01
2.547090937162063695e-01, 3.629157964760253985e-01, 9.394908934065460127e-02, 2.884260204671136307e-01
2.547663728106617231e-01, 3.628114136552493818e-01, 9.394073033951136353e-02, 2.884814831945776148e-01
2.548236580885486768e-01, 3.627070257104369477e-01, 9.393237480289526320e-02, 2.885369413981191400e-01
2.548809495331778030e-01, 3.626026326777331832e-01, 9.392402273085316555e-02, 2.885923950582358621e-01
2.549382471278589524e-01, 3.624982345932780681e-01, 9.391567412343372612e-02, 2.886478441554292118e-01
2.549955508559009210e-01, 3.623938314932065308e-01, 9.390732898068711310e-02, 2.887032886702055046e-01
2.550528607006111725e-01, 3.622894234136482816e-01, 9.389898730266532656e-02, 2.887587285830751638e-01
2.551101766452965602e-01, 3.621850103907279794e-01, 9.389064908942204579e-02, 2.888141638745534423e-01
2.551674986732624939e-01, 3.620805924605651205e-01, 9.388231434101254602e-02, 2.888695945251598673e-01
2.552248267678137728e-01, 3.619761696592738165e-01, 9.387398305749387883e-02, 2.889250205154185736e-01
2.552821609122540858e-01, 3.618717420229631831e-01, 9.386565523892473339e-02, 2.889804418258581920e-01
2.553395010898860118e-01, 3.617673095877367850e-01, 9.385733088536545032e-02, 2.890358584370118500e-01
2.553968472840114079e-01, 3.616628723896930797e-01, 9.384900999687811884e-02, 2.890912703294173935e-01
2.554541994779311320e-01, 3.615584304649251957e-01, 9.384069257352654903e-02, 2.891466774836171649e-01
2.555115576549450984e-01, 3.614539838495208213e-01, 9.383237861537604974e-02, 2.892020798801580028e-01
2.555689217983521111e-01, 3.613495325795625379e-01, 9.382406812249380335e-02, 2.892574774995915754e-01
2.556262918914504745e-01, 3.612450766911269873e-01, 9.381576109494860205e-02, 2.893128703224739917e-01
2.556836679175373273e-01, 3.611406162202857595e-01, 9.380745753281084787e-02, 2.893682583293659683e-01
2.557410498599090865e-01, 3.610361512031048381e-01, 9.379915743615278856e-02, 2.894236415008332175e-01
2.557984377018611699e-01, 3.609316816756448776e-01, 9.379086080504817069e-02, 2.894790198174456708e-01
2.558558314266882183e-01, 3.608272076739608702e-01, 9.378256763957253106e-02, 2.895343932597783665e-01
2.559132310176840952e-01, 3.607227292341021463e-01, 9.377427793980301629e-02, 2.895897618084106728e-01
2.559706364581419424e-01, 3.606182463921125958e-01, 9.376599170581849385e-02, 2.896451254439270651e-01
2.560280477313537362e-01, 3.605137591840304467e-01, 9.375770893769948267e-02, 2.897004841469163483e-01
2.560854648206111195e-01, 3.604092676458883204e-01, 9.374942963552820863e-02, 2.897558378979724347e-01
2.561428877092044587e-01, 3.603047718137132316e-01, 9.374115379938854908e-02, 2.898111866776938439e-01
2.562003163804239536e-01, 3.602002717235263107e-01, 9.373288142936597733e-02, 2.898665304666837583e-01
2.562577508175585272e-01, 3.600957674113430262e-01, 9.372461252554781241e-02, 2.899218692455505231e-01
2.563151910038968806e-01, 3.599912589131732399e-01, 9.371634708802291380e-02, 2.899772029949070351e-01
2.563726369227263824e-01, 3.598867462650208182e-01, 9.370808511688182019e-02, 2.900325316953709653e-01
2.564300885573342348e-01, 3.597822295028840212e-01, 9.369982661221677722e-02, 2.900878553275650917e-01
2.564875458910065298e-01, 3.596777086627549469e-01, 9.369157157412169590e-02, 2.901431738721168552e-01
2.565450089070290263e-01, 3.595731837806201980e-01, 9.368332000269215254e-02, 2.901984873096585815e-01
2.566024775886867615e-01, 3.594686548924602709e-01, 9.367507189802530554e-02, 2.902537956208276482e-01
2.566599519192639400e-01, 3.593641220342497777e-01, 9.366682726022018679e-02, 2.903090987862661509e-01
2.567174318820441559e-01, 3.592595852419572799e-01, 9.365858608937727148e-02, 2.903643967866212927e-01
2.567749174603105589e-01, 3.591550445515455103e-01, 9.365034838559881114e-02, 2.904196896025451058e-01
2.568324086373455217e-01, 3.590504999989710955e-01, 9.364211414898873653e-02, 2.904749772146946185e-01
2.568899053964308066e-01, 3.589459516201846667e-01, 9.363388337965261599e-02, 2.905302596037319662e-01
2.569474077208477869e-01, 3.588413994511307492e-01, 9.362565607769759990e-02, 2.905855367503238362e-01
2.570049155938770591e-01, 3.587368435277477063e-01, 9.361743224323264279e-02, 2.906408086351425224e-01
2.570624289987987754e-01, 3.586322838859679618e-01, 9.360921187636828122e-02, 2.906960752388650371e-01
2.571199479188925330e-01, 3.585277205617175555e-01, 9.360099497721674489e-02, 2.907513365421731666e-01
2.571774723374372629e-01, 3.584231535909164768e-01, 9.359278154589187326e-02, 2.908065925257543594e-01
2.572350022377116741e-01, 3.583185830094784974e-01, 9.358457158250921282e-02, 2.908618431703005602e-01
2.572925376029935873e-01, 3.582140088533111721e-01, 9.357636508718596147e-02, 2.909170884565092652e-01
2.573500784165607125e-01, 3.581094311583156720e-01, 9.356816206004092695e-02, 2.909723283650826886e-01
2.574076246616899821e-01, 3.580048499603869505e-01, 9.355996250119466562e-02, 2.910275628767284295e-01
2.574651763216580513e-01, 3.579002652954135777e-01, 9.355176641076930200e-02, 2.910827919721590828e-01
2.575227333797410756e-01, 3.577956771992779061e-01, 9.354357378888866759e-02, 2.911380156320924062e-01
2.575802958192147107e-01, 3.576910857078556827e-01, 9.353538463567825922e-02, 2.911932338372514306e-01
2.576378636233543351e-01, 3.575864908570164369e-01, 9.352719895126512806e-02, 2.912484465683641277e-01
2.576954367754347164e-01, 3.574818926826232590e-01, 9.351901673577808771e-02, 2.913036538061639646e-01
2.577530152587305112e-01, 3.573772912205325225e-01, 9.351083798934760327e-02, 2.913588555313894046e-01
2.578105990565157102e-01, 3.572726865065944390e-01, 9.350266271210569413e-02, 2.914140517247842954e-01
2.578681881520640262e-01, 3.571680785766523925e-01, 9.349449090418612829e-02, 2.914692423670973698e-01
2.579257825286488393e-01, 3.570634674665436603e-01, 9.348632256572435295e-02, 2.915244274390832446e-01
2.579833821695433071e-01, 3.569588532120981927e-01, 9.347815769685724474e-02, 2.915796069215012554e-01
2.580409870580200882e-01, 3.568542358491400557e-01, 9.346999629772359541e-02, 2.916347807951163995e-01
2.580985971773515075e-01, 3.567496154134863207e-01, 9.346183836846370940e-02, 2.916899490406984485e-01
2.581562125108098349e-01, 3.566449919409473979e-01, 9.345368390921958424e-02, 2.917451116390232246e-01
2.582138330416666738e-01, 3.565403654673272582e-01, 9.344553292013477175e-02, 2.918002685708712685e-01
2.582714587531937389e-01, 3.564357360284227116e-01, 9.343738540135458626e-02, 2.918554198170288938e-01
2.583290896286623006e-01, 3.563311036600242954e-01, 9.342924135302596578e-02, 2.919105653582875215e-01
2.583867256513432409e-01, 3.562264683979153301e-01, 9.342110077529740264e-02, 2.919657051754439570e-01
2.584443668045075526e-01, 3.561218302778725864e-01, 9.341296366831911002e-02, 2.920208392493007232e-01
2.585020130714257292e-01, 3.560171893356660622e-01, 9.340483003224295255e-02, 2.920759675606652839e-01
2.585596644353680973e-01, 3.559125456070585392e-01, 9.339669986722240469e-02, 2.921310900903508201e-01
2.586173208796050393e-01, 3.558078991278063596e-01, 9.338857317341256459e-02, 2.921862068191760642e-01
2.586749823874063825e-01, 3.557032499336585940e-01, 9.338044995097025125e-02, 2.922413177279648000e-01
2.587326489420420095e-01, 3.555985980603575403e-01, 9.337233020005375472e-02, 2.922964227975467510e-01
2.587903205267815809e-01, 3.554939435436383910e-01, 9.336421392082319692e-02, 2.923515220087568034e-01
2.588479971248947575e-01, 3.553892864192295664e-01, 9.335610111344022632e-02, 2.924066153424354497e-01
2.589056787196509224e-01, 3.552846267228521593e-01, 9.334799177806817061e-02, 2.924617027794287893e-01
2.589633652943192921e-01, 3.551799644902203790e-01, 9.333988591487195341e-02, 2.925167843005883062e-01
2.590210568321692497e-01, 3.550752997570412184e-01, 9.333178352401819144e-02, 2.925718598867713127e-01
2.590787533164698453e-01, 3.549706325590148426e-01, 9.332368460567505575e-02, 2.926269295188402841e-01
2.591364547304901289e-01, 3.548659629318338671e-01, 9.331558916001243820e-02, 2.926819931776634687e-01
2.591941610574992616e-01, 3.547612909111840240e-01, 9.330749718720178498e-02, 2.927370508441149988e-01
2.592518722807659604e-01, 3.546566165327437736e-01, 9.329940868741622151e-02, 2.927921024990740029e-01
2.593095883835593862e-01, 3.545519398321842486e-01, 9.329132366083051076e-02, 2.928471481234258822e-01
2.593673093491482007e-01, 3.544472608451695317e-01, 9.328324210762097002e-02, 2.929021876980613115e-01
2.594250351608016203e-01, 3.543425796073561007e-01, 9.327516402796565131e-02, 2.929572212038766832e-01
2.594827658017883065e-01, 3.542378961543933280e-01, 9.326708942204418873e-02, 2.930122486217739963e-01
2.595405012553774760e-01, 3.541332105219233695e-01, 9.325901829003779842e-02, 2.930672699326613007e-01
2.595982415048378456e-01, 3.540285227455807759e-01, 9.325095063212941737e-02, 2.931222851174518640e-01
2.596559865334386319e-01, 3.539238328609928264e-01, 9.324288644850353691e-02, 2.931772941570650048e-01
2.597137363244488850e-01, 3.538191409037793056e-01, 9.323482573934625817e-02, 2.932322970324255929e-01
2.597714908611377105e-01, 3.537144469095524490e-01, 9.322676850484538924e-02, 2.932872937244643818e-01
2.598292501267745469e-01, 3.536097509139172756e-01, 9.321871474519027867e-02, 2.933422842141178433e-01
2.598870141046287219e-01, 3.535050529524710883e-01, 9.321066446057195420e-02, 2.933972684823282773e-01
2.599447827779695630e-01, 3.534003530608038623e-01, 9.320261765118302566e-02, 2.934522465100435906e-01
2.600025561300668420e-01, 3.532956512744975242e-01, 9.319457431721775431e-02, 2.935072182782178518e-01
2.600603341441902749e-01, 3.531909476291270611e-01, 9.318653445887201126e-02, 2.935621837678105694e-01
2.601181168036099112e-01, 3.530862421602593559e-01, 9.317849807634327741e-02, 2.936171429597874694e-01
2.601759040915956889e-01, 3.529815349034538530e-01, 9.317046516983065740e-02, 2.936720958351197730e-01
2.602336959914180459e-01, 3.528768258942623359e-01, 9.316243573953483792e-02, 2.937270423747848636e-01
2.602914924863473090e-01, 3.527721151682285949e-01, 9.315440978565821262e-02, 2.937819825597657863e-01
2.603492935596542490e-01, 3.526674027608891482e-01, 9.314638730840471559e-02, 2.938369163710517484e-01
2.604070991946098590e-01, 3.525626887077725202e-01, 9.313836830797989075e-02, 2.938918437896377855e-01
2.604649093744851318e-01, 3.524579730443992420e-01, 9.313035278459100286e-02, 2.939467647965245956e-01
2.605227240825517265e-01, 3.523532558062823505e-01, 9.312234073844671833e-02, 2.940016793727192046e-01
2.605805433020810802e-01, 3.522485370289268891e-01, 9.311433216975756322e-02, 2.940565874992344120e-01
2.606383670163453514e-01, 3.521438167478300740e-01, 9.310632707873550684e-02, 2.941114891570890677e-01
2.606961952086166434e-01, 3.520390949984812390e-01, 9.309832546559416999e-02, 2.941663843273080170e-01
2.607540278621675589e-01, 3.519343718163616686e-01, 9.309032733054881104e-02, 2.942212729909219338e-01
2.608118649602710337e-01, 3.518296472369448202e-01, 9.308233267381629816e-02, 2.942761551289678756e-01
2.608697064862003367e-01, 3.517249212956961024e-01, 9.307434149561502612e-02, 2.943310307224885070e-01
2.609275524232288479e-01, 3.516201940280730964e-01, 9.306635379616513826e-02, 2.943858997525329313e-01
2.609854027546305577e-01, 3.515154654695249459e-01, 9.305836957568823509e-02, 2.944407622001561919e-01
2.610432574636799008e-01, 3.514107356554931338e-01, 9.305038883440766573e-02, 2.944956180464193829e-01
2.611011165336513673e-01, 3.513060046214108723e-01, 9.304241157254822259e-02, 2.945504672723897044e-01
2.611589799478201690e-01, 3.512012724027031574e-01, 9.303443779033644667e-02, 2.946053098591402408e-01
2.612168476894617397e-01, 3.510965390347869919e-01, 9.302646748800040555e-02, 2.946601457877507935e-01
2.612747197418521239e-01, 3.509918045530713293e-01, 9.301850066576981824e-02, 2.947149750393068257e-01
2.613325960882674770e-01, 3.508870689929564080e-01, 9.301053732387590256e-02, 2.947697975949001292e-01
2.613904767119848427e-01, 3.507823323898349721e-01, 9.300257746255165270e-02, 2.948246134356286574e-01
2.614483615962813201e-01, 3.506775947790908288e-01, 9.299462108203145061e-02, 2.948794225425964699e-01
2.615062507244347856e-01, 3.505728561960997913e-01, 9.298666818255142685e-02, 2.949342248969138991e-01
2.615641440797235040e-01, 3.504681166762295130e-01, 9.297871876434932181e-02, 2.949890204796976612e-01
2.616220416454262399e-01, 3.503633762548389874e-01, 9.297077282766433304e-02, 2.950438092720703565e-01
2.616799434048222572e-01, 3.502586349672792143e-01, 9.296283037273735117e-02, 2.950985912551612467e-01
2.617378493411913754e-01, 3.501538928488921454e-01, 9.295489139981089055e-02, 2.951533664101054777e-01
2.617957594378140240e-01, 3.500491499350122382e-01, 9.294695590912896432e-02, 2.952081347180446902e-01
2.618536736779712437e-01, 3.499444062609646799e-01, 9.293902390093727872e-02, 2.952628961601267976e-01
2.619115920449442969e-01, 3.498396618620665532e-01, 9.293109537548303878e-02, 2.953176507175060972e-01
2.619695145220154453e-01, 3.497349167736265030e-01, 9.292317033301514262e-02, 2.953723983713429924e-01
2.620274410924673392e-01, 3.496301710309443478e-01, 9.291524877378395941e-02, 2.954271391028042704e-01
2.620853717395834059e-01, 3.495254246693116906e-01, 9.290733069804152366e-02, 2.954818728930634353e-01
2.621433064466474616e-01, 3.494206777240111417e-01, 9.289941610604149358e-02, 2.955365997232998754e-01
2.622012451969441549e-01, 3.493159302303171510e-01, 9.289150499803902616e-02, 2.955913195746995847e-01
2.622591879737587450e-01, 3.492111822234952867e-01, 9.288359737429092988e-02, 2.956460324284551078e-01
2.623171347603770465e-01, 3.491064337388022909e-01, 9.287569323505549812e-02, 2.957007382657650951e-01
2.623750855400858728e-01, 3.490016848114864123e-01, 9.286779258059278674e-02, 2.957554370678348588e-01
2.624330402961723707e-01, 3.488969354767872955e-01, 9.285989541116430879e-02, 2.958101288158759834e-01
2.624909990119245196e-01, 3.487921857699355921e-01, 9.285200172703313160e-02, 2.958648134911066596e-01
2.625489616706311313e-01, 3.486874357261531832e-01, 9.284411152846402948e-02, 2.959194910747516283e-01
2.626069282555815732e-01, 3.485826853806533454e-01, 9.283622481572323393e-02, 2.959741615480417920e-01
2.626648987500661003e-01, 3.484779347686404183e-01, 9.282834158907864175e-02, 2.960288248922148813e-01
2.627228731373757453e-01, 3.483731839253096374e-01, 9.282046184879967632e-02, 2.960834810885149548e-01
2.627808514008021512e-01, 3.482684328858477452e-01, 9.281258559515737083e-02, 2.961381301181926773e-01
2.628388335236379048e-01, 3.481636816854324912e-01, 9.280471282842434055e-02, 2.961927719625052080e-01
2.628968194891763699e-01, 3.480589303592322437e-01, 9.279684354887475506e-02, 2.962474066027165343e-01
2.629548092807116877e-01, 3.479541789424071552e-01, 9.278897775678435211e-02, 2.963020340200968050e-01
2.630128028815388874e-01, 3.478494274701076638e-01, 9.278111545243050706e-02, 2.963566541959229972e-01
2.630708002749536645e-01, 3.477446759774756591e-01, 9.277325663609203854e-02, 2.964112671114785824e-01
2.631288014442527690e-01, 3.476399244996437599e-01, 9.276540130804948603e-02, 2.964658727480540268e-01
2.631868063727337836e-01, 3.475351730717354815e-01, 9.275754946858488781e-02, 2.965204710869458471e-01
2.632448150436951795e-01, 3.474304217288654018e-01, 9.274970111798186423e-02, 2.965750621094576100e-01
2.633028274404361491e-01, 3.473256705061388838e-01, 9.274185625652560383e-02, 2.966296457968994327e-01
2.633608435462570507e-01, 3.472209194386520204e-01, 9.273401488450283559e-02, 2.966842221305880933e-01
2.634188633444589644e-01, 3.471161685614919667e-01, 9.272617700220192605e-02, 2.967387910918471983e-01
2.634768868183441914e-01, 3.470114179097363860e-01, 9.271834260991274057e-02, 2.967933526620067930e-01
2.635349139512154770e-01, 3.469066675184538373e-01, 9.271051170792676821e-02, 2.968479068224039175e-01
2.635929447263770653e-01, 3.468019174227037205e-01, 9.270268429653699682e-02, 2.969024535543822174e-01
2.636509791271338665e-01, 3.466971676575358319e-01, 9.269486037603805184e-02, 2.969569928392921665e-01
2.637090171367919011e-01, 3.465924182579911417e-01, 9.268703994672609914e-02, 2.970115246584908997e-01
2.637670587386580778e-01, 3.464876692591006835e-01, 9.267922300889880338e-02, 2.970660489933425463e-01
2.638251039160403044e-01, 3.463829206958864981e-01, 9.267140956285549458e-02, 2.971205658252176751e-01
2.638831526522478210e-01, 3.462781726033611895e-01, 9.266359960889697378e-02, 2.971750751354940157e-01
2.639412049305905894e-01, 3.461734250165278692e-01, 9.265579314732563798e-02, 2.972295769055559034e-01
2.639992607343797371e-01, 3.460686779703801008e-01, 9.264799017844548013e-02, 2.972840711167947236e-01
2.640573200469273907e-01, 3.459639314999021775e-01, 9.264019070256203359e-02, 2.973385577506084676e-01
2.641153828515469537e-01, 3.458591856400686781e-01, 9.263239471998230279e-02, 2.973930367884021209e-01
2.641734491315526623e-01, 3.457544404258446891e-01, 9.262460223101497137e-02, 2.974475082115876079e-01
2.642315188702601403e-01, 3.456496958921859153e-01, 9.261681323597018012e-02, 2.975019720015837366e-01
2.642895920509858443e-01, 3.455449520740384028e-01, 9.260902773515972131e-02, 2.975564281398160316e-01
2.643476686570475631e-01, 3.454402090063382058e-01, 9.260124572889685823e-02, 2.976108766077173451e-01
2.644057486717643068e-01, 3.453354667240122744e-01, 9.259346721749643627e-02, 2.976653173867269686e-01
2.644638320784558627e-01, 3.452307252619776223e-01, 9.258569220127484123e-02, 2.977197504582915766e-01
2.645219188604436278e-01, 3.451259846551416044e-01, 9.257792068055009649e-02, 2.977741758038646713e-01
2.645800090010500538e-01, 3.450212449384018054e-01, 9.257015265564157158e-02, 2.978285934049065276e-01
2.646381024835986473e-01, 3.449165061466461513e-01, 9.256238812687039852e-02, 2.978830032428848029e-01
2.646961992914142470e-01, 3.448117683147526868e-01, 9.255462709455915260e-02, 2.979374052992738720e-01
2.647542994078228573e-01, 3.447070314775897426e-01, 9.254686955903196344e-02, 2.979917995555553811e-01
2.648124028161519261e-01, 3.446022956700158235e-01, 9.253911552061451495e-02, 2.980461859932177493e-01
2.648705094997299003e-01, 3.444975609268794425e-01, 9.253136497963401763e-02, 2.981005645937566118e-01
2.649286194418867257e-01, 3.443928272830194537e-01, 9.252361793641929177e-02, 2.981549353386745982e-01
2.649867326259531808e-01, 3.442880947732645525e-01, 9.251587439130060098e-02, 2.982092982094816103e-01
2.650448490352620423e-01, 3.441833634324336089e-01, 9.250813434460984641e-02, 2.982636531876943220e-01
2.651029686531468088e-01, 3.440786332953357229e-01, 9.250039779668041418e-02, 2.983180002548369569e-01
2.651610914629426441e-01, 3.439739043967696697e-01, 9.249266474784724468e-02, 2.983723393924405665e-01
2.652192174479857112e-01, 3.438691767715242875e-01, 9.248493519844673549e-02, 2.984266705820431964e-01
2.652773465916137829e-01, 3.437644504543787005e-01, 9.247720914881706056e-02, 2.984809938051904976e-01
2.653354788771660200e-01, 3.436597254801014301e-01, 9.246948659929760117e-02, 2.985353090434349488e-01
2.653936142879828042e-01, 3.435550018834513941e-01, 9.246176755022954274e-02, 2.985896162783363561e-01
2.654517528074059052e-01, 3.434502796991769080e-01, 9.245405200195548623e-02, 2.986439154914616312e-01
2.655098944187785359e-01, 3.433455589620167947e-01, 9.244633995481960076e-02, 2.986982066643850131e-01
2.655680391054455192e-01, 3.432408397066989969e-01, 9.243863140916752652e-02, 2.987524897786879574e-01
2.656261868507526769e-01, 3.431361219679416874e-01, 9.243092636534651352e-02, 2.988067648159590251e-01
2.656843376380477739e-01, 3.430314057804527139e-01, 9.242322482370532444e-02, 2.988610317577941045e-01
2.657424914506796298e-01, 3.429266911789297101e-01, 9.241552678459426240e-02, 2.989152905857965781e-01
2.658006482719986185e-01, 3.428219781980597070e-01, 9.240783224836505994e-02, 2.989695412815767117e-01
2.658588080853566682e-01, 3.427172668725199656e-01, 9.240014121537111491e-02, 2.990237838267523207e-01
2.659169708741072058e-01, 3.426125572369770889e-01, 9.239245368596725461e-02, 2.990780182029484924e-01
2.659751366216051016e-01, 3.425078493260872436e-01, 9.238476966050991612e-02, 2.991322443917976970e-01
2.660333053112068913e-01, 3.424031431744964937e-01, 9.237708913935695210e-02, 2.991864623749395657e-01
2.660914769262703872e-01, 3.422984388168403558e-01, 9.236941212286789438e-02, 2.992406721340213349e-01
2.661496514501551780e-01, 3.421937362877436328e-01, 9.236173861140357932e-02, 2.992948736506974572e-01
2.662078288662222958e-01, 3.420890356218212469e-01, 9.235406860532663353e-02, 2.993490669066297682e-01
2.662660091578343824e-01, 3.419843368536771289e-01, 9.234640210500093260e-02, 2.994032518834875423e-01
2.663241923083555229e-01, 3.418796400179049400e-01, 9.233873911079210073e-02, 2.994574285629473809e-01
2.663823783011517454e-01, 3.417749451490876278e-01, 9.233107962306712213e-02, 2.995115969266933797e-01
2.664405671195902991e-01, 3.416702522817978149e-01, 9.232342364219457698e-02, 2.995657569564172951e-01
2.664987587470403207e-01, 3.415655614505972992e-01, 9.231577116854455811e-02, 2.996199086338178774e-01
2.665569531668723902e-01, 3.414608726900373314e-01, 9.230812220248862943e-02, 2.996740519406015935e-01
2.666151503624589192e-01, 3.413561860346586707e-01, 9.230047674439992300e-02, 2.997281868584825704e-01
2.666733503171739295e-01, 3.412515015189910295e-01, 9.229283479465306972e-02, 2.997823133691819852e-01
2.667315530143929969e-01, 3.411468191775538505e-01, 9.228519635362417151e-02, 2.998364314544290088e-01
2.667897584374935849e-01, 3.410421390448555301e-01, 9.227756142169092624e-02, 2.998905410959600282e-01
2.668479665698547110e-01, 3.409374611553938061e-01, 9.226992999923243344e-02, 2.999446422755190356e-01
2.669061773948571137e-01, 3.408327855436559251e-01, 9.226230208662945798e-02, 2.999987349748575727e-01
2.669643908958833078e-01, 3.407281122441178089e-01, 9.225467768426406923e-02, 3.000528191757348417e-01
2.670226070563175291e-01, 3.406234412912449439e-01, 9.224705679252001578e-02, 3.001068948599174280e-01
2.670808258595459006e-01, 3.405187727194918246e-01, 9.223943941178246175e-02, 3.001609620091797992e-01
2.671390472889562107e-01, 3.404141065633020657e-01, 9.223182554243815334e-02, 3.002150206053036952e-01
2.671972713279377465e-01, 3.403094428571084018e-01, 9.222421518487523839e-02, 3.002690706300786827e-01
2.672554979598821268e-01, 3.402047816353324650e-01, 9.221660833948341907e-02, 3.003231120653020447e-01
2.673137271681822469e-01, 3.401001229323853403e-01, 9.220900500665399346e-02, 3.003771448927783916e-01
2.673719589362333893e-01, 3.399954667826666777e-01, 9.220140518677955033e-02, 3.004311690943203828e-01
2.674301932474320576e-01, 3.398908132205655241e-01, 9.219380888025439924e-02, 3.004851846517480052e-01
2.674884300851771979e-01, 3.397861622804593251e-01, 9.218621608747422369e-02, 3.005391915468892394e-01
2.675466694328690886e-01, 3.396815139967152009e-01, 9.217862680883621984e-02, 3.005931897615794490e-01
2.676049112739102287e-01, 3.395768684036885587e-01, 9.217104104473911041e-02, 3.006471792776621577e-01
2.676631555917049488e-01, 3.394722255357239815e-01, 9.216345879558308918e-02, 3.007011600769879944e-01
2.677214023696591894e-01, 3.393675854271549497e-01, 9.215588006176984870e-02, 3.007551321414160261e-01
2.677796515911813335e-01, 3.392629481123036195e-01, 9.214830484370263586e-02, 3.008090954528125360e-01
2.678379032396810411e-01, 3.391583136254809339e-01, 9.214073314178604368e-02, 3.008630499930519120e-01
2.678961572985705253e-01, 3.390536820009869556e-01, 9.213316495642635828e-02, 3.009169957440161469e-01
2.679544137512636648e-01, 3.389490532731100902e-01, 9.212560028803117029e-02, 3.009709326875951163e-01
2.680126725811761701e-01, 3.388444274761277519e-01, 9.211803913700966628e-02, 3.010248608056864672e-01
2.680709337717259166e-01, 3.387398046443058086e-01, 9.211048150377251775e-02, 3.010787800801956182e-01
2.681291973063327783e-01, 3.386351848118993035e-01, 9.210292738873185336e-02, 3.011326904930360371e-01
2.681874631684186827e-01, 3.385305680131512340e-01, 9.209537679230130058e-02, 3.011865920261288521e-01
2.682457313414071121e-01, 3.384259542822937172e-01, 9.208782971489598568e-02, 3.012404846614031295e-01
2.683040018087243794e-01, 3.383213436535475460e-01, 9.208028615693246433e-02, 3.012943683807957074e-01
2.683622745537980747e-01, 3.382167361611215783e-01, 9.207274611882886040e-02, 3.013482431662515282e-01
2.684205495600583413e-01, 3.381121318392137920e-01, 9.206520960100468554e-02, 3.014021089997231950e-01
2.684788268109370990e-01, 3.380075307220103409e-01, 9.205767660388107509e-02, 3.014559658631715267e-01
2.685371062898684325e-01, 3.379029328436859436e-01, 9.205014712788048281e-02, 3.015098137385650579e-01
2.685953879802887578e-01, 3.377983382384040500e-01, 9.204262117342697225e-02, 3.015636526078803725e-01
2.686536718656361011e-01, 3.376937469403161196e-01, 9.203509874094596699e-02, 3.016174824531018817e-01
2.687119579293510974e-01, 3.375891589835623985e-01, 9.202757983086447269e-02, 3.016713032562220453e-01
2.687702461548762134e-01, 3.374845744022713645e-01, 9.202006444361092441e-02, 3.017251149992415393e-01
2.688285365256561921e-01, 3.373799932305600047e-01, 9.201255257961524214e-02, 3.017789176641685334e-01
2.688868290251378856e-01, 3.372754155025335376e-01, 9.200504423930880304e-02, 3.018327112330198014e-01
2.689451236367703668e-01, 3.371708412522854692e-01, 9.199753942312448307e-02, 3.018864956878197225e-01
2.690034203440047622e-01, 3.370662705138977588e-01, 9.199003813149661535e-02, 3.019402710106008914e-01
2.690617191302946409e-01, 3.369617033214405422e-01, 9.198254036486099017e-02, 3.019940371834038961e-01
2.691200199790954040e-01, 3.368571397089721309e-01, 9.197504612365495213e-02, 3.020477941882774853e-01
2.691783228738650613e-01, 3.367525797105393459e-01, 9.196755540831719200e-02, 3.021015420072782898e-01
2.692366277980637879e-01, 3.366480233601768512e-01, 9.196006821928792707e-02, 3.021552806224714338e-01
2.692949347351537015e-01, 3.365434706919077645e-01, 9.195258455700883182e-02, 3.022090100159296466e-01
2.693532436685994735e-01, 3.364389217397432130e-01, 9.194510442192313504e-02, 3.022627301697342617e-01
2.694115545818678847e-01, 3.363343765376823336e-01, 9.193762781447532839e-02, 3.023164410659743839e-01
2.694698674584283249e-01, 3.362298351197127722e-01, 9.193015473511162439e-02, 3.023701426867473341e-01
2.695281822817519601e-01, 3.361252975198097404e-01, 9.192268518427945678e-02, 3.024238350141588150e-01
2.695864990353128432e-01, 3.360207637719369034e-01, 9.191521916242784140e-02, 3.024775180303224675e-01
2.696448177025867476e-01, 3.359162339100456030e-01, 9.190775667000729288e-02, 3.025311917173602594e-01
2.697031382670523336e-01, 3.358117079680755790e-01, 9.190029770746969973e-02, 3.025848560574022628e-01
2.697614607121903707e-01, 3.357071859799543034e-01, 9.189284227526851867e-02, 3.026385110325869321e-01
2.698197850214839044e-01, 3.356026679795969248e-01, 9.188539037385844155e-02, 3.026921566250607154e-01
2.698781111784184783e-01, 3.354981540009072671e-01, 9.187794200369590880e-02, 3.027457928169784429e-01
2.699364391664819118e-01, 3.353936440777762207e-01, 9.187049716523856824e-02, 3.027994195905032715e-01
2.699947689691647446e-01, 3.352891382440831292e-01, 9.186305585894566361e-02, 3.028530369278063517e-01
2.700531005699595144e-01, 3.351846365336950129e-01, 9.185561808527786809e-02, 3.029066448110676602e-01
2.701114339523615349e-01, 3.350801389804665131e-01, 9.184818384469731201e-02, 3.029602432224747233e-01
2.701697690998681733e-01, 3.349756456182404474e-01, 9.184075313766748572e-02, 3.030138321442239491e-01
2.702281059959795173e-01, 3.348711564808470320e-01, 9.183332596465346165e-02, 3.030674115585199058e-01
2.702864446241982632e-01, 3.347666716021046041e-01, 9.182590232612165837e-02, 3.031209814475753772e-01
2.703447849680293835e-01, 3.346621910158188440e-01, 9.181848222254004876e-02, 3.031745417936117515e-01
2.704031270109802376e-01, 3.345577147557834419e-01, 9.181106565437789635e-02, 3.032280925788584103e-01
2.704614707365607940e-01, 3.344532428557797088e-01, 9.180365262210606059e-02, 3.032816337855535060e-01
2.705198161282836855e-01, 3.343487753495762993e-01, 9.179624312619678872e-02, 3.033351653959432959e-01
2.705781631696637657e-01, 3.342443122709298220e-01, 9.178883716712372964e-02, 3.033886873922826410e-01
2.706365118442188855e-01, 3.341398536535845620e-01, 9.178143474536205881e-02, 3.034421997568345630e-01
2.706948621354688389e-01, 3.340353995312720370e-01, 9.177403586138829783e-02, 3.034957024718706875e-01
2.707532140269366949e-01, 3.339309499377116630e-01, 9.176664051568052261e-02, 3.035491955196711333e-01
2.708115675021475210e-01, 3.338265049066101442e-01, 9.175924870871809969e-02, 3.036026788825242351e-01
2.708699225446291603e-01, 3.337220644716617501e-01, 9.175186044098201932e-02, 3.036561525427270980e-01
2.709282791379121758e-01, 3.336176286665481494e-01, 9.174447571295452075e-02, 3.037096164825852096e-01
2.709866372655296840e-01, 3.335131975249386871e-01, 9.173709452511936979e-02, 3.037630706844122175e-01
2.710449969110173551e-01, 3.334087710804900517e-01, 9.172971687796181717e-02, 3.038165151305307621e-01
2.711033580579136348e-01, 3.333043493668462198e-01, 9.172234277196845975e-02, 3.038699498032717550e-01
2.711617206897595778e-01, 3.331999324176385668e-01, 9.171497220762733771e-02, 3.039233746849745454e-01
2.712200847900986811e-01, 3.330955202664859782e-01, 9.170760518542797612e-02, 3.039767897579872535e-01
2.712784503424776616e-01, 3.329911129469945719e-01, 9.170024170586124623e-02, 3.040301950046665480e-01
2.713368173304453457e-01, 3.328867104927577536e-01, 9.169288176941961521e-02, 3.040835904073774243e-01
2.713951857375536125e-01, 3.327823129373561617e-01, 9.168552537659670210e-02, 3.041369759484935376e-01
2.714535555473569506e-01, 3.326779203143578334e-01, 9.167817252788780513e-02, 3.041903516103973693e-01
2.715119267434126793e-01, 3.325735326573179274e-01, 9.167082322378955483e-02, 3.042437173754797830e-01
2.715702993092807271e-01, 3.324691499997790012e-01, 9.166347746479999725e-02, 3.042970732261402467e-01
2.716286732285238537e-01, 3.323647723752704009e-01, 9.165613525141862172e-02, 3.043504191447871099e-01
2.716870484847075384e-01, 3.322603998173091489e-01, 9.164879658414627761e-02, 3.044037551138369935e-01
2.717454250614001476e-01, 3.321560323593990005e-01, 9.164146146348536859e-02, 3.044570811157154555e-01
2.718038029421728230e-01, 3.320516700350308326e-01, 9.163412988993956121e-02, 3.045103971328566583e-01
2.718621821105993153e-01, 3.319473128776831428e-01, 9.162680186401406246e-02, 3.045637031477034795e-01
2.719205625502564838e-01, 3.318429609208207176e-01, 9.161947738621545323e-02, 3.046169991427074009e-01
2.719789442447238526e-01, 3.317386141978958536e-01, 9.161215645705170219e-02, 3.046702851003285639e-01
2.720373271775838875e-01, 3.316342727423478021e-01, 9.160483907703223516e-02, 3.047235610030360475e-01
2.720957113324217747e-01, 3.315299365876028803e-01, 9.159752524666790741e-02, 3.047768268333074793e-01
2.721540966928255867e-01, 3.314256057670740274e-01, 9.159021496647090643e-02, 3.048300825736294239e-01
2.722124832423866714e-01, 3.313212803141615814e-01, 9.158290823695490468e-02, 3.048833282064968286e-01
2.722708709646985414e-01, 3.312169602622524467e-01, 9.157560505863497624e-02, 3.049365637144139662e-01
2.723292598433583733e-01, 3.311126456447206490e-01, 9.156830543202758299e-02, 3.049897890798933808e-01
2.723876498619656750e-01, 3.310083364949269469e-01, 9.156100935765057458e-02, 3.050430042854566648e-01
2.724460410041232850e-01, 3.309040328462190539e-01, 9.155371683602335497e-02, 3.050962093136342923e-01
2.725044332534368174e-01, 3.307997347319312498e-01, 9.154642786766649387e-02, 3.051494041469654528e-01
2.725628265935147732e-01, 3.306954421853851023e-01, 9.153914245310214304e-02, 3.052025887679979399e-01
2.726212210079689280e-01, 3.305911552398884679e-01, 9.153186059285380038e-02, 3.052557631592888732e-01
2.726796164804135558e-01, 3.304868739287362134e-01, 9.152458228744639324e-02, 3.053089273034037543e-01
2.727380129944664278e-01, 3.303825982852099385e-01, 9.151730753740618118e-02, 3.053620811829174109e-01
2.727964105337479794e-01, 3.302783283425778649e-01, 9.151003634326097813e-02, 3.054152247804132747e-01
2.728548090818818661e-01, 3.301740641340947802e-01, 9.150276870553977759e-02, 3.054683580784835484e-01
2.729132086224946852e-01, 3.300698056930023716e-01, 9.149550462477316903e-02, 3.055214810597297603e-01
2.729716091392161426e-01, 3.299655530525287817e-01, 9.148824410149301867e-02, 3.055745937067619322e-01
2.730300106156788864e-01, 3.298613062458889966e-01, 9.148098713623266376e-02, 3.056276960021994671e-01
2.730884130355187844e-01, 3.297570653062841806e-01, 9.147373372952674608e-02, 3.056807879286702057e-01
2.731468163823745909e-01, 3.296528302669025079e-01, 9.146648388191144785e-02, 3.057338694688113701e-01
2.732052206398885574e-01, 3.295486011609183863e-01, 9.145923759392418639e-02, 3.057869406052688976e-01
2.732636257917053779e-01, 3.294443780214928452e-01, 9.145199486610387785e-02, 3.058400013206977741e-01
2.733220318214736877e-01, 3.293401608817733139e-01, 9.144475569899075673e-02, 3.058930515977622000e-01
2.733804387128445090e-01, 3.292359497748939545e-01, 9.143752009312648699e-02, 3.059460914191349801e-01
2.734388464494724169e-01, 3.291317447339749958e-01, 9.143028804905416196e-02, 3.059991207674983560e-01
2.734972550150152615e-01, 3.290275457921233992e-01, 9.142305956731813787e-02, 3.060521396255432847e-01
2.735556643931335019e-01, 3.289233529824323599e-01, 9.141583464846429752e-02, 3.061051479759698823e-01
2.736140745674914276e-01, 3.288191663379814722e-01, 9.140861329303980043e-02, 3.061581458014873136e-01
2.736724855217561592e-01, 3.287149858918367307e-01, 9.140139550159329107e-02, 3.062111330848139024e-01
2.737308972395980367e-01, 3.286108116770504184e-01, 9.139418127467469066e-02, 3.062641098086768543e-01
2.737893097046908419e-01, 3.285066437266609962e-01, 9.138697061283536371e-02, 3.063170759558127010e-01
2.738477229007112990e-01, 3.284024820736935468e-01, 9.137976351662804864e-02, 3.063700315089670778e-01
2.739061368113395734e-01, 3.282983267511590530e-01, 9.137255998660685774e-02, 3.064229764508945575e-01
2.739645514202591059e-01, 3.281941777920548975e-01, 9.136536002332727724e-02, 3.064759107643587055e-01
2.740229667111563905e-01, 3.280900352293646960e-01, 9.135816362734616725e-02, 3.065288344321327463e-01
2.740813826677215292e-01, 3.279858990960580756e-01, 9.135097079922177565e-02, 3.065817474369986195e-01
2.741397992736474554e-01, 3.278817694250910630e-01, 9.134378153951372425e-02, 3.066346497617476463e-01
2.741982165126310989e-01, 3.277776462494057519e-01, 9.133659584878298099e-02, 3.066875413891803070e-01
2.742566343683719987e-01, 3.276735296019300803e-01, 9.132941372759197096e-02, 3.067404223021061305e-01
2.743150528245733577e-01, 3.275694195155784971e-01, 9.132223517650432665e-02, 3.067932924833439157e-01
2.743734718649418203e-01, 3.274653160232512961e-01, 9.131506019608522096e-02, 3.068461519157217876e-01
2.744318914731871950e-01, 3.273612191578347264e-01, 9.130788878690108967e-02, 3.068990005820769196e-01
2.744903116330227877e-01, 3.272571289522014371e-01, 9.130072094951982575e-02, 3.069518384652559218e-01
2.745487323281651793e-01, 3.271530454392096443e-01, 9.129355668451055728e-02, 3.070046655481146747e-01
2.746071535423343923e-01, 3.270489686517037975e-01, 9.128639599244392500e-02, 3.070574818135179407e-01
2.746655752592538913e-01, 3.269448986225141351e-01, 9.127923887389181867e-02, 3.071102872443401965e-01
2.747239974626504155e-01, 3.268408353844569625e-01, 9.127208532942754360e-02, 3.071630818234650229e-01
2.747824201362544794e-01, 3.267367789703345404e-01, 9.126493535962580672e-02, 3.072158655337852706e-01
2.748408432637995391e-01, 3.266327294129348635e-01, 9.125778896506255011e-02, 3.072686383582032277e-01
2.748992668290228814e-01, 3.265286867450316599e-01, 9.125064614631515914e-02, 3.073214002796302857e-01
2.749576908156651789e-01, 3.264246509993849465e-01, 9.124350690396242081e-02, 3.073741512809874954e-01
2.750161152074706017e-01, 3.263206222087401409e-01, 9.123637123858441278e-02, 3.074268913452049001e-01
2.750745399881865949e-01, 3.262166004058287272e-01, 9.122923915076257273e-02, 3.074796204552222578e-01
2.751329651415643784e-01, 3.261125856233676457e-01, 9.122211064107965672e-02, 3.075323385939882637e-01
2.751913906513586139e-01, 3.260085778940599588e-01, 9.121498571011993350e-02, 3.075850457444614383e-01
2.752498165013274045e-01, 3.259045772505941851e-01, 9.120786435846882367e-02, 3.076377418896095173e-01
2.753082426752325174e-01, 3.258005837256446324e-01, 9.120074658671321888e-02, 3.076904270124096175e-01
2.753666691568391056e-01, 3.256965973518713975e-01, 9.119363239544132915e-02, 3.077431010958482371e-01
2.754250959299160972e-01, 3.255926181619198112e-01, 9.118652178524268292e-02, 3.077957641229214225e-01
2.754835229782358064e-01, 3.254886461884214932e-01, 9.117941475670821028e-02, 3.078484160766343791e-01
2.755419502855743774e-01, 3.253846814639931306e-01, 9.117231131043018744e-02, 3.079010569400023600e-01
2.756003778357111744e-01, 3.252807240212371998e-01, 9.116521144700216739e-02, 3.079536866960494446e-01
2.756588056124295028e-01, 3.251767738927419105e-01, 9.115811516701911865e-02, 3.080063053278095375e-01
2.757172335995161649e-01, 3.250728311110805957e-01, 9.115102247107730038e-02, 3.080589128183259251e-01
2.757756617807616828e-01, 3.249688957088125441e-01, 9.114393335977435950e-02, 3.081115091506514969e-01
2.758340901399600753e-01, 3.248649677184822782e-01, 9.113684783370927522e-02, 3.081640943078484129e-01
2.758925186609091917e-01, 3.247610471726197212e-01, 9.112976589348233125e-02, 3.082166682729887142e-01
2.759509473274104341e-01, 3.246571341037407521e-01, 9.112268753969515744e-02, 3.082692310291537119e-01
2.760093761232688681e-01, 3.245532285443460396e-01, 9.111561277295074368e-02, 3.083217825594342654e-01
2.760678050322935007e-01, 3.244493305269219308e-01, 9.110854159385342599e-02, 3.083743228469310038e-01
2.761262340382967251e-01, 3.243454400839402840e-01, 9.110147400300883103e-02, 3.084268518747539933e-01
2.761846631250949313e-01, 3.242415572478583030e-01, 9.109441000102395936e-02, 3.084793696260226814e-01
2.762430922765080621e-01, 3.241376820511182588e-01, 9.108734958850710217e-02, 3.085318760838665630e-01
2.763015214763598904e-01, 3.240338145261479896e-01, 9.108029276606798008e-02, 3.085843712314242926e-01
2.763599507084776863e-01, 3.239299547053604567e-01, 9.107323953431742392e-02, 3.086368550518444609e-01
2.764183799566930499e-01, 3.238261026211541327e-01, 9.106618989386786045e-02, 3.086893275282849847e-01
2.764768092048407455e-01, 3.237222583059125025e-01, 9.105914384533288219e-02, 3.087417886439138281e-01
2.765352384367598670e-01, 3.236184217920044515e-01, 9.105210138932744168e-02, 3.087942383819081704e-01
2.765936676362930058e-01, 3.235145931117840434e-01, 9.104506252646782372e-02, 3.088466767254553491e-01
2.766520967872864722e-01, 3.234107722975902433e-01, 9.103802725737158985e-02, 3.088991036577516947e-01
2.767105258735906848e-01, 3.233069593817477494e-01, 9.103099558265775881e-02, 3.089515191620038070e-01
2.767689548790598919e-01, 3.232031543965657727e-01, 9.102396750294652894e-02, 3.090039232214277787e-01
2.768273837875518950e-01, 3.230993573743391467e-01, 9.101694301885947247e-02, 3.090563158192495830e-01
2.768858125829287142e-01, 3.229955683473474393e-01, 9.100992213101945227e-02, 3.091086969387044081e-01
2.769442412490559224e-01, 3.228917873478555634e-01, 9.100290484005069125e-02, 3.091610665630377119e-01
2.770026697698033669e-01, 3.227880144081132774e-01, 9.099589114657874456e-02, 3.092134246755046112e-01
2.770610981290444474e-01, 3.226842495603555183e-01, 9.098888105123043024e-02, 3.092657712593697150e-01
2.771195263106566165e-01, 3.225804928368020130e-01, 9.098187455463384310e-02, 3.093181062979075135e-01
2.771779542985212674e-01, 3.224767442696578335e-01, 9.097487165741850734e-02, 3.093704297744024334e-01
2.772363820765236797e-01, 3.223730038911126750e-01, 9.096787236021519618e-02, 3.094227416721484492e-01
2.772948096285531849e-01, 3.222692717333413559e-01, 9.096087666365595958e-02, 3.094750419744495273e-01
2.773532369385029450e-01, 3.221655478285034291e-01, 9.095388456837423530e-02, 3.095273306646193490e-01
2.774116639902701187e-01, 3.220618322087437368e-01, 9.094689607500469619e-02, 3.095796077259814760e-01
2.774700907677559725e-01, 3.219581249061915229e-01, 9.093991118418334740e-02, 3.096318731418691295e-01
2.775285172548656587e-01, 3.218544259529612095e-01, 9.093292989654751246e-02, 3.096841268956255777e-01
2.775869434355083265e-01, 3.217507353811518422e-01, 9.092595221273579165e-02, 3.097363689706039147e-01
2.776453692935972883e-01, 3.216470532228474788e-01, 9.091897813338817302e-02, 3.097885993501670043e-01
2.777037948130496314e-01, 3.215433795101168557e-01, 9.091200765914579651e-02, 3.098408180176877025e-01
2.777622199777867174e-01, 3.214397142750134440e-01, 9.090504079065121756e-02, 3.098930249565486350e-01
2.778206447717338490e-01, 3.213360575495755045e-01, 9.089807752854828227e-02, 3.099452201501424198e-01
2.778790691788204925e-01, 3.212324093658259216e-01, 9.089111787348208571e-02, 3.099974035818714446e-01
2.779374931829801110e-01, 3.211287697557725918e-01, 9.088416182609904137e-02, 3.100495752351483114e-01
2.779959167681501642e-01, 3.210251387514077015e-01, 9.087720938704686724e-02, 3.101017350933952255e-01
2.780543399182726083e-01, 3.209215163847083385e-01, 9.087026055697458582e-02, 3.101538831400445506e-01
2.781127626172929523e-01, 3.208179026876361584e-01, 9.086331533653246861e-02, 3.102060193585384762e-01
2.781711848491613681e-01, 3.207142976921373845e-01, 9.085637372637213327e-02, 3.102581437323291835e-01
2.782296065978316912e-01, 3.206107014301428637e-01, 9.084943572714650195e-02, 3.103102562448790125e-01
2.782880278472621427e-01, 3.205071139335681218e-01, 9.084250133950960704e-02, 3.103623568796600729e-01
2.783464485814153844e-01, 3.204035352343130860e-01, 9.083557056411707686e-02, 3.104144456201544666e-01
2.784048687842575753e-01, 3.202999653642623623e-01, 9.082864340162559447e-02, 3.104665224498545095e-01
2.784632884397597596e-01, 3.201964043552847916e-01, 9.082171985269314740e-02, 3.105185873522621764e-01
2.785217075318967006e-01, 3.200928522392341158e-01, 9.081479991797915263e-02, 3.105706403108901004e-01
2.785801260446476579e-01, 3.199893090479480895e-01, 9.080788359814412347e-02, 3.106226813092601291e-01
2.786385439619957771e-01, 3.198857748132493684e-01, 9.080097089384998876e-02, 3.106747103309048241e-01
2.786969612679288666e-01, 3.197822495669445653e-01, 9.079406180575992635e-02, 3.107267273593665724e-01
2.787553779464386761e-01, 3.196787333408250831e-01, 9.078715633453834921e-02, 3.107787323781978639e-01
2.788137939815213961e-01, 3.195752261666664484e-01, 9.078025448085097482e-02, 3.108307253709611251e-01
2.788722093571772143e-01, 3.194717280762287004e-01, 9.077335624536483905e-02, 3.108827063212292185e-01
2.789306240574108697e-01, 3.193682391012561683e-01, 9.076646162874821289e-02, 3.109346752125848323e-01
2.789890380662312652e-01, 3.192647592734774720e-01, 9.075957063167061634e-02, 3.109866320286207020e-01
2.790474513676516333e-01, 3.191612886246054104e-01, 9.075268325480288778e-02, 3.110385767529400547e-01
2.791058639456895363e-01, 3.190578271863374615e-01, 9.074579949881717011e-02, 3.110905093691558321e-01
2.791642757843668110e-01, 3.189543749903548386e-01, 9.073891936438674422e-02, 3.111424298608914674e-01
2.792226868677097351e-01, 3.188509320683234338e-01, 9.073204285218636200e-02, 3.111943382117804968e-01
2.792810971797488051e-01, 3.187474984518929855e-01, 9.072516996289180236e-02, 3.112462344054663932e-01
2.793395067045190139e-01, 3.186440741726976889e-01, 9.071830069718034295e-02, 3.112981184256030653e-01
2.793979154260594622e-01, 3.185406592623558075e-01, 9.071143505573038557e-02, 3.113499902558544141e-01
2.794563233284140247e-01, 3.184372537524696178e-01, 9.070457303922160874e-02, 3.114018498798947765e-01
2.795147303956306284e-01, 3.183338576746257975e-01, 9.069771464833503716e-02, 3.114536972814084814e-01
2.795731366117619188e-01, 3.182304710603949816e-01, 9.069085988375284735e-02, 3.115055324440902385e-01
2.796315419608645381e-01, 3.181270939413318732e-01, 9.068400874615860363e-02, 3.115573553516450822e-01
2.796899464269999580e-01, 3.180237263489752997e-01, 9.067716123623693891e-02, 3.116091659877878173e-01
2.797483499942339802e-01, 3.179203683148479342e-01, 9.067031735467398490e-02, 3.116609643362441284e-01
2.798067526466366806e-01, 3.178170198704568516e-01, 9.066347710215694189e-02, 3.117127503807494704e-01
2.798651543682829090e-01, 3.177136810472927508e-01, 9.065664047937435632e-02, 3.117645241050500116e-01
2.799235551432516234e-01, 3.176103518768306211e-01, 9.064980748701598201e-02, 3.118162854929016348e-01
2.799819549556266107e-01, 3.175070323905291869e-01, 9.064297812577291891e-02, 3.118680345280712696e-01
2.800403537894959882e-01, 3.174037226198311856e-01, 9.063615239633736331e-02, 3.119197711943355045e-01
2.800987516289523693e-01, 3.173004225961633118e-01, 9.062933029940291318e-02, 3.119714954754814196e-01
2.801571484580928639e-01, 3.171971323509361063e-01, 9.062251183566430446e-02, 3.120232073553066976e-01
2.802155442610193004e-01, 3.170938519155440671e-01, 9.061569700581761921e-02, 3.120749068176190133e-01
2.802739390218378923e-01, 3.169905813213654278e-01, 9.060888581056011915e-02, 3.121265938462366996e-01
2.803323327246592944e-01, 3.168873205997623788e-01, 9.060207825059032882e-02, 3.121782684249880813e-01
2.803907253535991018e-01, 3.167840697820807350e-01, 9.059527432660800794e-02, 3.122299305377121414e-01
2.804491168927770728e-01, 3.166808288996504350e-01, 9.058847403931419295e-02, 3.122815801682581882e-01
2.805075073263178509e-01, 3.165775979837849308e-01, 9.058167738941112768e-02, 3.123332173004860768e-01
2.805658966383505759e-01, 3.164743770657814648e-01, 9.057488437760234656e-02, 3.123848419182655989e-01
2.806242848130089951e-01, 3.163711661769211259e-01, 9.056809500459252205e-02, 3.124364540054773709e-01
2.806826718344313520e-01, 3.162679653484685716e-01, 9.056130927108770046e-02, 3.124880535460123343e-01
2.807410576867608865e-01, 3.161647746116722502e-01, 9.055452717779503835e-02, 3.125396405237718667e-01
2.807994423541450013e-01, 3.160615939977642341e-01, 9.054774872542301067e-02, 3.125912149226677261e-01
2.808578258207362621e-01, 3.159584235379603867e-01, 9.054097391468131362e-02, 3.126427767266220514e-01
2.809162080706914533e-01, 3.158552632634599733e-01, 9.053420274628086462e-02, 3.126943259195677505e-01
2.809745890881723551e-01, 3.157521132054459390e-01, 9.052743522093378847e-02, 3.127458624854478897e-01
2.810329688573451890e-01, 3.156489733950850751e-01, 9.052067133935350063e-02, 3.127973864082161937e-01
2.810913473623812275e-01, 3.155458438635273533e-01, 9.051391110225456837e-02, 3.128488976718367676e-01
2.811497245874560180e-01, 3.154427246419067021e-01, 9.050715451035287740e-02, 3.129003962602843192e-01
2.812081005167502701e-01, 3.153396157613401196e-01, 9.050040156436547911e-02, 3.129518821575440479e-01
2.812664751344490788e-01, 3.152365172529286164e-01, 9.049365226501066006e-02, 3.130033553476117003e-01
2.813248484247423686e-01, 3.151334291477562166e-01, 9.048690661300795579e-02, 3.130548158144934590e-01
2.813832203718251157e-01, 3.150303514768907354e-01, 9.048016460907805369e-02, 3.131062635422060536e-01
2.814415909598966814e-01, 3.149272842713834453e-01, 9.047342625394295956e-02, 3.131576985147769832e-01
2.814999601731613121e-01, 3.148242275622687436e-01, 9.046669154832587267e-02, 3.132091207162440161e-01
2.815583279958281948e-01, 3.147211813805648739e-01, 9.045996049295117192e-02, 3.132605301306557455e-01
2.816166944121111793e-01, 3.146181457572732043e-01, 9.045323308854447131e-02, 3.133119267420712006e-01
2.816750594062290558e-01, 3.145151207233783941e-01, 9.044650933583260610e-02, 3.133633105345600689e-01
2.817334229624051667e-01, 3.144121063098486712e-01, 9.043978923554366056e-02, 3.134146814922025293e-01
2.817917850648680722e-01, 3.143091025476355549e-01, 9.043307278840685692e-02, 3.134660395990895299e-01
2.818501456978509401e-01, 3.142061094676736888e-01, 9.042635999515272194e-02, 3.135173848393226770e-01
2.819085048455918230e-01, 3.141031271008812853e-01, 9.041965085651290646e-02, 3.135687171970140130e-01
2.819668624923336586e-01, 3.140001554781596815e-01, 9.041294537322035196e-02, 3.136200366562862940e-01
2.820252186223244362e-01, 3.138971946303933946e-01, 9.040624354600913792e-02, 3.136713432012729896e-01
2.820835732198166967e-01, 3.137942445884504550e-01, 9.039954537561463443e-02, 3.137226368161182832e-01
2.821419262690681440e-01, 3.136913053831816844e-01, 9.039285086277333570e-02, 3.137739174849768498e-01
2.822002777543414220e-01, 3.135883770454214736e-01, 9.038616000822294327e-02, 3.138251851920142443e-01
2.822586276599037824e-01, 3.134854596059871157e-01, 9.037947281270244937e-02, 3.138764399214065692e-01
2.823169759700278059e-01, 3.133825530956793615e-01, 9.037278927695195641e-02, 3.139276816573408069e-01
2.823753226689909579e-01, 3.132796575452818644e-01, 9.036610940171282969e-02, 3.139789103840143758e-01
2.824336677410753116e-01, 3.131767729855614579e-01, 9.035943318772760025e-02, 3.140301260856356302e-01
2.824920111705682690e-01, 3.130738994472681003e-01, 9.035276063574002037e-02, 3.140813287464236936e-01
2.825503529417621729e-01, 3.129710369611346521e-01, 9.034609174649502195e-02, 3.141325183506081253e-01
2.826086930389543062e-01, 3.128681855578772653e-01, 9.033942652073874424e-02, 3.141836948824296982e-01
2.826670314464467260e-01, 3.127653452681951607e-01, 9.033276495921849225e-02, 3.142348583261395656e-01
2.827253681485469849e-01, 3.126625161227704064e-01, 9.032610706268281997e-02, 3.142860086659998720e-01
2.827837031295673542e-01, 3.125596981522679174e-01, 9.031945283188144713e-02, 3.143371458862833090e-01
2.828420363738251009e-01, 3.124568913873360665e-01, 9.031280226756527307e-02, 3.143882699712736151e-01
2.829003678656425991e-01, 3.123540958586057958e-01, 9.030615537048634900e-02, 3.144393809052652422e-01
2.829586975893474410e-01, 3.122513115966911168e-01, 9.029951214139803062e-02, 3.144904786725634671e-01
2.830170255292719927e-01, 3.121485386321889988e-01, 9.029287258105478386e-02, 3.145415632574842246e-01
2.830753516697540051e-01, 3.120457769956793137e-01, 9.028623669021224041e-02, 3.145926346443544963e-01
2.831336759951361137e-01, 3.119430267177246696e-01, 9.027960446962726704e-02, 3.146436928175120329e-01
2.831919984897661169e-01, 3.118402878288706881e-01, 9.027297592005785465e-02, 3.146947377613052432e-01
2.832503191379970309e-01, 3.117375603596458933e-01, 9.026635104226327089e-02, 3.147457694600938050e-01
2.833086379241867570e-01, 3.116348443405614344e-01, 9.025972983700389363e-02, 3.147967878982478873e-01
2.833669548326986365e-01, 3.115321398021113630e-01, 9.025311230504130811e-02, 3.148477930601487618e-01
2.834252698479008403e-01, 3.114294467747726891e-01, 9.024649844713819591e-02, 3.148987849301883024e-01
2.834835829541669794e-01, 3.113267652890048254e-01, 9.023988826405854313e-02, 3.149497634927696521e-01
2.835418941358756051e-01, 3.112240953752503092e-01, 9.023328175656743222e-02, 3.150007287323066119e-01
2.836002033774106534e-01, 3.111214370639341364e-01, 9.022667892543116686e-02, 3.150516806332239739e-01
2.836585106631611675e-01, 3.110187903854643166e-01, 9.022007977141717483e-02, 3.151026191799574105e-01
2.837168159775211307e-01, 3.109161553702311509e-01, 9.021348429529409130e-02, 3.151535443569535855e-01
2.837751193048901888e-01, 3.108135320486079545e-01, 9.020689249783171715e-02, 3.152044561486701535e-01
2.838334206296729834e-01, 3.107109204509505562e-01, 9.020030437980101901e-02, 3.152553545395755386e-01
2.838917199362794297e-01, 3.106083206075973546e-01, 9.019371994197405984e-02, 3.153062395141491558e-01
2.839500172091244945e-01, 3.105057325488695952e-01, 9.018713918512426264e-02, 3.153571110568816338e-01
2.840083124326286956e-01, 3.104031563050708709e-01, 9.018056211002596634e-02, 3.154079691522743700e-01
2.840666055912177135e-01, 3.103005919064875662e-01, 9.017398871745489763e-02, 3.154588137848398643e-01
2.841248966693225020e-01, 3.101980393833884686e-01, 9.016741900818775468e-02, 3.155096449391013302e-01
2.841831856513790666e-01, 3.100954987660249351e-01, 9.016085298300258177e-02, 3.155604625995933610e-01
2.842414725218291305e-01, 3.099929700846311142e-01, 9.015429064267840853e-02, 3.156112667508613745e-01
2.842997572651194127e-01, 3.098904533694230579e-01, 9.014773198799559684e-02, 3.156620573774618355e-01
2.843580398657022390e-01, 3.097879486505999980e-01, 9.014117701973552166e-02, 3.157128344639621997e-01
2.844163203080347646e-01, 3.096854559583432920e-01, 9.013462573868070982e-02, 3.157635979949411920e-01
2.844745985765800844e-01, 3.095829753228166448e-01, 9.012807814561506203e-02, 3.158143479549882504e-01
2.845328746558062893e-01, 3.094805067741662752e-01, 9.012153424132333945e-02, 3.158650843287041932e-01
2.845911485301867438e-01, 3.093780503425211381e-01, 9.011499402659160773e-02, 3.159158071007005519e-01
2.846494201842004745e-01, 3.092756060579920363e-01, 9.010845750220708439e-02, 3.159665162556002382e-01
2.847076896023318926e-01, 3.091731739506727306e-01, 9.010192466895813879e-02, 3.160172117780372658e-01
2.847659567690704607e-01, 3.090707540506387185e-01, 9.009539552763423664e-02, 3.160678936526565286e-01
2.848242216689114703e-01, 3.089683463879484004e-01, 9.008887007902603716e-02, 3.161185618641141337e-01
2.848824842863551532e-01, 3.088659509926421909e-01, 9.008234832392532365e-02, 3.161692163970774017e-01
2.849407446059075699e-01, 3.087635678947428519e-01, 9.007583026312501739e-02, 3.162198572362246440e-01
2.849990026120800546e-01, 3.086611971242553820e-01, 9.006931589741921929e-02, 3.162704843662453857e-01
2.850572582893894369e-01, 3.085588387111672937e-01, 9.006280522760315432e-02, 3.163210977718400874e-01
2.851155116223580421e-01, 3.084564926854481137e-01, 9.005629825447310222e-02, 3.163716974377206448e-01
2.851737625955135247e-01, 3.083541590770497720e-01, 9.004979497882670270e-02, 3.164222833486101116e-01
2.852320111933890900e-01, 3.082518379159059907e-01, 9.004329540146248367e-02, 3.164728554892424217e-01
2.852902574005233838e-01, 3.081495292319334500e-01, 9.003679952318024982e-02, 3.165234138443629441e-01
2.853485012014607136e-01, 3.080472330550301785e-01, 9.003030734478091601e-02, 3.165739583987282058e-01
2.854067425807507163e-01, 3.079449494150769961e-01, 9.002381886706654901e-02, 3.166244891371057801e-01
2.854649815229485799e-01, 3.078426783419364599e-01, 9.001733409084027027e-02, 3.166750060442747317e-01
2.855232180126151542e-01, 3.077404198654535294e-01, 9.001085301690639473e-02, 3.167255091050248939e-01
2.855814520343167850e-01, 3.076381740154551792e-01, 9.000437564607043084e-02, 3.167759983041577576e-01
2.856396835726250361e-01, 3.075359408217502866e-01, 8.999790197913884460e-02, 3.168264736264858050e-01
2.856979126121177992e-01, 3.074337203141300212e-01, 8.999143201691942040e-02, 3.168769350568327869e-01
2.857561391373775739e-01, 3.073315125223676225e-01, 8.998496576022091409e-02, 3.169273825800338895e-01
2.858143631329931877e-01, 3.072293174762181778e-01, 8.997850320985331662e-02, 3.169778161809352901e-01
2.858725845835587420e-01, 3.071271352054189552e-01, 8.997204436662768756e-02, 3.170282358443946014e-01
2.859308034736741111e-01, 3.070249657396891818e-01, 8.996558923135621055e-02, 3.170786415552805937e-01
2.859890197879445539e-01, 3.069228091087299881e-01, 8.995913780485219335e-02, 3.171290332984733618e-01
2.860472335109810471e-01, 3.068206653422245189e-01, 8.995269008793005394e-02, 3.171794110588644355e-01
2.861054446274002849e-01, 3.067185344698379335e-01, 8.994624608140536215e-02, 3.172297748213564472e-01
2.861636531218246238e-01, 3.066164165212172388e-01, 8.993980578609478416e-02, 3.172801245708632978e-01
2.862218589788819711e-01, 3.065143115259912898e-01, 8.993336920281609637e-02, 3.173304602923106010e-01
2.862800621832058967e-01, 3.064122195137711224e-01, 8.992693633238818540e-02, 3.173807819706348510e-01
2.863382627194357433e-01, 3.063101405141491762e-01, 8.992050717563108975e-02, 3.174310895907839214e-01
2.863964605722164047e-01, 3.062080745567002382e-01, 8.991408173336593035e-02, 3.174813831377173989e-01
2.864546557261986037e-01, 3.061060216709805548e-01, 8.990766000641493838e-02, 3.175316625964059725e-01
2.865128481660387805e-01, 3.060039818865284422e-01, 8.990124199560141360e-02, 3.175819279518314331e-01
2.865710378763989263e-01, 3.059019552328638425e-01, 8.989482770174982151e-02, 3.176321791889873403e-01
2.866292248419469169e-01, 3.057999417394887121e-01, 8.988841712568575171e-02, 3.176824162928785777e-01
2.866874090473563452e-01, 3.056979414358866332e-01, 8.988201026823583462e-02, 3.177326392485212980e-01
2.867455904773064668e-01, 3.055959543515228694e-01, 8.987560713022783865e-02, 3.177828480409429779e-01
2.868037691164822545e-01, 3.054939805158444210e-01, 8.986920771249062856e-02, 3.178330426551826959e-01
2.868619449495748430e-01, 3.053920199582803030e-01, 8.986281201585416545e-02, 3.178832230762907440e-01
2.869201179612805297e-01, 3.052900727082408228e-01, 8.985642004114954839e-02, 3.179333892893290714e-01
2.869782881363019955e-01, 3.051881387951183022e-01, 8.985003178920891731e-02, 3.179835412793707849e-01
2.870364554593473061e-01, 3.050862182482866336e-01, 8.984364726086550845e-02, 3.180336790315005935e-01
2.870946199151304667e-01, 3.049843110971011684e-01, 8.983726645695375157e-02, 3.180838025308146411e-01
2.871527814883714225e-01, 3.048824173708991059e-01, 8.983088937830902010e-02, 3.181339117624204516e-01
2.872109401637957249e-01, 3.047805370989992713e-01, 8.982451602576790872e-02, 3.181840067114371506e-01
2.872690959261349208e-01, 3.046786703107018379e-01, 8.981814640016805296e-02, 3.182340873629951328e-01
2.873272487601264413e-01, 3.045768170352889936e-01, 8.981178050234818466e-02, 3.182841537022363387e-01
2.873853986505134905e-01, 3.044749773020241079e-01, 8.980541833314807654e-02, 3.183342057143143666e-01
2.874435455820450458e-01, 3.043731511401521761e-01, 8.979905989340866701e-02, 3.183842433843940278e-01
2.875016895394761907e-01, 3.042713385788998748e-01, 8.979270518397196310e-02, 3.184342666976519021e-01
2.875598305075677819e-01, 3.041695396474752289e-01, 8.978635420568099879e-02, 3.184842756392758933e-01
2.876179684710865603e-01, 3.040677543750679446e-01, 8.978000695938001541e-02, 3.185342701944655075e-01
2.876761034148052065e-01, 3.039659827908489653e-01, 8.977366344591414249e-02, 3.185842503484316302e-01
2.877342353235023409e-01, 3.038642249239709159e-01, 8.976732366612980019e-02, 3.186342160863970263e-01
2.877923641819625233e-01, 3.037624808035677137e-01, 8.976098762087431071e-02, 3.186841673935955077e-01
2.878504899749760870e-01, 3.036607504587548467e-01, 8.975465531099620364e-02, 3.187341042552728765e-01
2.879086126873395823e-01, 3.035590339186290398e-01, 8.974832673734503552e-02, 3.187840266566863145e-01
2.879667323038553883e-01, 3.034573312122686439e-01, 8.974200190077144534e-02, 3.188339345831045502e-01
2.880248488093318238e-01, 3.033556423687331360e-01, 8.973568080212714071e-02, 3.188838280198079689e-01
2.880829621885832026e-01, 3.032539674170636190e-01, 8.972936344226487004e-02, 3.189337069520882806e-01
2.881410724264298895e-01, 3.031523063862822664e-01, 8.972304982203854751e-02, 3.189835713652492966e-01
2.881991795076982443e-01, 3.030506593053928222e-01, 8.971673994230305871e-02, 3.190334212446058193e-01
2.882572834172206222e-01, 3.029490262033802117e-01, 8.971043380391439948e-02, 3.190832565754846972e-01
2.883153841398352624e-01, 3.028474071092107645e-01, 8.970413140772962035e-02, 3.191330773432243806e-01
2.883734816603865658e-01, 3.027458020518319359e-01, 8.969783275460689598e-02, 3.191828835331745884e-01
2.884315759637250953e-01, 3.026442110601725854e-01, 8.969153784540535856e-02, 3.192326751306969745e-01
2.884896670347072978e-01, 3.025426341631426985e-01, 8.968524668098527830e-02, 3.192824521211646838e-01
2.885477548581956708e-01, 3.024410713896337199e-01, 8.967895926220803560e-02, 3.193322144899626847e-01
2.886058394190588738e-01, 3.023395227685178877e-01, 8.967267558993592680e-02, 3.193819622224873256e-01
2.886639207021715059e-01, 3.022379883286491209e-01, 8.966639566503242786e-02, 3.194316953041469453e-01
2.887219986924145498e-01, 3.021364680988621321e-01, 8.966011948836206946e-02, 3.194814137203613180e-01
2.887800733746747062e-01, 3.020349621079731484e-01, 8.965384706079036758e-02, 3.195311174565618195e-01
2.888381447338451147e-01, 3.019334703847792456e-01, 8.964757838318393457e-02, 3.195808064981918162e-01
2.888962127548247438e-01, 3.018319929580588479e-01, 8.964131345641039583e-02, 3.196304808307061651e-01
2.889542774225189459e-01, 3.017305298565712834e-01, 8.963505228133857028e-02, 3.196801404395713253e-01
2.890123387218390127e-01, 3.016290811090571178e-01, 8.962879485883812336e-02, 3.197297853102656906e-01
2.890703966377026202e-01, 3.015276467442381536e-01, 8.962254118977992789e-02, 3.197794154282792567e-01
2.891284511550333836e-01, 3.014262267908169868e-01, 8.961629127503589753e-02, 3.198290307791137876e-01
2.891865022587611356e-01, 3.013248212774773394e-01, 8.961004511547884799e-02, 3.198786313482827048e-01
2.892445499338220927e-01, 3.012234302328840041e-01, 8.960380271198280233e-02, 3.199282171213110870e-01
2.893025941651581334e-01, 3.011220536856830110e-01, 8.959756406542275509e-02, 3.199777880837360033e-01
2.893606349377180753e-01, 3.010206916645009612e-01, 8.959132917667475549e-02, 3.200273442211061803e-01
2.894186722364563424e-01, 3.009193441979457484e-01, 8.958509804661590747e-02, 3.200768855189820017e-01
2.894767060463337982e-01, 3.008180113146061707e-01, 8.957887067612434195e-02, 3.201264119629356197e-01
2.895347363523175788e-01, 3.007166930430520413e-01, 8.957264706607921678e-02, 3.201759235385511215e-01
2.895927631393809820e-01, 3.006153894118339664e-01, 8.956642721736074453e-02, 3.202254202314243070e-01
2.896507863925035786e-01, 3.005141004494835677e-01, 8.956021113085022023e-02, 3.202749020271626335e-01
2.897088060966711565e-01, 3.004128261845134262e-01, 8.955399880742986873e-02, 3.203243689113856596e-01
2.897668222368758317e-01, 3.003115666454169164e-01, 8.954779024798305287e-02, 3.203738208697242129e-01
2.898248347981158823e-01, 3.002103218606684831e-01, 8.954158545339406527e-02, 3.204232578878216109e-01
2.898828437653961920e-01, 3.001090918587230316e-01, 8.953538442454833657e-02, 3.204726799513324398e-01
2.899408491237274732e-01, 3.000078766680168152e-01, 8.952918716233226881e-02, 3.205220870459234983e-01
2.899988508581269331e-01, 2.999066763169666028e-01, 8.952299366763333266e-02, 3.205714791572730760e-01
2.900568489536183292e-01, 2.998054908339701230e-01, 8.951680394133991470e-02, 3.206208562710716192e-01
2.901148433952314698e-01, 2.997043202474056200e-01, 8.951061798434159500e-02, 3.206702183730212319e-01
2.901728341680024914e-01, 2.996031645856327419e-01, 8.950443579752885570e-02, 3.207195654488358971e-01
2.902308212569739698e-01, 2.995020238769911525e-01, 8.949825738179321977e-02, 3.207688974842414775e-01
2.902888046471950312e-01, 2.994008981498018640e-01, 8.949208273802729263e-02, 3.208182144649758261e-01
2.903467843237206303e-01, 2.992997874323663487e-01, 8.948591186712465118e-02, 3.208675163767883975e-01
2.904047602716126053e-01, 2.991986917529668166e-01, 8.947974476997988535e-02, 3.209168032054408037e-01
2.904627324759388451e-01, 2.990976111398661597e-01, 8.947358144748859821e-02, 3.209660749367063692e-01
2.905207009217739000e-01, 2.989965456213082295e-01, 8.946742190054746136e-02, 3.210153315563704646e-01
2.905786655941985375e-01, 2.988954952255170605e-01, 8.946126613005411787e-02, 3.210645730502302286e-01
2.906366264782999087e-01, 2.987944599806979240e-01, 8.945511413690721003e-02, 3.211137994040948462e-01
2.906945835591717708e-01, 2.986934399150363850e-01, 8.944896592200649033e-02, 3.211630106037854926e-01
2.907525368219140427e-01, 2.985924350566986352e-01, 8.944282148625254392e-02, 3.212122066351348337e-01
2.908104862516333045e-01, 2.984914454338316037e-01, 8.943668083054719109e-02, 3.212613874839879147e-01
2.908684318334425201e-01, 2.983904710745627908e-01, 8.943054395579301541e-02, 3.213105531362016043e-01
2.909263735524610928e-01, 2.982895120070003236e-01, 8.942441086289384944e-02, 3.213597035776446509e-01
2.909843113938149206e-01, 2.981885682592329001e-01, 8.941828155275434453e-02, 3.214088387941979597e-01
2.910422453426362854e-01, 2.980876398593294563e-01, 8.941215602628026227e-02, 3.214579587717539266e-01
2.911001753840640749e-01, 2.979867268353401100e-01, 8.940603428437832179e-02, 3.215070634962175489e-01
2.911581015032435049e-01, 2.978858292152949394e-01, 8.939991632795619980e-02, 3.215561529535053142e-01
2.912160236853265083e-01, 2.977849470272048160e-01, 8.939380215792272488e-02, 3.216052271295459786e-01
2.912739419154714016e-01, 2.976840802990609602e-01, 8.938769177518755826e-02, 3.216542860102800661e-01
2.913318561788430516e-01, 2.975832290588352191e-01, 8.938158518066141589e-02, 3.217033295816603133e-01
2.913897664606127091e-01, 2.974823933344798443e-01, 8.937548237525609618e-02, 3.217523578296513365e-01
2.914476727459585637e-01, 2.973815731539274365e-01, 8.936938335988427184e-02, 3.218013707402297419e-01
2.915055750200649665e-01, 2.972807685450912230e-01, 8.936328813545964256e-02, 3.218503682993842374e-01
2.915634732681228192e-01, 2.971799795358646690e-01, 8.935719670289693495e-02, 3.218993504931155769e-01
2.916213674753299068e-01, 2.970792061541219775e-01, 8.935110906311186096e-02, 3.219483173074363380e-01
2.916792576268903425e-01, 2.969784484277172565e-01, 8.934502521702104849e-02, 3.219972687283713664e-01
2.917371437080149010e-01, 2.968777063844852959e-01, 8.933894516554219400e-02, 3.220462047419576090e-01
2.917950257039209072e-01, 2.967769800522412904e-01, 8.933286890959397930e-02, 3.220951253342437259e-01
2.918529035998325138e-01, 2.966762694587806726e-01, 8.932679645009605762e-02, 3.221440304912907560e-01
2.919107773809800355e-01, 2.965755746318792241e-01, 8.932072778796898427e-02, 3.221929201991717284e-01
2.919686470326008365e-01, 2.964748955992931312e-01, 8.931466292413445252e-02, 3.222417944439714965e-01
2.920265125399387207e-01, 2.963742323887587071e-01, 8.930860185951504382e-02, 3.222906532117876810e-01
2.920843738882440976e-01, 2.962735850279927252e-01, 8.930254459503424169e-02, 3.223394964887288938e-01
2.921422310627741492e-01, 2.961729535446922523e-01, 8.929649113161669538e-02, 3.223883242609169586e-01
2.922000840487927187e-01, 2.960723379665343158e-01, 8.929044147018791455e-02, 3.224371365144849677e-01
2.922579328315701996e-01, 2.959717383211767916e-01, 8.928439561167436644e-02, 3.224859332355787256e-01
2.923157773963837025e-01, 2.958711546362570721e-01, 8.927835355700354525e-02, 3.225347144103556385e-01
2.923736177285169990e-01, 2.957705869393933984e-01, 8.927231530710393048e-02, 3.225834800249856582e-01
2.924314538132607444e-01, 2.956700352581836944e-01, 8.926628086290487596e-02, 3.226322300656505604e-01
2.924892856359121440e-01, 2.955694996202065661e-01, 8.926025022533683184e-02, 3.226809645185444442e-01
2.925471131817750092e-01, 2.954689800530204691e-01, 8.925422339533116423e-02, 3.227296833698733991e-01
2.926049364361601457e-01, 2.953684765841639304e-01, 8.924820037382015514e-02, 3.227783866058558382e-01
2.926627553843847984e-01, 2.952679892411561036e-01, 8.924218116173708581e-02, 3.228270742127219428e-01
2.927205700117731513e-01, 2.951675180514957697e-01, 8.923616576001630607e-02, 3.228757461767147174e-01
2.927783803036561605e-01, 2.950670630426622254e-01, 8.923015416959301227e-02, 3.229244024840887128e-01
2.928361862453712217e-01, 2.949666242421144502e-01, 8.922414639140328896e-02, 3.229730431211109143e-01
2.928939878222630577e-01, 2.948662016772921057e-01, 8.921814242638442805e-02, 3.230216680740604640e-01
2.929517850196826645e-01, 2.947657953756142035e-01, 8.921214227547442921e-02, 3.230702773292286611e-01
2.930095778229880321e-01, 2.946654053644804927e-01, 8.920614593961238847e-02, 3.231188708729191283e-01
2.930673662175439231e-01, 2.945650316712703498e-01, 8.920015341973835943e-02, 3.231674486914473676e-01
2.931251501887219280e-01, 2.944646743233433894e-01, 8.919416471679324221e-02, 3.232160107711413710e-01
2.931829297219005204e-01, 2.943643333480391866e-01, 8.918817983171901942e-02, 3.232645570983413430e-01
2.932407048024646135e-01, 2.942640087726773324e-01, 8.918219876545857572e-02, 3.233130876593994785e-01
2.932984754158065033e-01, 2.941637006245573227e-01, 8.917622151895572558e-02, 3.233616024406804068e-01
2.933562415473249252e-01, 2.940634089309588917e-01, 8.917024809315525491e-02, 3.234101014285608033e-01
2.934140031824257200e-01, 2.939631337191414007e-01, 8.916427848900292108e-02, 3.234585846094299444e-01
2.934717603065213343e-01, 2.938628750163445047e-01, 8.915831270744534187e-02, 3.235070519696887636e-01
2.935295129050312646e-01, 2.937626328497875972e-01, 8.915235074943020366e-02, 3.235555034957510179e-01
2.935872609633817798e-01, 2.936624072466700319e-01, 8.914639261590599773e-02, 3.236039391740422877e-01
2.936450044670060877e-01, 2.935621982341709568e-01, 8.914043830782231170e-02, 3.236523589910005883e-01
2.937027434013442795e-01, 2.934620058394497577e-01, 8.913448782612955201e-02, 3.237007629330763692e-01
2.937604777518434407e-01, 2.933618300896453923e-01, 8.912854117177913815e-02, 3.237491509867320705e-01
2.938182075039572627e-01, 2.932616710118768899e-01, 8.912259834572337780e-02, 3.237975231384424002e-01
2.938759326431467644e-01, 2.931615286332429626e-01, 8.911665934891559171e-02, 3.238458793746947784e-01
2.939336531548795706e-01, 2.930614029808222831e-01, 8.911072418230990555e-02, 3.238942196819882824e-01
2.939913690246303557e-01, 2.929612940816733180e-01, 8.910479284686148582e-02, 3.239425440468347572e-01
2.940490802378807889e-01, 2.928612019628344387e-01, 8.909886534352644272e-02, 3.239908524557582603e-01
2.941067867801195335e-01, 2.927611266513237553e-01, 8.909294167326174685e-02, 3.240391448952950060e-01
2.941644886368420253e-01, 2.926610681741391717e-01, 8.908702183702534028e-02, 3.240874213519935876e-01
2.942221857935506391e-01, 2.925610265582582192e-01, 8.908110583577606711e-02, 3.241356818124150885e-01
2.942798782357550769e-01, 2.924610018306386117e-01, 8.907519367047374292e-02, 3.241839262631326379e-01
2.943375659489716467e-01, 2.923609940182174682e-01, 8.906928534207904369e-02, 3.242321546907317997e-01
2.943952489187240951e-01, 2.922610031479116466e-01, 8.906338085155370010e-02, 3.242803670818106276e-01
2.944529271305424967e-01, 2.921610292466179093e-01, 8.905748019986022002e-02, 3.243285634229793879e-01
2.945106005699645868e-01, 2.920610723412125354e-01, 8.905158338796208273e-02, 3.243767437008606702e-01
2.945682692225349286e-01, 2.919611324585518752e-01, 8.904569041682375286e-02, 3.244249079020893878e-01
2.946259330738049687e-01, 2.918612096254715738e-01, 8.903980128741048605e-02, 3.244730560133130548e-01
2.946835921093332589e-01, 2.917613038687869587e-01, 8.903391600068859268e-02, 3.245211880211912314e-01
2.947412463146853456e-01, 2.916614152152934292e-01, 8.902803455762517415e-02, 3.245693039123960233e-01
2.947988956754341583e-01, 2.915615436917655678e-01, 8.902215695918835880e-02, 3.246174036736119151e-01
2.948565401771592320e-01, 2.914616893249578067e-01, 8.901628320634713543e-02, 3.246654872915358259e-01
2.949141798054475405e-01, 2.913618521416042051e-01, 8.901041330007143648e-02, 3.247135547528768318e-01
2.949718145458929408e-01, 2.912620321684185054e-01, 8.900454724133201323e-02, 3.247616060443565544e-01
2.950294443840963399e-01, 2.911622294320937998e-01, 8.899868503110061613e-02, 3.248096411527092719e-01
2.950870693056658611e-01, 2.910624439593030854e-01, 8.899282667034992544e-02, 3.248576600646811419e-01
2.951446892962168445e-01, 2.909626757766985983e-01, 8.898697216005342636e-02, 3.249056627670312003e-01
2.952023043413714021e-01, 2.908629249109124237e-01, 8.898112150118560326e-02, 3.249536492465305848e-01
2.952599144267591957e-01, 2.907631913885560526e-01, 8.897527469472181483e-02, 3.250016194899629784e-01
2.953175195380165485e-01, 2.906634752362204921e-01, 8.896943174163826629e-02, 3.250495734841246098e-01
2.953751196607873886e-01, 2.905637764804764323e-01, 8.896359264291218982e-02, 3.250975112158240310e-01
2.954327147807224718e-01, 2.904640951478737465e-01, 8.895775739952159478e-02, 3.251454326718821730e-01
2.954903048834798263e-01, 2.903644312649422132e-01, 8.895192601244544806e-02, 3.251933378391325125e-01
2.955478899547246407e-01, 2.902647848581909606e-01, 8.894609848266363250e-02, 3.252412267044208494e-01
2.956054699801293206e-01, 2.901651559541082448e-01, 8.894027481115684974e-02, 3.252890992546056403e-01
2.956630449453733767e-01, 2.900655445791622267e-01, 8.893445499890675898e-02, 3.253369554765575544e-01
2.957206148361434805e-01, 2.899659507598004171e-01, 8.892863904689597698e-02, 3.253847953571601392e-01
2.957781796381336870e-01, 2.898663745224496213e-01, 8.892282695610778664e-02, 3.254326188833088773e-01
2.958357393370451005e-01, 2.897668158935161054e-01, 8.891701872752665048e-02, 3.254804260419121853e-01
2.958932939185860422e-01, 2.896672748993856517e-01, 8.891121436213769713e-02, 3.255282168198906367e-01
2.959508433684720496e-01, 2.895677515664233925e-01, 8.890541386092702669e-02, 3.255759912041774617e-01
2.960083876724260987e-01, 2.894682459209737546e-01, 8.889961722488168294e-02, 3.256237491817184360e-01
2.960659268161781044e-01, 2.893687579893606254e-01, 8.889382445498948682e-02, 3.256714907394717695e-01
2.961234607854653644e-01, 2.892692877978873534e-01, 8.888803555223923070e-02, 3.257192158644081070e-01
2.961809895660325598e-01, 2.891698353728363591e-01, 8.888225051762051188e-02, 3.257669245435106387e-01
2.962385131436314212e-01, 2.890704007404696352e-01, 8.887646935212385746e-02, 3.258146167637750446e-01
2.962960315040210624e-01, 2.889709839270284131e-01, 8.887069205674064110e-02, 3.258622925122098279e-01
2.963535446329679246e-01, 2.888715849587334406e-01, 8.886491863246323564e-02, 3.259099517758355380e-01
2.964110525162455545e-01, 2.887722038617842046e-01, 8.885914908028468007e-02, 3.259575945416854914e-01
2.964685551396350482e-01, 2.886728406623601528e-01, 8.885338340119906808e-02, 3.260052207968057170e-01
2.965260524889246074e-01, 2.885734953866195829e-01, 8.884762159620125666e-02, 3.260528305282544559e-01
2.965835445499098721e-01, 2.884741680607003089e-01, 8.884186366628704645e-02, 3.261004237231027170e-01
2.966410313083938655e-01, 2.883748587107192174e-01, 8.883610961245309856e-02, 3.261480003684338880e-01
2.966985127501864938e-01, 2.882755673627724335e-01, 8.883035943569690673e-02, 3.261955604513441798e-01
2.967559888611056573e-01, 2.881762940429354325e-01, 8.882461313701683903e-02, 3.262431039589420712e-01
2.968134596269760839e-01, 2.880770387772628727e-01, 8.881887071741219331e-02, 3.262906308783488085e-01
2.968709250336303285e-01, 2.879778015917885958e-01, 8.881313217788304459e-02, 3.263381411966981283e-01
2.969283850669076630e-01, 2.878785825125255160e-01, 8.880739751943036997e-02, 3.263856349011363678e-01
2.969858397126554084e-01, 2.877793815654660081e-01, 8.880166674305603469e-02, 3.264331119788224655e-01
2.970432889567277690e-01, 2.876801987765815194e-01, 8.879593984976273668e-02, 3.264805724169279055e-01
2.971007327849867208e-01, 2.875810341718224028e-01, 8.879021684055407593e-02, 3.265280162026367727e-01
2.971581711833012340e-01, 2.874818877771185277e-01, 8.878449771643442956e-02, 3.265754433231458087e-01
2.972156041375481061e-01, 2.873827596183785582e-01, 8.877878247840909065e-02, 3.266228537656642450e-01
2.972730316336111844e-01, 2.872836497214906748e-01, 8.877307112748421269e-02, 3.266702475174140252e-01
2.973304536573818102e-01, 2.871845581123216862e-01, 8.876736366466676798e-02, 3.267176245656296940e-01
2.973878701947590408e-01, 2.870854848167180284e-01, 8.876166009096461695e-02, 3.267649848975583970e-01
2.974452812316489281e-01, 2.869864298605047659e-01, 8.875596040738645276e-02, 3.268123285004598255e-01
2.975026867539652953e-01, 2.868873932694864237e-01, 8.875026461494178731e-02, 3.268596553616064937e-01
2.975600867476293487e-01, 2.867883750694463219e-01, 8.874457271464113173e-02, 3.269069654682832393e-01
2.976174811985695667e-01, 2.866893752861469635e-01, 8.873888470749560775e-02, 3.269542588077878342e-01
2.976748700927221991e-01, 2.865903939453298133e-01, 8.873320059451739183e-02, 3.270015353674306513e-01
2.977322534160307121e-01, 2.864914310727154079e-01, 8.872752037671934044e-02, 3.270487951345345534e-01
2.977896311544461772e-01, 2.863924866940034120e-01, 8.872184405511530925e-02, 3.270960380964350600e-01
2.978470032939272150e-01, 2.862935608348723404e-01, 8.871617163071987555e-02, 3.271432642404806246e-01
2.979043698204397184e-01, 2.861946535209798359e-01, 8.871050310454853260e-02, 3.271904735540320242e-01
2.979617307199572962e-01, 2.860957647779623358e-01, 8.870483847761755081e-02, 3.272376660244628588e-01
2.980190859784608848e-01, 2.859968946314356275e-01, 8.869917775094407486e-02, 3.272848416391594406e-01
2.980764355819391920e-01, 2.858980431069939598e-01, 8.869352092554612377e-02, 3.273320003855206273e-01
2.981337795163883087e-01, 2.857992102302110426e-01, 8.868786800244249369e-02, 3.273791422509582105e-01
2.981911177678118752e-01, 2.857003960266391029e-01, 8.868221898265275793e-02, 3.274262672228961946e-01
2.982484503222210259e-01, 2.856016005218096621e-01, 8.867657386719753065e-02, 3.274733752887717952e-01
2.983057771656345003e-01, 2.855028237412328695e-01, 8.867093265709802274e-02, 3.275204664360346629e-01
2.983630982840785872e-01, 2.854040657103979473e-01, 8.866529535337641654e-02, 3.275675406521470490e-01
2.984204136635871807e-01, 2.853053264547730228e-01, 8.865966195705562991e-02, 3.276145979245841944e-01
2.984777232902016131e-01, 2.852066059998050740e-01, 8.865403246915949664e-02, 3.276616382408338302e-01
2.985350271499710995e-01, 2.851079043709198735e-01, 8.864840689071264157e-02, 3.277086615883964549e-01
2.985923252289520158e-01, 2.850092215935222661e-01, 8.864278522274053607e-02, 3.277556679547851681e-01
2.986496175132087871e-01, 2.849105576929957251e-01, 8.863716746626940091e-02, 3.278026573275261701e-01
2.987069039888129995e-01, 2.848119126947027402e-01, 8.863155362232631729e-02, 3.278496296941579291e-01
2.987641846418442881e-01, 2.847132866239847071e-01, 8.862594369193922683e-02, 3.278965850422318473e-01
2.988214594583895045e-01, 2.846146795061613721e-01, 8.862033767613683444e-02, 3.279435233593122057e-01
2.988787284245435494e-01, 2.845160913665320535e-01, 8.861473557594873318e-02, 3.279904446329757195e-01
2.989359915264085399e-01, 2.844175222303741979e-01, 8.860913739240523779e-02, 3.280373488508120383e-01
2.989932487500944758e-01, 2.843189721229444356e-01, 8.860354312653755116e-02, 3.280842360004235791e-01
2.990505000817189063e-01, 2.842204410694780803e-01, 8.859795277937763947e-02, 3.281311060694254156e-01
2.991077455074072633e-01, 2.841219290951890741e-01, 8.859236635195831544e-02, 3.281779590454453888e-01
2.991649850132923061e-01, 2.840234362252703204e-01, 8.858678384531316896e-02, 3.282247949161242184e-01
2.992222185855146765e-01, 2.839249624848934062e-01, 8.858120526047666421e-02, 3.282716136691152808e-01
2.992794462102227881e-01, 2.838265078992086576e-01, 8.857563059848398701e-02, 3.283184152920846643e-01
2.993366678735723818e-01, 2.837280724933451403e-01, 8.857005986037121137e-02, 3.283651997727113359e-01
2.993938835617273031e-01, 2.836296562924106035e-01, 8.856449304717513293e-02, 3.284119670986869743e-01
2.994510932608588361e-01, 2.835312593214915355e-01, 8.855893015993340778e-02, 3.284587172577162484e-01
2.995082969571461473e-01, 2.834328816056530531e-01, 8.855337119968449688e-02, 3.285054502375163166e-01
2.995654946367758975e-01, 2.833345231699391786e-01, 8.854781616746765227e-02, 3.285521660258172161e-01
2.996226862859427409e-01, 2.832361840393724517e-01, 8.854226506432283372e-02, 3.285988646103619737e-01
2.996798718908487702e-01, 2.831378642389540401e-01, 8.853671789129098635e-02, 3.286455459789061062e-01
2.997370514377042383e-01, 2.830395637936639619e-01, 8.853117464941372139e-02, 3.286922101192181755e-01
2.997942249127266701e-01, 2.829412827284604748e-01, 8.852563533973345500e-02, 3.287388570190794002e-01
2.998513923021415839e-01, 2.828430210682810753e-01, 8.852009996329340824e-02, 3.287854866662838216e-01
2.999085535921824364e-01, 2.827447788380413329e-01, 8.851456852113763485e-02, 3.288320990486385820e-01
2.999657087690901225e-01, 2.826465560626357787e-01, 8.850904101431091020e-02, 3.288786941539632580e-01
3.000228578191133089e-01, 2.825483527669375161e-01, 8.850351744385882846e-02, 3.289252719700903049e-01
3.000800007285088222e-01, 2.824501689757980549e-01, 8.849799781082778871e-02, 3.289718324848652231e-01
3.001371374835410388e-01, 2.823520047140477551e-01, 8.849248211626499494e-02, 3.290183756861461695e-01
3.001942680704819399e-01, 2.822538600064953274e-01, 8.848697036121838666e-02, 3.290649015618043460e-01
3.002513924756117225e-01, 2.821557348779282215e-01, 8.848146254673668054e-02, 3.291114100997234448e-01
3.003085106852180775e-01, 2.820576293531122380e-01, 8.847595867386943980e-02, 3.291579012878001476e-01
3.003656226855966893e-01, 2.819595434567921388e-01, 8.847045874366693541e-02, 3.292043751139441810e-01
3.004227284630509587e-01, 2.818614772136907032e-01, 8.846496275718028490e-02, 3.292508315660780394e-01
3.004798280038922242e-01, 2.817634306485095608e-01, 8.845947071546136908e-02, 3.292972706321367071e-01
3.005369212944395962e-01, 2.816654037859288584e-01, 8.845398261956280428e-02, 3.293436923000686023e-01
3.005940083210201785e-01, 2.815673966506072046e-01, 8.844849847053799785e-02, 3.293900965578347440e-01
3.006510890699685690e-01, 2.814694092671816694e-01, 8.844301826944113432e-02, 3.294364833934087522e-01
3.007081635276275255e-01, 2.813714416602678403e-01, 8.843754201732721698e-02, 3.294828527947774588e-01
3.007652316803476888e-01, 2.812734938544597108e-01, 8.843206971525197080e-02, 3.295292047499405741e-01
3.008222935144875820e-01, 2.811755658743299580e-01, 8.842660136427189788e-02, 3.295755392469106315e-01
3.008793490164133333e-01, 2.810776577444295543e-01, 8.842113696544424972e-02, 3.296218562737127655e-01
3.009363981724993420e-01, 2.809797694892880449e-01, 8.841567651982715215e-02, 3.296681558183854333e-01
3.009934409691276680e-01, 2.808819011334132143e-01, 8.841022002847932770e-02, 3.297144378689798594e-01
3.010504773926883093e-01, 2.807840527012914200e-01, 8.840476749246035937e-02, 3.297607024135597587e-01
3.011075074295793685e-01, 2.806862242173876476e-01, 8.839931891283060728e-02, 3.298069494402023905e-01
3.011645310662066088e-01, 2.805884157061448447e-01, 8.839387429065116708e-02, 3.298531789369973932e-01
3.012215482889837315e-01, 2.804906271919848093e-01, 8.838843362698389772e-02, 3.298993908920475615e-01
3.012785590843325978e-01, 2.803928586993073568e-01, 8.838299692289140752e-02, 3.299455852934686240e-01
3.013355634386827298e-01, 2.802951102524910421e-01, 8.837756417943708198e-02, 3.299917621293890768e-01
3.013925613384719759e-01, 2.801973818758926038e-01, 8.837213539768505599e-02, 3.300379213879504059e-01
3.014495527701456790e-01, 2.800996735938472426e-01, 8.836671057870019996e-02, 3.300840630573069201e-01
3.015065377201575081e-01, 2.800019854306682876e-01, 8.836128972354814759e-02, 3.301301871256260845e-01
3.015635161749689597e-01, 2.799043174106477516e-01, 8.835587283329529584e-02, 3.301762935810880206e-01
3.016204881210494126e-01, 2.798066695580558316e-01, 8.835045990900881885e-02, 3.302223824118859508e-01
3.016774535448764061e-01, 2.797090418971410752e-01, 8.834505095175657075e-02, 3.302684536062259757e-01
3.017344124329353616e-01, 2.796114344521302697e-01, 8.833964596260719671e-02, 3.303145071523270748e-01
3.017913647717198611e-01, 2.795138472472287194e-01, 8.833424494263010518e-02, 3.303605430384213282e-01
3.018483105477312023e-01, 2.794162803066198575e-01, 8.832884789289537075e-02, 3.304065612527535278e-01
3.019052497474789543e-01, 2.793187336544654120e-01, 8.832345481447395619e-02, 3.304525617835816775e-01
3.019621823574805131e-01, 2.792212073149056839e-01, 8.831806570843742099e-02, 3.304985446191764376e-01
3.020191083642613794e-01, 2.791237013120588251e-01, 8.831268057585811571e-02, 3.305445097478217353e-01
3.020760277543550476e-01, 2.790262156700216156e-01, 8.830729941780914027e-02, 3.305904571578140994e-01
3.021329405143033386e-01, 2.789287504128688533e-01, 8.830192223536433016e-02, 3.306363868374634363e-01
3.021898466306556230e-01, 2.788313055646537975e-01, 8.829654902959829799e-02, 3.306822987750922538e-01
3.022467460899697089e-01, 2.787338811494077806e-01, 8.829117980158632251e-02, 3.307281929590361047e-01
3.023036388788112316e-01, 2.786364771911404858e-01, 8.828581455240443188e-02, 3.307740693776437535e-01
3.023605249837540976e-01, 2.785390937138398915e-01, 8.828045328312944529e-02, 3.308199280192766212e-01
3.024174043913800403e-01, 2.784417307414719378e-01, 8.827509599483880642e-02, 3.308657688723092849e-01
3.024742770882791199e-01, 2.783443882979810269e-01, 8.826974268861076389e-02, 3.309115919251291449e-01
3.025311430610492791e-01, 2.782470664072895783e-01, 8.826439336552428794e-02, 3.309573971661368685e-01
3.025880022962966209e-01, 2.781497650932984733e-01, 8.825904802665909821e-02, 3.310031845837457798e-01
3.026448547806354639e-01, 2.780524843798864443e-01, 8.825370667309559436e-02, 3.310489541663824142e-01
3.027017005006881201e-01, 2.779552242909107962e-01, 8.824836930591489770e-02, 3.310947059024862971e-01
3.027585394430849508e-01, 2.778579848502065186e-01, 8.824303592619889280e-02, 3.311404397805097211e-01
3.028153715944645330e-01, 2.777607660815871182e-01, 8.823770653503013039e-02, 3.311861557889182461e-01
3.028721969414736037e-01, 2.776635680088441749e-01, 8.823238113349196610e-02, 3.312318539161902553e-01
3.029290154707668381e-01, 2.775663906557474525e-01, 8.822705972266836616e-02, 3.312775341508172322e-01
3.029858271690074045e-01, 2.774692340460447326e-01, 8.822174230364410175e-02, 3.313231964813038166e-01
3.030426320228662429e-01, 2.773720982034619809e-01, 8.821642887750463791e-02, 3.313688408961671383e-01
3.030994300190226198e-01, 2.772749831517034025e-01, 8.821111944533614746e-02, 3.314144673839379274e-01
3.031562211441639620e-01, 2.771778889144509983e-01, 8.820581400822548324e-02, 3.314600759331595148e-01
3.032130053849857454e-01, 2.770808155153652308e-01, 8.820051256726024747e-02, 3.315056665323886098e-01
3.032697827281919389e-01, 2.769837629780846355e-01, 8.819521512352877790e-02, 3.315512391701946893e-01
3.033265531604941723e-01, 2.768867313262254881e-01, 8.818992167812003680e-02, 3.315967938351603306e-01
3.033833166686127347e-01, 2.767897205833825258e-01, 8.818463223212383295e-02, 3.316423305158809898e-01
3.034400732392757982e-01, 2.766927307731282260e-01, 8.817934678663048864e-02, 3.316878492009654456e-01
3.034968228592200279e-01, 2.765957619190134165e-01, 8.817406534273122820e-02, 3.317333498790353552e-01
3.035535655151898604e-01, 2.764988140445668874e-01, 8.816878790151780332e-02, 3.317788325387254211e-01
3.036103011939384477e-01, 2.764018871732955018e-01, 8.816351446408283998e-02, 3.318242971686833354e-01
3.036670298822267133e-01, 2.763049813286840295e-01, 8.815824503151951930e-02, 3.318697437575698905e-01
3.037237515668239629e-01, 2.762080965341953687e-01, 8.815297960492174401e-02, 3.319151722940588134e-01
3.037804662345080509e-01, 2.761112328132705462e-01, 8.814771818538426340e-02, 3.319605827668372089e-01
3.038371738720645476e-01, 2.760143901893283291e-01, 8.814246077400232637e-02, 3.320059751646047830e-01
3.038938744662874614e-01, 2.759175686857658905e-01, 8.813720737187201448e-02, 3.320513494760747308e-01
3.039505680039791269e-01, 2.758207683259579213e-01, 8.813195798008997828e-02, 3.320967056899729042e-01
3.040072544719503167e-01, 2.757239891332575743e-01, 8.812671259975368709e-02, 3.321420437950384219e-01
3.040639338570195749e-01, 2.756272311309957423e-01, 8.812147123196120702e-02, 3.321873637800235035e-01
3.041206061460140497e-01, 2.755304943424811692e-01, 8.811623387781138128e-02, 3.322326656336933581e-01
3.041772713257691052e-01, 2.754337787910010049e-01, 8.811100053840366375e-02, 3.322779493448261845e-01
3.042339293831282654e-01, 2.753370844998198619e-01, 8.810577121483821605e-02, 3.323232149022136150e-01
3.042905803049436031e-01, 2.752404114921807032e-01, 8.810054590821589371e-02, 3.323684622946596612e-01
3.043472240780752958e-01, 2.751437597913042876e-01, 8.809532461963826000e-02, 3.324136915109822676e-01
3.044038606893917365e-01, 2.750471294203891137e-01, 8.809010735020754435e-02, 3.324589025400117026e-01
3.044604901257697005e-01, 2.749505204026119198e-01, 8.808489410102658679e-02, 3.325040953705916680e-01
3.045171123740945673e-01, 2.748539327611273508e-01, 8.807968487319901840e-02, 3.325492699915790773e-01
3.045737274212595436e-01, 2.747573665190677361e-01, 8.807447966782905313e-02, 3.325944263918436117e-01
3.046303352541664955e-01, 2.746608216995435336e-01, 8.806927848602169595e-02, 3.326395645602683304e-01
3.046869358597253385e-01, 2.745642983256430525e-01, 8.806408132888253470e-02, 3.326846844857491159e-01
3.047435292248545924e-01, 2.744677964204323972e-01, 8.805888819751783725e-02, 3.327297861571951731e-01
3.048001153364811588e-01, 2.743713160069556900e-01, 8.805369909303459308e-02, 3.327748695635285858e-01
3.048566941815400444e-01, 2.742748571082349041e-01, 8.804851401654037457e-02, 3.328199346936847602e-01
3.049132657469746377e-01, 2.741784197472698636e-01, 8.804333296914354512e-02, 3.328649815366119258e-01
3.049698300197368206e-01, 2.740820039470382996e-01, 8.803815595195305099e-02, 3.329100100812718011e-01
3.050263869867868571e-01, 2.739856097304957383e-01, 8.803298296607853235e-02, 3.329550203166388167e-01
3.050829366350931715e-01, 2.738892371205756127e-01, 8.802781401263028160e-02, 3.330000122317008926e-01
3.051394789516328476e-01, 2.737928861401892622e-01, 8.802264909271932669e-02, 3.330449858154586606e-01
3.051960139233911851e-01, 2.736965568122255998e-01, 8.801748820745720903e-02, 3.330899410569260755e-01
3.052525415373617546e-01, 2.736002491595517783e-01, 8.801233135795627494e-02, 3.331348779451303033e-01
3.053090617805467866e-01, 2.735039632050125236e-01, 8.800717854532945361e-02, 3.331797964691112779e-01
3.053655746399567272e-01, 2.734076989714303019e-01, 8.800202977069038202e-02, 3.332246966179226444e-01
3.054220801026106269e-01, 2.733114564816055969e-01, 8.799688503515332161e-02, 3.332695783806304823e-01
3.054785781555356960e-01, 2.732152357583166880e-01, 8.799174433983315835e-02, 3.333144417463144160e-01
3.055350687857678049e-01, 2.731190368243194277e-01, 8.798660768584555536e-02, 3.333592867040671703e-01
3.055915519803509839e-01, 2.730228597023477977e-01, 8.798147507430667535e-02, 3.334041132429945709e-01
3.056480277263379786e-01, 2.729267044151132970e-01, 8.797634650633341657e-02, 3.334489213522152662e-01
3.057044960107897502e-01, 2.728305709853052763e-01, 8.797122198304337115e-02, 3.334937110208616162e-01
3.057609568207758644e-01, 2.727344594355908258e-01, 8.796610150555467245e-02, 3.335384822380785819e-01
3.058174101433743242e-01, 2.726383697886149982e-01, 8.796098507498616159e-02, 3.335832349930246132e-01
3.058738559656712375e-01, 2.725423020670003638e-01, 8.795587269245730422e-02, 3.336279692748710946e-01
3.059302942747617604e-01, 2.724462562933472887e-01, 8.795076435908828760e-02, 3.336726850728026217e-01
3.059867250577492093e-01, 2.723502324902340455e-01, 8.794566007599982638e-02, 3.337173823760170577e-01
3.060431483017452270e-01, 2.722542306802164802e-01, 8.794055984431331519e-02, 3.337620611737250886e-01
3.060995639938701163e-01, 2.721582508858282345e-01, 8.793546366515085644e-02, 3.338067214551507789e-01
3.061559721212528395e-01, 2.720622931295806346e-01, 8.793037153963512154e-02, 3.338513632095314043e-01
3.062123726710304084e-01, 2.719663574339628020e-01, 8.792528346888944801e-02, 3.338959864261173971e-01
3.062687656303487160e-01, 2.718704438214416541e-01, 8.792019945403781178e-02, 3.339405910941719569e-01
3.063251509863619271e-01, 2.717745523144614039e-01, 8.791511949620479938e-02, 3.339851772029718835e-01
3.063815287262328657e-01, 2.716786829354446153e-01, 8.791004359651564959e-02, 3.340297447418069665e-01
3.064378988371328494e-01, 2.715828357067908150e-01, 8.790497175609621183e-02, 3.340742936999800961e-01
3.064942613062415222e-01, 2.714870106508778802e-01, 8.789990397607304329e-02, 3.341188240668074849e-01
3.065506161207473546e-01, 2.713912077900609843e-01, 8.789484025757322849e-02, 3.341633358316183355e-01
3.066069632678471435e-01, 2.712954271466730960e-01, 8.788978060172453199e-02, 3.342078289837551730e-01
3.066633027347462348e-01, 2.711996687430247577e-01, 8.788472500965535672e-02, 3.342523035125735675e-01
3.067196345086587450e-01, 2.711039326014043627e-01, 8.787967348249470234e-02, 3.342967594074421900e-01
3.067759585768067843e-01, 2.710082187440778778e-01, 8.787462602137222079e-02, 3.343411966577431449e-01
3.068322749264216776e-01, 2.709125271932887324e-01, 8.786958262741813297e-02, 3.343856152528714709e-01
3.068885835447429100e-01, 2.708168579712582624e-01, 8.786454330176335370e-02, 3.344300151822354739e-01
3.069448844190186820e-01, 2.707212111001853772e-01, 8.785950804553940841e-02, 3.344743964352565602e-01
3.070011775365056317e-01, 2.706255866022465595e-01, 8.785447685987837763e-02, 3.345187590013695145e-01
3.070574628844691123e-01, 2.705299844995959213e-01, 8.784944974591296640e-02, 3.345631028700220000e-01
3.071137404501828594e-01, 2.704344048143653145e-01, 8.784442670477660142e-02, 3.346074280306751692e-01
3.071700102209297123e-01, 2.703388475686640535e-01, 8.783940773760322285e-02, 3.346517344728030530e-01
3.072262721840002264e-01, 2.702433127845790817e-01, 8.783439284552740922e-02, 3.346960221858931717e-01
3.072825263266945051e-01, 2.701478004841751934e-01, 8.782938202968432195e-02, 3.347402911594460351e-01
3.073387726363205341e-01, 2.700523106894943681e-01, 8.782437529120983022e-02, 3.347845413829753092e-01
3.073950111001952923e-01, 2.699568434225564917e-01, 8.781937263124030280e-02, 3.348287728460080381e-01
3.074512417056441405e-01, 2.698613987053588570e-01, 8.781437405091274684e-02, 3.348729855380842002e-01
3.075074644400012658e-01, 2.697659765598766635e-01, 8.780937955136486339e-02, 3.349171794487572629e-01
3.075636792906094596e-01, 2.696705770080621289e-01, 8.780438913373479759e-02, 3.349613545675936832e-01
3.076198862448199511e-01, 2.695752000718454888e-01, 8.779940279916138846e-02, 3.350055108841731299e-01
3.076760852899927401e-01, 2.694798457731344410e-01, 8.779442054878415502e-02, 3.350496483880885390e-01
3.077322764134965971e-01, 2.693845141338143678e-01, 8.778944238374308817e-02, 3.350937670689459469e-01
3.077884596027086195e-01, 2.692892051757477812e-01, 8.778446830517880328e-02, 3.351378669163647683e-01
3.078446348450148418e-01, 2.691939189207751548e-01, 8.777949831423258187e-02, 3.351819479199773522e-01
3.079008021278098473e-01, 2.690986553907143697e-01, 8.777453241204623280e-02, 3.352260100694295919e-01
3.079569614384968235e-01, 2.690034146073607690e-01, 8.776957059976217557e-02, 3.352700533543801487e-01
3.080131127644877842e-01, 2.689081965924873807e-01, 8.776461287852345416e-02, 3.353140777645013948e-01
3.080692560932032364e-01, 2.688130013678446395e-01, 8.775965924947366770e-02, 3.353580832894784702e-01
3.081253914120725690e-01, 2.687178289551604982e-01, 8.775470971375701201e-02, 3.354020699190098931e-01
3.081815187085335528e-01, 2.686226793761405385e-01, 8.774976427251830746e-02, 3.354460376428075596e-01
3.082376379700329516e-01, 2.685275526524678047e-01, 8.774482292690291563e-02, 3.354899864505963558e-01
3.082937491840260780e-01, 2.684324488058027480e-01, 8.773988567805685035e-02, 3.355339163321143237e-01
3.083498523379770151e-01, 2.683373678577834487e-01, 8.773495252712659731e-02, 3.355778272771129389e-01
3.084059474193583950e-01, 2.682423098300254494e-01, 8.773002347525939160e-02, 3.356217192753567780e-01
3.084620344156517868e-01, 2.681472747441216997e-01, 8.772509852360284299e-02, 3.356655923166236843e-01
3.085181133143473087e-01, 2.680522626216427229e-01, 8.772017767330535232e-02, 3.357094463907046022e-01
3.085741841029438493e-01, 2.679572734841366155e-01, 8.771526092551575060e-02, 3.357532814874038540e-01
3.086302467689491236e-01, 2.678623073531286591e-01, 8.771034828138354889e-02, 3.357970975965387517e-01
3.086863012998792288e-01, 2.677673642501218754e-01, 8.770543974205874393e-02, 3.358408947079401519e-01
3.087423476832594771e-01, 2.676724441965966372e-01, 8.770053530869197089e-02, 3.358846728114519009e-01
3.087983859066236181e-01, 2.675775472140108358e-01, 8.769563498243444777e-02, 3.359284318969311123e-01
3.088544159575142833e-01, 2.674826733237997134e-01, 8.769073876443789217e-02, 3.359721719542481666e-01
3.089104378234826531e-01, 2.673878225473761416e-01, 8.768584665585464621e-02, 3.360158929732866007e-01
3.089664514920888450e-01, 2.672929949061302324e-01, 8.768095865783764875e-02, 3.360595949439432739e-01
3.090224569509018582e-01, 2.671981904214295600e-01, 8.767607477154036599e-02, 3.361032778561281464e-01
3.090784541874990743e-01, 2.671034091146194944e-01, 8.767119499811684702e-02, 3.361469416997645565e-01
3.091344431894670342e-01, 2.670086510070222574e-01, 8.766631933872168214e-02, 3.361905864647889985e-01
3.091904239444008828e-01, 2.669139161199379218e-01, 8.766144779451004454e-02, 3.362342121411511786e-01
3.092463964399044252e-01, 2.668192044746437452e-01, 8.765658036663775965e-02, 3.362778187188140144e-01
3.093023606635905143e-01, 2.667245160923947256e-01, 8.765171705626099985e-02, 3.363214061877538574e-01
3.093583166030806075e-01, 2.666298509944228790e-01, 8.764685786453667304e-02, 3.363649745379598266e-01
3.094142642460049886e-01, 2.665352092019377395e-01, 8.764200279262225612e-02, 3.364085237594349187e-01
3.094702035800029893e-01, 2.664405907361265813e-01, 8.763715184167568395e-02, 3.364520538421947871e-01
3.095261345927221575e-01, 2.663459956181535859e-01, 8.763230501285547425e-02, 3.364955647762687407e-01
3.095820572718195329e-01, 2.662514238691606749e-01, 8.762746230732072761e-02, 3.365390565516991339e-01
3.096379716049604824e-01, 2.661568755102668993e-01, 8.762262372623112749e-02, 3.365825291585414214e-01
3.096938775798195320e-01, 2.660623505625690499e-01, 8.761778927074684309e-02, 3.366259825868646027e-01
3.097497751840797009e-01, 2.659678490471408252e-01, 8.761295894202862644e-02, 3.366694168267507226e-01
3.098056644054332787e-01, 2.658733709850338300e-01, 8.760813274123778471e-02, 3.367128318682950927e-01
3.098615452315808261e-01, 2.657789163972765767e-01, 8.760331066953616630e-02, 3.367562277016064032e-01
3.099174176502322298e-01, 2.656844853048752619e-01, 8.759849272808614695e-02, 3.367996043168063891e-01
3.099732816491060361e-01, 2.655900777288132120e-01, 8.759367891805069917e-02, 3.368429617040301083e-01
3.100291372159295622e-01, 2.654956936900513265e-01, 8.758886924059325341e-02, 3.368862998534259412e-01
3.100849843384391180e-01, 2.654013332095276900e-01, 8.758406369687790627e-02, 3.369296187551553690e-01
3.101408230043797842e-01, 2.653069963081578497e-01, 8.757926228806917068e-02, 3.369729183993931398e-01
3.101966532015055789e-01, 2.652126830068347041e-01, 8.757446501533219796e-02, 3.370161987763274913e-01
3.102524749175794572e-01, 2.651183933264283921e-01, 8.756967187983262513e-02, 3.370594598761595950e-01
3.103082881403730342e-01, 2.650241272877864041e-01, 8.756488288273658882e-02, 3.371027016891039452e-01
3.103640928576668068e-01, 2.649298849117336929e-01, 8.756009802521087793e-02, 3.371459242053885252e-01
3.104198890572504865e-01, 2.648356662190725075e-01, 8.755531730842272542e-02, 3.371891274152543083e-01
3.104756767269223339e-01, 2.647414712305823370e-01, 8.755054073353991939e-02, 3.372323113089554791e-01
3.105314558544896020e-01, 2.646472999670199111e-01, 8.754576830173077528e-02, 3.372754758767597671e-01
3.105872264277684813e-01, 2.645531524491195885e-01, 8.754100001416414978e-02, 3.373186211089477804e-01
3.106429884345840997e-01, 2.644590286975927462e-01, 8.753623587200942691e-02, 3.373617469958136716e-01
3.106987418627704667e-01, 2.643649287331282793e-01, 8.753147587643650418e-02, 3.374048535276648053e-01
3.107544867001703071e-01, 2.642708525763921568e-01, 8.752672002861583422e-02, 3.374479406948216464e-01
3.108102229346355605e-01, 2.641768002480279764e-01, 8.752196832971836926e-02, 3.374910084876180938e-01
3.108659505540269374e-01, 2.640827717686562992e-01, 8.751722078091560275e-02, 3.375340568964012022e-01
3.109216695462141411e-01, 2.639887671588750928e-01, 8.751247738337955551e-02, 3.375770859115311828e-01
3.109773798990755900e-01, 2.638947864392598985e-01, 8.750773813828269243e-02, 3.376200955233818468e-01
3.110330816004991394e-01, 2.638008296303630540e-01, 8.750300304679810293e-02, 3.376630857223397730e-01
3.110887746383808050e-01, 2.637068967527146923e-01, 8.749827211009936212e-02, 3.377060564988051961e-01
3.111444590006263722e-01, 2.636129878268216320e-01, 8.749354532936051698e-02, 3.377490078431914511e-01
3.112001346751500086e-01, 2.635191028731686536e-01, 8.748882270575623898e-02, 3.377919397459251405e-01
3.112558016498750413e-01, 2.634252419122172784e-01, 8.748410424046154654e-02, 3.378348521974461893e-01
3.113114599127337900e-01, 2.633314049644064903e-01, 8.747938993465213808e-02, 3.378777451882076788e-01
3.113671094516674565e-01, 2.632375920501526245e-01, 8.747467978950407286e-02, 3.379206187086758462e-01
3.114227502546261794e-01, 2.631438031898491459e-01, 8.746997380619407625e-02, 3.379634727493305846e-01
3.114783823095692572e-01, 2.630500384038668704e-01, 8.746527198589927610e-02, 3.380063073006646657e-01
3.115340056044647032e-01, 2.629562977125537437e-01, 8.746057432979729984e-02, 3.380491223531842393e-01
3.115896201272897459e-01, 2.628625811362351183e-01, 8.745588083906637167e-02, 3.380919178974087780e-01
3.116452258660304397e-01, 2.627688886952135316e-01, 8.745119151488509046e-02, 3.381346939238709659e-01
3.117008228086818877e-01, 2.626752204097687615e-01, 8.744650635843273512e-02, 3.381774504231166989e-01
3.117564109432481301e-01, 2.625815763001577707e-01, 8.744182537088884821e-02, 3.382201873857051955e-01
3.118119902577423108e-01, 2.624879563866149845e-01, 8.743714855343372172e-02, 3.382629048022091078e-01
3.118675607401864003e-01, 2.623943606893517910e-01, 8.743247590724796681e-02, 3.383056026632138003e-01
3.119231223786116947e-01, 2.623007892285569853e-01, 8.742780743351279138e-02, 3.383482809593184593e-01
3.119786751610582609e-01, 2.622072420243964919e-01, 8.742314313340988907e-02, 3.383909396811353720e-01
3.120342190755750478e-01, 2.621137190970135311e-01, 8.741848300812132821e-02, 3.384335788192900374e-01
3.120897541102203854e-01, 2.620202204665285639e-01, 8.741382705882985715e-02, 3.384761983644211658e-01
3.121452802530613191e-01, 2.619267461530392360e-01, 8.740917528671861281e-02, 3.385187983071808460e-01
3.122007974921741091e-01, 2.618332961766203226e-01, 8.740452769297120394e-02, 3.385613786382343782e-01
3.122563058156438975e-01, 2.617398705573240614e-01, 8.739988427877175281e-02, 3.386039393482602744e-01
3.123118052115650412e-01, 2.616464693151796528e-01, 8.739524504530495064e-02, 3.386464804279503693e-01
3.123672956680406676e-01, 2.615530924701936488e-01, 8.739060999375583561e-02, 3.386890018680098202e-01
3.124227771731833969e-01, 2.614597400423496754e-01, 8.738597912531001488e-02, 3.387315036591569406e-01
3.124782497151144534e-01, 2.613664120516087097e-01, 8.738135244115356748e-02, 3.387739857921232001e-01
3.125337132819642760e-01, 2.612731085179089696e-01, 8.737672994247305813e-02, 3.388164482576536685e-01
3.125891678618724634e-01, 2.611798294611656357e-01, 8.737211163045553730e-02, 3.388588910465064608e-01
3.126446134429874402e-01, 2.610865749012712955e-01, 8.736749750628847178e-02, 3.389013141494527925e-01
3.127000500134669014e-01, 2.609933448580956661e-01, 8.736288757115991122e-02, 3.389437175572775351e-01
3.127554775614775906e-01, 2.609001393514855938e-01, 8.735828182625830773e-02, 3.389861012607784385e-01
3.128108960751952994e-01, 2.608069584012652209e-01, 8.735368027277261305e-02, 3.390284652507669083e-01
3.128663055428047568e-01, 2.607138020272358192e-01, 8.734908291189225071e-02, 3.390708095180672843e-01
3.129217059524999067e-01, 2.606206702491757898e-01, 8.734448974480711614e-02, 3.391131340535170624e-01
3.129770972924840744e-01, 2.605275630868408299e-01, 8.733990077270759045e-02, 3.391554388479676163e-01
3.130324795509690228e-01, 2.604344805599636548e-01, 8.733531599678449886e-02, 3.391977238922828652e-01
3.130878527161760627e-01, 2.603414226882543869e-01, 8.733073541822915231e-02, 3.392399891773403842e-01
3.131432167763355534e-01, 2.602483894914001117e-01, 8.732615903823331971e-02, 3.392822346940310707e-01
3.131985717196867913e-01, 2.601553809890652103e-01, 8.732158685798926956e-02, 3.393244604332588121e-01
3.132539175344784543e-01, 2.600623972008911378e-01, 8.731701887868968670e-02, 3.393666663859408184e-01
3.133092542089678800e-01, 2.599694381464965898e-01, 8.731245510152776945e-02, 3.394088525430078440e-01
3.133645817314222315e-01, 2.598765038454773357e-01, 8.730789552769704920e-02, 3.394510188954033003e-01
3.134199000901169985e-01, 2.597835943174063855e-01, 8.730334015839179285e-02, 3.394931654340848093e-01
3.134752092733373297e-01, 2.596907095818339894e-01, 8.729878899480639221e-02, 3.395352921500222609e-01
3.135305092693773110e-01, 2.595978496582873052e-01, 8.729424203813597460e-02, 3.395773990341994231e-01
3.135858000665401324e-01, 2.595050145662708418e-01, 8.728969928957590330e-02, 3.396194860776130531e-01
3.136410816531382539e-01, 2.594122043252662380e-01, 8.728516075032219379e-02, 3.396615532712733421e-01
3.136963540174930731e-01, 2.593194189547322059e-01, 8.728062642157113915e-02, 3.397036006062035263e-01
3.137516171479353133e-01, 2.592266584741046431e-01, 8.727609630451965694e-02, 3.397456280734403866e-01
3.138068710328048017e-01, 2.591339229027966318e-01, 8.727157040036497004e-02, 3.397876356640336382e-01
3.138621156604503581e-01, 2.590412122601983835e-01, 8.726704871030480093e-02, 3.398296233690464851e-01
3.139173510192301841e-01, 2.589485265656771285e-01, 8.726253123553734392e-02, 3.398715911795553435e-01
3.139725770975114738e-01, 2.588558658385775035e-01, 8.725801797726129294e-02, 3.399135390866498407e-01
3.140277938836706362e-01, 2.587632300982209421e-01, 8.725350893667556396e-02, 3.399554670814328161e-01
3.140830013660934061e-01, 2.586706193639062290e-01, 8.724900411497979458e-02, 3.399973751550205425e-01
3.141381995331744004e-01, 2.585780336549093894e-01, 8.724450351337394161e-02, 3.400392632985423380e-01
3.141933883733175059e-01, 2.584854729904831894e-01, 8.724000713305835042e-02, 3.400811315031410098e-01
3.142485678749358247e-01, 2.583929373898580240e-01, 8.723551497523392151e-02, 3.401229797599723548e-01
3.143037380264517289e-01, 2.583004268722408070e-01, 8.723102704110184680e-02, 3.401648080602055479e-01
3.143588988162966946e-01, 2.582079414568162479e-01, 8.722654333186395659e-02, 3.402066163950230870e-01
3.144140502329113018e-01, 2.581154811627457413e-01, 8.722206384872231710e-02, 3.402484047556206259e-01
3.144691922647454563e-01, 2.580230460091678113e-01, 8.721758859287953580e-02, 3.402901731332071411e-01
3.145243249002580566e-01, 2.579306360151984445e-01, 8.721311756553866423e-02, 3.403319215190048208e-01
3.145794481279175492e-01, 2.578382511999303683e-01, 8.720865076790314252e-02, 3.403736499042491204e-01
3.146345619362010404e-01, 2.577458915824334396e-01, 8.720418820117685488e-02, 3.404153582801885958e-01
3.146896663135955174e-01, 2.576535571817549775e-01, 8.719972986656410185e-02, 3.404570466380853477e-01
3.147447612485966273e-01, 2.575612480169191532e-01, 8.719527576526965584e-02, 3.404987149692145221e-01
3.147998467297096203e-01, 2.574689641069272117e-01, 8.719082589849865006e-02, 3.405403632648645318e-01
3.148549227454486288e-01, 2.573767054707576385e-01, 8.718638026745668956e-02, 3.405819915163371125e-01
3.149099892843370552e-01, 2.572844721273659374e-01, 8.718193887334983738e-02, 3.406235997149471006e-01
3.149650463349079055e-01, 2.571922640956847972e-01, 8.717750171738446185e-02, 3.406651878520227661e-01
3.150200938857029009e-01, 2.571000813946240360e-01, 8.717306880076748643e-02, 3.407067559189055905e-01
3.150751319252733107e-01, 2.570079240430703793e-01, 8.716864012470616763e-02, 3.407483039069501007e-01
3.151301604421796743e-01, 2.569157920598879041e-01, 8.716421569040821993e-02, 3.407898318075243127e-01
3.151851794249913019e-01, 2.568236854639175393e-01, 8.715979549908176027e-02, 3.408313396120093430e-01
3.152401888622874959e-01, 2.567316042739776205e-01, 8.715537955193529418e-02, 3.408728273117996865e-01
3.152951887426560518e-01, 2.566395485088633355e-01, 8.715096785017778513e-02, 3.409142948983027721e-01
3.153501790546946459e-01, 2.565475181873470012e-01, 8.714656039501862683e-02, 3.409557423629396844e-01
3.154051597870098367e-01, 2.564555133281781196e-01, 8.714215718766755991e-02, 3.409971696971444421e-01
3.154601309282173971e-01, 2.563635339500832666e-01, 8.713775822933481074e-02, 3.410385768923645533e-01
3.155150924669425927e-01, 2.562715800717659809e-01, 8.713336352123091100e-02, 3.410799639400604599e-01
3.155700443918197928e-01, 2.561796517119071526e-01, 8.712897306456690583e-02, 3.411213308317060933e-01
3.156249866914928037e-01, 2.560877488891645237e-01, 8.712458686055417345e-02, 3.411626775587884297e-01
3.156799193546144799e-01, 2.559958716221730213e-01, 8.712020491040457781e-02, 3.412040041128079348e-01
3.157348423698470019e-01, 2.559040199295447016e-01, 8.711582721533028817e-02, 3.412453104852780084e-01
3.157897557258618759e-01, 2.558121938298685283e-01, 8.711145377654393174e-02, 3.412865966677255947e-01
3.158446594113400452e-01, 2.557203933417109276e-01, 8.710708459525855207e-02, 3.413278626516905168e-01
3.158995534149714457e-01, 2.556286184836149000e-01, 8.710271967268752580e-02, 3.413691084287261979e-01
3.159544377254555059e-01, 2.555368692741009640e-01, 8.709835901004472913e-02, 3.414103339903988843e-01
3.160093123315006469e-01, 2.554451457316664897e-01, 8.709400260854431586e-02, 3.414515393282885891e-01
3.160641772218250045e-01, 2.553534478747860881e-01, 8.708965046940093935e-02, 3.414927244339879819e-01
3.161190323851558182e-01, 2.552617757219112771e-01, 8.708530259382959993e-02, 3.415338892991032771e-01
3.161738778102295422e-01, 2.551701292914708152e-01, 8.708095898304568649e-02, 3.415750339152539561e-01
3.162287134857920678e-01, 2.550785086018704240e-01, 8.707661963826499041e-02, 3.416161582740726010e-01
3.162835394005983902e-01, 2.549869136714928430e-01, 8.707228456070367772e-02, 3.416572623672049502e-01
3.163383555434131078e-01, 2.548953445186982747e-01, 8.706795375157835859e-02, 3.416983461863102312e-01
3.163931619030098674e-01, 2.548038011618235510e-01, 8.706362721210593458e-02, 3.417394097230607164e-01
3.164479584681718638e-01, 2.547122836191826889e-01, 8.705930494350376525e-02, 3.417804529691416682e-01
3.165027452276913400e-01, 2.546207919090670013e-01, 8.705498694698962647e-02, 3.418214759162520044e-01
3.165575221703701425e-01, 2.545293260497446530e-01, 8.705067322378154393e-02, 3.418624785561036883e-01
3.166122892850192216e-01, 2.544378860594609382e-01, 8.704636377509808454e-02, 3.419034608804217834e-01
3.166670465604589091e-01, 2.543464719564383358e-01, 8.704205860215806501e-02, 3.419444228809447872e-01
3.167217939855188624e-01, 2.542550837588762325e-01, 8.703775770618078778e-02, 3.419853645494241312e-01
3.167765315490383426e-01, 2.541637214849511439e-01, 8.703346108838586059e-02, 3.420262858776247361e-01
3.168312592398654925e-01, 2.540723851528166599e-01, 8.702916874999329366e-02, 3.420671868573245678e-01
3.168859770468581138e-01, 2.539810747806036106e-01, 8.702488069222343026e-02, 3.421080674803148036e-01
3.169406849588832231e-01, 2.538897903864196781e-01, 8.702059691629709937e-02, 3.421489277383999439e-01
3.169953829648173294e-01, 2.537985319883496738e-01, 8.701631742343539366e-02, 3.421897676233977004e-01
3.170500710535459343e-01, 2.537072996044554274e-01, 8.701204221485978052e-02, 3.422305871271388300e-01
3.171047492139643653e-01, 2.536160932527760647e-01, 8.700777129179219915e-02, 3.422713862414673569e-01
3.171594174349769979e-01, 2.535249129513275634e-01, 8.700350465545485246e-02, 3.423121649582406278e-01
3.172140757054975335e-01, 2.534337587181030305e-01, 8.699924230707033190e-02, 3.423529232693290347e-01
3.172687240144493881e-01, 2.533426305710727022e-01, 8.699498424786164530e-02, 3.423936611666163476e-01
3.173233623507648593e-01, 2.532515285281837780e-01, 8.699073047905209188e-02, 3.424343786419992708e-01
3.173779907033859593e-01, 2.531604526073605310e-01, 8.698648100186540111e-02, 3.424750756873879975e-01
3.174326090612640261e-01, 2.530694028265045858e-01, 8.698223581752564937e-02, 3.425157522947057664e-01
3.174872174133595570e-01, 2.529783792034941414e-01, 8.697799492725719062e-02, 3.425564084558891387e-01
3.175418157486427639e-01, 2.528873817561849702e-01, 8.697375833228486453e-02, 3.425970441628874985e-01
3.175964040560929069e-01, 2.527964105024094188e-01, 8.696952603383382996e-02, 3.426376594076638860e-01
3.176509823246987940e-01, 2.527054654599775185e-01, 8.696529803312952334e-02, 3.426782541821942751e-01
3.177055505434586702e-01, 2.526145466466756528e-01, 8.696107433139782517e-02, 3.427188284784678518e-01
3.177601087013800507e-01, 2.525236540802678897e-01, 8.695685492986493514e-02, 3.427593822884871799e-01
3.178146567874798878e-01, 2.524327877784949825e-01, 8.695263982975742767e-02, 3.427999156042677020e-01
3.178691947907845705e-01, 2.523419477590750359e-01, 8.694842903230219633e-02, 3.428404284178383499e-01
3.179237227003297028e-01, 2.522511340397028401e-01, 8.694422253872650941e-02, 3.428809207212408783e-01
3.179782405051605476e-01, 2.521603466380507030e-01, 8.694002035025795438e-02, 3.429213925065306978e-01
3.180327481943316936e-01, 2.520695855717677847e-01, 8.693582246812452119e-02, 3.429618437657759866e-01
3.180872457569070000e-01, 2.519788508584802633e-01, 8.693162889355447731e-02, 3.430022744910581900e-01
3.181417331819598737e-01, 2.518881425157914467e-01, 8.692743962777646494e-02, 3.430426846744721869e-01
3.181962104585730478e-01, 2.517974605612817718e-01, 8.692325467201951483e-02, 3.430830743081257905e-01
3.182506775758386364e-01, 2.517068050125085277e-01, 8.691907402751289369e-02, 3.431234433841398590e-01
3.183051345228584683e-01, 2.516161758870065213e-01, 8.691489769548635391e-02, 3.431637918946487398e-01
3.183595812887433651e-01, 2.515255732022870783e-01, 8.691072567716981445e-02, 3.432041198317998254e-01
3.184140178626137518e-01, 2.514349969758389869e-01, 8.690655797379367997e-02, 3.432444271877536646e-01
3.184684442335995458e-01, 2.513444472251279982e-01, 8.690239458658857719e-02, 3.432847139546839066e-01
3.185228603908400458e-01, 2.512539239675968816e-01, 8.689823551678560465e-02, 3.433249801247774124e-01
3.185772663234839874e-01, 2.511634272206655916e-01, 8.689408076561605521e-02, 3.433652256902343658e-01
3.186316620206895434e-01, 2.510729570017309342e-01, 8.688993033431165192e-02, 3.434054506432678289e-01
3.186860474716242120e-01, 2.509825133281671228e-01, 8.688578422410435376e-02, 3.434456549761042976e-01
3.187404226654650952e-01, 2.508920962173252223e-01, 8.688164243622656380e-02, 3.434858386809831465e-01
3.187947875913985096e-01, 2.508017056865333716e-01, 8.687750497191092103e-02, 3.435260017501571839e-01
3.188491422386205421e-01, 2.507113417530967836e-01, 8.687337183239043914e-02, 3.435661441758920964e-01
3.189034865963364940e-01, 2.506210044342979670e-01, 8.686924301889846489e-02, 3.436062659504670602e-01
3.189578206537611593e-01, 2.505306937473961715e-01, 8.686511853266860872e-02, 3.436463670661740744e-01
3.190121444001187134e-01, 2.504404097096279980e-01, 8.686099837493484188e-02, 3.436864475153184051e-01
3.190664578246430461e-01, 2.503501523382069549e-01, 8.685688254693151034e-02, 3.437265072902185858e-01
3.191207609165770398e-01, 2.502599216503236801e-01, 8.685277104989315433e-02, 3.437665463832060841e-01
3.191750536651735137e-01, 2.501697176631459407e-01, 8.684866388505477208e-02, 3.438065647866256902e-01
3.192293360596945573e-01, 2.500795403938185779e-01, 8.684456105365162548e-02, 3.438465624928352948e-01
3.192836080894115858e-01, 2.499893898594633956e-01, 8.684046255691919847e-02, 3.438865394942057785e-01
3.193378697436057290e-01, 2.498992660771794105e-01, 8.683636839609346070e-02, 3.439264957831214553e-01
3.193921210115673315e-01, 2.498091690640427132e-01, 8.683227857241056225e-02, 3.439664313519792960e-01
3.194463618825965079e-01, 2.497190988371064124e-01, 8.682819308710704176e-02, 3.440063461931900934e-01
3.195005923460024211e-01, 2.496290554134007467e-01, 8.682411194141970157e-02, 3.440462402991770197e-01
3.195548123911042815e-01, 2.495390388099330004e-01, 8.682003513658566318e-02, 3.440861136623770133e-01
3.196090220072302923e-01, 2.494490490436876151e-01, 8.681596267384238119e-02, 3.441259662752397253e-01
3.196632211837183157e-01, 2.493590861316260787e-01, 8.681189455442757386e-02, 3.441657981302280733e-01
3.197174099099156508e-01, 2.492691500906868973e-01, 8.680783077957932026e-02, 3.442056092198181316e-01
3.197715881751790890e-01, 2.491792409377858453e-01, 8.680377135053601867e-02, 3.442453995364990749e-01
3.198257559688751361e-01, 2.490893586898156598e-01, 8.679971626853620614e-02, 3.442851690727730674e-01
3.198799132803794021e-01, 2.489995033636460131e-01, 8.679566553481896096e-02, 3.443249178211556516e-01
3.199340600990772665e-01, 2.489096749761240679e-01, 8.679161915062348631e-02, 3.443646457741752487e-01
3.199881964143634350e-01, 2.488198735440738385e-01, 8.678757711718933232e-02, 3.444043529243734358e-01
3.200423222156422165e-01, 2.487300990842963300e-01, 8.678353943575636831e-02, 3.444440392643050575e-01
3.200964374923274125e-01, 2.486403516135699265e-01, 8.677950610756476890e-02, 3.444837047865378921e-01
3.201505422338423168e-01, 2.485506311486497533e-01, 8.677547713385495853e-02, 3.445233494836529298e-01
3.202046364296196601e-01, 2.484609377062684810e-01, 8.677145251586769470e-02, 3.445629733482441504e-01
3.202587200691019431e-01, 2.483712713031354102e-01, 8.676743225484399857e-02, 3.446025763729187452e-01
3.203127931417406038e-01, 2.482816319559373874e-01, 8.676341635202519664e-02, 3.446421585502967844e-01
3.203668556369971832e-01, 2.481920196813379165e-01, 8.675940480865293458e-02, 3.446817198730119380e-01
3.204209075443424926e-01, 2.481024344959781025e-01, 8.675539762596905236e-02, 3.447212603337103665e-01
3.204749488532567803e-01, 2.480128764164756527e-01, 8.675139480521579238e-02, 3.447607799250517191e-01
3.205289795532300090e-01, 2.479233454594257091e-01, 8.674739634763561913e-02, 3.448002786397086350e-01
3.205829996337615784e-01, 2.478338416414004319e-01, 8.674340225447128849e-02, 3.448397564703667428e-01
3.206370090843601028e-01, 2.477443649789491942e-01, 8.673941252696582005e-02, 3.448792134097248829e-01
3.206910078945443554e-01, 2.476549154885981374e-01, 8.673542716636256644e-02, 3.449186494504948297e-01
3.207449960538421019e-01, 2.475654931868510600e-01, 8.673144617390514399e-02, 3.449580645854017358e-01
3.207989735517907670e-01, 2.474760980901883900e-01, 8.672746955083740494e-02, 3.449974588071834658e-01
3.208529403779374345e-01, 2.473867302150678515e-01, 8.672349729840352073e-02, 3.450368321085911516e-01
3.209068965218386804e-01, 2.472973895779243259e-01, 8.671952941784795421e-02, 3.450761844823890256e-01
3.209608419730605178e-01, 2.472080761951697958e-01, 8.671556591041536255e-02, 3.451155159213541990e-01
3.210147767211785630e-01, 2.471187900831933737e-01, 8.671160677735081923e-02, 3.451548264182772718e-01
3.210687007557779249e-01, 2.470295312583612735e-01, 8.670765201989953652e-02, 3.451941159659612790e-01
3.211226140664532602e-01, 2.469402997370166997e-01, 8.670370163930700425e-02, 3.452333845572229110e-01
3.211765166428088847e-01, 2.468510955354803749e-01, 8.669975563681907305e-02, 3.452726321848916258e-01
3.212304084744585508e-01, 2.467619186700496792e-01, 8.669581401368182949e-02, 3.453118588418100376e-01
3.212842895510255037e-01, 2.466727691569994274e-01, 8.669187677114156831e-02, 3.453510645208336394e-01
3.213381598621425916e-01, 2.465836470125814528e-01, 8.668794391044488956e-02, 3.453902492148311354e-01
3.213920193974523221e-01, 2.464945522530247735e-01, 8.668401543283864308e-02, 3.454294129166842198e-01
3.214458681466066947e-01, 2.464054848945354814e-01, 8.668009133957005341e-02, 3.454685556192878537e-01
3.214997060992670908e-01, 2.463164449532968814e-01, 8.667617163188637286e-02, 3.455076773155497105e-01
3.215535332451046613e-01, 2.462274324454692964e-01, 8.667225631103538108e-02, 3.455467779983905641e-01
3.216073495738000498e-01, 2.461384473871905121e-01, 8.666834537826489937e-02, 3.455858576607445110e-01
3.216611550750433923e-01, 2.460494897945749715e-01, 8.666443883482317923e-02, 3.456249162955584708e-01
3.217149497385345391e-01, 2.459605596837145802e-01, 8.666053668195855542e-02, 3.456639538957922420e-01
3.217687335539827775e-01, 2.458716570706784010e-01, 8.665663892091977905e-02, 3.457029704544190007e-01
3.218225065111069982e-01, 2.457827819715125706e-01, 8.665274555295573999e-02, 3.457419659644247467e-01
3.218762685996355843e-01, 2.456939344022402993e-01, 8.664885657931564733e-02, 3.457809404188085245e-01
3.219300198093066334e-01, 2.456051143788620661e-01, 8.664497200124887666e-02, 3.458198938105824238e-01
3.219837601298676799e-01, 2.455163219173555345e-01, 8.664109182000524767e-02, 3.458588261327714686e-01
3.220374895510760282e-01, 2.454275570336753864e-01, 8.663721603683456618e-02, 3.458977373784140608e-01
3.220912080626982532e-01, 2.453388197437536278e-01, 8.663334465298708209e-02, 3.459366275405610924e-01
3.221449156545107551e-01, 2.452501100634992826e-01, 8.662947766971322572e-02, 3.459754966122766673e-01
3.221986123162993709e-01, 2.451614280087986431e-01, 8.662561508826364942e-02, 3.460143445866383227e-01
3.222522980378597635e-01, 2.450727735955151032e-01, 8.662175690988928312e-02, 3.460531714567359196e-01
3.223059728089966436e-01, 2.449841468394892419e-01, 8.661790313584127876e-02, 3.460919772156726970e-01
3.223596366195250473e-01, 2.448955477565389893e-01, 8.661405376737103812e-02, 3.461307618565649391e-01
3.224132894592690590e-01, 2.448069763624590167e-01, 8.661020880573021274e-02, 3.461695253725417531e-01
3.224669313180624219e-01, 2.447184326730217074e-01, 8.660636825217064849e-02, 3.462082677567452915e-01
3.225205621857485383e-01, 2.446299167039761302e-01, 8.660253210794448264e-02, 3.462469890023308072e-01
3.225741820521805248e-01, 2.445414284710489550e-01, 8.659870037430407452e-02, 3.462856891024664874e-01
3.226277909072208239e-01, 2.444529679899437868e-01, 8.659487305250197775e-02, 3.463243680503333977e-01
3.226813887407417591e-01, 2.443645352763414436e-01, 8.659105014379103737e-02, 3.463630258391257044e-01
3.227349755426250910e-01, 2.442761303459000111e-01, 8.658723164942427886e-02, 3.464016624620507301e-01
3.227885513027620723e-01, 2.441877532142546769e-01, 8.658341757065494970e-02, 3.464402779123282317e-01
3.228421160110538923e-01, 2.440994038970180358e-01, 8.657960790873667212e-02, 3.464788721831915108e-01
3.228956696574108443e-01, 2.440110824097795061e-01, 8.657580266492306831e-02, 3.465174452678865813e-01
3.229492122317532687e-01, 2.439227887681060525e-01, 8.657200184046812130e-02, 3.465559971596724465e-01
3.230027437240109989e-01, 2.438345229875416575e-01, 8.656820543662605005e-02, 3.465945278518211548e-01
3.230562641241234156e-01, 2.437462850836076278e-01, 8.656441345465125392e-02, 3.466330373376176888e-01
3.231097734220393924e-01, 2.436580750718023713e-01, 8.656062589579832656e-02, 3.466715256103597986e-01
3.231632716077176282e-01, 2.435698929676015922e-01, 8.655684276132215305e-02, 3.467099926633586682e-01
3.232167586711263141e-01, 2.434817387864580684e-01, 8.655306405247779888e-02, 3.467484384899378602e-01
3.232702346022431894e-01, 2.433936125438019848e-01, 8.654928977052053773e-02, 3.467868630834342047e-01
3.233236993910558743e-01, 2.433055142550406558e-01, 8.654551991670592082e-02, 3.468252664371975769e-01
3.233771530275613149e-01, 2.432174439355586359e-01, 8.654175449228961037e-02, 3.468636485445905082e-01
3.234305955017662826e-01, 2.431294016007175818e-01, 8.653799349852758782e-02, 3.469020093989886311e-01
3.234840268036867084e-01, 2.430413872658566121e-01, 8.653423693667595951e-02, 3.469403489937806784e-01
3.235374469233489592e-01, 2.429534009462918920e-01, 8.653048480799113706e-02, 3.469786673223680395e-01
3.235908558507883392e-01, 2.428654426573169101e-01, 8.652673711372967091e-02, 3.470169643781650937e-01
3.236442535760499783e-01, 2.427775124142022845e-01, 8.652299385514830576e-02, 3.470552401545993759e-01
3.236976400891887762e-01, 2.426896102321960957e-01, 8.651925503350407776e-02, 3.470934946451111891e-01
3.237510153802689028e-01, 2.426017361265234706e-01, 8.651552065005418957e-02, 3.471317278431534370e-01
3.238043794393646313e-01, 2.425138901123867485e-01, 8.651179070605599652e-02, 3.471699397421926792e-01
3.238577322565593941e-01, 2.424260722049657035e-01, 8.650806520276711764e-02, 3.472081303357076876e-01
3.239110738219467267e-01, 2.423382824194172669e-01, 8.650434414144536621e-02, 3.472462996171906680e-01
3.239644041256292684e-01, 2.422505207708756658e-01, 8.650062752334876370e-02, 3.472844475801463160e-01
3.240177231577198169e-01, 2.421627872744521459e-01, 8.649691534973547036e-02, 3.473225742180925391e-01
3.240710309083403295e-01, 2.420750819452356928e-01, 8.649320762186395173e-02, 3.473606795245600676e-01
3.241243273676226444e-01, 2.419874047982920884e-01, 8.648950434099281215e-02, 3.473987634930925106e-01
3.241776125257083141e-01, 2.418997558486646604e-01, 8.648580550838073921e-02, 3.474368261172463002e-01
3.242308863727483836e-01, 2.418121351113738937e-01, 8.648211112528683686e-02, 3.474748673905908025e-01
3.242841488989036125e-01, 2.417245426014176524e-01, 8.647842119297029229e-02, 3.475128873067084845e-01
3.243374000943443081e-01, 2.416369783337710131e-01, 8.647473571269044534e-02, 3.475508858591944139e-01
3.243906399492502701e-01, 2.415494423233861543e-01, 8.647105468570684406e-02, 3.475888630416566483e-01
3.244438684538115125e-01, 2.414619345851929111e-01, 8.646737811327934176e-02, 3.476268188477162346e-01
3.244970855982271529e-01, 2.413744551340981648e-01, 8.646370599666775014e-02, 3.476647532710069322e-01
3.245502913727060235e-01, 2.412870039849861759e-01, 8.646003833713231113e-02, 3.477026663051755451e-01
3.246034857674668372e-01, 2.411995811527183342e-01, 8.645637513593328050e-02, 3.477405579438815342e-01
3.246566687727377443e-01, 2.411121866521334922e-01, 8.645271639433120547e-02, 3.477784281807974609e-01
3.247098403787567200e-01, 2.410248204980479647e-01, 8.644906211358678594e-02, 3.478162770096084877e-01
3.247630005757711213e-01, 2.409374827052550017e-01, 8.644541229496086054e-02, 3.478541044240129887e-01
3.248161493540382416e-01, 2.408501732885253988e-01, 8.644176693971446224e-02, 3.478919104177219390e-01
3.248692867038248666e-01, 2.407628922626071366e-01, 8.643812604910880437e-02, 3.479296949844590814e-01
3.249224126154074965e-01, 2.406756396422256861e-01, 8.643448962440535011e-02, 3.479674581179613702e-01
3.249755270790722350e-01, 2.405884154420837584e-01, 8.643085766686564586e-02, 3.480051998119783607e-01
3.250286300851148447e-01, 2.405012196768612220e-01, 8.642723017775144623e-02, 3.480429200602724316e-01
3.250817216238408580e-01, 2.404140523612155744e-01, 8.642360715832470008e-02, 3.480806188566188952e-01
3.251348016855652445e-01, 2.403269135097814702e-01, 8.641998860984748121e-02, 3.481182961948058319e-01
3.251878702606128546e-01, 2.402398031371708875e-01, 8.641637453358211318e-02, 3.481559520686342002e-01
3.252409273393179756e-01, 2.401527212579731285e-01, 8.641276493079096122e-02, 3.481935864719178375e-01
3.252939729120249979e-01, 2.400656678867549854e-01, 8.640915980273673747e-02, 3.482311993984834042e-01
3.253470069690873046e-01, 2.399786430380605184e-01, 8.640555915068212633e-02, 3.482687908421701617e-01
3.254000295008683818e-01, 2.398916467264110008e-01, 8.640196297589010366e-02, 3.483063607968304165e-01
3.254530404977413749e-01, 2.398046789663053069e-01, 8.639837127962379792e-02, 3.483439092563295203e-01
3.255060399500889767e-01, 2.397177397722194958e-01, 8.639478406314644865e-02, 3.483814362145449262e-01
3.255590278483035949e-01, 2.396308291586070893e-01, 8.639120132772153127e-02, 3.484189416653676874e-01
3.256120041827872957e-01, 2.395439471398989328e-01, 8.638762307461264611e-02, 3.484564256027011253e-01
3.256649689439517492e-01, 2.394570937305031400e-01, 8.638404930508351842e-02, 3.484938880204616618e-01
3.257179221222183951e-01, 2.393702689448053422e-01, 8.638048002039802609e-02, 3.485313289125781533e-01
3.257708637080183323e-01, 2.392834727971685504e-01, 8.637691522182029680e-02, 3.485687482729927233e-01
3.258237936917922628e-01, 2.391967053019330991e-01, 8.637335491061456927e-02, 3.486061460956600966e-01
3.258767120639905479e-01, 2.391099664734166463e-01, 8.636979908804515160e-02, 3.486435223745476542e-01
3.259296188150733742e-01, 2.390232563259144516e-01, 8.636624775537662946e-02, 3.486808771036356003e-01
3.259825139355103651e-01, 2.389365748736989037e-01, 8.636270091387367176e-02, 3.487182102769170733e-01
3.260353974157809143e-01, 2.388499221310200482e-01, 8.635915856480112784e-02, 3.487555218883979236e-01
3.260882692463743515e-01, 2.387632981121050602e-01, 8.635562070942398583e-02, 3.487928119320966580e-01
3.261411294177892217e-01, 2.386767028311588545e-01, 8.635208734900727545e-02, 3.488300804020445511e-01
3.261939779205341172e-01, 2.385901363023634758e-01, 8.634855848481644280e-02, 3.488673272922859780e-01
3.262468147451271228e-01, 2.385035985398784864e-01, 8.634503411811673967e-02, 3.489045525968776373e-01
3.262996398820959820e-01, 2.384170895578408556e-01, 8.634151425017387582e-02, 3.489417563098892727e-01
3.263524533219783197e-01, 2.383306093703650430e-01, 8.633799888225350549e-02, 3.489789384254031734e-01
3.264052550553210863e-01, 2.382441579915428598e-01, 8.633448801562143560e-02, 3.490160989375146183e-01
3.264580450726813909e-01, 2.381577354354435516e-01, 8.633098165154366732e-02, 3.490532378403313762e-01
3.265108233646255576e-01, 2.380713417161138545e-01, 8.632747979128641003e-02, 3.490903551279742056e-01
3.265635899217299021e-01, 2.379849768475778560e-01, 8.632398243611583144e-02, 3.491274507945764105e-01
3.266163447345802329e-01, 2.378986408438372724e-01, 8.632048958729837684e-02, 3.491645248342840624e-01
3.266690877937721837e-01, 2.378123337188709774e-01, 8.631700124610057479e-02, 3.492015772412561114e-01
3.267218190899110475e-01, 2.377260554866356956e-01, 8.631351741378913422e-02, 3.492386080096642198e-01
3.267745386136117203e-01, 2.376398061610651979e-01, 8.631003809163077800e-02, 3.492756171336922622e-01
3.268272463554988128e-01, 2.375535857560709951e-01, 8.630656328089246487e-02, 3.493126046075377134e-01
3.268799423062067055e-01, 2.374673942855418940e-01, 8.630309298284132014e-02, 3.493495704254099832e-01
3.269326264563792717e-01, 2.373812317633445523e-01, 8.629962719874446908e-02, 3.493865145815317486e-01
3.269852987966703206e-01, 2.372950982033224521e-01, 8.629616592986920354e-02, 3.494234370701380099e-01
3.270379593177432098e-01, 2.372089936192970649e-01, 8.629270917748300962e-02, 3.494603378854767572e-01
3.270906080102710667e-01, 2.371229180250672419e-01, 8.628925694285349834e-02, 3.494972170218082486e-01
3.271432448649364555e-01, 2.370368714344092409e-01, 8.628580922724826685e-02, 3.495340744734060645e-01
3.271958698724319881e-01, 2.369508538610769488e-01, 8.628236603193518983e-02, 3.495709102345558317e-01
3.272484830234598241e-01, 2.368648653188016040e-01, 8.627892735818215586e-02, 3.496077242995563328e-01
3.273010843087316712e-01, 2.367789058212920461e-01, 8.627549320725724780e-02, 3.496445166627190071e-01
3.273536737189691737e-01, 2.366929753822346605e-01, 8.627206358042864565e-02, 3.496812873183676174e-01
3.274062512449033568e-01, 2.366070740152931284e-01, 8.626863847896459880e-02, 3.497180362608389714e-01
3.274588168772752939e-01, 2.365212017341088990e-01, 8.626521790413355095e-02, 3.497547634844823117e-01
3.275113706068355501e-01, 2.364353585523009671e-01, 8.626180185720395965e-02, 3.497914689836595370e-01
3.275639124243444056e-01, 2.363495444834655401e-01, 8.625839033944446288e-02, 3.498281527527455914e-01
3.276164423205717990e-01, 2.362637595411767322e-01, 8.625498335212385126e-02, 3.498648147861276314e-01
3.276689602862974393e-01, 2.361780037389859532e-01, 8.625158089651091542e-02, 3.499014550782055810e-01
3.277214663123108052e-01, 2.360922770904222978e-01, 8.624818297387466803e-02, 3.499380736233921319e-01
3.277739603894109233e-01, 2.360065796089924062e-01, 8.624478958548410790e-02, 3.499746704161126321e-01
3.278264425084064793e-01, 2.359209113081802700e-01, 8.624140073260844197e-02, 3.500112454508048088e-01
3.278789126601160397e-01, 2.358352722014476210e-01, 8.623801641651697436e-02, 3.500477987219193787e-01
3.279313708353677193e-01, 2.357496623022338200e-01, 8.623463663847902305e-02, 3.500843302239193822e-01
3.279838170249992912e-01, 2.356640816239556901e-01, 8.623126139976412807e-02, 3.501208399512809044e-01
3.280362512198584657e-01, 2.355785301800075171e-01, 8.622789070164182945e-02, 3.501573278984921322e-01
3.280886734108025005e-01, 2.354930079837614099e-01, 8.622452454538184763e-02, 3.501937940600541865e-01
3.281410835886982569e-01, 2.354075150485669399e-01, 8.622116293225391692e-02, 3.502302384304808447e-01
3.281934817444224217e-01, 2.353220513877512798e-01, 8.621780586352795206e-02, 3.502666610042983186e-01
3.282458678688613962e-01, 2.352366170146191204e-01, 8.621445334047393716e-02, 3.503030617760455323e-01
3.282982419529112406e-01, 2.351512119424528924e-01, 8.621110536436188410e-02, 3.503394407402738997e-01
3.283506039874776183e-01, 2.350658361845125166e-01, 8.620776193646202679e-02, 3.503757978915477689e-01
3.284029539634761297e-01, 2.349804897540356818e-01, 8.620442305804457139e-02, 3.504121332244435894e-01
3.284552918718318115e-01, 2.348951726642374005e-01, 8.620108873037987673e-02, 3.504484467335508557e-01
3.285076177034796374e-01, 2.348098849283106193e-01, 8.619775895473834326e-02, 3.504847384134713306e-01
3.285599314493640177e-01, 2.347246265594257753e-01, 8.619443373239057959e-02, 3.505210082588194886e-01
3.286122331004394104e-01, 2.346393975707309898e-01, 8.619111306460713884e-02, 3.505572562642224610e-01
3.286645226476696546e-01, 2.345541979753518746e-01, 8.618779695265871288e-02, 3.505934824243198689e-01
3.287168000820283043e-01, 2.344690277863918093e-01, 8.618448539781603523e-02, 3.506296867337637124e-01
3.287690653944990715e-01, 2.343838870169318855e-01, 8.618117840135008922e-02, 3.506658691872189815e-01
3.288213185760747725e-01, 2.342987756800306298e-01, 8.617787596453170551e-02, 3.507020297793629338e-01
3.288735596177581599e-01, 2.342136937887244752e-01, 8.617457808863196456e-02, 3.507381685048853170e-01
3.289257885105619228e-01, 2.341286413560273449e-01, 8.617128477492197458e-02, 3.507742853584887577e-01
3.289780052455081316e-01, 2.340436183949309579e-01, 8.616799602467288544e-02, 3.508103803348880945e-01
3.290302098136286824e-01, 2.339586249184045785e-01, 8.616471183915597187e-02, 3.508464534288108227e-01
3.290824022059650744e-01, 2.338736609393952670e-01, 8.616143221964255028e-02, 3.508825046349971499e-01
3.291345824135687437e-01, 2.337887264708276291e-01, 8.615815716740403418e-02, 3.509185339481994959e-01
3.291867504275006184e-01, 2.337038215256042051e-01, 8.615488668371190650e-02, 3.509545413631831590e-01
3.292389062388316190e-01, 2.336189461166049697e-01, 8.615162076983777506e-02, 3.509905268747256502e-01
3.292910498386417695e-01, 2.335341002566877766e-01, 8.614835942705316441e-02, 3.510264904776173034e-01
3.293431812180214746e-01, 2.334492839586881086e-01, 8.614510265662982114e-02, 3.510624321666605541e-01
3.293953003680705205e-01, 2.333644972354191327e-01, 8.614185045983950573e-02, 3.510983519366708827e-01
3.294474072798982411e-01, 2.332797400996718673e-01, 8.613860283795400641e-02, 3.511342497824758713e-01
3.294995019446241846e-01, 2.331950125642148763e-01, 8.613535979224523631e-02, 3.511701256989157027e-01
3.295515843533771139e-01, 2.331103146417947136e-01, 8.613212132398517795e-02, 3.512059796808431056e-01
3.296036544972956173e-01, 2.330256463451353399e-01, 8.612888743444578610e-02, 3.512418117231232983e-01
3.296557123675281087e-01, 2.329410076869386781e-01, 8.612565812489915429e-02, 3.512776218206339895e-01
3.297077579552326609e-01, 2.328563986798844465e-01, 8.612243339661747321e-02, 3.513134099682653777e-01
3.297597912515770613e-01, 2.327718193366299371e-01, 8.611921325087285028e-02, 3.513491761609202069e-01
3.298118122477387004e-01, 2.326872696698103482e-01, 8.611599768893762885e-02, 3.513849203935134335e-01
3.298638209349047390e-01, 2.326027496920385629e-01, 8.611278671208401347e-02, 3.514206426609726708e-01
3.299158173042721631e-01, 2.325182594159052596e-01, 8.610958032158445852e-02, 3.514563429582382437e-01
3.299678013470473958e-01, 2.324337988539788569e-01, 8.610637851871134896e-02, 3.514920212802624122e-01
3.300197730544468522e-01, 2.323493680188057076e-01, 8.610318130473712528e-02, 3.515276776220103150e-01
3.300717324176964951e-01, 2.322649669229096547e-01, 8.609998868093432511e-02, 3.515633119784594696e-01
3.301236794280320574e-01, 2.321805955787927811e-01, 8.609680064857555548e-02, 3.515989243445996615e-01
3.301756140766988201e-01, 2.320962539989346041e-01, 8.609361720893339565e-02, 3.516345147154331663e-01
3.302275363549520004e-01, 2.320119421957924921e-01, 8.609043836328050814e-02, 3.516700830859749161e-01
3.302794462540564191e-01, 2.319276601818019146e-01, 8.608726411288962488e-02, 3.517056294512520553e-01
3.303313437652863893e-01, 2.318434079693757199e-01, 8.608409445903347779e-02, 3.517411538063042742e-01
3.303832288799264938e-01, 2.317591855709049131e-01, 8.608092940298486817e-02, 3.517766561461837527e-01
3.304351015892704191e-01, 2.316749929987582945e-01, 8.607776894601665285e-02, 3.518121364659546613e-01
3.304869618846217882e-01, 2.315908302652823214e-01, 8.607461308940171640e-02, 3.518475947606942156e-01
3.305388097572941053e-01, 2.315066973828014962e-01, 8.607146183441294340e-02, 3.518830310254915661e-01
3.305906451986101446e-01, 2.314225943636180616e-01, 8.606831518232330169e-02, 3.519184452554483533e-01
3.306424681999028947e-01, 2.313385212200122221e-01, 8.606517313440581463e-02, 3.519538374456790963e-01
3.306942787525146699e-01, 2.312544779642418391e-01, 8.606203569193349168e-02, 3.519892075913099716e-01
3.307460768477977209e-01, 2.311704646085429582e-01, 8.605890285617939783e-02, 3.520245556874798676e-01
3.307978624771138465e-01, 2.310864811651290873e-01, 8.605577462841662584e-02, 3.520598817293403293e-01
3.308496356318346154e-01, 2.310025276461921684e-01, 8.605265100991835170e-02, 3.520951857120549477e-01
3.309013963033413663e-01, 2.309186040639014947e-01, 8.604953200195769591e-02, 3.521304676307995818e-01
3.309531444830248748e-01, 2.308347104304044606e-01, 8.604641760580779286e-02, 3.521657274807628579e-01
3.310048801622859083e-01, 2.307508467578264499e-01, 8.604330782274192957e-02, 3.522009652571456151e-01
3.310566033325349489e-01, 2.306670130582707534e-01, 8.604020265403335144e-02, 3.522361809551608491e-01
3.311083139851920820e-01, 2.305832093438184294e-01, 8.603710210095531774e-02, 3.522713745700342680e-01
3.311600121116868300e-01, 2.304994356265285538e-01, 8.603400616478108776e-02, 3.523065460970035145e-01
3.312116977034589294e-01, 2.304156919184380259e-01, 8.603091484678404566e-02, 3.523416955313190546e-01
3.312633707519573312e-01, 2.303319782315618180e-01, 8.602782814823740909e-02, 3.523768228682434001e-01
3.313150312486411453e-01, 2.302482945778928369e-01, 8.602474607041465937e-02, 3.524119281030513307e-01
3.313666791849788074e-01, 2.301646409694018958e-01, 8.602166861458911129e-02, 3.524470112310301162e-01
3.314183145524486895e-01, 2.300810174180377699e-01, 8.601859578203420453e-02, 3.524820722474793500e-01
3.314699373425387119e-01, 2.299974239357270300e-01, 8.601552757402328164e-02, 3.525171111477110042e-01
3.315215475467465644e-01, 2.299138605343745145e-01, 8.601246399182981006e-02, 3.525521279270492081e-01
3.315731451565796517e-01, 2.298303272258627739e-01, 8.600940503672722948e-02, 3.525871225808303588e-01
3.316247301635550926e-01, 2.297468240220525981e-01, 8.600635070998897957e-02, 3.526220951044033991e-01
3.316763025591994984e-01, 2.296633509347824342e-01, 8.600330101288852780e-02, 3.526570454931295395e-01
3.317278623350494726e-01, 2.295799079758689687e-01, 8.600025594669932771e-02, 3.526919737423821477e-01
3.317794094826512219e-01, 2.294964951571068779e-01, 8.599721551269487452e-02, 3.527268798475469702e-01
3.318309439935606675e-01, 2.294131124902687169e-01, 8.599417971214870504e-02, 3.527617638040219106e-01
3.318824658593432231e-01, 2.293297599871051973e-01, 8.599114854633424510e-02, 3.527966256072173623e-01
3.319339750715742388e-01, 2.292464376593449094e-01, 8.598812201652501763e-02, 3.528314652525559314e-01
3.319854716218387236e-01, 2.291631455186945721e-01, 8.598510012399454561e-02, 3.528662827354723253e-01
3.320369555017311791e-01, 2.290798835768388386e-01, 8.598208287001628258e-02, 3.529010780514136303e-01
3.320884267028559877e-01, 2.289966518454405742e-01, 8.597907025586382090e-02, 3.529358511958395894e-01
3.321398852168273574e-01, 2.289134503361404671e-01, 8.597606228281060026e-02, 3.529706021642215474e-01
3.321913310352689885e-01, 2.288302790605574732e-01, 8.597305895213014360e-02, 3.530053309520433391e-01
3.322427641498141848e-01, 2.287471380302885382e-01, 8.597006026509595999e-02, 3.530400375548012892e-01
3.322941845521062421e-01, 2.286640272569085419e-01, 8.596706622298155853e-02, 3.530747219680037130e-01
3.323455922337977819e-01, 2.285809467519705762e-01, 8.596407682706037889e-02, 3.531093841871712491e-01
3.323969871865514736e-01, 2.284978965270058893e-01, 8.596109207860598567e-02, 3.531440242078366376e-01
3.324483694020395896e-01, 2.284148765935236081e-01, 8.595811197889180466e-02, 3.531786420255451087e-01
3.324997388719438396e-01, 2.283318869630110715e-01, 8.595513652919133107e-02, 3.532132376358538273e-01
3.325510955879558694e-01, 2.282489276469336914e-01, 8.595216573077799072e-02, 3.532478110343323929e-01
3.326024395417770396e-01, 2.281659986567350917e-01, 8.594919958492529266e-02, 3.532823622165626731e-01
3.326537707251181475e-01, 2.280831000038369138e-01, 8.594623809290662109e-02, 3.533168911781383592e-01
3.327050891297000379e-01, 2.280002316996388723e-01, 8.594328125599542956e-02, 3.533513979146656880e-01
3.327563947472528816e-01, 2.279173937555189211e-01, 8.594032907546506062e-02, 3.533858824217629979e-01
3.328076875695169523e-01, 2.278345861828331986e-01, 8.593738155258899558e-02, 3.534203446950608396e-01
3.328589675882417387e-01, 2.277518089929157219e-01, 8.593443868864054924e-02, 3.534547847302020318e-01
3.329102347951867213e-01, 2.276690621970789419e-01, 8.593150048489307802e-02, 3.534892025228412171e-01
3.329614891821210398e-01, 2.275863458066133549e-01, 8.592856694261992445e-02, 3.535235980686456947e-01
3.330127307408233817e-01, 2.275036598327876414e-01, 8.592563806309441721e-02, 3.535579713632945320e-01
3.330639594630822042e-01, 2.274210042868486659e-01, 8.592271384758977393e-02, 3.535923224024793976e-01
3.331151753406956795e-01, 2.273383791800213938e-01, 8.591979429737933716e-02, 3.536266511819036173e-01
3.331663783654716937e-01, 2.272557845235090856e-01, 8.591687941373628290e-02, 3.536609576972830071e-01
3.332175685292275702e-01, 2.271732203284932139e-01, 8.591396919793387044e-02, 3.536952419443453177e-01
3.332687458237907907e-01, 2.270906866061333240e-01, 8.591106365124524802e-02, 3.537295039188307344e-01
3.333199102409979409e-01, 2.270081833675671734e-01, 8.590816277494356390e-02, 3.537637436164914329e-01
3.333710617726956538e-01, 2.269257106239110089e-01, 8.590526657030195246e-02, 3.537979610330914126e-01
3.334222004107402770e-01, 2.268432683862588450e-01, 8.590237503859352031e-02, 3.538321561644073854e-01
3.334733261469975951e-01, 2.267608566656833524e-01, 8.589948818109130468e-02, 3.538663290062278310e-01
3.335244389733431070e-01, 2.266784754732351914e-01, 8.589660599906828731e-02, 3.539004795543533310e-01
3.335755388816622480e-01, 2.265961248199434008e-01, 8.589372849379756092e-02, 3.539346078045967348e-01
3.336266258638500015e-01, 2.265138047168152313e-01, 8.589085566655198234e-02, 3.539687137527828265e-01
3.336776999118107323e-01, 2.264315151748361454e-01, 8.588798751860450553e-02, 3.540027973947487139e-01
3.337287610174589636e-01, 2.263492562049698731e-01, 8.588512405122794569e-02, 3.540368587263432731e-01
3.337798091727184335e-01, 2.262670278181585504e-01, 8.588226526569522901e-02, 3.540708977434278149e-01
3.338308443695229277e-01, 2.261848300253223865e-01, 8.587941116327901803e-02, 3.541049144418755290e-01
3.338818665998157242e-01, 2.261026628373601910e-01, 8.587656174525222508e-02, 3.541389088175718736e-01
3.339328758555497600e-01, 2.260205262651488189e-01, 8.587371701288738779e-02, 3.541728808664140193e-01
3.339838721286876866e-01, 2.259384203195434204e-01, 8.587087696745725196e-02, 3.542068305843116272e-01
3.340348554112018697e-01, 2.258563450113776072e-01, 8.586804161023439685e-02, 3.542407579671862372e-01
3.340858256950741678e-01, 2.257743003514631752e-01, 8.586521094249137398e-02, 3.542746630109711581e-01
3.341367829722964866e-01, 2.256922863505904375e-01, 8.586238496550072097e-02, 3.543085457116124659e-01
3.341877272348698358e-01, 2.256103030195278913e-01, 8.585956368053487830e-02, 3.543424060650674501e-01
3.342386584748053835e-01, 2.255283503690223290e-01, 8.585674708886624484e-02, 3.543762440673061120e-01
3.342895766841236793e-01, 2.254464284097990601e-01, 8.585393519176721944e-02, 3.544100597143101106e-01
3.343404818548549873e-01, 2.253645371525616892e-01, 8.585112799050999277e-02, 3.544438530020733169e-01
3.343913739790394524e-01, 2.252826766079921161e-01, 8.584832548636689431e-02, 3.544776239266014817e-01
3.344422530487266565e-01, 2.252008467867507857e-01, 8.584552768061014250e-02, 3.545113724839125124e-01
3.344931190559757850e-01, 2.251190476994762713e-01, 8.584273457451178924e-02, 3.545450986700361962e-01
3.345439719928559597e-01, 2.250372793567857466e-01, 8.583994616934388644e-02, 3.545788024810142547e-01
3.345948118514456837e-01, 2.249555417692748471e-01, 8.583716246637855540e-02, 3.546124839129009554e-01
3.346456386238331748e-01, 2.248738349475172815e-01, 8.583438346688758436e-02, 3.546461429617618899e-01
3.346964523021164761e-01, 2.247921589020655531e-01, 8.583160917214301133e-02, 3.546797796236749734e-01
3.347472528784031232e-01, 2.247105136434503214e-01, 8.582883958341648578e-02, 3.547133938947300003e-01
3.347980403448103659e-01, 2.246288991821807635e-01, 8.582607470197989308e-02, 3.547469857710288665e-01
3.348488146934651133e-01, 2.245473155287446287e-01, 8.582331452910486880e-02, 3.547805552486854586e-01
3.348995759165038222e-01, 2.244657626936078787e-01, 8.582055906606299300e-02, 3.548141023238253200e-01
3.349503240060728859e-01, 2.243842406872150752e-01, 8.581780831412583188e-02, 3.548476269925863180e-01
3.350010589543279127e-01, 2.243027495199891586e-01, 8.581506227456485447e-02, 3.548811292511180326e-01
3.350517807534345582e-01, 2.242212892023316140e-01, 8.581232094865147431e-02, 3.549146090955823674e-01
3.351024893955679151e-01, 2.241398597446224994e-01, 8.580958433765702165e-02, 3.549480665221526055e-01
3.351531848729127905e-01, 2.240584611572200568e-01, 8.580685244285270186e-02, 3.549815015270145757e-01
3.352038671776634837e-01, 2.239770934504612954e-01, 8.580412526550974806e-02, 3.550149141063654867e-01
3.352545363020242863e-01, 2.238957566346616301e-01, 8.580140280689922683e-02, 3.550483042564148706e-01
3.353051922382089267e-01, 2.238144507201150213e-01, 8.579868506829214925e-02, 3.550816719733839721e-01
3.353558349784405146e-01, 2.237331757170938629e-01, 8.579597205095942924e-02, 3.551150172535061378e-01
3.354064645149523738e-01, 2.236519316358490939e-01, 8.579326375617198075e-02, 3.551483400930264822e-01
3.354570808399870430e-01, 2.235707184866104202e-01, 8.579056018520057891e-02, 3.551816404882019995e-01
3.355076839457967197e-01, 2.234895362795857321e-01, 8.578786133931587399e-02, 3.552149184353017297e-01
3.355582738246434271e-01, 2.234083850249616032e-01, 8.578516721978844684e-02, 3.552481739306064812e-01
3.356088504687987917e-01, 2.233272647329034022e-01, 8.578247782788889220e-02, 3.552814069704090527e-01
3.356594138705437658e-01, 2.232461754135546261e-01, 8.577979316488759665e-02, 3.553146175510139004e-01
3.357099640221694603e-01, 2.231651170770377890e-01, 8.577711323205493288e-02, 3.553478056687378595e-01
3.357605009159762011e-01, 2.230840897334536166e-01, 8.577443803066112094e-02, 3.553809713199091447e-01
3.358110245442741393e-01, 2.230030933928817127e-01, 8.577176756197629759e-02, 3.554141145008679059e-01
3.358615348993829741e-01, 2.229221280653800319e-01, 8.576910182727057186e-02, 3.554472352079662834e-01
3.359120319736321747e-01, 2.228411937609854621e-01, 8.576644082781392786e-02, 3.554803334375684076e-01
3.359625157593605360e-01, 2.227602904897132696e-01, 8.576378456487623869e-02, 3.555134091860501222e-01
3.360129862489168451e-01, 2.226794182615572104e-01, 8.576113303972726642e-02, 3.555464624497987058e-01
3.360634434346592148e-01, 2.225985770864900293e-01, 8.575848625363671762e-02, 3.555794932252140383e-01
3.361138873089555834e-01, 2.225177669744629327e-01, 8.575584420787413231e-02, 3.556125015087072683e-01
3.361643178641834373e-01, 2.224369879354057000e-01, 8.575320690370906440e-02, 3.556454872967017566e-01
3.362147350927299216e-01, 2.223562399792270439e-01, 8.575057434241087351e-02, 3.556784505856322443e-01
3.362651389869916740e-01, 2.222755231158139166e-01, 8.574794652524882210e-02, 3.557113913719455178e-01
3.363155295393751576e-01, 2.221948373550323430e-01, 8.574532345349207552e-02, 3.557443096521002990e-01
3.363659067422962168e-01, 2.221141827067268093e-01, 8.574270512840977132e-02, 3.557772054225671332e-01
3.364162705881805215e-01, 2.220335591807206521e-01, 8.574009155127085280e-02, 3.558100786798280013e-01
3.364666210694632897e-01, 2.219529667868157530e-01, 8.573748272334411058e-02, 3.558429294203768745e-01
3.365169581785892317e-01, 2.218724055347927604e-01, 8.573487864589837693e-02, 3.558757576407196033e-01
3.365672819080128275e-01, 2.217918754344110621e-01, 8.573227932020226205e-02, 3.559085633373738622e-01
3.366175922501982165e-01, 2.217113764954088129e-01, 8.572968474752429291e-02, 3.559413465068688165e-01
3.366678891976188082e-01, 2.216309087275027401e-01, 8.572709492913288543e-02, 3.559741071457456218e-01
3.367181727427581150e-01, 2.215504721403885324e-01, 8.572450986629633063e-02, 3.560068452505571468e-01
3.367684428781088091e-01, 2.214700667437404513e-01, 8.572192956028280852e-02, 3.560395608178679172e-01
3.368186995961734431e-01, 2.213896925472117194e-01, 8.571935401236042973e-02, 3.560722538442545049e-01
3.368689428894640070e-01, 2.213093495604340766e-01, 8.571678322379709669e-02, 3.561049243263048614e-01
3.369191727505023159e-01, 2.212290377930181962e-01, 8.571421719586067023e-02, 3.561375722606188177e-01
3.369693891718193446e-01, 2.211487572545535463e-01, 8.571165592981885850e-02, 3.561701976438081951e-01
3.370195921459563926e-01, 2.210685079546084175e-01, 8.570909942693928640e-02, 3.562028004724959174e-01
3.370697816654636414e-01, 2.209882899027297287e-01, 8.570654768848931515e-02, 3.562353807433172870e-01
3.371199577229012090e-01, 2.209081031084433600e-01, 8.570400071573640310e-02, 3.562679384529190418e-01
3.371701203108386502e-01, 2.208279475812541526e-01, 8.570145850994774495e-02, 3.563004735979594662e-01
3.372202694218555119e-01, 2.207478233306452986e-01, 8.569892107239032719e-02, 3.563329861751088901e-01
3.372704050485403338e-01, 2.206677303660793954e-01, 8.569638840433126126e-02, 3.563654761810490235e-01
3.373205271834917585e-01, 2.205876686969975298e-01, 8.569386050703729774e-02, 3.563979436124735112e-01
3.373706358193175880e-01, 2.205076383328197775e-01, 8.569133738177514559e-02, 3.564303884660874333e-01
3.374207309486356721e-01, 2.204276392829450371e-01, 8.568881902981143051e-02, 3.564628107386078604e-01
3.374708125640731304e-01, 2.203476715567511957e-01, 8.568630545241251451e-02, 3.564952104267632427e-01
3.375208806582666310e-01, 2.202677351635947411e-01, 8.568379665084474572e-02, 3.565275875272939099e-01
3.375709352238625560e-01, 2.201878301128114002e-01, 8.568129262637426413e-02, 3.565599420369516270e-01
3.376209762535170578e-01, 2.201079564137156663e-01, 8.567879338026716807e-02, 3.565922739525000940e-01
3.376710037398955033e-01, 2.200281140756007725e-01, 8.567629891378927831e-02, 3.566245832707145014e-01
3.377210176756728077e-01, 2.199483031077391626e-01, 8.567380922820640177e-02, 3.566568699883816418e-01
3.377710180535341000e-01, 2.198685235193819920e-01, 8.567132432478412329e-02, 3.566891341022998541e-01
3.378210048661731690e-01, 2.197887753197594884e-01, 8.566884420478797224e-02, 3.567213756092794119e-01
3.378709781062941286e-01, 2.197090585180806466e-01, 8.566636886948315877e-02, 3.567535945061420799e-01
3.379209377666102521e-01, 2.196293731235337277e-01, 8.566389832013499017e-02, 3.567857907897210579e-01
3.379708838398445270e-01, 2.195497191452856489e-01, 8.566143255800845457e-02, 3.568179644568614250e-01
3.380208163187294335e-01, 2.194700965924823999e-01, 8.565897158436844294e-02, 3.568501155044196405e-01
3.380707351960071660e-01, 2.193905054742490701e-01, 8.565651540047974910e-02, 3.568822439292640980e-01
3.381206404644294117e-01, 2.193109457996895439e-01, 8.565406400760690320e-02, 3.569143497282741828e-01
3.381705321167572387e-01, 2.192314175778868335e-01, 8.565161740701436599e-02, 3.569464328983414925e-01
3.382204101457615408e-01, 2.191519208179030231e-01, 8.564917559996645946e-02, 3.569784934363689488e-01
3.382702745442227044e-01, 2.190724555287790198e-01, 8.564673858772736681e-02, 3.570105313392709090e-01
3.383201253049304968e-01, 2.189930217195350248e-01, 8.564430637156097981e-02, 3.570425466039735540e-01
3.383699624206844003e-01, 2.189136193991699231e-01, 8.564187895273117634e-02, 3.570745392274145558e-01
3.384197858842935558e-01, 2.188342485766619772e-01, 8.563945633250161227e-02, 3.571065092065429103e-01
3.384695956885763191e-01, 2.187549092609683554e-01, 8.563703851213584628e-02, 3.571384565383195486e-01
3.385193918263610380e-01, 2.186756014610252707e-01, 8.563462549289718728e-02, 3.571703812197165595e-01
3.385691742904852197e-01, 2.185963251857480638e-01, 8.563221727604886091e-02, 3.572022832477177445e-01
3.386189430737961970e-01, 2.185170804440312031e-01, 8.562981386285391239e-02, 3.572341626193187292e-01
3.386686981691505727e-01, 2.184378672447481462e-01, 8.562741525457515102e-02, 3.572660193315261301e-01
3.387184395694147754e-01, 2.183586855967514506e-01, 8.562502145247538610e-02, 3.572978533813585544e-01
3.387681672674645594e-01, 2.182795355088728850e-01, 8.562263245781705223e-02, 3.573296647658455449e-01
3.388178812561853381e-01, 2.182004169899233181e-01, 8.562024827186259790e-02, 3.573614534820286903e-01
3.388675815284720727e-01, 2.181213300486927464e-01, 8.561786889587422178e-02, 3.573932195269610701e-01
3.389172680772291057e-01, 2.180422746939501832e-01, 8.561549433111392826e-02, 3.574249628977068105e-01
3.389669408953706053e-01, 2.179632509344439084e-01, 8.561312457884365235e-02, 3.574566835913418616e-01
3.390165999758198434e-01, 2.178842587789013574e-01, 8.561075964032495433e-02, 3.574883816049537755e-01
3.390662453115101393e-01, 2.178052982360291767e-01, 8.560839951681953330e-02, 3.575200569356411506e-01
3.391158768953839164e-01, 2.177263693145130852e-01, 8.560604420958860261e-02, 3.575517095805144097e-01
3.391654947203933124e-01, 2.176474720230180127e-01, 8.560369371989338949e-02, 3.575833395366952994e-01
3.392150987794999573e-01, 2.175686063701880169e-01, 8.560134804899487138e-02, 3.576149468013170574e-01
3.392646890656751402e-01, 2.174897723646466718e-01, 8.559900719815387304e-02, 3.576465313715243566e-01
3.393142655718993650e-01, 2.174109700149963742e-01, 8.559667116863105274e-02, 3.576780932444732497e-01
3.393638282911626836e-01, 2.173321993298189536e-01, 8.559433996168680503e-02, 3.577096324173315023e-01
3.394133772164651952e-01, 2.172534603176754786e-01, 8.559201357858146897e-02, 3.577411488872777601e-01
3.394629123408160476e-01, 2.171747529871062010e-01, 8.558969202057511994e-02, 3.577726426515027147e-01
3.395124336572337143e-01, 2.170960773466305838e-01, 8.558737528892763902e-02, 3.578041137072080491e-01
3.395619411587466052e-01, 2.170174334047474674e-01, 8.558506338489879628e-02, 3.578355620516071034e-01
3.396114348383925674e-01, 2.169388211699349589e-01, 8.558275630974807036e-02, 3.578669876819243756e-01
3.396609146892187181e-01, 2.168602406506502378e-01, 8.558045406473484273e-02, 3.578983905953961320e-01
3.397103807042821111e-01, 2.167816918553301664e-01, 8.557815665111825898e-02, 3.579297707892695191e-01
3.397598328766486264e-01, 2.167031747923904295e-01, 8.557586407015729812e-02, 3.579611282608035627e-01
3.398092711993944137e-01, 2.166246894702265058e-01, 8.557357632311071716e-02, 3.579924630072685021e-01
3.398586956656045044e-01, 2.165462358972128076e-01, 8.557129341123713429e-02, 3.580237750259456231e-01
3.399081062683738108e-01, 2.164678140817032637e-01, 8.556901533579486241e-02, 3.580550643141280909e-01
3.399575030008065157e-01, 2.163894240320310414e-01, 8.556674209804214504e-02, 3.580863308691202840e-01
3.400068858560165164e-01, 2.163110657565088801e-01, 8.556447369923698976e-02, 3.581175746882376276e-01
3.400562548271270358e-01, 2.162327392634286749e-01, 8.556221014063716823e-02, 3.581487957688071488e-01
3.401056099072707339e-01, 2.161544445610616427e-01, 8.555995142350025784e-02, 3.581799941081673655e-01
3.401549510895899298e-01, 2.160761816576586003e-01, 8.555769754908369717e-02, 3.582111697036677866e-01
3.402042783672363790e-01, 2.159979505614496031e-01, 8.555544851864464728e-02, 3.582423225526694677e-01
3.402535917333711635e-01, 2.159197512806440289e-01, 8.555320433344013042e-02, 3.582734526525447327e-01
3.403028911811650237e-01, 2.158415838234307715e-01, 8.555096499472684968e-02, 3.583045600006772857e-01
3.403521767037983592e-01, 2.157634481979782970e-01, 8.554873050376149424e-02, 3.583356445944619328e-01
3.404014482944603959e-01, 2.156853444124341990e-01, 8.554650086180036472e-02, 3.583667064313049710e-01
3.404507059463505181e-01, 2.156072724749256986e-01, 8.554427607009966461e-02, 3.583977455086240216e-01
3.404999496526773806e-01, 2.155292323935594223e-01, 8.554205612991534757e-02, 3.584287618238478634e-01
3.405491794066588529e-01, 2.154512241764214020e-01, 8.553984104250310361e-02, 3.584597553744166554e-01
3.405983952015225191e-01, 2.153732478315772414e-01, 8.553763080911855332e-02, 3.584907261577816584e-01
3.406475970305055112e-01, 2.152953033670719218e-01, 8.553542543101694262e-02, 3.585216741714056798e-01
3.406967848868541204e-01, 2.152173907909299688e-01, 8.553322490945337864e-02, 3.585525994127626292e-01
3.407459587638244081e-01, 2.151395101111553687e-01, 8.553102924568278809e-02, 3.585835018793375184e-01
3.407951186546815947e-01, 2.150616613357316520e-01, 8.552883844095982013e-02, 3.586143815686269609e-01
3.408442645527006154e-01, 2.149838444726217268e-01, 8.552665249653892965e-02, 3.586452384781386171e-01
3.408933964511659531e-01, 2.149060595297684062e-01, 8.552447141367436334e-02, 3.586760726053913051e-01
3.409425143433711392e-01, 2.148283065150936033e-01, 8.552229519362010424e-02, 3.587068839479152782e-01
3.409916182226193082e-01, 2.147505854364989142e-01, 8.552012383762998271e-02, 3.587376725032517255e-01
3.410407080822232539e-01, 2.146728963018656733e-01, 8.551795734695749607e-02, 3.587684382689534379e-01
3.410897839155052069e-01, 2.145952391190545927e-01, 8.551579572285607223e-02, 3.587991812425840310e-01
3.411388457157963905e-01, 2.145176138959060119e-01, 8.551363896657880603e-02, 3.588299014217187222e-01
3.411878934764380755e-01, 2.144400206402398423e-01, 8.551148707937854254e-02, 3.588605988039435535e-01
3.412369271907805257e-01, 2.143624593598556227e-01, 8.550934006250798802e-02, 3.588912733868558358e-01
3.412859468521836637e-01, 2.142849300625325470e-01, 8.550719791721952956e-02, 3.589219251680642597e-01
3.413349524540167934e-01, 2.142074327560292701e-01, 8.550506064476541546e-02, 3.589525541451885071e-01
3.413839439896586558e-01, 2.141299674480842130e-01, 8.550292824639758871e-02, 3.589831603158596396e-01
3.414329214524972622e-01, 2.140525341464153408e-01, 8.550080072336779802e-02, 3.590137436777195434e-01
3.414818848359305603e-01, 2.139751328587204682e-01, 8.549867807692751454e-02, 3.590443042284215958e-01
3.415308341333652131e-01, 2.138977635926766763e-01, 8.549656030832801512e-02, 3.590748419656301094e-01
3.415797693382178202e-01, 2.138204263559412566e-01, 8.549444741882034071e-02, 3.591053568870206103e-01
3.416286904439141958e-01, 2.137431211561506006e-01, 8.549233940965528245e-02, 3.591358489902798379e-01
3.416775974438897578e-01, 2.136658480009212824e-01, 8.549023628208340941e-02, 3.591663182731056891e-01
3.417264903315890279e-01, 2.135886068978492536e-01, 8.548813803735497152e-02, 3.591967647332068858e-01
3.417753691004661865e-01, 2.135113978545102043e-01, 8.548604467672002438e-02, 3.592271883683035849e-01
3.418242337439848511e-01, 2.134342208784598127e-01, 8.548395620142844320e-02, 3.592575891761269902e-01
3.418730842556178540e-01, 2.133570759772331626e-01, 8.548187261272982562e-02, 3.592879671544191855e-01
3.419219206288476309e-01, 2.132799631583452704e-01, 8.547979391187342235e-02, 3.593183223009337457e-01
3.419707428571658880e-01, 2.132028824292908076e-01, 8.547772010010841470e-02, 3.593486546134350146e-01
3.420195509340738238e-01, 2.131258337975442119e-01, 8.547565117868353990e-02, 3.593789640896984938e-01
3.420683448530818516e-01, 2.130488172705598260e-01, 8.547358714884745190e-02, 3.594092507275109538e-01
3.421171246077101546e-01, 2.129718328557714535e-01, 8.547152801184844384e-02, 3.594395145246698786e-01
3.421658901914878537e-01, 2.128948805605932748e-01, 8.546947376893468395e-02, 3.594697554789842431e-01
3.422146415979538392e-01, 2.128179603924185981e-01, 8.546742442135389639e-02, 3.594999735882736802e-01
3.422633788206562167e-01, 2.127410723586209973e-01, 8.546537997035368039e-02, 3.595301688503691473e-01
3.423121018531525839e-01, 2.126642164665536183e-01, 8.546334041718139929e-02, 3.595603412631124818e-01
3.423608106890096980e-01, 2.125873927235496230e-01, 8.546130576308408333e-02, 3.595904908243565679e-01
3.424095053218038642e-01, 2.125106011369219117e-01, 8.545927600930854073e-02, 3.596206175319657250e-01
3.424581857451208800e-01, 2.124338417139632895e-01, 8.545725115710128827e-02, 3.596507213838144867e-01
3.425068519525559241e-01, 2.123571144619463558e-01, 8.545523120770864844e-02, 3.596808023777890995e-01
3.425555039377130573e-01, 2.122804193881236701e-01, 8.545321616237661067e-02, 3.597108605117866342e-01
3.426041416942063877e-01, 2.122037564997276970e-01, 8.545120602235099783e-02, 3.597408957837150423e-01
3.426527652156589054e-01, 2.121271258039705843e-01, 8.544920078887717485e-02, 3.597709081914932105e-01
3.427013744957032593e-01, 2.120505273080447173e-01, 8.544720046320049278e-02, 3.598008977330515168e-01
3.427499695279813685e-01, 2.119739610191221091e-01, 8.544520504656580306e-02, 3.598308644063307193e-01
3.427985503061444228e-01, 2.118974269443548719e-01, 8.544321454021788775e-02, 3.598608082092827343e-01
3.428471168238532152e-01, 2.118209250908750230e-01, 8.544122894540112645e-02, 3.598907291398706354e-01
3.428956690747776426e-01, 2.117444554657944011e-01, 8.543924826335969058e-02, 3.599206271960682657e-01
3.429442070525969832e-01, 2.116680180762050278e-01, 8.543727249533739077e-02, 3.599505023758605704e-01
3.429927307509999523e-01, 2.115916129291787184e-01, 8.543530164257789883e-02, 3.599803546772433194e-01
3.430412401636848685e-01, 2.115152400317673043e-01, 8.543333570632452578e-02, 3.600101840982233292e-01
3.430897352843589321e-01, 2.114388993910026604e-01, 8.543137468782029120e-02, 3.600399906368181302e-01
3.431382161067388359e-01, 2.113625910138967057e-01, 8.542941858830799262e-02, 3.600697742910564103e-01
3.431866826245508206e-01, 2.112863149074411806e-01, 8.542746740903010838e-02, 3.600995350589779043e-01
3.432351348315302308e-01, 2.112100710786080360e-01, 8.542552115122886702e-02, 3.601292729386327829e-01
3.432835727214217925e-01, 2.111338595343492108e-01, 8.542357981614623341e-02, 3.601589879280827633e-01
3.433319962879798903e-01, 2.110576802815966047e-01, 8.542164340502382547e-02, 3.601886800253996657e-01
3.433804055249676246e-01, 2.109815333272622440e-01, 8.541971191910299743e-02, 3.602183492286670785e-01
3.434288004261580318e-01, 2.109054186782382545e-01, 8.541778535962485375e-02, 3.602479955359788599e-01
3.434771809853330859e-01, 2.108293363413968058e-01, 8.541586372783020742e-02, 3.602776189454399147e-01
3.435255471962841423e-01, 2.107532863235901666e-01, 8.541394702495952451e-02, 3.603072194551662499e-01
3.435738990528121595e-01, 2.106772686316505661e-01, 8.541203525225307680e-02, 3.603367970632842532e-01
3.436222365487270336e-01, 2.106012832723905270e-01, 8.541012841095070585e-02, 3.603663517679316919e-01
3.436705596778483196e-01, 2.105253302526026993e-01, 8.540822650229215607e-02, 3.603958835672568251e-01
3.437188684340045652e-01, 2.104494095790597208e-01, 8.540632952751672780e-02, 3.604253924594189029e-01
3.437671628110339217e-01, 2.103735212585144398e-01, 8.540443748786348543e-02, 3.604548784425882779e-01
3.438154428027835330e-01, 2.102976652976998873e-01, 8.540255038457114645e-02, 3.604843415149453500e-01
3.438637084031103130e-01, 2.102218417033291931e-01, 8.540066821887822013e-02, 3.605137816746822321e-01
3.439119596058798911e-01, 2.101460504820958086e-01, 8.539879099202286883e-02, 3.605431989200014731e-01
3.439601964049677774e-01, 2.100702916406730347e-01, 8.539691870524292183e-02, 3.605725932491163355e-01
3.440084187942583083e-01, 2.099945651857148543e-01, 8.539505135977597250e-02, 3.606019646602509066e-01
3.440566267676453682e-01, 2.099188711238549609e-01, 8.539318895685928112e-02, 3.606313131516403203e-01
3.441048203190321675e-01, 2.098432094617077026e-01, 8.539133149772977494e-02, 3.606606387215303133e-01
3.441529994423310757e-01, 2.097675802058672490e-01, 8.538947898362417299e-02, 3.606899413681773359e-01
3.442011641314638437e-01, 2.096919833629084517e-01, 8.538763141577879190e-02, 3.607192210898489404e-01
3.442493143803613265e-01, 2.096164189393860400e-01, 8.538578879542969846e-02, 3.607484778848230045e-01
3.442974501829638712e-01, 2.095408869418350917e-01, 8.538395112381261254e-02, 3.607777117513884524e-01
3.443455715332210954e-01, 2.094653873767710617e-01, 8.538211840216290704e-02, 3.608069226878449220e-01
3.443936784250917760e-01, 2.093899202506896706e-01, 8.538029063171580224e-02, 3.608361106925027650e-01
3.444417708525440158e-01, 2.093144855700668217e-01, 8.537846781370607430e-02, 3.608652757636831021e-01
3.444898488095551881e-01, 2.092390833413588780e-01, 8.537664994936820795e-02, 3.608944178997177676e-01
3.445379122901119362e-01, 2.091637135710023576e-01, 8.537483703993636874e-02, 3.609235370989493652e-01
3.445859612882101741e-01, 2.090883762654142664e-01, 8.537302908664444467e-02, 3.609526333597310455e-01
3.446339957978550861e-01, 2.090130714309918203e-01, 8.537122609072593515e-02, 3.609817066804270613e-01
3.446820158130611267e-01, 2.089377990741125846e-01, 8.536942805341417306e-02, 3.610107570594121018e-01
3.447300213278519654e-01, 2.088625592011346399e-01, 8.536763497594199168e-02, 3.610397844950714030e-01
3.447780123362605420e-01, 2.087873518183963051e-01, 8.536584685954201612e-02, 3.610687889858011368e-01
3.448259888323290667e-01, 2.087121769322161924e-01, 8.536406370544649680e-02, 3.610977705300082996e-01
3.448739508101089091e-01, 2.086370345488935962e-01, 8.536228551488739269e-02, 3.611267291261101020e-01
3.449218982636608755e-01, 2.085619246747079381e-01, 8.536051228909631583e-02, 3.611556647725348568e-01
3.449698311870548761e-01, 2.084868473159191826e-01, 8.535874402930457294e-02, 3.611845774677213128e-01
3.450177495743700362e-01, 2.084118024787677548e-01, 8.535698073674316544e-02, 3.612134672101189881e-01
3.450656534196949177e-01, 2.083367901694743729e-01, 8.535522241264269228e-02, 3.612423339981880588e-01
3.451135427171269088e-01, 2.082618103942403820e-01, 8.535346905823351649e-02, 3.612711778303993038e-01
3.451614174607730012e-01, 2.081868631592474483e-01, 8.535172067474558477e-02, 3.612999987052341044e-01
3.452092776447494016e-01, 2.081119484706577816e-01, 8.534997726340852464e-02, 3.613287966211843338e-01
3.452571232631813092e-01, 2.080370663346139959e-01, 8.534823882545171381e-02, 3.613575715767529117e-01
3.453049543102033603e-01, 2.079622167572394154e-01, 8.534650536210411365e-02, 3.613863235704530830e-01
3.453527707799594060e-01, 2.078873997446376021e-01, 8.534477687459438022e-02, 3.614150526008087505e-01
3.454005726666022347e-01, 2.078126153028927170e-01, 8.534305336415080878e-02, 3.614437586663541979e-01
3.454483599642941827e-01, 2.077378634380696032e-01, 8.534133483200140313e-02, 3.614724417656348110e-01
3.454961326672067456e-01, 2.076631441562134250e-01, 8.533962127937382014e-02, 3.615011018972060231e-01
3.455438907695203565e-01, 2.075884574633499458e-01, 8.533791270749525870e-02, 3.615297390596343141e-01
3.455916342654251072e-01, 2.075138033654856939e-01, 8.533620911759279282e-02, 3.615583532514963228e-01
3.456393631491197493e-01, 2.074391818686075473e-01, 8.533451051089298300e-02, 3.615869444713797898e-01
3.456870774148128045e-01, 2.073645929786830100e-01, 8.533281688862207059e-02, 3.616155127178821149e-01
3.457347770567214540e-01, 2.072900367016601575e-01, 8.533112825200601936e-02, 3.616440579896123553e-01
3.457824620690724271e-01, 2.072155130434678583e-01, 8.532944460227036287e-02, 3.616725802851892824e-01
3.458301324461016124e-01, 2.071410220100153854e-01, 8.532776594064038489e-02, 3.617010796032426589e-01
3.458777881820538913e-01, 2.070665636071927218e-01, 8.532609226834092508e-02, 3.617295559424125173e-01
3.459254292711835821e-01, 2.069921378408704493e-01, 8.532442358659650394e-02, 3.617580093013495479e-01
3.459730557077538848e-01, 2.069177447168999151e-01, 8.532275989663130888e-02, 3.617864396787147663e-01
3.460206674860375475e-01, 2.068433842411130930e-01, 8.532110119966915263e-02, 3.618148470731802346e-01
3.460682646003161445e-01, 2.067690564193225833e-01, 8.531944749693354257e-02, 3.618432314834278407e-01
3.461158470448805757e-01, 2.066947612573215021e-01, 8.531779878964752817e-02, 3.618715929081503524e-01
3.461634148140310674e-01, 2.066204987608840637e-01, 8.531615507903392293e-02, 3.618999313460509182e-01
3.462109679020767272e-01, 2.065462689357649706e-01, 8.531451636631505464e-02, 3.619282467958432337e-01
3.462585063033359889e-01, 2.064720717876994960e-01, 8.531288265271302906e-02, 3.619565392562514305e-01
3.463060300121363899e-01, 2.063979073224039840e-01, 8.531125393944950785e-02, 3.619848087260101321e-01
3.463535390228146826e-01, 2.063237755455752387e-01, 8.530963022774579185e-02, 3.620130552038643423e-01
3.464010333297166122e-01, 2.062496764628909407e-01, 8.530801151882283495e-02, 3.620412786885696121e-01
3.464485129271975272e-01, 2.061756100800094527e-01, 8.530639781390117471e-02, 3.620694791788918177e-01
3.464959778096211584e-01, 2.061015764025702079e-01, 8.530478911420114052e-02, 3.620976566736076041e-01
3.465434279713611732e-01, 2.060275754361929890e-01, 8.530318542094250667e-02, 3.621258111715033867e-01
3.465908634067997873e-01, 2.059536071864786211e-01, 8.530158673534474212e-02, 3.621539426713769050e-01
3.466382841103287094e-01, 2.058796716590088616e-01, 8.529999305862705217e-02, 3.621820511720353908e-01
3.466856900763488070e-01, 2.058057688593459833e-01, 8.529840439200808699e-02, 3.622101366722972338e-01
3.467330812992696631e-01, 2.057318987930333576e-01, 8.529682073670627473e-02, 3.622381991709907045e-01
3.467804577735104643e-01, 2.056580614655950656e-01, 8.529524209393958556e-02, 3.622662386669548984e-01
3.468278194934993341e-01, 2.055842568825360650e-01, 8.529366846492565657e-02, 3.622942551590389582e-01
3.468751664536734447e-01, 2.055104850493422730e-01, 8.529209985088173629e-02, 3.623222486461025738e-01
3.469224986484792383e-01, 2.054367459714804001e-01, 8.529053625302469854e-02, 3.623502191270156492e-01
3.469698160723720948e-01, 2.053630396543980885e-01, 8.528897767257102858e-02, 3.623781666006588020e-01
3.470171187198166085e-01, 2.052893661035238571e-01, 8.528742411073685081e-02, 3.624060910659225865e-01
3.470644065852867000e-01, 2.052157253242671564e-01, 8.528587556873787334e-02, 3.624339925217082148e-01
3.471116796632649493e-01, 2.051421173220183414e-01, 8.528433204778948507e-02, 3.624618709669272798e-01
3.471589379482434845e-01, 2.050685421021487820e-01, 8.528279354910661691e-02, 3.624897264005010888e-01
3.472061814347229824e-01, 2.049949996700107802e-01, 8.528126007390385288e-02, 3.625175588213623290e-01
3.472534101172138898e-01, 2.049214900309375420e-01, 8.527973162339540225e-02, 3.625453682284532353e-01
3.473006239902353132e-01, 2.048480131902432333e-01, 8.527820819879505798e-02, 3.625731546207264233e-01
3.473478230483155738e-01, 2.047745691532230627e-01, 8.527668980131625220e-02, 3.626009179971450558e-01
3.473950072859920968e-01, 2.047011579251533098e-01, 8.527517643217198684e-02, 3.626286583566825650e-01
3.474421766978112447e-01, 2.046277795112911302e-01, 8.527366809257493074e-02, 3.626563756983226527e-01
3.474893312783287613e-01, 2.045544339168747783e-01, 8.527216478373730868e-02, 3.626840700210591795e-01
3.475364710221091058e-01, 2.044811211471234402e-01, 8.527066650687098459e-02, 3.627117413238963861e-01
3.475835959237261186e-01, 2.044078412072376227e-01, 8.526917326318737833e-02, 3.627393896058488942e-01
3.476307059777625774e-01, 2.043345941023984869e-01, 8.526768505389760444e-02, 3.627670148659413174e-01
3.476778011788101974e-01, 2.042613798377687084e-01, 8.526620188021229174e-02, 3.627946171032088163e-01
3.477248815214700750e-01, 2.041881984184915344e-01, 8.526472374334170823e-02, 3.628221963166966546e-01
3.477719470003521884e-01, 2.041150498496917265e-01, 8.526325064449571944e-02, 3.628497525054603656e-01
3.478189976100755088e-01, 2.040419341364751171e-01, 8.526178258488378847e-02, 3.628772856685656967e-01
3.478660333452681663e-01, 2.039688512839282764e-01, 8.526031956571492043e-02, 3.629047958050886091e-01
3.479130542005673399e-01, 2.038958012971193723e-01, 8.525886158819785676e-02, 3.629322829141153894e-01
3.479600601706192009e-01, 2.038227841810975050e-01, 8.525740865354079767e-02, 3.629597469947424826e-01
3.480070512500790803e-01, 2.037497999408928728e-01, 8.525596076295158254e-02, 3.629871880460764366e-01
3.480540274336112461e-01, 2.036768485815168561e-01, 8.525451791763767606e-02, 3.630146060672342356e-01
3.481009887158889038e-01, 2.036039301079622110e-01, 8.525308011880605719e-02, 3.630420010573428002e-01
3.481479350915945847e-01, 2.035310445252025702e-01, 8.525164736766337181e-02, 3.630693730155393761e-01
3.481948665554196465e-01, 2.034581918381929699e-01, 8.525021966541579399e-02, 3.630967219409714231e-01
3.482417831020644949e-01, 2.033853720518696562e-01, 8.524879701326917858e-02, 3.631240478327966148e-01
3.482886847262386953e-01, 2.033125851711500565e-01, 8.524737941242885308e-02, 3.631513506901824506e-01
3.483355714226605837e-01, 2.032398312009326968e-01, 8.524596686409977031e-02, 3.631786305123069214e-01
3.483824431860578219e-01, 2.031671101460975903e-01, 8.524455936948646673e-02, 3.632058872983581765e-01
3.484293000111667316e-01, 2.030944220115058485e-01, 8.524315692979309023e-02, 3.632331210475342465e-01
3.484761418927331267e-01, 2.030217668019999311e-01, 8.524175954622335849e-02, 3.632603317590435421e-01
3.485229688255112590e-01, 2.029491445224037016e-01, 8.524036721998054511e-02, 3.632875194321046330e-01
3.485697808042649282e-01, 2.028765551775218723e-01, 8.523897995226747959e-02, 3.633146840659458032e-01
3.486165778237664825e-01, 2.028039987721409754e-01, 8.523759774428665836e-02, 3.633418256598058838e-01
3.486633598787977073e-01, 2.027314753110286416e-01, 8.523622059724005051e-02, 3.633689442129336977e-01
3.487101269641488255e-01, 2.026589847989337112e-01, 8.523484851232926429e-02, 3.633960397245881713e-01
3.487568790746197744e-01, 2.025865272405866224e-01, 8.523348149075547775e-02, 3.634231121940382225e-01
3.488036162050187627e-01, 2.025141026406990508e-01, 8.523211953371942484e-02, 3.634501616205628727e-01
3.488503383501634914e-01, 2.024417110039639089e-01, 8.523076264242132605e-02, 3.634771880034513014e-01
3.488970455048804320e-01, 2.023693523350557355e-01, 8.522941081806115204e-02, 3.635041913420027915e-01
3.489437376640049382e-01, 2.022970266386301674e-01, 8.522806406183831840e-02, 3.635311716355265066e-01
3.489904148223817448e-01, 2.022247339193246340e-01, 8.522672237495181047e-02, 3.635581288833418800e-01
3.490370769748640800e-01, 2.021524741817576076e-01, 8.522538575860021115e-02, 3.635850630847781151e-01
3.490837241163143312e-01, 2.020802474305291863e-01, 8.522405421398172864e-02, 3.636119742391747955e-01
3.491303562416039341e-01, 2.020080536702208440e-01, 8.522272774229390502e-02, 3.636388623458812752e-01
3.491769733456132618e-01, 2.019358929053955143e-01, 8.522140634473417131e-02, 3.636657274042570664e-01
3.492235754232315692e-01, 2.018637651405976174e-01, 8.522009002249923693e-02, 3.636925694136716736e-01
3.492701624693570484e-01, 2.017916703803530609e-01, 8.521877877678549207e-02, 3.637193883735044264e-01
3.493167344788967732e-01, 2.017196086291691559e-01, 8.521747260878891062e-02, 3.637461842831452019e-01
3.493632914467671990e-01, 2.016475798915347561e-01, 8.521617151970495296e-02, 3.637729571419930918e-01
3.494098333678932189e-01, 2.015755841719202857e-01, 8.521487551072870481e-02, 3.637997069494577351e-01
3.494563602372089406e-01, 2.015036214747776278e-01, 8.521358458305475225e-02, 3.638264337049586516e-01
3.495028720496573538e-01, 2.014316918045402915e-01, 8.521229873787725118e-02, 3.638531374079251868e-01
3.495493688001902188e-01, 2.013597951656230511e-01, 8.521101797638987174e-02, 3.638798180577968999e-01
3.495958504837684555e-01, 2.012879315624226950e-01, 8.520974229978590941e-02, 3.639064756540229539e-01
3.496423170953617543e-01, 2.012161009993172212e-01, 8.520847170925814618e-02, 3.639331101960628367e-01
3.496887686299490205e-01, 2.011443034806663088e-01, 8.520720620599893380e-02, 3.639597216833856952e-01
3.497352050825175973e-01, 2.010725390108113741e-01, 8.520594579120019385e-02, 3.639863101154707792e-01
3.497816264480642090e-01, 2.010008075940752648e-01, 8.520469046605336216e-02, 3.640128754918072196e-01
3.498280327215941843e-01, 2.009291092347623708e-01, 8.520344023174936110e-02, 3.640394178118940283e-01
3.498744238981219001e-01, 2.008574439371590692e-01, 8.520219508947880771e-02, 3.640659370752402091e-01
3.499207999726705598e-01, 2.007858117055330849e-01, 8.520095504043169454e-02, 3.640924332813645914e-01
3.499671609402724703e-01, 2.007142125441338798e-01, 8.519972008579765332e-02, 3.641189064297959410e-01
3.500135067959685986e-01, 2.006426464571925139e-01, 8.519849022676584394e-02, 3.641453565200730158e-01
3.500598375348089042e-01, 2.005711134489219782e-01, 8.519726546452495441e-02, 3.641717835517441770e-01
3.501061531518521730e-01, 2.004996135235166399e-01, 8.519604580026313156e-02, 3.641981875243680000e-01
3.501524536421662392e-01, 2.004281466851527693e-01, 8.519483123516824463e-02, 3.642245684375127190e-01
3.501987390008275414e-01, 2.003567129379883738e-01, 8.519362177042749673e-02, 3.642509262907565049e-01
3.502450092229219547e-01, 2.002853122861630031e-01, 8.519241740722767464e-02, 3.642772610836874092e-01
3.502912643035434592e-01, 2.002139447337980549e-01, 8.519121814675521820e-02, 3.643035728159031983e-01
3.503375042377955273e-01, 2.001426102849969135e-01, 8.519002399019591498e-02, 3.643298614870116303e-01
3.503837290207901800e-01, 2.000713089438442560e-01, 8.518883493873520563e-02, 3.643561270966302335e-01
3.504299386476485423e-01, 2.000000407144070513e-01, 8.518765099355805892e-02, 3.643823696443864169e-01
3.504761331135002878e-01, 1.999288056007335890e-01, 8.518647215584886079e-02, 3.644085891299171931e-01
3.505223124134843604e-01, 1.998576036068542838e-01, 8.518529842679159469e-02, 3.644347855528697333e-01
3.505684765427480865e-01, 1.997864347367812599e-01, 8.518412980756984165e-02, 3.644609589129007010e-01
3.506146254964481179e-01, 1.997152989945084889e-01, 8.518296629936650266e-02, 3.644871092096768628e-01
3.506607592697496001e-01, 1.996441963840117906e-01, 8.518180790336422892e-02, 3.645132364428742555e-01
3.507068778578267265e-01, 1.995731269092488602e-01, 8.518065462074497773e-02, 3.645393406121794633e-01
3.507529812558624061e-01, 1.995020905741591022e-01, 8.517950645269045662e-02, 3.645654217172879519e-01
3.507990694590484293e-01, 1.994310873826640740e-01, 8.517836340038166532e-02, 3.645914797579059008e-01
3.508451424625855242e-01, 1.993601173386669589e-01, 8.517722546499921499e-02, 3.646175147337484268e-01
3.508912002616830228e-01, 1.992891804460529825e-01, 8.517609264772324495e-02, 3.646435266445407497e-01
3.509372428515593612e-01, 1.992182767086893014e-01, 8.517496494973339494e-02, 3.646695154900179148e-01
3.509832702274415239e-01, 1.991474061304250032e-01, 8.517384237220883281e-02, 3.646954812699246817e-01
3.510292823845654886e-01, 1.990765687150909402e-01, 8.517272491632818521e-02, 3.647214239840153582e-01
3.510752793181762255e-01, 1.990057644665002012e-01, 8.517161258326962081e-02, 3.647473436320540219e-01
3.511212610235269205e-01, 1.989349933884476396e-01, 8.517050537421079481e-02, 3.647732402138146313e-01
3.511672274958803075e-01, 1.988642554847100674e-01, 8.516940329032889057e-02, 3.647991137290806929e-01
3.512131787305073360e-01, 1.987935507590464501e-01, 8.516830633280059182e-02, 3.648249641776455388e-01
3.512591147226882260e-01, 1.987228792151977397e-01, 8.516721450280213823e-02, 3.648507915593119377e-01
3.513050354677114684e-01, 1.986522408568866527e-01, 8.516612780150913109e-02, 3.648765958738927062e-01
3.513509409608749912e-01, 1.985816356878182809e-01, 8.516504623009674146e-02, 3.649023771212099865e-01
3.513968311974848269e-01, 1.985110637116795085e-01, 8.516396978973975185e-02, 3.649281353010959128e-01
3.514427061728562229e-01, 1.984405249321393727e-01, 8.516289848161230636e-02, 3.649538704133920564e-01
3.514885658823133086e-01, 1.983700193528490086e-01, 8.516183230688803563e-02, 3.649795824579496473e-01
3.515344103211885396e-01, 1.982995469774414543e-01, 8.516077126674014008e-02, 3.650052714346297966e-01
3.515802394848236978e-01, 1.982291078095320958e-01, 8.515971536234134831e-02, 3.650309373433028859e-01
3.516260533685688361e-01, 1.981587018527182220e-01, 8.515866459486373663e-02, 3.650565801838492330e-01
3.516718519677830002e-01, 1.980883291105793309e-01, 8.515761896547899279e-02, 3.650821999561587039e-01
3.517176352778340065e-01, 1.980179895866770456e-01, 8.515657847535827718e-02, 3.651077966601307123e-01
3.517634032940986089e-01, 1.979476832845550593e-01, 8.515554312567216733e-02, 3.651333702956742200e-01
3.518091560119618322e-01, 1.978774102077393293e-01, 8.515451291759082442e-02, 3.651589208627080141e-01
3.518548934268178607e-01, 1.978071703597379105e-01, 8.515348785228385453e-02, 3.651844483611603187e-01
3.519006155340697606e-01, 1.977369637440410388e-01, 8.515246793092035027e-02, 3.652099527909690169e-01
3.519463223291287024e-01, 1.976667903641210478e-01, 8.515145315466883524e-02, 3.652354341520813175e-01
3.519920138074153493e-01, 1.975966502234327293e-01, 8.515044352469741673e-02, 3.652608924444545324e-01
3.520376899643584689e-01, 1.975265433254128900e-01, 8.514943904217359139e-02, 3.652863276680550775e-01
3.520833507953959884e-01, 1.974564696734805169e-01, 8.514843970826441177e-02, 3.653117398228590829e-01
3.521289962959743836e-01, 1.973864292710370560e-01, 8.514744552413636147e-02, 3.653371289088521712e-01
3.521746264615489563e-01, 1.973164221214660230e-01, 8.514645649095539670e-02, 3.653624949260296240e-01
3.522202412875837796e-01, 1.972464482281332809e-01, 8.514547260988694632e-02, 3.653878378743960487e-01
3.522658407695511418e-01, 1.971765075943869017e-01, 8.514449388209596736e-02, 3.654131577539659892e-01
3.523114249029327683e-01, 1.971066002235574433e-01, 8.514352030874687560e-02, 3.654384545647629823e-01
3.523569936832187666e-01, 1.970367261189575336e-01, 8.514255189100347621e-02, 3.654637283068203346e-01
3.524025471059077930e-01, 1.969668852838820372e-01, 8.514158863002910249e-02, 3.654889789801810673e-01
3.524480851665076631e-01, 1.968970777216086099e-01, 8.514063052698657430e-02, 3.655142065848971389e-01
3.524936078605341860e-01, 1.968273034353968665e-01, 8.513967758303819799e-02, 3.655394111210307773e-01
3.525391151835126635e-01, 1.967575624284887692e-01, 8.513872979934568319e-02, 3.655645925886528702e-01
3.525846071309764462e-01, 1.966878547041087943e-01, 8.513778717707019827e-02, 3.655897509878443530e-01
3.526300836984680998e-01, 1.966181802654638489e-01, 8.513684971737246754e-02, 3.656148863186955422e-01
3.526755448815384053e-01, 1.965485391157430484e-01, 8.513591742141261853e-02, 3.656399985813060249e-01
3.527209906757470259e-01, 1.964789312581179948e-01, 8.513499029035020982e-02, 3.656650877757848250e-01
3.527664210766623953e-01, 1.964093566957427206e-01, 8.513406832534430035e-02, 3.656901539022505143e-01
3.528118360798616071e-01, 1.963398154317538002e-01, 8.513315152755336623e-02, 3.657151969608313236e-01
3.528572356809301369e-01, 1.962703074692700167e-01, 8.513223989813545334e-02, 3.657402169516644763e-01
3.529026198754625643e-01, 1.962008328113926392e-01, 8.513133343824788590e-02, 3.657652138748969661e-01
3.529479886590616844e-01, 1.961313914612056730e-01, 8.513043214904759959e-02, 3.657901877306849459e-01
3.529933420273394518e-01, 1.960619834217754154e-01, 8.512953603169090555e-02, 3.658151385191942273e-01
3.530386799759160921e-01, 1.959926086961505387e-01, 8.512864508733362923e-02, 3.658400662405998371e-01
3.530840025004203242e-01, 1.959232672873625070e-01, 8.512775931713091604e-02, 3.658649708950861834e-01
3.531293095964901929e-01, 1.958539591984250205e-01, 8.512687872223753671e-02, 3.658898524828472776e-01
3.531746012597717366e-01, 1.957846844323345159e-01, 8.512600330380752645e-02, 3.659147110040862350e-01
3.532198774859198753e-01, 1.957154429920699157e-01, 8.512513306299453186e-02, 3.659395464590157188e-01
3.532651382705981891e-01, 1.956462348805926010e-01, 8.512426800095151957e-02, 3.659643588478576071e-01
3.533103836094788064e-01, 1.955770601008467169e-01, 8.512340811883102598e-02, 3.659891481708433814e-01
3.533556134982426267e-01, 1.955079186557588944e-01, 8.512255341778489359e-02, 3.660139144282136825e-01
3.534008279325790425e-01, 1.954388105482382232e-01, 8.512170389896446532e-02, 3.660386576202183107e-01
3.534460269081859951e-01, 1.953697357811765845e-01, 8.512085956352055671e-02, 3.660633777471168360e-01
3.534912104207702521e-01, 1.953006943574484844e-01, 8.512002041260342822e-02, 3.660880748091778769e-01
3.535363784660470743e-01, 1.952316862799109709e-01, 8.511918644736266026e-02, 3.661127488066793223e-01
3.535815310397403266e-01, 1.951627115514038002e-01, 8.511835766894740307e-02, 3.661373997399083868e-01
3.536266681375824228e-01, 1.950937701747493258e-01, 8.511753407850618236e-02, 3.661620276091620552e-01
3.536717897553144918e-01, 1.950248621527526371e-01, 8.511671567718695486e-02, 3.661866324147458607e-01
3.537168958886863224e-01, 1.949559874882014210e-01, 8.511590246613712218e-02, 3.662112141569751067e-01
3.537619865334560854e-01, 1.948871461838662666e-01, 8.511509444650354472e-02, 3.662357728361741449e-01
3.538070616853905559e-01, 1.948183382425001664e-01, 8.511429161943243060e-02, 3.662603084526768193e-01
3.538521213402652799e-01, 1.947495636668391816e-01, 8.511349398606948835e-02, 3.662848210068259669e-01
3.538971654938642963e-01, 1.946808224596018322e-01, 8.511270154755982975e-02, 3.663093104989740278e-01
3.539421941419801376e-01, 1.946121146234895127e-01, 8.511191430504798372e-02, 3.663337769294823243e-01
3.539872072804139957e-01, 1.945434401611863817e-01, 8.511113225967795182e-02, 3.663582202987217262e-01
3.540322049049755559e-01, 1.944747990753592504e-01, 8.511035541259306947e-02, 3.663826406070720965e-01
3.540771870114832187e-01, 1.944061913686579712e-01, 8.510958376493615862e-02, 3.664070378549226792e-01
3.541221535957637112e-01, 1.943376170437149941e-01, 8.510881731784944448e-02, 3.664314120426719334e-01
3.541671046536525314e-01, 1.942690761031456437e-01, 8.510805607247458326e-02, 3.664557631707274221e-01
3.542120401809936148e-01, 1.942005685495479250e-01, 8.510730002995260668e-02, 3.664800912395058674e-01
3.542569601736395013e-01, 1.941320943855030234e-01, 8.510654919142403296e-02, 3.665043962494334839e-01
3.543018646274512795e-01, 1.940636536135746659e-01, 8.510580355802871422e-02, 3.665286782009453126e-01
3.543467535382984757e-01, 1.939952462363096486e-01, 8.510506313090600294e-02, 3.665529370944859422e-01
3.543916269020591647e-01, 1.939268722562374481e-01, 8.510432791119453000e-02, 3.665771729305087878e-01
3.544364847146203035e-01, 1.938585316758705823e-01, 8.510359790003252378e-02, 3.666013857094767014e-01
3.544813269718766757e-01, 1.937902244977044164e-01, 8.510287309855743554e-02, 3.666255754318615279e-01
3.545261536697322802e-01, 1.937219507242172456e-01, 8.510215350790625854e-02, 3.666497420981441047e-01
3.545709648040992756e-01, 1.936537103578704067e-01, 8.510143912921533382e-02, 3.666738857088149284e-01
3.546157603708984252e-01, 1.935855034011079168e-01, 8.510072996362043340e-02, 3.666980062643733218e-01
3.546605403660589295e-01, 1.935173298563569455e-01, 8.510002601225666319e-02, 3.667221037653273230e-01
3.547053047855185937e-01, 1.934491897260276483e-01, 8.509932727625862947e-02, 3.667461782121950176e-01
3.547500536252237713e-01, 1.933810830125130831e-01, 8.509863375676030017e-02, 3.667702296055027622e-01
3.547947868811291428e-01, 1.933130097181892659e-01, 8.509794545489503259e-02, 3.667942579457865171e-01
3.548395045491979927e-01, 1.932449698454153930e-01, 8.509726237179553177e-02, 3.668182632335910687e-01
3.548842066254022098e-01, 1.931769633965333965e-01, 8.509658450859404477e-02, 3.668422454694703627e-01
3.549288931057217877e-01, 1.931089903738685831e-01, 8.509591186642204153e-02, 3.668662046539876154e-01
3.549735639861456016e-01, 1.930410507797290509e-01, 8.509524444641056173e-02, 3.668901407877148135e-01
3.550182192626709088e-01, 1.929731446164060227e-01, 8.509458224968984019e-02, 3.669140538712332145e-01
3.550628589313032935e-01, 1.929052718861738736e-01, 8.509392527738970924e-02, 3.669379439051331238e-01
3.551074829880569994e-01, 1.928374325912899367e-01, 8.509327353063921018e-02, 3.669618108900138398e-01
3.551520914289546527e-01, 1.927696267339948366e-01, 8.509262701056691247e-02, 3.669856548264837093e-01
3.551966842500271504e-01, 1.927018543165120168e-01, 8.509198571830066393e-02, 3.670094757151601272e-01
3.552412614473144381e-01, 1.926341153410482954e-01, 8.509134965496777114e-02, 3.670332735566694260e-01
3.552858230168640663e-01, 1.925664098097936427e-01, 8.509071882169497170e-02, 3.670570483516472637e-01
3.553303689547328004e-01, 1.924987377249209874e-01, 8.509009321960825378e-02, 3.670808001007380694e-01
3.553748992569853993e-01, 1.924310990885864936e-01, 8.508947284983303661e-02, 3.671045288045951538e-01
3.554194139196951707e-01, 1.923634939029295610e-01, 8.508885771349415650e-02, 3.671282344638811534e-01
3.554639129389439711e-01, 1.922959221700726862e-01, 8.508824781171581142e-02, 3.671519170792674758e-01
3.555083963108220391e-01, 1.922283838921217958e-01, 8.508764314562158870e-02, 3.671755766514345765e-01
3.555528640314278288e-01, 1.921608790711657466e-01, 8.508704371633442343e-02, 3.671992131810719040e-01
3.555973160968687874e-01, 1.920934077092767145e-01, 8.508644952497666780e-02, 3.672228266688778442e-01
3.556417525032600779e-01, 1.920259698085102773e-01, 8.508586057266998015e-02, 3.672464171155597756e-01
3.556861732467256898e-01, 1.919585653709048878e-01, 8.508527686053543593e-02, 3.672699845218339587e-01
3.557305783233979390e-01, 1.918911943984827617e-01, 8.508469838969352772e-02, 3.672935288884257576e-01
3.557749677294175794e-01, 1.918238568932490451e-01, 8.508412516126404035e-02, 3.673170502160693629e-01
3.558193414609338578e-01, 1.917565528571922584e-01, 8.508355717636617577e-02, 3.673405485055076802e-01
3.558636995141040149e-01, 1.916892822922842965e-01, 8.508299443611842816e-02, 3.673640237574931633e-01
3.559080418850942840e-01, 1.916220452004803454e-01, 8.508243694163879212e-02, 3.673874759727864814e-01
3.559523685700788920e-01, 1.915548415837188545e-01, 8.508188469404449894e-02, 3.674109051521576852e-01
3.559966795652406146e-01, 1.914876714439217031e-01, 8.508133769445221095e-02, 3.674343112963855407e-01
3.560409748667703322e-01, 1.914205347829941728e-01, 8.508079594397792433e-02, 3.674576944062576400e-01
3.560852544708676959e-01, 1.913534316028247251e-01, 8.508025944373698302e-02, 3.674810544825705683e-01
3.561295183737406833e-01, 1.912863619052853070e-01, 8.507972819484413418e-02, 3.675043915261299032e-01
3.561737665716052104e-01, 1.912193256922314344e-01, 8.507920219841348664e-02, 3.675277055377498825e-01
3.562179990606861302e-01, 1.911523229655017198e-01, 8.507868145555844142e-02, 3.675509965182536809e-01
3.562622158372163450e-01, 1.910853537269185387e-01, 8.507816596739180282e-02, 3.675742644684732996e-01
3.563064168974371948e-01, 1.910184179782873359e-01, 8.507765573502570899e-02, 3.675975093892497880e-01
3.563506022375983462e-01, 1.909515157213973746e-01, 8.507715075957164585e-02, 3.676207312814326333e-01
3.563947718539576814e-01, 1.908846469580211258e-01, 8.507665104214055807e-02, 3.676439301458806486e-01
3.564389257427817426e-01, 1.908178116899146293e-01, 8.507615658384251600e-02, 3.676671059834610844e-01
3.564830639003452872e-01, 1.907510099188174102e-01, 8.507566738578715981e-02, 3.676902587950501289e-01
3.565271863229312888e-01, 1.906842416464525070e-01, 8.507518344908332475e-02, 3.677133885815330183e-01
3.565712930068311026e-01, 1.906175068745264434e-01, 8.507470477483927707e-02, 3.677364953438032602e-01
3.566153839483445220e-01, 1.905508056047292564e-01, 8.507423136416261689e-02, 3.677595790827636324e-01
3.566594591437795558e-01, 1.904841378387345796e-01, 8.507376321816020881e-02, 3.677826397993255725e-01
3.567035185894525950e-01, 1.904175035781997261e-01, 8.507330033793843171e-02, 3.678056774944093998e-01
3.567475622816883574e-01, 1.903509028247651891e-01, 8.507284272460277630e-02, 3.678286921689437605e-01
3.567915902168197206e-01, 1.902843355800554748e-01, 8.507239037925824754e-02, 3.678516838238665709e-01
3.568356023911881114e-01, 1.902178018456783803e-01, 8.507194330300911489e-02, 3.678746524601244627e-01
3.568795988011431164e-01, 1.901513016232255215e-01, 8.507150149695899555e-02, 3.678975980786723388e-01
3.569235794430426489e-01, 1.900848349142719995e-01, 8.507106496221082670e-02, 3.679205206804744277e-01
3.569675443132529491e-01, 1.900184017203766507e-01, 8.507063369986696266e-02, 3.679434202665035070e-01
3.570114934081485836e-01, 1.899520020430817691e-01, 8.507020771102892509e-02, 3.679662968377406806e-01
3.570554267241121127e-01, 1.898856358839135783e-01, 8.506978699679769440e-02, 3.679891503951766007e-01
3.570993442575348675e-01, 1.898193032443817319e-01, 8.506937155827359875e-02, 3.680119809398097463e-01
3.571432460048161173e-01, 1.897530041259797573e-01, 8.506896139655618916e-02, 3.680347884726479224e-01
3.571871319623634577e-01, 1.896867385301848619e-01, 8.506855651274436436e-02, 3.680575729947073715e-01
3.572310021265927560e-01, 1.896205064584577660e-01, 8.506815690793645413e-02, 3.680803345070129962e-01
3.572748564939283167e-01, 1.895543079122431473e-01, 8.506776258323001105e-02, 3.681030730105985249e-01
3.573186950608024937e-01, 1.894881428929693634e-01, 8.506737353972190774e-02, 3.681257885065063462e-01
3.573625178236559674e-01, 1.894220114020483403e-01, 8.506698977850833676e-02, 3.681484809957873416e-01
3.574063247789377451e-01, 1.893559134408762112e-01, 8.506661130068492171e-02, 3.681711504795011636e-01
3.574501159231049385e-01, 1.892898490108322618e-01, 8.506623810734643965e-02, 3.681937969587163462e-01
3.574938912526230417e-01, 1.892238181132802066e-01, 8.506587019958711249e-02, 3.682164204345095837e-01
3.575376507639657087e-01, 1.891578207495671626e-01, 8.506550757850041278e-02, 3.682390209079666188e-01
3.575813944536149203e-01, 1.890918569210241207e-01, 8.506515024517913304e-02, 3.682615983801817983e-01
3.576251223180607619e-01, 1.890259266289660289e-01, 8.506479820071541353e-02, 3.682841528522577956e-01
3.576688343538017567e-01, 1.889600298746916263e-01, 8.506445144620063126e-02, 3.683066843253060552e-01
3.577125305573442549e-01, 1.888941666594833868e-01, 8.506410998272555257e-02, 3.683291928004467364e-01
3.577562109252032663e-01, 1.888283369846079085e-01, 8.506377381138019445e-02, 3.683516782788086585e-01
3.577998754539017945e-01, 1.887625408513154690e-01, 8.506344293325393546e-02, 3.683741407615288010e-01
3.578435241399711142e-01, 1.886967782608403588e-01, 8.506311734943539093e-02, 3.683965802497531916e-01
3.578871569799506602e-01, 1.886310492144005480e-01, 8.506279706101251004e-02, 3.684189967446362401e-01
3.579307739703879720e-01, 1.885653537131983526e-01, 8.506248206907260356e-02, 3.684413902473409608e-01
3.579743751078391933e-01, 1.884996917584196019e-01, 8.506217237470219128e-02, 3.684637607590388608e-01
3.580179603888681839e-01, 1.884340633512343599e-01, 8.506186797898714069e-02, 3.684861082809102184e-01
3.580615298100472965e-01, 1.883684684927965647e-01, 8.506156888301262542e-02, 3.685084328141435273e-01
3.581050833679568779e-01, 1.883029071842440560e-01, 8.506127508786306968e-02, 3.685307343599359964e-01
3.581486210591854902e-01, 1.882373794266987976e-01, 8.506098659462223155e-02, 3.685530129194935500e-01
3.581921428803299112e-01, 1.881718852212665716e-01, 8.506070340437314747e-02, 3.685752684940302726e-01
3.582356488279952456e-01, 1.881064245690374781e-01, 8.506042551819816000e-02, 3.685975010847690747e-01
3.582791388987947023e-01, 1.880409974710853249e-01, 8.506015293717890391e-02, 3.686197106929410827e-01
3.583226130893493178e-01, 1.879756039284681546e-01, 8.505988566239627846e-02, 3.686418973197863602e-01
3.583660713962886768e-01, 1.879102439422279669e-01, 8.505962369493050290e-02, 3.686640609665528534e-01
3.584095138162502470e-01, 1.878449175133909410e-01, 8.505936703586100545e-02, 3.686862016344977233e-01
3.584529403458801555e-01, 1.877796246429673244e-01, 8.505911568626667307e-02, 3.687083193248859581e-01
3.584963509818319127e-01, 1.877143653319513494e-01, 8.505886964722550458e-02, 3.687304140389913165e-01
3.585397457207677996e-01, 1.876491395813213725e-01, 8.505862891981480489e-02, 3.687524857780960508e-01
3.585831245593578132e-01, 1.875839473920400402e-01, 8.505839350511125441e-02, 3.687745345434909061e-01
3.586264874942804992e-01, 1.875187887650539564e-01, 8.505816340419074251e-02, 3.687965603364747880e-01
3.586698345222222306e-01, 1.874536637012939599e-01, 8.505793861812846468e-02, 3.688185631583554835e-01
3.587131656398774848e-01, 1.873885722016750410e-01, 8.505771914799882538e-02, 3.688405430104486626e-01
3.587564808439490105e-01, 1.873235142670963416e-01, 8.505750499487560456e-02, 3.688624998940790434e-01
3.587997801311476609e-01, 1.872584898984412105e-01, 8.505729615983183278e-02, 3.688844338105793930e-01
3.588430634981923384e-01, 1.871934990965772871e-01, 8.505709264393973568e-02, 3.689063447612907498e-01
3.588863309418100500e-01, 1.871285418623561680e-01, 8.505689444827091439e-02, 3.689282327475628676e-01
3.589295824587360184e-01, 1.870636181966139622e-01, 8.505670157389612351e-02, 3.689500977707539375e-01
3.589728180457134599e-01, 1.869987281001708745e-01, 8.505651402188553478e-02, 3.689719398322302002e-01
3.590160376994934732e-01, 1.869338715738314838e-01, 8.505633179330845950e-02, 3.689937589333665557e-01
3.590592414168358171e-01, 1.868690486183844646e-01, 8.505615488923351508e-02, 3.690155550755462310e-01
3.591024291945077995e-01, 1.868042592346028929e-01, 8.505598331072862506e-02, 3.690373282601607241e-01
3.591456010292849998e-01, 1.867395034232441076e-01, 8.505581705886092192e-02, 3.690590784886099152e-01
3.591887569179512685e-01, 1.866747811850497651e-01, 8.505565613469678876e-02, 3.690808057623021776e-01
3.592318968572981164e-01, 1.866100925207458405e-01, 8.505550053930197030e-02, 3.691025100826542116e-01
3.592750208441253812e-01, 1.865454374310426544e-01, 8.505535027374130919e-02, 3.691241914510907107e-01
3.593181288752409497e-01, 1.864808159166348456e-01, 8.505520533907905134e-02, 3.691458498690451395e-01
3.593612209474609798e-01, 1.864162279782014542e-01, 8.505506573637861001e-02, 3.691674853379590115e-01
3.594042970576090679e-01, 1.863516736164058663e-01, 8.505493146670271842e-02, 3.691890978592823336e-01
3.594473572025175256e-01, 1.862871528318958692e-01, 8.505480253111329103e-02, 3.692106874344733281e-01
3.594904013790263253e-01, 1.862226656253037349e-01, 8.505467893067152063e-02, 3.692322540649984330e-01
3.595334295839835992e-01, 1.861582119972459703e-01, 8.505456066643790614e-02, 3.692537977523325798e-01
3.595764418142455288e-01, 1.860937919483235392e-01, 8.505444773947208603e-02, 3.692753184979588044e-01
3.596194380666762336e-01, 1.860294054791220841e-01, 8.505434015083306043e-02, 3.692968163033684692e-01
3.596624183381481044e-01, 1.859650525902114826e-01, 8.505423790157901065e-02, 3.693182911700614302e-01
3.597053826255411368e-01, 1.859007332821460690e-01, 8.505414099276736861e-02, 3.693397430995453701e-01
3.597483309257438755e-01, 1.858364475554647455e-01, 8.505404942545480296e-02, 3.693611720933366316e-01
3.597912632356523588e-01, 1.857721954106909545e-01, 8.505396320069720517e-02, 3.693825781529594954e-01
3.598341795521710074e-01, 1.857079768483325399e-01, 8.505388231954982836e-02, 3.694039612799466243e-01
3.598770798722119579e-01, 1.856437918688818856e-01, 8.505380678306696807e-02, 3.694253214758391746e-01
3.599199641926957849e-01, 1.855796404728159987e-01, 8.505373659230233696e-02, 3.694466587421858517e-01
3.599628325105507232e-01, 1.855155226605963159e-01, 8.505367174830874566e-02, 3.694679730805442430e-01
3.600056848227127793e-01, 1.854514384326688137e-01, 8.505361225213832477e-02, 3.694892644924799296e-01
3.600485211261265639e-01, 1.853873877894643418e-01, 8.505355810484244161e-02, 3.695105329795665972e-01
3.600913414177442373e-01, 1.853233707313979572e-01, 8.505350930747163085e-02, 3.695317785433862023e-01
3.601341456945258424e-01, 1.852593872588694512e-01, 8.505346586107571938e-02, 3.695530011855289176e-01
3.601769339534400260e-01, 1.851954373722633773e-01, 8.505342776670368754e-02, 3.695742009075929646e-01
3.602197061914625409e-01, 1.851315210719486626e-01, 8.505339502540380792e-02, 3.695953777111849470e-01
3.602624624055777991e-01, 1.850676383582791351e-01, 8.505336763822363144e-02, 3.696165315979194066e-01
3.603052025927778734e-01, 1.850037892315931076e-01, 8.505334560620975148e-02, 3.696376625694192675e-01
3.603479267500628302e-01, 1.849399736922136273e-01, 8.505332893040815079e-02, 3.696587706273154472e-01
3.603906348744406185e-01, 1.848761917404483646e-01, 8.505331761186399331e-02, 3.696798557732469681e-01
3.604333269629274583e-01, 1.848124433765896690e-01, 8.505331165162155482e-02, 3.697009180088612346e-01
3.604760030125470638e-01, 1.847487286009148189e-01, 8.505331105072456988e-02, 3.697219573358136446e-01
3.605186630203313092e-01, 1.846850474136854658e-01, 8.505331581021571830e-02, 3.697429737557675344e-01
3.605613069833200068e-01, 1.846213998151483571e-01, 8.505332593113705542e-02, 3.697639672703945668e-01
3.606039348985611293e-01, 1.845577858055347242e-01, 8.505334141452983165e-02, 3.697849378813743981e-01
3.606465467631099764e-01, 1.844942053850606167e-01, 8.505336226143446476e-02, 3.698058855903950670e-01
3.606891425740302859e-01, 1.844306585539269294e-01, 8.505338847289060922e-02, 3.698268103991522171e-01
3.607317223283936225e-01, 1.843671453123192916e-01, 8.505342004993712846e-02, 3.698477123093499297e-01
3.607742860232793225e-01, 1.843036656604081780e-01, 8.505345699361210876e-02, 3.698685913227004463e-01
3.608168336557747158e-01, 1.842402195983487978e-01, 8.505349930495284538e-02, 3.698894474409236688e-01
3.608593652229750703e-01, 1.841768071262813167e-01, 8.505354698499575927e-02, 3.699102806657478260e-01
3.609018807219834812e-01, 1.841134282443306347e-01, 8.505360003477660524e-02, 3.699310909989094176e-01
3.609443801499108706e-01, 1.840500829526065252e-01, 8.505365845533020830e-02, 3.699518784421523820e-01
3.609868635038764317e-01, 1.839867712512035514e-01, 8.505372224769068568e-02, 3.699726429972293174e-01
3.610293307810066854e-01, 1.839234931402014550e-01, 8.505379141289134970e-02, 3.699933846659004821e-01
3.610717819784363680e-01, 1.838602486196645736e-01, 8.505386595196468003e-02, 3.700141034499343506e-01
3.611142170933081541e-01, 1.837970376896422009e-01, 8.505394586594235140e-02, 3.700347993511071687e-01
3.611566361227724342e-01, 1.837338603501686429e-01, 8.505403115585520590e-02, 3.700554723712036198e-01
3.611990390639874815e-01, 1.836707166012630787e-01, 8.505412182273339172e-02, 3.700761225120160480e-01
3.612414259141193962e-01, 1.836076064429297272e-01, 8.505421786760607172e-02, 3.700967497753447355e-01
3.612837966703423831e-01, 1.835445298751576526e-01, 8.505431929150179815e-02, 3.701173541629982910e-01
3.613261513298381966e-01, 1.834814868979209035e-01, 8.505442609544815180e-02, 3.701379356767928730e-01
3.613684898897965847e-01, 1.834184775111785404e-01, 8.505453828047195020e-02, 3.701584943185530219e-01
3.614108123474150669e-01, 1.833555017148746913e-01, 8.505465584759926145e-02, 3.701790300901110498e-01
3.614531186998992673e-01, 1.832925595089384685e-01, 8.505477879785526552e-02, 3.701995429933071513e-01
3.614954089444620822e-01, 1.832296508932838852e-01, 8.505490713226429578e-02, 3.702200330299896258e-01
3.615376830783250672e-01, 1.831667758678102720e-01, 8.505504085184999175e-02, 3.702405002020146552e-01
3.615799410987167728e-01, 1.831039344324016938e-01, 8.505517995763507699e-02, 3.702609445112465258e-01
3.616221830028740758e-01, 1.830411265869275050e-01, 8.505532445064142855e-02, 3.702813659595569629e-01
3.616644087880415692e-01, 1.829783523312420446e-01, 8.505547433189021567e-02, 3.703017645488262399e-01
3.617066184514714511e-01, 1.829156116651848019e-01, 8.505562960240167780e-02, 3.703221402809420137e-01
3.617488119904242461e-01, 1.828529045885803894e-01, 8.505579026319524949e-02, 3.703424931578001567e-01
3.617909894021675843e-01, 1.827902311012384040e-01, 8.505595631528956035e-02, 3.703628231813043681e-01
3.618331506839775891e-01, 1.827275912029537319e-01, 8.505612775970246286e-02, 3.703831303533662300e-01
3.618752958331376002e-01, 1.826649848935063825e-01, 8.505630459745082417e-02, 3.704034146759053181e-01
3.619174248469390065e-01, 1.826024121726614047e-01, 8.505648682955081752e-02, 3.704236761508487574e-01
3.619595377226811905e-01, 1.825398730401691927e-01, 8.505667445701775575e-02, 3.704439147801318333e-01
3.620016344576708622e-01, 1.824773674957652914e-01, 8.505686748086607740e-02, 3.704641305656977135e-01
3.620437150492229472e-01, 1.824148955391703131e-01, 8.505706590210944384e-02, 3.704843235094972820e-01
3.620857794946598651e-01, 1.823524571700902153e-01, 8.505726972176061440e-02, 3.705044936134893052e-01
3.621278277913118626e-01, 1.822900523882161339e-01, 8.505747894083155736e-02, 3.705246408796404878e-01
3.621698599365170135e-01, 1.822276811932245777e-01, 8.505769356033335282e-02, 3.705447653099250838e-01
3.622118759276211075e-01, 1.821653435847770397e-01, 8.505791358127627599e-02, 3.705648669063256184e-01
3.622538757619778171e-01, 1.821030395625204967e-01, 8.505813900466975552e-02, 3.705849456708319445e-01
3.622958594369482532e-01, 1.820407691260872429e-01, 8.505836983152242903e-02, 3.706050016054421858e-01
3.623378269499016313e-01, 1.819785322750945844e-01, 8.505860606284189329e-02, 3.706250347121618494e-01
3.623797782982146054e-01, 1.819163290091455054e-01, 8.505884769963514835e-02, 3.706450449930047131e-01
3.624217134792719341e-01, 1.818541593278281132e-01, 8.505909474290818117e-02, 3.706650324499918825e-01
3.624636324904656481e-01, 1.817920232307158046e-01, 8.505934719366618768e-02, 3.706849970851524567e-01
3.625055353291958826e-01, 1.817299207173673492e-01, 8.505960505291346174e-02, 3.707049389005232509e-01
3.625474219928702113e-01, 1.816678517873271115e-01, 8.505986832165352007e-02, 3.707248578981490184e-01
3.625892924789043681e-01, 1.816058164401245512e-01, 8.506013700088894958e-02, 3.707447540800821173e-01
3.626311467847213033e-01, 1.815438146752744730e-01, 8.506041109162153224e-02, 3.707646274483825666e-01
3.626729849077520718e-01, 1.814818464922774433e-01, 8.506069059485218964e-02, 3.707844780051183786e-01
3.627148068454347785e-01, 1.814199118906191233e-01, 8.506097551158087189e-02, 3.708043057523651709e-01
3.627566125952162990e-01, 1.813580108697706861e-01, 8.506126584280687686e-02, 3.708241106922061658e-01
3.627984021545501703e-01, 1.812961434291888163e-01, 8.506156158952847546e-02, 3.708438928267325241e-01
3.628401755208982560e-01, 1.812343095683155991e-01, 8.506186275274306430e-02, 3.708636521580429557e-01
3.628819326917300248e-01, 1.811725092865785203e-01, 8.506216933344730446e-02, 3.708833886882442199e-01
3.629236736645222727e-01, 1.811107425833907159e-01, 8.506248133263687172e-02, 3.709031024194501258e-01
3.629653984367599007e-01, 1.810490094581506670e-01, 8.506279875130666468e-02, 3.709227933537828092e-01
3.630071070059350813e-01, 1.809873099102424221e-01, 8.506312159045059662e-02, 3.709424614933718445e-01
3.630487993695480919e-01, 1.809256439390356241e-01, 8.506344985106180367e-02, 3.709621068403544664e-01
3.630904755251067595e-01, 1.808640115438852336e-01, 8.506378353413251991e-02, 3.709817293968755147e-01
3.631321354701260162e-01, 1.808024127241320833e-01, 8.506412264065410511e-02, 3.710013291650878231e-01
3.631737792021293432e-01, 1.807408474791022956e-01, 8.506446717161701698e-02, 3.710209061471514413e-01
3.632154067186473267e-01, 1.806793158081076156e-01, 8.506481712801083894e-02, 3.710404603452342465e-01
3.632570180172182139e-01, 1.806178177104455218e-01, 8.506517251082433562e-02, 3.710599917615119980e-01
3.632986130953879678e-01, 1.805563531853990877e-01, 8.506553332104534182e-02, 3.710795003981676721e-01
3.633401919507103228e-01, 1.804949222322366209e-01, 8.506589955966077643e-02, 3.710989862573921827e-01
3.633817545807465632e-01, 1.804335248502126066e-01, 8.506627122765673954e-02, 3.711184493413841046e-01
3.634233009830655781e-01, 1.803721610385669305e-01, 8.506664832601840143e-02, 3.711378896523491733e-01
3.634648311552437505e-01, 1.803108307965249069e-01, 8.506703085573008583e-02, 3.711573071925012290e-01
3.635063450948654018e-01, 1.802495341232979442e-01, 8.506741881777514502e-02, 3.711767019640614396e-01
3.635478427995220141e-01, 1.801882710180828517e-01, 8.506781221313615415e-02, 3.711960739692590217e-01
3.635893242668131742e-01, 1.801270414800622277e-01, 8.506821104279470303e-02, 3.712154232103299090e-01
3.636307894943457408e-01, 1.800658455084042930e-01, 8.506861530773150715e-02, 3.712347496895184729e-01
3.636722384797342889e-01, 1.800046831022631966e-01, 8.506902500892643548e-02, 3.712540534090761346e-01
3.637136712206009426e-01, 1.799435542607785987e-01, 8.506944014735842718e-02, 3.712733343712619760e-01
3.637550877145756534e-01, 1.798824589830759768e-01, 8.506986072400551935e-02, 3.712925925783429060e-01
3.637964879592954781e-01, 1.798213972682667083e-01, 8.507028673984483313e-02, 3.713118280325930498e-01
3.638378719524054672e-01, 1.797603691154476824e-01, 8.507071819585264316e-02, 3.713310407362941934e-01
3.638792396915582761e-01, 1.796993745237017714e-01, 8.507115509300419709e-02, 3.713502306917357831e-01
3.639205911744136102e-01, 1.796384134920977205e-01, 8.507159743227403481e-02, 3.713693979012145374e-01
3.639619263986395015e-01, 1.795774860196898415e-01, 8.507204521463557212e-02, 3.713885423670349462e-01
3.640032453619111430e-01, 1.795165921055185132e-01, 8.507249844106155867e-02, 3.714076640915088823e-01
3.640445480619109442e-01, 1.794557317486097092e-01, 8.507295711252359227e-02, 3.714267630769556017e-01
3.640858344963295856e-01, 1.793949049479756086e-01, 8.507342122999250744e-02, 3.714458393257022983e-01
3.641271046628646868e-01, 1.793341117026139575e-01, 8.507389079443819502e-02, 3.714648928400832162e-01
3.641683585592219718e-01, 1.792733520115084023e-01, 8.507436580682961602e-02, 3.714839236224400931e-01
3.642095961831140483e-01, 1.792126258736286837e-01, 8.507484626813481554e-02, 3.715029316751223831e-01
3.642508175322616837e-01, 1.791519332879302484e-01, 8.507533217932092273e-02, 3.715219170004870342e-01
3.642920226043929732e-01, 1.790912742533546653e-01, 8.507582354135423408e-02, 3.715408796008981551e-01
3.643332113972433395e-01, 1.790306487688292369e-01, 8.507632035519993585e-02, 3.715598194787275710e-01
3.643743839085556990e-01, 1.789700568332673325e-01, 8.507682262182249266e-02, 3.715787366363544342e-01
3.644155401360809621e-01, 1.789094984455682769e-01, 8.507733034218530055e-02, 3.715976310761653911e-01
3.644566800775772553e-01, 1.788489736046173229e-01, 8.507784351725092287e-02, 3.716165028005544713e-01
3.644978037308099772e-01, 1.787884823092857622e-01, 8.507836214798097929e-02, 3.716353518119233090e-01
3.645389110935524646e-01, 1.787280245584308980e-01, 8.507888623533610417e-02, 3.716541781126806443e-01
3.645800021635852151e-01, 1.786676003508959609e-01, 8.507941578027604368e-02, 3.716729817052429330e-01
3.646210769386963868e-01, 1.786072096855101932e-01, 8.507995078375958642e-02, 3.716917625920337365e-01
3.646621354166817430e-01, 1.785468525610891255e-01, 8.508049124674471608e-02, 3.717105207754844431e-01
3.647031775953441524e-01, 1.784865289764341056e-01, 8.508103717018829226e-02, 3.717292562580332693e-01
3.647442034724945881e-01, 1.784262389303326590e-01, 8.508158855504635576e-02, 3.717479690421263694e-01
3.647852130459506848e-01, 1.783659824215582668e-01, 8.508214540227401756e-02, 3.717666591302169476e-01
3.648262063135384037e-01, 1.783057594488706987e-01, 8.508270771282533396e-02, 3.717853265247656469e-01
3.648671832730904230e-01, 1.782455700110156527e-01, 8.508327548765355630e-02, 3.718039712282403819e-01
3.649081439224473589e-01, 1.781854141067249764e-01, 8.508384872771089513e-02, 3.718225932431166170e-01
3.649490882594572105e-01, 1.781252917347168618e-01, 8.508442743394872831e-02, 3.718411925718771993e-01
3.649900162819752492e-01, 1.780652028936954012e-01, 8.508501160731735125e-02, 3.718597692170119151e-01
3.650309279878645174e-01, 1.780051475823508644e-01, 8.508560124876621278e-02, 3.718783231810183221e-01
3.650718233749950525e-01, 1.779451257993599766e-01, 8.508619635924381808e-02, 3.718968544664011944e-01
3.651127024412447741e-01, 1.778851375433852522e-01, 8.508679693969758984e-02, 3.719153630756724671e-01
3.651535651844986519e-01, 1.778251828130756607e-01, 8.508740299107417360e-02, 3.719338490113515694e-01
3.651944116026494824e-01, 1.777652616070663216e-01, 8.508801451431914631e-02, 3.719523122759650358e-01
3.652352416935972235e-01, 1.777053739239786434e-01, 8.508863151037722450e-02, 3.719707528720468948e-01
3.652760554552493266e-01, 1.776455197624201288e-01, 8.508925398019202835e-02, 3.719891708021384469e-01
3.653168528855206820e-01, 1.775856991209847358e-01, 8.508988192470637313e-02, 3.720075660687882091e-01
3.653576339823335073e-01, 1.775259119982525169e-01, 8.509051534486203328e-02, 3.720259386745518593e-01
3.653983987436176251e-01, 1.774661583927898689e-01, 8.509115424159977015e-02, 3.720442886219926248e-01
3.654391471673099634e-01, 1.774064383031496162e-01, 8.509179861585955407e-02, 3.720626159136808941e-01
3.654798792513549999e-01, 1.773467517278705663e-01, 8.509244846858018962e-02, 3.720809205521941609e-01
3.655205949937048171e-01, 1.772870986654781489e-01, 8.509310380069967650e-02, 3.720992025401173575e-01
3.655612943923185476e-01, 1.772274791144840822e-01, 8.509376461315491802e-02, 3.721174618800425216e-01
3.656019774451628734e-01, 1.771678930733862345e-01, 8.509443090688195710e-02, 3.721356985745690182e-01
3.656426441502118596e-01, 1.771083405406690681e-01, 8.509510268281579581e-02, 3.721539126263032626e-01
3.656832945054468986e-01, 1.770488215148033062e-01, 8.509577994189047867e-02, 3.721721040378591638e-01
3.657239285088569325e-01, 1.769893359942461553e-01, 8.509646268503913424e-02, 3.721902728118579029e-01
3.657645461584378421e-01, 1.769298839774410548e-01, 8.509715091319380864e-02, 3.722084189509272667e-01
3.658051474521933910e-01, 1.768704654628180106e-01, 8.509784462728564591e-02, 3.722265424577028692e-01
3.658457323881344481e-01, 1.768110804487933174e-01, 8.509854382824484642e-02, 3.722446433348274297e-01
3.658863009642790431e-01, 1.767517289337699748e-01, 8.509924851700051418e-02, 3.722627215849504956e-01
3.659268531786529222e-01, 1.766924109161371048e-01, 8.509995869448083727e-02, 3.722807772107291080e-01
3.659673890292891030e-01, 1.766331263942704510e-01, 8.510067436161304621e-02, 3.722988102148273026e-01
3.660079085142276534e-01, 1.765738753665322958e-01, 8.510139551932335844e-02, 3.723168205999166647e-01
3.660484116315163017e-01, 1.765146578312712378e-01, 8.510212216853700606e-02, 3.723348083686754406e-01
3.660888983792099372e-01, 1.764554737868227197e-01, 8.510285431017822200e-02, 3.723527735237892045e-01
3.661293687553708320e-01, 1.763963232315082785e-01, 8.510359194517023995e-02, 3.723707160679506356e-01
3.661698227580684750e-01, 1.763372061636362953e-01, 8.510433507443536383e-02, 3.723886360038597965e-01
3.662102603853800709e-01, 1.762781225815015229e-01, 8.510508369889482894e-02, 3.724065333342236328e-01
3.662506816353894301e-01, 1.762190724833853916e-01, 8.510583781946891302e-02, 3.724244080617563069e-01
3.662910865061883015e-01, 1.761600558675558703e-01, 8.510659743707693625e-02, 3.724422601891789197e-01
3.663314749958754835e-01, 1.761010727322674663e-01, 8.510736255263708083e-02, 3.724600897192200111e-01
3.663718471025570467e-01, 1.760421230757613364e-01, 8.510813316706673792e-02, 3.724778966546148928e-01
3.664122028243463336e-01, 1.759832068962651763e-01, 8.510890928128210520e-02, 3.724956809981063155e-01
3.664525421593643473e-01, 1.759243241919934697e-01, 8.510969089619850603e-02, 3.725134427524436909e-01
3.664928651057387521e-01, 1.758654749611471835e-01, 8.511047801273018132e-02, 3.725311819203838692e-01
3.665331716616049285e-01, 1.758066592019139895e-01, 8.511127063179041441e-02, 3.725488985046906953e-01
3.665734618251054178e-01, 1.757478769124682649e-01, 8.511206875429148944e-02, 3.725665925081348417e-01
3.666137355943899778e-01, 1.756891280909710085e-01, 8.511287238114459419e-02, 3.725842639334944750e-01
3.666539929676157494e-01, 1.756304127355698408e-01, 8.511368151325997278e-02, 3.726019127835543676e-01
3.666942339429470898e-01, 1.755717308443993374e-01, 8.511449615154688397e-02, 3.726195390611066749e-01
3.667344585185556283e-01, 1.755130824155805014e-01, 8.511531629691353185e-02, 3.726371427689503246e-01
3.667746666926200994e-01, 1.754544674472212074e-01, 8.511614195026710739e-02, 3.726547239098915165e-01
3.668148584633265652e-01, 1.753958859374162016e-01, 8.511697311251376075e-02, 3.726722824867433892e-01
3.668550338288685819e-01, 1.753373378842467412e-01, 8.511780978455867064e-02, 3.726898185023260202e-01
3.668951927874465335e-01, 1.752788232857808715e-01, 8.511865196730598881e-02, 3.727073319594665923e-01
3.669353353372682425e-01, 1.752203421400737593e-01, 8.511949966165882620e-02, 3.727248228609991720e-01
3.669754614765487477e-01, 1.751618944451669158e-01, 8.512035286851921123e-02, 3.727422912097649865e-01
3.670155712035104711e-01, 1.751034801990888901e-01, 8.512121158878828420e-02, 3.727597370086123130e-01
3.670556645163827181e-01, 1.750450993998552418e-01, 8.512207582336608902e-02, 3.727771602603959233e-01
3.670957414134021213e-01, 1.749867520454678749e-01, 8.512294557315155941e-02, 3.727945609679783612e-01
3.671358018928129741e-01, 1.749284381339160366e-01, 8.512382083904269925e-02, 3.728119391342283317e-01
3.671758459528659535e-01, 1.748701576631755683e-01, 8.512470162193648548e-02, 3.728292947620219233e-01
3.672158735918196193e-01, 1.748119106312092386e-01, 8.512558792272881258e-02, 3.728466278542423851e-01
3.672558848079393590e-01, 1.747536970359667430e-01, 8.512647974231457582e-02, 3.728639384137793500e-01
3.672958795994979431e-01, 1.746955168753846488e-01, 8.512737708158750471e-02, 3.728812264435298895e-01
3.673358579647753586e-01, 1.746373701473864504e-01, 8.512827994144052390e-02, 3.728984919463976810e-01
3.673758199020584758e-01, 1.745792568498825970e-01, 8.512918832276535064e-02, 3.729157349252936737e-01
3.674157654096416592e-01, 1.745211769807703539e-01, 8.513010222645270297e-02, 3.729329553831353672e-01
3.674556944858263785e-01, 1.744631305379341635e-01, 8.513102165339224425e-02, 3.729501533228471999e-01
3.674956071289212090e-01, 1.744051175192452285e-01, 8.513194660447258311e-02, 3.729673287473611043e-01
3.675355033372417757e-01, 1.743471379225618179e-01, 8.513287708058131509e-02, 3.729844816596150636e-01
3.675753831091111978e-01, 1.742891917457292106e-01, 8.513381308260498104e-02, 3.730016120625545550e-01
3.676152464428594779e-01, 1.742312789865797518e-01, 8.513475461142905321e-02, 3.730187199591317171e-01
3.676550933368236684e-01, 1.741733996429326858e-01, 8.513570166793797689e-02, 3.730358053523057382e-01
3.676949237893484268e-01, 1.741155537125942399e-01, 8.513665425301507328e-02, 3.730528682450423017e-01
3.677347377987851273e-01, 1.740577411933579566e-01, 8.513761236754269213e-02, 3.730699086403143072e-01
3.677745353634924164e-01, 1.739999620830040838e-01, 8.513857601240205908e-02, 3.730869265411014823e-01
3.678143164818361011e-01, 1.739422163793002962e-01, 8.513954518847346997e-02, 3.731039219503901605e-01
3.678540811521889831e-01, 1.738845040800011121e-01, 8.514051989663595776e-02, 3.731208948711738360e-01
3.678938293729313580e-01, 1.738268251828482269e-01, 8.514150013776768111e-02, 3.731378453064528311e-01
3.679335611424500718e-01, 1.737691796855704296e-01, 8.514248591274556355e-02, 3.731547732592339073e-01
3.679732764591396310e-01, 1.737115675858837138e-01, 8.514347722244562655e-02, 3.731716787325309870e-01
3.680129753214012034e-01, 1.736539888814911670e-01, 8.514447406774273974e-02, 3.731885617293648205e-01
3.680526577276435063e-01, 1.735964435700828867e-01, 8.514547644951069028e-02, 3.732054222527629306e-01
3.680923236762819184e-01, 1.735389316493363143e-01, 8.514648436862225223e-02, 3.732222603057595012e-01
3.681319731657390903e-01, 1.734814531169160678e-01, 8.514749782594906169e-02, 3.732390758913956552e-01
3.681716061944451668e-01, 1.734240079704739146e-01, 8.514851682236171393e-02, 3.732558690127192325e-01
3.682112227608365096e-01, 1.733665962076486877e-01, 8.514954135872972174e-02, 3.732726396727851781e-01
3.682508228633571967e-01, 1.733092178260666749e-01, 8.515057143592157096e-02, 3.732893878746544880e-01
3.682904065004583560e-01, 1.732518728233413130e-01, 8.515160705480459558e-02, 3.733061136213955966e-01
3.683299736705980543e-01, 1.731945611970731602e-01, 8.515264821624507485e-02, 3.733228169160836551e-01
3.683695243722414081e-01, 1.731372829448502015e-01, 8.515369492110817784e-02, 3.733394977618002541e-01
3.684090586038605286e-01, 1.730800380642475989e-01, 8.515474717025807438e-02, 3.733561561616337565e-01
3.684485763639348543e-01, 1.730228265528277465e-01, 8.515580496455775472e-02, 3.733727921186795751e-01
3.684880776509505962e-01, 1.729656484081404655e-01, 8.515686830486916825e-02, 3.733894056360396729e-01
3.685275624634011815e-01, 1.729085036277228926e-01, 8.515793719205318191e-02, 3.734059967168228411e-01
3.685670307997869211e-01, 1.728513922090992583e-01, 8.515901162696951077e-02, 3.734225653641443654e-01
3.686064826586154530e-01, 1.727943141497813584e-01, 8.516009161047685683e-02, 3.734391115811263040e-01
3.686459180384011325e-01, 1.727372694472683323e-01, 8.516117714343279799e-02, 3.734556353708977650e-01
3.686853369376655865e-01, 1.726802580990465241e-01, 8.516226822669376029e-02, 3.734721367365941291e-01
3.687247393549372143e-01, 1.726232801025897601e-01, 8.516336486111515669e-02, 3.734886156813577718e-01
3.687641252887517984e-01, 1.725663354553591822e-01, 8.516446704755128994e-02, 3.735050722083377295e-01
3.688034947376516715e-01, 1.725094241548034979e-01, 8.516557478685531091e-02, 3.735215063206895336e-01
3.688428477001866601e-01, 1.724525461983586472e-01, 8.516668807987931578e-02, 3.735379180215753769e-01
3.688821841749133079e-01, 1.723957015834480244e-01, 8.516780692747422110e-02, 3.735543073141644466e-01
3.689215041603951528e-01, 1.723388903074825895e-01, 8.516893133048990261e-02, 3.735706742016323134e-01
3.689608076552029492e-01, 1.722821123678606181e-01, 8.517006128977515356e-02, 3.735870186871613763e-01
3.690000946579140573e-01, 1.722253677619678958e-01, 8.517119680617760147e-02, 3.736033407739403622e-01
3.690393651671133313e-01, 1.721686564871776071e-01, 8.517233788054376364e-02, 3.736196404651652703e-01
3.690786191813923423e-01, 1.721119785408506686e-01, 8.517348451371908880e-02, 3.736359177640379836e-01
3.691178566993494337e-01, 1.720553339203352294e-01, 8.517463670654784602e-02, 3.736521726737675464e-01
3.691570777195902764e-01, 1.719987226229670874e-01, 8.517579445987323583e-02, 3.736684051975694421e-01
3.691962822407273692e-01, 1.719421446460694947e-01, 8.517695777453730688e-02, 3.736846153386658154e-01
3.692354702613801498e-01, 1.718855999869534634e-01, 8.517812665138105310e-02, 3.737008031002853614e-01
3.692746417801751058e-01, 1.718290886429172382e-01, 8.517930109124430271e-02, 3.737169684856633811e-01
3.693137967957456080e-01, 1.717726106112468232e-01, 8.518048109496566267e-02, 3.737331114980418922e-01
3.693529353067320220e-01, 1.717161658892157883e-01, 8.518166666338281012e-02, 3.737492321406693518e-01
3.693920573117815409e-01, 1.716597544740853243e-01, 8.518285779733215934e-02, 3.737653304168009338e-01
3.694311628095485189e-01, 1.716033763631040765e-01, 8.518405449764901438e-02, 3.737814063296983069e-01
3.694702517986941381e-01, 1.715470315535085333e-01, 8.518525676516759682e-02, 3.737974598826297457e-01
3.695093242778864639e-01, 1.714907200425226930e-01, 8.518646460072096249e-02, 3.738134910788699639e-01
3.695483802458005007e-01, 1.714344418273581472e-01, 8.518767800514101540e-02, 3.738294999217003922e-01
3.695874197011181361e-01, 1.713781969052142751e-01, 8.518889697925852156e-02, 3.738454864144090672e-01
3.696264426425284189e-01, 1.713219852732780490e-01, 8.519012152390316450e-02, 3.738614505602904092e-01
3.696654490687271699e-01, 1.712658069287240625e-01, 8.519135163990347592e-02, 3.738773923626453888e-01
3.697044389784168161e-01, 1.712096618687147520e-01, 8.519258732808673851e-02, 3.738933118247816378e-01
3.697434123703073894e-01, 1.711535500904002582e-01, 8.519382858927926350e-02, 3.739092089500130611e-01
3.697823692431151388e-01, 1.710974715909182875e-01, 8.519507542430609925e-02, 3.739250837416606132e-01
3.698213095955634189e-01, 1.710414263673944169e-01, 8.519632783399115616e-02, 3.739409362030509665e-01
3.698602334263828006e-01, 1.709854144169419554e-01, 8.519758581915728990e-02, 3.739567663375180095e-01
3.698991407343102944e-01, 1.709294357366618888e-01, 8.519884938062602386e-02, 3.739725741484019039e-01
3.699380315180899603e-01, 1.708734903236431291e-01, 8.520011851921792390e-02, 3.739883596390489728e-01
3.699769057764730196e-01, 1.708175781749622368e-01, 8.520139323575233459e-02, 3.740041228128125339e-01
3.700157635082168550e-01, 1.707616992876836159e-01, 8.520267353104736541e-02, 3.740198636730520665e-01
3.700546047120866211e-01, 1.707058536588596520e-01, 8.520395940592009887e-02, 3.740355822231337113e-01
3.700934293868535785e-01, 1.706500412855302407e-01, 8.520525086118632685e-02, 3.740512784664298263e-01
3.701322375312964263e-01, 1.705942621647232316e-01, 8.520654789766078652e-02, 3.740669524063194307e-01
3.701710291442002476e-01, 1.705385162934545673e-01, 8.520785051615703543e-02, 3.740826040461880386e-01
3.702098042243572862e-01, 1.704828036687276727e-01, 8.520915871748742376e-02, 3.740982333894274925e-01
3.702485627705664473e-01, 1.704271242875342318e-01, 8.521047250246314986e-02, 3.741138404394361849e-01
3.702873047816337415e-01, 1.703714781468534667e-01, 8.521179187189423243e-02, 3.741294251996185594e-01
3.703260302563715634e-01, 1.703158652436527476e-01, 8.521311682658959386e-02, 3.741449876733862201e-01
3.703647391935995792e-01, 1.702602855748872046e-01, 8.521444736735686587e-02, 3.741605278641562671e-01
3.704034315921441167e-01, 1.702047391375000607e-01, 8.521578349500265326e-02, 3.741760457753530722e-01
3.704421074508383871e-01, 1.701492259284223818e-01, 8.521712521033221466e-02, 3.741915414104070026e-01
3.704807667685223183e-01, 1.700937459445731881e-01, 8.521847251414979563e-02, 3.742070147727548091e-01
3.705194095440425550e-01, 1.700382991828594259e-01, 8.521982540725835109e-02, 3.742224658658396264e-01
3.705580357762528476e-01, 1.699828856401761623e-01, 8.522118389045971187e-02, 3.742378946931113060e-01
3.705966454640134966e-01, 1.699275053134063074e-01, 8.522254796455448755e-02, 3.742533012580256391e-01
3.706352386061919080e-01, 1.698721581994208640e-01, 8.522391763034216361e-02, 3.742686855640449672e-01
3.706738152016619825e-01, 1.698168442950788448e-01, 8.522529288862096264e-02, 3.742840476146382378e-01
3.707123752493045044e-01, 1.697615635972272441e-01, 8.522667374018801090e-02, 3.742993874132802823e-01
3.707509187480069746e-01, 1.697063161027011491e-01, 8.522806018583917176e-02, 3.743147049634527046e-01
3.707894456966639440e-01, 1.696511018083237676e-01, 8.522945222636907348e-02, 3.743300002686432704e-01
3.708279560941764030e-01, 1.695959207109061784e-01, 8.523084986257131734e-02, 3.743452733323461290e-01
3.708664499394523917e-01, 1.695407728072477471e-01, 8.523225309523815851e-02, 3.743605241580616472e-01
3.709049272314064449e-01, 1.694856580941358770e-01, 8.523366192516074191e-02, 3.743757527492969639e-01
3.709433879689603142e-01, 1.694305765683459808e-01, 8.523507635312893571e-02, 3.743909591095647138e-01
3.709818321510418571e-01, 1.693755282266417583e-01, 8.523649637993151174e-02, 3.744061432423849145e-01
3.710202597765862587e-01, 1.693205130657748914e-01, 8.523792200635592342e-02, 3.744213051512829127e-01
3.710586708445352544e-01, 1.692655310824852655e-01, 8.523935323318850010e-02, 3.744364448397910494e-01
3.710970653538371300e-01, 1.692105822735009979e-01, 8.524079006121434987e-02, 3.744515623114474390e-01
3.711354433034473876e-01, 1.691556666355382710e-01, 8.524223249121737345e-02, 3.744666575697970790e-01
3.711738046923276357e-01, 1.691007841653014987e-01, 8.524368052398023643e-02, 3.744817306183906291e-01
3.712121495194468657e-01, 1.690459348594832711e-01, 8.524513416028442481e-02, 3.744967814607853551e-01
3.712504777837803416e-01, 1.689911187147644933e-01, 8.524659340091021720e-02, 3.745118101005450173e-01
3.712887894843102110e-01, 1.689363357278140798e-01, 8.524805824663665710e-02, 3.745268165412391492e-01
3.713270846200253383e-01, 1.688815858952893989e-01, 8.524952869824155288e-02, 3.745418007864437238e-01
3.713653631899213603e-01, 1.688268692138358840e-01, 8.525100475650150555e-02, 3.745567628397413196e-01
3.714036251930003529e-01, 1.687721856800874221e-01, 8.525248642219196427e-02, 3.745717027047202330e-01
3.714418706282714977e-01, 1.687175352906660486e-01, 8.525397369608705977e-02, 3.745866203849753107e-01
3.714800994947505264e-01, 1.686629180421820584e-01, 8.525546657895975711e-02, 3.746015158841076165e-01
3.715183117914596655e-01, 1.686083339312341445e-01, 8.525696507158180004e-02, 3.746163892057243761e-01
3.715565075174281362e-01, 1.685537829544092869e-01, 8.525846917472364173e-02, 3.746312403534390323e-01
3.715946866716915986e-01, 1.684992651082826420e-01, 8.525997888915451406e-02, 3.746460693308711343e-01
3.716328492532923744e-01, 1.684447803894180140e-01, 8.526149421564255260e-02, 3.746608761416470590e-01
3.716709952612798906e-01, 1.683903287943672444e-01, 8.526301515495451899e-02, 3.746756607893983460e-01
3.717091246947098471e-01, 1.683359103196706841e-01, 8.526454170785596753e-02, 3.746904232777635846e-01
3.717472375526446049e-01, 1.682815249618569986e-01, 8.526607387511118963e-02, 3.747051636103870820e-01
3.717853338341534641e-01, 1.682271727174434184e-01, 8.526761165748338034e-02, 3.747198817909198620e-01
3.718234135383119976e-01, 1.681728535829353222e-01, 8.526915505573429144e-02, 3.747345778230184443e-01
3.718614766642029390e-01, 1.681185675548266534e-01, 8.527070407062457835e-02, 3.747492517103460097e-01
3.718995232109150728e-01, 1.680643146295997536e-01, 8.527225870291363363e-02, 3.747639034565716787e-01
3.719375531775443999e-01, 1.680100948037253350e-01, 8.527381895335954531e-02, 3.747785330653707891e-01
3.719755665631931940e-01, 1.679559080736626464e-01, 8.527538482271918019e-02, 3.747931405404249516e-01
3.720135633669706121e-01, 1.679017544358594460e-01, 8.527695631174818380e-02, 3.748077258854217719e-01
3.720515435879922506e-01, 1.678476338867518070e-01, 8.527853342120089719e-02, 3.748222891040551286e-01
3.720895072253803115e-01, 1.677935464227644224e-01, 8.528011615183046790e-02, 3.748368302000248398e-01
3.721274542782638250e-01, 1.677394920403104117e-01, 8.528170450438875283e-02, 3.748513491770368855e-01
3.721653847457783715e-01, 1.676854707357914864e-01, 8.528329847962637378e-02, 3.748658460388038516e-01
3.722032986270658594e-01, 1.676314825055977842e-01, 8.528489807829266189e-02, 3.748803207890436529e-01
3.722411959212753585e-01, 1.675775273461080905e-01, 8.528650330113568545e-02, 3.748947734314808100e-01
3.722790766275621555e-01, 1.675236052536896447e-01, 8.528811414890230536e-02, 3.749092039698459500e-01
3.723169407450881430e-01, 1.674697162246982785e-01, 8.528973062233810576e-02, 3.749236124078755839e-01
3.723547882730217640e-01, 1.674158602554784714e-01, 8.529135272218731079e-02, 3.749379987493123845e-01
3.723926192105385669e-01, 1.673620373423631569e-01, 8.529298044919299271e-02, 3.749523629979052974e-01
3.724304335568199287e-01, 1.673082474816739718e-01, 8.529461380409687765e-02, 3.749667051574091525e-01
3.724682313110543874e-01, 1.672544906697212563e-01, 8.529625278763949825e-02, 3.749810252315849413e-01
3.725060124724368094e-01, 1.672007669028036381e-01, 8.529789740056002711e-02, 3.749953232241994283e-01
3.725437770401687221e-01, 1.671470761772088087e-01, 8.529954764359640174e-02, 3.750095991390260952e-01
3.725815250134581480e-01, 1.670934184892128305e-01, 8.530120351748532448e-02, 3.750238529798437526e-01
3.726192563915197153e-01, 1.670397938350804967e-01, 8.530286502296210993e-02, 3.750380847504378168e-01
3.726569711735746027e-01, 1.669862022110653044e-01, 8.530453216076086531e-02, 3.750522944545992554e-01
3.726946693588504278e-01, 1.669326436134094815e-01, 8.530620493161444884e-02, 3.750664820961255863e-01
3.727323509465817475e-01, 1.668791180383438211e-01, 8.530788333625437259e-02, 3.750806476788200450e-01
3.727700159360093357e-01, 1.668256254820879581e-01, 8.530956737541085799e-02, 3.750947912064919176e-01
3.728076643263804058e-01, 1.667721659408501755e-01, 8.531125704981287750e-02, 3.751089126829565412e-01
3.728452961169490543e-01, 1.667187394108275711e-01, 8.531295236018807127e-02, 3.751230121120353034e-01
3.728829113069757617e-01, 1.666653458882059458e-01, 8.531465330726284435e-02, 3.751370894975555315e-01
3.729205098957273368e-01, 1.666119853691598041e-01, 8.531635989176220014e-02, 3.751511448433506590e-01
3.729580918824774716e-01, 1.665586578498525483e-01, 8.531807211441004568e-02, 3.751651781532599483e-01
3.729956572665061310e-01, 1.665053633264363397e-01, 8.531978997592873371e-02, 3.751791894311288234e-01
3.730332060470998301e-01, 1.664521017950520154e-01, 8.532151347703949285e-02, 3.751931786808085922e-01
3.730707382235518565e-01, 1.663988732518294766e-01, 8.532324261846223334e-02, 3.752071459061565584e-01
3.731082537951614375e-01, 1.663456776928871339e-01, 8.532497740091543603e-02, 3.752210911110359093e-01
3.731457527612349057e-01, 1.662925151143324898e-01, 8.532671782511648539e-02, 3.752350142993161608e-01
3.731832351210846999e-01, 1.662393855122618058e-01, 8.532846389178126711e-02, 3.752489154748722133e-01
3.732207008740300869e-01, 1.661862888827601858e-01, 8.533021560162444563e-02, 3.752627946415852400e-01
3.732581500193963842e-01, 1.661332252219016870e-01, 8.533197295535940863e-02, 3.752766518033425203e-01
3.732955825565157371e-01, 1.660801945257491807e-01, 8.533373595369811437e-02, 3.752904869640371066e-01
3.733329984847266747e-01, 1.660271967903543811e-01, 8.533550459735127214e-02, 3.753043001275676582e-01
3.733703978033742210e-01, 1.659742320117581216e-01, 8.533727888702830056e-02, 3.753180912978393291e-01
3.734077805118097837e-01, 1.659213001859899117e-01, 8.533905882343727212e-02, 3.753318604787630464e-01
3.734451466093914318e-01, 1.658684013090684084e-01, 8.534084440728494092e-02, 3.753456076742552883e-01
3.734824960954835071e-01, 1.658155353770010831e-01, 8.534263563927671492e-02, 3.753593328882387503e-01
3.735198289694567908e-01, 1.657627023857843884e-01, 8.534443252011666980e-02, 3.753730361246420677e-01
3.735571452306885587e-01, 1.657099023314039521e-01, 8.534623505050767389e-02, 3.753867173873997598e-01
3.735944448785627481e-01, 1.656571352098339667e-01, 8.534804323115108282e-02, 3.754003766804520636e-01
3.736317279124696800e-01, 1.656044010170380221e-01, 8.534985706274704487e-02, 3.754140140077452115e-01
3.736689943318057261e-01, 1.655516997489685782e-01, 8.535167654599437603e-02, 3.754276293732312642e-01
3.737062441359740306e-01, 1.654990314015670205e-01, 8.535350168159046291e-02, 3.754412227808683333e-01
3.737434773243842323e-01, 1.654463959707639931e-01, 8.535533247023145698e-02, 3.754547942346203038e-01
3.737806938964521319e-01, 1.653937934524789821e-01, 8.535716891261209416e-02, 3.754683437384567779e-01
3.738178938516002470e-01, 1.653412238426205660e-01, 8.535901100942581976e-02, 3.754818712963532978e-01
3.738550771892573676e-01, 1.652886871370865263e-01, 8.536085876136474682e-02, 3.754953769122915119e-01
3.738922439088585015e-01, 1.652361833317635698e-01, 8.536271216911960058e-02, 3.755088605902583421e-01
3.739293940098454283e-01, 1.651837124225276621e-01, 8.536457123337976016e-02, 3.755223223342471495e-01
3.739665274916661453e-01, 1.651312744052436943e-01, 8.536643595483328628e-02, 3.755357621482569019e-01
3.740036443537750888e-01, 1.650788692757658438e-01, 8.536830633416687963e-02, 3.755491800362921739e-01
3.740407445956329680e-01, 1.650264970299373801e-01, 8.537018237206590865e-02, 3.755625760023637572e-01
3.740778282167070978e-01, 1.649741576635905815e-01, 8.537206406921431234e-02, 3.755759500504879944e-01
3.741148952164710662e-01, 1.649218511725470959e-01, 8.537395142629475298e-02, 3.755893021846869462e-01
3.741519455944047334e-01, 1.648695775526176632e-01, 8.537584444398851891e-02, 3.756026324089890012e-01
3.741889793499946770e-01, 1.648173367996021432e-01, 8.537774312297552459e-02, 3.756159407274277662e-01
3.742259964827334695e-01, 1.647651289092896543e-01, 8.537964746393428284e-02, 3.756292271440426211e-01
3.742629969921201782e-01, 1.647129538774584623e-01, 8.538155746754202968e-02, 3.756424916628792743e-01
3.742999808776603099e-01, 1.646608116998761473e-01, 8.538347313447458564e-02, 3.756557342879889849e-01
3.743369481388658104e-01, 1.646087023722994647e-01, 8.538539446540634181e-02, 3.756689550234283415e-01
3.743738987752548431e-01, 1.645566258904744283e-01, 8.538732146101044029e-02, 3.756821538732603161e-01
3.744108327863517327e-01, 1.645045822501362554e-01, 8.538925412195860765e-02, 3.756953308415534876e-01
3.744477501716874657e-01, 1.644525714470095601e-01, 8.539119244892114102e-02, 3.757084859323818748e-01
3.744846509307994120e-01, 1.644005934768080490e-01, 8.539313644256700531e-02, 3.757216191498255475e-01
3.745215350632309925e-01, 1.643486483352349092e-01, 8.539508610356381924e-02, 3.757347304979703484e-01
3.745584025685321783e-01, 1.642967360179825309e-01, 8.539704143257774438e-02, 3.757478199809076158e-01
3.745952534462591577e-01, 1.642448565207326461e-01, 8.539900243027361004e-02, 3.757608876027345168e-01
3.746320876959745028e-01, 1.641930098391563009e-01, 8.540096909731485775e-02, 3.757739333675543247e-01
3.746689053172470585e-01, 1.641411959689139111e-01, 8.540294143436356900e-02, 3.757869572794753088e-01
3.747057063096520535e-01, 1.640894149056552898e-01, 8.540491944208039587e-02, 3.757999593426122886e-01
3.747424906727711003e-01, 1.640376666450193976e-01, 8.540690312112457494e-02, 3.758129395610849133e-01
3.747792584061918064e-01, 1.639859511826348981e-01, 8.540889247215401048e-02, 3.758258979390192156e-01
3.748160095095084410e-01, 1.639342685141196021e-01, 8.541088749582520512e-02, 3.758388344805466685e-01
3.748527439823214902e-01, 1.638826186350808012e-01, 8.541288819279324596e-02, 3.758517491898045182e-01
3.748894618242374355e-01, 1.638310015411152121e-01, 8.541489456371177680e-02, 3.758646420709355063e-01
3.749261630348695307e-01, 1.637794172278090321e-01, 8.541690660923316469e-02, 3.758775131280883697e-01
3.749628476138368582e-01, 1.637278656907376895e-01, 8.541892433000825013e-02, 3.758903623654172299e-01
3.749995155607650510e-01, 1.636763469254662595e-01, 8.542094772668651359e-02, 3.759031897870820926e-01
3.750361668752860700e-01, 1.636248609275493537e-01, 8.542297679991606163e-02, 3.759159953972484036e-01
3.750728015570380380e-01, 1.635734076925308422e-01, 8.542501155034357141e-02, 3.759287792000876038e-01
3.751094196056650731e-01, 1.635219872159441035e-01, 8.542705197861429067e-02, 3.759415411997764633e-01
3.751460210208182877e-01, 1.634705994933121909e-01, 8.542909808537207939e-02, 3.759542814004974143e-01
3.751826058021542343e-01, 1.634192445201474719e-01, 8.543114987125934034e-02, 3.759669998064389951e-01
3.752191739493362932e-01, 1.633679222919519614e-01, 8.543320733691713020e-02, 3.759796964217945181e-01
3.752557254620336735e-01, 1.633166328042172377e-01, 8.543527048298503457e-02, 3.759923712507639570e-01
3.752922603399223567e-01, 1.632653760524242770e-01, 8.543733931010126514e-02, 3.760050242975520596e-01
3.753287785826839862e-01, 1.632141520320437578e-01, 8.543941381890253484e-02, 3.760176555663696796e-01
3.753652801900068114e-01, 1.631629607385358116e-01, 8.544149401002419653e-02, 3.760302650614331665e-01
3.754017651615853546e-01, 1.631118021673502727e-01, 8.544357988410014593e-02, 3.760428527869641990e-01
3.754382334971200774e-01, 1.630606763139264559e-01, 8.544567144176290485e-02, 3.760554187471905618e-01
3.754746851963178811e-01, 1.630095831736934064e-01, 8.544776868364348243e-02, 3.760679629463453688e-01
3.755111202588916619e-01, 1.629585227420696780e-01, 8.544987161037148615e-02, 3.760804853886671184e-01
3.755475386845610886e-01, 1.629074950144634437e-01, 8.545198022257512183e-02, 3.760929860784003598e-01
3.755839404730513253e-01, 1.628564999862726903e-01, 8.545409452088116586e-02, 3.761054650197948601e-01
3.756203256240942534e-01, 1.628055376528848852e-01, 8.545621450591485424e-02, 3.761179222171061043e-01
3.756566941374275270e-01, 1.627546080096772263e-01, 8.545834017830007678e-02, 3.761303576745951838e-01
3.756930460127955729e-01, 1.627037110520165308e-01, 8.546047153865928003e-02, 3.761427713965286301e-01
3.757293812499485908e-01, 1.626528467752594576e-01, 8.546260858761346724e-02, 3.761551633871785816e-01
3.757656998486429978e-01, 1.626020151747521736e-01, 8.546475132578208733e-02, 3.761675336508228384e-01
3.758020018086414282e-01, 1.625512162458307153e-01, 8.546689975378328474e-02, 3.761798821917445856e-01
3.758382871297129557e-01, 1.625004499838207384e-01, 8.546905387223367734e-02, 3.761922090142325592e-01
3.758745558116324825e-01, 1.624497163840377956e-01, 8.547121368174843969e-02, 3.762045141225813238e-01
3.759108078541811837e-01, 1.623990154417869758e-01, 8.547337918294131698e-02, 3.762167975210904403e-01
3.759470432571465626e-01, 1.623483471523632649e-01, 8.547555037642454168e-02, 3.762290592140656864e-01
3.759832620203221176e-01, 1.622977115110514068e-01, 8.547772726280895850e-02, 3.762412992058175587e-01
3.760194641435074536e-01, 1.622471085131258761e-01, 8.547990984270385784e-02, 3.762535175006628263e-01
3.760556496265086146e-01, 1.621965381538509332e-01, 8.548209811671718394e-02, 3.762657141029231989e-01
3.760918184691375288e-01, 1.621460004284809020e-01, 8.548429208545532676e-02, 3.762778890169263812e-01
3.761279706712122861e-01, 1.620954953322595038e-01, 8.548649174952321905e-02, 3.762900422470049633e-01
3.761641062325573603e-01, 1.620450228604206067e-01, 8.548869710952435030e-02, 3.763021737974975856e-01
3.762002251530031649e-01, 1.619945830081878924e-01, 8.549090816606079446e-02, 3.763142836727482177e-01
3.762363274323861084e-01, 1.619441757707747731e-01, 8.549312491973300177e-02, 3.763263718771061583e-01
3.762724130705489833e-01, 1.618938011433846136e-01, 8.549534737114004856e-02, 3.763384384149263129e-01
3.763084820673407993e-01, 1.618434591212105367e-01, 8.549757552087951240e-02, 3.763504832905690822e-01
3.763445344226164502e-01, 1.617931496994358676e-01, 8.549980936954754140e-02, 3.763625065084001964e-01
3.763805701362367695e-01, 1.617428728732334120e-01, 8.550204891773872939e-02, 3.763745080727910475e-01
3.764165892080693077e-01, 1.616926286377662891e-01, 8.550429416604621302e-02, 3.763864879881182457e-01
3.764525916379870552e-01, 1.616424169881872375e-01, 8.550654511506158850e-02, 3.763984462587641189e-01
3.764885774258696638e-01, 1.615922379196391145e-01, 8.550880176537510591e-02, 3.764103828891161019e-01
3.765245465716025031e-01, 1.615420914272547026e-01, 8.551106411757534997e-02, 3.764222978835674582e-01
3.765604990750772707e-01, 1.614919775061566531e-01, 8.551333217224958705e-02, 3.764341912465165030e-01
3.765964349361915486e-01, 1.614418961514577089e-01, 8.551560592998340427e-02, 3.764460629823673243e-01
3.766323541548493026e-01, 1.613918473582605928e-01, 8.551788539136107037e-02, 3.764579130955291730e-01
3.766682567309601604e-01, 1.613418311216578693e-01, 8.552017055696520265e-02, 3.764697415904169064e-01
3.767041426644401891e-01, 1.612918474367322774e-01, 8.552246142737701673e-02, 3.764815484714504334e-01
3.767400119552115623e-01, 1.612418962985565640e-01, 8.552475800317622945e-02, 3.764933337430557136e-01
3.767758646032021153e-01, 1.611919777021934286e-01, 8.552706028494097557e-02, 3.765050974096634806e-01
3.768117006083461784e-01, 1.611420916426956895e-01, 8.552936827324793267e-02, 3.765168394757101855e-01
3.768475199705838552e-01, 1.610922381151062011e-01, 8.553168196867226569e-02, 3.765285599456377752e-01
3.768833226898615774e-01, 1.610424171144577421e-01, 8.553400137178761298e-02, 3.765402588238930814e-01
3.769191087661314943e-01, 1.609926286357734604e-01, 8.553632648316612797e-02, 3.765519361149288202e-01
3.769548781993521946e-01, 1.609428726740664006e-01, 8.553865730337843754e-02, 3.765635918232029256e-01
3.769906309894881513e-01, 1.608931492243397265e-01, 8.554099383299362813e-02, 3.765752259531786050e-01
3.770263671365094438e-01, 1.608434582815867486e-01, 8.554333607257925964e-02, 3.765868385093245618e-01
3.770620866403929794e-01, 1.607937998407908686e-01, 8.554568402270139316e-02, 3.765984294961147727e-01
3.770977895011210501e-01, 1.607441738969256351e-01, 8.554803768392460483e-02, 3.766099989180285434e-01
3.771334757186824982e-01, 1.606945804449549098e-01, 8.555039705681188877e-02, 3.766215467795507865e-01
3.771691452930716615e-01, 1.606450194798323683e-01, 8.555276214192471251e-02, 3.766330730851712438e-01
3.772047982242892061e-01, 1.605954909965021660e-01, 8.555513293982301704e-02, 3.766445778393855415e-01
3.772404345123419045e-01, 1.605459949898985217e-01, 8.555750945106521677e-02, 3.766560610466943015e-01
3.772760541572423021e-01, 1.604965314549458566e-01, 8.555989167620821345e-02, 3.766675227116036417e-01
3.773116571590089952e-01, 1.604471003865588496e-01, 8.556227961580736840e-02, 3.766789628386248423e-01
3.773472435176667972e-01, 1.603977017796422710e-01, 8.556467327041640536e-02, 3.766903814322745125e-01
3.773828132332461838e-01, 1.603483356290912321e-01, 8.556707264058767415e-02, 3.767017784970747574e-01
3.774183663057839588e-01, 1.602990019297911295e-01, 8.556947772687184539e-02, 3.767131540375530108e-01
3.774539027353226439e-01, 1.602497006766174792e-01, 8.557188852981810478e-02, 3.767245080582418137e-01
3.774894225219109778e-01, 1.602004318644361658e-01, 8.557430504997405596e-02, 3.767358405636787588e-01
3.775249256656034169e-01, 1.601511954881033040e-01, 8.557672728788583150e-02, 3.767471515584074893e-01
3.775604121664606350e-01, 1.601019915424652662e-01, 8.557915524409788477e-02, 3.767584410469762557e-01
3.775958820245493563e-01, 1.600528200223587938e-01, 8.558158891915319810e-02, 3.767697090339386934e-01
3.776313352399417456e-01, 1.600036809226109136e-01, 8.558402831359322727e-02, 3.767809555238540442e-01
3.776667718127165729e-01, 1.599545742380389934e-01, 8.558647342795780433e-02, 3.767921805212866015e-01
3.777021917429582709e-01, 1.599054999634506868e-01, 8.558892426278520704e-02, 3.768033840308058768e-01
3.777375950307572117e-01, 1.598564580936440438e-01, 8.559138081861214498e-02, 3.768145660569865996e-01
3.777729816762098181e-01, 1.598074486234073999e-01, 8.559384309597381502e-02, 3.768257266044090503e-01
3.778083516794182861e-01, 1.597584715475195705e-01, 8.559631109540383198e-02, 3.768368656776584502e-01
3.778437050404909181e-01, 1.597095268607496288e-01, 8.559878481743410372e-02, 3.768479832813252384e-01
3.778790417595420115e-01, 1.596606145578571834e-01, 8.560126426259524746e-02, 3.768590794200055716e-01
3.779143618366916368e-01, 1.596117346335920173e-01, 8.560374943141600690e-02, 3.768701540983003251e-01
3.779496652720658045e-01, 1.595628870826946710e-01, 8.560624032442376574e-02, 3.768812073208158142e-01
3.779849520657966866e-01, 1.595140718998956930e-01, 8.560873694214422847e-02, 3.768922390921632948e-01
3.780202222180220617e-01, 1.594652890799165279e-01, 8.561123928510155912e-02, 3.769032494169599068e-01
3.780554757288859258e-01, 1.594165386174686283e-01, 8.561374735381822865e-02, 3.769142382998272867e-01
3.780907125985377704e-01, 1.593678205072541765e-01, 8.561626114881529248e-02, 3.769252057453926774e-01
3.781259328271335818e-01, 1.593191347439657790e-01, 8.561878067061215458e-02, 3.769361517582884291e-01
3.781611364148347310e-01, 1.592704813222864946e-01, 8.562130591972655358e-02, 3.769470763431522764e-01
3.781963233618087505e-01, 1.592218602368898617e-01, 8.562383689667472930e-02, 3.769579795046265613e-01
3.782314936682291129e-01, 1.591732714824399542e-01, 8.562637360197128400e-02, 3.769688612473595657e-01
3.782666473342750080e-01, 1.591247150535914368e-01, 8.562891603612925173e-02, 3.769797215760043452e-01
3.783017843601316765e-01, 1.590761909449893430e-01, 8.563146419966001510e-02, 3.769905604952190070e-01
3.783369047459899659e-01, 1.590276991512693250e-01, 8.563401809307345791e-02, 3.770013780096672651e-01
3.783720084920469962e-01, 1.589792396670575980e-01, 8.563657771687770148e-02, 3.770121741240176627e-01
3.784070955985057161e-01, 1.589308124869709682e-01, 8.563914307157947936e-02, 3.770229488429439613e-01
3.784421660655745145e-01, 1.588824176056166937e-01, 8.564171415768365159e-02, 3.770337021711251402e-01
3.784772198934681642e-01, 1.588340550175927623e-01, 8.564429097569369043e-02, 3.770444341132453969e-01
3.785122570824070443e-01, 1.587857247174876696e-01, 8.564687352611137505e-02, 3.770551446739938695e-01
3.785472776326174182e-01, 1.587374266998805850e-01, 8.564946180943690257e-02, 3.770658338580651359e-01
3.785822815443313782e-01, 1.586891609593411856e-01, 8.565205582616876312e-02, 3.770765016701586592e-01
3.786172688177871226e-01, 1.586409274904298783e-01, 8.565465557680392028e-02, 3.770871481149790094e-01
3.786522394532282898e-01, 1.585927262876977162e-01, 8.565726106183767230e-02, 3.770977731972361968e-01
3.786871934509047910e-01, 1.585445573456863988e-01, 8.565987228176376311e-02, 3.771083769216451165e-01
3.787221308110719775e-01, 1.584964206589281055e-01, 8.566248923707417418e-02, 3.771189592929257151e-01
3.787570515339913069e-01, 1.584483162219459951e-01, 8.566511192825941590e-02, 3.771295203158032683e-01
3.787919556199300652e-01, 1.584002440292536507e-01, 8.566774035580826396e-02, 3.771400599950079924e-01
3.788268430691612565e-01, 1.583522040753555793e-01, 8.567037452020785648e-02, 3.771505783352753216e-01
3.788617138819635466e-01, 1.583041963547468234e-01, 8.567301442194379113e-02, 3.771610753413458528e-01
3.788965680586219853e-01, 1.582562208619131827e-01, 8.567566006150000024e-02, 3.771715510179649011e-01
3.789314055994267849e-01, 1.582082775913312145e-01, 8.567831143935865368e-02, 3.771820053698833330e-01
3.789662265046744305e-01, 1.581603665374682333e-01, 8.568096855600047801e-02, 3.771924384018568444e-01
3.790010307746670137e-01, 1.581124876947823110e-01, 8.568363141190439569e-02, 3.772028501186464045e-01
3.790358184097123440e-01, 1.580646410577221939e-01, 8.568630000754778875e-02, 3.772132405250177567e-01
3.790705894101243922e-01, 1.580168266207275241e-01, 8.568897434340626285e-02, 3.772236096257418625e-01
3.791053437762224587e-01, 1.579690443782285902e-01, 8.569165441995395260e-02, 3.772339574255950123e-01
3.791400815083320053e-01, 1.579212943246466327e-01, 8.569434023766318853e-02, 3.772442839293581041e-01
3.791748026067842114e-01, 1.578735764543936493e-01, 8.569703179700473294e-02, 3.772545891418173647e-01
3.792095070719158079e-01, 1.578258907618724227e-01, 8.569972909844768283e-02, 3.772648730677640172e-01
3.792441949040696314e-01, 1.577782372414765211e-01, 8.570243214245941432e-02, 3.772751357119944471e-01
3.792788661035940145e-01, 1.577306158875904363e-01, 8.570514092950570761e-02, 3.772853770793097028e-01
3.793135206708432849e-01, 1.576830266945895842e-01, 8.570785546005064981e-02, 3.772955971745163839e-01
3.793481586061773214e-01, 1.576354696568400549e-01, 8.571057573455666267e-02, 3.773057960024258084e-01
3.793827799099621645e-01, 1.575879447686989732e-01, 8.571330175348453040e-02, 3.773159735678544568e-01
3.794173845825690172e-01, 1.575404520245142492e-01, 8.571603351729330245e-02, 3.773261298756234172e-01
3.794519726243752999e-01, 1.574929914186247171e-01, 8.571877102644044621e-02, 3.773362649305594396e-01
3.794865440357641506e-01, 1.574455629453602179e-01, 8.572151428138168050e-02, 3.773463787374939926e-01
3.795210988171242028e-01, 1.573981665990413503e-01, 8.572426328257100325e-02, 3.773564713012634297e-01
3.795556369688499743e-01, 1.573508023739797479e-01, 8.572701803046089974e-02, 3.773665426267093226e-01
3.795901584913418669e-01, 1.573034702644779126e-01, 8.572977852550205113e-02, 3.773765927186781277e-01
3.796246633850058338e-01, 1.572561702648294368e-01, 8.573254476814344549e-02, 3.773866215820212977e-01
3.796591516502535457e-01, 1.572089023693186982e-01, 8.573531675883241943e-02, 3.773966292215952256e-01
3.796936232875026684e-01, 1.571616665722212203e-01, 8.573809449801464422e-02, 3.774066156422615226e-01
3.797280782971760860e-01, 1.571144628678033672e-01, 8.574087798613404254e-02, 3.774165808488865181e-01
3.797625166797029550e-01, 1.570672912503225105e-01, 8.574366722363289950e-02, 3.774265248463415934e-01
3.797969384355178724e-01, 1.570201517140272229e-01, 8.574646221095176546e-02, 3.774364476395031809e-01
3.798313435650612635e-01, 1.569730442531568348e-01, 8.574926294852951159e-02, 3.774463492332524872e-01
3.798657320687788275e-01, 1.569259688619418502e-01, 8.575206943680328819e-02, 3.774562296324759925e-01
3.799001039471227581e-01, 1.568789255346037803e-01, 8.575488167620856639e-02, 3.774660888420649507e-01
3.799344592005502452e-01, 1.568319142653551990e-01, 8.575769966717911030e-02, 3.774759268669153900e-01
3.799687978295245849e-01, 1.567849350483997428e-01, 8.576052341014696323e-02, 3.774857437119286119e-01
3.800031198345145134e-01, 1.567379878779321667e-01, 8.576335290554246149e-02, 3.774955393820108029e-01
3.800374252159947064e-01, 1.566910727481381771e-01, 8.576618815379424832e-02, 3.775053138820728127e-01
3.800717139744452799e-01, 1.566441896531945988e-01, 8.576902915532923222e-02, 3.775150672170307642e-01
3.801059861103522342e-01, 1.565973385872695967e-01, 8.577187591057262861e-02, 3.775247993918054989e-01
3.801402416242070093e-01, 1.565505195445220932e-01, 8.577472841994787656e-02, 3.775345104113229100e-01
3.801744805165069852e-01, 1.565037325191024620e-01, 8.577758668387677754e-02, 3.775442002805137198e-01
3.802087027877550929e-01, 1.564569775051519451e-01, 8.578045070277932893e-02, 3.775538690043136469e-01
3.802429084384598146e-01, 1.564102544968031527e-01, 8.578332047707386276e-02, 3.775635165876631838e-01
3.802770974691355721e-01, 1.563635634881797298e-01, 8.578619600717694860e-02, 3.775731430355078189e-01
3.803112698803020053e-01, 1.563169044733965229e-01, 8.578907729350343514e-02, 3.775827483527981476e-01
3.803454256724849158e-01, 1.562702774465594968e-01, 8.579196433646642250e-02, 3.775923325444890954e-01
3.803795648462155454e-01, 1.562236824017660120e-01, 8.579485713647731771e-02, 3.776018956155411388e-01
3.804136874020306869e-01, 1.561771193331043528e-01, 8.579775569394576529e-02, 3.776114375709192506e-01
3.804477933404727397e-01, 1.561305882346541996e-01, 8.580066000927964731e-02, 3.776209584155934551e-01
3.804818826620897654e-01, 1.560840891004864339e-01, 8.580357008288513887e-02, 3.776304581545386063e-01
3.805159553674358208e-01, 1.560376219246631668e-01, 8.580648591516662482e-02, 3.776399367927342210e-01
3.805500114570704584e-01, 1.559911867012377384e-01, 8.580940750652683857e-02, 3.776493943351650895e-01
3.805840509315581710e-01, 1.559447834242546627e-01, 8.581233485736664002e-02, 3.776588307868204986e-01
3.806180737914698908e-01, 1.558984120877499324e-01, 8.581526796808519597e-02, 3.776682461526950085e-01
3.806520800373818791e-01, 1.558520726857506034e-01, 8.581820683907996627e-02, 3.776776404377875096e-01
3.806860696698760593e-01, 1.558057652122751269e-01, 8.582115147074656503e-02, 3.776870136471022210e-01
3.807200426895398504e-01, 1.557594896613332114e-01, 8.582410186347887160e-02, 3.776963657856479140e-01
3.807539990969665000e-01, 1.557132460269260443e-01, 8.582705801766908615e-02, 3.777056968584384111e-01
3.807879388927545850e-01, 1.556670343030457926e-01, 8.583001993370753535e-02, 3.777150068704921426e-01
3.808218620775083441e-01, 1.556208544836762131e-01, 8.583298761198278337e-02, 3.777242958268325346e-01
3.808557686518379559e-01, 1.555747065627924031e-01, 8.583596105288178457e-02, 3.777335637324878426e-01
3.808896586163585951e-01, 1.555285905343606889e-01, 8.583894025678950879e-02, 3.777428105924912072e-01
3.809235319716915424e-01, 1.554825063923388762e-01, 8.584192522408926052e-02, 3.777520364118803209e-01
3.809573887184634078e-01, 1.554364541306760827e-01, 8.584491595516259566e-02, 3.777612411956979832e-01
3.809912288573062966e-01, 1.553904337433127392e-01, 8.584791245038921048e-02, 3.777704249489916011e-01
3.810250523888583651e-01, 1.553444452241808660e-01, 8.585091471014706654e-02, 3.777795876768136329e-01
3.810588593137627100e-01, 1.552984885672037407e-01, 8.585392273481233516e-02, 3.777887293842211447e-01
3.810926496326684232e-01, 1.552525637662960922e-01, 8.585693652475943904e-02, 3.777978500762760872e-01
3.811264233462299811e-01, 1.552066708153640451e-01, 8.585995608036092741e-02, 3.778069497580450187e-01
3.811601804551075223e-01, 1.551608097083052307e-01, 8.586298140198768414e-02, 3.778160284345995490e-01
3.811939209599666256e-01, 1.551149804390087039e-01, 8.586601249000865022e-02, 3.778250861110161174e-01
3.812276448614784208e-01, 1.550691830013548878e-01, 8.586904934479107354e-02, 3.778341227923756596e-01
3.812613521603197553e-01, 1.550234173892158507e-01, 8.587209196670038402e-02, 3.778431384837639961e-01
3.812950428571729167e-01, 1.549776835964550292e-01, 8.587514035610023522e-02, 3.778521331902717773e-01
3.813287169527258547e-01, 1.549319816169273112e-01, 8.587819451335240717e-02, 3.778611069169943715e-01
3.813623744476716815e-01, 1.548863114444792299e-01, 8.588125443881693133e-02, 3.778700596690321434e-01
3.813960153427095601e-01, 1.548406730729486036e-01, 8.588432013285203503e-02, 3.778789914514898429e-01
3.814296396385436494e-01, 1.547950664961650069e-01, 8.588739159581409988e-02, 3.778879022694772716e-01
3.814632473358841036e-01, 1.547494917079494658e-01, 8.589046882805768945e-02, 3.778967921281086717e-01
3.814968384354464059e-01, 1.547039487021144577e-01, 8.589355182993564652e-02, 3.779056610325035592e-01
3.815304129379514797e-01, 1.546584374724641608e-01, 8.589664060179885707e-02, 3.779145089877855024e-01
3.815639708441257993e-01, 1.546129580127942049e-01, 8.589973514399654175e-02, 3.779233359990835095e-01
3.815975121547014459e-01, 1.545675103168918374e-01, 8.590283545687595057e-02, 3.779321420715308633e-01
3.816310368704160516e-01, 1.545220943785358680e-01, 8.590594154078255718e-02, 3.779409272102655648e-01
3.816645449920124111e-01, 1.544767101914967522e-01, 8.590905339606008662e-02, 3.779496914204306668e-01
3.816980365202394254e-01, 1.544313577495365075e-01, 8.591217102305034881e-02, 3.779584347071737738e-01
3.817315114558506028e-01, 1.543860370464087695e-01, 8.591529442209336342e-02, 3.779671570756471533e-01
3.817649697996061131e-01, 1.543407480758588468e-01, 8.591842359352730440e-02, 3.779758585310077912e-01
3.817984115522705113e-01, 1.542954908316236107e-01, 8.592155853768841667e-02, 3.779845390784175030e-01
3.818318367146144587e-01, 1.542502653074316055e-01, 8.592469925491132143e-02, 3.779931987230426560e-01
3.818652452874137793e-01, 1.542050714970031045e-01, 8.592784574552861376e-02, 3.780018374700546135e-01
3.818986372714500699e-01, 1.541599093940498599e-01, 8.593099800987104298e-02, 3.780104553246289578e-01
3.819320126675102567e-01, 1.541147789922756306e-01, 8.593415604826773468e-02, 3.780190522919463780e-01
3.819653714763867058e-01, 1.540696802853754876e-01, 8.593731986104564957e-02, 3.780276283771922263e-01
3.819987136988773346e-01, 1.540246132670364254e-01, 8.594048944853008298e-02, 3.780361835855561292e-01
3.820320393357853894e-01, 1.539795779309371115e-01, 8.594366481104449840e-02, 3.780447179222328757e-01
3.820653483879196677e-01, 1.539345742707479980e-01, 8.594684594891043028e-02, 3.780532313924218624e-01
3.820986408560945180e-01, 1.538896022801310437e-01, 8.595003286244751184e-02, 3.780617240013270375e-01
3.821319167411294515e-01, 1.538446619527401582e-01, 8.595322555197361380e-02, 3.780701957541567904e-01
3.821651760438497525e-01, 1.537997532822210078e-01, 8.595642401780473341e-02, 3.780786466561246173e-01
3.821984187650859233e-01, 1.537548762622107934e-01, 8.595962826025489723e-02, 3.780870767124484000e-01
3.822316449056740173e-01, 1.537100308863387776e-01, 8.596283827963645263e-02, 3.780954859283508496e-01
3.822648544664553616e-01, 1.536652171482258133e-01, 8.596605407625963757e-02, 3.781038743090590626e-01
3.822980474482771673e-01, 1.536204350414846487e-01, 8.596927565043305242e-02, 3.781122418598051871e-01
3.823312238519915307e-01, 1.535756845597196774e-01, 8.597250300246322974e-02, 3.781205885858255900e-01
3.823643836784560990e-01, 1.535309656965272995e-01, 8.597573613265489800e-02, 3.781289144923616341e-01
3.823975269285342371e-01, 1.534862784454956164e-01, 8.597897504131098156e-02, 3.781372195846591788e-01
3.824306536030944725e-01, 1.534416228002046245e-01, 8.598221972873239249e-02, 3.781455038679685798e-01
3.824637637030106618e-01, 1.533969987542260494e-01, 8.598547019521819712e-02, 3.781537673475450778e-01
3.824968572291624902e-01, 1.533524063011236782e-01, 8.598872644106564378e-02, 3.781620100286482988e-01
3.825299341824344723e-01, 1.533078454344529440e-01, 8.599198846656998241e-02, 3.781702319165425874e-01
3.825629945637169516e-01, 1.532633161477612305e-01, 8.599525627202463107e-02, 3.781784330164970620e-01
3.825960383739056003e-01, 1.532188184345878723e-01, 8.599852985772113434e-02, 3.781866133337852820e-01
3.826290656139014756e-01, 1.531743522884640718e-01, 8.600180922394908001e-02, 3.781947728736854697e-01
3.826620762846107415e-01, 1.531299177029128156e-01, 8.600509437099615462e-02, 3.782029116414802883e-01
3.826950703869453352e-01, 1.530855146714491244e-01, 8.600838529914819897e-02, 3.782110296424573415e-01
3.827280479218224674e-01, 1.530411431875799144e-01, 8.601168200868912483e-02, 3.782191268819083962e-01
3.827610088901646779e-01, 1.529968032448040804e-01, 8.601498449990087336e-02, 3.782272033651303822e-01
3.827939532928998356e-01, 1.529524948366123571e-01, 8.601829277306358157e-02, 3.782352590974242812e-01
3.828268811309613051e-01, 1.529082179564874855e-01, 8.602160682845537421e-02, 3.782432940840959046e-01
3.828597924052876689e-01, 1.528639725979041852e-01, 8.602492666635247476e-02, 3.782513083304556711e-01
3.828926871168231161e-01, 1.528197587543291547e-01, 8.602825228702927485e-02, 3.782593018418184960e-01
3.829255652665169429e-01, 1.527755764192210430e-01, 8.603158369075812606e-02, 3.782672746235039019e-01
3.829584268553239412e-01, 1.527314255860305059e-01, 8.603492087780956199e-02, 3.782752266808359631e-01
3.829912718842042874e-01, 1.526873062482002052e-01, 8.603826384845211783e-02, 3.782831580191433618e-01
3.830241003541234313e-01, 1.526432183991648373e-01, 8.604161260295239977e-02, 3.782910686437593317e-01
3.830569122660520964e-01, 1.525991620323510767e-01, 8.604496714157515436e-02, 3.782989585600216587e-01
3.830897076209666130e-01, 1.525551371411776880e-01, 8.604832746458307424e-02, 3.783068277732726248e-01
3.831224864198483626e-01, 1.525111437190554420e-01, 8.605169357223703408e-02, 3.783146762888592307e-01
3.831552486636840560e-01, 1.524671817593871437e-01, 8.605506546479589625e-02, 3.783225041121328069e-01
3.831879943534662325e-01, 1.524232512555676600e-01, 8.605844314251660798e-02, 3.783303112484494024e-01
3.832207234901922610e-01, 1.523793522009841139e-01, 8.606182660565414588e-02, 3.783380977031695624e-01
3.832534360748646729e-01, 1.523354845890153852e-01, 8.606521585446159917e-02, 3.783458634816582733e-01
3.832861321084920503e-01, 1.522916484130327208e-01, 8.606861088919004477e-02, 3.783536085892852396e-01
3.833188115920876382e-01, 1.522478436663992907e-01, 8.607201171008858898e-02, 3.783613330314244960e-01
3.833514745266702328e-01, 1.522040703424705488e-01, 8.607541831740446459e-02, 3.783690368134546844e-01
3.833841209132640704e-01, 1.521603284345939833e-01, 8.607883071138294762e-02, 3.783767199407589987e-01
3.834167507528984387e-01, 1.521166179361091164e-01, 8.608224889226721854e-02, 3.783843824187251292e-01
3.834493640466080100e-01, 1.520729388403478377e-01, 8.608567286029865373e-02, 3.783920242527454292e-01
3.834819607954330634e-01, 1.520292911406339598e-01, 8.608910261571657563e-02, 3.783996454482164151e-01
3.835145410004187072e-01, 1.519856748302836347e-01, 8.609253815875834992e-02, 3.784072460105392666e-01
3.835471046626156566e-01, 1.519420899026050764e-01, 8.609597948965938552e-02, 3.784148259451199370e-01
3.835796517830795671e-01, 1.518985363508986719e-01, 8.609942660865314845e-02, 3.784223852573685987e-01
3.836121823628718674e-01, 1.518550141684572030e-01, 8.610287951597106471e-02, 3.784299239526998648e-01
3.836446964030590934e-01, 1.518115233485653470e-01, 8.610633821184261738e-02, 3.784374420365330116e-01
3.836771939047127766e-01, 1.517680638845002317e-01, 8.610980269649529117e-02, 3.784449395142917005e-01
3.837096748689100556e-01, 1.517246357695310743e-01, 8.611327297015462789e-02, 3.784524163914042560e-01
3.837421392967332867e-01, 1.516812389969194041e-01, 8.611674903304414319e-02, 3.784598726733031659e-01
3.837745871892699334e-01, 1.516378735599189509e-01, 8.612023088538538207e-02, 3.784673083654256920e-01
3.838070185476129548e-01, 1.515945394517756728e-01, 8.612371852739782174e-02, 3.784747234732135368e-01
3.838394333728604169e-01, 1.515512366657278676e-01, 8.612721195929914919e-02, 3.784821180021126219e-01
3.838718316661156038e-01, 1.515079651950060335e-01, 8.613071118130477544e-02, 3.784894919575735317e-01
3.839042134284872398e-01, 1.514647250328329531e-01, 8.613421619362836290e-02, 3.784968453450514581e-01
3.839365786610892672e-01, 1.514215161724237202e-01, 8.613772699648139519e-02, 3.785041781700056451e-01
3.839689273650404022e-01, 1.513783386069857129e-01, 8.614124359007345466e-02, 3.785114904379003331e-01
3.840012595414655228e-01, 1.513351923297187873e-01, 8.614476597461213914e-02, 3.785187821542036479e-01
3.840335751914939477e-01, 1.512920773338146951e-01, 8.614829415030286763e-02, 3.785260533243884895e-01
3.840658743162605471e-01, 1.512489936124579715e-01, 8.615182811734922730e-02, 3.785333039539321986e-01
3.840981569169054088e-01, 1.512059411588252134e-01, 8.615536787595266810e-02, 3.785405340483165570e-01
3.841304229945740056e-01, 1.511629199660855516e-01, 8.615891342631278038e-02, 3.785477436130276763e-01
3.841626725504166950e-01, 1.511199300274003177e-01, 8.616246476862694792e-02, 3.785549326535561088e-01
3.841949055855893302e-01, 1.510769713359231825e-01, 8.616602190309056997e-02, 3.785621011753969034e-01
3.842271221012527604e-01, 1.510340438848004618e-01, 8.616958482989720003e-02, 3.785692491840496610e-01
3.842593220985733304e-01, 1.509911476671705333e-01, 8.617315354923808790e-02, 3.785763766850180345e-01
3.842915055787223810e-01, 1.509482826761643914e-01, 8.617672806130267926e-02, 3.785834836838104511e-01
3.843236725428765821e-01, 1.509054489049053427e-01, 8.618030836627825486e-02, 3.785905701859398342e-01
3.843558229922177105e-01, 1.508626463465091161e-01, 8.618389446435009704e-02, 3.785976361969230486e-01
3.843879569279328723e-01, 1.508198749940838634e-01, 8.618748635570148975e-02, 3.786046817222817329e-01
3.844200743512142249e-01, 1.507771348407302980e-01, 8.619108404051363526e-02, 3.786117067675418557e-01
3.844521752632593103e-01, 1.507344258795412784e-01, 8.619468751896561254e-02, 3.786187113382337710e-01
3.844842596652706668e-01, 1.506917481036024464e-01, 8.619829679123465482e-02, 3.786256954398922181e-01
3.845163275584561613e-01, 1.506491015059917560e-01, 8.620191185749571938e-02, 3.786326590780564327e-01
3.845483789440288236e-01, 1.506064860797795280e-01, 8.620553271792188998e-02, 3.786396022582698140e-01
3.845804138232066793e-01, 1.505639018180287836e-01, 8.620915937268408547e-02, 3.786465249860804794e-01
3.846124321972132498e-01, 1.505213487137948836e-01, 8.621279182195121238e-02, 3.786534272670406542e-01
3.846444340672769968e-01, 1.504788267601258056e-01, 8.621643006589010949e-02, 3.786603091067071714e-01
3.846764194346316557e-01, 1.504363359500618669e-01, 8.622007410466553390e-02, 3.786671705106410268e-01
3.847083883005162352e-01, 1.503938762766360848e-01, 8.622372393844025817e-02, 3.786740114844074911e-01
3.847403406661745184e-01, 1.503514477328739274e-01, 8.622737956737480669e-02, 3.786808320335767197e-01
3.847722765328558947e-01, 1.503090503117932852e-01, 8.623104099162783032e-02, 3.786876321637228648e-01
3.848041959018148606e-01, 1.502666840064049159e-01, 8.623470821135580111e-02, 3.786944118804244641e-01
3.848360987743106310e-01, 1.502243488097118052e-01, 8.623838122671312334e-02, 3.787011711892644406e-01
3.848679851516080830e-01, 1.501820447147096393e-01, 8.624206003785217511e-02, 3.787079100958301026e-01
3.848998550349770342e-01, 1.501397717143867216e-01, 8.624574464492314185e-02, 3.787146286057130884e-01
3.849317084256925203e-01, 1.500975298017238613e-01, 8.624943504807426609e-02, 3.787213267245094217e-01
3.849635453250344619e-01, 1.500553189696945122e-01, 8.625313124745156990e-02, 3.787280044578193450e-01
3.849953657342882751e-01, 1.500131392112647455e-01, 8.625683324319907697e-02, 3.787346618112478747e-01
3.850271696547442613e-01, 1.499709905193931936e-01, 8.626054103545871543e-02, 3.787412987904039130e-01
3.850589570876980505e-01, 1.499288728870311338e-01, 8.626425462437022074e-02, 3.787479154009006366e-01
3.850907280344502137e-01, 1.498867863071224882e-01, 8.626797401007130217e-02, 3.787545116483560514e-01
3.851224824963065951e-01, 1.498447307726038236e-01, 8.627169919269761511e-02, 3.787610875383920495e-01
3.851542204745780906e-01, 1.498027062764043793e-01, 8.627543017238259448e-02, 3.787676430766350189e-01
3.851859419705805920e-01, 1.497607128114459285e-01, 8.627916694925767682e-02, 3.787741782687157888e-01
3.852176469856352647e-01, 1.497187503706431388e-01, 8.628290952345211984e-02, 3.787806931202694072e-01
3.852493355210685477e-01, 1.496768189469031562e-01, 8.628665789509312734e-02, 3.787871876369351964e-01
3.852810075782116539e-01, 1.496349185331259379e-01, 8.629041206430573818e-02, 3.787936618243567533e-01
3.853126631584009587e-01, 1.495930491222039749e-01, 8.629417203121285407e-02, 3.788001156881821707e-01
3.853443022629782777e-01, 1.495512107070227359e-01, 8.629793779593530889e-02, 3.788065492340637053e-01
3.853759248932900339e-01, 1.495094032804601958e-01, 8.630170935859182713e-02, 3.788129624676579987e-01
3.854075310506880903e-01, 1.494676268353870852e-01, 8.630548671929895443e-02, 3.788193553946259118e-01
3.854391207365293059e-01, 1.494258813646668627e-01, 8.630926987817112706e-02, 3.788257280206326350e-01
3.854706939521756470e-01, 1.493841668611558815e-01, 8.631305883532061629e-02, 3.788320803513478552e-01
3.855022506989940756e-01, 1.493424833177030009e-01, 8.631685359085769504e-02, 3.788384123924452562e-01
3.855337909783566608e-01, 1.493008307271500856e-01, 8.632065414489029087e-02, 3.788447241496029627e-01
3.855653147916407453e-01, 1.492592090823315620e-01, 8.632446049752434680e-02, 3.788510156285033181e-01
3.855968221402285012e-01, 1.492176183760748065e-01, 8.632827264886359930e-02, 3.788572868348331069e-01
3.856283130255073188e-01, 1.491760586011998957e-01, 8.633209059900968929e-02, 3.788635377742832211e-01
3.856597874488695288e-01, 1.491345297505197176e-01, 8.633591434806205112e-02, 3.788697684525488274e-01
3.856912454117125688e-01, 1.490930318168398605e-01, 8.633974389611796807e-02, 3.788759788753295887e-01
3.857226869154390392e-01, 1.490515647929590293e-01, 8.634357924327262790e-02, 3.788821690483291649e-01
3.857541119614566472e-01, 1.490101286716684903e-01, 8.634742038961902566e-02, 3.788883389772558230e-01
3.857855205511778740e-01, 1.489687234457524323e-01, 8.635126733524799147e-02, 3.788944886678217161e-01
3.858169126860205855e-01, 1.489273491079878553e-01, 8.635512008024823216e-02, 3.789006181257433825e-01
3.858482883674073660e-01, 1.488860056511446539e-01, 8.635897862470620634e-02, 3.789067273567416905e-01
3.858796475967661288e-01, 1.488446930679855895e-01, 8.636284296870627708e-02, 3.789128163665420046e-01
3.859109903755296167e-01, 1.488034113512662904e-01, 8.636671311233064252e-02, 3.789188851608735198e-01
3.859423167051359016e-01, 1.487621604937351127e-01, 8.637058905565925260e-02, 3.789249337454697608e-01
3.859736265870276628e-01, 1.487209404881335850e-01, 8.637447079876997558e-02, 3.789309621260686933e-01
3.860049200226530752e-01, 1.486797513271959914e-01, 8.637835834173847316e-02, 3.789369703084123353e-01
3.860361970134650877e-01, 1.486385930036494551e-01, 8.638225168463815884e-02, 3.789429582982473121e-01
3.860674575609216452e-01, 1.485974655102141606e-01, 8.638615082754033669e-02, 3.789489261013239685e-01
3.860987016664859106e-01, 1.485563688396030202e-01, 8.639005577051406259e-02, 3.789548737233970344e-01
3.861299293316257097e-01, 1.485153029845220629e-01, 8.639396651362626911e-02, 3.789608011702259027e-01
3.861611405578143086e-01, 1.484742679376702956e-01, 8.639788305694169612e-02, 3.789667084475736858e-01
3.861923353465297470e-01, 1.484332636917394532e-01, 8.640180540052279368e-02, 3.789725955612079367e-01
3.862235136992551721e-01, 1.483922902394144150e-01, 8.640573354442990239e-02, 3.789784625169004273e-01
3.862546756174787821e-01, 1.483513475733729825e-01, 8.640966748872115633e-02, 3.789843093204270930e-01
3.862858211026933275e-01, 1.483104356862859352e-01, 8.641360723345242745e-02, 3.789901359775681988e-01
3.863169501563974428e-01, 1.482695545708170581e-01, 8.641755277867743668e-02, 3.789959424941081734e-01
3.863480627800938150e-01, 1.482287042196229754e-01, 8.642150412444761509e-02, 3.790017288758354974e-01
3.863791589752908484e-01, 1.481878846253536774e-01, 8.642546127081235374e-02, 3.790074951285430926e-01
3.864102387435014996e-01, 1.481470957806517719e-01, 8.642942421781867057e-02, 3.790132412580280996e-01
3.864413020862438319e-01, 1.481063376781531771e-01, 8.643339296551134920e-02, 3.790189672700916002e-01
3.864723490050410160e-01, 1.480656103104866506e-01, 8.643736751393303608e-02, 3.790246731705392280e-01
3.865033795014211626e-01, 1.480249136702741497e-01, 8.644134786312421270e-02, 3.790303589651804472e-01
3.865343935769173234e-01, 1.479842477501305820e-01, 8.644533401312294585e-02, 3.790360246598292182e-01
3.865653912330673236e-01, 1.479436125426638882e-01, 8.644932596396522062e-02, 3.790416702603034982e-01
3.865963724714142624e-01, 1.479030080404752090e-01, 8.645332371568476004e-02, 3.790472957724257963e-01
3.866273372935062902e-01, 1.478624342361586630e-01, 8.645732726831296955e-02, 3.790529012020220634e-01
3.866582857008961649e-01, 1.478218911223014020e-01, 8.646133662187917290e-02, 3.790584865549233018e-01
3.866892176951418070e-01, 1.477813786914838334e-01, 8.646535177641026526e-02, 3.790640518369641221e-01
3.867201332778060219e-01, 1.477408969362793423e-01, 8.646937273193108786e-02, 3.790695970539835202e-01
3.867510324504566110e-01, 1.477004458492544581e-01, 8.647339948846408109e-02, 3.790751222118247665e-01
3.867819152146665385e-01, 1.476600254229688824e-01, 8.647743204602954814e-02, 3.790806273163349061e-01
3.868127815720135421e-01, 1.476196356499753504e-01, 8.648147040464543300e-02, 3.790861123733657578e-01
3.868436315240799672e-01, 1.475792765228197689e-01, 8.648551456432750084e-02, 3.790915773887727491e-01
3.868744650724537104e-01, 1.475389480340412729e-01, 8.648956452508924087e-02, 3.790970223684158591e-01
3.869052822187272755e-01, 1.474986501761719471e-01, 8.649362028694183857e-02, 3.791024473181588972e-01
3.869360829644980515e-01, 1.474583829417374092e-01, 8.649768184989434228e-02, 3.791078522438701692e-01
3.869668673113687563e-01, 1.474181463232560330e-01, 8.650174921395333005e-02, 3.791132371514219224e-01
3.869976352609464931e-01, 1.473779403132396415e-01, 8.650582237912329830e-02, 3.791186020466906781e-01
3.870283868148435835e-01, 1.473377649041930915e-01, 8.650990134540634258e-02, 3.791239469355570102e-01
3.870591219746773448e-01, 1.472976200886146614e-01, 8.651398611280239348e-02, 3.791292718239056003e-01
3.870898407420699239e-01, 1.472575058589955244e-01, 8.651807668130896689e-02, 3.791345767176255155e-01
3.871205431186484636e-01, 1.472174222078203587e-01, 8.652217305092145538e-02, 3.791398616226097085e-01
3.871512291060447697e-01, 1.471773691275669316e-01, 8.652627522163276741e-02, 3.791451265447554619e-01
3.871818987058959216e-01, 1.471373466107061823e-01, 8.653038319343378526e-02, 3.791503714899639998e-01
3.872125519198436616e-01, 1.470973546497024442e-01, 8.653449696631282384e-02, 3.791555964641410426e-01
3.872431887495347280e-01, 1.470573932370131676e-01, 8.653861654025613026e-02, 3.791608014731958631e-01
3.872738091966207441e-01, 1.470174623650891965e-01, 8.654274191524756465e-02, 3.791659865230424531e-01
3.873044132627583291e-01, 1.469775620263744920e-01, 8.654687309126860018e-02, 3.791711516195985787e-01
3.873350009496088764e-01, 1.469376922133064090e-01, 8.655101006829854504e-02, 3.791762967687862251e-01
3.873655722588386086e-01, 1.468978529183154469e-01, 8.655515284631429274e-02, 3.791814219765315963e-01
3.873961271921187999e-01, 1.468580441338256659e-01, 8.655930142529061344e-02, 3.791865272487648930e-01
3.874266657511258316e-01, 1.468182658522541040e-01, 8.656345580519972382e-02, 3.791916125914204239e-01
3.874571879375403594e-01, 1.467785180660113598e-01, 8.656761598601164787e-02, 3.791966780104366608e-01
3.874876937530483678e-01, 1.467388007675011763e-01, 8.657178196769413359e-02, 3.792017235117562945e-01
3.875181831993406711e-01, 1.466991139491207463e-01, 8.657595375021251427e-02, 3.792067491013260128e-01
3.875486562781130795e-01, 1.466594576032605457e-01, 8.658013133352987500e-02, 3.792117547850964443e-01
3.875791129910659549e-01, 1.466198317223043890e-01, 8.658431471760692777e-02, 3.792167405690226589e-01
3.876095533399046555e-01, 1.465802362986294849e-01, 8.658850390240206696e-02, 3.792217064590637232e-01
3.876399773263395354e-01, 1.465406713246063253e-01, 8.659269888787142488e-02, 3.792266524611826450e-01
3.876703849520857781e-01, 1.465011367925988794e-01, 8.659689967396867749e-02, 3.792315785813467066e-01
3.877007762188632856e-01, 1.464616326949643721e-01, 8.660110626064523864e-02, 3.792364848255271870e-01
3.877311511283969558e-01, 1.464221590240534776e-01, 8.660531864785012135e-02, 3.792413711996994730e-01
3.877615096824165719e-01, 1.463827157722103200e-01, 8.660953683553013205e-02, 3.792462377098430593e-01
3.877918518826566352e-01, 1.463433029317723066e-01, 8.661376082362953754e-02, 3.792510843619414929e-01
3.878221777308565876e-01, 1.463039204950704053e-01, 8.661799061209039807e-02, 3.792559111619826506e-01
3.878524872287607561e-01, 1.462645684544288394e-01, 8.662222620085240077e-02, 3.792607181159580731e-01
3.878827803781181860e-01, 1.462252468021653373e-01, 8.662646758985280415e-02, 3.792655052298635754e-01
3.879130571806830852e-01, 1.461859555305911607e-01, 8.663071477902660467e-02, 3.792702725096993022e-01
3.879433176382138804e-01, 1.461466946320107707e-01, 8.663496776830632851e-02, 3.792750199614689510e-01
3.879735617524745495e-01, 1.461074640987223283e-01, 8.663922655762229530e-02, 3.792797475911807159e-01
3.880037895252334557e-01, 1.460682639230173607e-01, 8.664349114690228504e-02, 3.792844554048468431e-01
3.880340009582638472e-01, 1.460290940971807894e-01, 8.664776153607180176e-02, 3.792891434084835200e-01
3.880641960533440793e-01, 1.459899546134912351e-01, 8.665203772505399027e-02, 3.792938116081107647e-01
3.880943748122568371e-01, 1.459508454642205189e-01, 8.665631971376949738e-02, 3.792984600097530912e-01
3.881245372367901902e-01, 1.459117666416340775e-01, 8.666060750213677721e-02, 3.793030886194390106e-01
3.881546833287364828e-01, 1.458727181379909643e-01, 8.666490109007179976e-02, 3.793076974432006976e-01
3.881848130898933880e-01, 1.458336999455436267e-01, 8.666920047748806477e-02, 3.793122864870749344e-01
3.882149265220630197e-01, 1.457947120565379895e-01, 8.667350566429683767e-02, 3.793168557571021671e-01
3.882450236270524879e-01, 1.457557544632135660e-01, 8.667781665040692751e-02, 3.793214052593269492e-01
3.882751044066737323e-01, 1.457168271578034857e-01, 8.668213343572474250e-02, 3.793259349997981644e-01
3.883051688627431330e-01, 1.456779301325342724e-01, 8.668645602015427609e-02, 3.793304449845683601e-01
3.883352169970825107e-01, 1.456390633796260936e-01, 8.669078440359719029e-02, 3.793349352196941915e-01
3.883652488115180157e-01, 1.456002268912925945e-01, 8.669511858595259357e-02, 3.793394057112367546e-01
3.883952643078806832e-01, 1.455614206597411475e-01, 8.669945856711742949e-02, 3.793438564652607536e-01
3.884252634880063781e-01, 1.455226446771724913e-01, 8.670380434698603256e-02, 3.793482874878351119e-01
3.884552463537357947e-01, 1.454838989357811474e-01, 8.670815592545036421e-02, 3.793526987850327492e-01
3.884852129069144011e-01, 1.454451834277550870e-01, 8.671251330239999888e-02, 3.793570903629304714e-01
3.885151631493924396e-01, 1.454064981452759253e-01, 8.671687647772211016e-02, 3.793614622276095250e-01
3.885450970830249262e-01, 1.453678430805189492e-01, 8.672124545130138751e-02, 3.793658143851547648e-01
3.885750147096715956e-01, 1.453292182256529230e-01, 8.672562022302016116e-02, 3.793701468416553202e-01
3.886049160311971229e-01, 1.452906235728403939e-01, 8.673000079275830498e-02, 3.793744596032042060e-01
3.886348010494707350e-01, 1.452520591142374140e-01, 8.673438716039326424e-02, 3.793787526758986561e-01
3.886646697663665995e-01, 1.452135248419937075e-01, 8.673877932580000005e-02, 3.793830260658395681e-01
3.886945221837637132e-01, 1.451750207482528088e-01, 8.674317728885115597e-02, 3.793872797791323359e-01
3.887243583035457362e-01, 1.451365468251516189e-01, 8.674758104941680814e-02, 3.793915138218859062e-01
3.887541781276008246e-01, 1.450981030648209047e-01, 8.675199060736468737e-02, 3.793957282002136111e-01
3.887839816578225194e-01, 1.450596894593850772e-01, 8.675640596255999870e-02, 3.793999229202325019e-01
3.888137688961085248e-01, 1.450213060009621358e-01, 8.676082711486553245e-02, 3.794040979880637376e-01
3.888435398443616520e-01, 1.449829526816639458e-01, 8.676525406414166419e-02, 3.794082534098327519e-01
3.888732945044893197e-01, 1.449446294935958779e-01, 8.676968681024624375e-02, 3.794123891916685309e-01
3.889030328784036095e-01, 1.449063364288570854e-01, 8.677412535303472008e-02, 3.794165053397045018e-01
3.889327549680217655e-01, 1.448680734795405323e-01, 8.677856969236003026e-02, 3.794206018600777552e-01
3.889624607752651952e-01, 1.448298406377327430e-01, 8.678301982807269666e-02, 3.794246787589293790e-01
3.889921503020604132e-01, 1.447916378955140249e-01, 8.678747576002075748e-02, 3.794287360424047906e-01
3.890218235503384858e-01, 1.447534652449584680e-01, 8.679193748804978070e-02, 3.794327737166532377e-01
3.890514805220356420e-01, 1.447153226781338897e-01, 8.679640501200280855e-02, 3.794367917878277430e-01
3.890811212190922741e-01, 1.446772101871017790e-01, 8.680087833172046852e-02, 3.794407902620854922e-01
3.891107456434537148e-01, 1.446391277639174633e-01, 8.680535744704087620e-02, 3.794447691455878346e-01
3.891403537970702931e-01, 1.446010754006300802e-01, 8.680984235779973246e-02, 3.794487284444997832e-01
3.891699456818966119e-01, 1.445630530892824950e-01, 8.681433306383018467e-02, 3.794526681649908473e-01
3.891995212998922149e-01, 1.445250608219112443e-01, 8.681882956496282666e-02, 3.794565883132335893e-01
3.892290806530215863e-01, 1.444870985905468419e-01, 8.682333186102590694e-02, 3.794604888954056232e-01
3.892586237432535956e-01, 1.444491663872135012e-01, 8.682783995184512049e-02, 3.794643699176878382e-01
3.892881505725618307e-01, 1.444112642039292738e-01, 8.683235383724358103e-02, 3.794682313862653422e-01
3.893176611429248202e-01, 1.443733920327059383e-01, 8.683687351704202917e-02, 3.794720733073272401e-01
3.893471554563255888e-01, 1.443355498655492508e-01, 8.684139899105859650e-02, 3.794758956870665223e-01
3.893766335147521018e-01, 1.442977376944587220e-01, 8.684593025910898600e-02, 3.794796985316802318e-01
3.894060953201967656e-01, 1.442599555114276733e-01, 8.685046732100633327e-02, 3.794834818473692417e-01
3.894355408746569269e-01, 1.442222033084432087e-01, 8.685501017656130363e-02, 3.794872456403386440e-01
3.894649701801343178e-01, 1.441844810774864649e-01, 8.685955882558196728e-02, 3.794909899167971945e-01
3.894943832386357219e-01, 1.441467888105323059e-01, 8.686411326787399356e-02, 3.794947146829579232e-01
3.895237800521725302e-01, 1.441091264995495724e-01, 8.686867350324041503e-02, 3.794984199450374129e-01
3.895531606227605192e-01, 1.440714941365008606e-01, 8.687323953148183564e-02, 3.795021057092567984e-01
3.895825249524204059e-01, 1.440338917133427155e-01, 8.687781135239620867e-02, 3.795057719818407116e-01
3.896118730431777921e-01, 1.439963192220254928e-01, 8.688238896577905879e-02, 3.795094187690176701e-01
3.896412048970626096e-01, 1.439587766544935810e-01, 8.688697237142335716e-02, 3.795130460770204661e-01
3.896705205161095087e-01, 1.439212640026852064e-01, 8.689156156911947981e-02, 3.795166539120857219e-01
3.896998199023581355e-01, 1.438837812585325726e-01, 8.689615655865530475e-02, 3.795202422804540565e-01
3.897291030578521887e-01, 1.438463284139616105e-01, 8.690075733981618422e-02, 3.795238111883699750e-01
3.897583699846408622e-01, 1.438089054608924222e-01, 8.690536391238484759e-02, 3.795273606420818124e-01
3.897876206847772917e-01, 1.437715123912389203e-01, 8.690997627614158172e-02, 3.795308906478422339e-01
3.898168551603198306e-01, 1.437341491969089669e-01, 8.691459443086398118e-02, 3.795344012119072907e-01
3.898460734133309402e-01, 1.436968158698044562e-01, 8.691921837632718417e-02, 3.795378923405373639e-01
3.898752754458782999e-01, 1.436595124018210934e-01, 8.692384811230371988e-02, 3.795413640399968314e-01
3.899044612600338633e-01, 1.436222387848487270e-01, 8.692848363856363336e-02, 3.795448163165537347e-01
3.899336308578744692e-01, 1.435849950107710160e-01, 8.693312495487427738e-02, 3.795482491764802790e-01
3.899627842414811751e-01, 1.435477810714657354e-01, 8.693777206100052057e-02, 3.795516626260524995e-01
3.899919214129405343e-01, 1.435105969588045816e-01, 8.694242495670458093e-02, 3.795550566715502616e-01
3.900210423743429300e-01, 1.434734426646533112e-01, 8.694708364174623394e-02, 3.795584313192575943e-01
3.900501471277837418e-01, 1.434363181808715193e-01, 8.695174811588254893e-02, 3.795617865754621900e-01
3.900792356753630674e-01, 1.433992234993130277e-01, 8.695641837886802783e-02, 3.795651224464559048e-01
3.901083080191852792e-01, 1.433621586118255797e-01, 8.696109443045460519e-02, 3.795684389385344804e-01
3.901373641613598564e-01, 1.433251235102509791e-01, 8.696577627039171754e-02, 3.795717360579975441e-01
3.901664041040006081e-01, 1.432881181864249509e-01, 8.697046389842598424e-02, 3.795750138111485539e-01
3.901954278492260619e-01, 1.432511426321773917e-01, 8.697515731430162378e-02, 3.795782722042949087e-01
3.902244353991593528e-01, 1.432141968393322584e-01, 8.697985651776025950e-02, 3.795815112437481154e-01
3.902534267559283898e-01, 1.431772807997074293e-01, 8.698456150854076696e-02, 3.795847309358234556e-01
3.902824019216654117e-01, 1.431403945051149817e-01, 8.698927228637948206e-02, 3.795879312868401523e-01
3.903113608985076532e-01, 1.431035379473609981e-01, 8.699398885101017331e-02, 3.795911123031211476e-01
3.903403036885964572e-01, 1.430667111182456763e-01, 8.699871120216395859e-02, 3.795942739909938246e-01
3.903692302940785508e-01, 1.430299140095632748e-01, 8.700343933956938836e-02, 3.795974163567888970e-01
3.903981407171042695e-01, 1.429931466131021678e-01, 8.700817326295225140e-02, 3.796005394068411309e-01
3.904270349598296663e-01, 1.429564089206448174e-01, 8.701291297203593567e-02, 3.796036431474895667e-01
3.904559130244144582e-01, 1.429197009239677740e-01, 8.701765846654098413e-02, 3.796067275850767420e-01
3.904847749130235801e-01, 1.428830226148417315e-01, 8.702240974618549729e-02, 3.796097927259491356e-01
3.905136206278261857e-01, 1.428463739850315828e-01, 8.702716681068471682e-02, 3.796128385764574453e-01
3.905424501709962581e-01, 1.428097550262961979e-01, 8.703192965975152517e-02, 3.796158651429560882e-01
3.905712635447125547e-01, 1.427731657303885904e-01, 8.703669829309594597e-02, 3.796188724318029228e-01
3.906000607511578848e-01, 1.427366060890561672e-01, 8.704147271042547707e-02, 3.796218604493605264e-01
3.906288417925200540e-01, 1.427000760940401736e-01, 8.704625291144497956e-02, 3.796248292019948622e-01
3.906576066709914197e-01, 1.426635757370762203e-01, 8.705103889585649735e-02, 3.796277786960760015e-01
3.906863553887688356e-01, 1.426271050098939785e-01, 8.705583066335967346e-02, 3.796307089379776234e-01
3.907150879480537631e-01, 1.425906639042173463e-01, 8.706062821365125048e-02, 3.796336199340775708e-01
3.907438043510524928e-01, 1.425542524117643650e-01, 8.706543154642551463e-02, 3.796365116907575166e-01
3.907725045999755342e-01, 1.425178705242473864e-01, 8.707024066137403207e-02, 3.796393842144030195e-01
3.908011886970381710e-01, 1.424815182333727670e-01, 8.707505555818559340e-02, 3.796422375114034686e-01
3.908298566444600719e-01, 1.424451955308412010e-01, 8.707987623654649123e-02, 3.796450715881523608e-01
3.908585084444656799e-01, 1.424089024083475263e-01, 8.708470269614018711e-02, 3.796478864510465234e-01
3.908871440992842672e-01, 1.423726388575808910e-01, 8.708953493664758905e-02, 3.796506821064872805e-01
3.909157636111489365e-01, 1.423364048702245588e-01, 8.709437295774689891e-02, 3.796534585608795642e-01
3.909443669822980638e-01, 1.423002004379560759e-01, 8.709921675911357075e-02, 3.796562158206322479e-01
3.909729542149742998e-01, 1.422640255524472430e-01, 8.710406634042044960e-02, 3.796589538921579798e-01
3.910015253114246803e-01, 1.422278802053640601e-01, 8.710892170133766044e-02, 3.796616727818735160e-01
3.910300802739013482e-01, 1.421917643883668925e-01, 8.711378284153267759e-02, 3.796643724961991095e-01
3.910586191046603877e-01, 1.421556780931101660e-01, 8.711864976067019983e-02, 3.796670530415592881e-01
3.910871418059627680e-01, 1.421196213112427276e-01, 8.712352245841227527e-02, 3.796697144243822430e-01
3.911156483800740102e-01, 1.420835940344077342e-01, 8.712840093441830136e-02, 3.796723566511000514e-01
3.911441388292641874e-01, 1.420475962542424309e-01, 8.713328518834487224e-02, 3.796749797281485650e-01
3.911726131558078134e-01, 1.420116279623785671e-01, 8.713817521984594527e-02, 3.796775836619677436e-01
3.912010713619837876e-01, 1.419756891504420360e-01, 8.714307102857274390e-02, 3.796801684590013215e-01
3.912295134500762273e-01, 1.419397798100532071e-01, 8.714797261417378538e-02, 3.796827341256968080e-01
3.912579394223730245e-01, 1.419038999328265105e-01, 8.715287997629483918e-02, 3.796852806685057091e-01
3.912863492811668453e-01, 1.418680495103709083e-01, 8.715779311457901024e-02, 3.796878080938833055e-01
3.913147430287551853e-01, 1.418322285342895617e-01, 8.716271202866662793e-02, 3.796903164082887638e-01
3.913431206674397589e-01, 1.417964369961799698e-01, 8.716763671819525994e-02, 3.796928056181849143e-01
3.913714821995269988e-01, 1.417606748876341083e-01, 8.717256718279992045e-02, 3.796952757300389170e-01
3.913998276273277233e-01, 1.417249422002381798e-01, 8.717750342211265380e-02, 3.796977267503213738e-01
3.914281569531573024e-01, 1.416892389255726969e-01, 8.718244543576295080e-02, 3.797001586855070498e-01
3.914564701793357138e-01, 1.416535650552125936e-01, 8.718739322337741571e-02, 3.797025715420741521e-01
3.914847673081874313e-01, 1.416179205807272246e-01, 8.719234678458007148e-02, 3.797049653265052727e-01
3.915130483420414254e-01, 1.415823054936801995e-01, 8.719730611899202677e-02, 3.797073400452862790e-01
3.915413132832311627e-01, 1.415467197856296322e-01, 8.720227122623176730e-02, 3.797096957049074795e-01
3.915695621340948285e-01, 1.415111634481278358e-01, 8.720724210591497549e-02, 3.797120323118624574e-01
3.915977948969745492e-01, 1.414756364727217941e-01, 8.721221875765453047e-02, 3.797143498726490707e-01
3.916260115742178360e-01, 1.414401388509525792e-01, 8.721720118106060515e-02, 3.797166483937690074e-01
3.916542121681759747e-01, 1.414046705743559340e-01, 8.722218937574062469e-02, 3.797189278817274527e-01
3.916823966812050806e-01, 1.413692316344618838e-01, 8.722718334129923867e-02, 3.797211883430338664e-01
3.917105651156657098e-01, 1.413338220227948749e-01, 8.723218307733822396e-02, 3.797234297842012607e-01
3.917387174739229150e-01, 1.412984417308737473e-01, 8.723718858345676230e-02, 3.797256522117465338e-01
3.917668537583463007e-01, 1.412630907502119837e-01, 8.724219985925112109e-02, 3.797278556321906917e-01
3.917949739713099677e-01, 1.412277690723171553e-01, 8.724721690431480603e-02, 3.797300400520580155e-01
3.918230781151923470e-01, 1.411924766886916427e-01, 8.725223971823858893e-02, 3.797322054778773381e-01
3.918511661923766431e-01, 1.411572135908321091e-01, 8.725726830061046602e-02, 3.797343519161809344e-01
3.918792382052503354e-01, 1.411219797702295553e-01, 8.726230265101553307e-02, 3.797364793735046318e-01
3.919072941562053436e-01, 1.410867752183696811e-01, 8.726734276903616583e-02, 3.797385878563887540e-01
3.919353340476385283e-01, 1.410515999267325793e-01, 8.727238865425197833e-02, 3.797406773713770112e-01
3.919633578819504693e-01, 1.410164538867927086e-01, 8.727744030623971194e-02, 3.797427479250170546e-01
3.919913656615469089e-01, 1.409813370900192264e-01, 8.728249772457331856e-02, 3.797447995238604213e-01
3.920193573888379746e-01, 1.409462495278756000e-01, 8.728756090882400231e-02, 3.797468321744624786e-01
3.920473330662377354e-01, 1.409111911918198845e-01, 8.729262985856009460e-02, 3.797488458833822578e-01
3.920752926961653673e-01, 1.408761620733046671e-01, 8.729770457334708189e-02, 3.797508406571828976e-01
3.921032362810442651e-01, 1.408411621637769562e-01, 8.730278505274775835e-02, 3.797528165024310898e-01
3.921311638233022090e-01, 1.408061914546783477e-01, 8.730787129632193444e-02, 3.797547734256975227e-01
3.921590753253716422e-01, 1.407712499374449422e-01, 8.731296330362674218e-02, 3.797567114335566596e-01
3.921869707896892820e-01, 1.407363376035074831e-01, 8.731806107421644092e-02, 3.797586305325869049e-01
3.922148502186963981e-01, 1.407014544442910520e-01, 8.732316460764230626e-02, 3.797605307293702714e-01
3.922427136148388116e-01, 1.406666004512154289e-01, 8.732827390345308805e-02, 3.797624120304927131e-01
3.922705609805666183e-01, 1.406317756156948706e-01, 8.733338896119435812e-02, 3.797642744425441808e-01
3.922983923183345767e-01, 1.405969799291382771e-01, 8.733850978040914870e-02, 3.797661179721179558e-01
3.923262076306018309e-01, 1.405622133829489973e-01, 8.734363636063736946e-02, 3.797679426258118163e-01
3.923540069198316882e-01, 1.405274759685251618e-01, 8.734876870141633498e-02, 3.797697484102267595e-01
3.923817901884925630e-01, 1.404927676772591838e-01, 8.735390680228033444e-02, 3.797715353319678910e-01
3.924095574390566443e-01, 1.404580885005383417e-01, 8.735905066276085373e-02, 3.797733033976442019e-01
3.924373086740008398e-01, 1.404234384297443350e-01, 8.736420028238657542e-02, 3.797750526138682359e-01
3.924650438958066645e-01, 1.403888174562535063e-01, 8.736935566068322612e-02, 3.797767829872567003e-01
3.924927631069598521e-01, 1.403542255714368969e-01, 8.737451679717367359e-02, 3.797784945244296329e-01
3.925204663099506885e-01, 1.403196627666599416e-01, 8.737968369137796842e-02, 3.797801872320113459e-01
3.925481535072737893e-01, 1.402851290332829681e-01, 8.738485634281333014e-02, 3.797818611166299263e-01
3.925758247014282665e-01, 1.402506243626607807e-01, 8.739003475099398066e-02, 3.797835161849169583e-01
3.926034798949177840e-01, 1.402161487461427436e-01, 8.739521891543133858e-02, 3.797851524435081338e-01
3.926311190902503356e-01, 1.401817021750730585e-01, 8.740040883563393592e-02, 3.797867698990428087e-01
3.926587422899381341e-01, 1.401472846407903483e-01, 8.740560451110737650e-02, 3.797883685581641133e-01
3.926863494964982215e-01, 1.401128961346281010e-01, 8.741080594135443305e-02, 3.797899484275191750e-01
3.927139407124519144e-01, 1.400785366479143368e-01, 8.741601312587493622e-02, 3.797915095137588404e-01
3.927415159403249145e-01, 1.400442061719717746e-01, 8.742122606416585784e-02, 3.797930518235375086e-01
3.927690751826470317e-01, 1.400099046981177764e-01, 8.742644475572121376e-02, 3.797945753635139088e-01
3.927966184419532381e-01, 1.399756322176644308e-01, 8.743166920003218878e-02, 3.797960801403502118e-01
3.928241457207821696e-01, 1.399413887219184138e-01, 8.743689939658699783e-02, 3.797975661607123077e-01
3.928516570216775139e-01, 1.399071742021812670e-01, 8.744213534487099704e-02, 3.797990334312702498e-01
3.928791523471867886e-01, 1.398729886497490360e-01, 8.744737704436657266e-02, 3.798004819586975889e-01
3.929066316998623409e-01, 1.398388320559125764e-01, 8.745262449455322440e-02, 3.798019117496718722e-01
3.929340950822607370e-01, 1.398047044119574700e-01, 8.745787769490755148e-02, 3.798033228108743109e-01
3.929615424969429838e-01, 1.397706057091638865e-01, 8.746313664490318329e-02, 3.798047151489899464e-01
3.929889739464746401e-01, 1.397365359388069161e-01, 8.746840134401084876e-02, 3.798060887707075950e-01
3.930163894334253727e-01, 1.397024950921562092e-01, 8.747367179169833473e-02, 3.798074436827201805e-01
3.930437889603694557e-01, 1.396684831604761701e-01, 8.747894798743049982e-02, 3.798087798917238467e-01
3.930711725298856596e-01, 1.396345001350260961e-01, 8.748422993066923281e-02, 3.798100974044190670e-01
3.930985401445568073e-01, 1.396005460070597615e-01, 8.748951762087352202e-02, 3.798113962275099231e-01
3.931258918069704955e-01, 1.395666207678259996e-01, 8.749481105749942755e-02, 3.798126763677041606e-01
3.931532275197184845e-01, 1.395327244085680929e-01, 8.750011023999997029e-02, 3.798139378317134662e-01
3.931805472853969752e-01, 1.394988569205243834e-01, 8.750541516782531226e-02, 3.798151806262532459e-01
3.932078511066065540e-01, 1.394650182949277728e-01, 8.751072584042260405e-02, 3.798164047580429581e-01
3.932351389859523039e-01, 1.394312085230061116e-01, 8.751604225723609576e-02, 3.798176102338054472e-01
3.932624109260436374e-01, 1.393974275959818099e-01, 8.752136441770698438e-02, 3.798187970602676100e-01
3.932896669294940750e-01, 1.393636755050722542e-01, 8.752669232127355259e-02, 3.798199652441601182e-01
3.933169069989220779e-01, 1.393299522414895852e-01, 8.753202596737111318e-02, 3.798211147922173070e-01
3.933441311369497706e-01, 1.392962577964406978e-01, 8.753736535543202302e-02, 3.798222457111774530e-01
3.933713393462044405e-01, 1.392625921611273798e-01, 8.754271048488562745e-02, 3.798233580077826077e-01
3.933985316293172052e-01, 1.392289553267461177e-01, 8.754806135515824650e-02, 3.798244516887784861e-01
3.934257079889236230e-01, 1.391953472844882911e-01, 8.755341796567335522e-02, 3.798255267609146890e-01
3.934528684276639154e-01, 1.391617680255401168e-01, 8.755878031585132004e-02, 3.798265832309446477e-01
3.934800129481823006e-01, 1.391282175410826494e-01, 8.756414840510952369e-02, 3.798276211056255680e-01
3.935071415531277150e-01, 1.390946958222917251e-01, 8.756952223286243453e-02, 3.798286403917182086e-01
3.935342542451530368e-01, 1.390612028603380734e-01, 8.757490179852144008e-02, 3.798296410959874359e-01
3.935613510269159732e-01, 1.390277386463871778e-01, 8.758028710149491636e-02, 3.798306232252018910e-01
3.935884319010783394e-01, 1.389943031715995259e-01, 8.758567814118831119e-02, 3.798315867861337125e-01
3.936154968703063917e-01, 1.389608964271304703e-01, 8.759107491700403314e-02, 3.798325317855592576e-01
3.936425459372703828e-01, 1.389275184041300626e-01, 8.759647742834145157e-02, 3.798334582302581031e-01
3.936695791046457282e-01, 1.388941690937433582e-01, 8.760188567459692432e-02, 3.798343661270141003e-01
3.936965963751112851e-01, 1.388608484871102500e-01, 8.760729965516379780e-02, 3.798352554826145977e-01
3.937235977513509622e-01, 1.388275565753655794e-01, 8.761271936943242078e-02, 3.798361263038509961e-01
3.937505832360526647e-01, 1.387942933496389697e-01, 8.761814481679008892e-02, 3.798369785975182489e-01
3.937775528319087393e-01, 1.387610588010550483e-01, 8.762357599662107255e-02, 3.798378123704150844e-01
3.938045065416157509e-01, 1.387278529207333078e-01, 8.762901290830660272e-02, 3.798386276293442276e-01
3.938314443678748167e-01, 1.386946756997881891e-01, 8.763445555122482966e-02, 3.798394243811120674e-01
3.938583663133914392e-01, 1.386615271293289153e-01, 8.763990392475096147e-02, 3.798402026325287117e-01
3.938852723808751732e-01, 1.386284072004597689e-01, 8.764535802825706989e-02, 3.798409623904079324e-01
3.939121625730401255e-01, 1.385953159042798977e-01, 8.765081786111222906e-02, 3.798417036615676645e-01
3.939390368926046770e-01, 1.385622532318834532e-01, 8.765628342268243223e-02, 3.798424264528294514e-01
3.939658953422914833e-01, 1.385292191743594803e-01, 8.766175471233067507e-02, 3.798431307710183891e-01
3.939927379248276407e-01, 1.384962137227919443e-01, 8.766723172941681685e-02, 3.798438166229635704e-01
3.940195646429445198e-01, 1.384632368682597592e-01, 8.767271447329766376e-02, 3.798444840154980850e-01
3.940463754993779877e-01, 1.384302886018368428e-01, 8.767820294332696884e-02, 3.798451329554581868e-01
3.940731704968679083e-01, 1.383973689145920338e-01, 8.768369713885550143e-02, 3.798457634496845148e-01
3.940999496381588085e-01, 1.383644777975892304e-01, 8.768919705923078345e-02, 3.798463755050212054e-01
3.941267129259992119e-01, 1.383316152418871958e-01, 8.769470270379745025e-02, 3.798469691283162253e-01
3.941534603631423606e-01, 1.382987812385396698e-01, 8.770021407189683427e-02, 3.798475443264211493e-01
3.941801919523453823e-01, 1.382659757785954791e-01, 8.770573116286740911e-02, 3.798481011061917156e-01
3.942069076963700680e-01, 1.382331988530984268e-01, 8.771125397604447038e-02, 3.798486394744870487e-01
3.942336075979824273e-01, 1.382004504530871536e-01, 8.771678251076013566e-02, 3.798491594381702696e-01
3.942602916599526885e-01, 1.381677305695955260e-01, 8.772231676634353881e-02, 3.798496610041081634e-01
3.942869598850554103e-01, 1.381350391936523314e-01, 8.772785674212070506e-02, 3.798501441791714006e-01
3.943136122760697027e-01, 1.381023763162812779e-01, 8.773340243741449551e-02, 3.798506089702345934e-01
3.943402488357786728e-01, 1.380697419285012439e-01, 8.773895385154469040e-02, 3.798510553841754067e-01
3.943668695669697577e-01, 1.380371360213260290e-01, 8.774451098382801684e-02, 3.798514834278761132e-01
3.943934744724350017e-01, 1.380045585857645474e-01, 8.775007383357801005e-02, 3.798518931082225381e-01
3.944200635549703904e-01, 1.379720096128206619e-01, 8.775564240010508277e-02, 3.798522844321038372e-01
3.944466368173764614e-01, 1.379394890934933227e-01, 8.776121668271663623e-02, 3.798526574064134964e-01
3.944731942624580268e-01, 1.379069970187765670e-01, 8.776679668071681040e-02, 3.798530120380485542e-01
3.944997358930241171e-01, 1.378745333796594086e-01, 8.777238239340670600e-02, 3.798533483339098793e-01
3.945262617118880377e-01, 1.378420981671260037e-01, 8.777797382008425964e-02, 3.798536663009018377e-01
3.945527717218673680e-01, 1.378096913721554850e-01, 8.778357096004425764e-02, 3.798539659459327367e-01
3.945792659257841284e-01, 1.377773129857221834e-01, 8.778917381257837771e-02, 3.798542472759151578e-01
3.946057443264646136e-01, 1.377449629987953506e-01, 8.779478237697520282e-02, 3.798545102977646803e-01
3.946322069267394483e-01, 1.377126414023395473e-01, 8.780039665252002690e-02, 3.798547550184010468e-01
3.946586537294431429e-01, 1.376803481873140333e-01, 8.780601663849509075e-02, 3.798549814447475526e-01
3.946850847374152038e-01, 1.376480833446735719e-01, 8.781164233417954046e-02, 3.798551895837316561e-01
3.947114999534985791e-01, 1.376158468653678746e-01, 8.781727373884921917e-02, 3.798553794422843688e-01
3.947378993805412684e-01, 1.375836387403416294e-01, 8.782291085177686141e-02, 3.798555510273401992e-01
3.947642830213949905e-01, 1.375514589605348614e-01, 8.782855367223212084e-02, 3.798557043458380966e-01
3.947906508789162383e-01, 1.375193075168824330e-01, 8.783420219948137597e-02, 3.798558394047198972e-01
3.948170029559652794e-01, 1.374871844003146826e-01, 8.783985643278792443e-02, 3.798559562109320997e-01
3.948433392554071553e-01, 1.374550896017567858e-01, 8.784551637141181646e-02, 3.798560547714242008e-01
3.948696597801107377e-01, 1.374230231121292001e-01, 8.785118201460989651e-02, 3.798561350931501379e-01
3.948959645329493950e-01, 1.373909849223474422e-01, 8.785685336163590042e-02, 3.798561971830672346e-01
3.949222535168009918e-01, 1.373589750233221718e-01, 8.786253041174038603e-02, 3.798562410481364227e-01
3.949485267345470563e-01, 1.373269934059592745e-01, 8.786821316417062211e-02, 3.798562666953230194e-01
3.949747841890739464e-01, 1.372950400611597233e-01, 8.787390161817081047e-02, 3.798562741315956170e-01
3.950010258832720167e-01, 1.372631149798196892e-01, 8.787959577298184999e-02, 3.798562633639265274e-01
3.950272518200358962e-01, 1.372312181528304031e-01, 8.788529562784147542e-02, 3.798562343992921142e-01
3.950534620022647658e-01, 1.371993495710784883e-01, 8.789100118198425737e-02, 3.798561872446724053e-01
3.950796564328616367e-01, 1.371675092254454609e-01, 8.789671243464147743e-02, 3.798561219070513140e-01
3.951058351147340164e-01, 1.371356971068083130e-01, 8.790242938504126691e-02, 3.798560383934164175e-01
3.951319980507937979e-01, 1.371039132060389854e-01, 8.790815203240852360e-02, 3.798559367107586793e-01
3.951581452439567044e-01, 1.370721575140046999e-01, 8.791388037596489791e-02, 3.798558168660736145e-01
3.951842766971431775e-01, 1.370404300215678772e-01, 8.791961441492884832e-02, 3.798556788663600692e-01
3.952103924132775448e-01, 1.370087307195862192e-01, 8.792535414851561371e-02, 3.798555227186206085e-01
3.952364923952887410e-01, 1.369770595989124318e-01, 8.793109957593715775e-02, 3.798553484298616278e-01
3.952625766461097534e-01, 1.369454166503946690e-01, 8.793685069640223839e-02, 3.798551560070935196e-01
3.952886451686777325e-01, 1.369138018648760613e-01, 8.794260750911635227e-02, 3.798549454573297846e-01
3.953146979659342697e-01, 1.368822152331952424e-01, 8.794837001328179027e-02, 3.798547167875886421e-01
3.953407350408250087e-01, 1.368506567461858225e-01, 8.795413820809762362e-02, 3.798544700048916978e-01
3.953667563963001452e-01, 1.368191263946767766e-01, 8.795991209275953737e-02, 3.798542051162636102e-01
3.953927620353135386e-01, 1.367876241694922779e-01, 8.796569166646012183e-02, 3.798539221287340339e-01
3.954187519608240997e-01, 1.367561500614518644e-01, 8.797147692838860888e-02, 3.798536210493355658e-01
3.954447261757941812e-01, 1.367247040613700226e-01, 8.797726787773102464e-02, 3.798533018851047993e-01
3.954706846831909095e-01, 1.366932861600568538e-01, 8.798306451367009229e-02, 3.798529646430821582e-01
3.954966274859856301e-01, 1.366618963483174909e-01, 8.798886683538527376e-02, 3.798526093303116746e-01
3.955225545871535187e-01, 1.366305346169523760e-01, 8.799467484205276968e-02, 3.798522359538413773e-01
3.955484659896742472e-01, 1.365992009567572885e-01, 8.800048853284549166e-02, 3.798518445207229588e-01
3.955743616965317067e-01, 1.365678953585231503e-01, 8.800630790693310390e-02, 3.798514350380118865e-01
3.956002417107142843e-01, 1.365366178130363872e-01, 8.801213296348193993e-02, 3.798510075127672914e-01
3.956261060352140868e-01, 1.365053683110785121e-01, 8.801796370165509975e-02, 3.798505619520524124e-01
3.956519546730277170e-01, 1.364741468434263194e-01, 8.802380012061226944e-02, 3.798500983629337080e-01
3.956777876271559413e-01, 1.364429534008520239e-01, 8.802964221951001256e-02, 3.798496167524819667e-01
3.957036049006038558e-01, 1.364117879741231221e-01, 8.803548999750150650e-02, 3.798491171277714740e-01
3.957294064963807756e-01, 1.363806505540023917e-01, 8.804134345373661186e-02, 3.798485994958801792e-01
3.957551924174999569e-01, 1.363495411312478367e-01, 8.804720258736191407e-02, 3.798480638638902507e-01
3.957809626669793746e-01, 1.363184596966129647e-01, 8.805306739752064016e-02, 3.798475102388870206e-01
3.958067172478407780e-01, 1.362874062408463427e-01, 8.805893788335276973e-02, 3.798469386279601512e-01
3.958324561631101912e-01, 1.362563807546921524e-01, 8.806481404399493784e-02, 3.798463490382026908e-01
3.958581794158182454e-01, 1.362253832288896904e-01, 8.807069587858039339e-02, 3.798457414767116846e-01
3.958838870089991246e-01, 1.361944136541737571e-01, 8.807658338623920724e-02, 3.798451159505878971e-01
3.959095789456919534e-01, 1.361634720212743233e-01, 8.808247656609802245e-02, 3.798444724669358119e-01
3.959352552289393534e-01, 1.361325583209168077e-01, 8.808837541728006815e-02, 3.798438110328637984e-01
3.959609158617887759e-01, 1.361016725438219666e-01, 8.809427993890539543e-02, 3.798431316554837789e-01
3.959865608472916687e-01, 1.360708146807059760e-01, 8.810019013009068312e-02, 3.798424343419116722e-01
3.960121901885034768e-01, 1.360399847222802383e-01, 8.810610598994914056e-02, 3.798417190992672277e-01
3.960378038884838636e-01, 1.360091826592516040e-01, 8.811202751759079910e-02, 3.798409859346736916e-01
3.960634019502971559e-01, 1.359784084823223160e-01, 8.811795471212222064e-02, 3.798402348552583629e-01
3.960889843770113994e-01, 1.359476621821899545e-01, 8.812388757264663641e-02, 3.798394658681521485e-01
3.961145511716990253e-01, 1.359169437495474086e-01, 8.812982609826393310e-02, 3.798386789804896191e-01
3.961401023374365171e-01, 1.358862531750831548e-01, 8.813577028807063896e-02, 3.798378741994095642e-01
3.961656378773050213e-01, 1.358555904494808397e-01, 8.814172014115992382e-02, 3.798370515320541596e-01
3.961911577943892371e-01, 1.358249555634197248e-01, 8.814767565662155746e-02, 3.798362109855694668e-01
3.962166620917785265e-01, 1.357943485075742140e-01, 8.815363683354190960e-02, 3.798353525671053776e-01
3.962421507725661374e-01, 1.357637692726143264e-01, 8.815960367100407480e-02, 3.798344762838154476e-01
3.962676238398497586e-01, 1.357332178492054453e-01, 8.816557616808765041e-02, 3.798335821428571735e-01
3.962930812967311311e-01, 1.357026942280082915e-01, 8.817155432386886149e-02, 3.798326701513916603e-01
3.963185231463162150e-01, 1.356721983996790892e-01, 8.817753813742067182e-02, 3.798317403165840100e-01
3.963439493917152445e-01, 1.356417303548695108e-01, 8.818352760781247857e-02, 3.798307926456028771e-01
3.963693600360425062e-01, 1.356112900842264823e-01, 8.818952273411036213e-02, 3.798298271456206909e-01
3.963947550824163946e-01, 1.355808775783926001e-01, 8.819552351537703061e-02, 3.798288438238139886e-01
3.964201345339598559e-01, 1.355504928280057142e-01, 8.820152995067173651e-02, 3.798278426873627489e-01
3.964454983937995003e-01, 1.355201358236992615e-01, 8.820754203905031843e-02, 3.798268237434508920e-01
3.964708466650667118e-01, 1.354898065561020160e-01, 8.821355977956522876e-02, 3.798257869992660574e-01
3.964961793508964827e-01, 1.354595050158382274e-01, 8.821958317126550597e-02, 3.798247324619996035e-01
3.965214964544284681e-01, 1.354292311935277049e-01, 8.822561221319684399e-02, 3.798236601388471079e-01
3.965467979788060426e-01, 1.353989850797855943e-01, 8.823164690440125912e-02, 3.798225700370071456e-01
3.965720839271771880e-01, 1.353687666652225174e-01, 8.823768724391760354e-02, 3.798214621636826771e-01
3.965973543026935499e-01, 1.353385759404446831e-01, 8.824373323078120446e-02, 3.798203365260806041e-01
3.966226091085117145e-01, 1.353084128960536370e-01, 8.824978486402389188e-02, 3.798191931314107705e-01
3.966478483477914874e-01, 1.352782775226465117e-01, 8.825584214267412353e-02, 3.798180319868878496e-01
3.966730720236978369e-01, 1.352481698108159436e-01, 8.826190506575695705e-02, 3.798168530997294012e-01
3.966982801393989511e-01, 1.352180897511498781e-01, 8.826797363229386961e-02, 3.798156564771573152e-01
3.967234726980679027e-01, 1.351880373342319586e-01, 8.827404784130296611e-02, 3.798144421263971449e-01
3.967486497028814285e-01, 1.351580125506412211e-01, 8.828012769179897912e-02, 3.798132100546782741e-01
3.967738111570210391e-01, 1.351280153909522885e-01, 8.828621318279300523e-02, 3.798119602692335284e-01
3.967989570636718533e-01, 1.350980458457351763e-01, 8.829230431329279649e-02, 3.798106927773001185e-01
3.968240874260232087e-01, 1.350681039055555699e-01, 8.829840108230258000e-02, 3.798094075861186414e-01
3.968492022472687730e-01, 1.350381895609744920e-01, 8.830450348882316891e-02, 3.798081047029334689e-01
3.968743015306064326e-01, 1.350083028025486354e-01, 8.831061153185187917e-02, 3.798067841349930807e-01
3.968993852792380150e-01, 1.349784436208301686e-01, 8.831672521038248791e-02, 3.798054458895492869e-01
3.969244534963696780e-01, 1.349486120063667915e-01, 8.832284452340537217e-02, 3.798040899738581166e-01
3.969495061852117423e-01, 1.349188079497017634e-01, 8.832896946990738407e-02, 3.798027163951791518e-01
3.969745433489784703e-01, 1.348890314413737634e-01, 8.833510004887189238e-02, 3.798013251607759155e-01
3.969995649908883983e-01, 1.348592824719172245e-01, 8.834123625927876866e-02, 3.797999162779155946e-01
3.970245711141644485e-01, 1.348295610318619997e-01, 8.834737810010434567e-02, 3.797984897538692062e-01
3.970495617220332618e-01, 1.347998671117334735e-01, 8.835352557032158383e-02, 3.797970455959115976e-01
3.970745368177260315e-01, 1.347702007020527559e-01, 8.835967866889977984e-02, 3.797955838113215021e-01
3.970994964044778919e-01, 1.347405617933362110e-01, 8.836583739480478872e-02, 3.797941044073810946e-01
3.971244404855279186e-01, 1.347109503760961779e-01, 8.837200174699899602e-02, 3.797926073913768241e-01
3.971493690641197949e-01, 1.346813664408401667e-01, 8.837817172444117908e-02, 3.797910927705988038e-01
3.971742821435010895e-01, 1.346518099780716071e-01, 8.838434732608664579e-02, 3.797895605523406437e-01
3.971991797269234792e-01, 1.346222809782892660e-01, 8.839052855088716520e-02, 3.797880107439001174e-01
3.972240618176428595e-01, 1.345927794319876081e-01, 8.839671539779099529e-02, 3.797864433525784400e-01
3.972489284189193448e-01, 1.345633053296566850e-01, 8.840290786574281356e-02, 3.797848583856811011e-01
3.972737795340169908e-01, 1.345338586617821630e-01, 8.840910595368382807e-02, 3.797832558505169764e-01
3.972986151662040166e-01, 1.345044394188452119e-01, 8.841530966055169416e-02, 3.797816357543989940e-01
3.973234353187531931e-01, 1.344750475913226717e-01, 8.842151898528038956e-02, 3.797799981046438011e-01
3.973482399949407329e-01, 1.344456831696870247e-01, 8.842773392680053357e-02, 3.797783429085717644e-01
3.973730291980474560e-01, 1.344163461444062846e-01, 8.843395448403909564e-02, 3.797766701735071915e-01
3.973978029313582905e-01, 1.343870365059441074e-01, 8.844018065591947864e-02, 3.797749799067781096e-01
3.974225611981621054e-01, 1.343577542447598472e-01, 8.844641244136158820e-02, 3.797732721157164315e-01
3.974473040017520442e-01, 1.343284993513084169e-01, 8.845264983928165237e-02, 3.797715468076578449e-01
3.974720313454253584e-01, 1.342992718160403165e-01, 8.845889284859245749e-02, 3.797698039899418676e-01
3.974967432324833516e-01, 1.342700716294017993e-01, 8.846514146820309843e-02, 3.797680436699116813e-01
3.975214396662316019e-01, 1.342408987818346777e-01, 8.847139569701924222e-02, 3.797662658549144643e-01
3.975461206499797950e-01, 1.342117532637763511e-01, 8.847765553394276727e-02, 3.797644705523011699e-01
3.975707861870414472e-01, 1.341826350656600553e-01, 8.848392097787220745e-02, 3.797626577694264705e-01
3.975954362807344600e-01, 1.341535441779143634e-01, 8.849019202770225245e-02, 3.797608275136489242e-01
3.976200709343810091e-01, 1.341244805909639348e-01, 8.849646868232423358e-02, 3.797589797923308641e-01
3.976446901513070453e-01, 1.340954442952286274e-01, 8.850275094062569348e-02, 3.797571146128385644e-01
3.976692939348429601e-01, 1.340664352811243853e-01, 8.850903880149080249e-02, 3.797552319825419076e-01
3.976938822883229752e-01, 1.340374535390624344e-01, 8.851533226379984520e-02, 3.797533319088148285e-01
3.977184552150854202e-01, 1.340084990594499759e-01, 8.852163132642965060e-02, 3.797514143990348701e-01
3.977430127184732322e-01, 1.339795718326897978e-01, 8.852793598825353660e-02, 3.797494794605835167e-01
3.977675548018327345e-01, 1.339506718491802473e-01, 8.853424624814096311e-02, 3.797475271008459163e-01
3.977920814685151352e-01, 1.339217990993155638e-01, 8.854056210495796220e-02, 3.797455573272114360e-01
3.978165927218750841e-01, 1.338929535734854348e-01, 8.854688355756684670e-02, 3.797435701470727176e-01
3.978410885652716167e-01, 1.338641352620754954e-01, 8.855321060482629347e-02, 3.797415655678264557e-01
3.978655690020681535e-01, 1.338353441554668843e-01, 8.855954324559146829e-02, 3.797395435968734523e-01
3.978900340356317233e-01, 1.338065802440365493e-01, 8.856588147871372052e-02, 3.797375042416178959e-01
3.979144836693337406e-01, 1.337778435181570802e-01, 8.857222530304094399e-02, 3.797354475094681936e-01
3.979389179065497828e-01, 1.337491339681968205e-01, 8.857857471741722999e-02, 3.797333734078360834e-01
3.979633367506593133e-01, 1.337204515845198116e-01, 8.858492972068311710e-02, 3.797312819441376330e-01
3.979877402050461810e-01, 1.336917963574858481e-01, 8.859129031167542467e-02, 3.797291731257925185e-01
3.980121282730981203e-01, 1.336631682774503116e-01, 8.859765648922739156e-02, 3.797270469602241905e-01
3.980365009582070290e-01, 1.336345673347644480e-01, 8.860402825216846801e-02, 3.797249034548600410e-01
3.980608582637688575e-01, 1.336059935197752846e-01, 8.861040559932462091e-02, 3.797227426171312370e-01
3.980852001931837747e-01, 1.335774468228253520e-01, 8.861678852951802854e-02, 3.797205644544728309e-01
3.981095267498561130e-01, 1.335489272342531841e-01, 8.862317704156721931e-02, 3.797183689743235391e-01
3.981338379371939240e-01, 1.335204347443928741e-01, 8.862957113428704403e-02, 3.797161561841261301e-01
3.981581337586097558e-01, 1.334919693435742682e-01, 8.863597080648866200e-02, 3.797139260913271475e-01
3.981824142175203751e-01, 1.334635310221231608e-01, 8.864237605697956879e-02, 3.797116787033769647e-01
3.982066793173459907e-01, 1.334351197703608216e-01, 8.864878688456356848e-02, 3.797094140277296748e-01
3.982309290615114183e-01, 1.334067355786044407e-01, 8.865520328804078753e-02, 3.797071320718433118e-01
3.982551634534456930e-01, 1.333783784371669889e-01, 8.866162526620754991e-02, 3.797048328431797404e-01
3.982793824965813467e-01, 1.333500483363571354e-01, 8.866805281785666848e-02, 3.797025163492048772e-01
3.983035861943556855e-01, 1.333217452664793023e-01, 8.867448594177708421e-02, 3.797001825973880251e-01
3.983277745502095679e-01, 1.332934692178337488e-01, 8.868092463675407433e-02, 3.796978315952026506e-01
3.983519475675882937e-01, 1.332652201807165426e-01, 8.868736890156929398e-02, 3.796954633501259391e-01
3.983761052499409372e-01, 1.332369981454193386e-01, 8.869381873500056801e-02, 3.796930778696391839e-01
3.984002476007209581e-01, 1.332088031022298780e-01, 8.870027413582198816e-02, 3.796906751612271758e-01
3.984243746233859795e-01, 1.331806350414314333e-01, 8.870673510280405183e-02, 3.796882552323785909e-01
3.984484863213971773e-01, 1.331524939533031693e-01, 8.871320163471338449e-02, 3.796858180905862690e-01
3.984725826982204455e-01, 1.331243798281200041e-01, 8.871967373031296178e-02, 3.796833637433466024e-01
3.984966637573253423e-01, 1.330962926561528314e-01, 8.872615138836202620e-02, 3.796808921981598139e-01
3.985207295021856999e-01, 1.330682324276681594e-01, 8.873263460761604549e-02, 3.796784034625301230e-01
3.985447799362792920e-01, 1.330401991329282496e-01, 8.873912338682671264e-02, 3.796758975439658013e-01
3.985688150630880000e-01, 1.330121927621914502e-01, 8.874561772474201526e-02, 3.796733744499785068e-01
3.985928348860980353e-01, 1.329842133057116127e-01, 8.875211762010623562e-02, 3.796708341880840054e-01
3.986168394087994393e-01, 1.329562607537387309e-01, 8.875862307165982568e-02, 3.796682767658020041e-01
3.986408286346863616e-01, 1.329283350965183574e-01, 8.876513407813947654e-02, 3.796657021906558738e-01
3.986648025672570039e-01, 1.329004363242919373e-01, 8.877165063827807678e-02, 3.796631104701729265e-01
3.986887612100139533e-01, 1.328725644272968076e-01, 8.877817275080490678e-02, 3.796605016118844711e-01
3.987127045664632385e-01, 1.328447193957661698e-01, 8.878470041444525007e-02, 3.796578756233254248e-01
3.987366326401155514e-01, 1.328169012199288956e-01, 8.879123362792082363e-02, 3.796552325120347571e-01
3.987605454344855804e-01, 1.327891098900098876e-01, 8.879777238994943089e-02, 3.796525722855552121e-01
3.987844429530916779e-01, 1.327613453962297740e-01, 8.880431669924511440e-02, 3.796498949514334753e-01
3.988083251994567480e-01, 1.327336077288050753e-01, 8.881086655451818357e-02, 3.796472005172200626e-01
3.988321921771074696e-01, 1.327058968779482317e-01, 8.881742195447503430e-02, 3.796444889904692643e-01
3.988560438895747406e-01, 1.326782128338673539e-01, 8.882398289781837097e-02, 3.796417603787394790e-01
3.988798803403935112e-01, 1.326505555867666386e-01, 8.883054938324708161e-02, 3.796390146895926576e-01
3.989037015331028946e-01, 1.326229251268460085e-01, 8.883712140945622393e-02, 3.796362519305949701e-01
3.989275074712455571e-01, 1.325953214443013062e-01, 8.884369897513698378e-02, 3.796334721093161391e-01
3.989512981583690499e-01, 1.325677445293242107e-01, 8.885028207897691099e-02, 3.796306752333298284e-01
3.989750735980241991e-01, 1.325401943721022935e-01, 8.885687071965950312e-02, 3.796278613102138655e-01
3.989988337937664942e-01, 1.325126709628190458e-01, 8.886346489586467723e-02, 3.796250303475497412e-01
3.990225787491552545e-01, 1.324851742916537400e-01, 8.887006460626832582e-02, 3.796221823529227213e-01
3.990463084677537409e-01, 1.324577043487816241e-01, 8.887666984954260829e-02, 3.796193173339220683e-01
3.990700229531294885e-01, 1.324302611243738104e-01, 8.888328062435577048e-02, 3.796164352981408197e-01
3.990937222088539738e-01, 1.324028446085973310e-01, 8.888989692937235287e-02, 3.796135362531761759e-01
3.991174062385028920e-01, 1.323754547916150826e-01, 8.889651876325292690e-02, 3.796106202066291124e-01
3.991410750456555467e-01, 1.323480916635858817e-01, 8.890314612465430311e-02, 3.796076871661042129e-01
3.991647286338960710e-01, 1.323207552146643817e-01, 8.890977901222937851e-02, 3.796047371392102798e-01
3.991883670068118173e-01, 1.322934454350012390e-01, 8.891641742462721987e-02, 3.796017701335597239e-01
3.992119901679947458e-01, 1.322661623147430299e-01, 8.892306136049304977e-02, 3.795987861567691746e-01
3.992355981210407578e-01, 1.322389058440320841e-01, 8.892971081846817727e-02, 3.795957852164589807e-01
3.992591908695498071e-01, 1.322116760130068736e-01, 8.893636579719009505e-02, 3.795927673202532104e-01
3.992827684171257330e-01, 1.321844728118016510e-01, 8.894302629529242388e-02, 3.795897324757802060e-01
3.993063307673766493e-01, 1.321572962305465893e-01, 8.894969231140484323e-02, 3.795866806906719737e-01
3.993298779239146112e-01, 1.321301462593678644e-01, 8.895636384415323006e-02, 3.795836119725642943e-01
3.993534098903557816e-01, 1.321030228883875446e-01, 8.896304089215953392e-02, 3.795805263290971676e-01
3.993769266703202092e-01, 1.320759261077236457e-01, 8.896972345404184634e-02, 3.795774237679143126e-01
3.994004282674323836e-01, 1.320488559074900758e-01, 8.897641152841434531e-02, 3.795743042966632230e-01
3.994239146853204026e-01, 1.320218122777967740e-01, 8.898310511388735078e-02, 3.795711679229955560e-01
3.994473859276167493e-01, 1.319947952087495713e-01, 8.898980420906710265e-02, 3.795680146545666322e-01
3.994708419979575709e-01, 1.319678046904501911e-01, 8.899650881255621870e-02, 3.795648444990359360e-01
3.994942828999835105e-01, 1.319408407129964433e-01, 8.900321892295319504e-02, 3.795616574640667817e-01
3.995177086373389863e-01, 1.319139032664820299e-01, 8.900993453885273909e-02, 3.795584535573261475e-01
3.995411192136725798e-01, 1.318869923409965728e-01, 8.901665565884551989e-02, 3.795552327864852860e-01
3.995645146326368136e-01, 1.318601079266256415e-01, 8.902338228151841781e-02, 3.795519951592190577e-01
3.995878948978883183e-01, 1.318332500134509200e-01, 8.903011440545431643e-02, 3.795487406832064869e-01
3.996112600130876658e-01, 1.318064185915498732e-01, 8.903685202923214415e-02, 3.795454693661302059e-01
3.996346099818997577e-01, 1.317796136509961080e-01, 8.904359515142694359e-02, 3.795421812156772323e-01
3.996579448079930486e-01, 1.317528351818591237e-01, 8.905034377060976059e-02, 3.795388762395380255e-01
3.996812644950407112e-01, 1.317260831742043670e-01, 8.905709788534782456e-02, 3.795355544454072083e-01
3.997045690467193602e-01, 1.316993576180932601e-01, 8.906385749420427100e-02, 3.795322158409831781e-01
3.997278584667098289e-01, 1.316726585035833119e-01, 8.907062259573834961e-02, 3.795288604339686067e-01
3.997511327586968921e-01, 1.316459858207280065e-01, 8.907739318850536880e-02, 3.795254882320696077e-01
3.997743919263699874e-01, 1.316193395595767202e-01, 8.908416927105668182e-02, 3.795220992429965690e-01
3.997976359734216611e-01, 1.315927197101749158e-01, 8.909095084193963121e-02, 3.795186934744637641e-01
3.998208649035491224e-01, 1.315661262625640038e-01, 8.909773789969760438e-02, 3.795152709341891861e-01
3.998440787204534663e-01, 1.315395592067814534e-01, 8.910453044287010294e-02, 3.795118316298950467e-01
3.998672774278396735e-01, 1.315130185328606538e-01, 8.911132846999250678e-02, 3.795083755693071104e-01
3.998904610294168882e-01, 1.314865042308310528e-01, 8.911813197959635169e-02, 3.795049027601556935e-01
3.999136295288984178e-01, 1.314600162907181846e-01, 8.912494097020906558e-02, 3.795014132101742765e-01
3.999367829300013444e-01, 1.314335547025434758e-01, 8.913175544035421838e-02, 3.794979069271008920e-01
3.999599212364469691e-01, 1.314071194563244394e-01, 8.913857538855131379e-02, 3.794943839186772916e-01
3.999830444519605344e-01, 1.313807105420745913e-01, 8.914540081331578936e-02, 3.794908441926490572e-01
4.000061525802712792e-01, 1.313543279498035066e-01, 8.915223171315930784e-02, 3.794872877567659897e-01
4.000292456251126616e-01, 1.313279716695166521e-01, 8.915906808658921601e-02, 3.794837146187814425e-01
4.000523235902219699e-01, 1.313016416912157758e-01, 8.916590993210915528e-02, 3.794801247864532101e-01
4.000753864793406001e-01, 1.312753380048983787e-01, 8.917275724821850658e-02, 3.794765182675425286e-01
4.000984342962138895e-01, 1.312490606005582150e-01, 8.917961003341280668e-02, 3.794728950698149639e-01
4.001214670445916166e-01, 1.312228094681850143e-01, 8.918646828618347067e-02, 3.794692552010399123e-01
4.001444847282267792e-01, 1.311965845977644818e-01, 8.919333200501795844e-02, 3.794655986689907667e-01
4.001674873508773711e-01, 1.311703859792785476e-01, 8.920020118839962209e-02, 3.794619254814445286e-01
4.001904749163044950e-01, 1.311442136027048677e-01, 8.920707583480781688e-02, 3.794582356461827510e-01
4.002134474282740273e-01, 1.311180674580174899e-01, 8.921395594271790130e-02, 3.794545291709905399e-01
4.002364048905554528e-01, 1.310919475351864094e-01, 8.922084151060118151e-02, 3.794508060636570534e-01
4.002593473069222529e-01, 1.310658538241775417e-01, 8.922773253692478646e-02, 3.794470663319754467e-01
4.002822746811521837e-01, 1.310397863149530551e-01, 8.923462902015200093e-02, 3.794433099837426493e-01
4.003051870170268867e-01, 1.310137449974711210e-01, 8.924153095874189090e-02, 3.794395370267599765e-01
4.003280843183321669e-01, 1.309877298616858587e-01, 8.924843835114952550e-02, 3.794357474688323517e-01
4.003509665888575486e-01, 1.309617408975476682e-01, 8.925535119582593546e-02, 3.794319413177687506e-01
4.003738338323968304e-01, 1.309357780950029249e-01, 8.926226949121808529e-02, 3.794281185813822010e-01
4.003966860527476967e-01, 1.309098414439939240e-01, 8.926919323576873455e-02, 3.794242792674897280e-01
4.004195232537119953e-01, 1.308839309344593527e-01, 8.927612242791677089e-02, 3.794204233839119089e-01
4.004423454390952930e-01, 1.308580465563337902e-01, 8.928305706609683534e-02, 3.794165509384739843e-01
4.004651526127078198e-01, 1.308321882995478747e-01, 8.928999714873955829e-02, 3.794126619390047472e-01
4.004879447783630808e-01, 1.308063561540284137e-01, 8.929694267427153165e-02, 3.794087563933369878e-01
4.005107219398789109e-01, 1.307805501096983569e-01, 8.930389364111514239e-02, 3.794048343093076037e-01
4.005334841010773639e-01, 1.307547701564766018e-01, 8.931085004768875291e-02, 3.794008956947573785e-01
4.005562312657841573e-01, 1.307290162842782433e-01, 8.931781189240657615e-02, 3.793969405575311482e-01
4.005789634378291719e-01, 1.307032884830144348e-01, 8.932477917367880049e-02, 3.793929689054776899e-01
4.006016806210462855e-01, 1.306775867425924165e-01, 8.933175188991138160e-02, 3.793889807464497776e-01
4.006243828192737055e-01, 1.306519110529156813e-01, 8.933873003950629221e-02, 3.793849760883043487e-01
4.006470700363530812e-01, 1.306262614038836145e-01, 8.934571362086128621e-02, 3.793809549389020042e-01
4.006697422761303917e-01, 1.306006377853919376e-01, 8.935270263237007904e-02, 3.793769173061076194e-01
4.006923995424557239e-01, 1.305750401873322641e-01, 8.935969707242218119e-02, 3.793728631977897892e-01
4.007150418391829949e-01, 1.305494685995924331e-01, 8.936669693940300918e-02, 3.793687926218215489e-01
4.007376691701701188e-01, 1.305239230120564808e-01, 8.937370223169384398e-02, 3.793647055860795425e-01
4.007602815392791729e-01, 1.304984034146044747e-01, 8.938071294767181707e-02, 3.793606020984444105e-01
4.007828789503761757e-01, 1.304729097971125962e-01, 8.938772908570992437e-02, 3.793564821668012343e-01
4.008054614073312538e-01, 1.304474421494532244e-01, 8.939475064417701233e-02, 3.793523457990385372e-01
4.008280289140181973e-01, 1.304220004614947692e-01, 8.940177762143777795e-02, 3.793481930030491722e-01
4.008505814743153484e-01, 1.303965847231018937e-01, 8.940881001585278265e-02, 3.793440237867301001e-01
4.008731190921043797e-01, 1.303711949241353196e-01, 8.941584782577836898e-02, 3.793398381579820011e-01
4.008956417712716269e-01, 1.303458310544519105e-01, 8.942289104956675783e-02, 3.793356361247097186e-01
4.009181495157071451e-01, 1.303204931039047554e-01, 8.942993968556596507e-02, 3.793314176948220928e-01
4.009406423293048749e-01, 1.302951810623429740e-01, 8.943699373211989878e-02, 3.793271828762322384e-01
4.009631202159630869e-01, 1.302698949196119671e-01, 8.944405318756827594e-02, 3.793229316768566561e-01
4.009855831795836600e-01, 1.302446346655531384e-01, 8.945111805024656693e-02, 3.793186641046165652e-01
4.010080312240729694e-01, 1.302194002900041447e-01, 8.945818831848606489e-02, 3.793143801674368487e-01
4.010304643533408875e-01, 1.301941917827987849e-01, 8.946526399061395518e-02, 3.793100798732462198e-01
4.010528825713016166e-01, 1.301690091337670552e-01, 8.947234506495313489e-02, 3.793057632299782211e-01
4.010752858818731892e-01, 1.301438523327349550e-01, 8.947943153982237940e-02, 3.793014302455695597e-01
4.010976742889779123e-01, 1.301187213695248479e-01, 8.948652341353621753e-02, 3.792970809279611055e-01
4.011200477965414790e-01, 1.300936162339551283e-01, 8.949362068440494533e-02, 3.792927152850983918e-01
4.011424064084945229e-01, 1.300685369158404436e-01, 8.950072335073472329e-02, 3.792883333249302824e-01
4.011647501287708972e-01, 1.300434834049915833e-01, 8.950783141082740979e-02, 3.792839350554100819e-01
4.011870789613088406e-01, 1.300184556912155065e-01, 8.951494486298071374e-02, 3.792795204844948698e-01
4.012093929100503109e-01, 1.299934537643153698e-01, 8.952206370548809744e-02, 3.792750896201461108e-01
4.012316919789417069e-01, 1.299684776140904441e-01, 8.952918793663877661e-02, 3.792706424703289336e-01
4.012539761719330356e-01, 1.299435272303363365e-01, 8.953631755471770648e-02, 3.792661790430130186e-01
4.012762454929782452e-01, 1.299186026028446295e-01, 8.954345255800566505e-02, 3.792616993461713770e-01
4.012984999460357249e-01, 1.298937037214032975e-01, 8.955059294477923926e-02, 3.792572033877816828e-01
4.013207395350674722e-01, 1.298688305757964290e-01, 8.955773871331057512e-02, 3.792526911758255515e-01
4.013429642640398143e-01, 1.298439831558041713e-01, 8.956488986186778023e-02, 3.792481627182883175e-01
4.013651741369225756e-01, 1.298191614512030634e-01, 8.957204638871456293e-02, 3.792436180231597564e-01
4.013873691576901881e-01, 1.297943654517657586e-01, 8.957920829211045433e-02, 3.792390570984335851e-01
4.014095493303204698e-01, 1.297695951472611908e-01, 8.958637557031072507e-02, 3.792344799521075727e-01
4.014317146587958463e-01, 1.297448505274543806e-01, 8.959354822156631593e-02, 3.792298865921835960e-01
4.014538651471023512e-01, 1.297201315821065182e-01, 8.960072624412392106e-02, 3.792252770266673068e-01
4.014760007992298485e-01, 1.296954383009752687e-01, 8.960790963622597416e-02, 3.792206512635689086e-01
4.014981216191728652e-01, 1.296707706738141619e-01, 8.961509839611063455e-02, 3.792160093109023800e-01
4.015202276109292034e-01, 1.296461286903732024e-01, 8.962229252201174556e-02, 3.792113511766857514e-01
4.015423187785011616e-01, 1.296215123403985925e-01, 8.962949201215890394e-02, 3.792066768689413281e-01
4.015643951258947575e-01, 1.295969216136325652e-01, 8.963669686477737653e-02, 3.792019863956953563e-01
4.015864566571201166e-01, 1.295723564998137456e-01, 8.964390707808812808e-02, 3.791972797649780791e-01
4.016085033761913059e-01, 1.295478169886768449e-01, 8.965112265030786287e-02, 3.791925569848240141e-01
4.016305352871264445e-01, 1.295233030699530219e-01, 8.965834357964896917e-02, 3.791878180632716200e-01
4.016525523939474818e-01, 1.294988147333694106e-01, 8.966556986431943599e-02, 3.791830630083636300e-01
4.016745547006805861e-01, 1.294743519686495925e-01, 8.967280150252317228e-02, 3.791782918281466630e-01
4.016965422113559225e-01, 1.294499147655132354e-01, 8.968003849245942405e-02, 3.791735045306713903e-01
4.017185149300074309e-01, 1.294255031136763157e-01, 8.968728083232345438e-02, 3.791687011239928684e-01
4.017404728606731035e-01, 1.294011170028509516e-01, 8.969452852030589118e-02, 3.791638816161699843e-01
4.017624160073951511e-01, 1.293767564227456812e-01, 8.970178155459328229e-02, 3.791590460152658992e-01
4.017843443742193932e-01, 1.293524213630651842e-01, 8.970903993336776239e-02, 3.791541943293477157e-01
4.018062579651960897e-01, 1.293281118135103103e-01, 8.971630365480708080e-02, 3.791493265664864776e-01
4.018281567843792201e-01, 1.293038277637782174e-01, 8.972357271708458759e-02, 3.791444427347580026e-01
4.018500408358265386e-01, 1.292795692035624555e-01, 8.973084711836944172e-02, 3.791395428422416058e-01
4.018719101236001845e-01, 1.292553361225525776e-01, 8.973812685682638901e-02, 3.791346268970207656e-01
4.018937646517664608e-01, 1.292311285104345842e-01, 8.974541193061573441e-02, 3.791296949071832900e-01
4.019156044243947790e-01, 1.292069463568906451e-01, 8.975270233789353624e-02, 3.791247468808212062e-01
4.019374294455594354e-01, 1.291827896515991558e-01, 8.975999807681139808e-02, 3.791197828260300384e-01
4.019592397193383349e-01, 1.291586583842349034e-01, 8.976729914551653811e-02, 3.791148027509101404e-01
4.019810352498134898e-01, 1.291345525444689002e-01, 8.977460554215199728e-02, 3.791098066635656960e-01
4.020028160410705764e-01, 1.291104721219683005e-01, 8.978191726485613977e-02, 3.791047945721049972e-01
4.020245820971998230e-01, 1.290864171063966503e-01, 8.978923431176323577e-02, 3.790997664846403881e-01
4.020463334222948437e-01, 1.290623874874136656e-01, 8.979655668100287869e-02, 3.790947224092884316e-01
4.020680700204538605e-01, 1.290383832546756482e-01, 8.980388437070055407e-02, 3.790896623541700206e-01
4.020897918957784256e-01, 1.290144043978346533e-01, 8.981121737897712620e-02, 3.790845863274098781e-01
4.021114990523745880e-01, 1.289904509065393778e-01, 8.981855570394921273e-02, 3.790794943371368353e-01
4.021331914943520602e-01, 1.289665227704347716e-01, 8.982589934372893492e-02, 3.790743863914842193e-01
4.021548692258248292e-01, 1.289426199791619543e-01, 8.983324829642405640e-02, 3.790692624985890768e-01
4.021765322509106011e-01, 1.289187425223584649e-01, 8.984060256013784440e-02, 3.790641226665930619e-01
4.021981805737312454e-01, 1.288948903896579568e-01, 8.984796213296927792e-02, 3.790589669036414922e-01
4.022198141984127950e-01, 1.288710635706905305e-01, 8.985532701301275627e-02, 3.790537952178840153e-01
4.022414331290845024e-01, 1.288472620550824566e-01, 8.986269719835841829e-02, 3.790486076174746644e-01
4.022630373698805051e-01, 1.288234858324564247e-01, 8.987007268709189256e-02, 3.790434041105712470e-01
4.022846269249384377e-01, 1.287997348924313223e-01, 8.987745347729432510e-02, 3.790381847053360120e-01
4.023062017983999317e-01, 1.287760092246223731e-01, 8.988483956704249045e-02, 3.790329494099352603e-01
4.023277619944109484e-01, 1.287523088186410813e-01, 8.989223095440869449e-02, 3.790276982325393451e-01
4.023493075171210576e-01, 1.287286336640952600e-01, 8.989962763746080221e-02, 3.790224311813230051e-01
4.023708383706838254e-01, 1.287049837505890304e-01, 8.990702961426222384e-02, 3.790171482644649203e-01
4.023923545592570927e-01, 1.286813590677228780e-01, 8.991443688287191482e-02, 3.790118494901481005e-01
4.024138560870023085e-01, 1.286577596050934857e-01, 8.992184944134430646e-02, 3.790065348665597744e-01
4.024353429580854180e-01, 1.286341853522939005e-01, 8.992926728772950018e-02, 3.790012044018911674e-01
4.024568151766757529e-01, 1.286106362989135610e-01, 8.993669042007301773e-02, 3.789958581043376684e-01
4.024782727469471411e-01, 1.285871124345380201e-01, 8.994411883641595384e-02, 3.789904959820989960e-01
4.024997156730767967e-01, 1.285636137487493613e-01, 8.995155253479489299e-02, 3.789851180433789213e-01
4.025211439592464857e-01, 1.285401402311259211e-01, 8.995899151324192322e-02, 3.789797242963856005e-01
4.025425576096419156e-01, 1.285166918712422612e-01, 8.996643576978471946e-02, 3.789743147493310760e-01
4.025639566284523463e-01, 1.284932686586693351e-01, 8.997388530244640470e-02, 3.789688894104318306e-01
4.025853410198714233e-01, 1.284698705829744880e-01, 8.998134010924567494e-02, 3.789634482879084554e-01
4.026067107880965668e-01, 1.284464976337212905e-01, 8.998880018819656323e-02, 3.789579913899855379e-01
4.026280659373293047e-01, 1.284231498004697047e-01, 8.999626553730875889e-02, 3.789525187248921623e-01
4.026494064717749954e-01, 1.283998270727759738e-01, 9.000373615458739929e-02, 3.789470303008616314e-01
4.026707323956431051e-01, 1.283765294401927326e-01, 9.001121203803306992e-02, 3.789415261261310786e-01
4.026920437131470965e-01, 1.283532568922688966e-01, 9.001869318564195699e-02, 3.789360062089421888e-01
4.027133404285040963e-01, 1.283300094185497175e-01, 9.002617959540547277e-02, 3.789304705575405885e-01
4.027346225459358386e-01, 1.283067870085768947e-01, 9.003367126531078291e-02, 3.789249191801764005e-01
4.027558900696674993e-01, 1.282835896518883245e-01, 9.004116819334037625e-02, 3.789193520851038000e-01
4.027771430039282508e-01, 1.282604173380183232e-01, 9.004867037747223135e-02, 3.789137692805811808e-01
4.027983813529515955e-01, 1.282372700564975432e-01, 9.005617781567981650e-02, 3.789081707748711558e-01
4.028196051209746997e-01, 1.282141477968529175e-01, 9.006369050593196479e-02, 3.789025565762402792e-01
4.028408143122390039e-01, 1.281910505486079377e-01, 9.007120844619308231e-02, 3.788969266929601010e-01
4.028620089309893904e-01, 1.281679783012820706e-01, 9.007873163442287057e-02, 3.788912811333056130e-01
4.028831889814752931e-01, 1.281449310443915912e-01, 9.008626006857672897e-02, 3.788856199055563034e-01
4.029043544679501432e-01, 1.281219087674487223e-01, 9.009379374660524131e-02, 3.788799430179959904e-01
4.029255053946707021e-01, 1.280989114599623280e-01, 9.010133266645449501e-02, 3.788742504789124332e-01
4.029466417658982835e-01, 1.280759391114374424e-01, 9.010887682606602556e-02, 3.788685422965981098e-01
4.029677635858981422e-01, 1.280529917113756855e-01, 9.011642622337688591e-02, 3.788628184793492726e-01
4.029888708589390300e-01, 1.280300692492747083e-01, 9.012398085631936895e-02, 3.788570790354667261e-01
4.030099635892944177e-01, 1.280071717146288590e-01, 9.013154072282135443e-02, 3.788513239732552718e-01
4.030310417812411616e-01, 1.279842990969286276e-01, 9.013910582080598977e-02, 3.788455533010242071e-01
4.030521054390602820e-01, 1.279614513856610070e-01, 9.014667614819195374e-02, 3.788397670270867157e-01
4.030731545670369065e-01, 1.279386285703092430e-01, 9.015425170289327605e-02, 3.788339651597605884e-01
4.030941891694599932e-01, 1.279158306403530287e-01, 9.016183248281933738e-02, 3.788281477073676129e-01
4.031152092506224416e-01, 1.278930575852684492e-01, 9.016941848587498032e-02, 3.788223146782341844e-01
4.031362148148212587e-01, 1.278703093945278702e-01, 9.017700970996044008e-02, 3.788164660806905282e-01
4.031572058663572267e-01, 1.278475860576001599e-01, 9.018460615297130278e-02, 3.788106019230714216e-01
4.031781824095355127e-01, 1.278248875639504123e-01, 9.019220781279853327e-02, 3.788047222137155834e-01
4.031991444486647258e-01, 1.278022139030403070e-01, 9.019981468732847507e-02, 3.787988269609665060e-01
4.032200919880578049e-01, 1.277795650643277214e-01, 9.020742677444291979e-02, 3.787929161731715677e-01
4.032410250320316858e-01, 1.277569410372669523e-01, 9.021504407201889897e-02, 3.787869898586824213e-01
4.032619435849069678e-01, 1.277343418113087714e-01, 9.022266657792896161e-02, 3.787810480258552714e-01
4.032828476510086912e-01, 1.277117673759002592e-01, 9.023029429004079949e-02, 3.787750906830502640e-01
4.033037372346654492e-01, 1.276892177204849155e-01, 9.023792720621776065e-02, 3.787691178386319857e-01
4.033246123402098315e-01, 1.276666928345025764e-01, 9.024556532431823874e-02, 3.787631295009694088e-01
4.033454729719787024e-01, 1.276441927073896088e-01, 9.025320864219614492e-02, 3.787571256784354468e-01
4.033663191343127563e-01, 1.276217173285785489e-01, 9.026085715770075513e-02, 3.787511063794079536e-01
4.033871508315567955e-01, 1.275992666874986303e-01, 9.026851086867657137e-02, 3.787450716122681693e-01
4.034079680680590640e-01, 1.275768407735751175e-01, 9.027616977296347434e-02, 3.787390213854023302e-01
4.034287708481723578e-01, 1.275544395762300276e-01, 9.028383386839672342e-02, 3.787329557072008912e-01
4.034495591762534139e-01, 1.275320630848815751e-01, 9.029150315280687344e-02, 3.787268745860581931e-01
4.034703330566625779e-01, 1.275097112889443940e-01, 9.029917762401974690e-02, 3.787207780303731841e-01
4.034910924937645249e-01, 1.274873841778296213e-01, 9.030685727985653111e-02, 3.787146660485493088e-01
4.035118374919275941e-01, 1.274650817409446746e-01, 9.031454211813377819e-02, 3.787085386489939531e-01
4.035325680555244543e-01, 1.274428039676934465e-01, 9.032223213666321082e-02, 3.787023958401188883e-01
4.035532841889313826e-01, 1.274205508474762771e-01, 9.032992733325198587e-02, 3.786962376303401601e-01
4.035739858965291527e-01, 1.273983223696898426e-01, 9.033762770570247236e-02, 3.786900640280784769e-01
4.035946731827016465e-01, 1.273761185237271831e-01, 9.034533325181240415e-02, 3.786838750417587107e-01
4.036153460518376312e-01, 1.273539392989779806e-01, 9.035304396937476890e-02, 3.786776706798095637e-01
4.036360045083294268e-01, 1.273317846848280588e-01, 9.036075985617782191e-02, 3.786714509506646786e-01
4.036566485565732942e-01, 1.273096546706598553e-01, 9.036848091000507233e-02, 3.786652158627618614e-01
4.036772782009694915e-01, 1.272875492458521163e-01, 9.037620712863540795e-02, 3.786589654245430814e-01
4.036978934459222734e-01, 1.272654683997800629e-01, 9.038393850984291489e-02, 3.786526996444548043e-01
4.037184942958400025e-01, 1.272434121218153080e-01, 9.039167505139697467e-02, 3.786464185309477148e-01
4.037390807551348715e-01, 1.272213804013259120e-01, 9.039941675106220875e-02, 3.786401220924769384e-01
4.037596528282231256e-01, 1.271993732276764100e-01, 9.040716360659852013e-02, 3.786338103375019859e-01
4.037802105195248403e-01, 1.271773905902275903e-01, 9.041491561576102398e-02, 3.786274832744865315e-01
4.038007538334644209e-01, 1.271554324783368550e-01, 9.042267277630015865e-02, 3.786211409118985238e-01
4.038212827744697142e-01, 1.271334988813579425e-01, 9.043043508596156077e-02, 3.786147832582108519e-01
4.038417973469727862e-01, 1.271115897886410662e-01, 9.043820254248610691e-02, 3.786084103219000130e-01
4.038622975554098660e-01, 1.270897051895328311e-01, 9.044597514360995516e-02, 3.786020221114473339e-01
4.038827834042211240e-01, 1.270678450733763454e-01, 9.045375288706436478e-02, 3.785956186353381936e-01
4.039032548978503390e-01, 1.270460094295109976e-01, 9.046153577057601536e-02, 3.785891999020625787e-01
4.039237120407456749e-01, 1.270241982472728737e-01, 9.046932379186667372e-02, 3.785827659201147499e-01
4.039441548373590707e-01, 1.270024115159942013e-01, 9.047711694865340215e-02, 3.785763166979932426e-01
4.039645832921464619e-01, 1.269806492250039054e-01, 9.048491523864843344e-02, 3.785698522442011993e-01
4.039849974095676699e-01, 1.269589113636271360e-01, 9.049271865955918481e-02, 3.785633725672459815e-01
4.040053971940867350e-01, 1.269371979211856849e-01, 9.050052720908834114e-02, 3.785568776756391696e-01
4.040257826501715277e-01, 1.269155088869976522e-01, 9.050834088493378560e-02, 3.785503675778970623e-01
4.040461537822938043e-01, 1.268938442503776687e-01, 9.051615968478851637e-02, 3.785438422825400107e-01
4.040665105949294844e-01, 1.268722040006367013e-01, 9.052398360634085484e-02, 3.785373017980930843e-01
4.040868530925582625e-01, 1.268505881270822477e-01, 9.053181264727423738e-02, 3.785307461330853496e-01
4.041071812796639406e-01, 1.268289966190183082e-01, 9.053964680526724318e-02, 3.785241752960504247e-01
4.041274951607343735e-01, 1.268074294657451917e-01, 9.054748607799371907e-02, 3.785175892955267574e-01
4.041477947402611348e-01, 1.267858866565597931e-01, 9.055533046312264078e-02, 3.785109881400564591e-01
4.041680800227400172e-01, 1.267643681807553713e-01, 9.056317995831811296e-02, 3.785043718381865263e-01
4.041883510126706436e-01, 1.267428740276217436e-01, 9.057103456123956342e-02, 3.784977403984680078e-01
4.042086077145567447e-01, 1.267214041864450358e-01, 9.057889426954141010e-02, 3.784910938294568372e-01
4.042288501329057149e-01, 1.266999586465079874e-01, 9.058675908087326922e-02, 3.784844321397130562e-01
4.042490782722293341e-01, 1.266785373970896744e-01, 9.059462899288005244e-02, 3.784777553378009252e-01
4.042692921370431569e-01, 1.266571404274657309e-01, 9.060250400320156439e-02, 3.784710634322895895e-01
4.042894917318667347e-01, 1.266357677269081827e-01, 9.061038410947291899e-02, 3.784643564317521913e-01
4.043096770612235047e-01, 1.266144192846855310e-01, 9.061826930932441460e-02, 3.784576343447665359e-01
4.043298481296411784e-01, 1.265930950900627794e-01, 9.062615960038138130e-02, 3.784508971799147026e-01
4.043500049416509090e-01, 1.265717951323013235e-01, 9.063405498026429197e-02, 3.784441449457833784e-01
4.043701475017884572e-01, 1.265505194006592005e-01, 9.064195544658885939e-02, 3.784373776509634690e-01
4.043902758145930254e-01, 1.265292678843906726e-01, 9.064986099696575872e-02, 3.784305953040505988e-01
4.044103898846080347e-01, 1.265080405727466994e-01, 9.065777162900087727e-02, 3.784237979136443886e-01
4.044304897163809032e-01, 1.264868374549745489e-01, 9.066568734029518961e-02, 3.784169854883494000e-01
4.044505753144630456e-01, 1.264656585203179362e-01, 9.067360812844475759e-02, 3.784101580367741913e-01
4.044706466834096514e-01, 1.264445037580173847e-01, 9.068153399104085521e-02, 3.784033155675321503e-01
4.044907038277801292e-01, 1.264233731573093933e-01, 9.068946492566971884e-02, 3.783964580892407725e-01
4.045107467521377176e-01, 1.264022667074273520e-01, 9.069740092991279701e-02, 3.783895856105221611e-01
4.045307754610495965e-01, 1.263811843976009319e-01, 9.070534200134654224e-02, 3.783826981400030265e-01
4.045507899590871648e-01, 1.263601262170562234e-01, 9.071328813754249432e-02, 3.783757956863141869e-01
4.045707902508254294e-01, 1.263390921550159862e-01, 9.072123933606737745e-02, 3.783688782580912346e-01
4.045907763408436719e-01, 1.263180822006993997e-01, 9.072919559448287818e-02, 3.783619458639741473e-01
4.046107482337251149e-01, 1.262970963433220073e-01, 9.073715691034588138e-02, 3.783549985126071213e-01
4.046307059340565893e-01, 1.262761345720959938e-01, 9.074512328120817872e-02, 3.783480362126392382e-01
4.046506494464296999e-01, 1.262551968762299359e-01, 9.075309470461677408e-02, 3.783410589727236872e-01
4.046705787754391048e-01, 1.262342832449289409e-01, 9.076107117811371694e-02, 3.783340668015183761e-01
4.046904939256840139e-01, 1.262133936673945078e-01, 9.076905269923594977e-02, 3.783270597076854869e-01
4.047103949017675784e-01, 1.261925281328248327e-01, 9.077703926551568270e-02, 3.783200376998920311e-01
4.047302817082965021e-01, 1.261716866304143647e-01, 9.078503087448007436e-02, 3.783130007868089062e-01
4.047501543498822074e-01, 1.261508691493542500e-01, 9.079302752365135676e-02, 3.783059489771123385e-01
4.047700128311392809e-01, 1.261300756788319155e-01, 9.080102921054673815e-02, 3.782988822794821071e-01
4.047898571566869719e-01, 1.261093062080314853e-01, 9.080903593267852791e-02, 3.782918007026030982e-01
4.048096873311479715e-01, 1.260885607261334473e-01, 9.081704768755401169e-02, 3.782847042551645833e-01
4.048295033591493008e-01, 1.260678392223147648e-01, 9.082506447267557625e-02, 3.782775929458602748e-01
4.048493052453217556e-01, 1.260471416857490978e-01, 9.083308628554057074e-02, 3.782704667833884371e-01
4.048690929943004058e-01, 1.260264681056064429e-01, 9.084111312364137603e-02, 3.782633257764517754e-01
4.048888666107238188e-01, 1.260058184710532436e-01, 9.084914498446546027e-02, 3.782561699337575467e-01
4.049086260992350028e-01, 1.259851927712525577e-01, 9.085718186549510134e-02, 3.782489992640173382e-01
4.049283714644807408e-01, 1.259645909953638898e-01, 9.086522376420776148e-02, 3.782418137759476218e-01
4.049481027111114795e-01, 1.259440131325432755e-01, 9.087327067807587921e-02, 3.782346134782692548e-01
4.049678198437824950e-01, 1.259234591719432805e-01, 9.088132260456686928e-02, 3.782273983797073691e-01
4.049875228671522831e-01, 1.259029291027129183e-01, 9.088937954114305329e-02, 3.782201684889918702e-01
4.050072117858832255e-01, 1.258824229139977047e-01, 9.089744148526185397e-02, 3.782129238148573269e-01
4.050268866046424776e-01, 1.258619405949396863e-01, 9.090550843437572581e-02, 3.782056643660421380e-01
4.050465473281005258e-01, 1.258414821346773849e-01, 9.091358038593184976e-02, 3.781983901512903090e-01
4.050661939609320195e-01, 1.258210475223460190e-01, 9.092165733737267441e-02, 3.781911011793493427e-01
4.050858265078156051e-01, 1.258006367470769771e-01, 9.092973928613541645e-02, 3.781837974589720708e-01
4.051054449734337037e-01, 1.257802497979984280e-01, 9.093782622965236595e-02, 3.781764789989153774e-01
4.051250493624732885e-01, 1.257598866642349322e-01, 9.094591816535065043e-02, 3.781691458079410872e-01
4.051446396796245519e-01, 1.257395473349076642e-01, 9.095401509065263734e-02, 3.781617978948150771e-01
4.051642159295822943e-01, 1.257192317991342179e-01, 9.096211700297522629e-02, 3.781544352683082755e-01
4.051837781170448682e-01, 1.256989400460286899e-01, 9.097022389973061229e-02, 3.781470579371958851e-01
4.052033262467149566e-01, 1.256786720647017908e-01, 9.097833577832574459e-02, 3.781396659102575497e-01
4.052228603232987947e-01, 1.256584278442606506e-01, 9.098645263616260415e-02, 3.781322591962779645e-01
4.052423803515070033e-01, 1.256382073738089855e-01, 9.099457447063806492e-02, 3.781248378040459324e-01
4.052618863360541446e-01, 1.256180106424469867e-01, 9.100270127914397711e-02, 3.781174017423549194e-01
4.052813782816582777e-01, 1.255978376392714591e-01, 9.101083305906702836e-02, 3.781099510200032210e-01
4.053008561930422915e-01, 1.255776883533755439e-01, 9.101896980778888258e-02, 3.781024856457932959e-01
4.053203200749322943e-01, 1.255575627738490241e-01, 9.102711152268615213e-02, 3.780950056285324878e-01
4.053397699320586689e-01, 1.255374608897782962e-01, 9.103525820113028688e-02, 3.780875109770327480e-01
4.053592057691557393e-01, 1.255173826902460654e-01, 9.104340984048769903e-02, 3.780800017001104685e-01
4.053786275909621595e-01, 1.254973281643317617e-01, 9.105156643811973538e-02, 3.780724778065864267e-01
4.053980354022198029e-01, 1.254772973011111792e-01, 9.105972799138245533e-02, 3.780649393052865070e-01
4.054174292076753727e-01, 1.254572900896567811e-01, 9.106789449762714428e-02, 3.780573862050408684e-01
4.054368090120786805e-01, 1.254373065190373671e-01, 9.107606595419961981e-02, 3.780498185146842771e-01
4.054561748201845339e-01, 1.254173465783186281e-01, 9.108424235844082839e-02, 3.780422362430560512e-01
4.054755266367508493e-01, 1.253974102565622584e-01, 9.109242370768652619e-02, 3.780346393990003939e-01
4.054948644665398727e-01, 1.253774975428269822e-01, 9.110060999926736236e-02, 3.780270279913657827e-01
4.055141883143180692e-01, 1.253576084261677492e-01, 9.110880123050876800e-02, 3.780194020290055801e-01
4.055334981848552900e-01, 1.253377428956361506e-01, 9.111699739873113657e-02, 3.780117615207773674e-01
4.055527940829260491e-01, 1.253179009402802802e-01, 9.112519850124975451e-02, 3.780041064755439439e-01
4.055720760133083025e-01, 1.252980825491447903e-01, 9.113340453537462083e-02, 3.779964369021721615e-01
4.055913439807845022e-01, 1.252782877112708915e-01, 9.114161549841080789e-02, 3.779887528095338678e-01
4.056105979901402647e-01, 1.252585164156961861e-01, 9.114983138765803128e-02, 3.779810542065053514e-01
4.056298380461662578e-01, 1.252387686514550569e-01, 9.115805220041092727e-02, 3.779733411019677303e-01
4.056490641536563690e-01, 1.252190444075781672e-01, 9.116627793395903900e-02, 3.779656135048064525e-01
4.056682763174085937e-01, 1.251993436730929610e-01, 9.117450858558667770e-02, 3.779578714239117398e-01
4.056874745422252015e-01, 1.251796664370231627e-01, 9.118274415257300591e-02, 3.779501148681786993e-01
4.057066588329121815e-01, 1.251600126883892217e-01, 9.119098463219191264e-02, 3.779423438465066010e-01
4.057258291942795192e-01, 1.251403824162081180e-01, 9.119923002171238802e-02, 3.779345583677998222e-01
4.057449856311414749e-01, 1.251207756094933343e-01, 9.120748031839795433e-02, 3.779267584409672365e-01
4.057641281483158613e-01, 1.251011922572548285e-01, 9.121573551950706849e-02, 3.779189440749221585e-01
4.057832567506247656e-01, 1.250816323484992276e-01, 9.122399562229308034e-02, 3.779111152785830097e-01
4.058023714428942719e-01, 1.250620958722295506e-01, 9.123226062400394132e-02, 3.779032720608723195e-01
4.058214722299542387e-01, 1.250425828174455412e-01, 9.124053052188257906e-02, 3.778954144307177243e-01
4.058405591166386883e-01, 1.250230931731433903e-01, 9.124880531316664767e-02, 3.778875423970513570e-01
4.058596321077855840e-01, 1.250036269283157364e-01, 9.125708499508858318e-02, 3.778796559688100687e-01
4.058786912082369969e-01, 1.249841840719520258e-01, 9.126536956487572849e-02, 3.778717551549352627e-01
4.058977364228387730e-01, 1.249647645930379580e-01, 9.127365901975008355e-02, 3.778638399643731716e-01
4.059167677564407550e-01, 1.249453684805559989e-01, 9.128195335692843027e-02, 3.778559104060747464e-01
4.059357852138970602e-01, 1.249259957234850338e-01, 9.129025257362241574e-02, 3.778479664889954903e-01
4.059547888000655247e-01, 1.249066463108005759e-01, 9.129855666703839967e-02, 3.778400082220955136e-01
4.059737785198079818e-01, 1.248873202314746550e-01, 9.130686563437745429e-02, 3.778320356143398673e-01
4.059927543779903725e-01, 1.248680174744758314e-01, 9.131517947283561421e-02, 3.778240486746981541e-01
4.060117163794825790e-01, 1.248487380287692655e-01, 9.132349817960343230e-02, 3.778160474121446954e-01
4.060306645291585359e-01, 1.248294818833165926e-01, 9.133182175186636831e-02, 3.778080318356584755e-01
4.060495988318959526e-01, 1.248102490270761311e-01, 9.134015018680456677e-02, 3.778000019542233634e-01
4.060685192925768683e-01, 1.247910394490025915e-01, 9.134848348159295417e-02, 3.777919577768275583e-01
4.060874259160869304e-01, 1.247718531380473950e-01, 9.135682163340115569e-02, 3.777838993124644218e-01
4.061063187073162273e-01, 1.247526900831583963e-01, 9.136516463939363397e-02, 3.777758265701318119e-01
4.061251976711582334e-01, 1.247335502732800777e-01, 9.137351249672942544e-02, 3.777677395588321385e-01
4.061440628125110863e-01, 1.247144336973533829e-01, 9.138186520256244560e-02, 3.777596382875729741e-01
4.061629141362765871e-01, 1.246953403443159941e-01, 9.139022275404125317e-02, 3.777515227653661101e-01
4.061817516473603673e-01, 1.246762702031019854e-01, 9.139858514830921654e-02, 3.777433930012285557e-01
4.062005753506721661e-01, 1.246572232626419752e-01, 9.140695238250420851e-02, 3.777352490041815392e-01
4.062193852511260528e-01, 1.246381995118633068e-01, 9.141532445375905036e-02, 3.777270907832516178e-01
4.062381813536396491e-01, 1.246191989396897709e-01, 9.142370135920113716e-02, 3.777189183474694567e-01
4.062569636631346848e-01, 1.246002215350417164e-01, 9.143208309595267369e-02, 3.777107317058708835e-01
4.062757321845369418e-01, 1.245812672868360643e-01, 9.144046966113042463e-02, 3.777025308674965554e-01
4.062944869227764211e-01, 1.245623361839862386e-01, 9.144886105184592273e-02, 3.776943158413914037e-01
4.063132278827866761e-01, 1.245434282154024019e-01, 9.145725726520539944e-02, 3.776860866366055780e-01
4.063319550695054239e-01, 1.245245433699910947e-01, 9.146565829830978489e-02, 3.776778432621936687e-01
4.063506684878744335e-01, 1.245056816366555130e-01, 9.147406414825461074e-02, 3.776695857272154844e-01
4.063693681428396376e-01, 1.244868430042953694e-01, 9.148247481213014898e-02, 3.776613140407348856e-01
4.063880540393504659e-01, 1.244680274618069904e-01, 9.149089028702141191e-02, 3.776530282118211179e-01
4.064067261823610666e-01, 1.244492349980832885e-01, 9.149931057000787460e-02, 3.776447282495478119e-01
4.064253845768288076e-01, 1.244304656020135819e-01, 9.150773565816389121e-02, 3.776364141629938165e-01
4.064440292277155531e-01, 1.244117192624839691e-01, 9.151616554855837582e-02, 3.776280859612422547e-01
4.064626601399869976e-01, 1.243929959683769265e-01, 9.152460023825485791e-02, 3.776197436533813567e-01
4.064812773186130546e-01, 1.243742957085716416e-01, 9.153303972431163504e-02, 3.776113872485036826e-01
4.064998807685671900e-01, 1.243556184719437907e-01, 9.154148400378152306e-02, 3.776030167557075101e-01
4.065184704948272554e-01, 1.243369642473656639e-01, 9.154993307371209199e-02, 3.775946321840950026e-01
4.065370465023749880e-01, 1.243183330237060957e-01, 9.155838693114545790e-02, 3.775862335427734306e-01
4.065556087961960663e-01, 1.242997247898304514e-01, 9.156684557311842165e-02, 3.775778208408550052e-01
4.065741573812802767e-01, 1.242811395346007652e-01, 9.157530899666244117e-02, 3.775693940874565446e-01
4.065926922626212359e-01, 1.242625772468755607e-01, 9.158377719880352041e-02, 3.775609532916998079e-01
4.066112134452166682e-01, 1.242440379155098917e-01, 9.159225017656232037e-02, 3.775524984627109948e-01
4.066297209340685170e-01, 1.242255215293555232e-01, 9.160072792695414523e-02, 3.775440296096218562e-01
4.066482147341821674e-01, 1.242070280772606811e-01, 9.160921044698887294e-02, 3.775355467415683064e-01
4.066666948505675006e-01, 1.241885575480702192e-01, 9.161769773367102465e-02, 3.775270498676913111e-01
4.066851612882381728e-01, 1.241701099306254663e-01, 9.162618978399963976e-02, 3.775185389971366101e-01
4.067036140522121146e-01, 1.241516852137645177e-01, 9.163468659496855351e-02, 3.775100141390549946e-01
4.067220531475108647e-01, 1.241332833863217772e-01, 9.164318816356588349e-02, 3.775014753026014191e-01
4.067404785791601252e-01, 1.241149044371284982e-01, 9.165169448677464026e-02, 3.774929224969367780e-01
4.067588903521897059e-01, 1.240965483550122983e-01, 9.166020556157226939e-02, 3.774843557312257403e-01
4.067772884716333026e-01, 1.240782151287974644e-01, 9.166872138493077637e-02, 3.774757750146383595e-01
4.067956729425286078e-01, 1.240599047473049110e-01, 9.167724195381693475e-02, 3.774671803563494632e-01
4.068140437699175327e-01, 1.240416171993519862e-01, 9.168576726519180042e-02, 3.774585717655386530e-01
4.068324009588455414e-01, 1.240233524737526793e-01, 9.169429731601122513e-02, 3.774499492513904708e-01
4.068507445143627055e-01, 1.240051105593176634e-01, 9.170283210322548173e-02, 3.774413128230941217e-01
4.068690744415225380e-01, 1.239868914448539888e-01, 9.171137162377952790e-02, 3.774326624898438065e-01
4.068873907453829375e-01, 1.239686951191654590e-01, 9.171991587461285345e-02, 3.774239982608387778e-01
4.069056934310054108e-01, 1.239505215710523522e-01, 9.172846485265932770e-02, 3.774153201452828954e-01
4.069239825034560165e-01, 1.239323707893115328e-01, 9.173701855484767131e-02, 3.774066281523847932e-01
4.069422579678043106e-01, 1.239142427627365484e-01, 9.174557697810084567e-02, 3.773979222913582676e-01
4.069605198291242898e-01, 1.238961374801173382e-01, 9.175414011933658021e-02, 3.773892025714217779e-01
4.069787680924936146e-01, 1.238780549302406359e-01, 9.176270797546697000e-02, 3.773804690017988905e-01
4.069970027629940534e-01, 1.238599951018895667e-01, 9.177128054339876717e-02, 3.773717215917176682e-01
4.070152238457113714e-01, 1.238419579838439949e-01, 9.177985782003317272e-02, 3.773629603504115582e-01
4.070334313457353859e-01, 1.238239435648801484e-01, 9.178843980226594756e-02, 3.773541852871185598e-01
4.070516252681600222e-01, 1.238059518337711051e-01, 9.179702648698738476e-02, 3.773453964110815018e-01
4.070698056180830915e-01, 1.237879827792863346e-01, 9.180561787108217076e-02, 3.773365937315483754e-01
4.070879724006061795e-01, 1.237700363901920314e-01, 9.181421395142970454e-02, 3.773277772577720013e-01
4.071061256208354240e-01, 1.237521126552507816e-01, 9.182281472490369523e-02, 3.773189469990099187e-01
4.071242652838805709e-01, 1.237342115632219103e-01, 9.183142018837249509e-02, 3.773101029645249960e-01
4.071423913948555295e-01, 1.237163331028613283e-01, 9.184003033869884980e-02, 3.773012451635842646e-01
4.071605039588780395e-01, 1.236984772629213664e-01, 9.184864517274003715e-02, 3.772923736054605293e-01
4.071786029810700591e-01, 1.236806440321511352e-01, 9.185726468734788097e-02, 3.772834882994309802e-01
4.071966884665573772e-01, 1.236628333992961931e-01, 9.186588887936857073e-02, 3.772745892547777480e-01
4.072147604204701121e-01, 1.236450453530988092e-01, 9.187451774564284190e-02, 3.772656764807881258e-01
4.072328188479419908e-01, 1.236272798822976859e-01, 9.188315128300590662e-02, 3.772567499867544027e-01
4.072508637541110144e-01, 1.236095369756282231e-01, 9.189178948828748139e-02, 3.772478097819731979e-01
4.072688951441191807e-01, 1.235918166218223646e-01, 9.190043235831164836e-02, 3.772388558757468480e-01
4.072869130231122070e-01, 1.235741188096086407e-01, 9.190907988989704958e-02, 3.772298882773820194e-01
4.073049173962403069e-01, 1.235564435277121953e-01, 9.191773207985672045e-02, 3.772209069961908190e-01
4.073229082686572466e-01, 1.235387907648546751e-01, 9.192638892499820080e-02, 3.772119120414897941e-01
4.073408856455213445e-01, 1.235211605097544657e-01, 9.193505042212340994e-02, 3.772029034226007660e-01
4.073588495319941938e-01, 1.235035527511263442e-01, 9.194371656802881321e-02, 3.771938811488507182e-01
4.073767999332421064e-01, 1.234859674776818406e-01, 9.195238735950521380e-02, 3.771848452295707976e-01
4.073947368544349468e-01, 1.234684046781289735e-01, 9.196106279333791933e-02, 3.771757956740980355e-01
4.074126603007470204e-01, 1.234508643411725143e-01, 9.196974286630664464e-02, 3.771667324917738484e-01
4.074305702773560189e-01, 1.234333464555134457e-01, 9.197842757518551182e-02, 3.771576556919449263e-01
4.074484667894442969e-01, 1.234158510098498085e-01, 9.198711691674311963e-02, 3.771485652839627889e-01
4.074663498421978169e-01, 1.233983779928758823e-01, 9.199581088774247406e-02, 3.771394612771837296e-01
4.074842194408068718e-01, 1.233809273932826855e-01, 9.200450948494093284e-02, 3.771303436809694820e-01
4.075020755904653624e-01, 1.233634991997578784e-01, 9.201321270509035810e-02, 3.771212125046864427e-01
4.075199182963715749e-01, 1.233460934009854709e-01, 9.202192054493690820e-02, 3.771120677577059488e-01
4.075377475637277369e-01, 1.233287099856463925e-01, 9.203063300122127366e-02, 3.771029094494046108e-01
4.075555633977397396e-01, 1.233113489424179088e-01, 9.203935007067845508e-02, 3.770937375891638688e-01
4.075733658036181928e-01, 1.232940102599739268e-01, 9.204807175003783259e-02, 3.770845521863699368e-01
4.075911547865770923e-01, 1.232766939269850787e-01, 9.205679803602330458e-02, 3.770753532504145800e-01
4.076089303518347640e-01, 1.232593999321183881e-01, 9.206552892535296850e-02, 3.770661407906939488e-01
4.076266925046132528e-01, 1.232421282640376037e-01, 9.207426441473946788e-02, 3.770569148166097451e-01
4.076444412501391001e-01, 1.232248789114030324e-01, 9.208300450088970079e-02, 3.770476753375681112e-01
4.076621765936426223e-01, 1.232076518628715672e-01, 9.209174918050505587e-02, 3.770384223629808518e-01
4.076798985403580211e-01, 1.231904471070966317e-01, 9.210049845028117632e-02, 3.770291559022642125e-01
4.076976070955235509e-01, 1.231732646327284020e-01, 9.210925230690811261e-02, 3.770198759648399345e-01
4.077153022643816849e-01, 1.231561044284134737e-01, 9.211801074707033632e-02, 3.770105825601345328e-01
4.077329840521789484e-01, 1.231389664827950980e-01, 9.212677376744661528e-02, 3.770012756975792967e-01
4.077506524641656971e-01, 1.231218507845131538e-01, 9.213554136471004130e-02, 3.769919553866111217e-01
4.077683075055961726e-01, 1.231047573222040642e-01, 9.214431353552808568e-02, 3.769826216366716221e-01
4.077859491817291127e-01, 1.230876860845008386e-01, 9.215309027656264085e-02, 3.769732744572074634e-01
4.078035774978268635e-01, 1.230706370600331556e-01, 9.216187158446982608e-02, 3.769639138576702520e-01
4.078211924591559345e-01, 1.230536102374271551e-01, 9.217065745590007075e-02, 3.769545398475168674e-01
4.078387940709868320e-01, 1.230366056053056739e-01, 9.217944788749832252e-02, 3.769451524362091299e-01
4.078563823385941145e-01, 1.230196231522881628e-01, 9.218824287590365874e-02, 3.769357516332140223e-01
4.078739572672565039e-01, 1.230026628669905614e-01, 9.219704241774956399e-02, 3.769263374480033013e-01
4.078915188622564969e-01, 1.229857247380254648e-01, 9.220584650966386075e-02, 3.769169098900541082e-01
4.079090671288807535e-01, 1.229688087540020819e-01, 9.221465514826865384e-02, 3.769074689688485247e-01
4.079266020724199859e-01, 1.229519149035261383e-01, 9.222346833018037204e-02, 3.768980146938734621e-01
4.079441236981687369e-01, 1.229350431752000150e-01, 9.223228605200968488e-02, 3.768885470746215494e-01
4.079616320114259898e-01, 1.229181935576226931e-01, 9.224110831036171076e-02, 3.768790661205895787e-01
4.079791270174941697e-01, 1.229013660393896701e-01, 9.224993510183567003e-02, 3.768695718412802820e-01
4.079966087216803095e-01, 1.228845606090931686e-01, 9.225876642302528741e-02, 3.768600642462011652e-01
4.080140771292951607e-01, 1.228677772553218722e-01, 9.226760227051843122e-02, 3.768505433448645081e-01
4.080315322456534166e-01, 1.228510159666611617e-01, 9.227644264089730763e-02, 3.768410091467881418e-01
4.080489740760742112e-01, 1.228342767316929068e-01, 9.228528753073834967e-02, 3.768314616614946155e-01
4.080664026258801202e-01, 1.228175595389956187e-01, 9.229413693661241147e-02, 3.768219008985118634e-01
4.080838179003983268e-01, 1.228008643771445335e-01, 9.230299085508437973e-02, 3.768123268673728710e-01
4.081012199049595668e-01, 1.227841912347111958e-01, 9.231184928271367329e-02, 3.768027395776155641e-01
4.081186086448990169e-01, 1.227675401002640276e-01, 9.232071221605381295e-02, 3.767931390387830870e-01
4.081359841255557397e-01, 1.227509109623678568e-01, 9.232957965165261571e-02, 3.767835252604238017e-01
4.081533463522725169e-01, 1.227343038095842498e-01, 9.233845158605219483e-02, 3.767738982520911217e-01
4.081706953303965713e-01, 1.227177186304711926e-01, 9.234732801578883488e-02, 3.767642580233434568e-01
4.081880310652790667e-01, 1.227011554135834653e-01, 9.235620893739310278e-02, 3.767546045837442681e-01
4.082053535622751084e-01, 1.226846141474723095e-01, 9.236509434738987556e-02, 3.767449379428626788e-01
4.082226628267439650e-01, 1.226680948206855526e-01, 9.237398424229818772e-02, 3.767352581102723086e-01
4.082399588640486798e-01, 1.226515974217677052e-01, 9.238287861863136996e-02, 3.767255650955521618e-01
4.082572416795566816e-01, 1.226351219392598779e-01, 9.239177747289696596e-02, 3.767158589082864606e-01
4.082745112786392294e-01, 1.226186683616996009e-01, 9.240068080159660746e-02, 3.767061395580645899e-01
4.082917676666715234e-01, 1.226022366776212263e-01, 9.240958860122648610e-02, 3.766964070544808196e-01
4.083090108490329828e-01, 1.225858268755555397e-01, 9.241850086827661792e-02, 3.766866614071348596e-01
4.083262408311070235e-01, 1.225694389440300375e-01, 9.242741759923153722e-02, 3.766769026256315822e-01
4.083434576182810027e-01, 1.225530728715687190e-01, 9.243633879056983860e-02, 3.766671307195804119e-01
4.083606612159465521e-01, 1.225367286466921696e-01, 9.244526443876431576e-02, 3.766573456985969903e-01
4.083778516294990779e-01, 1.225204062579177272e-01, 9.245419454028207251e-02, 3.766475475723011779e-01
4.083950288643379833e-01, 1.225041056937591633e-01, 9.246312909158428683e-02, 3.766377363503186637e-01
4.084121929258670569e-01, 1.224878269427268213e-01, 9.247206808912648845e-02, 3.766279120422795779e-01
4.084293438194940284e-01, 1.224715699933277696e-01, 9.248101152935821190e-02, 3.766180746578201011e-01
4.084464815506301805e-01, 1.224553348340656628e-01, 9.248995940872332955e-02, 3.766082242065809660e-01
4.084636061246914029e-01, 1.224391214534406302e-01, 9.249891172365982961e-02, 3.765983606982082899e-01
4.084807175470974161e-01, 1.224229298399494570e-01, 9.250786847059981610e-02, 3.765884841423532969e-01
4.084978158232722145e-01, 1.224067599820856250e-01, 9.251682964596968928e-02, 3.765785945486725406e-01
4.085149009586431790e-01, 1.223906118683390221e-01, 9.252579524619002072e-02, 3.765686919268277366e-01
4.085319729586425752e-01, 1.223744854871962745e-01, 9.253476526767540067e-02, 3.765587762864857635e-01
4.085490318287061107e-01, 1.223583808271405393e-01, 9.254373970683472950e-02, 3.765488476373186066e-01
4.085660775742737671e-01, 1.223422978766516567e-01, 9.255271856007100950e-02, 3.765389059890035806e-01
4.085831102007895788e-01, 1.223262366242059140e-01, 9.256170182378141431e-02, 3.765289513512231623e-01
4.086001297137014654e-01, 1.223101970582762821e-01, 9.257068949435720562e-02, 3.765189837336651024e-01
4.086171361184614548e-01, 1.222941791673323453e-01, 9.257968156818387195e-02, 3.765090031460222586e-01
4.086341294205259600e-01, 1.222781829398402603e-01, 9.258867804164105930e-02, 3.764990095979928175e-01
4.086511096253547803e-01, 1.222622083642627422e-01, 9.259767891110240456e-02, 3.764890030992800174e-01
4.086680767384124335e-01, 1.222462554290591613e-01, 9.260668417293588250e-02, 3.764789836595925920e-01
4.086850307651668235e-01, 1.222303241226854464e-01, 9.261569382350343105e-02, 3.764689512886442713e-01
4.087019717110906281e-01, 1.222144144335940708e-01, 9.262470785916117333e-02, 3.764589059961540585e-01
4.087188995816600223e-01, 1.221985263502342878e-01, 9.263372627625943156e-02, 3.764488477918463971e-01
4.087358143823552337e-01, 1.221826598610516595e-01, 9.264274907114247726e-02, 3.764387766854506157e-01
4.087527161186609859e-01, 1.221668149544886672e-01, 9.265177624014886426e-02, 3.764286926867015937e-01
4.087696047960654999e-01, 1.221509916189840866e-01, 9.266080777961119286e-02, 3.764185958053392067e-01
4.087864804200614932e-01, 1.221351898429735294e-01, 9.266984368585610976e-02, 3.764084860511089925e-01
4.088033429961453469e-01, 1.221194096148889852e-01, 9.267888395520443301e-02, 3.763983634337612072e-01
4.088201925298178274e-01, 1.221036509231591960e-01, 9.268792858397108259e-02, 3.763882279630519356e-01
4.088370290265835871e-01, 1.220879137562095179e-01, 9.269697756846503878e-02, 3.763780796487418145e-01
4.088538524919514416e-01, 1.220721981024617125e-01, 9.270603090498936993e-02, 3.763679185005975869e-01
4.088706629314338703e-01, 1.220565039503343219e-01, 9.271508858984123247e-02, 3.763577445283904366e-01
4.088874603505479599e-01, 1.220408312882424046e-01, 9.272415061931194025e-02, 3.763475577418975981e-01
4.089042447548145720e-01, 1.220251801045976886e-01, 9.273321698968679805e-02, 3.763373581509009691e-01
4.089210161497583984e-01, 1.220095503878083215e-01, 9.274228769724517096e-02, 3.763271457651880536e-01
4.089377745409086828e-01, 1.219939421262792451e-01, 9.275136273826059541e-02, 3.763169205945516294e-01
4.089545199337982773e-01, 1.219783553084118205e-01, 9.276044210900054321e-02, 3.763066826487893590e-01
4.089712523339643635e-01, 1.219627899226041756e-01, 9.276952580572665752e-02, 3.762964319377048450e-01
4.089879717469478981e-01, 1.219472459572508577e-01, 9.277861382469457241e-02, 3.762861684711065746e-01
4.090046781782942786e-01, 1.219317234007431944e-01, 9.278770616215406553e-02, 3.762758922588085864e-01
4.090213716335525107e-01, 1.219162222414689328e-01, 9.279680281434883604e-02, 3.762656033106296372e-01
4.090380521182761520e-01, 1.219007424678125173e-01, 9.280590377751669895e-02, 3.762553016363947012e-01
4.090547196380222017e-01, 1.218852840681549227e-01, 9.281500904788955730e-02, 3.762449872459331934e-01
4.090713741983523777e-01, 1.218698470308737375e-01, 9.282411862169324956e-02, 3.762346601490805242e-01
4.090880158048320614e-01, 1.218544313443432753e-01, 9.283323249514773001e-02, 3.762243203556769888e-01
4.091046444630305201e-01, 1.218390369969341441e-01, 9.284235066446695772e-02, 3.762139678755682670e-01
4.091212601785217395e-01, 1.218236639770138852e-01, 9.285147312585892432e-02, 3.762036027186054787e-01
4.091378629568827585e-01, 1.218083122729463341e-01, 9.286059987552562622e-02, 3.761932248946452950e-01
4.091544528036957229e-01, 1.217929818730921904e-01, 9.286973090966309241e-02, 3.761828344135489943e-01
4.091710297245462757e-01, 1.217776727658084895e-01, 9.287886622446131502e-02, 3.761724312851839613e-01
4.091875937250241124e-01, 1.217623849394490337e-01, 9.288800581610444362e-02, 3.761620155194224657e-01
4.092041448107229806e-01, 1.217471183823641556e-01, 9.289714968077047996e-02, 3.761515871261423838e-01
4.092206829872410689e-01, 1.217318730829007600e-01, 9.290629781463144443e-02, 3.761411461152267544e-01
4.092372082601800076e-01, 1.217166490294024350e-01, 9.291545021385350100e-02, 3.761306924965640008e-01
4.092537206351460344e-01, 1.217014462102092021e-01, 9.292460687459665192e-02, 3.761202262800480423e-01
4.092702201177492172e-01, 1.216862646136578630e-01, 9.293376779301489032e-02, 3.761097474755779602e-01
4.092867067136036763e-01, 1.216711042280816946e-01, 9.294293296525636683e-02, 3.760992560930582762e-01
4.093031804283274733e-01, 1.216559650418105459e-01, 9.295210238746304254e-02, 3.760887521423990076e-01
4.093196412675428886e-01, 1.216408470431709216e-01, 9.296127605577088338e-02, 3.760782356335153342e-01
4.093360892368764214e-01, 1.216257502204858981e-01, 9.297045396630995717e-02, 3.760677065763277094e-01
4.093525243419583459e-01, 1.216106745620751245e-01, 9.297963611520414229e-02, 3.760571649807624706e-01
4.093689465884230994e-01, 1.215956200562548495e-01, 9.298882249857134963e-02, 3.760466108567506738e-01
4.093853559819091159e-01, 1.215805866913379218e-01, 9.299801311252348102e-02, 3.760360442142294812e-01
4.094017525280589376e-01, 1.215655744556338180e-01, 9.300720795316637368e-02, 3.760254650631408291e-01
4.094181362325195472e-01, 1.215505833374485034e-01, 9.301640701659984189e-02, 3.760148734134322046e-01
4.094345071009412029e-01, 1.215356133250845988e-01, 9.302561029891762145e-02, 3.760042692750565907e-01
4.094508651389788811e-01, 1.215206644068412972e-01, 9.303481779620742520e-02, 3.759936526579722993e-01
4.094672103522913331e-01, 1.215057365710144471e-01, 9.304402950455090138e-02, 3.759830235721433045e-01
4.094835427465413624e-01, 1.214908298058963720e-01, 9.305324542002361976e-02, 3.759723820275386874e-01
4.094998623273961580e-01, 1.214759440997760648e-01, 9.306246553869508553e-02, 3.759617280341328027e-01
4.095161691005263505e-01, 1.214610794409391042e-01, 9.307168985662880867e-02, 3.759510616019056672e-01
4.095324630716072334e-01, 1.214462358176676277e-01, 9.308091836988213741e-02, 3.759403827408428489e-01
4.095487442463182082e-01, 1.214314132182403999e-01, 9.309015107450641091e-02, 3.759296914609349671e-01
4.095650126303420069e-01, 1.214166116309326471e-01, 9.309938796654683435e-02, 3.759189877721785256e-01
4.095812682293663021e-01, 1.214018310440163617e-01, 9.310862904204258994e-02, 3.759082716845746908e-01
4.095975110490820414e-01, 1.213870714457600530e-01, 9.311787429702675367e-02, 3.758975432081311241e-01
4.096137410951850022e-01, 1.213723328244287886e-01, 9.312712372752626755e-02, 3.758868023528598723e-01
4.096299583733744587e-01, 1.213576151682843052e-01, 9.313637732956205062e-02, 3.758760491287791994e-01
4.096461628893539597e-01, 1.213429184655847454e-01, 9.314563509914886019e-02, 3.758652835459124208e-01
4.096623546488312173e-01, 1.213282427045850459e-01, 9.315489703229541674e-02, 3.758545056142882368e-01
4.096785336575178293e-01, 1.213135878735366185e-01, 9.316416312500432062e-02, 3.758437153439412870e-01
4.096946999211295570e-01, 1.212989539606875306e-01, 9.317343337327198272e-02, 3.758329127449108742e-01
4.097108534453862694e-01, 1.212843409542823520e-01, 9.318270777308884645e-02, 3.758220978272425183e-01
4.097269942360118322e-01, 1.212697488425622805e-01, 9.319198632043912411e-02, 3.758112706009867909e-01
4.097431222987341082e-01, 1.212551776137651832e-01, 9.320126901130093566e-02, 3.758004310761997591e-01
4.097592376392854008e-01, 1.212406272561253190e-01, 9.321055584164630869e-02, 3.757895792629430409e-01
4.097753402634013442e-01, 1.212260977578736992e-01, 9.321984680744108132e-02, 3.757787151712838059e-01
4.097914301768226242e-01, 1.212115891072378937e-01, 9.322914190464508255e-02, 3.757678388112944412e-01
4.098075073852931460e-01, 1.211971012924420027e-01, 9.323844112921181315e-02, 3.757569501930531630e-01
4.098235718945614225e-01, 1.211826343017067126e-01, 9.324774447708886194e-02, 3.757460493266431278e-01
4.098396237103796858e-01, 1.211681881232493790e-01, 9.325705194421750333e-02, 3.757351362221533764e-01
4.098556628385044420e-01, 1.211537627452837773e-01, 9.326636352653294715e-02, 3.757242108896787780e-01
4.098716892846962501e-01, 1.211393581560205601e-01, 9.327567921996428313e-02, 3.757132733393189206e-01
4.098877030547197764e-01, 1.211249743436666193e-01, 9.328499902043425884e-02, 3.757023235811793871e-01
4.099037041543437954e-01, 1.211106112964256548e-01, 9.329432292385970993e-02, 3.756913616253708676e-01
4.099196925893406895e-01, 1.210962690024978694e-01, 9.330365092615121314e-02, 3.756803874820102140e-01
4.099356683654876154e-01, 1.210819474500800935e-01, 9.331298302321310023e-02, 3.756694011612191075e-01
4.099516314885654489e-01, 1.210676466273657576e-01, 9.332231921094373550e-02, 3.756584026731252246e-01
4.099675819643590069e-01, 1.210533665225446975e-01, 9.333165948523503008e-02, 3.756473920278612377e-01
4.099835197986574364e-01, 1.210391071238035715e-01, 9.334100384197298317e-02, 3.756363692355659811e-01
4.099994449972539368e-01, 1.210248684193254570e-01, 9.335035227703722405e-02, 3.756253343063832295e-01
4.100153575659458149e-01, 1.210106503972901704e-01, 9.335970478630137293e-02, 3.756142872504626973e-01
4.100312575105340418e-01, 1.209964530458739057e-01, 9.336906136563270786e-02, 3.756032280779592614e-01
4.100471448368241956e-01, 1.209822763532495959e-01, 9.337842201089242844e-02, 3.755921567990337384e-01
4.100630195506256848e-01, 1.209681203075866907e-01, 9.338778671793548924e-02, 3.755810734238522186e-01
4.100788816577519702e-01, 1.209539848970512810e-01, 9.339715548261058597e-02, 3.755699779625861212e-01
4.100947311640207316e-01, 1.209398701098059054e-01, 9.340652830076037749e-02, 3.755588704254130827e-01
4.101105680752535898e-01, 1.209257759340098271e-01, 9.341590516822113888e-02, 3.755477508225154026e-01
4.101263923972763847e-01, 1.209117023578188538e-01, 9.342528608082302510e-02, 3.755366191640817086e-01
4.101422041359187864e-01, 1.208976493693853377e-01, 9.343467103439004329e-02, 3.755254754603057910e-01
4.101580032970150169e-01, 1.208836169568582308e-01, 9.344406002473987227e-02, 3.755143197213869355e-01
4.101737898864026288e-01, 1.208696051083829881e-01, 9.345345304768398753e-02, 3.755031519575303123e-01
4.101895639099241153e-01, 1.208556138121018586e-01, 9.346285009902768892e-02, 3.754919721789463094e-01
4.102053253734253002e-01, 1.208416430561534416e-01, 9.347225117457007293e-02, 3.754807803958511436e-01
4.102210742827567813e-01, 1.208276928286730473e-01, 9.348165627010389389e-02, 3.754695766184663608e-01
4.102368106437724316e-01, 1.208137631177924470e-01, 9.349106538141577216e-02, 3.754583608570194464e-01
4.102525344623310088e-01, 1.207998539116401510e-01, 9.350047850428605534e-02, 3.754471331217428265e-01
4.102682457442947683e-01, 1.207859651983411303e-01, 9.350989563448890152e-02, 3.754358934228752553e-01
4.102839444955305170e-01, 1.207720969660169841e-01, 9.351931676779211278e-02, 3.754246417706604277e-01
4.102996307219085592e-01, 1.207582492027857723e-01, 9.352874189995731558e-02, 3.754133781753482557e-01
4.103153044293038620e-01, 1.207444218967624050e-01, 9.353817102673991912e-02, 3.754021026471937028e-01
4.103309656235952230e-01, 1.207306150360581004e-01, 9.354760414388901824e-02, 3.753908151964576168e-01
4.103466143106656028e-01, 1.207168286087807602e-01, 9.355704124714751824e-02, 3.753795158334062854e-01
4.103622504964017370e-01, 1.207030626030348164e-01, 9.356648233225187128e-02, 3.753682045683116031e-01
4.103778741866948576e-01, 1.206893170069213844e-01, 9.357592739493254819e-02, 3.753568814114512375e-01
4.103934853874400268e-01, 1.206755918085380824e-01, 9.358537643091352498e-02, 3.753455463731083519e-01
4.104090841045365812e-01, 1.206618869959790036e-01, 9.359482943591264370e-02, 3.753341994635717160e-01
4.104246703438877986e-01, 1.206482025573351186e-01, 9.360428640564137648e-02, 3.753228406931358174e-01
4.104402441114009537e-01, 1.206345384806935678e-01, 9.361374733580490881e-02, 3.753114700721005281e-01
4.104558054129877620e-01, 1.206208947541384108e-01, 9.362321222210230609e-02, 3.753000876107715489e-01
4.104713542545636029e-01, 1.206072713657501128e-01, 9.363268106022618054e-02, 3.752886933194601871e-01
4.104868906420481300e-01, 1.205936683036056833e-01, 9.364215384586281610e-02, 3.752772872084832456e-01
4.105024145813652714e-01, 1.205800855557789264e-01, 9.365163057469239050e-02, 3.752658692881634117e-01
4.105179260784426742e-01, 1.205665231103399126e-01, 9.366111124238862828e-02, 3.752544395688288126e-01
4.105334251392123157e-01, 1.205529809553554654e-01, 9.367059584461900901e-02, 3.752429980608131266e-01
4.105489117696102253e-01, 1.205394590788890496e-01, 9.368008437704476721e-02, 3.752315447744558607e-01
4.105643859755765956e-01, 1.205259574690005775e-01, 9.368957683532067038e-02, 3.752200797201021287e-01
4.105798477630554499e-01, 1.205124761137464917e-01, 9.369907321509535203e-02, 3.752086029081027618e-01
4.105952971379950300e-01, 1.204990150011799460e-01, 9.370857351201100638e-02, 3.751971143488140870e-01
4.106107341063477967e-01, 1.204855741193505969e-01, 9.371807772170356876e-02, 3.751856140525980932e-01
4.106261586740700964e-01, 1.204721534563046315e-01, 9.372758583980264624e-02, 3.751741020298226537e-01
4.106415708471226056e-01, 1.204587530000849199e-01, 9.373709786193153148e-02, 3.751625782908609708e-01
4.106569706314698864e-01, 1.204453727387308354e-01, 9.374661378370707787e-02, 3.751510428460921864e-01
4.106723580330804979e-01, 1.204320126602783508e-01, 9.375613360074001867e-02, 3.751394957059011603e-01
4.106877330579275509e-01, 1.204186727527599005e-01, 9.376565730863452297e-02, 3.751279368806780812e-01
4.107030957119875980e-01, 1.204053530042046294e-01, 9.377518490298863973e-02, 3.751163663808190774e-01
4.107184460012419658e-01, 1.203920534026382411e-01, 9.378471637939385375e-02, 3.751047842167258839e-01
4.107337839316754780e-01, 1.203787739360829001e-01, 9.379425173343550193e-02, 3.750931903988060645e-01
4.107491095092773992e-01, 1.203655145925574266e-01, 9.380379096069244027e-02, 3.750815849374726785e-01
4.107644227400410464e-01, 1.203522753600772544e-01, 9.381333405673727976e-02, 3.750699678431444473e-01
4.107797236299636778e-01, 1.203390562266542507e-01, 9.382288101713609496e-02, 3.750583391262460320e-01
4.107950121850467706e-01, 1.203258571802969523e-01, 9.383243183744884031e-02, 3.750466987972074784e-01
4.108102884112956321e-01, 1.203126782090104679e-01, 9.384198651322890605e-02, 3.750350468664649939e-01
4.108255523147201216e-01, 1.202995193007964370e-01, 9.385154504002349296e-02, 3.750233833444598930e-01
4.108408039013341506e-01, 1.202863804436530709e-01, 9.386110741337320984e-02, 3.750117082416395964e-01
4.108560431771550725e-01, 1.202732616255751119e-01, 9.387067362881250376e-02, 3.750000215684572424e-01
4.108712701482051255e-01, 1.202601628345540408e-01, 9.388024368186938251e-02, 3.749883233353714651e-01
4.108864848205101561e-01, 1.202470840585776191e-01, 9.388981756806540069e-02, 3.749766135528467825e-01
4.109016872001002296e-01, 1.202340252856304997e-01, 9.389939528291578463e-02, 3.749648922313534860e-01
4.109168772930097968e-01, 1.202209865036935749e-01, 9.390897682192940465e-02, 3.749531593813673069e-01
4.109320551052766390e-01, 1.202079677007446140e-01, 9.391856218060869177e-02, 3.749414150133700829e-01
4.109472206429435337e-01, 1.201949688647576953e-01, 9.392815135444969321e-02, 3.749296591378490362e-01
4.109623739120568109e-01, 1.201819899837036493e-01, 9.393774433894207243e-02, 3.749178917652973286e-01
4.109775149186670751e-01, 1.201690310455498095e-01, 9.394734112956915073e-02, 3.749061129062140063e-01
4.109926436688289275e-01, 1.201560920382599984e-01, 9.395694172180769910e-02, 3.748943225711034444e-01
4.110077601686010218e-01, 1.201431729497947076e-01, 9.396654611112820188e-02, 3.748825207704760132e-01
4.110228644240463414e-01, 1.201302737681109595e-01, 9.397615429299473189e-02, 3.748707075148478562e-01
4.110379564412319220e-01, 1.201173944811623484e-01, 9.398576626286488100e-02, 3.748588828147408902e-01
4.110530362262286297e-01, 1.201045350768989578e-01, 9.399538201618989897e-02, 3.748470466806826384e-01
4.110681037851115494e-01, 1.200916955432675404e-01, 9.400500154841454070e-02, 3.748351991232062863e-01
4.110831591239599847e-01, 1.200788758682113933e-01, 9.401462485497719124e-02, 3.748233401528513475e-01
4.110982022488572918e-01, 1.200660760396703858e-01, 9.402425193130983794e-02, 3.748114697801624429e-01
4.111132331658908790e-01, 1.200532960455808346e-01, 9.403388277283798724e-02, 3.747995880156902992e-01
4.111282518811523179e-01, 1.200405358738757533e-01, 9.404351737498070629e-02, 3.747876948699912503e-01
4.111432584007369551e-01, 1.200277955124846446e-01, 9.405315573315063682e-02, 3.747757903536276802e-01
4.111582527307449109e-01, 1.200150749493336944e-01, 9.406279784275399514e-02, 3.747638744771675245e-01
4.111732348772795809e-01, 1.200023741723454662e-01, 9.407244369919058602e-02, 3.747519472511844918e-01
4.111882048464490236e-01, 1.199896931694391655e-01, 9.408209329785367780e-02, 3.747400086862580637e-01
4.112031626443654608e-01, 1.199770319285306253e-01, 9.409174663413019668e-02, 3.747280587929737172e-01
4.112181082771447227e-01, 1.199643904375321674e-01, 9.410140370340057403e-02, 3.747160975819226469e-01
4.112330417509070246e-01, 1.199517686843526720e-01, 9.411106450103876031e-02, 3.747041250637015986e-01
4.112479630717766899e-01, 1.199391666568976333e-01, 9.412072902241226668e-02, 3.746921412489133130e-01
4.112628722458822605e-01, 1.199265843430690898e-01, 9.413039726288215114e-02, 3.746801461481665263e-01
4.112777692793560536e-01, 1.199140217307655687e-01, 9.414006921780300463e-02, 3.746681397720753592e-01
4.112926541783346601e-01, 1.199014788078822807e-01, 9.414974488252295104e-02, 3.746561221312600387e-01
4.113075269489588903e-01, 1.198889555623108838e-01, 9.415942425238363334e-02, 3.746440932363465648e-01
4.113223875973734400e-01, 1.198764519819396634e-01, 9.416910732272026907e-02, 3.746320530979667107e-01
4.113372361297272239e-01, 1.198639680546534358e-01, 9.417879408886146997e-02, 3.746200017267579119e-01
4.113520725521732091e-01, 1.198515037683335477e-01, 9.418848454612956111e-02, 3.746079391333638209e-01
4.113668968708684703e-01, 1.198390591108580566e-01, 9.419817868984020626e-02, 3.745958653284333639e-01
4.113817090919743014e-01, 1.198266340701012733e-01, 9.420787651530267148e-02, 3.745837803226217955e-01
4.113965092216557151e-01, 1.198142286339343998e-01, 9.421757801781972808e-02, 3.745716841265900321e-01
4.114112972660824430e-01, 1.198018427902250577e-01, 9.422728319268769415e-02, 3.745595767510048191e-01
4.114260732314277136e-01, 1.197894765268373435e-01, 9.423699203519626810e-02, 3.745474582065385638e-01
4.114408371238692519e-01, 1.197771298316320787e-01, 9.424670454062879232e-02, 3.745353285038698354e-01
4.114555889495887242e-01, 1.197648026924664766e-01, 9.425642070426193397e-02, 3.745231876536828097e-01
4.114703287147718491e-01, 1.197524950971944196e-01, 9.426614052136608746e-02, 3.745110356666676577e-01
4.114850564256085641e-01, 1.197402070336662794e-01, 9.427586398720494421e-02, 3.744988725535202123e-01
4.114997720882928034e-01, 1.197279384897290688e-01, 9.428559109703579799e-02, 3.744866983249423575e-01
4.115144757090226646e-01, 1.197156894532262622e-01, 9.429532184610936452e-02, 3.744745129916416948e-01
4.115291672940003531e-01, 1.197034599119979337e-01, 9.430505622966983692e-02, 3.744623165643318208e-01
4.115438468494321822e-01, 1.196912498538807851e-01, 9.431479424295494129e-02, 3.744501090537320498e-01
4.115585143815284619e-01, 1.196790592667079101e-01, 9.432453588119583954e-02, 3.744378904705676914e-01
4.115731698965038876e-01, 1.196668881383090577e-01, 9.433428113961724037e-02, 3.744256608255698282e-01
4.115878134005767630e-01, 1.196547364565105909e-01, 9.434403001343721895e-02, 3.744134201294753717e-01
4.116024448999699992e-01, 1.196426042091352920e-01, 9.435378249786738336e-02, 3.744011683930273948e-01
4.116170644009101709e-01, 1.196304913840025574e-01, 9.436353858811273587e-02, 3.743889056269744664e-01
4.116316719096284604e-01, 1.196183979689284388e-01, 9.437329827937185334e-02, 3.743766318420712613e-01
4.116462674323597137e-01, 1.196063239517253657e-01, 9.438306156683667902e-02, 3.743643470490783387e-01
4.116608509753428846e-01, 1.195942693202024093e-01, 9.439282844569268915e-02, 3.743520512587620308e-01
4.116754225448214233e-01, 1.195822340621652408e-01, 9.440259891111871249e-02, 3.743397444818946651e-01
4.116899821470424436e-01, 1.195702181654159646e-01, 9.441237295828709686e-02, 3.743274267292543978e-01
4.117045297882575561e-01, 1.195582216177533547e-01, 9.442215058236370917e-02, 3.743150980116253801e-01
4.117190654747221457e-01, 1.195462444069727292e-01, 9.443193177850764397e-02, 3.743027583397976477e-01
4.117335892126957053e-01, 1.195342865208658262e-01, 9.444171654187165366e-02, 3.742904077245668981e-01
4.117481010084420578e-01, 1.195223479472211081e-01, 9.445150486760180153e-02, 3.742780461767349909e-01
4.117626008682291339e-01, 1.195104286738234434e-01, 9.446129675083764221e-02, 3.742656737071097250e-01
4.117770887983286943e-01, 1.194985286884543974e-01, 9.447109218671219388e-02, 3.742532903265046729e-01
4.117915648050167188e-01, 1.194866479788920105e-01, 9.448089117035179951e-02, 3.742408960457394573e-01
4.118060288945734615e-01, 1.194747865329108261e-01, 9.449069369687629338e-02, 3.742284908756393635e-01
4.118204810732831178e-01, 1.194629443382820011e-01, 9.450049976139900110e-02, 3.742160748270359494e-01
4.118349213474339354e-01, 1.194511213827732232e-01, 9.451030935902653141e-02, 3.742036479107663793e-01
4.118493497233183809e-01, 1.194393176541487939e-01, 9.452012248485897050e-02, 3.741912101376738131e-01
4.118637662072329175e-01, 1.194275331401693924e-01, 9.452993913398982651e-02, 3.741787615186077387e-01
4.118781708054783941e-01, 1.194157678285925617e-01, 9.453975930150607110e-02, 3.741663020644230286e-01
4.118925635243592676e-01, 1.194040217071720283e-01, 9.454958298248801463e-02, 3.741538317859807172e-01
4.119069443701845468e-01, 1.193922947636583271e-01, 9.455941017200934773e-02, 3.741413506941477785e-01
4.119213133492672374e-01, 1.193805869857984120e-01, 9.456924086513725236e-02, 3.741288587997971815e-01
4.119356704679240644e-01, 1.193688983613358789e-01, 9.457907505693226302e-02, 3.741163561138077798e-01
4.119500157324766376e-01, 1.193572288780107710e-01, 9.458891274244833614e-02, 3.741038426470642553e-01
4.119643491492497867e-01, 1.193455785235597727e-01, 9.459875391673278067e-02, 3.740913184104576739e-01
4.119786707245729485e-01, 1.193339472857160993e-01, 9.460859857482631363e-02, 3.740787834148845969e-01
4.119929804647797789e-01, 1.193223351522094411e-01, 9.461844671176311561e-02, 3.740662376712476922e-01
4.120072783762077084e-01, 1.193107421107661714e-01, 9.462829832257058094e-02, 3.740536811904555670e-01
4.120215644651983866e-01, 1.192991681491090417e-01, 9.463815340226967854e-02, 3.740411139834229348e-01
4.120358387380975151e-01, 1.192876132549575141e-01, 9.464801194587470212e-02, 3.740285360610703935e-01
4.120501012012550701e-01, 1.192760774160274706e-01, 9.465787394839317304e-02, 3.740159474343243140e-01
4.120643518610250244e-01, 1.192645606200314762e-01, 9.466773940482625660e-02, 3.740033481141173399e-01
4.120785907237652368e-01, 1.192530628546784599e-01, 9.467760831016827638e-02, 3.739907381113879437e-01
4.120928177958381733e-01, 1.192415841076741173e-01, 9.468748065940703340e-02, 3.739781174370805927e-01
4.121070330836099083e-01, 1.192301243667205218e-01, 9.469735644752363957e-02, 3.739654861021459720e-01
4.121212365934509014e-01, 1.192186836195163885e-01, 9.470723566949262873e-02, 3.739528441175400952e-01
4.121354283317356093e-01, 1.192072618537568796e-01, 9.471711832028180400e-02, 3.739401914942257488e-01
4.121496083048425407e-01, 1.191958590571338267e-01, 9.472700439485239043e-02, 3.739275282431712699e-01
4.121637765191545344e-01, 1.191844752173354949e-01, 9.473689388815904888e-02, 3.739148543753509912e-01
4.121779329810582038e-01, 1.191731103220467769e-01, 9.474678679514965396e-02, 3.739021699017453515e-01
4.121920776969447142e-01, 1.191617643589490960e-01, 9.475668311076544670e-02, 3.738894748333407292e-01
4.122062106732085618e-01, 1.191504373157204200e-01, 9.476658282994114557e-02, 3.738767691811297755e-01
4.122203319162493496e-01, 1.191391291800352609e-01, 9.477648594760472445e-02, 3.738640529561106929e-01
4.122344414324700113e-01, 1.191278399395646059e-01, 9.478639245867741259e-02, 3.738513261692880119e-01
4.122485392282779215e-01, 1.191165695819761255e-01, 9.479630235807399996e-02, 3.738385888316720362e-01
4.122626253100843408e-01, 1.191053180949338819e-01, 9.480621564070240703e-02, 3.738258409542794536e-01
4.122766996843049703e-01, 1.190940854660986342e-01, 9.481613230146397620e-02, 3.738130825481324471e-01
4.122907623573592306e-01, 1.190828716831275752e-01, 9.482605233525341626e-02, 3.738003136242596947e-01
4.123048133356710387e-01, 1.190716767336745807e-01, 9.483597573695874694e-02, 3.737875341936957030e-01
4.123188526256680864e-01, 1.190605006053898074e-01, 9.484590250146121559e-02, 3.737747442674809739e-01
4.123328802337820620e-01, 1.190493432859202338e-01, 9.485583262363550539e-02, 3.737619438566620600e-01
4.123468961664493171e-01, 1.190382047629092999e-01, 9.486576609834967977e-02, 3.737491329722917865e-01
4.123609004301097558e-01, 1.190270850239968231e-01, 9.487570292046490494e-02, 3.737363116254283635e-01
4.123748930312077232e-01, 1.190159840568194988e-01, 9.488564308483596332e-02, 3.737234798271368286e-01
4.123888739761913946e-01, 1.190049018490101640e-01, 9.489558658631057353e-02, 3.737106375884878262e-01
4.124028432715133308e-01, 1.189938383881986445e-01, 9.490553341973016754e-02, 3.736977849205579405e-01
4.124168009236298671e-01, 1.189827936620108662e-01, 9.491548357992919682e-02, 3.736849218344301393e-01
4.124307469390017244e-01, 1.189717676580696742e-01, 9.492543706173556251e-02, 3.736720483411931637e-01
4.124446813240935650e-01, 1.189607603639941252e-01, 9.493539385997039337e-02, 3.736591644519419164e-01
4.124586040853742142e-01, 1.189497717674001392e-01, 9.494535396944821237e-02, 3.736462701777774620e-01
4.124725152293166608e-01, 1.189388018558999310e-01, 9.495531738497674235e-02, 3.736333655298067491e-01
4.124864147623977240e-01, 1.189278506171023986e-01, 9.496528410135708642e-02, 3.736204505191427216e-01
4.125003026910988857e-01, 1.189169180386129565e-01, 9.497525411338360313e-02, 3.736075251569045963e-01
4.125141790219049587e-01, 1.189060041080335361e-01, 9.498522741584387863e-02, 3.735945894542176959e-01
4.125280437613054185e-01, 1.188951088129625855e-01, 9.499520400351897653e-02, 3.735816434222130611e-01
4.125418969157936266e-01, 1.188842321409951802e-01, 9.500518387118304930e-02, 3.735686870720280606e-01
4.125557384918674408e-01, 1.188733740797228711e-01, 9.501516701360357420e-02, 3.735557204148062249e-01
4.125695684960278831e-01, 1.188625346167337671e-01, 9.502515342554145039e-02, 3.735427434616969133e-01
4.125833869347811378e-01, 1.188517137396125911e-01, 9.503514310175070756e-02, 3.735297562238556468e-01
4.125971938146366091e-01, 1.188409114359404717e-01, 9.504513603697874180e-02, 3.735167587124442190e-01
4.126109891421085862e-01, 1.188301276932951928e-01, 9.505513222596610745e-02, 3.735037509386301968e-01
4.126247729237147999e-01, 1.188193624992509995e-01, 9.506513166344678079e-02, 3.734907329135873644e-01
4.126385451659775327e-01, 1.188086158413787785e-01, 9.507513434414791020e-02, 3.734777046484957785e-01
4.126523058754229534e-01, 1.187978877072458916e-01, 9.508514026278999665e-02, 3.734646661545411583e-01
4.126660550585812270e-01, 1.187871780844162173e-01, 9.509514941408669930e-02, 3.734516174429158841e-01
4.126797927219869044e-01, 1.187764869604502616e-01, 9.510516179274498827e-02, 3.734385585248179429e-01
4.126935188721782000e-01, 1.187658143229050056e-01, 9.511517739346510292e-02, 3.734254894114515388e-01
4.127072335156982685e-01, 1.187551601593339751e-01, 9.512519621094064903e-02, 3.734124101140272045e-01
4.127209366590932071e-01, 1.187445244572872954e-01, 9.513521823985825188e-02, 3.733993206437613011e-01
4.127346283089141643e-01, 1.187339072043115396e-01, 9.514524347489793088e-02, 3.733862210118763514e-01
4.127483084717157857e-01, 1.187233083879500051e-01, 9.515527191073298863e-02, 3.733731112296012622e-01
4.127619771540571025e-01, 1.187127279957422427e-01, 9.516530354202995534e-02, 3.733599913081706578e-01
4.127756343625014201e-01, 1.187021660152246111e-01, 9.517533836344851950e-02, 3.733468612588255464e-01
4.127892801036154302e-01, 1.186916224339299025e-01, 9.518537636964176374e-02, 3.733337210928128203e-01
4.128029143839708759e-01, 1.186810972393874536e-01, 9.519541755525591509e-02, 3.733205708213857554e-01
4.128165372101428310e-01, 1.186705904191230898e-01, 9.520546191493045596e-02, 3.733074104558036233e-01
4.128301485887108657e-01, 1.186601019606593199e-01, 9.521550944329802701e-02, 3.732942400073317457e-01
4.128437485262584916e-01, 1.186496318515150306e-01, 9.522556013498473249e-02, 3.732810594872416621e-01
4.128573370293733835e-01, 1.186391800792058193e-01, 9.523561398460969607e-02, 3.732678689068110733e-01
4.128709141046471576e-01, 1.186287466312437033e-01, 9.524567098678538013e-02, 3.732546682773237312e-01
4.128844797586758153e-01, 1.186183314951372997e-01, 9.525573113611740528e-02, 3.732414576100694936e-01
4.128980339980590775e-01, 1.186079346583917143e-01, 9.526579442720468915e-02, 3.732282369163446023e-01
4.129115768294009947e-01, 1.185975561085085977e-01, 9.527586085463934928e-02, 3.732150062074510721e-01
4.129251082593098365e-01, 1.185871958329862419e-01, 9.528593041300667532e-02, 3.732017654946973018e-01
4.129386282943977027e-01, 1.185768538193193722e-01, 9.529600309688526782e-02, 3.731885147893976851e-01
4.129521369412808007e-01, 1.185665300549993140e-01, 9.530607890084687173e-02, 3.731752541028729997e-01
4.129656342065795016e-01, 1.185562245275138815e-01, 9.531615781945652899e-02, 3.731619834464500185e-01
4.129791200969185061e-01, 1.185459372243475445e-01, 9.532623984727242594e-02, 3.731487028314614540e-01
4.129925946189262898e-01, 1.185356681329811646e-01, 9.533632497884596269e-02, 3.731354122692466246e-01
4.130060577792353249e-01, 1.185254172408922585e-01, 9.534641320872180859e-02, 3.731221117711506219e-01
4.130195095844824693e-01, 1.185151845355548045e-01, 9.535650453143774963e-02, 3.731088013485249211e-01
4.130329500413085775e-01, 1.185049700044394222e-01, 9.536659894152485495e-02, 3.730954810127270482e-01
4.130463791563586118e-01, 1.184947736350132064e-01, 9.537669643350740745e-02, 3.730821507751207466e-01
4.130597969362815314e-01, 1.184845954147397823e-01, 9.538679700190282051e-02, 3.730688106470758103e-01
4.130732033877304588e-01, 1.184744353310793474e-01, 9.539690064122180457e-02, 3.730554606399684170e-01
4.130865985173624022e-01, 1.184642933714886021e-01, 9.540700734596807564e-02, 3.730421007651807952e-01
4.130999823318390329e-01, 1.184541695234209296e-01, 9.541711711063881329e-02, 3.730287310341013352e-01
4.131133548378252973e-01, 1.184440637743260361e-01, 9.542722992972420271e-02, 3.730153514581244778e-01
4.131267160419909712e-01, 1.184339761116503520e-01, 9.543734579770765669e-02, 3.730019620486509924e-01
4.131400659510094386e-01, 1.184239065228367416e-01, 9.544746470906588509e-02, 3.729885628170878653e-01
4.131534045715583026e-01, 1.184138549953246689e-01, 9.545758665826858946e-02, 3.729751537748483559e-01
4.131667319103193847e-01, 1.184038215165501701e-01, 9.546771163977886554e-02, 3.729617349333516074e-01
4.131800479739783372e-01, 1.183938060739457426e-01, 9.547783964805281465e-02, 3.729483063040230917e-01
4.131933527692251973e-01, 1.183838086549404700e-01, 9.548797067753984902e-02, 3.729348678982945531e-01
4.132066463027537773e-01, 1.183738292469599523e-01, 9.549810472268246975e-02, 3.729214197276038423e-01
4.132199285812622747e-01, 1.183638678374264314e-01, 9.550824177791643332e-02, 3.729079618033948607e-01
4.132331996114528283e-01, 1.183539244137585683e-01, 9.551838183767065449e-02, 3.728944941371180599e-01
4.132464594000315738e-01, 1.183439989633715966e-01, 9.552852489636712296e-02, 3.728810167402298315e-01
4.132597079537086993e-01, 1.183340914736774052e-01, 9.553867094842116714e-02, 3.728675296241927839e-01
4.132729452791987779e-01, 1.183242019320842331e-01, 9.554881998824114875e-02, 3.728540328004757987e-01
4.132861713832203243e-01, 1.183143303259970025e-01, 9.555897201022867105e-02, 3.728405262805539189e-01
4.132993862724956835e-01, 1.183044766428172079e-01, 9.556912700877853717e-02, 3.728270100759085715e-01
4.133125899537516412e-01, 1.182946408699427771e-01, 9.557928497827856973e-02, 3.728134841980270675e-01
4.133257824337188691e-01, 1.182848229947682794e-01, 9.558944591310993000e-02, 3.727999486584029354e-01
4.133389637191322019e-01, 1.182750230046846901e-01, 9.559960980764675709e-02, 3.727864034685363648e-01
4.133521338167303605e-01, 1.182652408870797506e-01, 9.560977665625655653e-02, 3.727728486399333185e-01
4.133652927332565064e-01, 1.182554766293374832e-01, 9.561994645329985332e-02, 3.727592841841061433e-01
4.133784404754575759e-01, 1.182457302188387321e-01, 9.563011919313030296e-02, 3.727457101125734584e-01
4.133915770500845022e-01, 1.182360016429606364e-01, 9.564029487009485797e-02, 3.727321264368599341e-01
4.134047024638927703e-01, 1.182262908890771291e-01, 9.565047347853347648e-02, 3.727185331684966796e-01
4.134178167236414181e-01, 1.182165979445583825e-01, 9.566065501277934424e-02, 3.727049303190208551e-01
4.134309198360939797e-01, 1.182069227967714048e-01, 9.567083946715881915e-02, 3.726913178999758380e-01
4.134440118080177085e-01, 1.181972654330795958e-01, 9.568102683599132019e-02, 3.726776959229113895e-01
4.134570926461840767e-01, 1.181876258408429692e-01, 9.569121711358949400e-02, 3.726640643993834878e-01
4.134701623573687757e-01, 1.181780040074180416e-01, 9.570141029425903445e-02, 3.726504233409542177e-01
4.134832209483512711e-01, 1.181683999201578600e-01, 9.571160637229890467e-02, 3.726367727591918810e-01
4.134962684259156362e-01, 1.181588135664120853e-01, 9.572180534200110114e-02, 3.726231126656711634e-01
4.135093047968492752e-01, 1.181492449335268952e-01, 9.573200719765080635e-02, 3.726094430719729678e-01
4.135223300679442548e-01, 1.181396940088449837e-01, 9.574221193352638881e-02, 3.725957639896843032e-01
4.135353442459965279e-01, 1.181301607797056868e-01, 9.575241954389920873e-02, 3.725820754303986737e-01
4.135483473378058217e-01, 1.181206452334447599e-01, 9.576263002303389560e-02, 3.725683774057155229e-01
4.135613393501765822e-01, 1.181111473573945303e-01, 9.577284336518814001e-02, 3.725546699272407336e-01
4.135743202899166970e-01, 1.181016671388840089e-01, 9.578305956461280468e-02, 3.725409530065865171e-01
4.135872901638384391e-01, 1.180922045652386398e-01, 9.579327861555182733e-02, 3.725272266553710798e-01
4.136002489787582448e-01, 1.180827596237804117e-01, 9.580350051224238717e-02, 3.725134908852189564e-01
4.136131967414963806e-01, 1.180733323018279268e-01, 9.581372524891459963e-02, 3.724997457077611762e-01
4.136261334588769989e-01, 1.180639225866962350e-01, 9.582395281979186330e-02, 3.724859911346347641e-01
4.136390591377290260e-01, 1.180545304656970829e-01, 9.583418321909067950e-02, 3.724722271774831839e-01
4.136519737848847189e-01, 1.180451559261386507e-01, 9.584441644102059676e-02, 3.724584538479559503e-01
4.136648774071808865e-01, 1.180357989553257186e-01, 9.585465247978434966e-02, 3.724446711577090730e-01
4.136777700114581124e-01, 1.180264595405595557e-01, 9.586489132957773385e-02, 3.724308791184046119e-01
4.136906516045611437e-01, 1.180171376691380863e-01, 9.587513298458971711e-02, 3.724170777417110667e-01
4.137035221933388351e-01, 1.180078333283556963e-01, 9.588537743900236998e-02, 3.724032670393030986e-01
4.137163817846440939e-01, 1.179985465055033850e-01, 9.589562468699082409e-02, 3.723894470228616971e-01
4.137292303853337128e-01, 1.179892771878687380e-01, 9.590587472272339709e-02, 3.723756177040741799e-01
4.137420680022689812e-01, 1.179800253627357326e-01, 9.591612754036143995e-02, 3.723617790946339712e-01
4.137548946423145746e-01, 1.179707910173850294e-01, 9.592638313405948969e-02, 3.723479312062408786e-01
4.137677103123399980e-01, 1.179615741390938610e-01, 9.593664149796513052e-02, 3.723340740506010382e-01
4.137805150192181980e-01, 1.179523747151359492e-01, 9.594690262621914656e-02, 3.723202076394267479e-01
4.137933087698265622e-01, 1.179431927327815738e-01, 9.595716651295525812e-02, 3.723063319844367447e-01
4.138060915710461973e-01, 1.179340281792975453e-01, 9.596743315230041316e-02, 3.722924470973557609e-01
4.138188634297628177e-01, 1.179248810419473992e-01, 9.597770253837469012e-02, 3.722785529899152457e-01
4.138316243528655791e-01, 1.179157513079909514e-01, 9.598797466529111755e-02, 3.722646496738524213e-01
4.138443743472479119e-01, 1.179066389646847984e-01, 9.599824952715600712e-02, 3.722507371609112825e-01
4.138571134198074652e-01, 1.178975439992820118e-01, 9.600852711806856510e-02, 3.722368154628419301e-01
4.138698415774457740e-01, 1.178884663990321796e-01, 9.601880743212130864e-02, 3.722228845914005713e-01
4.138825588270685363e-01, 1.178794061511815455e-01, 9.602909046339977439e-02, 3.722089445583500189e-01
4.138952651755856138e-01, 1.178703632429728282e-01, 9.603937620598246294e-02, 3.721949953754591922e-01
4.139079606299102543e-01, 1.178613376616453184e-01, 9.604966465394114417e-02, 3.721810370545032276e-01
4.139206451969608125e-01, 1.178523293944349071e-01, 9.605995580134051026e-02, 3.721670696072637563e-01
4.139333188836588073e-01, 1.178433384285739877e-01, 9.607024964223857821e-02, 3.721530930455286823e-01
4.139459816969301986e-01, 1.178343647512914844e-01, 9.608054617068616243e-02, 3.721391073810920713e-01
4.139586336437049430e-01, 1.178254083498130322e-01, 9.609084538072744375e-02, 3.721251126257545394e-01
4.139712747309171603e-01, 1.178164692113607415e-01, 9.610114726639942817e-02, 3.721111087913226423e-01
4.139839049655048009e-01, 1.178075473231532111e-01, 9.611145182173244650e-02, 3.720970958896097081e-01
4.139965243544098672e-01, 1.177986426724056263e-01, 9.612175904074969635e-02, 3.720830739324347269e-01
4.140091329045786361e-01, 1.177897552463298830e-01, 9.613206891746767235e-02, 3.720690429316239056e-01
4.140217306229611594e-01, 1.177808850321342277e-01, 9.614238144589574986e-02, 3.720550028990088354e-01
4.140343175165119294e-01, 1.177720320170236035e-01, 9.615269662003650408e-02, 3.720409538464279908e-01
4.140468935921889360e-01, 1.177631961881994427e-01, 9.616301443388555747e-02, 3.720268957857259529e-01
4.140594588569547208e-01, 1.177543775328598746e-01, 9.617333488143164910e-02, 3.720128287287538527e-01
4.140720133177752671e-01, 1.177455760381993927e-01, 9.618365795665649587e-02, 3.719987526873688166e-01
4.140845569816214433e-01, 1.177367916914092150e-01, 9.619398365353497293e-02, 3.719846676734344104e-01
4.140970898554673929e-01, 1.177280244796770486e-01, 9.620431196603500268e-02, 3.719705736988205280e-01
4.141096119462917002e-01, 1.177192743901871869e-01, 9.621464288811758248e-02, 3.719564707754035027e-01
4.141221232610769465e-01, 1.177105414101204534e-01, 9.622497641373677080e-02, 3.719423589150658294e-01
4.141346238068095431e-01, 1.177018255266543412e-01, 9.623531253683971498e-02, 3.719282381296964424e-01
4.141471135904801759e-01, 1.176931267269628045e-01, 9.624565125136660959e-02, 3.719141084311904377e-01
4.141595926190832500e-01, 1.176844449982163976e-01, 9.625599255125076581e-02, 3.718999698314495173e-01
4.141720608996178332e-01, 1.176757803275822745e-01, 9.626633643041845878e-02, 3.718858223423813225e-01
4.141845184390863799e-01, 1.176671327022240920e-01, 9.627668288278920516e-02, 3.718716659759002674e-01
4.141969652444957295e-01, 1.176585021093022043e-01, 9.628703190227537456e-02, 3.718575007439268165e-01
4.142094013228564409e-01, 1.176498885359733571e-01, 9.629738348278255033e-02, 3.718433266583878183e-01
4.142218266811833471e-01, 1.176412919693909098e-01, 9.630773761820933532e-02, 3.718291437312163938e-01
4.142342413264955558e-01, 1.176327123967049887e-01, 9.631809430244737957e-02, 3.718149519743521592e-01
4.142466452658155607e-01, 1.176241498050620560e-01, 9.632845352938140815e-02, 3.718007513997408919e-01
4.142590385061704628e-01, 1.176156041816052711e-01, 9.633881529288922108e-02, 3.717865420193350867e-01
4.142714210545910269e-01, 1.176070755134742685e-01, 9.634917958684167949e-02, 3.717723238450929557e-01
4.142837929181124035e-01, 1.175985637878053519e-01, 9.635954640510262237e-02, 3.717580968889795390e-01
4.142961541037734063e-01, 1.175900689917313974e-01, 9.636991574152910245e-02, 3.717438611629660938e-01
4.143085046186170128e-01, 1.175815911123818114e-01, 9.638028758997103929e-02, 3.717296166790302059e-01
4.143208444696901416e-01, 1.175731301368825171e-01, 9.639066194427155232e-02, 3.717153634491557335e-01
4.143331736640439855e-01, 1.175646860523561904e-01, 9.640103879826679434e-02, 3.717011014853329187e-01
4.143454922087334569e-01, 1.175562588459219127e-01, 9.641141814578589597e-02, 3.716868307995586096e-01
4.143578001108178532e-01, 1.175478485046954347e-01, 9.642179998065109059e-02, 3.716725514038356493e-01
4.143700973773599694e-01, 1.175394550157890378e-01, 9.643218429667774205e-02, 3.716582633101732092e-01
4.143823840154270410e-01, 1.175310783663116171e-01, 9.644257108767409492e-02, 3.716439665305871776e-01
4.143946600320904117e-01, 1.175227185433686400e-01, 9.645296034744155200e-02, 3.716296610770994380e-01
4.144069254344248110e-01, 1.175143755340621876e-01, 9.646335206977461885e-02, 3.716153469617383687e-01
4.144191802295096316e-01, 1.175060493254908023e-01, 9.647374624846068170e-02, 3.716010241965388428e-01
4.144314244244280965e-01, 1.174977399047497095e-01, 9.648414287728036831e-02, 3.715866927935417841e-01
4.144436580262672032e-01, 1.174894472589308042e-01, 9.649454195000717327e-02, 3.715723527647948332e-01
4.144558810421182238e-01, 1.174811713751223036e-01, 9.650494346040783267e-02, 3.715580041223516261e-01
4.144680934790763160e-01, 1.174729122404092468e-01, 9.651534740224190778e-02, 3.715436468782724044e-01
4.144802953442409676e-01, 1.174646698418731483e-01, 9.652575376926215978e-02, 3.715292810446236826e-01
4.144924866447150524e-01, 1.174564441665922193e-01, 9.653616255521439704e-02, 3.715149066334783590e-01
4.145046673876059407e-01, 1.174482352016410491e-01, 9.654657375383739193e-02, 3.715005236569156599e-01
4.145168375800248328e-01, 1.174400429340910074e-01, 9.655698735886300565e-02, 3.714861321270211403e-01
4.145289972290870373e-01, 1.174318673510099525e-01, 9.656740336401610503e-02, 3.714717320558867941e-01
4.145411463419116926e-01, 1.174237084394624403e-01, 9.657782176301464572e-02, 3.714573234556112213e-01
4.145532849256221564e-01, 1.174155661865094180e-01, 9.658824254956961675e-02, 3.714429063382988505e-01
4.145654129873456162e-01, 1.174074405792086273e-01, 9.659866571738498497e-02, 3.714284807160608270e-01
4.145775305342132566e-01, 1.173993316046142987e-01, 9.660909126015787551e-02, 3.714140466010146246e-01
4.145896375733604255e-01, 1.173912392497772350e-01, 9.661951917157834968e-02, 3.713996040052839898e-01
4.146017341119263011e-01, 1.173831635017449082e-01, 9.662994944532951602e-02, 3.713851529409991636e-01
4.146138201570542803e-01, 1.173751043475613626e-01, 9.664038207508764133e-02, 3.713706934202968268e-01
4.146258957158912573e-01, 1.173670617742672007e-01, 9.665081705452185923e-02, 3.713562254553197661e-01
4.146379607955887892e-01, 1.173590357688996250e-01, 9.666125437729436443e-02, 3.713417490582172631e-01
4.146500154033019303e-01, 1.173510263184924518e-01, 9.667169403706056541e-02, 3.713272642411450386e-01
4.146620595461899539e-01, 1.173430334100761252e-01, 9.668213602746873747e-02, 3.713127710162652528e-01
4.146740932314160188e-01, 1.173350570306776058e-01, 9.669258034216025866e-02, 3.712982693957462277e-01
4.146861164661473920e-01, 1.173270971673205376e-01, 9.670302697476940157e-02, 3.712837593917626688e-01
4.146981292575551703e-01, 1.173191538070250950e-01, 9.671347591892374973e-02, 3.712692410164959433e-01
4.147101316128146142e-01, 1.173112269368081217e-01, 9.672392716824365633e-02, 3.712547142821334689e-01
4.147221235391048144e-01, 1.173033165436830477e-01, 9.673438071634271607e-02, 3.712401792008693802e-01
4.147341050436090248e-01, 1.172954226146598888e-01, 9.674483655682739047e-02, 3.712256357849037514e-01
4.147460761335139967e-01, 1.172875451367451222e-01, 9.675529468329721605e-02, 3.712110840464434847e-01
4.147580368160114217e-01, 1.172796840969421578e-01, 9.676575508934485981e-02, 3.711965239977015329e-01
4.147699870982958781e-01, 1.172718394822507421e-01, 9.677621776855588331e-02, 3.711819556508975104e-01
4.147819269875666071e-01, 1.172640112796672768e-01, 9.678668271450896476e-02, 3.711673790182570820e-01
4.147938564910267356e-01, 1.172561994761848470e-01, 9.679714992077582958e-02, 3.711527941120125185e-01
4.148057756158831655e-01, 1.172484040587931237e-01, 9.680761938092118102e-02, 3.711382009444025853e-01
4.148176843693467952e-01, 1.172406250144783502e-01, 9.681809108850275569e-02, 3.711235995276721544e-01
4.148295827586329088e-01, 1.172328623302233003e-01, 9.682856503707135132e-02, 3.711089898740724813e-01
4.148414707909600097e-01, 1.172251159930075559e-01, 9.683904122017071570e-02, 3.710943719958615938e-01
4.148533484735513754e-01, 1.172173859898072434e-01, 9.684951963133781039e-02, 3.710797459053035707e-01
4.148652158136336698e-01, 1.172096723075950059e-01, 9.686000026410242214e-02, 3.710651116146689299e-01
4.148770728184378864e-01, 1.172019749333401556e-01, 9.687048311198748207e-02, 3.710504691362345731e-01
4.148889194951986825e-01, 1.171942938540086604e-01, 9.688096816850894077e-02, 3.710358184822837302e-01
4.149007558511548788e-01, 1.171866290565630880e-01, 9.689145542717565729e-02, 3.710211596651062926e-01
4.149125818935492371e-01, 1.171789805279625507e-01, 9.690194488148975993e-02, 3.710064926969984245e-01
4.149243976296285719e-01, 1.171713482551628993e-01, 9.691243652494618832e-02, 3.709918175902622850e-01
4.149362030666434165e-01, 1.171637322251165569e-01, 9.692293035103304033e-02, 3.709771343572070834e-01
4.149479982118481902e-01, 1.171561324247725189e-01, 9.693342635323135004e-02, 3.709624430101479131e-01
4.149597830725019199e-01, 1.171485488410763942e-01, 9.694392452501518487e-02, 3.709477435614064733e-01
4.149715576558669072e-01, 1.171409814609705308e-01, 9.695442485985174275e-02, 3.709330360233107360e-01
4.149833219692095621e-01, 1.171334302713938763e-01, 9.696492735120119943e-02, 3.709183204081954455e-01
4.149950760198004573e-01, 1.171258952592818259e-01, 9.697543199251666690e-02, 3.709035967284010082e-01
4.150068198149139964e-01, 1.171183764115665826e-01, 9.698593877724438761e-02, 3.708888649962750472e-01
4.150185533618283573e-01, 1.171108737151770329e-01, 9.699644769882367901e-02, 3.708741252241709585e-01
4.150302766678259925e-01, 1.171033871570384133e-01, 9.700695875068666985e-02, 3.708593774244487995e-01
4.150419897401931846e-01, 1.170959167240729348e-01, 9.701747192625878591e-02, 3.708446216094751779e-01
4.150536925862200466e-01, 1.170884624031990895e-01, 9.702798721895823653e-02, 3.708298577916225303e-01
4.150653852132006882e-01, 1.170810241813323993e-01, 9.703850462219651418e-02, 3.708150859832703428e-01
4.150770676284332161e-01, 1.170736020453846116e-01, 9.704902412937789491e-02, 3.708003061968040970e-01
4.150887398392197336e-01, 1.170661959822644205e-01, 9.705954573389986850e-02, 3.707855184446159913e-01
4.151004018528661743e-01, 1.170588059788769814e-01, 9.707006942915276382e-02, 3.707707227391042193e-01
4.151120536766822466e-01, 1.170514320221240773e-01, 9.708059520852013735e-02, 3.707559190926735249e-01
4.151236953179819333e-01, 1.170440740989042577e-01, 9.709112306537844017e-02, 3.707411075177352022e-01
4.151353267840831029e-01, 1.170367321961127693e-01, 9.710165299309721221e-02, 3.707262880267069294e-01
4.151469480823072322e-01, 1.170294063006412089e-01, 9.711218498503897123e-02, 3.707114606320125461e-01
4.151585592199801833e-01, 1.170220963993780366e-01, 9.712271903455935163e-02, 3.706966253460823868e-01
4.151701602044314265e-01, 1.170148024792083408e-01, 9.713325513500693786e-02, 3.706817821813535030e-01
4.151817510429943736e-01, 1.170075245270137398e-01, 9.714379327972330613e-02, 3.706669311502685527e-01
4.151933317430065995e-01, 1.170002625296726606e-01, 9.715433346204314924e-02, 3.706520722652776323e-01
4.152049023118093429e-01, 1.169930164740600742e-01, 9.716487567529420721e-02, 3.706372055388364450e-01
4.152164627567479505e-01, 1.169857863470475656e-01, 9.717541991279715630e-02, 3.706223309834072444e-01
4.152280130851715434e-01, 1.169785721355035418e-01, 9.718596616786576159e-02, 3.706074486114591116e-01
4.152395533044332954e-01, 1.169713738262927877e-01, 9.719651443380677991e-02, 3.705925584354671232e-01
4.152510834218902658e-01, 1.169641914062770488e-01, 9.720706470392004306e-02, 3.705776604679127395e-01
4.152626034449031778e-01, 1.169570248623144765e-01, 9.721761697149836068e-02, 3.705627547212838602e-01
4.152741133808372509e-01, 1.169498741812600023e-01, 9.722817122982763127e-02, 3.705478412080750461e-01
4.152856132370609799e-01, 1.169427393499652273e-01, 9.723872747218675894e-02, 3.705329199407869645e-01
4.152971030209472447e-01, 1.169356203552783524e-01, 9.724928569184769500e-02, 3.705179909319267217e-01
4.153085827398725893e-01, 1.169285171840442061e-01, 9.725984588207532699e-02, 3.705030541940078637e-01
4.153200524012174988e-01, 1.169214298231043975e-01, 9.727040803612768682e-02, 3.704881097395504308e-01
4.153315120123663440e-01, 1.169143582592970937e-01, 9.728097214725579811e-02, 3.704731575810807920e-01
4.153429615807076591e-01, 1.169073024794571591e-01, 9.729153820870371783e-02, 3.704581977311316443e-01
4.153544011136333647e-01, 1.169002624704161691e-01, 9.730210621370857793e-02, 3.704432302022419021e-01
4.153658306185398219e-01, 1.168932382190022573e-01, 9.731267615550040495e-02, 3.704282550069575852e-01
4.153772501028268338e-01, 1.168862297120403515e-01, 9.732324802730242530e-02, 3.704132721578302645e-01
4.153886595738986443e-01, 1.168792369363519934e-01, 9.733382182233082935e-02, 3.703982816674184497e-01
4.154000590391628833e-01, 1.168722598787553663e-01, 9.734439753379484084e-02, 3.703832835482869790e-01
4.154114485060312889e-01, 1.168652985260653782e-01, 9.735497515489670295e-02, 3.703682778130067410e-01
4.154228279819193737e-01, 1.168583528650935510e-01, 9.736555467883170611e-02, 3.703532644741553970e-01
4.154341974742467580e-01, 1.168514228826481177e-01, 9.737613609878816023e-02, 3.703382435443168252e-01
4.154455569904368373e-01, 1.168445085655340360e-01, 9.738671940794749182e-02, 3.703232150360815100e-01
4.154569065379168369e-01, 1.168376099005528912e-01, 9.739730459948407748e-02, 3.703081789620461528e-01
4.154682461241180347e-01, 1.168307268745028826e-01, 9.740789166656535492e-02, 3.702931353348137278e-01
4.154795757564752057e-01, 1.168238594741790731e-01, 9.741848060235178131e-02, 3.702780841669938150e-01
4.154908954424276213e-01, 1.168170076863729867e-01, 9.742907139999693045e-02, 3.702630254712024338e-01
4.155022051894178836e-01, 1.168101714978730249e-01, 9.743966405264729846e-02, 3.702479592600618208e-01
4.155135050048926471e-01, 1.168033508954642030e-01, 9.745025855344253973e-02, 3.702328855462005963e-01
4.155247948963026183e-01, 1.167965458659282196e-01, 9.746085489551527259e-02, 3.702178043422540421e-01
4.155360748711020014e-01, 1.167897563960433455e-01, 9.747145307199114872e-02, 3.702027156608635461e-01
4.155473449367493854e-01, 1.167829824725847981e-01, 9.748205307598889480e-02, 3.701876195146769355e-01
4.155586051007066906e-01, 1.167762240823243119e-01, 9.749265490062031247e-02, 3.701725159163488099e-01
4.155698553704401110e-01, 1.167694812120302905e-01, 9.750325853899012574e-02, 3.701574048785394311e-01
4.155810957534195049e-01, 1.167627538484679456e-01, 9.751386398419624457e-02, 3.701422864139161661e-01
4.155923262571186161e-01, 1.167560419783992276e-01, 9.752447122932965395e-02, 3.701271605351525440e-01
4.156035468890152407e-01, 1.167493455885825898e-01, 9.753508026747416404e-02, 3.701120272549281442e-01
4.156147576565905610e-01, 1.167426646657732520e-01, 9.754569109170671548e-02, 3.700968865859294299e-01
4.156259585673302004e-01, 1.167359991967232974e-01, 9.755630369509744881e-02, 3.700817385408489701e-01
4.156371496287233347e-01, 1.167293491681813677e-01, 9.756691807070946854e-02, 3.700665831323858845e-01
4.156483308482629702e-01, 1.167227145668928295e-01, 9.757753421159882923e-02, 3.700514203732453433e-01
4.156595022334459988e-01, 1.167160953795997741e-01, 9.758815211081475760e-02, 3.700362502761395667e-01
4.156706637917732539e-01, 1.167094915930409621e-01, 9.759877176139937494e-02, 3.700210728537863814e-01
4.156818155307491769e-01, 1.167029031939520040e-01, 9.760939315638812730e-02, 3.700058881189106641e-01
4.156929574578825393e-01, 1.166963301690650129e-01, 9.762001628880921655e-02, 3.699906960842432868e-01
4.157040895806853875e-01, 1.166897725051090073e-01, 9.763064115168411383e-02, 3.699754967625216162e-01
4.157152119066739870e-01, 1.166832301888096196e-01, 9.764126773802712933e-02, 3.699602901664892918e-01
4.157263244433682114e-01, 1.166767032068892207e-01, 9.765189604084595354e-02, 3.699450763088967253e-01
4.157374271982919312e-01, 1.166701915460668648e-01, 9.766252605314096336e-02, 3.699298552025002684e-01
4.157485201789727913e-01, 1.166636951930584837e-01, 9.767315776790581883e-02, 3.699146268600628784e-01
4.157596033929423229e-01, 1.166572141345765118e-01, 9.768379117812721335e-02, 3.698993912943538964e-01
4.157706768477358872e-01, 1.166507483573302612e-01, 9.769442627678484592e-02, 3.698841485181489364e-01
4.157817405508925646e-01, 1.166442978480258241e-01, 9.770506305685149051e-02, 3.698688985442300514e-01
4.157927945099554323e-01, 1.166378625933657681e-01, 9.771570151129303772e-02, 3.698536413853858451e-01
4.158038387324710095e-01, 1.166314425800496907e-01, 9.772634163306827271e-02, 3.698383770544109161e-01
4.158148732259902558e-01, 1.166250377947737199e-01, 9.773698341512934706e-02, 3.698231055641067466e-01
4.158258979980675174e-01, 1.166186482242308337e-01, 9.774762685042111265e-02, 3.698078269272806473e-01
4.158369130562609151e-01, 1.166122738551106514e-01, 9.775827193188177389e-02, 3.697925411567467568e-01
4.158479184081326219e-01, 1.166059146740995867e-01, 9.776891865244241586e-02, 3.697772482653253756e-01
4.158589140612485302e-01, 1.165995706678808197e-01, 9.777956700502730969e-02, 3.697619482658432433e-01
4.158699000231784737e-01, 1.165932418231343387e-01, 9.779021698255377371e-02, 3.697466411711335388e-01
4.158808763014957277e-01, 1.165869281265365931e-01, 9.780086857793215960e-02, 3.697313269940354918e-01
4.158918429037777309e-01, 1.165806295647611734e-01, 9.781152178406588016e-02, 3.697160057473952710e-01
4.159027998376055302e-01, 1.165743461244780205e-01, 9.782217659385149255e-02, 3.697006774440648735e-01
4.159137471105642803e-01, 1.165680777923541744e-01, 9.783283300017854567e-02, 3.696853420969029580e-01
4.159246847302425221e-01, 1.165618245550532756e-01, 9.784349099592971888e-02, 3.696699997187745668e-01
4.159356127042327933e-01, 1.165555863992356611e-01, 9.785415057398073879e-02, 3.696546503225509039e-01
4.159465310401313509e-01, 1.165493633115585320e-01, 9.786481172720039312e-02, 3.696392939211097795e-01
4.159574397455384487e-01, 1.165431552786757585e-01, 9.787547444845057232e-02, 3.696239305273352205e-01
4.159683388280578931e-01, 1.165369622872380884e-01, 9.788613873058629733e-02, 3.696085601541176380e-01
4.159792282952974318e-01, 1.165307843238929525e-01, 9.789680456645558082e-02, 3.695931828143540487e-01
4.159901081548686430e-01, 1.165246213752845345e-01, 9.790747194889956595e-02, 3.695777985209473537e-01
4.160009784143866018e-01, 1.165184734280538398e-01, 9.791814087075244311e-02, 3.695624072868071708e-01
4.160118390814702694e-01, 1.165123404688386405e-01, 9.792881132484154705e-02, 3.695470091248494460e-01
4.160226901637427699e-01, 1.165062224842733918e-01, 9.793948330398725977e-02, 3.695316040479965092e-01
4.160335316688306140e-01, 1.165001194609894958e-01, 9.795015680100306599e-02, 3.695161920691767965e-01
4.160443636043639759e-01, 1.164940313856149129e-01, 9.796083180869548379e-02, 3.695007732013256274e-01
4.160551859779771933e-01, 1.164879582447745782e-01, 9.797150831986421726e-02, 3.694853474573839280e-01
4.160659987973082674e-01, 1.164819000250900960e-01, 9.798218632730204547e-02, 3.694699148502997299e-01
4.160768020699985859e-01, 1.164758567131799066e-01, 9.799286582379472532e-02, 3.694544753930268377e-01
4.160875958036938105e-01, 1.164698282956592029e-01, 9.800354680212129688e-02, 3.694390290985257730e-01
4.160983800060430449e-01, 1.164638147591399581e-01, 9.801422925505373640e-02, 3.694235759797632745e-01
4.161091546846993339e-01, 1.164578160902309950e-01, 9.802491317535715065e-02, 3.694081160497124650e-01
4.161199198473194416e-01, 1.164518322755378893e-01, 9.803559855578980464e-02, 3.693926493213529616e-01
4.161306755015637959e-01, 1.164458633016629552e-01, 9.804628538910308000e-02, 3.693771758076702105e-01
4.161414216550964884e-01, 1.164399091552053567e-01, 9.805697366804132231e-02, 3.693616955216567077e-01
4.161521583155857740e-01, 1.164339698227611769e-01, 9.806766338534213256e-02, 3.693462084763108888e-01
4.161628854907032382e-01, 1.164280452909231128e-01, 9.807835453373621448e-02, 3.693307146846375177e-01
4.161736031881244080e-01, 1.164221355462806695e-01, 9.808904710594718024e-02, 3.693152141596477978e-01
4.161843114155283629e-01, 1.164162405754202850e-01, 9.809974109469207781e-02, 3.692997069143592603e-01
4.161950101805981239e-01, 1.164103603649252056e-01, 9.811043649268076650e-02, 3.692841929617959318e-01
4.162056994910204866e-01, 1.164044949013753466e-01, 9.812113329261641648e-02, 3.692686723149878891e-01
4.162163793544856882e-01, 1.163986441713475151e-01, 9.813183148719512028e-02, 3.692531449869715932e-01
4.162270497786881851e-01, 1.163928081614153537e-01, 9.814253106910633684e-02, 3.692376109907901105e-01
4.162377107713257085e-01, 1.163869868581493411e-01, 9.815323203103244742e-02, 3.692220703394925585e-01
4.162483623400996535e-01, 1.163811802481166668e-01, 9.816393436564899155e-02, 3.692065230461346048e-01
4.162590044927156341e-01, 1.163753883178814952e-01, 9.817463806562473638e-02, 3.691909691237780233e-01
4.162696372368826503e-01, 1.163696110540047290e-01, 9.818534312362142691e-02, 3.691754085854910827e-01
4.162802605803135325e-01, 1.163638484430440240e-01, 9.819604953229404964e-02, 3.691598414443483245e-01
4.162908745307246083e-01, 1.163581004715540795e-01, 9.820675728429063833e-02, 3.691442677134307293e-01
4.163014790958362576e-01, 1.163523671260861814e-01, 9.821746637225239884e-02, 3.691286874058252176e-01
4.163120742833722465e-01, 1.163466483931886314e-01, 9.822817678881362591e-02, 3.691131005346254823e-01
4.163226601010603378e-01, 1.163409442594064841e-01, 9.823888852660184190e-02, 3.690975071129313778e-01
4.163332365566318471e-01, 1.163352547112816437e-01, 9.824960157823761642e-02, 3.690819071538489760e-01
4.163438036578216428e-01, 1.163295797353528643e-01, 9.826031593633462180e-02, 3.690663006704907878e-01
4.163543614123686454e-01, 1.163239193181557496e-01, 9.827103159349982742e-02, 3.690506876759757082e-01
4.163649098280153837e-01, 1.163182734462228363e-01, 9.828174854233318047e-02, 3.690350681834286828e-01
4.163754489125076619e-01, 1.163126421060832749e-01, 9.829246677542789745e-02, 3.690194422059812074e-01
4.163859786735954471e-01, 1.163070252842633157e-01, 9.830318628537020043e-02, 3.690038097567709396e-01
4.163964991190323151e-01, 1.163014229672859473e-01, 9.831390706473965013e-02, 3.689881708489421985e-01
4.164070102565753384e-01, 1.162958351416710501e-01, 9.832462910610870188e-02, 3.689725254956449096e-01
4.164175120939854757e-01, 1.162902617939352568e-01, 9.833535240204330230e-02, 3.689568737100359375e-01
4.164280046390273493e-01, 1.162847029105923136e-01, 9.834607694510216769e-02, 3.689412155052782527e-01
4.164384878994690231e-01, 1.162791584781525528e-01, 9.835680272783746403e-02, 3.689255508945409878e-01
4.164489618830825579e-01, 1.162736284831233091e-01, 9.836752974279437678e-02, 3.689098798909998256e-01
4.164594265976434007e-01, 1.162681129120088502e-01, 9.837825798251127740e-02, 3.688942025078364995e-01
4.164698820509307731e-01, 1.162626117513101826e-01, 9.838898743951976500e-02, 3.688785187582392378e-01
4.164803282507276716e-01, 1.162571249875252594e-01, 9.839971810634449978e-02, 3.688628286554024860e-01
4.164907652048208675e-01, 1.162516526071489531e-01, 9.841044997550334184e-02, 3.688471322125269070e-01
4.165011929210002406e-01, 1.162461945966729165e-01, 9.842118303950739278e-02, 3.688314294428194362e-01
4.165116114070598896e-01, 1.162407509425856939e-01, 9.843191729086078756e-02, 3.688157203594936151e-01
4.165220206707973549e-01, 1.162353216313729287e-01, 9.844265272206099981e-02, 3.688000049757688137e-01
4.165324207200137852e-01, 1.162299066495168093e-01, 9.845338932559850875e-02, 3.687842833048708968e-01
4.165428115625141037e-01, 1.162245059834967204e-01, 9.846412709395714613e-02, 3.687685553600319466e-01
4.165531932061067311e-01, 1.162191196197887438e-01, 9.847486601961377706e-02, 3.687528211544907619e-01
4.165635656586037516e-01, 1.162137475448660195e-01, 9.848560609503852203e-02, 3.687370807014916374e-01
4.165739289278210800e-01, 1.162083897451984121e-01, 9.849634731269465981e-02, 3.687213340142857509e-01
4.165842830215781278e-01, 1.162030462072528442e-01, 9.850708966503871067e-02, 3.687055811061303867e-01
4.165946279476976932e-01, 1.161977169174930741e-01, 9.851783314452031148e-02, 3.686898219902888796e-01
4.166049637140067929e-01, 1.161924018623797239e-01, 9.852857774358232679e-02, 3.686740566800310592e-01
4.166152903283355524e-01, 1.161871010283705014e-01, 9.853932345466084874e-02, 3.686582851886330836e-01
4.166256077985179829e-01, 1.161818144019198251e-01, 9.855007027018510002e-02, 3.686425075293771614e-01
4.166359161323914262e-01, 1.161765419694791163e-01, 9.856081818257750315e-02, 3.686267237155518295e-01
4.166462153377973876e-01, 1.161712837174967844e-01, 9.857156718425377773e-02, 3.686109337604520086e-01
4.166565054225804809e-01, 1.161660396324181305e-01, 9.858231726762278768e-02, 3.685951376773786703e-01
4.166667863945889283e-01, 1.161608097006851942e-01, 9.859306842508656910e-02, 3.685793354796392252e-01
4.166770582616751151e-01, 1.161555939087372813e-01, 9.860382064904039956e-02, 3.685635271805472457e-01
4.166873210316944243e-01, 1.161503922430103392e-01, 9.861457393187283982e-02, 3.685477127934224661e-01
4.166975747125059581e-01, 1.161452046899374424e-01, 9.862532826596549784e-02, 3.685318923315910600e-01
4.167078193119728158e-01, 1.161400312359485154e-01, 9.863608364369340353e-02, 3.685160658083853624e-01
4.167180548379612048e-01, 1.161348718674704017e-01, 9.864684005742460626e-02, 3.685002332371438705e-01
4.167282812983411633e-01, 1.161297265709269749e-01, 9.865759749952061897e-02, 3.684843946312113538e-01
4.167384987009863373e-01, 1.161245953327389446e-01, 9.866835596233590466e-02, 3.684685500039387440e-01
4.167487070537739258e-01, 1.161194781393241615e-01, 9.867911543821836218e-02, 3.684526993686834673e-01
4.167589063645846803e-01, 1.161143749770972289e-01, 9.868987591950904859e-02, 3.684368427388090006e-01
4.167690966413029607e-01, 1.161092858324697941e-01, 9.870063739854223472e-02, 3.684209801276850382e-01
4.167792778918166796e-01, 1.161042106918504374e-01, 9.871139986764546070e-02, 3.684051115486873806e-01
4.167894501240172467e-01, 1.160991495416448249e-01, 9.872216331913948040e-02, 3.683892370151983786e-01
4.167996133457997909e-01, 1.160941023682553752e-01, 9.873292774533837246e-02, 3.683733565406064336e-01
4.168097675650631606e-01, 1.160890691580815925e-01, 9.874369313854934604e-02, 3.683574701383058314e-01
4.168199127897092016e-01, 1.160840498975200946e-01, 9.875445949107292121e-02, 3.683415778216977965e-01
4.168300490276438675e-01, 1.160790445729641684e-01, 9.876522679520283177e-02, 3.683256796041891046e-01
4.168401762867766092e-01, 1.160740531708043810e-01, 9.877599504322617796e-02, 3.683097754991928041e-01
4.168502945750199862e-01, 1.160690756774280658e-01, 9.878676422742314889e-02, 3.682938655201287714e-01
4.168604039002907768e-01, 1.160641120792196418e-01, 9.879753434006730006e-02, 3.682779496804223229e-01
4.168705042705086461e-01, 1.160591623625605584e-01, 9.880830537342547015e-02, 3.682620279935053254e-01
4.168805956935973112e-01, 1.160542265138291285e-01, 9.881907731975765607e-02, 3.682461004728158627e-01
4.168906781774838199e-01, 1.160493045194007505e-01, 9.882985017131720729e-02, 3.682301671317981806e-01
4.169007517300986065e-01, 1.160443963656478533e-01, 9.884062392035078415e-02, 3.682142279839026311e-01
4.169108163593761018e-01, 1.160395020389398263e-01, 9.885139855909816364e-02, 3.681982830425858944e-01
4.169208720732536788e-01, 1.160346215256429919e-01, 9.886217407979261407e-02, 3.681823323213107013e-01
4.169309188796727073e-01, 1.160297548121208278e-01, 9.887295047466050646e-02, 3.681663758335460002e-01
4.169409567865779431e-01, 1.160249018847336611e-01, 9.888372773592163378e-02, 3.681504135927669008e-01
4.169509858019174176e-01, 1.160200627298390019e-01, 9.889450585578885011e-02, 3.681344456124546749e-01
4.169610059336430474e-01, 1.160152373337913073e-01, 9.890528482646865349e-02, 3.681184719060970889e-01
4.169710171897100803e-01, 1.160104256829419533e-01, 9.891606464016053368e-02, 3.681024924871874604e-01
4.169810195780772055e-01, 1.160056277636395405e-01, 9.892684528905740238e-02, 3.680865073692258238e-01
4.169910131067068315e-01, 1.160008435622295608e-01, 9.893762676534544054e-02, 3.680705165657181532e-01
4.170009977835645865e-01, 1.159960730650545779e-01, 9.894840906120416779e-02, 3.680545200901765290e-01
4.170109736166200953e-01, 1.159913162584541857e-01, 9.895919216880642855e-02, 3.680385179561192488e-01
4.170209406138458696e-01, 1.159865731287650636e-01, 9.896997608031823934e-02, 3.680225101770708829e-01
4.170308987832182512e-01, 1.159818436623208243e-01, 9.898076078789909416e-02, 3.680064967665618858e-01
4.170408481327169681e-01, 1.159771278454522492e-01, 9.899154628370172848e-02, 3.679904777381290404e-01
4.170507886703252454e-01, 1.159724256644871498e-01, 9.900233255987221648e-02, 3.679744531053154022e-01
4.170607204040299165e-01, 1.159677371057502709e-01, 9.901311960854988770e-02, 3.679584228816699110e-01
4.170706433418212566e-01, 1.159630621555635538e-01, 9.902390742186752137e-02, 3.679423870807476127e-01
4.170805574916928715e-01, 1.159584008002460115e-01, 9.903469599195119377e-02, 3.679263457161099926e-01
4.170904628616418641e-01, 1.159537530261135763e-01, 9.904548531092019492e-02, 3.679102988013244202e-01
4.171003594596688346e-01, 1.159491188194794187e-01, 9.905627537088730616e-02, 3.678942463499644822e-01
4.171102472937780470e-01, 1.159444981666536423e-01, 9.906706616395855036e-02, 3.678781883756098159e-01
4.171201263719769292e-01, 1.159398910539434641e-01, 9.907785768223334455e-02, 3.678621248918461650e-01
4.171299967022767397e-01, 1.159352974676532699e-01, 9.908864991780445830e-02, 3.678460559122656570e-01
4.171398582926914567e-01, 1.159307173940844343e-01, 9.909944286275794434e-02, 3.678299814504661924e-01
4.171497111512392775e-01, 1.159261508195354312e-01, 9.911023650917329120e-02, 3.678139015200520001e-01
4.171595552859417300e-01, 1.159215977303018480e-01, 9.912103084912329831e-02, 3.677978161346331376e-01
4.171693907048233396e-01, 1.159170581126763161e-01, 9.913182587467415929e-02, 3.677817253078261017e-01
4.171792174159124622e-01, 1.159125319529487330e-01, 9.914262157788539254e-02, 3.677656290532534955e-01
4.171890354272407286e-01, 1.159080192374058182e-01, 9.915341795080988285e-02, 3.677495273845435286e-01
4.171988447468432670e-01, 1.159035199523316267e-01, 9.916421498549396474e-02, 3.677334203153310721e-01
4.172086453827585917e-01, 1.158990340840072852e-01, 9.917501267397732523e-02, 3.677173078592567701e-01
4.172184373430286586e-01, 1.158945616187108951e-01, 9.918581100829292063e-02, 3.677011900299674840e-01
4.172282206356990319e-01, 1.158901025427178655e-01, 9.919660998046717082e-02, 3.676850668411160150e-01
4.172379952688181071e-01, 1.158856568423005384e-01, 9.920740958251997310e-02, 3.676689383063613814e-01
4.172477612504382205e-01, 1.158812245037285776e-01, 9.921820980646442467e-02, 3.676528044393687078e-01
4.172575185886151505e-01, 1.158768055132686214e-01, 9.922901064430722506e-02, 3.676366652538088919e-01
4.172672672914078951e-01, 1.158723998571845187e-01, 9.923981208804830145e-02, 3.676205207633593264e-01
4.172770073668786717e-01, 1.158680075217372180e-01, 9.925061412968107233e-02, 3.676043709817030658e-01
4.172867388230934727e-01, 1.158636284931847671e-01, 9.926141676119233648e-02, 3.675882159225294932e-01
4.172964616681213434e-01, 1.158592627577824524e-01, 9.927221997456225910e-02, 3.675720555995339311e-01
4.173061759100349932e-01, 1.158549103017827570e-01, 9.928302376176459387e-02, 3.675558900264178086e-01
4.173158815569102398e-01, 1.158505711114350689e-01, 9.929382811476626658e-02, 3.675397192168884386e-01
4.173255786168265646e-01, 1.158462451729861536e-01, 9.930463302552781923e-02, 3.675235431846594070e-01
4.173352670978667245e-01, 1.158419324726799315e-01, 9.931543848600310476e-02, 3.675073619434502392e-01
4.173449470081166957e-01, 1.158376329967573531e-01, 9.932624448813943963e-02, 3.674911755069864561e-01
4.173546183556660627e-01, 1.158333467314566351e-01, 9.933705102387764552e-02, 3.674749838889995179e-01
4.173642811486077409e-01, 1.158290736630131490e-01, 9.934785808515193828e-02, 3.674587871032272690e-01
4.173739353950375319e-01, 1.158248137776594494e-01, 9.935866566388983079e-02, 3.674425851634132156e-01
4.173835811030553455e-01, 1.158205670616252181e-01, 9.936947375201245214e-02, 3.674263780833069148e-01
4.173932182807640334e-01, 1.158163335011373335e-01, 9.938028234143443662e-02, 3.674101658766641965e-01
4.174028469362698335e-01, 1.158121130824199818e-01, 9.939109142406367392e-02, 3.673939485572466079e-01
4.174124670776821477e-01, 1.158079057916943655e-01, 9.940190099180164218e-02, 3.673777261388218029e-01
4.174220787131142640e-01, 1.158037116151790641e-01, 9.941271103654329699e-02, 3.673614986351634859e-01
4.174316818506820792e-01, 1.157995305390896457e-01, 9.942352155017691873e-02, 3.673452660600513009e-01
4.174412764985054314e-01, 1.157953625496390970e-01, 9.943433252458444560e-02, 3.673290284272710537e-01
4.174508626647072118e-01, 1.157912076330374351e-01, 9.944514395164114062e-02, 3.673127857506141014e-01
4.174604403574136979e-01, 1.157870657754920540e-01, 9.945595582321591077e-02, 3.672965380438784067e-01
4.174700095847543313e-01, 1.157829369632073779e-01, 9.946676813117089067e-02, 3.672802853208673168e-01
4.174795703548622172e-01, 1.157788211823852637e-01, 9.947758086736195604e-02, 3.672640275953905631e-01
4.174891226758734031e-01, 1.157747184192246259e-01, 9.948839402363837681e-02, 3.672477648812637052e-01
4.174986665559273225e-01, 1.157706286599216455e-01, 9.949920759184290031e-02, 3.672314971923079652e-01
4.175082020031670171e-01, 1.157665518906698943e-01, 9.951002156381180686e-02, 3.672152245423513373e-01
4.175177290257384710e-01, 1.157624880976599047e-01, 9.952083593137482642e-02, 3.671989469452267008e-01
4.175272476317911097e-01, 1.157584372670796558e-01, 9.953165068635529134e-02, 3.671826644147739294e-01
4.175367578294775228e-01, 1.157543993851143788e-01, 9.954246582056996973e-02, 3.671663769648381148e-01
4.175462596269538529e-01, 1.157503744379463767e-01, 9.955328132582913492e-02, 3.671500846092705661e-01
4.175557530323792954e-01, 1.157463624117554268e-01, 9.956409719393673197e-02, 3.671337873619284764e-01
4.175652380539163766e-01, 1.157423632927184892e-01, 9.957491341669004459e-02, 3.671174852366750896e-01
4.175747146997309533e-01, 1.157383770670096651e-01, 9.958572998588000047e-02, 3.671011782473794782e-01
4.175841829779919356e-01, 1.157344037208004883e-01, 9.959654689329099087e-02, 3.670848664079164880e-01
4.175936428968720082e-01, 1.157304432402597172e-01, 9.960736413070103712e-02, 3.670685497321671820e-01
4.176030944645465204e-01, 1.157264956115533761e-01, 9.961818168988161026e-02, 3.670522282340185072e-01
4.176125376891942076e-01, 1.157225608208447831e-01, 9.962899956259789469e-02, 3.670359019273630730e-01
4.176219725789975246e-01, 1.157186388542944810e-01, 9.963981774060839958e-02, 3.670195708260995393e-01
4.176313991421415905e-01, 1.157147296980604728e-01, 9.965063621566531971e-02, 3.670032349441324504e-01
4.176408173868152995e-01, 1.157108333382978332e-01, 9.966145497951450771e-02, 3.669868942953724011e-01
4.176502273212100436e-01, 1.157069497611591113e-01, 9.967227402389512714e-02, 3.669705488937356486e-01
4.176596289535213224e-01, 1.157030789527940945e-01, 9.968309334054020754e-02, 3.669541987531443339e-01
4.176690222919471895e-01, 1.156992208993498500e-01, 9.969391292117617265e-02, 3.669378438875267046e-01
4.176784073446891954e-01, 1.156953755869708778e-01, 9.970473275752302078e-02, 3.669214843108168367e-01
4.176877841199521657e-01, 1.156915430017988605e-01, 9.971555284129453300e-02, 3.669051200369544685e-01
4.176971526259439793e-01, 1.156877231299728581e-01, 9.972637316419778741e-02, 3.668887510798853335e-01
4.177065128708759567e-01, 1.156839159576292936e-01, 9.973719371793375588e-02, 3.668723774535611049e-01
4.177158648629623050e-01, 1.156801214709018699e-01, 9.974801449419673505e-02, 3.668559991719391178e-01
4.177252086104207285e-01, 1.156763396559216256e-01, 9.975883548467487372e-02, 3.668396162489827028e-01
4.177345441214720401e-01, 1.156725704988170039e-01, 9.976965668104978424e-02, 3.668232286986611301e-01
4.177438714043399948e-01, 1.156688139857137837e-01, 9.978047807499670907e-02, 3.668068365349493876e-01
4.177531904672521779e-01, 1.156650701027350514e-01, 9.979129965818461789e-02, 3.667904397718282361e-01
4.177625013184385061e-01, 1.156613388360012429e-01, 9.980212142227598560e-02, 3.667740384232842654e-01
4.177718039661326710e-01, 1.156576201716301849e-01, 9.981294335892694491e-02, 3.667576325033101714e-01
4.177810984185714727e-01, 1.156539140957371231e-01, 9.982376545978736970e-02, 3.667412220259040345e-01
4.177903846839945423e-01, 1.156502205944345968e-01, 9.983458771650056962e-02, 3.667248070050701525e-01
4.177996627706452859e-01, 1.156465396538325086e-01, 9.984541012070377586e-02, 3.667083874548184297e-01
4.178089326867695519e-01, 1.156428712600382075e-01, 9.985623266402753051e-02, 3.666919633891646546e-01
4.178181944406168524e-01, 1.156392153991564475e-01, 9.986705533809639435e-02, 3.666755348221302779e-01
4.178274480404397528e-01, 1.156355720572892487e-01, 9.987787813452832231e-02, 3.666591017677427455e-01
4.178366934944938160e-01, 1.156319412205361885e-01, 9.988870104493506596e-02, 3.666426642400349989e-01
4.178459308110378245e-01, 1.156283228749940550e-01, 9.989952406092200698e-02, 3.666262222530460857e-01
4.178551599983337250e-01, 1.156247170067572633e-01, 9.991034717408819876e-02, 3.666097758208207158e-01
4.178643810646467394e-01, 1.156211236019174665e-01, 9.992117037602644969e-02, 3.665933249574094277e-01
4.178735940182448094e-01, 1.156175426465637923e-01, 9.993199365832312886e-02, 3.665768696768682555e-01
4.178827988673994853e-01, 1.156139741267828147e-01, 9.994281701255840200e-02, 3.665604099932593396e-01
4.178919956203850927e-01, 1.156104180286584987e-01, 9.995364043030614820e-02, 3.665439459206503714e-01
4.179011842854790659e-01, 1.156068743382722142e-01, 9.996446390313380725e-02, 3.665274774731148710e-01
4.179103648709623919e-01, 1.156033430417028052e-01, 9.997528742260268497e-02, 3.665110046647321318e-01
4.179195373851184447e-01, 1.155998241250266595e-01, 9.998611098026778665e-02, 3.664945275095871091e-01
4.179287018362343731e-01, 1.155963175743173893e-01, 9.999693456767770605e-02, 3.664780460217705871e-01
4.179378582325999902e-01, 1.155928233756462198e-01, 1.000077581763748891e-01, 3.664615602153789009e-01
4.179470065825083847e-01, 1.155893415150817394e-01, 1.000185817978954533e-01, 3.664450701045143810e-01
4.179561468942556979e-01, 1.155858719786901495e-01, 1.000294054237693409e-01, 3.664285757032847979e-01
4.179652791761411246e-01, 1.155824147525349316e-01, 1.000402290455201237e-01, 3.664120770258039173e-01
4.179744034364669680e-01, 1.155789698226770967e-01, 1.000510526546651152e-01, 3.663955740861908894e-01
4.179835196835384736e-01, 1.155755371751752136e-01, 1.000618762427155362e-01, 3.663790668985707488e-01
4.179926279256642729e-01, 1.155721167960852558e-01, 1.000726998011761820e-01, 3.663625554770743031e-01
4.180017281711557176e-01, 1.155687086714607403e-01, 1.000835233215457282e-01, 3.663460398358377446e-01
4.180108204283272677e-01, 1.155653127873525476e-01, 1.000943467953166327e-01, 3.663295199890035936e-01
4.180199047054966588e-01, 1.155619291298093099e-01, 1.001051702139749700e-01, 3.663129959507190891e-01
4.180289810109845128e-01, 1.155585576848767587e-01, 1.001159935690007358e-01, 3.662964677351379095e-01
4.180380493531142827e-01, 1.155551984385986275e-01, 1.001268168518677504e-01, 3.662799353564193394e-01
4.180471097402129188e-01, 1.155518513770157629e-01, 1.001376400540435058e-01, 3.662633988287278264e-01
4.180561621806100914e-01, 1.155485164861667496e-01, 1.001484631669893738e-01, 3.662468581662338685e-01
4.180652066826383573e-01, 1.155451937520875771e-01, 1.001592861821604952e-01, 3.662303133831134594e-01
4.180742432546337706e-01, 1.155418831608118757e-01, 1.001701090910058489e-01, 3.662137644935485326e-01
4.180832719049351054e-01, 1.155385846983706943e-01, 1.001809318849681274e-01, 3.661972115117261284e-01
4.180922926418838559e-01, 1.155352983507926812e-01, 1.001917545554839861e-01, 3.661806544518393380e-01
4.181013054738251244e-01, 1.155320241041041113e-01, 1.002025770939838217e-01, 3.661640933280867483e-01
4.181103104091066780e-01, 1.155287619443286506e-01, 1.002133994918919246e-01, 3.661475281546726634e-01
4.181193074560792811e-01, 1.155255118574876200e-01, 1.002242217406263819e-01, 3.661309589458067726e-01
4.181282966230966402e-01, 1.155222738295998419e-01, 1.002350438315990772e-01, 3.661143857157044268e-01
4.181372779185155708e-01, 1.155190478466818355e-01, 1.002458657562158156e-01, 3.660978084785868059e-01
4.181462513506958301e-01, 1.155158338947475383e-01, 1.002566875058763102e-01, 3.660812272486803076e-01
4.181552169280001729e-01, 1.155126319598085566e-01, 1.002675090719739454e-01, 3.660646420402173806e-01
4.181641746587941855e-01, 1.155094420278740541e-01, 1.002783304458961661e-01, 3.660480528674355249e-01
4.181731245514466733e-01, 1.155062640849508354e-01, 1.002891516190243110e-01, 3.660314597445782359e-01
4.181820666143291620e-01, 1.155030981170431653e-01, 1.002999725827333349e-01, 3.660148626858944487e-01
4.181910008558161751e-01, 1.154999441101530883e-01, 1.003107933283923364e-01, 3.659982617056384835e-01
4.181999272842852333e-01, 1.154968020502801507e-01, 1.003216138473641966e-01, 3.659816568180704888e-01
4.182088459081167997e-01, 1.154936719234214842e-01, 1.003324341310057877e-01, 3.659650480374559423e-01
4.182177567356942238e-01, 1.154905537155719447e-01, 1.003432541706677505e-01, 3.659484353780660393e-01
4.182266597754039084e-01, 1.154874474127239314e-01, 1.003540739576948143e-01, 3.659318188541774153e-01
4.182355550356350871e-01, 1.154843530008674568e-01, 1.003648934834253520e-01, 3.659151984800720903e-01
4.182444425247797137e-01, 1.154812704659902295e-01, 1.003757127391919357e-01, 3.658985742700380239e-01
4.182533222512331283e-01, 1.154781997940776544e-01, 1.003865317163209758e-01, 3.658819462383681165e-01
4.182621942233933354e-01, 1.154751409711126248e-01, 1.003973504061327349e-01, 3.658653143993613188e-01
4.182710584496609485e-01, 1.154720939830757576e-01, 1.004081687999415357e-01, 3.658486787673217444e-01
4.182799149384399673e-01, 1.154690588159453940e-01, 1.004189868890556087e-01, 3.658320393565591133e-01
4.182887636981370005e-01, 1.154660354556974744e-01, 1.004298046647770365e-01, 3.658153961813885857e-01
4.182976047371616546e-01, 1.154630238883055798e-01, 1.004406221184020453e-01, 3.657987492561308174e-01
4.183064380639261448e-01, 1.154600240997410016e-01, 1.004514392412207274e-01, 3.657820985951120152e-01
4.183152636868462393e-01, 1.154570360759728520e-01, 1.004622560245171242e-01, 3.657654442126638816e-01
4.183240816143397600e-01, 1.154540598029676485e-01, 1.004730724595693098e-01, 3.657487861231233373e-01
4.183328918548279707e-01, 1.154510952666898682e-01, 1.004838885376493074e-01, 3.657321243408329092e-01
4.183416944167346330e-01, 1.154481424531014488e-01, 1.004947042500232424e-01, 3.657154588801405648e-01
4.183504893084867837e-01, 1.154452013481623018e-01, 1.005055195879511198e-01, 3.656987897553999334e-01
4.183592765385136802e-01, 1.154422719378298545e-01, 1.005163345426868943e-01, 3.656821169809695293e-01
4.183680561152481325e-01, 1.154393542080592860e-01, 1.005271491054787053e-01, 3.656654405712139733e-01
4.183768280471252266e-01, 1.154364481448034857e-01, 1.005379632675686002e-01, 3.656487605405026042e-01
4.183855923425832124e-01, 1.154335537340132334e-01, 1.005487770201927422e-01, 3.656320769032108675e-01
4.183943490100630047e-01, 1.154306709616368248e-01, 1.005595903545811742e-01, 3.656153896737190934e-01
4.184030980580082937e-01, 1.154277998136204186e-01, 1.005704032619581384e-01, 3.655986988664130521e-01
4.184118394948658781e-01, 1.154249402759079252e-01, 1.005812157335418539e-01, 3.655820044956843429e-01
4.184205733290849993e-01, 1.154220923344409094e-01, 1.005920277605445584e-01, 3.655653065759293940e-01
4.184292995691180628e-01, 1.154192559751588687e-01, 1.006028393341726612e-01, 3.655486051215504073e-01
4.184380182234199164e-01, 1.154164311839989271e-01, 1.006136504456264791e-01, 3.655319001469547469e-01
4.184467293004483501e-01, 1.154136179468960022e-01, 1.006244610861005001e-01, 3.655151916665552170e-01
4.184554328086639297e-01, 1.154108162497828466e-01, 1.006352712467833282e-01, 3.654984796947698955e-01
4.184641287565302181e-01, 1.154080260785899509e-01, 1.006460809188575722e-01, 3.654817642460223004e-01
4.184728171525132212e-01, 1.154052474192455713e-01, 1.006568900934999983e-01, 3.654650453347412231e-01
4.184814980050818312e-01, 1.154024802576758824e-01, 1.006676987618813496e-01, 3.654483229753610063e-01
4.184901713227077158e-01, 1.153997245798047272e-01, 1.006785069151666656e-01, 3.654315971823207665e-01
4.184988371138654295e-01, 1.153969803715538672e-01, 1.006893145445150045e-01, 3.654148679700657265e-01
4.185074953870320802e-01, 1.153942476188427602e-01, 1.007001216410794708e-01, 3.653981353530457166e-01
4.185161461506877179e-01, 1.153915263075887820e-01, 1.007109281960074099e-01, 3.653813993457161735e-01
4.185247894133146129e-01, 1.153888164237071440e-01, 1.007217342004402411e-01, 3.653646599625378633e-01
4.185334251833986996e-01, 1.153861179531108644e-01, 1.007325396455136107e-01, 3.653479172179768808e-01
4.185420534694277439e-01, 1.153834308817107829e-01, 1.007433445223571977e-01, 3.653311711265042061e-01
4.185506742798927871e-01, 1.153807551954156158e-01, 1.007541488220949216e-01, 3.653144217025965368e-01
4.185592876232872572e-01, 1.153780908801319560e-01, 1.007649525358448317e-01, 3.652976689607359551e-01
4.185678935081076912e-01, 1.153754379217641485e-01, 1.007757556547190930e-01, 3.652809129154090395e-01
4.185764919428527908e-01, 1.153727963062145812e-01, 1.007865581698241947e-01, 3.652641535811085305e-01
4.185850829360244219e-01, 1.153701660193833661e-01, 1.007973600722606861e-01, 3.652473909723316092e-01
4.185936664961267817e-01, 1.153675470471685199e-01, 1.008081613531232879e-01, 3.652306251035813411e-01
4.186022426316671763e-01, 1.153649393754661023e-01, 1.008189620035010586e-01, 3.652138559893657321e-01
4.186108113511550766e-01, 1.153623429901698694e-01, 1.008297620144771867e-01, 3.651970836441980062e-01
4.186193726631031731e-01, 1.153597578771715648e-01, 1.008405613771290177e-01, 3.651803080825962722e-01
4.186279265760263768e-01, 1.153571840223608508e-01, 1.008513600825281659e-01, 3.651635293190846898e-01
4.186364730984424298e-01, 1.153546214116252799e-01, 1.008621581217405416e-01, 3.651467473681917486e-01
4.186450122388718498e-01, 1.153520700308502678e-01, 1.008729554858261990e-01, 3.651299622444516002e-01
4.186535440058376523e-01, 1.153495298659194118e-01, 1.008837521658394326e-01, 3.651131739624036143e-01
4.186620684078654619e-01, 1.153470009027137977e-01, 1.008945481528288751e-01, 3.650963825365918791e-01
4.186705854534837346e-01, 1.153444831271128873e-01, 1.009053434378373720e-01, 3.650795879815660894e-01
4.186790951512234238e-01, 1.153419765249938805e-01, 1.009161380119019125e-01, 3.650627903118808248e-01
4.186875975096179814e-01, 1.153394810822318955e-01, 1.009269318660539899e-01, 3.650459895420961609e-01
4.186960925372037456e-01, 1.153369967847001770e-01, 1.009377249913191721e-01, 3.650291856867768359e-01
4.187045802425194974e-01, 1.153345236182697769e-01, 1.009485173787175172e-01, 3.650123787604931946e-01
4.187130606341067374e-01, 1.153320615688098322e-01, 1.009593090192631715e-01, 3.649955687778202451e-01
4.187215337205094090e-01, 1.153296106221873701e-01, 1.009700999039646885e-01, 3.649787557533385463e-01
4.187299995102741201e-01, 1.153271707642674615e-01, 1.009808900238249318e-01, 3.649619397016333755e-01
4.187384580119502542e-01, 1.153247419809132202e-01, 1.009916793698410892e-01, 3.649451206372955059e-01
4.187469092340895260e-01, 1.153223242579855951e-01, 1.010024679330046443e-01, 3.649282985749202624e-01
4.187553531852461486e-01, 1.153199175813438004e-01, 1.010132557043014051e-01, 3.649114735291085765e-01
4.187637898739772213e-01, 1.153175219368448162e-01, 1.010240426747115727e-01, 3.648946455144663203e-01
4.187722193088423972e-01, 1.153151373103437904e-01, 1.010348288352097001e-01, 3.648778145456041955e-01
4.187806414984033831e-01, 1.153127636876938866e-01, 1.010456141767645949e-01, 3.648609806371382325e-01
4.187890564512249947e-01, 1.153104010547462283e-01, 1.010563986903395689e-01, 3.648441438036892359e-01
4.187974641758743788e-01, 1.153080493973500237e-01, 1.010671823668921887e-01, 3.648273040598833394e-01
4.188058646809212915e-01, 1.153057087013526494e-01, 1.010779651973744142e-01, 3.648104614203515617e-01
4.188142579749378203e-01, 1.153033789525993585e-01, 1.010887471727327652e-01, 3.647936158997299727e-01
4.188226440664988837e-01, 1.153010601369335864e-01, 1.010995282839079329e-01, 3.647767675126596387e-01
4.188310229641815097e-01, 1.152987522401968251e-01, 1.011103085218350989e-01, 3.647599162737866774e-01
4.188393946765655573e-01, 1.152964552482285271e-01, 1.011210878774438521e-01, 3.647430621977620913e-01
4.188477592122334392e-01, 1.152941691468663821e-01, 1.011318663416582442e-01, 3.647262052992418790e-01
4.188561165797699548e-01, 1.152918939219462063e-01, 1.011426439053967063e-01, 3.647093455928872574e-01
4.188644667877621797e-01, 1.152896295593017206e-01, 1.011534205595721603e-01, 3.646924830933641060e-01
4.188728098447999093e-01, 1.152873760447648971e-01, 1.011641962950918516e-01, 3.646756178153433003e-01
4.188811457594755483e-01, 1.152851333641658343e-01, 1.011749711028575860e-01, 3.646587497735010452e-01
4.188894745403835551e-01, 1.152829015033326743e-01, 1.011857449737656456e-01, 3.646418789825180418e-01
4.188977961961213858e-01, 1.152806804480917130e-01, 1.011965178987067199e-01, 3.646250054570800980e-01
4.189061107352886060e-01, 1.152784701842674703e-01, 1.012072898685659750e-01, 3.646081292118780182e-01
4.189144181664870570e-01, 1.152762706976824675e-01, 1.012180608742230398e-01, 3.645912502616073803e-01
4.189227184983216890e-01, 1.152740819741574774e-01, 1.012288309065521447e-01, 3.645743686209687584e-01
4.189310117393990618e-01, 1.152719039995114408e-01, 1.012395999564218996e-01, 3.645574843046676117e-01
4.189392978983288440e-01, 1.152697367595613281e-01, 1.012503680146955298e-01, 3.645405973274142286e-01
4.189475769837228691e-01, 1.152675802401225413e-01, 1.012611350722306680e-01, 3.645237077039240048e-01
4.189558490041951355e-01, 1.152654344270084008e-01, 1.012719011198795344e-01, 3.645068154489168322e-01
4.189641139683626947e-01, 1.152632993060305477e-01, 1.012826661484888952e-01, 3.644899205771178208e-01
4.189723718848442635e-01, 1.152611748629987914e-01, 1.012934301489000766e-01, 3.644730231032567991e-01
4.189806227622615564e-01, 1.152590610837211510e-01, 1.013041931119488676e-01, 3.644561230420683695e-01
4.189888666092382863e-01, 1.152569579540038969e-01, 1.013149550284656447e-01, 3.644392204082921305e-01
4.189971034344007750e-01, 1.152548654596514399e-01, 1.013257158892754417e-01, 3.644223152166723434e-01
4.190053332463775648e-01, 1.152527835864664701e-01, 1.013364756851978105e-01, 3.644054074819580991e-01
4.190135560537998627e-01, 1.152507123202498873e-01, 1.013472344070468073e-01, 3.643884972189034288e-01
4.190217718653006518e-01, 1.152486516468008704e-01, 1.013579920456311873e-01, 3.643715844422671934e-01
4.190299806895163015e-01, 1.152466015519168219e-01, 1.013687485917543346e-01, 3.643546691668125836e-01
4.190381825350842360e-01, 1.152445620213933541e-01, 1.013795040362140965e-01, 3.643377514073083967e-01
4.190463774106451544e-01, 1.152425330410244003e-01, 1.013902583698030324e-01, 3.643208311785272602e-01
4.190545653248418656e-01, 1.152405145966022559e-01, 1.014010115833084147e-01, 3.643039084952475193e-01
4.190627462863192321e-01, 1.152385066739173014e-01, 1.014117636675119366e-01, 3.642869833722515160e-01
4.190709203037249475e-01, 1.152365092587583073e-01, 1.014225146131901845e-01, 3.642700558243265885e-01
4.190790873857086485e-01, 1.152345223369123650e-01, 1.014332644111141657e-01, 3.642531258662648486e-01
4.190872475409223585e-01, 1.152325458941648034e-01, 1.014440130520497391e-01, 3.642361935128632378e-01
4.190954007780202106e-01, 1.152305799162993694e-01, 1.014547605267573094e-01, 3.642192587789231384e-01
4.191035471056591688e-01, 1.152286243890980055e-01, 1.014655068259920079e-01, 3.642023216792508733e-01
4.191116865324980845e-01, 1.152266792983409893e-01, 1.014762519405036229e-01, 3.641853822286572062e-01
4.191198190671981405e-01, 1.152247446298070577e-01, 1.014869958610367523e-01, 3.641684404419580079e-01
4.191279447184226847e-01, 1.152228203692732267e-01, 1.014977385783306096e-01, 3.641514963339734789e-01
4.191360634948377295e-01, 1.152209065025147500e-01, 1.015084800831190098e-01, 3.641345499195284829e-01
4.191441754051110080e-01, 1.152190030153053962e-01, 1.015192203661307579e-01, 3.641176012134528239e-01
4.191522804579130845e-01, 1.152171098934171994e-01, 1.015299594180891773e-01, 3.641006502305805803e-01
4.191603786619162442e-01, 1.152152271226206670e-01, 1.015406972297123733e-01, 3.640836969857507155e-01
4.191684700257953256e-01, 1.152133546886845994e-01, 1.015514337917133025e-01, 3.640667414938066893e-01
4.191765545582273877e-01, 1.152114925773762011e-01, 1.015621690947995509e-01, 3.640497837695968464e-01
4.191846322678916548e-01, 1.152096407744610529e-01, 1.015729031296735418e-01, 3.640328238279736950e-01
4.191927031634694600e-01, 1.152077992657033062e-01, 1.015836358870325501e-01, 3.640158616837947392e-01
4.192007672536444685e-01, 1.152059680368653360e-01, 1.015943673575684381e-01, 3.639988973519218685e-01
4.192088245471024543e-01, 1.152041470737079076e-01, 1.016050975319680583e-01, 3.639819308472216908e-01
4.192168750525315790e-01, 1.152023363619903984e-01, 1.016158264009129342e-01, 3.639649621845650329e-01
4.192249187786221687e-01, 1.152005358874705898e-01, 1.016265539550794961e-01, 3.639479913788278287e-01
4.192329557340663815e-01, 1.151987456359046119e-01, 1.016372801851389562e-01, 3.639310184448900642e-01
4.192409859275589845e-01, 1.151969655930470265e-01, 1.016480050817573505e-01, 3.639140433976366107e-01
4.192490093677968543e-01, 1.151951957446510078e-01, 1.016587286355956632e-01, 3.638970662519565025e-01
4.192570260634785884e-01, 1.151934360764680920e-01, 1.016694508373095079e-01, 3.638800870227437145e-01
4.192650360233055595e-01, 1.151916865742483448e-01, 1.016801716775495579e-01, 3.638631057248965517e-01
4.192730392559809172e-01, 1.151899472237402772e-01, 1.016908911469612820e-01, 3.638461223733176486e-01
4.192810357702098645e-01, 1.151882180106909848e-01, 1.017016092361850560e-01, 3.638291369829141919e-01
4.192890255746998807e-01, 1.151864989208458701e-01, 1.017123259358560655e-01, 3.638121495685980866e-01
4.192970086781609984e-01, 1.151847899399490588e-01, 1.017230412366045139e-01, 3.637951601452855122e-01
4.193049850893044161e-01, 1.151830910537431224e-01, 1.017337551290554282e-01, 3.637781687278969778e-01
4.193129548168443299e-01, 1.151814022479691890e-01, 1.017444676038287560e-01, 3.637611753313578222e-01
4.193209178694964900e-01, 1.151797235083667770e-01, 1.017551786515394074e-01, 3.637441799705972700e-01
4.193288742559789783e-01, 1.151780548206741417e-01, 1.017658882627971995e-01, 3.637271826605495417e-01
4.193368239850120416e-01, 1.151763961706280814e-01, 1.017765964282069530e-01, 3.637101834161530212e-01
4.193447670653176473e-01, 1.151747475439637847e-01, 1.017873031383683680e-01, 3.636931822523501445e-01
4.193527035056203167e-01, 1.151731089264151353e-01, 1.017980083838760930e-01, 3.636761791840885105e-01
4.193606333146461251e-01, 1.151714803037146295e-01, 1.018087121553198637e-01, 3.636591742263193816e-01
4.193685565011237015e-01, 1.151698616615932785e-01, 1.018194144432842951e-01, 3.636421673939986832e-01
4.193764730737833402e-01, 1.151682529857807197e-01, 1.018301152383490615e-01, 3.636251587020868370e-01
4.193843830413576113e-01, 1.151666542620051747e-01, 1.018408145310887858e-01, 3.636081481655484837e-01
4.193922864125809724e-01, 1.151650654759935472e-01, 1.018515123120731641e-01, 3.635911357993523718e-01
4.194001831961899907e-01, 1.151634866134712831e-01, 1.018622085718668274e-01, 3.635741216184719682e-01
4.194080734009231204e-01, 1.151619176601624411e-01, 1.018729033010295493e-01, 3.635571056378848476e-01
4.194159570355210920e-01, 1.151603586017898029e-01, 1.018835964901160102e-01, 3.635400878725729701e-01
4.194238341087264121e-01, 1.151588094240748317e-01, 1.018942881296761582e-01, 3.635230683375225147e-01
4.194317046292838080e-01, 1.151572701127374920e-01, 1.019049782102547652e-01, 3.635060470477239347e-01
4.194395686059395612e-01, 1.151557406534965411e-01, 1.019156667223918150e-01, 3.634890240181722354e-01
4.194474260474423399e-01, 1.151542210320693899e-01, 1.019263536566223372e-01, 3.634719992638660302e-01
4.194552769625425892e-01, 1.151527112341720477e-01, 1.019370390034763652e-01, 3.634549727998089286e-01
4.194631213599929742e-01, 1.151512112455193720e-01, 1.019477227534792141e-01, 3.634379446410083703e-01
4.194709592485477700e-01, 1.151497210518247633e-01, 1.019584048971512724e-01, 3.634209148024761804e-01
4.194787906369633612e-01, 1.151482406388004559e-01, 1.019690854250078771e-01, 3.634038832992282919e-01
4.194866155339982416e-01, 1.151467699921573107e-01, 1.019797643275596605e-01, 3.633868501462848566e-01
4.194944339484122930e-01, 1.151453090976049531e-01, 1.019904415953123838e-01, 3.633698153586702451e-01
4.195022458889681172e-01, 1.151438579408518292e-01, 1.020011172187668680e-01, 3.633527789514132134e-01
4.195100513644297036e-01, 1.151424165076049277e-01, 1.020117911884191597e-01, 3.633357409395461812e-01
4.195178503835628181e-01, 1.151409847835701966e-01, 1.020224634947605180e-01, 3.633187013381063979e-01
4.195256429551356692e-01, 1.151395627544522515e-01, 1.020331341282773724e-01, 3.633016601621347208e-01
4.195334290879179084e-01, 1.151381504059544175e-01, 1.020438030794512396e-01, 3.632846174266763928e-01
4.195412087906813525e-01, 1.151367477237789649e-01, 1.020544703387589319e-01, 3.632675731467807090e-01
4.195489820721994834e-01, 1.151353546936268318e-01, 1.020651358966724598e-01, 3.632505273375012389e-01
4.195567489412478368e-01, 1.151339713011978044e-01, 1.020757997436590597e-01, 3.632334800138953823e-01
4.195645094066034475e-01, 1.151325975321904338e-01, 1.020864618701812360e-01, 3.632164311910248689e-01
4.195722634770458481e-01, 1.151312333723021469e-01, 1.020971222666966077e-01, 3.631993808839554250e-01
4.195800111613557926e-01, 1.151298788072291635e-01, 1.021077809236582284e-01, 3.631823291077568849e-01
4.195877524683162552e-01, 1.151285338226664817e-01, 1.021184378315142527e-01, 3.631652758775030798e-01
4.195954874067117646e-01, 1.151271984043080732e-01, 1.021290929807082276e-01, 3.631482212082718375e-01
4.196032159853291810e-01, 1.151258725378467018e-01, 1.021397463616789264e-01, 3.631311651151452602e-01
4.196109382129564191e-01, 1.151245562089739244e-01, 1.021503979648604316e-01, 3.631141076132092249e-01
4.196186540983837254e-01, 1.151232494033802983e-01, 1.021610477806821488e-01, 3.630970487175537165e-01
4.196263636504031780e-01, 1.151219521067551599e-01, 1.021716957995687514e-01, 3.630799884432728830e-01
4.196340668778082428e-01, 1.151206643047868183e-01, 1.021823420119403331e-01, 3.630629268054645920e-01
4.196417637893945507e-01, 1.151193859831623617e-01, 1.021929864082122136e-01, 3.630458638192308185e-01
4.196494543939593980e-01, 1.151181171275679621e-01, 1.022036289787951885e-01, 3.630287994996774792e-01
4.196571387003017461e-01, 1.151168577236885565e-01, 1.022142697140952794e-01, 3.630117338619145428e-01
4.196648167172223887e-01, 1.151156077572080688e-01, 1.022249086045139282e-01, 3.629946669210556420e-01
4.196724884535239508e-01, 1.151143672138093543e-01, 1.022355456404479973e-01, 3.629775986922187947e-01
4.196801539180106122e-01, 1.151131360791743247e-01, 1.022461808122896998e-01, 3.629605291905255160e-01
4.196878131194883288e-01, 1.151119143389835731e-01, 1.022568141104266970e-01, 3.629434584311013179e-01
4.196954660667649994e-01, 1.151107019789169295e-01, 1.022674455252420289e-01, 3.629263864290759867e-01
4.197031127686502439e-01, 1.151094989846531136e-01, 1.022780750471141142e-01, 3.629093131995825838e-01
4.197107532339547920e-01, 1.151083053418697627e-01, 1.022887026664169030e-01, 3.628922387577585007e-01
4.197183874714918161e-01, 1.151071210362436120e-01, 1.022993283735197240e-01, 3.628751631187449034e-01
4.197260154900757101e-01, 1.151059460534503004e-01, 1.023099521587873817e-01, 3.628580862976865662e-01
4.197336372985228659e-01, 1.151047803791645785e-01, 1.023205740125801289e-01, 3.628410083097324268e-01
4.197412529056510078e-01, 1.151036239990601562e-01, 1.023311939252537911e-01, 3.628239291700349756e-01
4.197488623202800251e-01, 1.151024768988097996e-01, 1.023418118871594895e-01, 3.628068488937507552e-01
4.197564655512308063e-01, 1.151013390640853035e-01, 1.023524278886440153e-01, 3.627897674960398611e-01
4.197640626073264603e-01, 1.151002104805574910e-01, 1.023630419200496494e-01, 3.627726849920663854e-01
4.197716534973915392e-01, 1.150990911338963252e-01, 1.023736539717141347e-01, 3.627556013969980842e-01
4.197792382302519831e-01, 1.150979810097707140e-01, 1.023842640339708010e-01, 3.627385167260064880e-01
4.197868168147358414e-01, 1.150968800938488440e-01, 1.023948720971484400e-01, 3.627214309942668469e-01
4.197943892596723847e-01, 1.150957883717977775e-01, 1.024054781515714996e-01, 3.627043442169582410e-01
4.198019555738926600e-01, 1.150947058292837999e-01, 1.024160821875600147e-01, 3.626872564092634699e-01
4.198095157662292687e-01, 1.150936324519723220e-01, 1.024266841954294543e-01, 3.626701675863689966e-01
4.198170698455164218e-01, 1.150925682255277555e-01, 1.024372841654909438e-01, 3.626530777634647817e-01
4.198246178205899404e-01, 1.150915131356138044e-01, 1.024478820880513202e-01, 3.626359869557450044e-01
4.198321597002870886e-01, 1.150904671678931596e-01, 1.024584779534128548e-01, 3.626188951784069525e-01
4.198396954934469627e-01, 1.150894303080277209e-01, 1.024690717518735167e-01, 3.626018024466517442e-01
4.198472252089098244e-01, 1.150884025416786249e-01, 1.024796634737269729e-01, 3.625847087756846054e-01
4.198547488555179896e-01, 1.150873838545060646e-01, 1.024902531092624636e-01, 3.625676141807135378e-01
4.198622664421146622e-01, 1.150863742321694277e-01, 1.025008406487648849e-01, 3.625505186769510391e-01
4.198697779775452110e-01, 1.150853736603273808e-01, 1.025114260825148310e-01, 3.625334222796125494e-01
4.198772834706561707e-01, 1.150843821246377158e-01, 1.025220094007885663e-01, 3.625163250039175611e-01
4.198847829302957413e-01, 1.150833996107574336e-01, 1.025325905938580251e-01, 3.624992268650887861e-01
4.198922763653133994e-01, 1.150824261043427443e-01, 1.025431696519909369e-01, 3.624821278783528777e-01
4.198997637845605091e-01, 1.150814615910491501e-01, 1.025537465654505487e-01, 3.624650280589397089e-01
4.199072451968894892e-01, 1.150805060565313620e-01, 1.025643213244960689e-01, 3.624479274220829828e-01
4.199147206111545905e-01, 1.150795594864432864e-01, 1.025748939193822790e-01, 3.624308259830198442e-01
4.199221900362113957e-01, 1.150786218664381771e-01, 1.025854643403597555e-01, 3.624137237569907688e-01
4.199296534809165982e-01, 1.150776931821684695e-01, 1.025960325776748699e-01, 3.623966207592400068e-01
4.199371109541292224e-01, 1.150767734192860159e-01, 1.026065986215697196e-01, 3.623795170050151393e-01
4.199445624647087927e-01, 1.150758625634417526e-01, 1.026171624622822104e-01, 3.623624125095672999e-01
4.199520080215167206e-01, 1.150749606002861442e-01, 1.026277240900460574e-01, 3.623453072881511194e-01
4.199594476334160276e-01, 1.150740675154687531e-01, 1.026382834950906875e-01, 3.623282013560246151e-01
4.199668813092706787e-01, 1.150731832946386146e-01, 1.026488406676415305e-01, 3.623110947284491901e-01
4.199743090579463600e-01, 1.150723079234441115e-01, 1.026593955979196865e-01, 3.622939874206899113e-01
4.199817308883100342e-01, 1.150714413875327524e-01, 1.026699482761421062e-01, 3.622768794480149546e-01
4.199891468092302738e-01, 1.150705836725516712e-01, 1.026804986925217433e-01, 3.622597708256962146e-01
4.199965568295767615e-01, 1.150697347641471691e-01, 1.026910468372672497e-01, 3.622426615690087504e-01
4.200039609582206235e-01, 1.150688946479650476e-01, 1.027015927005832385e-01, 3.622255516932311181e-01
4.200113592040344290e-01, 1.150680633096503730e-01, 1.027121362726701459e-01, 3.622084412136449827e-01
4.200187515758920243e-01, 1.150672407348477672e-01, 1.027226775437244666e-01, 3.621913301455358947e-01
4.200261380826684765e-01, 1.150664269092009917e-01, 1.027332165039384071e-01, 3.621742185041920692e-01
4.200335187332405740e-01, 1.150656218183535306e-01, 1.027437531435002466e-01, 3.621571063049056072e-01
4.200408935364861596e-01, 1.150648254479480909e-01, 1.027542874525941008e-01, 3.621399935629716627e-01
4.200482625012842974e-01, 1.150640377836268935e-01, 1.027648194214001720e-01, 3.621228802936885538e-01
4.200556256365156060e-01, 1.150632588110315352e-01, 1.027753490400944575e-01, 3.621057665123583735e-01
4.200629829510619806e-01, 1.150624885158032101e-01, 1.027858762988490271e-01, 3.620886522342858793e-01
4.200703344538063710e-01, 1.150617268835823215e-01, 1.027964011878319678e-01, 3.620715374747793813e-01
4.200776801536332261e-01, 1.150609739000091059e-01, 1.028069236972072725e-01, 3.620544222491504649e-01
4.200850200594280492e-01, 1.150602295507229395e-01, 1.028174438171349653e-01, 3.620373065727139905e-01
4.200923541800780092e-01, 1.150594938213629626e-01, 1.028279615377712258e-01, 3.620201904607878718e-01
4.200996825244711075e-01, 1.150587666975677048e-01, 1.028384768492680568e-01, 3.620030739286930754e-01
4.201070051014968443e-01, 1.150580481649751963e-01, 1.028489897417736582e-01, 3.619859569917543429e-01
4.201143219200458856e-01, 1.150573382092230368e-01, 1.028595002054322333e-01, 3.619688396652988582e-01
4.201216329890101187e-01, 1.150566368159483682e-01, 1.028700082303840857e-01, 3.619517219646574135e-01
4.201289383172825409e-01, 1.150559439707878467e-01, 1.028805138067655917e-01, 3.619346039051640762e-01
4.201362379137574821e-01, 1.150552596593777815e-01, 1.028910169247092277e-01, 3.619174855021555781e-01
4.201435317873305486e-01, 1.150545838673539545e-01, 1.029015175743434873e-01, 3.619003667709719818e-01
4.201508199468983462e-01, 1.150539165803517588e-01, 1.029120157457931867e-01, 3.618832477269565695e-01
4.201581024013589238e-01, 1.150532577840062826e-01, 1.029225114291791171e-01, 3.618661283854556765e-01
4.201653791596111076e-01, 1.150526074639520169e-01, 1.029330046146182398e-01, 3.618490087618185802e-01
4.201726502305551669e-01, 1.150519656058232726e-01, 1.029434952922237273e-01, 3.618318888713977222e-01
4.201799156230926480e-01, 1.150513321952539442e-01, 1.029539834521049219e-01, 3.618147687295485970e-01
4.201871753461257630e-01, 1.150507072178773849e-01, 1.029644690843671967e-01, 3.617976483516295305e-01
4.201944294085584453e-01, 1.150500906593269201e-01, 1.029749521791124278e-01, 3.617805277530022900e-01
4.202016778192951829e-01, 1.150494825052352232e-01, 1.029854327264383695e-01, 3.617634069490312521e-01
4.202089205872420186e-01, 1.150488827412347870e-01, 1.029959107164392096e-01, 3.617462859550840126e-01
4.202161577213058830e-01, 1.150482913529578405e-01, 1.030063861392053193e-01, 3.617291647865308879e-01
4.202233892303950391e-01, 1.150477083260362521e-01, 1.030168589848233091e-01, 3.617120434587455247e-01
4.202306151234183607e-01, 1.150471336461014737e-01, 1.030273292433760146e-01, 3.616949219871041232e-01
4.202378354092862756e-01, 1.150465672987848742e-01, 1.030377969049426079e-01, 3.616778003869862701e-01
4.202450500969100999e-01, 1.150460092697174475e-01, 1.030482619595985139e-01, 3.616606786737740498e-01
4.202522591952020936e-01, 1.150454595445298961e-01, 1.030587243974154382e-01, 3.616435568628524888e-01
4.202594627130758487e-01, 1.150449181088527978e-01, 1.030691842084614646e-01, 3.616264349696098890e-01
4.202666606594456788e-01, 1.150443849483163555e-01, 1.030796413828009433e-01, 3.616093130094369945e-01
4.202738530432272301e-01, 1.150438600485506058e-01, 1.030900959104945752e-01, 3.615921909977276583e-01
4.202810398733367592e-01, 1.150433433951853490e-01, 1.031005477815994109e-01, 3.615750689498785087e-01
4.202882211586920769e-01, 1.150428349738502054e-01, 1.031109969861688236e-01, 3.615579468812890052e-01
4.202953969082113828e-01, 1.150423347701746146e-01, 1.031214435142526892e-01, 3.615408248073613273e-01
4.203025671308145417e-01, 1.150418427697877666e-01, 1.031318873558971089e-01, 3.615237027435005968e-01
4.203097318354218070e-01, 1.150413589583187679e-01, 1.031423285011447422e-01, 3.615065807051147106e-01
4.203168910309546535e-01, 1.150408833213965032e-01, 1.031527669400345570e-01, 3.614894587076142862e-01
4.203240447263356661e-01, 1.150404158446496627e-01, 1.031632026626019688e-01, 3.614723367664127718e-01
4.203311929304880956e-01, 1.150399565137068952e-01, 1.031736356588788539e-01, 3.614552148969261691e-01
4.203383356523363035e-01, 1.150395053141967522e-01, 1.031840659188935222e-01, 3.614380931145734221e-01
4.203454729008054280e-01, 1.150390622317475631e-01, 1.031944934326708280e-01, 3.614209714347761948e-01
4.203526046848219400e-01, 1.150386272519876019e-01, 1.032049181902319618e-01, 3.614038498729585380e-01
4.203597310133126430e-01, 1.150382003605450315e-01, 1.032153401815947558e-01, 3.613867284445476113e-01
4.203668518952056177e-01, 1.150377815430480011e-01, 1.032257593967734893e-01, 3.613696071649730168e-01
4.203739673394297216e-01, 1.150373707851244653e-01, 1.032361758257788475e-01, 3.613524860496669100e-01
4.203810773549148672e-01, 1.150369680724024901e-01, 1.032465894586183236e-01, 3.613353651140642775e-01
4.203881819505916329e-01, 1.150365733905099608e-01, 1.032570002852956775e-01, 3.613182443736027150e-01
4.203952811353914298e-01, 1.150361867250747905e-01, 1.032674082958113942e-01, 3.613011238437223716e-01
4.204023749182467240e-01, 1.150358080617248230e-01, 1.032778134801625308e-01, 3.612840035398659499e-01
4.204094633080907029e-01, 1.150354373860879575e-01, 1.032882158283426055e-01, 3.612668834774788174e-01
4.204165463138573866e-01, 1.150350746837920518e-01, 1.032986153303418475e-01, 3.612497636720087280e-01
4.204236239444816836e-01, 1.150347199404649773e-01, 1.033090119761471415e-01, 3.612326441389062115e-01
4.204306962088992239e-01, 1.150343731417346471e-01, 1.033194057557418194e-01, 3.612155248936242957e-01
4.204377631160466366e-01, 1.150340342732290161e-01, 1.033297966591060768e-01, 3.611984059516182288e-01
4.204448246748609397e-01, 1.150337033205760529e-01, 1.033401846762166260e-01, 3.611812873283463676e-01
4.204518808942804275e-01, 1.150333802694038093e-01, 1.033505697970468068e-01, 3.611641690392688453e-01
4.204589317832439499e-01, 1.150330651053404624e-01, 1.033609520115668368e-01, 3.611470510998488481e-01
4.204659773506909670e-01, 1.150327578140141194e-01, 1.033713313097434222e-01, 3.611299335255515608e-01
4.204730176055618829e-01, 1.150324583810531931e-01, 1.033817076815400637e-01, 3.611128163318448325e-01
4.204800525567978231e-01, 1.150321667920859992e-01, 1.033920811169170006e-01, 3.610956995341991216e-01
4.204870822133407460e-01, 1.150318830327411307e-01, 1.034024516058311971e-01, 3.610785831480869956e-01
4.204941065841329428e-01, 1.150316070886471670e-01, 1.034128191382363976e-01, 3.610614671889833538e-01
4.205011256781180373e-01, 1.150313389454330620e-01, 1.034231837040830437e-01, 3.610443516723658708e-01
4.205081395042397641e-01, 1.150310785887276310e-01, 1.034335452933183713e-01, 3.610272366137143307e-01
4.205151480714428014e-01, 1.150308260041600222e-01, 1.034439038958864521e-01, 3.610101220285107937e-01
4.205221513886726048e-01, 1.150305811773596198e-01, 1.034542595017281796e-01, 3.609930079322395957e-01
4.205291494648751294e-01, 1.150303440939558219e-01, 1.034646121007811725e-01, 3.609758943403876819e-01
4.205361423089973294e-01, 1.150301147395784568e-01, 1.034749616829799546e-01, 3.609587812684443842e-01
4.205431299299861592e-01, 1.150298930998572694e-01, 1.034853082382558853e-01, 3.609416687319007000e-01
4.205501123367897387e-01, 1.150296791604225460e-01, 1.034956517565371881e-01, 3.609245567462504023e-01
4.205570895383570207e-01, 1.150294729069046562e-01, 1.035059922277489636e-01, 3.609074453269894844e-01
4.205640615436367913e-01, 1.150292743249341498e-01, 1.035163296418131068e-01, 3.608903344896158827e-01
4.205710283615792799e-01, 1.150290834001419932e-01, 1.035266639886486678e-01, 3.608732242496300313e-01
4.205779900011346606e-01, 1.150289001181593884e-01, 1.035369952581713382e-01, 3.608561146225346405e-01
4.205849464712541064e-01, 1.150287244646176765e-01, 1.035473234402939091e-01, 3.608390056238342525e-01
4.205918977808893455e-01, 1.150285564251487813e-01, 1.035576485249260076e-01, 3.608218972690359072e-01
4.205988439389924394e-01, 1.150283959853846960e-01, 1.035679705019743463e-01, 3.608047895736485322e-01
4.206057849545162819e-01, 1.150282431309578163e-01, 1.035782893613424738e-01, 3.607876825531834974e-01
4.206127208364141001e-01, 1.150280978475008847e-01, 1.035886050929310243e-01, 3.607705762231539492e-01
4.206196515936397873e-01, 1.150279601206470742e-01, 1.035989176866376482e-01, 3.607534705990755319e-01
4.206265772351477361e-01, 1.150278299360297102e-01, 1.036092271323569153e-01, 3.607363656964656107e-01
4.206334977698927280e-01, 1.150277072792826871e-01, 1.036195334199805501e-01, 3.607192615308439931e-01
4.206404132068305435e-01, 1.150275921360402742e-01, 1.036298365393972243e-01, 3.607021581177321523e-01
4.206473235549165746e-01, 1.150274844919369627e-01, 1.036401364804926534e-01, 3.606850554726536706e-01
4.206542288231077675e-01, 1.150273843326079098e-01, 1.036504332331498052e-01, 3.606679536111345730e-01
4.206611290203605136e-01, 1.150272916436884812e-01, 1.036607267872484556e-01, 3.606508525487024941e-01
4.206680241556324251e-01, 1.150272064108145559e-01, 1.036710171326657576e-01, 3.606337523008871782e-01
4.206749142378812256e-01, 1.150271286196225540e-01, 1.036813042592758249e-01, 3.606166528832203677e-01
4.206817992760652491e-01, 1.150270582557491872e-01, 1.036915881569499126e-01, 3.605995543112356372e-01
4.206886792791431073e-01, 1.150269953048317639e-01, 1.037018688155564583e-01, 3.605824566004686704e-01
4.206955542560739114e-01, 1.150269397525081200e-01, 1.037121462249611520e-01, 3.605653597664569276e-01
4.207024242158171057e-01, 1.150268915844164103e-01, 1.037224203750266027e-01, 3.605482638247399785e-01
4.207092891673328006e-01, 1.150268507861953865e-01, 1.037326912556128383e-01, 3.605311687908590024e-01
4.207161491195810510e-01, 1.150268173434844943e-01, 1.037429588565770833e-01, 3.605140746803573992e-01
4.207230040815227445e-01, 1.150267912419234012e-01, 1.037532231677736339e-01, 3.604969815087801788e-01
4.207298540621188798e-01, 1.150267724671526215e-01, 1.037634841790541357e-01, 3.604798892916742936e-01
4.207366990703310106e-01, 1.150267610048130440e-01, 1.037737418802674866e-01, 3.604627980445884727e-01
4.207435391151206905e-01, 1.150267568405462654e-01, 1.037839962612597811e-01, 3.604457077830733880e-01
4.207503742054501950e-01, 1.150267599599942292e-01, 1.037942473118744074e-01, 3.604286185226810435e-01
4.207572043502818548e-01, 1.150267703487998228e-01, 1.038044950219521451e-01, 3.604115302789660524e-01
4.207640295585785561e-01, 1.150267879926063636e-01, 1.038147393813309838e-01, 3.603944430674841382e-01
4.207708498393033514e-01, 1.150268128770576964e-01, 1.038249803798461934e-01, 3.603773569037926894e-01
4.207776652014195151e-01, 1.150268449877985266e-01, 1.038352180073304903e-01, 3.603602718034514818e-01
4.207844756538907660e-01, 1.150268843104740452e-01, 1.038454522536138847e-01, 3.603431877820212348e-01
4.207912812056810448e-01, 1.150269308307301924e-01, 1.038556831085237914e-01, 3.603261048550648882e-01
4.207980818657545141e-01, 1.150269845342136027e-01, 1.038659105618849887e-01, 3.603090230381469361e-01
4.208048776430755589e-01, 1.150270454065714654e-01, 1.038761346035196181e-01, 3.602919423468333715e-01
4.208116685466088414e-01, 1.150271134334518303e-01, 1.038863552232472953e-01, 3.602748627966918527e-01
4.208184545853194680e-01, 1.150271886005034411e-01, 1.038965724108850963e-01, 3.602577844032920362e-01
4.208252357681724343e-01, 1.150272708933756799e-01, 1.039067861562473077e-01, 3.602407071822046336e-01
4.208320121041331241e-01, 1.150273602977186921e-01, 1.039169964491459403e-01, 3.602236311490022436e-01
4.208387836021670880e-01, 1.150274567991835251e-01, 1.039272032793903677e-01, 3.602065563192591302e-01
4.208455502712398766e-01, 1.150275603834217952e-01, 1.039374066367875493e-01, 3.601894827085508344e-01
4.208523121203176509e-01, 1.150276710360860766e-01, 1.039476065111417241e-01, 3.601724103324546178e-01
4.208590691583662946e-01, 1.150277887428295676e-01, 1.039578028922548275e-01, 3.601553392065492964e-01
4.208658213943522464e-01, 1.150279134893064797e-01, 1.039679957699263524e-01, 3.601382693464150186e-01
4.208725688372416673e-01, 1.150280452611715937e-01, 1.039781851339532381e-01, 3.601212007676335425e-01
4.208793114960011628e-01, 1.150281840440807724e-01, 1.039883709741299816e-01, 3.601041334857881804e-01
4.208860493795972268e-01, 1.150283298236905449e-01, 1.039985532802488039e-01, 3.600870675164634660e-01
4.208927824969967424e-01, 1.150284825856584398e-01, 1.040087320420993305e-01, 3.600700028752455428e-01
4.208995108571664812e-01, 1.150286423156428040e-01, 1.040189072494688838e-01, 3.600529395777219421e-01
4.209062344690733259e-01, 1.150288089993028312e-01, 1.040290788921424819e-01, 3.600358776394814164e-01
4.209129533416843261e-01, 1.150289826222985895e-01, 1.040392469599026731e-01, 3.600188170761143835e-01
4.209196674839666974e-01, 1.150291631702912432e-01, 1.040494114425297018e-01, 3.600017579032124826e-01
4.209263769048871562e-01, 1.150293506289427198e-01, 1.040595723298014808e-01, 3.599847001363686294e-01
4.209330816134133069e-01, 1.150295449839159462e-01, 1.040697296114937026e-01, 3.599676437911771831e-01
4.209397816185118657e-01, 1.150297462208747651e-01, 1.040798832773795202e-01, 3.599505888832338352e-01
4.209464769291505482e-01, 1.150299543254840323e-01, 1.040900333172300601e-01, 3.599335354281353871e-01
4.209531675542963480e-01, 1.150301692834095890e-01, 1.041001797208140900e-01, 3.599164834414799730e-01
4.209598535029164257e-01, 1.150303910803182339e-01, 1.041103224778981012e-01, 3.598994329388672808e-01
4.209665347839780525e-01, 1.150306197018778204e-01, 1.041204615782462817e-01, 3.598823839358978871e-01
4.209732114064483888e-01, 1.150308551337571872e-01, 1.041305970116208623e-01, 3.598653364481736450e-01
4.209798833792945949e-01, 1.150310973616262000e-01, 1.041407287677815069e-01, 3.598482904912976843e-01
4.209865507114838867e-01, 1.150313463711558071e-01, 1.041508568364859916e-01, 3.598312460808742452e-01
4.209932134119831471e-01, 1.150316021480180251e-01, 1.041609812074897473e-01, 3.598142032325090667e-01
4.209998714897595362e-01, 1.150318646778859255e-01, 1.041711018705461650e-01, 3.597971619618083872e-01
4.210065249537798260e-01, 1.150321339464337178e-01, 1.041812188154063873e-01, 3.597801222843801106e-01
4.210131738130108436e-01, 1.150324099393365412e-01, 1.041913320318195030e-01, 3.597630842158331954e-01
4.210198180764192499e-01, 1.150326926422709228e-01, 1.042014415095324359e-01, 3.597460477717774330e-01
4.210264577529716501e-01, 1.150329820409143194e-01, 1.042115472382900560e-01, 3.597290129678239468e-01
4.210330928516345383e-01, 1.150332781209454092e-01, 1.042216492078351930e-01, 3.597119798195848595e-01
4.210397233813743534e-01, 1.150335808680440497e-01, 1.042317474079085121e-01, 3.596949483426731264e-01
4.210463493511570343e-01, 1.150338902678911673e-01, 1.042418418282487352e-01, 3.596779185527029798e-01
4.210529707699488533e-01, 1.150342063061689790e-01, 1.042519324585924612e-01, 3.596608904652895400e-01
4.210595876467155274e-01, 1.150345289685609645e-01, 1.042620192886743041e-01, 3.596438640960492594e-01
4.210661999904226627e-01, 1.150348582407515891e-01, 1.042721023082270188e-01, 3.596268394605988128e-01
4.210728078100358651e-01, 1.150351941084267193e-01, 1.042821815069811392e-01, 3.596098165745563180e-01
4.210794111145202412e-01, 1.150355365572734573e-01, 1.042922568746653539e-01, 3.595927954535409476e-01
4.210860099128410083e-01, 1.150358855729800706e-01, 1.043023284010064500e-01, 3.595757761131724295e-01
4.210926042139628844e-01, 1.150362411412362007e-01, 1.043123960757292579e-01, 3.595587585690716570e-01
4.210991940268504208e-01, 1.150366032477327660e-01, 1.043224598885565124e-01, 3.595417428368602453e-01
4.211057793604680577e-01, 1.150369718781618644e-01, 1.043325198292093803e-01, 3.595247289321608086e-01
4.211123602237797359e-01, 1.150373470182169816e-01, 1.043425758874068354e-01, 3.595077168705964610e-01
4.211189366257492850e-01, 1.150377286535929494e-01, 1.043526280528660893e-01, 3.594907066677916485e-01
4.211255085753403682e-01, 1.150381167699860152e-01, 1.043626763153026604e-01, 3.594736983393710394e-01
4.211320760815158160e-01, 1.150385113530935366e-01, 1.043727206644299438e-01, 3.594566919009608008e-01
4.211386391532388473e-01, 1.150389123886144671e-01, 1.043827610899596969e-01, 3.594396873681871551e-01
4.211451977994717932e-01, 1.150393198622490093e-01, 1.043927975816018594e-01, 3.594226847566773242e-01
4.211517520291770955e-01, 1.150397337596988506e-01, 1.044028301290644972e-01, 3.594056840820594734e-01
4.211583018513165855e-01, 1.150401540666671080e-01, 1.044128587220540250e-01, 3.593886853599622677e-01
4.211648472748517058e-01, 1.150405807688581750e-01, 1.044228833502750253e-01, 3.593716886060150384e-01
4.211713883087437327e-01, 1.150410138519780134e-01, 1.044329040034303602e-01, 3.593546938358478382e-01
4.211779249619534427e-01, 1.150414533017340007e-01, 1.044429206712211566e-01, 3.593377010650913861e-01
4.211844572434410572e-01, 1.150418991038349853e-01, 1.044529333433468626e-01, 3.593207103093771226e-01
4.211909851621667977e-01, 1.150423512439912865e-01, 1.044629420095051359e-01, 3.593037215843367660e-01
4.211975087270899976e-01, 1.150428097079147227e-01, 1.044729466593921907e-01, 3.592867349056030890e-01
4.212040279471700455e-01, 1.150432744813185970e-01, 1.044829472827023265e-01, 3.592697502888090311e-01
4.212105428313654976e-01, 1.150437455499177808e-01, 1.044929438691283435e-01, 3.592527677495883642e-01
4.212170533886346879e-01, 1.150442228994286720e-01, 1.045029364083614187e-01, 3.592357873035753046e-01
4.212235596279352845e-01, 1.150447065155691811e-01, 1.045129248900910773e-01, 3.592188089664044570e-01
4.212300615582246777e-01, 1.150451963840588981e-01, 1.045229093040052765e-01, 3.592018327537110367e-01
4.212365591884597582e-01, 1.150456924906188005e-01, 1.045328896397903912e-01, 3.591848586811310362e-01
4.212430525275967508e-01, 1.150461948209716562e-01, 1.045428658871312283e-01, 3.591678867643003370e-01
4.212495415845915470e-01, 1.150467033608417594e-01, 1.045528380357111375e-01, 3.591509170188555422e-01
4.212560263683993167e-01, 1.150472180959550006e-01, 1.045628060752118171e-01, 3.591339494604338656e-01
4.212625068879749524e-01, 1.150477390120389493e-01, 1.045727699953135498e-01, 3.591169841046724653e-01
4.212689831522726247e-01, 1.150482660948228403e-01, 1.045827297856950638e-01, 3.591000209672093324e-01
4.212754551702461159e-01, 1.150487993300374767e-01, 1.045926854360337416e-01, 3.590830600636826797e-01
4.212819229508483199e-01, 1.150493387034155768e-01, 1.046026369360052999e-01, 3.590661014097308867e-01
4.212883865030316866e-01, 1.150498842006912603e-01, 1.046125842752842761e-01, 3.590491450209928326e-01
4.212948458357484438e-01, 1.150504358076005068e-01, 1.046225274435435004e-01, 3.590321909131076183e-01
4.213013009579495427e-01, 1.150509935098810999e-01, 1.046324664304546515e-01, 3.590152391017147893e-01
4.213077518785858788e-01, 1.150515572932724467e-01, 1.046424012256878672e-01, 3.589982896024538350e-01
4.213141986066074041e-01, 1.150521271435157034e-01, 1.046523318189119534e-01, 3.589813424309649670e-01
4.213206411509635707e-01, 1.150527030463538991e-01, 1.046622581997943974e-01, 3.589643976028881744e-01
4.213270795206031649e-01, 1.150532849875317426e-01, 1.046721803580012988e-01, 3.589474551338637798e-01
4.213335137244742512e-01, 1.150538729527957604e-01, 1.046820982831974667e-01, 3.589305150395325494e-01
4.213399437715242279e-01, 1.150544669278943805e-01, 1.046920119650464331e-01, 3.589135773355349723e-01
4.213463696706998274e-01, 1.150550668985777930e-01, 1.047019213932103426e-01, 3.588966420375121480e-01
4.213527914309470046e-01, 1.150556728505979925e-01, 1.047118265573502016e-01, 3.588797091611047874e-01
4.213592090612111041e-01, 1.150562847697089025e-01, 1.047217274471256288e-01, 3.588627787219543785e-01
4.213656225704366931e-01, 1.150569026416662921e-01, 1.047316240521951602e-01, 3.588458507357018545e-01
4.213720319675677284e-01, 1.150575264522278318e-01, 1.047415163622160000e-01, 3.588289252179884259e-01
4.213784372615469453e-01, 1.150581561871530378e-01, 1.047514043668441863e-01, 3.588120021844558027e-01
4.213848384613170239e-01, 1.150587918322035080e-01, 1.047612880557345499e-01, 3.587950816507449181e-01
4.213912355758193118e-01, 1.150594333731424918e-01, 1.047711674185408531e-01, 3.587781636324973711e-01
4.213976286139946015e-01, 1.150600807957355004e-01, 1.047810424449156091e-01, 3.587612481453542612e-01
4.214040175847829639e-01, 1.150607340857497246e-01, 1.047909131245101794e-01, 3.587443352049571876e-01
4.214104024971232487e-01, 1.150613932289545754e-01, 1.048007794469748705e-01, 3.587274248269473054e-01
4.214167833599538615e-01, 1.150620582111212958e-01, 1.048106414019590038e-01, 3.587105170269657139e-01
4.214231601822123752e-01, 1.150627290180232659e-01, 1.048204989791106101e-01, 3.586936118206537349e-01
4.214295329728355299e-01, 1.150634056354356699e-01, 1.048303521680767486e-01, 3.586767092236522458e-01
4.214359017407586783e-01, 1.150640880491359958e-01, 1.048402009585033823e-01, 3.586598092516019021e-01
4.214422664949170616e-01, 1.150647762449036465e-01, 1.048500453400356552e-01, 3.586429119201436921e-01
4.214486272442444781e-01, 1.150654702085200376e-01, 1.048598853023174071e-01, 3.586260172449179939e-01
4.214549839976741707e-01, 1.150661699257688048e-01, 1.048697208349917281e-01, 3.586091252415652408e-01
4.214613367641381059e-01, 1.150668753824356239e-01, 1.048795519277005983e-01, 3.585922359257255887e-01
4.214676855525678056e-01, 1.150675865643082524e-01, 1.048893785700850956e-01, 3.585753493130388603e-01
4.214740303718934045e-01, 1.150683034571765573e-01, 1.048992007517853264e-01, 3.585584654191446563e-01
4.214803712310443151e-01, 1.150690260468326814e-01, 1.049090184624404953e-01, 3.585415842596825775e-01
4.214867081389488401e-01, 1.150697543190708078e-01, 1.049188316916889185e-01, 3.585247058502914475e-01
4.214930411045345604e-01, 1.150704882596872564e-01, 1.049286404291679964e-01, 3.585078302066102562e-01
4.214993701367279466e-01, 1.150712278544807066e-01, 1.049384446645142410e-01, 3.584909573442771613e-01
4.215056952444543592e-01, 1.150719730892519194e-01, 1.049482443873634013e-01, 3.584740872789304866e-01
4.215120164366379929e-01, 1.150727239498038207e-01, 1.049580395873503103e-01, 3.584572200262077235e-01
4.215183337222028204e-01, 1.150734804219417373e-01, 1.049678302541090097e-01, 3.584403556017464187e-01
4.215246471100707049e-01, 1.150742424914731332e-01, 1.049776163772727644e-01, 3.584234940211833420e-01
4.215309566091630655e-01, 1.150750101442077483e-01, 1.049873979464741036e-01, 3.584066353001549854e-01
4.215372622284004889e-01, 1.150757833659576540e-01, 1.049971749513446406e-01, 3.583897794542971749e-01
4.215435639767017850e-01, 1.150765621425372115e-01, 1.050069473815154059e-01, 3.583729264992456254e-01
4.215498618629851535e-01, 1.150773464597630164e-01, 1.050167152266166387e-01, 3.583560764506352747e-01
4.215561558961675725e-01, 1.150781363034539956e-01, 1.050264784762777875e-01, 3.583392293241005055e-01
4.215624460851649657e-01, 1.150789316594315742e-01, 1.050362371201278011e-01, 3.583223851352756451e-01
4.215687324388920909e-01, 1.150797325135194255e-01, 1.050459911477948372e-01, 3.583055438997937436e-01
4.215750149662625401e-01, 1.150805388515434985e-01, 1.050557405489063317e-01, 3.582887056332875741e-01
4.215812936761887952e-01, 1.150813506593323515e-01, 1.050654853130892769e-01, 3.582718703513895764e-01
4.215875685775820614e-01, 1.150821679227168048e-01, 1.050752254299699012e-01, 3.582550380697313019e-01
4.215938396793526000e-01, 1.150829906275300657e-01, 1.050849608891738229e-01, 3.582382088039435253e-01
4.216001069904092846e-01, 1.150838187596079365e-01, 1.050946916803262021e-01, 3.582213825696566878e-01
4.216063705196597122e-01, 1.150846523047884956e-01, 1.051044177930514217e-01, 3.582045593825001761e-01
4.216126302760107580e-01, 1.150854912489124304e-01, 1.051141392169736705e-01, 3.581877392581030994e-01
4.216188862683672989e-01, 1.150863355778228708e-01, 1.051238559417162349e-01, 3.581709222120936231e-01
4.216251385056337675e-01, 1.150871852773653753e-01, 1.051335679569021242e-01, 3.581541082600988579e-01
4.216313869967124872e-01, 1.150880403333880697e-01, 1.051432752521537228e-01, 3.581372974177456925e-01
4.216376317505055038e-01, 1.150889007317416196e-01, 1.051529778170930407e-01, 3.581204897006597387e-01
4.216438727759126981e-01, 1.150897664582792301e-01, 1.051626756413416575e-01, 3.581036851244663310e-01
4.216501100818331738e-01, 1.150906374988567432e-01, 1.051723687145205977e-01, 3.580868837047895270e-01
4.216563436771646467e-01, 1.150915138393323600e-01, 1.051820570262505389e-01, 3.580700854572525516e-01
4.216625735708032785e-01, 1.150923954655671683e-01, 1.051917405661517563e-01, 3.580532903974779635e-01
4.216687997716441205e-01, 1.150932823634245872e-01, 1.052014193238440948e-01, 3.580364985410871559e-01
4.216750222885810029e-01, 1.150941745187708670e-01, 1.052110932889471495e-01, 3.580197099037010222e-01
4.216812411305060349e-01, 1.150950719174748255e-01, 1.052207624510800299e-01, 3.580029245009389571e-01
4.216874563063103820e-01, 1.150959745454079031e-01, 1.052304267998617204e-01, 3.579861423484200222e-01
4.216936678248833226e-01, 1.150968823884442188e-01, 1.052400863249106089e-01, 3.579693634617617803e-01
4.216998756951131355e-01, 1.150977954324606950e-01, 1.052497410158449997e-01, 3.579525878565810171e-01
4.217060799258867676e-01, 1.150987136633367935e-01, 1.052593908622829755e-01, 3.579358155484934079e-01
4.217122805260892227e-01, 1.150996370669548213e-01, 1.052690358538421744e-01, 3.579190465531137955e-01
4.217184775046045053e-01, 1.151005656291997359e-01, 1.052786759801400823e-01, 3.579022808860555238e-01
4.217246708703152880e-01, 1.151014993359593813e-01, 1.052883112307941155e-01, 3.578855185629312152e-01
4.217308606321023001e-01, 1.151024381731241830e-01, 1.052979415954212045e-01, 3.578687595993523263e-01
4.217370467988452165e-01, 1.151033821265874391e-01, 1.053075670636383909e-01, 3.578520040109290923e-01
4.217432293794217690e-01, 1.151043311822452925e-01, 1.053171876250623556e-01, 3.578352518132705828e-01
4.217494083827088014e-01, 1.151052853259966896e-01, 1.053268032693097656e-01, 3.578185030219848128e-01
4.217555838175813809e-01, 1.151062445437433246e-01, 1.053364139859970516e-01, 3.578017576526783539e-01
4.217617556929127987e-01, 1.151072088213899031e-01, 1.053460197647406726e-01, 3.577850157209567783e-01
4.217679240175749578e-01, 1.151081781448437119e-01, 1.053556205951568236e-01, 3.577682772424244373e-01
4.217740888004385402e-01, 1.151091525000153548e-01, 1.053652164668619218e-01, 3.577515422326842942e-01
4.217802500503721741e-01, 1.151101318728178363e-01, 1.053748073694719956e-01, 3.577348107073380357e-01
4.217864077762432107e-01, 1.151111162491675194e-01, 1.053843932926033233e-01, 3.577180826819859605e-01
4.217925619869172804e-01, 1.151121056149834038e-01, 1.053939742258719753e-01, 3.577013581722274238e-01
4.217987126912584595e-01, 1.151130999561875146e-01, 1.054035501588941326e-01, 3.576846371936598934e-01
4.218048598981292141e-01, 1.151140992587048745e-01, 1.054131210812860459e-01, 3.576679197618798933e-01
4.218110036163902343e-01, 1.151151035084635316e-01, 1.054226869826639379e-01, 3.576512058924822823e-01
4.218171438549008778e-01, 1.151161126913943927e-01, 1.054322478526440454e-01, 3.576344956010606979e-01
4.218232806225186704e-01, 1.151171267934314457e-01, 1.054418036808428688e-01, 3.576177889032070012e-01
4.218294139280993060e-01, 1.151181458005117730e-01, 1.054513544568768391e-01, 3.576010858145121096e-01
4.218355437804970909e-01, 1.151191696985753299e-01, 1.054609001703626092e-01, 3.575843863505650533e-01
4.218416701885642772e-01, 1.151201984735653605e-01, 1.054704408109168740e-01, 3.575676905269533634e-01
4.218477931611520071e-01, 1.151212321114279818e-01, 1.054799763681566332e-01, 3.575509983592634056e-01
4.218539127071089245e-01, 1.151222705981125166e-01, 1.054895068316989704e-01, 3.575343098630796024e-01
4.218600288352825078e-01, 1.151233139195713545e-01, 1.054990321911611906e-01, 3.575176250539849887e-01
4.218661415545182924e-01, 1.151243620617600494e-01, 1.055085524361608212e-01, 3.575009439475608231e-01
4.218722508736600374e-01, 1.151254150106372914e-01, 1.055180675563156117e-01, 3.574842665593871427e-01
4.218783568015497254e-01, 1.151264727521648379e-01, 1.055275775412435474e-01, 3.574675929050418755e-01
4.218844593470276183e-01, 1.151275352723077489e-01, 1.055370823805629604e-01, 3.574509230001015614e-01
4.218905585189322016e-01, 1.151286025570342347e-01, 1.055465820638924745e-01, 3.574342568601410752e-01
4.218966543260998514e-01, 1.151296745923156839e-01, 1.055560765808508800e-01, 3.574175945007335709e-01
4.219027467773656115e-01, 1.151307513641267322e-01, 1.055655659210574943e-01, 3.574009359374502037e-01
4.219088358815621942e-01, 1.151318328584452766e-01, 1.055750500741318848e-01, 3.573842811858607416e-01
4.219149216475207576e-01, 1.151329190612524200e-01, 1.055845290296939798e-01, 3.573676302615329536e-01
4.219210040840704057e-01, 1.151340099585325544e-01, 1.055940027773641932e-01, 3.573509831800328884e-01
4.219270832000386329e-01, 1.151351055362734438e-01, 1.056034713067632441e-01, 3.573343399569248180e-01
4.219331590042504909e-01, 1.151362057804660305e-01, 1.056129346075123099e-01, 3.573177006077710716e-01
4.219392315055300324e-01, 1.151373106771047122e-01, 1.056223926692330672e-01, 3.573010651481321465e-01
4.219453007126983124e-01, 1.151384202121871342e-01, 1.056318454815476371e-01, 3.572844335935668747e-01
4.219513666345753311e-01, 1.151395343717142861e-01, 1.056412930340785150e-01, 3.572678059596318123e-01
4.219574292799785353e-01, 1.151406531416907381e-01, 1.056507353164489182e-01, 3.572511822618817945e-01
4.219634886577238175e-01, 1.151417765081241412e-01, 1.056601723182823971e-01, 3.572345625158697136e-01
4.219695447766247942e-01, 1.151429044570257271e-01, 1.056696040292031541e-01, 3.572179467371462414e-01
4.219755976454932500e-01, 1.151440369744101549e-01, 1.056790304388359886e-01, 3.572013349412604954e-01
4.219816472731391377e-01, 1.151451740462955536e-01, 1.056884515368061300e-01, 3.571847271437593174e-01
4.219876936683698565e-01, 1.151463156587033965e-01, 1.056978673127395574e-01, 3.571681233601872174e-01
4.219937368399911959e-01, 1.151474617976586678e-01, 1.057072777562628185e-01, 3.571515236060872067e-01
4.219997767968070579e-01, 1.151486124491900020e-01, 1.057166828570031414e-01, 3.571349278969999097e-01
4.220058135476187355e-01, 1.151497675993293085e-01, 1.057260826045883229e-01, 3.571183362484637303e-01
4.220118471012258010e-01, 1.151509272341121604e-01, 1.057354769886469786e-01, 3.571017486760150184e-01
4.220178774664258281e-01, 1.151520913395776696e-01, 1.057448659988083489e-01, 3.570851651951882921e-01
4.220239046520138926e-01, 1.151532599017684455e-01, 1.057542496247023261e-01, 3.570685858215154052e-01
4.220299286667834049e-01, 1.151544329067306777e-01, 1.057636278559597187e-01, 3.570520105705262126e-01
4.220359495195253330e-01, 1.151556103405142750e-01, 1.057730006822119595e-01, 3.570354394577482382e-01
4.220419672190289240e-01, 1.151567921891726715e-01, 1.057823680930913002e-01, 3.570188724987071738e-01
4.220479817740804829e-01, 1.151579784387628536e-01, 1.057917300782308390e-01, 3.570023097089257691e-01
4.220539931934650379e-01, 1.151591690753455965e-01, 1.058010866272643680e-01, 3.569857511039249420e-01
4.220600014859647309e-01, 1.151603640849852006e-01, 1.058104377298266924e-01, 3.569691966992232790e-01
4.220660066603600380e-01, 1.151615634537497546e-01, 1.058197833755533807e-01, 3.569526465103368129e-01
4.220720087254288266e-01, 1.151627671677110110e-01, 1.058291235540808478e-01, 3.569361005527793562e-01
4.220780076899469657e-01, 1.151639752129443584e-01, 1.058384582550464664e-01, 3.569195588420621679e-01
4.220840035626880482e-01, 1.151651875755290849e-01, 1.058477874680885250e-01, 3.569030213936943974e-01
4.220899963524231691e-01, 1.151664042415480593e-01, 1.058571111828462696e-01, 3.568864882231824742e-01
4.220959860679216469e-01, 1.151676251970880221e-01, 1.058664293889598762e-01, 3.568699593460305519e-01
4.221019727179501357e-01, 1.151688504282394193e-01, 1.058757420760703949e-01, 3.568534347777400084e-01
4.221079563112731248e-01, 1.151700799210965409e-01, 1.058850492338201110e-01, 3.568369145338102233e-01
4.221139368566527161e-01, 1.151713136617574934e-01, 1.058943508518522120e-01, 3.568203986297375230e-01
4.221199143628487915e-01, 1.151725516363241997e-01, 1.059036469198108288e-01, 3.568038870810160690e-01
4.221258888386190122e-01, 1.151737938309025100e-01, 1.059129374273412583e-01, 3.567873799031371362e-01
4.221318602927184305e-01, 1.151750402316019939e-01, 1.059222223640899352e-01, 3.567708771115896127e-01
4.221378287338997670e-01, 1.151762908245362038e-01, 1.059315017197042658e-01, 3.567543787218598328e-01
4.221437941709135222e-01, 1.151775455958225780e-01, 1.059407754838327664e-01, 3.567378847494311334e-01
4.221497566125076428e-01, 1.151788045315825376e-01, 1.059500436461252443e-01, 3.567213952097846308e-01
4.221557160674278553e-01, 1.151800676179413063e-01, 1.059593061962325333e-01, 3.567049101183982773e-01
4.221616725444173324e-01, 1.151813348410281601e-01, 1.059685631238067444e-01, 3.566884294907477493e-01
4.221676260522168600e-01, 1.151826061869763579e-01, 1.059778144185010568e-01, 3.566719533423056698e-01
4.221735765995648371e-01, 1.151838816419230443e-01, 1.059870600699700099e-01, 3.566554816885421086e-01
4.221795241951969979e-01, 1.151851611920095414e-01, 1.059963000678692813e-01, 3.566390145449242488e-01
4.221854688478468565e-01, 1.151864448233810012e-01, 1.060055344018558804e-01, 3.566225519269163313e-01
4.221914105662451511e-01, 1.151877325221867254e-01, 1.060147630615880660e-01, 3.566060938499800437e-01
4.221973493591206217e-01, 1.151890242745801235e-01, 1.060239860367253872e-01, 3.565896403295738537e-01
4.222032852351988441e-01, 1.151903200667185878e-01, 1.060332033169287119e-01, 3.565731913811539533e-01
4.222092182032032848e-01, 1.151916198847635769e-01, 1.060424148918602816e-01, 3.565567470201728706e-01
4.222151482718547455e-01, 1.151929237148808099e-01, 1.060516207511837533e-01, 3.565403072620808023e-01
4.222210754498714746e-01, 1.151942315432399749e-01, 1.060608208845639638e-01, 3.565238721223245033e-01
4.222269997459692781e-01, 1.151955433560149650e-01, 1.060700152816674013e-01, 3.565074416163482862e-01
4.222329211688611306e-01, 1.151968591393839475e-01, 1.060792039321618446e-01, 3.564910157595930773e-01
4.222388397272576199e-01, 1.151981788795290867e-01, 1.060883868257164880e-01, 3.564745945674968608e-01
4.222447554298665584e-01, 1.151995025626368768e-01, 1.060975639520020664e-01, 3.564581780554945678e-01
4.222506682853931492e-01, 1.152008301748979058e-01, 1.061067353006907854e-01, 3.564417662390181318e-01
4.222565783025401531e-01, 1.152021617025072164e-01, 1.061159008614563221e-01, 3.564253591334963223e-01
4.222624854900074998e-01, 1.152034971316638484e-01, 1.061250606239738659e-01, 3.564089567543548553e-01
4.222683898564923433e-01, 1.152048364485712267e-01, 1.061342145779202578e-01, 3.563925591170161722e-01
4.222742914106895062e-01, 1.152061796394371063e-01, 1.061433627129737406e-01, 3.563761662368996053e-01
4.222801901612906472e-01, 1.152075266904735162e-01, 1.061525050188143054e-01, 3.563597781294214895e-01
4.222860861169852043e-01, 1.152088775878967047e-01, 1.061616414851234702e-01, 3.563433948099947179e-01
4.222919792864593957e-01, 1.152102323179274579e-01, 1.061707721015843486e-01, 3.563270162940287977e-01
4.222978696783970531e-01, 1.152115908667907251e-01, 1.061798968578817892e-01, 3.563106425969303492e-01
4.223037573014792323e-01, 1.152129532207159940e-01, 1.061890157437022503e-01, 3.562942737341023847e-01
4.223096421643841580e-01, 1.152143193659369846e-01, 1.061981287487339248e-01, 3.562779097209449741e-01
4.223155242757868910e-01, 1.152156892886919831e-01, 1.062072358626666574e-01, 3.562615505728544685e-01
4.223214036443603825e-01, 1.152170629752236053e-01, 1.062163370751920272e-01, 3.562451963052238879e-01
4.223272802787744751e-01, 1.152184404117789912e-01, 1.062254323760034314e-01, 3.562288469334431440e-01
4.223331541876958473e-01, 1.152198215846096246e-01, 1.062345217547960158e-01, 3.562125024728985401e-01
4.223390253797887905e-01, 1.152212064799715552e-01, 1.062436052012666887e-01, 3.561961629389728823e-01
4.223448938637146544e-01, 1.152225950841254121e-01, 1.062526827051141348e-01, 3.561798283470457571e-01
4.223507596481316795e-01, 1.152239873833361544e-01, 1.062617542560390232e-01, 3.561634987124930873e-01
4.223566227416956642e-01, 1.152253833638734321e-01, 1.062708198437437440e-01, 3.561471740506872985e-01
4.223624831530589097e-01, 1.152267830120114050e-01, 1.062798794579325329e-01, 3.561308543769972079e-01
4.223683408908712744e-01, 1.152281863140287299e-01, 1.062889330883117073e-01, 3.561145397067883023e-01
4.223741959637796195e-01, 1.152295932562087816e-01, 1.062979807245892916e-01, 3.560982300554222935e-01
4.223800483804276973e-01, 1.152310038248394869e-01, 1.063070223564754058e-01, 3.560819254382574517e-01
4.223858981494563736e-01, 1.152324180062133246e-01, 1.063160579736820571e-01, 3.560656258706483834e-01
4.223917452795035721e-01, 1.152338357866275059e-01, 1.063250875659232098e-01, 3.560493313679456984e-01
4.223975897792043854e-01, 1.152352571523839186e-01, 1.063341111229149233e-01, 3.560330419454967865e-01
4.224034316571904646e-01, 1.152366820897890859e-01, 1.063431286343752002e-01, 3.560167576186452076e-01
4.224092709220910735e-01, 1.152381105851541798e-01, 1.063521400900240832e-01, 3.560004784027306357e-01
4.224151075825318680e-01, 1.152395426247952714e-01, 1.063611454795837241e-01, 3.559842043130891365e-01
4.224209416471357836e-01, 1.152409781950328865e-01, 1.063701447927783844e-01, 3.559679353650529454e-01
4.224267731245225366e-01, 1.152424172821925469e-01, 1.063791380193342684e-01, 3.559516715739505788e-01
4.224326020233089563e-01, 1.152438598726044372e-01, 1.063881251489799673e-01, 3.559354129551066115e-01
4.224384283521087635e-01, 1.152453059526035717e-01, 1.063971061714460015e-01, 3.559191595238417327e-01
4.224442521195321820e-01, 1.152467555085296830e-01, 1.064060810764651532e-01, 3.559029112954729679e-01
4.224500733341870484e-01, 1.152482085267274164e-01, 1.064150498537723144e-01, 3.558866682853131236e-01
4.224558920046774246e-01, 1.152496649935462608e-01, 1.064240124931048193e-01, 3.558704305086715092e-01
4.224617081396044860e-01, 1.152511248953405620e-01, 1.064329689842019727e-01, 3.558541979808531597e-01
4.224675217475661881e-01, 1.152525882184694400e-01, 1.064419193168053557e-01, 3.558379707171589468e-01
4.224733328371575447e-01, 1.152540549492970245e-01, 1.064508634806590887e-01, 3.558217487328862449e-01
4.224791414169700721e-01, 1.152555250741923581e-01, 1.064598014655092767e-01, 3.558055320433282653e-01
4.224849474955922890e-01, 1.152569985795293683e-01, 1.064687332611044535e-01, 3.557893206637739447e-01
4.224907510816092726e-01, 1.152584754516869647e-01, 1.064776588571955535e-01, 3.557731146095081676e-01
4.224965521836030469e-01, 1.152599556770489836e-01, 1.064865782435357733e-01, 3.557569138958120436e-01
4.225023508101525826e-01, 1.152614392420043266e-01, 1.064954914098808492e-01, 3.557407185379621861e-01
4.225081469698332426e-01, 1.152629261329468635e-01, 1.065043983459886962e-01, 3.557245285512312671e-01
4.225139406712171142e-01, 1.152644163362754187e-01, 1.065132990416197689e-01, 3.557083439508876288e-01
4.225197319228733428e-01, 1.152659098383939928e-01, 1.065221934865370618e-01, 3.556921647521955610e-01
4.225255207333675211e-01, 1.152674066257115271e-01, 1.065310816705058172e-01, 3.556759909704152456e-01
4.225313071112618002e-01, 1.152689066846421390e-01, 1.065399635832939285e-01, 3.556598226208020908e-01
4.225370910651153333e-01, 1.152704100016049560e-01, 1.065488392146718422e-01, 3.556436597186078408e-01
4.225428726034838323e-01, 1.152719165630242959e-01, 1.065577085544123087e-01, 3.556275022790797435e-01
4.225486517349192339e-01, 1.152734263553295696e-01, 1.065665715922907847e-01, 3.556113503174603840e-01
4.225544284679708107e-01, 1.152749393649553367e-01, 1.065754283180853634e-01, 3.555952038489884615e-01
4.225602028111838382e-01, 1.152764555783413886e-01, 1.065842787215766363e-01, 3.555790628888981231e-01
4.225659747731005389e-01, 1.152779749819326516e-01, 1.065931227925478036e-01, 3.555629274524190753e-01
4.225717443622595826e-01, 1.152794975621792145e-01, 1.066019605207846610e-01, 3.555467975547766390e-01
4.225775115871960863e-01, 1.152810233055364952e-01, 1.066107918960758072e-01, 3.555306732111915835e-01
4.225832764564421140e-01, 1.152825521984651019e-01, 1.066196169082124362e-01, 3.555145544368802923e-01
4.225890389785257883e-01, 1.152840842274309163e-01, 1.066284355469884204e-01, 3.554984412470548194e-01
4.225947991619721233e-01, 1.152856193789051076e-01, 1.066372478022003800e-01, 3.554823336569223891e-01
4.226005570153024693e-01, 1.152871576393641462e-01, 1.066460536636476969e-01, 3.554662316816857848e-01
4.226063125470345683e-01, 1.152886989952897900e-01, 1.066548531211324313e-01, 3.554501353365432381e-01
4.226120657656828317e-01, 1.152902434331691678e-01, 1.066636461644596551e-01, 3.554340446366883732e-01
4.226178166797580071e-01, 1.152917909394947787e-01, 1.066724327834369102e-01, 3.554179595973102068e-01
4.226235652977676782e-01, 1.152933415007644791e-01, 1.066812129678749027e-01, 3.554018802335930372e-01
4.226293116282150431e-01, 1.152948951034814401e-01, 1.066899867075869340e-01, 3.553858065607166106e-01
4.226350556796005242e-01, 1.152964517341544121e-01, 1.066987539923894002e-01, 3.553697385938556219e-01
4.226407974604205475e-01, 1.152980113792974187e-01, 1.067075148121013201e-01, 3.553536763481807137e-01
4.226465369791679860e-01, 1.152995740254300766e-01, 1.067162691565449739e-01, 3.553376198388569218e-01
4.226522742443322711e-01, 1.153011396590772619e-01, 1.067250170155452926e-01, 3.553215690810452299e-01
4.226580092643987818e-01, 1.153027082667695685e-01, 1.067337583789302324e-01, 3.553055240899014033e-01
4.226637420478497331e-01, 1.153042798350429748e-01, 1.067424932365308304e-01, 3.552894848805763783e-01
4.226694726031633431e-01, 1.153058543504390104e-01, 1.067512215781810936e-01, 3.552734514682165390e-01
4.226752009388142772e-01, 1.153074317995047143e-01, 1.067599433937179709e-01, 3.552574238679631624e-01
4.226809270632734261e-01, 1.153090121687926628e-01, 1.067686586729815340e-01, 3.552414020949524187e-01
4.226866509850080167e-01, 1.153105954448611498e-01, 1.067773674058148659e-01, 3.552253861643158706e-01
4.226923727124816121e-01, 1.153121816142739509e-01, 1.067860695820642553e-01, 3.552093760911801956e-01
4.226980922541537233e-01, 1.153137706636004484e-01, 1.067947651915789747e-01, 3.551933718906667981e-01
4.227038096184805860e-01, 1.153153625794157283e-01, 1.068034542242114610e-01, 3.551773735778920860e-01
4.227095248139144945e-01, 1.153169573483005250e-01, 1.068121366698173841e-01, 3.551613811679675825e-01
4.227152378489035800e-01, 1.153185549568411655e-01, 1.068208125182555229e-01, 3.551453946759997038e-01
4.227209487318926429e-01, 1.153201553916297639e-01, 1.068294817593878065e-01, 3.551294141170898144e-01
4.227266574713225422e-01, 1.153217586392641242e-01, 1.068381443830795224e-01, 3.551134395063338389e-01
4.227323640756301404e-01, 1.153233646863476847e-01, 1.068468003791990667e-01, 3.550974708588232609e-01
4.227380685532485805e-01, 1.153249735194897679e-01, 1.068554497376182078e-01, 3.550815081896435688e-01
4.227437709126070642e-01, 1.153265851253053587e-01, 1.068640924482119059e-01, 3.550655515138756990e-01
4.227494711621311296e-01, 1.153281994904153812e-01, 1.068727285008585492e-01, 3.550496008465949815e-01
4.227551693102422070e-01, 1.153298166014463527e-01, 1.068813578854397039e-01, 3.550336562028717502e-01
4.227608653653580073e-01, 1.153314364450307716e-01, 1.068899805918404194e-01, 3.550177175977708988e-01
4.227665593358919671e-01, 1.153330590078069373e-01, 1.068985966099490481e-01, 3.550017850463522140e-01
4.227722512302539148e-01, 1.153346842764188945e-01, 1.069072059296573285e-01, 3.549858585636698205e-01
4.227779410568497376e-01, 1.153363122375168082e-01, 1.069158085408605519e-01, 3.549699381647728469e-01
4.227836288240811591e-01, 1.153379428777565746e-01, 1.069244044334572152e-01, 3.549540238647049262e-01
4.227893145403460173e-01, 1.153395761838000577e-01, 1.069329935973495210e-01, 3.549381156785043068e-01
4.227949982140383201e-01, 1.153412121423149916e-01, 1.069415760224430439e-01, 3.549222136212037415e-01
4.228006798535475785e-01, 1.153428507399751335e-01, 1.069501516986467449e-01, 3.549063177078305431e-01
4.228063594672598069e-01, 1.153444919634602495e-01, 1.069587206158734288e-01, 3.548904279534065842e-01
4.228120370635566894e-01, 1.153461357994559622e-01, 1.069672827640390234e-01, 3.548745443729482418e-01
4.228177126508159689e-01, 1.153477822346541254e-01, 1.069758381330634667e-01, 3.548586669814663419e-01
4.228233862374113361e-01, 1.153494312557523938e-01, 1.069843867128699999e-01, 3.548427957939663258e-01
4.228290578317121517e-01, 1.153510828494546392e-01, 1.069929284933855695e-01, 3.548269308254476395e-01
4.228347274420840018e-01, 1.153527370024706733e-01, 1.070014634645407858e-01, 3.548110720909044558e-01
4.228403950768883646e-01, 1.153543937015165527e-01, 1.070099916162699366e-01, 3.547952196053251739e-01
4.228460607444821107e-01, 1.153560529333142459e-01, 1.070185129385108486e-01, 3.547793733836927532e-01
4.228517244532185027e-01, 1.153577146845920637e-01, 1.070270274212052619e-01, 3.547635334409841579e-01
4.228573862114464732e-01, 1.153593789420842841e-01, 1.070355350542984835e-01, 3.547476997921708008e-01
4.228630460275106251e-01, 1.153610456925314443e-01, 1.070440358277396226e-01, 3.547318724522184330e-01
4.228687039097513978e-01, 1.153627149226802845e-01, 1.070525297314815771e-01, 3.547160514360866435e-01
4.228743598665054004e-01, 1.153643866192836792e-01, 1.070610167554810477e-01, 3.547002367587298588e-01
4.228800139061045238e-01, 1.153660607691006923e-01, 1.070694968896985372e-01, 3.546844284350962884e-01
4.228856660368767173e-01, 1.153677373588967436e-01, 1.070779701240984066e-01, 3.546686264801282573e-01
4.228913162671455450e-01, 1.153694163754435259e-01, 1.070864364486487780e-01, 3.546528309087622621e-01
4.228969646052302966e-01, 1.153710978055188519e-01, 1.070948958533217421e-01, 3.546370417359291372e-01
4.229026110594461541e-01, 1.153727816359069597e-01, 1.071033483280933174e-01, 3.546212589765537215e-01
4.229082556381038027e-01, 1.153744678533983881e-01, 1.071117938629434080e-01, 3.546054826455544706e-01
4.229138983495097093e-01, 1.153761564447899624e-01, 1.071202324478558732e-01, 3.545897127578443442e-01
4.229195392019661215e-01, 1.153778473968849888e-01, 1.071286640728186107e-01, 3.545739493283303068e-01
4.229251782037706242e-01, 1.153795406964929354e-01, 1.071370887278233625e-01, 3.545581923719129391e-01
4.229308153632169720e-01, 1.153812363304298899e-01, 1.071455064028660059e-01, 3.545424419034871044e-01
4.229364506885940345e-01, 1.153829342855182266e-01, 1.071539170879464292e-01, 3.545266979379413375e-01
4.229420841881862403e-01, 1.153846345485868008e-01, 1.071623207730686145e-01, 3.545109604901582889e-01
4.229477158702743544e-01, 1.153863371064708793e-01, 1.071707174482405961e-01, 3.544952295750142812e-01
4.229533457431339238e-01, 1.153880419460121959e-01, 1.071791071034744192e-01, 3.544795052073795305e-01
4.229589738150363321e-01, 1.153897490540590626e-01, 1.071874897287864725e-01, 3.544637874021180912e-01
4.229646000942486883e-01, 1.153914584174662167e-01, 1.071958653141971418e-01, 3.544480761740880226e-01
4.229702245890335499e-01, 1.153931700230949042e-01, 1.072042338497309621e-01, 3.544323715381406670e-01
4.229758473076487557e-01, 1.153948838578130326e-01, 1.072125953254167569e-01, 3.544166735091213716e-01
4.229814682583481478e-01, 1.153965999084950039e-01, 1.072209497312875959e-01, 3.544009821018692663e-01
4.229870874493806276e-01, 1.153983181620218124e-01, 1.072292970573806431e-01, 3.543852973312170973e-01
4.229927048889904895e-01, 1.154000386052809884e-01, 1.072376372937374339e-01, 3.543696192119910604e-01
4.229983205854179751e-01, 1.154017612251668767e-01, 1.072459704304038058e-01, 3.543539477590113007e-01
4.230039345468985523e-01, 1.154034860085802611e-01, 1.072542964574298291e-01, 3.543382829870914130e-01
4.230095467816628596e-01, 1.154052129424287809e-01, 1.072626153648699870e-01, 3.543226249110385528e-01
4.230151572979372609e-01, 1.154069420136264457e-01, 1.072709271427829958e-01, 3.543069735456533254e-01
4.230207661039434019e-01, 1.154086732090944117e-01, 1.072792317812320539e-01, 3.542913289057300075e-01
4.230263732078984873e-01, 1.154104065157602194e-01, 1.072875292702847733e-01, 3.542756910060564368e-01
4.230319786180148367e-01, 1.154121419205583338e-01, 1.072958196000131231e-01, 3.542600598614137342e-01
4.230375823425001625e-01, 1.154138794104297983e-01, 1.073041027604934583e-01, 3.542444354865765255e-01
4.230431843895577360e-01, 1.154156189723226089e-01, 1.073123787418068104e-01, 3.542288178963128309e-01
4.230487847673859991e-01, 1.154173605931914925e-01, 1.073206475340384852e-01, 3.542132071053840647e-01
4.230543834841786199e-01, 1.154191042599980038e-01, 1.073289091272783824e-01, 3.541976031285451465e-01
4.230599805481246589e-01, 1.154208499597104698e-01, 1.073371635116208839e-01, 3.541820059805440568e-01
4.230655759674084582e-01, 1.154225976793042258e-01, 1.073454106771650901e-01, 3.541664156761222260e-01
4.230711697502097524e-01, 1.154243474057613655e-01, 1.073536506140145147e-01, 3.541508322300144229e-01
4.230767619047032246e-01, 1.154260991260708663e-01, 1.073618833122773064e-01, 3.541352556569485888e-01
4.230823524390590618e-01, 1.154278528272287829e-01, 1.073701087620662492e-01, 3.541196859716458367e-01
4.230879413614425655e-01, 1.154296084962378871e-01, 1.073783269534988871e-01, 3.541041231888207297e-01
4.230935286800142081e-01, 1.154313661201080699e-01, 1.073865378766971912e-01, 3.540885673231806696e-01
4.230991144029296880e-01, 1.154331256858560362e-01, 1.073947415217880313e-01, 3.540730183894262306e-01
4.231046985383398740e-01, 1.154348871805057630e-01, 1.074029378789028988e-01, 3.540574764022514920e-01
4.231102810943908055e-01, 1.154366505910878749e-01, 1.074111269381781419e-01, 3.540419413763431500e-01
4.231158620792236369e-01, 1.154384159046403374e-01, 1.074193086897546612e-01, 3.540264133263812951e-01
4.231214415009746932e-01, 1.154401831082080415e-01, 1.074274831237782973e-01, 3.540108922670388569e-01
4.231270193677754698e-01, 1.154419521888429279e-01, 1.074356502303996375e-01, 3.539953782129819371e-01
4.231325956877523553e-01, 1.154437231336040426e-01, 1.074438099997742091e-01, 3.539798711788694208e-01
4.231381704690269085e-01, 1.154454959295576344e-01, 1.074519624220621888e-01, 3.539643711793532543e-01
4.231437437197159146e-01, 1.154472705637769464e-01, 1.074601074874287354e-01, 3.539488782290784452e-01
4.231493154479309959e-01, 1.154490470233424937e-01, 1.074682451860439897e-01, 3.539333923426826178e-01
4.231548856617787790e-01, 1.154508252953418412e-01, 1.074763755080828664e-01, 3.539179135347965133e-01
4.231604543693612830e-01, 1.154526053668698538e-01, 1.074844984437252488e-01, 3.539024418200435451e-01
4.231660215787751422e-01, 1.154543872250285569e-01, 1.074926139831560851e-01, 3.538869772130401881e-01
4.231715872981121618e-01, 1.154561708569271372e-01, 1.075007221165652505e-01, 3.538715197283955338e-01
4.231771515354589841e-01, 1.154579562496821782e-01, 1.075088228341475743e-01, 3.538560693807112356e-01
4.231827142988973667e-01, 1.154597433904174242e-01, 1.075169161261030348e-01, 3.538406261845821743e-01
4.231882755965039600e-01, 1.154615322662639332e-01, 1.075250019826365505e-01, 3.538251901545956812e-01
4.231938354363502519e-01, 1.154633228643600212e-01, 1.075330803939581747e-01, 3.538097613053315382e-01
4.231993938265027899e-01, 1.154651151718514845e-01, 1.075411513502830541e-01, 3.537943396513626437e-01
4.232049507750230144e-01, 1.154669091758912525e-01, 1.075492148418315669e-01, 3.537789252072541246e-01
4.232105062899671477e-01, 1.154687048636398594e-01, 1.075572708588289628e-01, 3.537635179875640579e-01
4.232160603793861386e-01, 1.154705022222649868e-01, 1.075653193915060424e-01, 3.537481180068428044e-01
4.232216130513262176e-01, 1.154723012389418518e-01, 1.075733604300984497e-01, 3.537327252796334531e-01
4.232271643138281192e-01, 1.154741019008530822e-01, 1.075813939648471579e-01, 3.537173398204716546e-01
4.232327141749274158e-01, 1.154759041951887721e-01, 1.075894199859985662e-01, 3.537019616438851766e-01
4.232382626426546279e-01, 1.154777081091463986e-01, 1.075974384838040560e-01, 3.536865907643948481e-01
4.232438097250350029e-01, 1.154795136299309466e-01, 1.076054494485205043e-01, 3.536712271965133936e-01
4.232493554300885141e-01, 1.154813207447550893e-01, 1.076134528704099647e-01, 3.536558709547464319e-01
4.232548997658298617e-01, 1.154831294408387027e-01, 1.076214487397398611e-01, 3.536405220535915883e-01
4.232604427402686387e-01, 1.154849397054094062e-01, 1.076294370467829609e-01, 3.536251805075388277e-01
4.232659843614093864e-01, 1.154867515257023830e-01, 1.076374177818175126e-01, 3.536098463310707318e-01
4.232715246372504847e-01, 1.154885648889603100e-01, 1.076453909351269833e-01, 3.535945195386621109e-01
4.232770635757860944e-01, 1.154903797824335804e-01, 1.076533564970004464e-01, 3.535792001447798927e-01
4.232826011850042702e-01, 1.154921961933800811e-01, 1.076613144577322490e-01, 3.535638881638835107e-01
4.232881374728880708e-01, 1.154940141090654016e-01, 1.076692648076223446e-01, 3.535485836104241275e-01
4.232936724474152812e-01, 1.154958335167628330e-01, 1.076772075369760995e-01, 3.535332864988458001e-01
4.232992061165580244e-01, 1.154976544037532860e-01, 1.076851426361043890e-01, 3.535179968435841480e-01
4.233047384882835384e-01, 1.154994767573253867e-01, 1.076930700953237230e-01, 3.535027146590672964e-01
4.233102695705531215e-01, 1.155013005647754915e-01, 1.077009899049560931e-01, 3.534874399597153771e-01
4.233157993713229095e-01, 1.155031258134076727e-01, 1.077089020553290144e-01, 3.534721727599404728e-01
4.233213278985437089e-01, 1.155049524905337882e-01, 1.077168065367757471e-01, 3.534569130741468945e-01
4.233268551601604979e-01, 1.155067805834735090e-01, 1.077247033396350473e-01, 3.534416609167308487e-01
4.233323811641135359e-01, 1.155086100795542497e-01, 1.077325924542515412e-01, 3.534264163020808258e-01
4.233379059183368098e-01, 1.155104409661111969e-01, 1.077404738709751703e-01, 3.534111792445767675e-01
4.233434294307594215e-01, 1.155122732304875166e-01, 1.077483475801619683e-01, 3.533959497585911769e-01
4.233489517093044774e-01, 1.155141068600340770e-01, 1.077562135721733816e-01, 3.533807278584880640e-01
4.233544727618899217e-01, 1.155159418421097817e-01, 1.077640718373767820e-01, 3.533655135586234453e-01
4.233599925964281474e-01, 1.155177781640812917e-01, 1.077719223661452869e-01, 3.533503068733453989e-01
4.233655112208258298e-01, 1.155196158133232343e-01, 1.077797651488576341e-01, 3.533351078169932880e-01
4.233710286429841485e-01, 1.155214547772182715e-01, 1.077876001758986818e-01, 3.533199164038988704e-01
4.233765448707987322e-01, 1.155232950431568512e-01, 1.077954274376588389e-01, 3.533047326483854667e-01
4.233820599121597139e-01, 1.155251365985374978e-01, 1.078032469245345654e-01, 3.532895565647681813e-01
4.233875737749513424e-01, 1.155269794307667297e-01, 1.078110586269280385e-01, 3.532743881673537367e-01
4.233930864670527039e-01, 1.155288235272590863e-01, 1.078188625352475560e-01, 3.532592274704406399e-01
4.233985979963365565e-01, 1.155306688754370592e-01, 1.078266586399071331e-01, 3.532440744883192374e-01
4.234041083706707731e-01, 1.155325154627313833e-01, 1.078344469313268217e-01, 3.532289292352711052e-01
4.234096175979168430e-01, 1.155343632765806205e-01, 1.078422273999327247e-01, 3.532137917255697701e-01
4.234151256859311485e-01, 1.155362123044316180e-01, 1.078500000361567873e-01, 3.531986619734803767e-01
4.234206326425641320e-01, 1.155380625337393136e-01, 1.078577648304370890e-01, 3.531835399932594100e-01
4.234261384756604629e-01, 1.155399139519666940e-01, 1.078655217732178151e-01, 3.531684257991551390e-01
4.234316431930590929e-01, 1.155417665465849064e-01, 1.078732708549489799e-01, 3.531533194054068958e-01
4.234371468025935337e-01, 1.155436203050734384e-01, 1.078810120660869815e-01, 3.531382208262461853e-01
4.234426493120908574e-01, 1.155454752149197573e-01, 1.078887453970941018e-01, 3.531231300758952418e-01
4.234481507293730851e-01, 1.155473312636196848e-01, 1.078964708384389098e-01, 3.531080471685683064e-01
4.234536510622560757e-01, 1.155491884386772722e-01, 1.079041883805960250e-01, 3.530929721184706827e-01
4.234591503185499151e-01, 1.155510467276047032e-01, 1.079118980140462702e-01, 3.530779049397990699e-01
4.234646485060589716e-01, 1.155529061179225020e-01, 1.079195997292768106e-01, 3.530628456467417298e-01
4.234701456325815627e-01, 1.155547665971596305e-01, 1.079272935167808617e-01, 3.530477942534779867e-01
4.234756417059103994e-01, 1.155566281528530997e-01, 1.079349793670579538e-01, 3.530327507741785054e-01
4.234811367338321419e-01, 1.155584907725485111e-01, 1.079426572706140147e-01, 3.530177152230052906e-01
4.234866307241277328e-01, 1.155603544437996122e-01, 1.079503272179610507e-01, 3.530026876141115211e-01
4.234921236845720083e-01, 1.155622191541686994e-01, 1.079579891996175073e-01, 3.529876679616417712e-01
4.234976156229340871e-01, 1.155640848912262986e-01, 1.079656432061082832e-01, 3.529726562797314005e-01
4.235031065469769818e-01, 1.155659516425514288e-01, 1.079732892279643836e-01, 3.529576525825071642e-01
4.235085964644578760e-01, 1.155678193957316302e-01, 1.079809272557234745e-01, 3.529426568840869916e-01
4.235140853831279029e-01, 1.155696881383627000e-01, 1.079885572799294952e-01, 3.529276691985798187e-01
4.235195733107324223e-01, 1.155715578580490677e-01, 1.079961792911328100e-01, 3.529126895400855890e-01
4.235250602550105770e-01, 1.155734285424036417e-01, 1.080037932798903616e-01, 3.528977179226955307e-01
4.235305462236954588e-01, 1.155753001790477130e-01, 1.080113992367654208e-01, 3.528827543604913797e-01
4.235360312245144421e-01, 1.155771727556112599e-01, 1.080189971523279197e-01, 3.528677988675464339e-01
4.235415152651884618e-01, 1.155790462597327817e-01, 1.080265870171541603e-01, 3.528528514579246100e-01
4.235469983534329019e-01, 1.155809206790592014e-01, 1.080341688218272034e-01, 3.528379121456807210e-01
4.235524804969564294e-01, 1.155827960012463101e-01, 1.080417425569365208e-01, 3.528229809448606979e-01
4.235579617034623268e-01, 1.155846722139582117e-01, 1.080493082130781768e-01, 3.528080578695012570e-01
4.235634419806472706e-01, 1.155865493048679055e-01, 1.080568657808550631e-01, 3.527931429336297886e-01
4.235689213362019423e-01, 1.155884272616568148e-01, 1.080644152508764277e-01, 3.527782361512648568e-01
4.235743997778110281e-01, 1.155903060720152031e-01, 1.080719566137584853e-01, 3.527633375364153667e-01
4.235798773131528305e-01, 1.155921857236419381e-01, 1.080794898601238896e-01, 3.527484471030812863e-01
4.235853539498998233e-01, 1.155940662042446859e-01, 1.080870149806021224e-01, 3.527335648652533129e-01
4.235908296957179853e-01, 1.155959475015396892e-01, 1.080945319658295073e-01, 3.527186908369128182e-01
4.235963045582673558e-01, 1.155978296032521002e-01, 1.081020408064489596e-01, 3.527038250320316815e-01
4.236017785452013684e-01, 1.155997124971158141e-01, 1.081095414931102366e-01, 3.526889674645725670e-01
4.236072516641677388e-01, 1.156015961708733719e-01, 1.081170340164700205e-01, 3.526741181484889243e-01
4.236127239228077990e-01, 1.156034806122763353e-01, 1.081245183671915994e-01, 3.526592770977243774e-01
4.236181953287561641e-01, 1.156053658090849673e-01, 1.081319945359453527e-01, 3.526444443262135575e-01
4.236236658896417873e-01, 1.156072517490684126e-01, 1.081394625134083909e-01, 3.526296198478813260e-01
4.236291356130871821e-01, 1.156091384200047256e-01, 1.081469222902647909e-01, 3.526148036766433291e-01
4.236346045067084232e-01, 1.156110258096807591e-01, 1.081543738572055130e-01, 3.525999958264053880e-01
4.236400725781153120e-01, 1.156129139058923588e-01, 1.081618172049285814e-01, 3.525851963110638865e-01
4.236455398349111001e-01, 1.156148026964442938e-01, 1.081692523241387510e-01, 3.525704051445057718e-01
4.236510062846933211e-01, 1.156166921691502564e-01, 1.081766792055480625e-01, 3.525556223406083878e-01
4.236564719350525143e-01, 1.156185823118329042e-01, 1.081840978398754261e-01, 3.525408479132391970e-01
4.236619367935730573e-01, 1.156204731123239016e-01, 1.081915082178467880e-01, 3.525260818762561144e-01
4.236674008678332770e-01, 1.156223645584639609e-01, 1.081989103301951721e-01, 3.525113242435076732e-01
4.236728641654043392e-01, 1.156242566381027459e-01, 1.082063041676606940e-01, 3.524965750288321376e-01
4.236783266938515813e-01, 1.156261493390990241e-01, 1.082136897209906995e-01, 3.524818342460585563e-01
4.236837884607338456e-01, 1.156280426493206531e-01, 1.082210669809394593e-01, 3.524671019090059865e-01
4.236892494736034243e-01, 1.156299365566444970e-01, 1.082284359382685440e-01, 3.524523780314834931e-01
4.236947097400060591e-01, 1.156318310489566764e-01, 1.082357965837466712e-01, 3.524376626272906488e-01
4.237001692674809417e-01, 1.156337261141522216e-01, 1.082431489081497333e-01, 3.524229557102171451e-01
4.237056280635609906e-01, 1.156356217401355302e-01, 1.082504929022609780e-01, 3.524082572940424596e-01
4.237110861357726299e-01, 1.156375179148200760e-01, 1.082578285568707582e-01, 3.523935673925364664e-01
4.237165434916356221e-01, 1.156394146261284506e-01, 1.082651558627767824e-01, 3.523788860194590478e-01
4.237220001386631241e-01, 1.156413118619926961e-01, 1.082724748107840029e-01, 3.523642131885602047e-01
4.237274560843617421e-01, 1.156432096103536949e-01, 1.082797853917046860e-01, 3.523495489135797243e-01
4.237329113362319211e-01, 1.156451078591620441e-01, 1.082870875963586471e-01, 3.523348932082474572e-01
4.237383659017666671e-01, 1.156470065963771943e-01, 1.082943814155727102e-01, 3.523202460862833729e-01
4.237438197884532687e-01, 1.156489058099681305e-01, 1.083016668401814431e-01, 3.523056075613971161e-01
4.237492730037718536e-01, 1.156508054879131081e-01, 1.083089438610266020e-01, 3.522909776472884502e-01
4.237547255551960546e-01, 1.156527056181996249e-01, 1.083162124689574651e-01, 3.522763563576468693e-01
4.237601774501929541e-01, 1.156546061888246435e-01, 1.083234726548308047e-01, 3.522617437061517087e-01
4.237656286962226404e-01, 1.156565071877943829e-01, 1.083307244095107758e-01, 3.522471397064720899e-01
4.237710793007390397e-01, 1.156584086031245545e-01, 1.083379677238691663e-01, 3.522325443722671978e-01
4.237765292711888621e-01, 1.156603104228402651e-01, 1.083452025887852166e-01, 3.522179577171855591e-01
4.237819786150124335e-01, 1.156622126349759472e-01, 1.083524289951457303e-01, 3.522033797548658196e-01
4.237874273396432523e-01, 1.156641152275756090e-01, 1.083596469338451718e-01, 3.521888104989360779e-01
4.237928754525080444e-01, 1.156660181886926264e-01, 1.083668563957854575e-01, 3.521742499630139966e-01
4.237983229610266522e-01, 1.156679215063899507e-01, 1.083740573718762479e-01, 3.521596981607072463e-01
4.238037698726124236e-01, 1.156698251687399703e-01, 1.083812498530347807e-01, 3.521451551056127838e-01
4.238092161946718228e-01, 1.156717291638246770e-01, 1.083884338301860512e-01, 3.521306208113174629e-01
4.238146619346043753e-01, 1.156736334797355131e-01, 1.083956092942626737e-01, 3.521160952913974795e-01
4.238201070998027786e-01, 1.156755381045736497e-01, 1.084027762362049646e-01, 3.521015785594184266e-01
4.238255516976532911e-01, 1.156774430264496667e-01, 1.084099346469611785e-01, 3.520870706289359053e-01
4.238309957355346214e-01, 1.156793482334838169e-01, 1.084170845174869807e-01, 3.520725715134945255e-01
4.238364392208193165e-01, 1.156812537138060398e-01, 1.084242258387461827e-01, 3.520580812266284609e-01
4.238418821608725406e-01, 1.156831594555558784e-01, 1.084313586017101455e-01, 3.520435997818615048e-01
4.238473245630526853e-01, 1.156850654468824235e-01, 1.084384827973581961e-01, 3.520291271927065146e-01
4.238527664347115365e-01, 1.156869716759447858e-01, 1.084455984166776132e-01, 3.520146634726661339e-01
4.238582077831934969e-01, 1.156888781309113740e-01, 1.084527054506632393e-01, 3.520002086352317372e-01
4.238636486158363637e-01, 1.156907847999606997e-01, 1.084598038903181877e-01, 3.519857626938847628e-01
4.238690889399707173e-01, 1.156926916712806841e-01, 1.084668937266532879e-01, 3.519713256620953246e-01
4.238745287629203662e-01, 1.156945987330692677e-01, 1.084739749506873630e-01, 3.519568975533231003e-01
4.238799680920020130e-01, 1.156965059735340640e-01, 1.084810475534471463e-01, 3.519424783810168322e-01
4.238854069345253661e-01, 1.156984133808925536e-01, 1.084881115259675177e-01, 3.519280681586146597e-01
4.238908452977930841e-01, 1.157003209433719454e-01, 1.084951668592913365e-01, 3.519136668995435646e-01
4.238962831891011085e-01, 1.157022286492093988e-01, 1.085022135444693309e-01, 3.518992746172200370e-01
4.239017206157378315e-01, 1.157041364866519262e-01, 1.085092515725605555e-01, 3.518848913250495758e-01
4.239071575849849283e-01, 1.157060444439563934e-01, 1.085162809346320589e-01, 3.518705170364266888e-01
4.239125941041167467e-01, 1.157079525093895056e-01, 1.085233016217588414e-01, 3.518561517647347814e-01
4.239180301804008066e-01, 1.157098606712281125e-01, 1.085303136250243272e-01, 3.518417955233466565e-01
4.239234658210974116e-01, 1.157117689177587366e-01, 1.085373169355198508e-01, 3.518274483256239593e-01
4.239289010334597041e-01, 1.157136772372780592e-01, 1.085443115443451151e-01, 3.518131101849171771e-01
4.239343358247332771e-01, 1.157155856180926978e-01, 1.085512974426078858e-01, 3.517987811145660837e-01
4.239397702021576730e-01, 1.157174940485192205e-01, 1.085582746214242972e-01, 3.517844611278988509e-01
4.239452041729640519e-01, 1.157194025168843399e-01, 1.085652430719185740e-01, 3.517701502382330481e-01
4.239506377443770235e-01, 1.157213110115247329e-01, 1.085722027852234206e-01, 3.517558484588748646e-01
4.239560709236139813e-01, 1.157232195207870823e-01, 1.085791537524795763e-01, 3.517415558031192768e-01
4.239615037178848800e-01, 1.157251280330282572e-01, 1.085860959648364127e-01, 3.517272722842503252e-01
4.239669361343926801e-01, 1.157270365366152853e-01, 1.085930294134514335e-01, 3.517129979155405040e-01
4.239723681803328481e-01, 1.157289450199251446e-01, 1.085999540894905524e-01, 3.516987327102514271e-01
4.239777998628939115e-01, 1.157308534713450687e-01, 1.086068699841281626e-01, 3.516844766816330514e-01
4.239832311892565153e-01, 1.157327618792724361e-01, 1.086137770885469422e-01, 3.516702298429241202e-01
4.239886621665948097e-01, 1.157346702321148391e-01, 1.086206753939380487e-01, 3.516559922073524413e-01
4.239940928020750066e-01, 1.157365785182900425e-01, 1.086275648915012437e-01, 3.516417637881338321e-01
4.239995231028562683e-01, 1.157384867262259559e-01, 1.086344455724445462e-01, 3.516275445984731740e-01
4.240049530760904295e-01, 1.157403948443609387e-01, 1.086413174279846627e-01, 3.516133346515639135e-01
4.240103827289218863e-01, 1.157423028611434257e-01, 1.086481804493467512e-01, 3.515991339605878951e-01
4.240158120684878185e-01, 1.157442107650322877e-01, 1.086550346277646156e-01, 3.515849425387154170e-01
4.240212411019176342e-01, 1.157461185444965124e-01, 1.086618799544804143e-01, 3.515707603991055086e-01
4.240266698363336917e-01, 1.157480261880155653e-01, 1.086687164207451595e-01, 3.515565875549055419e-01
4.240320982788510218e-01, 1.157499336840791676e-01, 1.086755440178183846e-01, 3.515424240192512872e-01
4.240375264365770502e-01, 1.157518410211874627e-01, 1.086823627369682549e-01, 3.515282698052671351e-01
4.240429543166114867e-01, 1.157537481878510299e-01, 1.086891725694716510e-01, 3.515141249260657630e-01
4.240483819260471021e-01, 1.157556551725906629e-01, 1.086959735066141686e-01, 3.514999893947481913e-01
4.240538092719687291e-01, 1.157575619639376746e-01, 1.087027655396899523e-01, 3.514858632244035608e-01
4.240592363614541505e-01, 1.157594685504339665e-01, 1.087095486600021255e-01, 3.514717464281096881e-01
4.240646632015733775e-01, 1.157613749206316683e-01, 1.087163228588623881e-01, 3.514576390189325106e-01
4.240700897993888163e-01, 1.157632810630935538e-01, 1.087230881275914190e-01, 3.514435410099261969e-01
4.240755161619556568e-01, 1.157651869663928051e-01, 1.087298444575184597e-01, 3.514294524141331477e-01
4.240809422963211506e-01, 1.157670926191131655e-01, 1.087365918399818138e-01, 3.514153732445838840e-01
4.240863682095252774e-01, 1.157689980098489391e-01, 1.087433302663285140e-01, 3.514013035142973251e-01
4.240917939086001898e-01, 1.157709031272048938e-01, 1.087500597279144748e-01, 3.513872432362803999e-01
4.240972194005708795e-01, 1.157728079597964976e-01, 1.087567802161045621e-01, 3.513731924235279358e-01
4.241026446924542892e-01, 1.157747124962497931e-01, 1.087634917222726205e-01, 3.513591510890231584e-01
4.241080697912599229e-01, 1.157766167252014117e-01, 1.087701942378012931e-01, 3.513451192457373029e-01
4.241134947039895131e-01, 1.157785206352985874e-01, 1.087768877540823131e-01, 3.513310969066295031e-01
4.241189194376374094e-01, 1.157804242151993096e-01, 1.087835722625164064e-01, 3.513170840846469023e-01
4.241243439991898567e-01, 1.157823274535721564e-01, 1.087902477545132085e-01, 3.513030807927247645e-01
4.241297683956260500e-01, 1.157842303390964889e-01, 1.087969142214915003e-01, 3.512890870437859747e-01
4.241351926339167466e-01, 1.157861328604622986e-01, 1.088035716548791249e-01, 3.512751028507418716e-01
4.241406167210255429e-01, 1.157880350063703323e-01, 1.088102200461129876e-01, 3.512611282264910817e-01
4.241460406639080971e-01, 1.157899367655322309e-01, 1.088168593866391115e-01, 3.512471631839206854e-01
4.241514644695122405e-01, 1.157918381266701824e-01, 1.088234896679125818e-01, 3.512332077359050508e-01
4.241568881447781991e-01, 1.157937390785173520e-01, 1.088301108813977819e-01, 3.512192618953067225e-01
4.241623116966384832e-01, 1.157956396098176605e-01, 1.088367230185682266e-01, 3.512053256749756991e-01
4.241677351320175537e-01, 1.157975397093258391e-01, 1.088433260709064793e-01, 3.511913990877502112e-01
4.241731584578322667e-01, 1.157994393658074994e-01, 1.088499200299045400e-01, 3.511774821464557772e-01
4.241785816809915954e-01, 1.158013385680391472e-01, 1.088565048870635960e-01, 3.511635748639057586e-01
4.241840048083965753e-01, 1.158032373048081404e-01, 1.088630806338940771e-01, 3.511496772529011934e-01
4.241894278469406920e-01, 1.158051355649128561e-01, 1.088696472619156835e-01, 3.511357893262307961e-01
4.241948508035092713e-01, 1.158070333371624128e-01, 1.088762047626575108e-01, 3.511219110966708468e-01
4.242002736849798672e-01, 1.158089306103770449e-01, 1.088827531276579108e-01, 3.511080425769851354e-01
4.242056964982221512e-01, 1.158108273733879506e-01, 1.088892923484647002e-01, 3.510941837799252396e-01
4.242111192500978012e-01, 1.158127236150372635e-01, 1.088958224166350075e-01, 3.510803347182299694e-01
4.242165419474609456e-01, 1.158146193241780947e-01, 1.089023433237352873e-01, 3.510664954046257558e-01
4.242219645971569419e-01, 1.158165144896746851e-01, 1.089088550613417083e-01, 3.510526658518267062e-01
4.242273872060241535e-01, 1.158184091004022670e-01, 1.089153576210395713e-01, 3.510388460725339943e-01
4.242328097808923948e-01, 1.158203031452472026e-01, 1.089218509944238494e-01, 3.510250360794365254e-01
4.242382323285836532e-01, 1.158221966131068453e-01, 1.089283351730989946e-01, 3.510112358852104930e-01
4.242436548559118670e-01, 1.158240894928897757e-01, 1.089348101486789511e-01, 3.509974455025193785e-01
4.242490773696830919e-01, 1.158259817735155656e-01, 1.089412759127871833e-01, 3.509836649440140621e-01
4.242544998766952236e-01, 1.158278734439150970e-01, 1.089477324570568006e-01, 3.509698942223328233e-01
4.242599223837381084e-01, 1.158297644930302711e-01, 1.089541797731304329e-01, 3.509561333501011737e-01
4.242653448975937103e-01, 1.158316549098143550e-01, 1.089606178526604102e-01, 3.509423823399315800e-01
4.242707674250356664e-01, 1.158335446832315374e-01, 1.089670466873085830e-01, 3.509286412044241299e-01
4.242761899728297315e-01, 1.158354338022575675e-01, 1.089734662687466132e-01, 3.509149099561661433e-01
4.242816125477334999e-01, 1.158373222558792132e-01, 1.089798765886556969e-01, 3.509011886077316733e-01
4.242870351564964060e-01, 1.158392100330945945e-01, 1.089862776387268140e-01, 3.508874771716821717e-01
4.242924578058596685e-01, 1.158410971229131142e-01, 1.089926694106607280e-01, 3.508737756605664337e-01
4.242978805025566236e-01, 1.158429835143554437e-01, 1.089990518961678756e-01, 3.508600840869199322e-01
4.243033032533123916e-01, 1.158448691964536759e-01, 1.090054250869684493e-01, 3.508464024632655387e-01
4.243087260648435999e-01, 1.158467541582510335e-01, 1.090117889747925645e-01, 3.508327308021128021e-01
4.243141489438589931e-01, 1.158486383888023968e-01, 1.090181435513800368e-01, 3.508190691159585595e-01
4.243195718970590447e-01, 1.158505218771737760e-01, 1.090244888084805491e-01, 3.508054174172866024e-01
4.243249949311360125e-01, 1.158524046124427970e-01, 1.090308247378537071e-01, 3.507917757185675667e-01
4.243304180527737723e-01, 1.158542865836982433e-01, 1.090371513312689555e-01, 3.507781440322590427e-01
4.243358412686481507e-01, 1.158561677800405698e-01, 1.090434685805056897e-01, 3.507645223708054649e-01
4.243412645854268139e-01, 1.158580481905816389e-01, 1.090497764773532136e-01, 3.507509107466382781e-01
4.243466880097687688e-01, 1.158599278044447622e-01, 1.090560750136107676e-01, 3.507373091721757152e-01
4.243521115483250838e-01, 1.158618066107646866e-01, 1.090623641810876260e-01, 3.507237176598227424e-01
4.243575352077380014e-01, 1.158636845986878022e-01, 1.090686439716030964e-01, 3.507101362219710028e-01
4.243629589946423253e-01, 1.158655617573719904e-01, 1.090749143769863677e-01, 3.506965648709993721e-01
4.243683829156636445e-01, 1.158674380759866646e-01, 1.090811753890767871e-01, 3.506830036192728484e-01
4.243738069774197763e-01, 1.158693135437127847e-01, 1.090874269997238466e-01, 3.506694524791435508e-01
4.243792311865198230e-01, 1.158711881497430651e-01, 1.090936692007869746e-01, 3.506559114629502205e-01
4.243846555495646711e-01, 1.158730618832815723e-01, 1.090999019841357998e-01, 3.506423805830178875e-01
4.243900800731468248e-01, 1.158749347335442798e-01, 1.091061253416501092e-01, 3.506288598516587585e-01
4.243955047638502953e-01, 1.158768066897586102e-01, 1.091123392652197793e-01, 3.506153492811712180e-01
4.244009296282507115e-01, 1.158786777411638103e-01, 1.091185437467449698e-01, 3.506018488838404945e-01
4.244063546729152647e-01, 1.158805478770106867e-01, 1.091247387781359296e-01, 3.505883586719379386e-01
4.244117799044028749e-01, 1.158824170865618841e-01, 1.091309243513133576e-01, 3.505748786577219112e-01
4.244172053292636360e-01, 1.158842853590916350e-01, 1.091371004582078474e-01, 3.505614088534370065e-01
4.244226309540392039e-01, 1.158861526838860651e-01, 1.091432670907606234e-01, 3.505479492713141632e-01
4.244280567852630193e-01, 1.158880190502429158e-01, 1.091494242409229709e-01, 3.505344999235710524e-01
4.244334828294598627e-01, 1.158898844474719053e-01, 1.091555719006566533e-01, 3.505210608224114677e-01
4.244389090931462438e-01, 1.158917488648943811e-01, 1.091617100619337449e-01, 3.505076319800257689e-01
4.244443355828292908e-01, 1.158936122918436257e-01, 1.091678387167365483e-01, 3.504942134085904382e-01
4.244497623050087487e-01, 1.158954747176647593e-01, 1.091739578570579544e-01, 3.504808051202685792e-01
4.244551892661748149e-01, 1.158973361317146705e-01, 1.091800674749010963e-01, 3.504674071272093627e-01
4.244606164728097486e-01, 1.158991965233622939e-01, 1.091861675622796818e-01, 3.504540194415482479e-01
4.244660439313868161e-01, 1.159010558819883047e-01, 1.091922581112178270e-01, 3.504406420754070939e-01
4.244714716483708461e-01, 1.159029141969853544e-01, 1.091983391137500009e-01, 3.504272750408937709e-01
4.244768996302181185e-01, 1.159047714577581129e-01, 1.092044105619213862e-01, 3.504139183501023269e-01
4.244823278833760316e-01, 1.159066276537231571e-01, 1.092104724477875738e-01, 3.504005720151133207e-01
4.244877564142835458e-01, 1.159084827743089158e-01, 1.092165247634147573e-01, 3.503872360479928783e-01
4.244931852293708507e-01, 1.159103368089560576e-01, 1.092225675008794833e-01, 3.503739104607936916e-01
4.244986143350594210e-01, 1.159121897471171031e-01, 1.092286006522692338e-01, 3.503605952655541866e-01
4.245040437377621267e-01, 1.159140415782566463e-01, 1.092346242096819270e-01, 3.503472904742991889e-01
4.245094734438831785e-01, 1.159158922918514245e-01, 1.092406381652260561e-01, 3.503339960990393687e-01
4.245149034598178495e-01, 1.159177418773900126e-01, 1.092466425110208833e-01, 3.503207121517713518e-01
4.245203337919527531e-01, 1.159195903243733367e-01, 1.092526372391962319e-01, 3.503074386444775534e-01
4.245257644466659541e-01, 1.159214376223143828e-01, 1.092586223418928609e-01, 3.502941755891269549e-01
4.245311954303262469e-01, 1.159232837607380578e-01, 1.092645978112620070e-01, 3.502809229976736605e-01
4.245366267492944878e-01, 1.159251287291816895e-01, 1.092705636394657315e-01, 3.502676808820581189e-01
4.245420584099217631e-01, 1.159269725171946097e-01, 1.092765198186769066e-01, 3.502544492542067345e-01
4.245474904185509990e-01, 1.159288151143384460e-01, 1.092824663410792152e-01, 3.502412281260313676e-01
4.245529227815160178e-01, 1.159306565101869552e-01, 1.092884031988670124e-01, 3.502280175094299453e-01
4.245583555051419822e-01, 1.159324966943261481e-01, 1.092943303842456720e-01, 3.502148174162861838e-01
4.245637885957451174e-01, 1.159343356563542898e-01, 1.093002478894314206e-01, 3.502016278584691999e-01
4.245692220596326560e-01, 1.159361733858817883e-01, 1.093061557066511841e-01, 3.501884488478345103e-01
4.245746559031030043e-01, 1.159380098725315972e-01, 1.093120538281429077e-01, 3.501752803962224769e-01
4.245800901324458532e-01, 1.159398451059387020e-01, 1.093179422461555000e-01, 3.501621225154599726e-01
4.245855247539418453e-01, 1.159416790757505922e-01, 1.093238209529487220e-01, 3.501489752173589376e-01
4.245909597738625751e-01, 1.159435117716269836e-01, 1.093296899407934369e-01, 3.501358385137169349e-01
4.245963951984710327e-01, 1.159453431832399850e-01, 1.093355492019713743e-01, 3.501227124163176496e-01
4.246018310340207713e-01, 1.159471733002740979e-01, 1.093413987287753103e-01, 3.501095969369296679e-01
4.246072672867570175e-01, 1.159490021124262443e-01, 1.093472385135091374e-01, 3.500964920873075870e-01
4.246127039629153943e-01, 1.159508296094056423e-01, 1.093530685484877252e-01, 3.500833978791914047e-01
4.246181410687226432e-01, 1.159526557809340969e-01, 1.093588888260369485e-01, 3.500703143243062421e-01
4.246235786103970122e-01, 1.159544806167458197e-01, 1.093646993384940480e-01, 3.500572414343631755e-01
4.246290165941471462e-01, 1.159563041065873601e-01, 1.093705000782070891e-01, 3.500441792210584602e-01
4.246344550261728079e-01, 1.159581262402179375e-01, 1.093762910375354613e-01, 3.500311276960736961e-01
4.246398939126648231e-01, 1.159599470074092198e-01, 1.093820722088497538e-01, 3.500180868710763282e-01
4.246453332598049690e-01, 1.159617663979453095e-01, 1.093878435845315744e-01, 3.500050567577183136e-01
4.246507730737655861e-01, 1.159635844016230211e-01, 1.093936051569738693e-01, 3.499920373676376761e-01
4.246562133607104661e-01, 1.159654010082515480e-01, 1.093993569185808395e-01, 3.499790287124572297e-01
4.246616541267939082e-01, 1.159672162076527818e-01, 1.094050988617678716e-01, 3.499660308037854661e-01
4.246670953781612745e-01, 1.159690299896612292e-01, 1.094108309789616762e-01, 3.499530436532158895e-01
4.246725371209485456e-01, 1.159708423441239977e-01, 1.094165532626001774e-01, 3.499400672723272376e-01
4.246779793612828202e-01, 1.159726532609007266e-01, 1.094222657051328318e-01, 3.499271016726834826e-01
4.246834221052821490e-01, 1.159744627298639058e-01, 1.094279682990202257e-01, 3.499141468658337195e-01
4.246888653590548124e-01, 1.159762707408985155e-01, 1.094336610367344087e-01, 3.499012028633122773e-01
4.246943091287005423e-01, 1.159780772839023172e-01, 1.094393439107587823e-01, 3.498882696766384415e-01
4.246997534203094671e-01, 1.159798823487857844e-01, 1.094450169135882250e-01, 3.498753473173165651e-01
4.247051982399626668e-01, 1.159816859254721305e-01, 1.094506800377289535e-01, 3.498624357968362353e-01
4.247106435937319513e-01, 1.159834880038972671e-01, 1.094563332756987584e-01, 3.498495351266719400e-01
4.247160894876799708e-01, 1.159852885740099426e-01, 1.094619766200268379e-01, 3.498366453182832903e-01
4.247215359278598834e-01, 1.159870876257716177e-01, 1.094676100632537841e-01, 3.498237663831146871e-01
4.247269829203158542e-01, 1.159888851491566453e-01, 1.094732335979319293e-01, 3.498108983325955990e-01
4.247324304710825005e-01, 1.159906811341520488e-01, 1.094788472166249582e-01, 3.497980411781404508e-01
4.247378785861853911e-01, 1.159924755707579108e-01, 1.094844509119082820e-01, 3.497851949311484576e-01
4.247433272716405472e-01, 1.159942684489869980e-01, 1.094900446763687335e-01, 3.497723596030037907e-01
4.247487765334547749e-01, 1.159960597588650250e-01, 1.094956285026048581e-01, 3.497595352050753559e-01
4.247542263776256100e-01, 1.159978494904305574e-01, 1.095012023832268311e-01, 3.497467217487171265e-01
4.247596768101408182e-01, 1.159996376337351781e-01, 1.095067663108564154e-01, 3.497339192452674772e-01
4.247651278369796168e-01, 1.160014241788432932e-01, 1.095123202781271149e-01, 3.497211277060500167e-01
4.247705794641109533e-01, 1.160032091158322842e-01, 1.095178642776840627e-01, 3.497083471423726997e-01
4.247760316974950601e-01, 1.160049924347925504e-01, 1.095233983021841745e-01, 3.496955775655281595e-01
4.247814845430821773e-01, 1.160067741258274249e-01, 1.095289223442959814e-01, 3.496828189867942638e-01
4.247869380068135525e-01, 1.160085541790533137e-01, 1.095344363967000190e-01, 3.496700714174329483e-01
4.247923920946211074e-01, 1.160103325845996264e-01, 1.095399404520883274e-01, 3.496573348686910498e-01
4.247978468124264939e-01, 1.160121093326086511e-01, 1.095454345031648818e-01, 3.496446093517999176e-01
4.248033021661428710e-01, 1.160138844132359986e-01, 1.095509185426454674e-01, 3.496318948779755797e-01
4.248087581616734609e-01, 1.160156578166502139e-01, 1.095563925632577623e-01, 3.496191914584186322e-01
4.248142148049118272e-01, 1.160174295330329564e-01, 1.095618565577412273e-01, 3.496064991043140169e-01
4.248196721017424293e-01, 1.160191995525789860e-01, 1.095673105188472302e-01, 3.495938178268313545e-01
4.248251300580400125e-01, 1.160209678654962745e-01, 1.095727544393390318e-01, 3.495811476371246118e-01
4.248305886796696629e-01, 1.160227344620058526e-01, 1.095781883119919947e-01, 3.495684885463324898e-01
4.248360479724871408e-01, 1.160244993323419765e-01, 1.095836121295931387e-01, 3.495558405655777023e-01
4.248415079423384366e-01, 1.160262624667520170e-01, 1.095890258849417376e-01, 3.495432037059676422e-01
4.248469685950604369e-01, 1.160280238554966536e-01, 1.095944295708488614e-01, 3.495305779785941036e-01
4.248524299364795920e-01, 1.160297834888496943e-01, 1.095998231801376815e-01, 3.495179633945330044e-01
4.248578919724135261e-01, 1.160315413570983112e-01, 1.096052067056434570e-01, 3.495053599648447196e-01
4.248633547086699269e-01, 1.160332974505427911e-01, 1.096105801402133262e-01, 3.494927677005739142e-01
4.248688181510469342e-01, 1.160350517594967851e-01, 1.096159434767067786e-01, 3.494801866127494883e-01
4.248742823053328621e-01, 1.160368042742872807e-01, 1.096212967079952388e-01, 3.494676167123846322e-01
4.248797471773066436e-01, 1.160385549852544079e-01, 1.096266398269621495e-01, 3.494550580104768822e-01
4.248852127727373307e-01, 1.160403038827518135e-01, 1.096319728265033183e-01, 3.494425105180075097e-01
4.248906790973844827e-01, 1.160420509571463837e-01, 1.096372956995265990e-01, 3.494299742459425206e-01
4.248961461569978892e-01, 1.160437961988184524e-01, 1.096426084389520855e-01, 3.494174492052316561e-01
4.249016139573172923e-01, 1.160455395981616483e-01, 1.096479110377120009e-01, 3.494049354068088920e-01
4.249070825040734412e-01, 1.160472811455831588e-01, 1.096532034887509055e-01, 3.493924328615926056e-01
4.249125518029866488e-01, 1.160490208315032717e-01, 1.096584857850255446e-01, 3.493799415804845210e-01
4.249180218597679581e-01, 1.160507586463561114e-01, 1.096637579195048895e-01, 3.493674615743711520e-01
4.249234926801183088e-01, 1.160524945805890412e-01, 1.096690198851702491e-01, 3.493549928541224148e-01
4.249289642697290370e-01, 1.160542286246628307e-01, 1.096742716750152974e-01, 3.493425354305927377e-01
4.249344366342817647e-01, 1.160559607690519329e-01, 1.096795132820460039e-01, 3.493300893146201735e-01
4.249399097794480662e-01, 1.160576910042442483e-01, 1.096847446992807867e-01, 3.493176545170268987e-01
4.249453837108900234e-01, 1.160594193207411251e-01, 1.096899659197501375e-01, 3.493052310486186585e-01
4.249508584342596151e-01, 1.160611457090574422e-01, 1.096951769364972323e-01, 3.492928189201856548e-01
4.249563339551992724e-01, 1.160628701597218593e-01, 1.097003777425776538e-01, 3.492804181425012700e-01
4.249618102793410457e-01, 1.160645926632762892e-01, 1.097055683310593360e-01, 3.492680287263232874e-01
4.249672874123077704e-01, 1.160663132102765227e-01, 1.097107486950226612e-01, 3.492556506823930595e-01
4.249727653597120125e-01, 1.160680317912918952e-01, 1.097159188275605018e-01, 3.492432840214355627e-01
4.249782441271565125e-01, 1.160697483969052590e-01, 1.097210787217783867e-01, 3.492309287541600082e-01
4.249837237202340190e-01, 1.160714630177131917e-01, 1.097262283707940711e-01, 3.492185848912586210e-01
4.249892041445278434e-01, 1.160731756443260376e-01, 1.097313677677381194e-01, 3.492062524434081938e-01
4.249946854056104173e-01, 1.160748862673676440e-01, 1.097364969057535722e-01, 3.491939314212684775e-01
4.250001675090452347e-01, 1.160765948774756667e-01, 1.097416157779960016e-01, 3.491816218354831802e-01
4.250056504603851315e-01, 1.160783014653014866e-01, 1.097467243776337337e-01, 3.491693236966795233e-01
4.250111342651735624e-01, 1.160800060215102514e-01, 1.097518226978475148e-01, 3.491570370154686853e-01
4.250166189289433794e-01, 1.160817085367807505e-01, 1.097569107318308451e-01, 3.491447618024449695e-01
4.250221044572180529e-01, 1.160834090018056514e-01, 1.097619884727899786e-01, 3.491324980681863588e-01
4.250275908555103954e-01, 1.160851074072914019e-01, 1.097670559139437563e-01, 3.491202458232545158e-01
4.250330781293236715e-01, 1.160868037439581335e-01, 1.097721130485237589e-01, 3.491080050781945054e-01
4.250385662841509316e-01, 1.160884980025400220e-01, 1.097771598697742379e-01, 3.490957758435349056e-01
4.250440553254754006e-01, 1.160901901737848713e-01, 1.097821963709522536e-01, 3.490835581297876411e-01
4.250495452587697565e-01, 1.160918802484544737e-01, 1.097872225453276895e-01, 3.490713519474481497e-01
4.250550360894970736e-01, 1.160935682173244721e-01, 1.097922383861831414e-01, 3.490591573069952713e-01
4.250605278231103790e-01, 1.160952540711844005e-01, 1.097972438868140138e-01, 3.490469742188913038e-01
4.250660204650520413e-01, 1.160969378008376990e-01, 1.098022390405286319e-01, 3.490348026935816139e-01
4.250715140207547704e-01, 1.160986193971017266e-01, 1.098072238406481022e-01, 3.490226427414953592e-01
4.250770084956412842e-01, 1.161002988508077483e-01, 1.098121982805063956e-01, 3.490104943730445441e-01
4.250825038951236423e-01, 1.161019761528011840e-01, 1.098171623534504038e-01, 3.489983575986246866e-01
4.250880002246042455e-01, 1.161036512939411514e-01, 1.098221160528399659e-01, 3.489862324286144846e-01
4.250934974894751139e-01, 1.161053242651010481e-01, 1.098270593720478694e-01, 3.489741188733760380e-01
4.250989956951179427e-01, 1.161069950571680248e-01, 1.098319923044597524e-01, 3.489620169432542385e-01
4.251044948469046014e-01, 1.161086636610434292e-01, 1.098369148434742565e-01, 3.489499266485776574e-01
4.251099949501965791e-01, 1.161103300676425976e-01, 1.098418269825031796e-01, 3.489378479996576021e-01
4.251154960103450398e-01, 1.161119942678950356e-01, 1.098467287149711424e-01, 3.489257810067887822e-01
4.251209980326910998e-01, 1.161136562527441407e-01, 1.098516200343158528e-01, 3.489137256802489206e-01
4.251265010225654395e-01, 1.161153160131475903e-01, 1.098565009339881882e-01, 3.489016820302986988e-01
4.251320049852888028e-01, 1.161169735400770647e-01, 1.098613714074519465e-01, 3.488896500671820888e-01
4.251375099261713864e-01, 1.161186288245184828e-01, 1.098662314481841096e-01, 3.488776298011259103e-01
4.251430158505132839e-01, 1.161202818574717799e-01, 1.098710810496748430e-01, 3.488656212423401626e-01
4.251485227636040976e-01, 1.161219326299511440e-01, 1.098759202054273021e-01, 3.488536244010175258e-01
4.251540306707232708e-01, 1.161235811329849599e-01, 1.098807489089578537e-01, 3.488416392873338601e-01
4.251595395771400332e-01, 1.161252273576157540e-01, 1.098855671537961043e-01, 3.488296659114480391e-01
4.251650494881131226e-01, 1.161268712949003329e-01, 1.098903749334848579e-01, 3.488177042835016728e-01
4.251705604088909518e-01, 1.161285129359097557e-01, 1.098951722415800192e-01, 3.488057544136192734e-01
4.251760723447117196e-01, 1.161301522717292367e-01, 1.098999590716509128e-01, 3.487938163119081447e-01
4.251815853008030777e-01, 1.161317892934582985e-01, 1.099047354172799085e-01, 3.487818899884586599e-01
4.251870992823825190e-01, 1.161334239922107714e-01, 1.099095012720628928e-01, 3.487699754533438168e-01
4.251926142946567677e-01, 1.161350563591148077e-01, 1.099142566296088530e-01, 3.487580727166194605e-01
4.251981303428228331e-01, 1.161366863853128956e-01, 1.099190014835402240e-01, 3.487461817883241166e-01
4.252036474320664561e-01, 1.161383140619617060e-01, 1.099237358274927218e-01, 3.487343026784791022e-01
4.252091655675637183e-01, 1.161399393802324126e-01, 1.099284596551153709e-01, 3.487224353970885815e-01
4.252146847544797659e-01, 1.161415623313105661e-01, 1.099331729600707269e-01, 3.487105799541390661e-01
4.252202049979693643e-01, 1.161431829063959698e-01, 1.099378757360345571e-01, 3.486987363596001366e-01
4.252257263031772316e-01, 1.161448010967029709e-01, 1.099425679766962149e-01, 3.486869046234236102e-01
4.252312486752368725e-01, 1.161464168934602803e-01, 1.099472496757584045e-01, 3.486750847555443733e-01
4.252367721192722438e-01, 1.161480302879110277e-01, 1.099519208269373605e-01, 3.486632767658794374e-01
4.252422966403958671e-01, 1.161496412713127757e-01, 1.099565814239626543e-01, 3.486514806643285502e-01
4.252478222437103272e-01, 1.161512498349376588e-01, 1.099612314605775271e-01, 3.486396964607743620e-01
4.252533489343076623e-01, 1.161528559700722024e-01, 1.099658709305385840e-01, 3.486279241650814820e-01
4.252588767172691964e-01, 1.161544596680174068e-01, 1.099704998276160861e-01, 3.486161637870973107e-01
4.252644055976656512e-01, 1.161560609200888577e-01, 1.099751181455937837e-01, 3.486044153366517073e-01
4.252699355805574788e-01, 1.161576597176167264e-01, 1.099797258782689718e-01, 3.485926788235568230e-01
4.252754666709944176e-01, 1.161592560519455752e-01, 1.099843230194527260e-01, 3.485809542576073228e-01
4.252809988740153813e-01, 1.161608499144346496e-01, 1.099889095629694863e-01, 3.485692416485804968e-01
4.252865321946491250e-01, 1.161624412964577663e-01, 1.099934855026575148e-01, 3.485575410062355384e-01
4.252920666379135239e-01, 1.161640301894033417e-01, 1.099980508323685907e-01, 3.485458523403145992e-01
4.252976022088157948e-01, 1.161656165846743222e-01, 1.100026055459683016e-01, 3.485341756605415120e-01
4.253031389123528294e-01, 1.161672004736885172e-01, 1.100071496373358909e-01, 3.485225109766227902e-01
4.253086767535105839e-01, 1.161687818478780165e-01, 1.100116831003642159e-01, 3.485108582982472947e-01
4.253142157372644117e-01, 1.161703606986898701e-01, 1.100162059289599981e-01, 3.484992176350858450e-01
4.253197558685789526e-01, 1.161719370175857136e-01, 1.100207181170435866e-01, 3.484875889967916640e-01
4.253252971524086323e-01, 1.161735107960419899e-01, 1.100252196585492642e-01, 3.484759723930001551e-01
4.253308395936966080e-01, 1.161750820255495475e-01, 1.100297105474249415e-01, 3.484643678333290140e-01
4.253363831973754339e-01, 1.161766506976142921e-01, 1.100341907776324069e-01, 3.484527753273778949e-01
4.253419279683672838e-01, 1.161782168037567564e-01, 1.100386603431473542e-01, 3.484411948847287444e-01
4.253474739115831182e-01, 1.161797803355121422e-01, 1.100431192379590917e-01, 3.484296265149456340e-01
4.253530210319237392e-01, 1.161813412844305976e-01, 1.100475674560711242e-01, 3.484180702275745944e-01
4.253585693342787355e-01, 1.161828996420769394e-01, 1.100520049915005849e-01, 3.484065260321438373e-01
4.253641188235272041e-01, 1.161844554000308061e-01, 1.100564318382786094e-01, 3.483949939381635330e-01
4.253696695045371401e-01, 1.161860085498867268e-01, 1.100608479904502807e-01, 3.483834739551258664e-01
4.253752213821663242e-01, 1.161875590832539690e-01, 1.100652534420745593e-01, 3.483719660925052031e-01
4.253807744612612685e-01, 1.161891069917567604e-01, 1.100696481872244087e-01, 3.483604703597577568e-01
4.253863287466575493e-01, 1.161906522670341779e-01, 1.100740322199867671e-01, 3.483489867663215334e-01
4.253918842431806402e-01, 1.161921949007400784e-01, 1.100784055344626311e-01, 3.483375153216166642e-01
4.253974409556444680e-01, 1.161937348845433760e-01, 1.100827681247668888e-01, 3.483260560350451840e-01
4.254029988888525793e-01, 1.161952722101278479e-01, 1.100871199850285836e-01, 3.483146089159909753e-01
4.254085580475973072e-01, 1.161968068691921346e-01, 1.100914611093907619e-01, 3.483031739738196575e-01
4.254141184366604933e-01, 1.161983388534499756e-01, 1.100957914920105696e-01, 3.482917512178790309e-01
4.254196800608125995e-01, 1.161998681546298484e-01, 1.101001111270591831e-01, 3.482803406574981886e-01
4.254252429248139289e-01, 1.162013947644755657e-01, 1.101044200087220870e-01, 3.482689423019885155e-01
4.254308070334131275e-01, 1.162029186747455256e-01, 1.101087181311986019e-01, 3.482575561606427450e-01
4.254363723913485162e-01, 1.162044398772134057e-01, 1.101130054887024534e-01, 3.482461822427356801e-01
4.254419390033469806e-01, 1.162059583636678856e-01, 1.101172820754614534e-01, 3.482348205575235833e-01
4.254475068741251365e-01, 1.162074741259126326e-01, 1.101215478857175273e-01, 3.482234711142446759e-01
4.254530760083879981e-01, 1.162089871557663578e-01, 1.101258029137269501e-01, 3.482121339221186940e-01
4.254586464108299770e-01, 1.162104974450628991e-01, 1.101300471537600828e-01, 3.482008089903470549e-01
4.254642180861345491e-01, 1.162120049856512072e-01, 1.101342806001016777e-01, 3.481894963281126909e-01
4.254697910389738102e-01, 1.162135097693952346e-01, 1.101385032470506287e-01, 3.481781959445803265e-01
4.254753652740096426e-01, 1.162150117881741440e-01, 1.101427150889200957e-01, 3.481669078488962010e-01
4.254809407958920486e-01, 1.162165110338822249e-01, 1.101469161200376856e-01, 3.481556320501881241e-01
4.254865176092606505e-01, 1.162180074984289074e-01, 1.101511063347451885e-01, 3.481443685575653091e-01
4.254920957187438013e-01, 1.162195011737387901e-01, 1.101552857273988412e-01, 3.481331173801185952e-01
4.254976751289586967e-01, 1.162209920517516260e-01, 1.101594542923691467e-01, 3.481218785269203919e-01
4.255032558445118740e-01, 1.162224801244224198e-01, 1.101636120240409994e-01, 3.481106520070246235e-01
4.255088378699984908e-01, 1.162239653837213865e-01, 1.101677589168136989e-01, 3.480994378294663960e-01
4.255144212100027135e-01, 1.162254478216338677e-01, 1.101718949651010054e-01, 3.480882360032623302e-01
4.255200058690978282e-01, 1.162269274301606370e-01, 1.101760201633310565e-01, 3.480770465374105616e-01
4.255255918518455749e-01, 1.162284042013174840e-01, 1.101801345059464088e-01, 3.480658694408905185e-01
4.255311791627969797e-01, 1.162298781271356996e-01, 1.101842379874041350e-01, 3.480547047226630886e-01
4.255367678064920223e-01, 1.162313491996617432e-01, 1.101883306021758241e-01, 3.480435523916703966e-01
4.255423577874593022e-01, 1.162328174109573814e-01, 1.101924123447474702e-01, 3.480324124568358601e-01
4.255479491102163725e-01, 1.162342827530998268e-01, 1.101964832096195834e-01, 3.480212849270643005e-01
4.255535417792695729e-01, 1.162357452181813910e-01, 1.102005431913074263e-01, 3.480101698112414987e-01
4.255591357991144186e-01, 1.162372047983099982e-01, 1.102045922843406106e-01, 3.479990671182350281e-01
4.255647311742348227e-01, 1.162386614856086714e-01, 1.102086304832632924e-01, 3.479879768568933107e-01
4.255703279091038183e-01, 1.162401152722160186e-01, 1.102126577826343518e-01, 3.479768990360458947e-01
4.255759260081830031e-01, 1.162415661502859549e-01, 1.102166741770272962e-01, 3.479658336645036765e-01
4.255815254759231503e-01, 1.162430141119878274e-01, 1.102206796610301492e-01, 3.479547807510589563e-01
4.255871263167635976e-01, 1.162444591495063878e-01, 1.102246742292455894e-01, 3.479437403044844945e-01
4.255927285351323586e-01, 1.162459012550418613e-01, 1.102286578762910196e-01, 3.479327123335347882e-01
4.255983321354462334e-01, 1.162473404208098776e-01, 1.102326305967985809e-01, 3.479216968469452387e-01
4.256039371221111423e-01, 1.162487766390415678e-01, 1.102365923854149721e-01, 3.479106938534322069e-01
4.256095434995214588e-01, 1.162502099019835505e-01, 1.102405432368017690e-01, 3.478997033616932355e-01
4.256151512720601771e-01, 1.162516402018978628e-01, 1.102444831456350915e-01, 3.478887253804068824e-01
4.256207604440993553e-01, 1.162530675310622374e-01, 1.102484121066059225e-01, 3.478777599182325542e-01
4.256263710199995054e-01, 1.162544918817697004e-01, 1.102523301144200385e-01, 3.478668069838106724e-01
4.256319830041099816e-01, 1.162559132463289874e-01, 1.102562371637980793e-01, 3.478558665857630072e-01
4.256375964007688140e-01, 1.162573316170642940e-01, 1.102601332494752562e-01, 3.478449387326916220e-01
4.256432112143025415e-01, 1.162587469863154838e-01, 1.102640183662017409e-01, 3.478340234331800951e-01
4.256488274490268231e-01, 1.162601593464379496e-01, 1.102678925087426515e-01, 3.478231206957925203e-01
4.256544451092454939e-01, 1.162615686898026135e-01, 1.102717556718777747e-01, 3.478122305290741179e-01
4.256600641992513423e-01, 1.162629750087961211e-01, 1.102756078504018855e-01, 3.478013529415505678e-01
4.256656847233257768e-01, 1.162643782958206612e-01, 1.102794490391246218e-01, 3.477904879417290096e-01
4.256713066857385486e-01, 1.162657785432941876e-01, 1.102832792328705264e-01, 3.477796355380966542e-01
4.256769300907484732e-01, 1.162671757436501696e-01, 1.102870984264791437e-01, 3.477687957391222828e-01
4.256825549426026534e-01, 1.162685698893378278e-01, 1.102909066148048955e-01, 3.477579685532546372e-01
4.256881812455370340e-01, 1.162699609728220784e-01, 1.102947037927170804e-01, 3.477471539889238628e-01
4.256938090037757916e-01, 1.162713489865834227e-01, 1.102984899551002623e-01, 3.477363520545405651e-01
4.256994382215322781e-01, 1.162727339231181822e-01, 1.103022650968536328e-01, 3.477255627584959208e-01
4.257050689030077439e-01, 1.162741157749384718e-01, 1.103060292128916625e-01, 3.477147861091620662e-01
4.257107010523926705e-01, 1.162754945345719493e-01, 1.103097822981438103e-01, 3.477040221148916532e-01
4.257163346738653820e-01, 1.162768701945622318e-01, 1.103135243475544952e-01, 3.476932707840180159e-01
4.257219697715933782e-01, 1.162782427474685215e-01, 1.103172553560833047e-01, 3.476825321248550038e-01
4.257276063497321128e-01, 1.162796121858658688e-01, 1.103209753187048142e-01, 3.476718061456970377e-01
4.257332444124263260e-01, 1.162809785023452974e-01, 1.103246842304088093e-01, 3.476610928548195534e-01
4.257388839638085454e-01, 1.162823416895133743e-01, 1.103283820862001885e-01, 3.476503922604778918e-01
4.257445250080000854e-01, 1.162837017399926676e-01, 1.103320688810987965e-01, 3.476397043709084644e-01
4.257501675491107140e-01, 1.162850586464214686e-01, 1.103357446101398687e-01, 3.476290291943278099e-01
4.257558115912389307e-01, 1.162864124014540840e-01, 1.103394092683736977e-01, 3.476183667389332599e-01
4.257614571384712443e-01, 1.162877629977604743e-01, 1.103430628508658140e-01, 3.476077170129024951e-01
4.257671041948829505e-01, 1.162891104280266708e-01, 1.103467053526968056e-01, 3.475970800243936565e-01
4.257727527645378540e-01, 1.162904546849544696e-01, 1.103503367689627063e-01, 3.475864557815449563e-01
4.257784028514878250e-01, 1.162917957612617098e-01, 1.103539570947746490e-01, 3.475758442924758995e-01
4.257840544597735200e-01, 1.162931336496819540e-01, 1.103575663252589212e-01, 3.475652455652855077e-01
4.257897075934240494e-01, 1.162944683429648907e-01, 1.103611644555573257e-01, 3.475546596080537065e-01
4.257953622564565332e-01, 1.162957998338761262e-01, 1.103647514808268615e-01, 3.475440864288404375e-01
4.258010184528769337e-01, 1.162971281151971570e-01, 1.103683273962396821e-01, 3.475335260356862688e-01
4.258066761866793892e-01, 1.162984531797253973e-01, 1.103718921969834149e-01, 3.475229784366117847e-01
4.258123354618464917e-01, 1.162997750202744290e-01, 1.103754458782610359e-01, 3.475124436396179739e-01
4.258179962823491760e-01, 1.163010936296738351e-01, 1.103789884352907730e-01, 3.475019216526863408e-01
4.258236586521466083e-01, 1.163024090007690331e-01, 1.103825198633062721e-01, 3.474914124837780727e-01
4.258293225751866307e-01, 1.163037211264215248e-01, 1.103860401575566252e-01, 3.474809161408352054e-01
4.258349880554051503e-01, 1.163050299995090353e-01, 1.103895493133062039e-01, 3.474704326317796244e-01
4.258406550967265281e-01, 1.163063356129251102e-01, 1.103930473258348949e-01, 3.474599619645133419e-01
4.258463237030635784e-01, 1.163076379595795601e-01, 1.103965341904380171e-01, 3.474495041469189416e-01
4.258519938783169589e-01, 1.163089370323981547e-01, 1.104000099024262938e-01, 3.474390591868586342e-01
4.258576656263761695e-01, 1.163102328243227762e-01, 1.104034744571259080e-01, 3.474286270921751463e-01
4.258633389511187750e-01, 1.163115253283114464e-01, 1.104069278498785861e-01, 3.474182078706911092e-01
4.258690138564107386e-01, 1.163128145373383687e-01, 1.104103700760415002e-01, 3.474078015302093925e-01
4.258746903461060884e-01, 1.163141004443937893e-01, 1.104138011309874490e-01, 3.473974080785127150e-01
4.258803684240472509e-01, 1.163153830424841217e-01, 1.104172210101045798e-01, 3.473870275233640337e-01
4.258860480940648841e-01, 1.163166623246319337e-01, 1.104206297087967359e-01, 3.473766598725064325e-01
4.258917293599780440e-01, 1.163179382838760573e-01, 1.104240272224832481e-01, 3.473663051336625673e-01
4.258974122255939632e-01, 1.163192109132714508e-01, 1.104274135465991152e-01, 3.473559633145354986e-01
4.259030966947077723e-01, 1.163204802058892262e-01, 1.104307886765948099e-01, 3.473456344228080250e-01
4.259087827711035001e-01, 1.163217461548168019e-01, 1.104341526079365421e-01, 3.473353184661432391e-01
4.259144704585524632e-01, 1.163230087531577917e-01, 1.104375053361060510e-01, 3.473250154521836386e-01
4.259201597608152090e-01, 1.163242679940320462e-01, 1.104408468566007995e-01, 3.473147253885519037e-01
4.259258506816397394e-01, 1.163255238705756534e-01, 1.104441771649338488e-01, 3.473044482828506752e-01
4.259315432247625099e-01, 1.163267763759409240e-01, 1.104474962566339286e-01, 3.472941841426625542e-01
4.259372373939082079e-01, 1.163280255032966698e-01, 1.104508041272456165e-01, 3.472839329755494919e-01
4.259429331927896412e-01, 1.163292712458277173e-01, 1.104541007723289364e-01, 3.472736947890538994e-01
4.259486306251074050e-01, 1.163305135967353521e-01, 1.104573861874598439e-01, 3.472634695906974267e-01
4.259543296945510482e-01, 1.163317525492371107e-01, 1.104606603682299765e-01, 3.472532573879820172e-01
4.259600304047974628e-01, 1.163329880965669333e-01, 1.104639233102466672e-01, 3.472430581883889089e-01
4.259657327595121057e-01, 1.163342202319750524e-01, 1.104671750091330840e-01, 3.472328719993796331e-01
4.259714367623486653e-01, 1.163354489487280763e-01, 1.104704154605281596e-01, 3.472226988283950710e-01
4.259771424169484511e-01, 1.163366742401089754e-01, 1.104736446600866617e-01, 3.472125386828559535e-01
4.259828497269411707e-01, 1.163378960994170402e-01, 1.104768626034791784e-01, 3.472023915701625829e-01
4.259885586959448189e-01, 1.163391145199681037e-01, 1.104800692863919798e-01, 3.471922574976950004e-01
4.259942693275651782e-01, 1.163403294950943329e-01, 1.104832647045274063e-01, 3.471821364728130965e-01
4.259999816253961513e-01, 1.163415410181441872e-01, 1.104864488536035083e-01, 3.471720285028561670e-01
4.260056955930198730e-01, 1.163427490824827798e-01, 1.104896217293542954e-01, 3.471619335951430241e-01
4.260114112340063763e-01, 1.163439536814914743e-01, 1.104927833275296117e-01, 3.471518517569726070e-01
4.260171285519137041e-01, 1.163451548085682186e-01, 1.104959336438952611e-01, 3.471417829956228718e-01
4.260228475502882417e-01, 1.163463524571273916e-01, 1.104990726742328816e-01, 3.471317273183515684e-01
4.260285682326640511e-01, 1.163475466205998315e-01, 1.105022004143402098e-01, 3.471216847323960186e-01
4.260342906025633702e-01, 1.163487372924328078e-01, 1.105053168600307889e-01, 3.471116552449729498e-01
4.260400146634966689e-01, 1.163499244660902848e-01, 1.105084220071342188e-01, 3.471016388632788274e-01
4.260457404189620378e-01, 1.163511081350525472e-01, 1.105115158514960172e-01, 3.470916355944894671e-01
4.260514678724456883e-01, 1.163522882928165469e-01, 1.105145983889777306e-01, 3.470816454457600342e-01
4.260571970274220632e-01, 1.163534649328956810e-01, 1.105176696154569621e-01, 3.470716684242252659e-01
4.260629278873533377e-01, 1.163546380488199444e-01, 1.105207295268272882e-01, 3.470617045369994158e-01
4.260686604556896961e-01, 1.163558076341358882e-01, 1.105237781189983837e-01, 3.470517537911760320e-01
4.260743947358693329e-01, 1.163569736824066475e-01, 1.105268153878958270e-01, 3.470418161938281787e-01
4.260801307313184516e-01, 1.163581361872118719e-01, 1.105298413294615589e-01, 3.470318917520079927e-01
4.260858684454510992e-01, 1.163592951421480171e-01, 1.105328559396533128e-01, 3.470219804727474600e-01
4.260916078816692765e-01, 1.163604505408279144e-01, 1.105358592144451285e-01, 3.470120823630575835e-01
4.260973490433631605e-01, 1.163616023768812152e-01, 1.105388511498270609e-01, 3.470021974299286605e-01
4.261030919339103828e-01, 1.163627506439539605e-01, 1.105418317418053187e-01, 3.469923256803303935e-01
4.261088365566767511e-01, 1.163638953357091221e-01, 1.105448009864022085e-01, 3.469824671212118350e-01
4.261145829150161379e-01, 1.163650364458261172e-01, 1.105477588796563854e-01, 3.469726217595013318e-01
4.261203310122701482e-01, 1.163661739680011409e-01, 1.105507054176224357e-01, 3.469627896021061919e-01
4.261260808517681742e-01, 1.163673078959471113e-01, 1.105536405963713498e-01, 3.469529706559134064e-01
4.261318324368276178e-01, 1.163684382233935444e-01, 1.105565644119901464e-01, 3.469431649277885943e-01
4.261375857707538906e-01, 1.163695649440866231e-01, 1.105594768605821648e-01, 3.469333724245772244e-01
4.261433408568400805e-01, 1.163706880517894338e-01, 1.105623779382669675e-01, 3.469235931531036154e-01
4.261490976983670076e-01, 1.163718075402815494e-01, 1.105652676411803953e-01, 3.469138271201711587e-01
4.261548562986036126e-01, 1.163729234033595294e-01, 1.105681459654743598e-01, 3.469040743325624288e-01
4.261606166608066237e-01, 1.163740356348365035e-01, 1.105710129073173842e-01, 3.468943347970395163e-01
4.261663787882206123e-01, 1.163751442285424903e-01, 1.105738684628940344e-01, 3.468846085203429741e-01
4.261721426840776594e-01, 1.163762491783241065e-01, 1.105767126284051549e-01, 3.468748955091929820e-01
4.261779083515983002e-01, 1.163773504780449553e-01, 1.105795454000681188e-01, 3.468651957702886257e-01
4.261836757939901910e-01, 1.163784481215853761e-01, 1.105823667741164668e-01, 3.468555093103080633e-01
4.261894450144492752e-01, 1.163795421028424176e-01, 1.105851767468001706e-01, 3.468458361359080810e-01
4.261952160161590619e-01, 1.163806324157300870e-01, 1.105879753143855088e-01, 3.468361762537253701e-01
4.262009888022909587e-01, 1.163817190541791002e-01, 1.105907624731550937e-01, 3.468265296703747502e-01
4.262067633760041052e-01, 1.163828020121371459e-01, 1.105935382194081079e-01, 3.468168963924507242e-01
4.262125397404452620e-01, 1.163838812835685937e-01, 1.105963025494599711e-01, 3.468072764265262009e-01
4.262183178987494214e-01, 1.163849568624548136e-01, 1.105990554596424785e-01, 3.467976697791533280e-01
4.262240978540386971e-01, 1.163860287427940648e-01, 1.106017969463040790e-01, 3.467880764568631591e-01
4.262298796094234343e-01, 1.163870969186013848e-01, 1.106045270058094582e-01, 3.467784964661656533e-01
4.262356631680014885e-01, 1.163881613839087698e-01, 1.106072456345398580e-01, 3.467689298135497866e-01
4.262414485328586689e-01, 1.163892221327651466e-01, 1.106099528288929379e-01, 3.467593765054831634e-01
4.262472357070681839e-01, 1.163902791592363178e-01, 1.106126485852829272e-01, 3.467498365484126821e-01
4.262530246936910849e-01, 1.163913324574049751e-01, 1.106153329001404867e-01, 3.467403099487633700e-01
4.262588154957763775e-01, 1.163923820213708660e-01, 1.106180057699127778e-01, 3.467307967129399926e-01
4.262646081163604661e-01, 1.163934278452505994e-01, 1.106206671910635458e-01, 3.467212968473254442e-01
4.262704025584675982e-01, 1.163944699231777707e-01, 1.106233171600729953e-01, 3.467118103582817468e-01
4.262761988251095313e-01, 1.163955082493028925e-01, 1.106259556734379979e-01, 3.467023372521495506e-01
4.262819969192861436e-01, 1.163965428177936162e-01, 1.106285827276718842e-01, 3.466928775352484116e-01
4.262877968439843790e-01, 1.163975736228344549e-01, 1.106311983193046800e-01, 3.466834312138765140e-01
4.262935986021793577e-01, 1.163986006586268801e-01, 1.106338024448828561e-01, 3.466739982943109477e-01
4.262994021968335434e-01, 1.163996239193895166e-01, 1.106363951009695507e-01, 3.466645787828073755e-01
4.263052076308973537e-01, 1.164006433993580031e-01, 1.106389762841446522e-01, 3.466551726856000881e-01
4.263110149073082722e-01, 1.164016590927848122e-01, 1.106415459910044391e-01, 3.466457800089024488e-01
4.263168240289922362e-01, 1.164026709939397219e-01, 1.106441042181620787e-01, 3.466364007589058938e-01
4.263226349988621933e-01, 1.164036790971094554e-01, 1.106466509622471978e-01, 3.466270349417812091e-01
4.263284478198189342e-01, 1.164046833965976663e-01, 1.106491862199062426e-01, 3.466176825636771985e-01
4.263342624947508153e-01, 1.164056838867254251e-01, 1.106517099878022714e-01, 3.466083436307215160e-01
4.263400790265339246e-01, 1.164066805618304973e-01, 1.106542222626149957e-01, 3.465990181490205546e-01
4.263458974180316940e-01, 1.164076734162680232e-01, 1.106567230410409886e-01, 3.465897061246593358e-01
4.263517176720954538e-01, 1.164086624444101437e-01, 1.106592123197933653e-01, 3.465804075637010651e-01
4.263575397915638221e-01, 1.164096476406460412e-01, 1.106616900956021443e-01, 3.465711224721878536e-01
4.263633637792633713e-01, 1.164106289993822874e-01, 1.106641563652139421e-01, 3.465618508561403299e-01
4.263691896380079616e-01, 1.164116065150422180e-01, 1.106666111253923196e-01, 3.465525927215574176e-01
4.263750173705989632e-01, 1.164125801820666273e-01, 1.106690543729173803e-01, 3.465433480744168904e-01
4.263808469798257006e-01, 1.164135499949132957e-01, 1.106714861045861725e-01, 3.465341169206748728e-01
4.263866784684643974e-01, 1.164145159480572816e-01, 1.106739063172125920e-01, 3.465248992662657290e-01
4.263925118392796199e-01, 1.164154780359907132e-01, 1.106763150076272156e-01, 3.465156951171025623e-01
4.263983470950226673e-01, 1.164164362532229685e-01, 1.106787121726774542e-01, 3.465065044790769377e-01
4.264041842384331260e-01, 1.164173905942806203e-01, 1.106810978092276493e-01, 3.464973273580586599e-01
4.264100232722374817e-01, 1.164183410537073943e-01, 1.106834719141588791e-01, 3.464881637598961617e-01
4.264158641991501741e-01, 1.164192876260643078e-01, 1.106858344843693054e-01, 3.464790136904161710e-01
4.264217070218729311e-01, 1.164202303059295590e-01, 1.106881855167736739e-01, 3.464698771554237111e-01
4.264275517430951568e-01, 1.164211690878985545e-01, 1.106905250083037445e-01, 3.464607541607025443e-01
4.264333983654936544e-01, 1.164221039665840479e-01, 1.106928529559082913e-01, 3.464516447120141729e-01
4.264392468917323487e-01, 1.164230349366159045e-01, 1.106951693565527972e-01, 3.464425488150990051e-01
4.264450973244633958e-01, 1.164239619926413505e-01, 1.106974742072197732e-01, 3.464334664756755222e-01
4.264509496663258514e-01, 1.164248851293249037e-01, 1.106997675049086749e-01, 3.464243976994404450e-01
4.264568039199466698e-01, 1.164258043413482491e-01, 1.107020492466359585e-01, 3.464153424920692337e-01
4.264626600879398155e-01, 1.164267196234104740e-01, 1.107043194294348443e-01, 3.464063008592149773e-01
4.264685181729070407e-01, 1.164276309702278467e-01, 1.107065780503557750e-01, 3.463972728065093376e-01
4.264743781774374964e-01, 1.164285383765341492e-01, 1.107088251064659717e-01, 3.463882583395624382e-01
4.264802401041075663e-01, 1.164294418370802886e-01, 1.107110605948497251e-01, 3.463792574639623090e-01
4.264861039554815325e-01, 1.164303413466345749e-01, 1.107132845126084369e-01, 3.463702701852754418e-01
4.264919697341106875e-01, 1.164312368999826791e-01, 1.107154968568603987e-01, 3.463612965090462903e-01
4.264978374425338337e-01, 1.164321284919275362e-01, 1.107176976247408740e-01, 3.463523364407977700e-01
4.265037070832773392e-01, 1.164330161172894840e-01, 1.107198868134024183e-01, 3.463433899860307030e-01
4.265095786588548599e-01, 1.164338997709063322e-01, 1.107220644200143794e-01, 3.463344571502243729e-01
4.265154521717675618e-01, 1.164347794476330578e-01, 1.107242304417633411e-01, 3.463255379388360811e-01
4.265213276245039542e-01, 1.164356551423421648e-01, 1.107263848758529151e-01, 3.463166323573009797e-01
4.265272050195399456e-01, 1.164365268499235051e-01, 1.107285277195037276e-01, 3.463077404110328494e-01
4.265330843593387877e-01, 1.164373945652843606e-01, 1.107306589699535992e-01, 3.462988621054231553e-01
4.265389656463514645e-01, 1.164382582833494162e-01, 1.107327786244575174e-01, 3.462899974458417129e-01
4.265448488830156371e-01, 1.164391179990606207e-01, 1.107348866802873588e-01, 3.462811464376361892e-01
4.265507340717569762e-01, 1.164399737073776725e-01, 1.107369831347325279e-01, 3.462723090861327679e-01
4.265566212149884406e-01, 1.164408254032773815e-01, 1.107390679850990961e-01, 3.462634853966349846e-01
4.265625103151099995e-01, 1.164416730817542101e-01, 1.107411412287106905e-01, 3.462546753744250028e-01
4.265684013745093539e-01, 1.164425167378199399e-01, 1.107432028629078830e-01, 3.462458790247628371e-01
4.265742943955612154e-01, 1.164433563665040056e-01, 1.107452528850485229e-01, 3.462370963528863532e-01
4.265801893806279166e-01, 1.164441919628530081e-01, 1.107472912925076408e-01, 3.462283273640114345e-01
4.265860863320591334e-01, 1.164450235219313540e-01, 1.107493180826774060e-01, 3.462195720633322038e-01
4.265919852521916078e-01, 1.164458510388206719e-01, 1.107513332529673211e-01, 3.462108304560205241e-01
4.265978861433495362e-01, 1.164466745086202293e-01, 1.107533368008039726e-01, 3.462021025472261648e-01
4.266037890078447914e-01, 1.164474939264468073e-01, 1.107553287236313078e-01, 3.461933883420771352e-01
4.266096938479759793e-01, 1.164483092874346315e-01, 1.107573090189104825e-01, 3.461846878456789067e-01
4.266156006660294375e-01, 1.164491205867354828e-01, 1.107592776841198473e-01, 3.461760010631151907e-01
4.266215094642786254e-01, 1.164499278195186421e-01, 1.107612347167550998e-01, 3.461673279994476604e-01
4.266274202449842345e-01, 1.164507309809709734e-01, 1.107631801143291600e-01, 3.461586686597156182e-01
4.266333330103945221e-01, 1.164515300662968267e-01, 1.107651138743722813e-01, 3.461500230489363283e-01
4.266392477627447555e-01, 1.164523250707181212e-01, 1.107670359944320504e-01, 3.461413911721050729e-01
4.266451645042577123e-01, 1.164531159894744289e-01, 1.107689464720732209e-01, 3.461327730341946518e-01
4.266510832371431250e-01, 1.164539028178227520e-01, 1.107708453048780045e-01, 3.461241686401559936e-01
4.266570039635985134e-01, 1.164546855510377871e-01, 1.107727324904459881e-01, 3.461155779949178224e-01
4.266629266858080194e-01, 1.164554641844117167e-01, 1.107746080263939253e-01, 3.461070011033862692e-01
4.266688514059437387e-01, 1.164562387132543481e-01, 1.107764719103560697e-01, 3.460984379704459268e-01
4.266747781261644445e-01, 1.164570091328931550e-01, 1.107783241399839386e-01, 3.460898886009585729e-01
4.266807068486164201e-01, 1.164577754386730696e-01, 1.107801647129465078e-01, 3.460813529997640026e-01
4.266866375754332363e-01, 1.164585376259568705e-01, 1.107819936269301003e-01, 3.460728311716798622e-01
4.266925703087356414e-01, 1.164592956901247395e-01, 1.107838108796384557e-01, 3.460643231215013160e-01
4.266985050506313937e-01, 1.164600496265745799e-01, 1.107856164687926470e-01, 3.460558288540013239e-01
4.267044418032160946e-01, 1.164607994307219896e-01, 1.107874103921312747e-01, 3.460473483739307521e-01
4.267103805685718565e-01, 1.164615450980001771e-01, 1.107891926474103145e-01, 3.460388816860177630e-01
4.267163213487684126e-01, 1.164622866238598509e-01, 1.107909632324031168e-01, 3.460304287949687030e-01
4.267222641458627286e-01, 1.164630240037695941e-01, 1.107927221449005878e-01, 3.460219897054670479e-01
4.267282089618987806e-01, 1.164637572332155868e-01, 1.107944693827109806e-01, 3.460135644221745688e-01
4.267341557989079992e-01, 1.164644863077017173e-01, 1.107962049436600760e-01, 3.460051529497302214e-01
4.267401046589087699e-01, 1.164652112227494707e-01, 1.107979288255911826e-01, 3.459967552927505352e-01
4.267460555439067660e-01, 1.164659319738980681e-01, 1.107996410263650117e-01, 3.459883714558301127e-01
4.267520084558949489e-01, 1.164666485567044663e-01, 1.108013415438597049e-01, 3.459800014435408522e-01
4.267579633968533459e-01, 1.164673609667432885e-01, 1.108030303759711260e-01, 3.459716452604322257e-01
4.267639203687492166e-01, 1.164680691996068801e-01, 1.108047075206124304e-01, 3.459633029110314451e-01
4.267698793735370533e-01, 1.164687732509053220e-01, 1.108063729757144678e-01, 3.459549743998432958e-01
4.267758404131581362e-01, 1.164694731162663754e-01, 1.108080267392254487e-01, 3.459466597313499703e-01
4.267818034895415891e-01, 1.164701687913356210e-01, 1.108096688091113335e-01, 3.459383589100114564e-01
4.267877686046033237e-01, 1.164708602717762775e-01, 1.108112991833554439e-01, 3.459300719402649826e-01
4.267937357602462067e-01, 1.164715475532693556e-01, 1.108129178599588094e-01, 3.459217988265255728e-01
4.267997049583607261e-01, 1.164722306315137262e-01, 1.108145248369399594e-01, 3.459135395731855467e-01
4.268056762008241023e-01, 1.164729095022258437e-01, 1.108161201123349926e-01, 3.459052941846150198e-01
4.268116494895008994e-01, 1.164735841611400785e-01, 1.108177036841976743e-01, 3.458970626651615143e-01
4.268176248262428030e-01, 1.164742546040084398e-01, 1.108192755505992277e-01, 3.458888450191495156e-01
4.268236022128886753e-01, 1.164749208266008668e-01, 1.108208357096286539e-01, 3.458806412508817485e-01
4.268295816512644447e-01, 1.164755828247049235e-01, 1.108223841593925091e-01, 3.458724513646380672e-01
4.268355631431831609e-01, 1.164762405941262430e-01, 1.108239208980148632e-01, 3.458642753646757884e-01
4.268415466904450506e-01, 1.164768941306878886e-01, 1.108254459236376332e-01, 3.458561132552294692e-01
4.268475322948373507e-01, 1.164775434302310619e-01, 1.108269592344202636e-01, 3.458479650405114625e-01
4.268535199581345307e-01, 1.164781884886145896e-01, 1.108284608285397682e-01, 3.458398307247111392e-01
4.268595096820980705e-01, 1.164788293017151727e-01, 1.108299507041910353e-01, 3.458317103119955549e-01
4.268655014684768489e-01, 1.164794658654273868e-01, 1.108314288595864949e-01, 3.458236038065091722e-01
4.268714953190063666e-01, 1.164800981756636128e-01, 1.108328952929562017e-01, 3.458155112123737496e-01
4.268774912354095230e-01, 1.164807262283540229e-01, 1.108343500025480571e-01, 3.458074325336882859e-01
4.268834892193963393e-01, 1.164813500194467055e-01, 1.108357929866275182e-01, 3.457993677745294092e-01
4.268894892726637358e-01, 1.164819695449075959e-01, 1.108372242434779165e-01, 3.457913169389507657e-01
4.268954913968959208e-01, 1.164825848007204068e-01, 1.108386437713999861e-01, 3.457832800309835752e-01
4.269014955937640021e-01, 1.164831957828869335e-01, 1.108400515687126692e-01, 3.457752570546364090e-01
4.269075018649263198e-01, 1.164838024874265271e-01, 1.108414476337521576e-01, 3.457672480138950233e-01
4.269135102120281133e-01, 1.164844049103767043e-01, 1.108428319648727123e-01, 3.457592529127224701e-01
4.269195206367019102e-01, 1.164850030477927040e-01, 1.108442045604461773e-01, 3.457512717550592085e-01
4.269255331405671372e-01, 1.164855968957476950e-01, 1.108455654188622574e-01, 3.457433045448228826e-01
4.269315477252302871e-01, 1.164861864503327488e-01, 1.108469145385283239e-01, 3.457353512859084876e-01
4.269375643922851404e-01, 1.164867717076569359e-01, 1.108482519178697057e-01, 3.457274119821882596e-01
4.269435831433120998e-01, 1.164873526638470630e-01, 1.108495775553292317e-01, 3.457194866375116193e-01
4.269496039798790221e-01, 1.164879293150479500e-01, 1.108508914493677722e-01, 3.457115752557052279e-01
4.269556269035406637e-01, 1.164885016574223470e-01, 1.108521935984638912e-01, 3.457036778405732091e-01
4.269616519158388468e-01, 1.164890696871508924e-01, 1.108534840011139722e-01, 3.456957943958964830e-01
4.269676790183022375e-01, 1.164896334004321687e-01, 1.108547626558322868e-01, 3.456879249254334874e-01
4.269737082124467897e-01, 1.164901927934826470e-01, 1.108560295611506763e-01, 3.456800694329197898e-01
4.269797394997754680e-01, 1.164907478625369086e-01, 1.108572847156192726e-01, 3.456722279220683092e-01
4.269857728817782472e-01, 1.164912986038472709e-01, 1.108585281178055826e-01, 3.456644003965689271e-01
4.269918083599318903e-01, 1.164918450136841754e-01, 1.108597597662952933e-01, 3.456565868600886549e-01
4.269978459357005596e-01, 1.164923870883359663e-01, 1.108609796596917718e-01, 3.456487873162717439e-01
4.270038856105350944e-01, 1.164929248241088622e-01, 1.108621877966163016e-01, 3.456410017687398528e-01
4.270099273858736222e-01, 1.164934582173271921e-01, 1.108633841757080407e-01, 3.456332302210912144e-01
4.270159712631410032e-01, 1.164939872643331736e-01, 1.108645687956239800e-01, 3.456254726769016905e-01
4.270220172437496076e-01, 1.164945119614870933e-01, 1.108657416550391239e-01, 3.456177291397241058e-01
4.270280653290982054e-01, 1.164950323051671122e-01, 1.108669027526461986e-01, 3.456099996130883589e-01
4.270341155205728545e-01, 1.164955482917694601e-01, 1.108680520871560826e-01, 3.456022841005016444e-01
4.270401678195467343e-01, 1.164960599177084083e-01, 1.108691896572971958e-01, 3.455945826054477865e-01
4.270462222273795905e-01, 1.164965671794160607e-01, 1.108703154618162351e-01, 3.455868951313881277e-01
4.270522787454187341e-01, 1.164970700733426456e-01, 1.108714294994776334e-01, 3.455792216817609730e-01
4.270583373749979872e-01, 1.164975685959564050e-01, 1.108725317690637951e-01, 3.455715622599816461e-01
4.270643981174385151e-01, 1.164980627437437188e-01, 1.108736222693751661e-01, 3.455639168694424890e-01
4.270704609740482716e-01, 1.164985525132087030e-01, 1.108747009992298721e-01, 3.455562855135131395e-01
4.270765259461222207e-01, 1.164990379008737087e-01, 1.108757679574643579e-01, 3.455486681955398098e-01
4.270825930349420596e-01, 1.164995189032790590e-01, 1.108768231429326373e-01, 3.455410649188461747e-01
4.270886622417770506e-01, 1.164999955169831319e-01, 1.108778665545070569e-01, 3.455334756867327606e-01
4.270947335678829115e-01, 1.165004677385623744e-01, 1.108788981910776988e-01, 3.455259005024771124e-01
4.271008070145024815e-01, 1.165009355646111633e-01, 1.108799180515527283e-01, 3.455183393693335159e-01
4.271068825828657767e-01, 1.165013989917421527e-01, 1.108809261348583097e-01, 3.455107922905339413e-01
4.271129602741891573e-01, 1.165018580165857187e-01, 1.108819224399384823e-01, 3.455032592692866000e-01
4.271190400896768269e-01, 1.165023126357906391e-01, 1.108829069657555344e-01, 3.454957403087771106e-01
4.271251220305191665e-01, 1.165027628460235526e-01, 1.108838797112894625e-01, 3.454882354121678323e-01
4.271312060978940117e-01, 1.165032086439692222e-01, 1.108848406755385402e-01, 3.454807445825981982e-01
4.271372922929659310e-01, 1.165036500263304658e-01, 1.108857898575188738e-01, 3.454732678231846599e-01
4.271433806168865033e-01, 1.165040869898282677e-01, 1.108867272562647638e-01, 3.454658051370205207e-01
4.271494710707940956e-01, 1.165045195312015558e-01, 1.108876528708283432e-01, 3.454583565271758805e-01
4.271555636558143076e-01, 1.165049476472074519e-01, 1.108885667002800779e-01, 3.454509219966980793e-01
4.271616583730595829e-01, 1.165053713346211328e-01, 1.108894687437082388e-01, 3.454435015486109761e-01
4.271677552236289865e-01, 1.165057905902359137e-01, 1.108903590002192213e-01, 3.454360951859158368e-01
4.271738542086091495e-01, 1.165062054108630674e-01, 1.108912374689375591e-01, 3.454287029115903906e-01
4.271799553290727691e-01, 1.165066157933321161e-01, 1.108921041490057297e-01, 3.454213247285893851e-01
4.271860585860803861e-01, 1.165070217344907066e-01, 1.108929590395843490e-01, 3.454139606398444196e-01
4.271921639806789406e-01, 1.165074232312044850e-01, 1.108938021398522267e-01, 3.454066106482642229e-01
4.271982715139023834e-01, 1.165078202803572216e-01, 1.108946334490060887e-01, 3.453992747567341537e-01
4.272043811867718421e-01, 1.165082128788509502e-01, 1.108954529662608407e-01, 3.453919529681165335e-01
4.272104930002948442e-01, 1.165086010236056763e-01, 1.108962606908493881e-01, 3.453846452852502025e-01
4.272166069554661494e-01, 1.165089847115595850e-01, 1.108970566220228854e-01, 3.453773517109513524e-01
4.272227230532677500e-01, 1.165093639396689862e-01, 1.108978407590506393e-01, 3.453700722480126384e-01
4.272288412946679270e-01, 1.165097387049083416e-01, 1.108986131012198728e-01, 3.453628068992037892e-01
4.272349616806223604e-01, 1.165101090042702930e-01, 1.108993736478360859e-01, 3.453555556672712190e-01
4.272410842120734076e-01, 1.165104748347654956e-01, 1.109001223982228196e-01, 3.453483185549383050e-01
4.272472088899502696e-01, 1.165108361934229092e-01, 1.109008593517218089e-01, 3.453410955649049985e-01
4.272533357151694355e-01, 1.165111930772894933e-01, 1.109015845076929963e-01, 3.453338866998482137e-01
4.272594646886338499e-01, 1.165115454834304842e-01, 1.109022978655142960e-01, 3.453266919624213283e-01
4.272655958112335783e-01, 1.165118934089291736e-01, 1.109029994245819134e-01, 3.453195113552552376e-01
4.272717290838456417e-01, 1.165122368508871437e-01, 1.109036891843102196e-01, 3.453123448809569673e-01
4.272778645073338488e-01, 1.165125758064240180e-01, 1.109043671441316825e-01, 3.453051925421105062e-01
4.272840020825489638e-01, 1.165129102726776000e-01, 1.109050333034969638e-01, 3.452980543412765280e-01
4.272901418103285942e-01, 1.165132402468039702e-01, 1.109056876618749049e-01, 3.452909302809926695e-01
4.272962836914972473e-01, 1.165135657259772084e-01, 1.109063302187525413e-01, 3.452838203637730863e-01
4.273024277268663851e-01, 1.165138867073897272e-01, 1.109069609736350326e-01, 3.452767245921087857e-01
4.273085739172343134e-01, 1.165142031882520357e-01, 1.109075799260458989e-01, 3.452696429684676827e-01
4.273147222633862929e-01, 1.165145151657928924e-01, 1.109081870755266597e-01, 3.452625754952940440e-01
4.273208727660944839e-01, 1.165148226372591939e-01, 1.109087824216371532e-01, 3.452555221750093217e-01
4.273270254261175571e-01, 1.165151255999159752e-01, 1.109093659639553558e-01, 3.452484830100110980e-01
4.273331802442018046e-01, 1.165154240510466038e-01, 1.109099377020775073e-01, 3.452414580026740287e-01
4.273393372210796404e-01, 1.165157179879524885e-01, 1.109104976356180966e-01, 3.452344471553497884e-01
4.273454963574708221e-01, 1.165160074079533564e-01, 1.109110457642097092e-01, 3.452274504703660152e-01
4.273516576540820067e-01, 1.165162923083870733e-01, 1.109115820875033603e-01, 3.452204679500276985e-01
4.273578211116062509e-01, 1.165165726866096707e-01, 1.109121066051681204e-01, 3.452134995966158471e-01
4.273639867307241769e-01, 1.165168485399955406e-01, 1.109126193168913227e-01, 3.452065454123888766e-01
4.273701545121028067e-01, 1.165171198659370327e-01, 1.109131202223786195e-01, 3.451996053995814440e-01
4.273763244563960617e-01, 1.165173866618450099e-01, 1.109136093213539120e-01, 3.451926795604049469e-01
4.273824965642449847e-01, 1.165176489251483066e-01, 1.109140866135592540e-01, 3.451857678970474685e-01
4.273886708362772957e-01, 1.165179066532940899e-01, 1.109145520987550870e-01, 3.451788704116736106e-01
4.273948472731076142e-01, 1.165181598437476651e-01, 1.109150057767199354e-01, 3.451719871064248268e-01
4.274010258753374591e-01, 1.165184084939926978e-01, 1.109154476472507950e-01, 3.451651179834190897e-01
4.274072066435550821e-01, 1.165186526015309504e-01, 1.109158777101627441e-01, 3.451582630447511679e-01
4.274133895783359671e-01, 1.165188921638824066e-01, 1.109162959652893049e-01, 3.451514222924921826e-01
4.274195746802421092e-01, 1.165191271785853688e-01, 1.109167024124822348e-01, 3.451445957286901622e-01
4.274257619498226801e-01, 1.165193576431963612e-01, 1.109170970516114851e-01, 3.451377833553694319e-01
4.274319513876131960e-01, 1.165195835552900877e-01, 1.109174798825653951e-01, 3.451309851745314461e-01
4.274381429941365718e-01, 1.165198049124594459e-01, 1.109178509052504702e-01, 3.451242011881535121e-01
4.274443367699023444e-01, 1.165200217123156662e-01, 1.109182101195916731e-01, 3.451174313981902331e-01
4.274505327154069501e-01, 1.165202339524882280e-01, 1.109185575255321743e-01, 3.451106758065726199e-01
4.274567308311337244e-01, 1.165204416306247076e-01, 1.109188931230334629e-01, 3.451039344152080357e-01
4.274629311175527357e-01, 1.165206447443911109e-01, 1.109192169120754579e-01, 3.450972072259806400e-01
4.274691335751210630e-01, 1.165208432914715819e-01, 1.109195288926561052e-01, 3.450904942407511666e-01
4.274753382042826844e-01, 1.165210372695685004e-01, 1.109198290647918778e-01, 3.450837954613569236e-01
4.274815450054681443e-01, 1.165212266764025784e-01, 1.109201174285176367e-01, 3.450771108896117378e-01
4.274877539790950531e-01, 1.165214115097126801e-01, 1.109203939838863673e-01, 3.450704405273058994e-01
4.274939651255680872e-01, 1.165215917672560025e-01, 1.109206587309695125e-01, 3.450637843762064394e-01
4.275001784452782672e-01, 1.165217674468079223e-01, 1.109209116698568476e-01, 3.450571424380570185e-01
4.275063939386039569e-01, 1.165219385461621904e-01, 1.109211528006563696e-01, 3.450505147145774276e-01
4.275126116059101422e-01, 1.165221050631306265e-01, 1.109213821234945885e-01, 3.450439012074647538e-01
4.275188314475485418e-01, 1.165222669955434942e-01, 1.109215996385162079e-01, 3.450373019183917145e-01
4.275250534638582178e-01, 1.165224243412492366e-01, 1.109218053458843750e-01, 3.450307168490081566e-01
4.275312776551642990e-01, 1.165225770981145742e-01, 1.109219992457805698e-01, 3.450241460009405015e-01
4.275375040217797018e-01, 1.165227252640244765e-01, 1.109221813384045352e-01, 3.450175893757913559e-01
4.275437325640034092e-01, 1.165228688368821347e-01, 1.109223516239745272e-01, 3.450110469751400677e-01
4.275499632821215812e-01, 1.165230078146091003e-01, 1.109225101027269955e-01, 3.450045188005422814e-01
4.275561961764073327e-01, 1.165231421951451740e-01, 1.109226567749168890e-01, 3.449980048535306043e-01
4.275624312471202892e-01, 1.165232719764483643e-01, 1.109227916408174891e-01, 3.449915051356137186e-01
4.275686684945075866e-01, 1.165233971564949844e-01, 1.109229147007204513e-01, 3.449850196482769915e-01
4.275749079188023161e-01, 1.165235177332796107e-01, 1.109230259549357223e-01, 3.449785483929823093e-01
4.275811495202251344e-01, 1.165236337048151105e-01, 1.109231254037916919e-01, 3.449720913711680770e-01
4.275873932989833204e-01, 1.165237450691325727e-01, 1.109232130476351941e-01, 3.449656485842488296e-01
4.275936392552707743e-01, 1.165238518242815158e-01, 1.109232888868313116e-01, 3.449592200336163983e-01
4.275998873892686292e-01, 1.165239539683294440e-01, 1.109233529217636405e-01, 3.449528057206382448e-01
4.276061377011446951e-01, 1.165240514993624438e-01, 1.109234051528340259e-01, 3.449464056466588491e-01
4.276123901910535707e-01, 1.165241444154847539e-01, 1.109234455804628400e-01, 3.449400198129988770e-01
4.276186448591367539e-01, 1.165242327148187512e-01, 1.109234742050888289e-01, 3.449336482209557353e-01
4.276249017055226975e-01, 1.165243163955053257e-01, 1.109234910271689883e-01, 3.449272908718029607e-01
4.276311607303265316e-01, 1.165243954557035055e-01, 1.109234960471789377e-01, 3.449209477667909973e-01
4.276374219336505078e-01, 1.165244698935906237e-01, 1.109234892656125737e-01, 3.449146189071464197e-01
4.276436853155832774e-01, 1.165245397073623318e-01, 1.109234706829821115e-01, 3.449083042940723209e-01
4.276499508762006685e-01, 1.165246048952324753e-01, 1.109234402998183072e-01, 3.449020039287483130e-01
4.276562186155657419e-01, 1.165246654554333711e-01, 1.109233981166704158e-01, 3.448957178123306377e-01
4.276624885337274029e-01, 1.165247213862152798e-01, 1.109233441341058307e-01, 3.448894459459513895e-01
4.276687606307222889e-01, 1.165247726858471417e-01, 1.109232783527105554e-01, 3.448831883307199031e-01
4.276750349065736034e-01, 1.165248193526158688e-01, 1.109232007730890368e-01, 3.448769449677215326e-01
4.276813113612911721e-01, 1.165248613848268167e-01, 1.109231113958639575e-01, 3.448707158580179843e-01
4.276875899948722748e-01, 1.165248987808035486e-01, 1.109230102216766378e-01, 3.448645010026474833e-01
4.276938708073003137e-01, 1.165249315388879603e-01, 1.109228972511866057e-01, 3.448583004026250509e-01
4.277001537985460344e-01, 1.165249596574402524e-01, 1.109227724850720409e-01, 3.448521140589416167e-01
4.277064389685669710e-01, 1.165249831348388332e-01, 1.109226359240293447e-01, 3.448459419725647956e-01
4.277127263173073901e-01, 1.165250019694804157e-01, 1.109224875687734868e-01, 3.448397841444386658e-01
4.277190158446985691e-01, 1.165250161597800316e-01, 1.109223274200377835e-01, 3.448336405754836020e-01
4.277253075506584623e-01, 1.165250257041709481e-01, 1.109221554785740776e-01, 3.448275112665964981e-01
4.277316014350919238e-01, 1.165250306011047787e-01, 1.109219717451525589e-01, 3.448213962186507109e-01
4.277378974978908177e-01, 1.165250308490514142e-01, 1.109217762205619434e-01, 3.448152954324959496e-01
4.277441957389337412e-01, 1.165250264464989111e-01, 1.109215689056092385e-01, 3.448092089089582202e-01
4.277504961580860243e-01, 1.165250173919536586e-01, 1.109213498011200200e-01, 3.448031366488402139e-01
4.277567987552003403e-01, 1.165250036839405590e-01, 1.109211189079382792e-01, 3.447970786529206966e-01
4.277631035301157070e-01, 1.165249853210024722e-01, 1.109208762269264376e-01, 3.447910349219554527e-01
4.277694104826582633e-01, 1.165249623017006603e-01, 1.109206217589653876e-01, 3.447850054566758415e-01
4.277757196126408257e-01, 1.165249346246147177e-01, 1.109203555049544099e-01, 3.447789902577901300e-01
4.277820309198632764e-01, 1.165249022883424607e-01, 1.109200774658113398e-01, 3.447729893259828815e-01
4.277883444041123417e-01, 1.165248652915000238e-01, 1.109197876424723450e-01, 3.447670026619152339e-01
4.277946600651615916e-01, 1.165248236327218329e-01, 1.109194860358920509e-01, 3.447610302662245108e-01
4.278009779027713844e-01, 1.165247773106604795e-01, 1.109191726470436651e-01, 3.447550721395244433e-01
4.278072979166890333e-01, 1.165247263239869713e-01, 1.109188474769187138e-01, 3.447491282824053371e-01
4.278136201066485844e-01, 1.165246706713905511e-01, 1.109185105265272225e-01, 3.447431986954336280e-01
4.278199444723712053e-01, 1.165246103515786696e-01, 1.109181617968976880e-01, 3.447372833791524371e-01
4.278262710135647962e-01, 1.165245453632771655e-01, 1.109178012890770920e-01, 3.447313823340809602e-01
4.278325997299241013e-01, 1.165244757052301405e-01, 1.109174290041307354e-01, 3.447254955607151339e-01
4.278389306211307086e-01, 1.165244013761998765e-01, 1.109170449431425842e-01, 3.447196230595269140e-01
4.278452636868532721e-01, 1.165243223749669044e-01, 1.109166491072149235e-01, 3.447137648309650526e-01
4.278515989267470676e-01, 1.165242387003302404e-01, 1.109162414974684679e-01, 3.447079208754542101e-01
4.278579363404545477e-01, 1.165241503511070253e-01, 1.109158221150425838e-01, 3.447020911933958431e-01
4.278642759276048424e-01, 1.165240573261326074e-01, 1.109153909610948868e-01, 3.446962757851677051e-01
4.278706176878139811e-01, 1.165239596242607090e-01, 1.109149480368015056e-01, 3.446904746511236795e-01
4.278769616206850035e-01, 1.165238572443633713e-01, 1.109144933433571789e-01, 3.446846877915945018e-01
4.278833077258075712e-01, 1.165237501853307184e-01, 1.109140268819749364e-01, 3.446789152068867046e-01
4.278896560027585783e-01, 1.165236384460713037e-01, 1.109135486538863347e-01, 3.446731568972837279e-01
4.278960064511014849e-01, 1.165235220255118748e-01, 1.109130586603414431e-01, 3.446674128630450862e-01
4.279023590703870950e-01, 1.165234009225975254e-01, 1.109125569026087471e-01, 3.446616831044068130e-01
4.279087138601524454e-01, 1.165232751362913904e-01, 1.109120433819751061e-01, 3.446559676215810719e-01
4.279150708199219166e-01, 1.165231446655751318e-01, 1.109115180997460731e-01, 3.446502664147568784e-01
4.279214299492069551e-01, 1.165230095094485774e-01, 1.109109810572454780e-01, 3.446445794840989896e-01
4.279277912475054069e-01, 1.165228696669297070e-01, 1.109104322558156913e-01, 3.446389068297492364e-01
4.279341547143024616e-01, 1.165227251370548611e-01, 1.109098716968175552e-01, 3.446332484518252470e-01
4.279405203490697640e-01, 1.165225759188786708e-01, 1.109092993816302997e-01, 3.446276043504213904e-01
4.279468881512661915e-01, 1.165224220114738640e-01, 1.109087153116517649e-01, 3.446219745256081657e-01
4.279532581203375763e-01, 1.165222634139316260e-01, 1.109081194882981514e-01, 3.446163589774326463e-01
4.279596302557165388e-01, 1.165221001253612387e-01, 1.109075119130041309e-01, 3.446107577059180915e-01
4.279660045568224325e-01, 1.165219321448902473e-01, 1.109068925872228467e-01, 3.446051707110644458e-01
4.279723810230618986e-01, 1.165217594716644461e-01, 1.109062615124260520e-01, 3.445995979928475061e-01
4.279787596538281447e-01, 1.165215821048480177e-01, 1.109056186901037494e-01, 3.445940395512201992e-01
4.279851404485014443e-01, 1.165214000436231440e-01, 1.109049641217644960e-01, 3.445884953861109712e-01
4.279915234064490259e-01, 1.165212132871904227e-01, 1.109042978089353204e-01, 3.445829654974252310e-01
4.279979085270251282e-01, 1.165210218347686039e-01, 1.109036197531617779e-01, 3.445774498850445178e-01
4.280042958095706118e-01, 1.165208256855947144e-01, 1.109029299560077980e-01, 3.445719485488268896e-01
4.280106852534135697e-01, 1.165206248389240168e-01, 1.109022284190558372e-01, 3.445664614886065902e-01
4.280170768578687168e-01, 1.165204192940300087e-01, 1.109015151439067398e-01, 3.445609887041945485e-01
4.280234706222381114e-01, 1.165202090502043125e-01, 1.109007901321799189e-01, 3.445555301953777683e-01
4.280298665458102114e-01, 1.165199941067568828e-01, 1.109000533855131615e-01, 3.445500859619197720e-01
4.280362646278609851e-01, 1.165197744630159654e-01, 1.108993049055627539e-01, 3.445446560035603234e-01
4.280426648676528001e-01, 1.165195501183278193e-01, 1.108985446940034952e-01, 3.445392403200157605e-01
4.280490672644355898e-01, 1.165193210720571054e-01, 1.108977727525285728e-01, 3.445338389109788291e-01
4.280554718174455209e-01, 1.165190873235866509e-01, 1.108969890828496729e-01, 3.445284517761181831e-01
4.280618785259061587e-01, 1.165188488723173932e-01, 1.108961936866968839e-01, 3.445230789150794948e-01
4.280682873890279683e-01, 1.165186057176686718e-01, 1.108953865658188487e-01, 3.445177203274845668e-01
4.280746984060082028e-01, 1.165183578590778535e-01, 1.108945677219825704e-01, 3.445123760129313872e-01
4.280811115760312369e-01, 1.165181052960006097e-01, 1.108937371569736346e-01, 3.445070459709944632e-01
4.280875268982682891e-01, 1.165178480279107642e-01, 1.108928948725959318e-01, 3.445017302012249871e-01
4.280939443718776438e-01, 1.165175860543004593e-01, 1.108920408706719624e-01, 3.444964287031498373e-01
4.281003639960043738e-01, 1.165173193746799063e-01, 1.108911751530425316e-01, 3.444911414762731883e-01
4.281067857697807844e-01, 1.165170479885774962e-01, 1.108902977215669994e-01, 3.444858685200747339e-01
4.281132096923258579e-01, 1.165167718955398973e-01, 1.108894085781231414e-01, 3.444806098340111311e-01
4.281196357627456983e-01, 1.165164910951319299e-01, 1.108885077246072326e-01, 3.444753654175152224e-01
4.281260639801333645e-01, 1.165162055869366359e-01, 1.108875951629338802e-01, 3.444701352699961472e-01
4.281324943435689812e-01, 1.165159153705552092e-01, 1.108866708950362462e-01, 3.444649193908397300e-01
4.281389268521193503e-01, 1.165156204456068989e-01, 1.108857349228659084e-01, 3.444597177794077592e-01
4.281453615048385619e-01, 1.165153208117294531e-01, 1.108847872483929298e-01, 3.444545304350389858e-01
4.281517983007678274e-01, 1.165150164685783696e-01, 1.108838278736056782e-01, 3.444493573570481249e-01
4.281582372389347579e-01, 1.165147074158277146e-01, 1.108828568005111731e-01, 3.444441985447264098e-01
4.281646783183544747e-01, 1.165143936531694846e-01, 1.108818740311346696e-01, 3.444390539973414267e-01
4.281711215380288871e-01, 1.165140751803139391e-01, 1.108808795675199910e-01, 3.444339237141372800e-01
4.281775668969468596e-01, 1.165137519969892954e-01, 1.108798734117293489e-01, 3.444288076943344268e-01
4.281840143940844889e-01, 1.165134241029422563e-01, 1.108788555658434122e-01, 3.444237059371297871e-01
4.281904640284046604e-01, 1.165130914979374543e-01, 1.108778260319612657e-01, 3.444186184416965224e-01
4.281969157988574359e-01, 1.165127541817577578e-01, 1.108767848122004518e-01, 3.444135452071844794e-01
4.282033697043794995e-01, 1.165124121542040481e-01, 1.108757319086968035e-01, 3.444084862327196350e-01
4.282098257438951006e-01, 1.165120654150955531e-01, 1.108746673236048752e-01, 3.444034415174045405e-01
4.282162839163150547e-01, 1.165117139642694727e-01, 1.108735910590973178e-01, 3.443984110603180993e-01
4.282227442205376322e-01, 1.165113578015812418e-01, 1.108725031173654202e-01, 3.443933948605158446e-01
4.282292066554474474e-01, 1.165109969269043089e-01, 1.108714035006188176e-01, 3.443883929170293290e-01
4.282356712199170135e-01, 1.165106313401303995e-01, 1.108702922110856026e-01, 3.443834052288670122e-01
4.282421379128051875e-01, 1.165102610411692802e-01, 1.108691692510121451e-01, 3.443784317950133178e-01
4.282486067329581703e-01, 1.165098860299487865e-01, 1.108680346226634389e-01, 3.443734726144296321e-01
4.282550776792090619e-01, 1.165095063064149339e-01, 1.108668883283227546e-01, 3.443685276860532496e-01
4.282615507503780838e-01, 1.165091218705319315e-01, 1.108657303702918484e-01, 3.443635970087980946e-01
4.282680259452726346e-01, 1.165087327222818631e-01, 1.108645607508907532e-01, 3.443586805815546659e-01
4.282745032626868453e-01, 1.165083388616651727e-01, 1.108633794724580429e-01, 3.443537784031899252e-01
4.282809827014021908e-01, 1.165079402887002069e-01, 1.108621865373506099e-01, 3.443488904725470201e-01
4.282874642601870452e-01, 1.165075370034235336e-01, 1.108609819479438735e-01, 3.443440167884456171e-01
4.282939479377968484e-01, 1.165071290058897341e-01, 1.108597657066313913e-01, 3.443391573496821234e-01
4.283004337329741618e-01, 1.165067162961715141e-01, 1.108585378158254142e-01, 3.443343121550290209e-01
4.283069216444485572e-01, 1.165062988743595790e-01, 1.108572982779563593e-01, 3.443294812032355323e-01
4.283134116709367278e-01, 1.165058767405628831e-01, 1.108560470954731564e-01, 3.443246644930271771e-01
4.283199038111425994e-01, 1.165054498949082695e-01, 1.108547842708430542e-01, 3.443198620231061602e-01
4.283263980637567747e-01, 1.165050183375408027e-01, 1.108535098065516894e-01, 3.443150737921507609e-01
4.283328944274572558e-01, 1.165045820686234357e-01, 1.108522237051031700e-01, 3.443102997988161107e-01
4.283393929009089995e-01, 1.165041410883373291e-01, 1.108509259690198812e-01, 3.443055400417337486e-01
4.283458934827641951e-01, 1.165036953968817124e-01, 1.108496166008425543e-01, 3.443007945195115105e-01
4.283523961716619866e-01, 1.165032449944737175e-01, 1.108482956031303923e-01, 3.442960632307339175e-01
4.283589009662286951e-01, 1.165027898813486007e-01, 1.108469629784608473e-01, 3.442913461739618985e-01
4.283654078650776520e-01, 1.165023300577596593e-01, 1.108456187294299122e-01, 3.442866433477327903e-01
4.283719168668093658e-01, 1.165018655239782736e-01, 1.108442628586517320e-01, 3.442819547505605038e-01
4.283784279700116882e-01, 1.165013962802937952e-01, 1.108428953687588953e-01, 3.442772803809356907e-01
4.283849411732589818e-01, 1.165009223270135758e-01, 1.108415162624024480e-01, 3.442726202373250222e-01
4.283914564751133414e-01, 1.165004436644629937e-01, 1.108401255422516163e-01, 3.442679743181720764e-01
4.283979738741236498e-01, 1.164999602929855660e-01, 1.108387232109940557e-01, 3.442633426218967285e-01
4.284044933688261891e-01, 1.164994722129426702e-01, 1.108373092713357821e-01, 3.442587251468954279e-01
4.284110149577438631e-01, 1.164989794247137250e-01, 1.108358837260010887e-01, 3.442541218915412538e-01
4.284175386393875296e-01, 1.164984819286961903e-01, 1.108344465777326704e-01, 3.442495328541837485e-01
4.284240644122543351e-01, 1.164979797253054838e-01, 1.108329978292914714e-01, 3.442449580331488068e-01
4.284305922748290474e-01, 1.164974728149750366e-01, 1.108315374834568795e-01, 3.442403974267391753e-01
4.284371222255836109e-01, 1.164969611981561820e-01, 1.108300655430264625e-01, 3.442358510332337862e-01
4.284436542629768141e-01, 1.164964448753184195e-01, 1.108285820108162734e-01, 3.442313188508885347e-01
4.284501883854551219e-01, 1.164959238469489983e-01, 1.108270868896604755e-01, 3.442268008779355015e-01
4.284567245914515099e-01, 1.164953981135532918e-01, 1.108255801824117454e-01, 3.442222971125834530e-01
4.284632628793866860e-01, 1.164948676756545481e-01, 1.108240618919410225e-01, 3.442178075530177850e-01
4.284698032476681462e-01, 1.164943325337940427e-01, 1.108225320211374404e-01, 3.442133321974003568e-01
4.284763456946908411e-01, 1.164937926885308977e-01, 1.108209905729084788e-01, 3.442088710438696575e-01
4.284828902188368982e-01, 1.164932481404423875e-01, 1.108194375501800194e-01, 3.442044240905406949e-01
4.284894368184753444e-01, 1.164926988901234250e-01, 1.108178729558961378e-01, 3.441999913355050511e-01
4.284959854919627720e-01, 1.164921449381871033e-01, 1.108162967930192006e-01, 3.441955727768309936e-01
4.285025362376425062e-01, 1.164915862852642786e-01, 1.108147090645298233e-01, 3.441911684125633641e-01
4.285090890538457153e-01, 1.164910229320039459e-01, 1.108131097734270237e-01, 3.441867782407234122e-01
4.285156439388901894e-01, 1.164904548790727523e-01, 1.108114989227279440e-01, 3.441824022593091836e-01
4.285222008910812286e-01, 1.164898821271554141e-01, 1.108098765154681420e-01, 3.441780404662952431e-01
4.285287599087113097e-01, 1.164893046769545221e-01, 1.108082425547013000e-01, 3.441736928596328404e-01
4.285353209900601423e-01, 1.164887225291906109e-01, 1.108065970434995162e-01, 3.441693594372496334e-01
4.285418841333947237e-01, 1.164881356846019927e-01, 1.108049399849529992e-01, 3.441650401970504092e-01
4.285484493369690062e-01, 1.164875441439449377e-01, 1.108032713821702486e-01, 3.441607351369159740e-01
4.285550165990244520e-01, 1.164869479079936043e-01, 1.108015912382780549e-01, 3.441564442547039304e-01
4.285615859177897558e-01, 1.164863469775399979e-01, 1.107998995564214578e-01, 3.441521675482488440e-01
4.285681572914808446e-01, 1.164857413533940261e-01, 1.107981963397636632e-01, 3.441479050153615771e-01
4.285747307183007115e-01, 1.164851310363833464e-01, 1.107964815914861262e-01, 3.441436566538298436e-01
4.285813061964398596e-01, 1.164845160273537267e-01, 1.107947553147886066e-01, 3.441394224614178210e-01
4.285878837240759687e-01, 1.164838963271684902e-01, 1.107930175128890166e-01, 3.441352024358665385e-01
4.285944632993739511e-01, 1.164832719367089042e-01, 1.107912681890234480e-01, 3.441309965748935440e-01
4.286010449204861739e-01, 1.164826428568742078e-01, 1.107895073464463254e-01, 3.441268048761932929e-01
4.286076285855519585e-01, 1.164820090885812925e-01, 1.107877349884301976e-01, 3.441226273374366484e-01
4.286142142926980259e-01, 1.164813706327648968e-01, 1.107859511182657658e-01, 3.441184639562713810e-01
4.286208020400386620e-01, 1.164807274903776751e-01, 1.107841557392620635e-01, 3.441143147303215577e-01
4.286273918256752191e-01, 1.164800796623899765e-01, 1.107823488547462071e-01, 3.441101796571885973e-01
4.286339836476963372e-01, 1.164794271497900657e-01, 1.107805304680635206e-01, 3.441060587344499933e-01
4.286405775041779442e-01, 1.164787699535839299e-01, 1.107787005825776050e-01, 3.441019519596604792e-01
4.286471733931836448e-01, 1.164781080747953057e-01, 1.107768592016700748e-01, 3.440978593303510302e-01
4.286537713127636651e-01, 1.164774415144657488e-01, 1.107750063287407938e-01, 3.440937808440296397e-01
4.286603712609562966e-01, 1.164767702736547311e-01, 1.107731419672078887e-01, 3.440897164981810974e-01
4.286669732357868412e-01, 1.164760943534392523e-01, 1.107712661205074028e-01, 3.440856662902664898e-01
4.286735772352676666e-01, 1.164754137549141866e-01, 1.107693787920937811e-01, 3.440816302177243657e-01
4.286801832573989834e-01, 1.164747284791922827e-01, 1.107674799854394682e-01, 3.440776082779692935e-01
4.286867913001679575e-01, 1.164740385274037754e-01, 1.107655697040350745e-01, 3.440736004683931926e-01
4.286934013615494865e-01, 1.164733439006968019e-01, 1.107636479513894046e-01, 3.440696067863642793e-01
4.287000134395055340e-01, 1.164726446002372628e-01, 1.107617147310294009e-01, 3.440656272292278994e-01
4.287066275319854070e-01, 1.164719406272087115e-01, 1.107597700464999918e-01, 3.440616617943059175e-01
4.287132436369260335e-01, 1.164712319828124232e-01, 1.107578139013643131e-01, 3.440577104788971607e-01
4.287198617522516297e-01, 1.164705186682674642e-01, 1.107558462992037362e-01, 3.440537732802773085e-01
4.287264818758735885e-01, 1.164698006848104150e-01, 1.107538672436174515e-01, 3.440498501956986144e-01
4.287331040056909792e-01, 1.164690780336957998e-01, 1.107518767382230235e-01, 3.440459412223902946e-01
4.287397281395901039e-01, 1.164683507161956288e-01, 1.107498747866560163e-01, 3.440420463575581955e-01
4.287463542754448853e-01, 1.164676187335997037e-01, 1.107478613925700489e-01, 3.440381655983854037e-01
4.287529824111162013e-01, 1.164668820872154648e-01, 1.107458365596367955e-01, 3.440342989420315245e-01
4.287596125444528838e-01, 1.164661407783680047e-01, 1.107438002915461100e-01, 3.440304463856330153e-01
4.287662446732907195e-01, 1.164653948084001245e-01, 1.107417525920057905e-01, 3.440266079263032406e-01
4.287728787954533383e-01, 1.164646441786722775e-01, 1.107396934647418424e-01, 3.440227835611324725e-01
4.287795149087516577e-01, 1.164638888905624170e-01, 1.107376229134982709e-01, 3.440189732871876682e-01
4.287861530109837727e-01, 1.164631289454662877e-01, 1.107355409420369974e-01, 3.440151771015128590e-01
4.287927930999356207e-01, 1.164623643447973284e-01, 1.107334475541382063e-01, 3.440113950011289834e-01
4.287994351733801501e-01, 1.164615950899862834e-01, 1.107313427535999290e-01, 3.440076269830335542e-01
4.288060792290784851e-01, 1.164608211824818274e-01, 1.107292265442384321e-01, 3.440038730442012138e-01
4.288127252647784271e-01, 1.164600426237501068e-01, 1.107270989298877739e-01, 3.440001331815835672e-01
4.288193732782157319e-01, 1.164592594152748517e-01, 1.107249599144001923e-01, 3.439964073921091825e-01
4.288260232671134431e-01, 1.164584715585574581e-01, 1.107228095016458969e-01, 3.439926956726832574e-01
4.288326752291822253e-01, 1.164576790551167945e-01, 1.107206476955130414e-01, 3.439889980201880637e-01
4.288393291621199754e-01, 1.164568819064893263e-01, 1.107184744999078763e-01, 3.439853144314829470e-01
4.288459850636124893e-01, 1.164560801142291990e-01, 1.107162899187545541e-01, 3.439816449034038270e-01
4.288526429313326838e-01, 1.164552736799079474e-01, 1.107140939559952408e-01, 3.439779894327640863e-01
4.288593027629412635e-01, 1.164544626051147586e-01, 1.107118866155901021e-01, 3.439743480163537925e-01
4.288659645560865541e-01, 1.164536468914563333e-01, 1.107096679015172197e-01, 3.439707206509399762e-01
4.288726283084036695e-01, 1.164528265405569279e-01, 1.107074378177727858e-01, 3.439671073332666307e-01
4.288792940175162327e-01, 1.164520015540582293e-01, 1.107051963683707146e-01, 3.439635080600548234e-01
4.288859616810347664e-01, 1.164511719336194934e-01, 1.107029435573429893e-01, 3.439599228280026955e-01
4.288926312965578025e-01, 1.164503376809175317e-01, 1.107006793887395507e-01, 3.439563516337850735e-01
4.288993028616708281e-01, 1.164494987976465862e-01, 1.106984038666282838e-01, 3.439527944740542464e-01
4.289059763739475062e-01, 1.164486552855184265e-01, 1.106961169950949203e-01, 3.439492513454392442e-01
4.289126518309484548e-01, 1.164478071462622111e-01, 1.106938187782431637e-01, 3.439457222445461149e-01
4.289193292302225791e-01, 1.164469543816246816e-01, 1.106915092201946338e-01, 3.439422071679579807e-01
4.289260085693058500e-01, 1.164460969933700657e-01, 1.106891883250888664e-01, 3.439387061122353151e-01
4.289326898457219150e-01, 1.164452349832798689e-01, 1.106868560970832166e-01, 3.439352190739151105e-01
4.289393730569821539e-01, 1.164443683531531659e-01, 1.106845125403529556e-01, 3.439317460495119327e-01
4.289460582005851785e-01, 1.164434971048064482e-01, 1.106821576590913403e-01, 3.439282870355169774e-01
4.289527452740178881e-01, 1.164426212400736932e-01, 1.106797914575093217e-01, 3.439248420283991248e-01
4.289594342747542477e-01, 1.164417407608061422e-01, 1.106774139398359058e-01, 3.439214110246036071e-01
4.289661252002561209e-01, 1.164408556688726337e-01, 1.106750251103178206e-01, 3.439179940205535080e-01
4.289728180479727149e-01, 1.164399659661592284e-01, 1.106726249732196271e-01, 3.439145910126483741e-01
4.289795128153410797e-01, 1.164390716545695009e-01, 1.106702135328238717e-01, 3.439112019972654921e-01
4.289862094997860531e-01, 1.164381727360243451e-01, 1.106677907934308230e-01, 3.439078269707588897e-01
4.289929080987197607e-01, 1.164372692124620301e-01, 1.106653567593585685e-01, 3.439044659294597239e-01
4.289996086095422823e-01, 1.164363610858382136e-01, 1.106629114349430565e-01, 3.439011188696765031e-01
4.290063110296413185e-01, 1.164354483581259009e-01, 1.106604548245380543e-01, 3.438977857876948097e-01
4.290130153563920246e-01, 1.164345310313154025e-01, 1.106579869325151066e-01, 3.438944666797774663e-01
4.290197215871575653e-01, 1.164336091074144319e-01, 1.106555077632634665e-01, 3.438911615421644807e-01
4.290264297192887266e-01, 1.164326825884480637e-01, 1.106530173211904694e-01, 3.438878703710728790e-01
4.290331397501235822e-01, 1.164317514764584421e-01, 1.106505156107207982e-01, 3.438845931626970942e-01
4.290398516769887149e-01, 1.164308157735053778e-01, 1.106480026362972185e-01, 3.438813299132088552e-01
4.290465654971976073e-01, 1.164298754816655984e-01, 1.106454784023801624e-01, 3.438780806187566874e-01
4.290532812080517511e-01, 1.164289306030334703e-01, 1.106429429134477976e-01, 3.438748452754669116e-01
4.290599988068407034e-01, 1.164279811397204017e-01, 1.106403961739960834e-01, 3.438716238794428670e-01
4.290667182908412536e-01, 1.164270270938551899e-01, 1.106378381885386730e-01, 3.438684164267649668e-01
4.290734396573181453e-01, 1.164260684675838126e-01, 1.106352689616069002e-01, 3.438652229134910865e-01
4.290801629035240206e-01, 1.164251052630695393e-01, 1.106326884977499314e-01, 3.438620433356564532e-01
4.290868880266990870e-01, 1.164241374824928621e-01, 1.106300968015346137e-01, 3.438588776892733678e-01
4.290936150240713953e-01, 1.164231651280515506e-01, 1.106274938775453770e-01, 3.438557259703317048e-01
4.291003438928565616e-01, 1.164221882019604998e-01, 1.106248797303844844e-01, 3.438525881747983570e-01
4.291070746302584893e-01, 1.164212067064518963e-01, 1.106222543646718237e-01, 3.438494642986177352e-01
4.291138072334683140e-01, 1.164202206437750936e-01, 1.106196177850449214e-01, 3.438463543377116016e-01
4.291205416996655142e-01, 1.164192300161966120e-01, 1.106169699961591091e-01, 3.438432582879788479e-01
4.291272780260166342e-01, 1.164182348260001942e-01, 1.106143110026871351e-01, 3.438401761452959393e-01
4.291340162096767274e-01, 1.164172350754867497e-01, 1.106116408093196779e-01, 3.438371079055168589e-01
4.291407562477883575e-01, 1.164162307669743268e-01, 1.106089594207648463e-01, 3.438340535644725526e-01
4.291474981374820419e-01, 1.164152219027980995e-01, 1.106062668417484018e-01, 3.438310131179714846e-01
4.291542418758759192e-01, 1.164142084853103665e-01, 1.106035630770138140e-01, 3.438279865617997477e-01
4.291609874600763597e-01, 1.164131905168807185e-01, 1.106008481313221631e-01, 3.438249738917206200e-01
4.291677348871772990e-01, 1.164121679998956493e-01, 1.105981220094520157e-01, 3.438219751034750638e-01
4.291744841542603495e-01, 1.164111409367589306e-01, 1.105953847161996600e-01, 3.438189901927810599e-01
4.291812352583955215e-01, 1.164101093298911815e-01, 1.105926362563788845e-01, 3.438160191553344402e-01
4.291879881966401689e-01, 1.164090731817304797e-01, 1.105898766348210466e-01, 3.438130619868082771e-01
4.291947429660400437e-01, 1.164080324947316392e-01, 1.105871058563751425e-01, 3.438101186828531053e-01
4.292014995636283525e-01, 1.164069872713667658e-01, 1.105843239259077099e-01, 3.438071892390969775e-01
4.292082579864265890e-01, 1.164059375141248825e-01, 1.105815308483027587e-01, 3.438042736511457420e-01
4.292150182314436457e-01, 1.164048832255121374e-01, 1.105787266284618958e-01, 3.438013719145822655e-01
4.292217802956770356e-01, 1.164038244080516371e-01, 1.105759112713042558e-01, 3.437984840249671548e-01
4.292285441761113374e-01, 1.164027610642835858e-01, 1.105730847817664453e-01, 3.437956099778385344e-01
4.292353098697198610e-01, 1.164016931967651741e-01, 1.105702471648026403e-01, 3.437927497687122136e-01
4.292420773734637041e-01, 1.164006208080706067e-01, 1.105673984253844888e-01, 3.437899033930812420e-01
4.292488466842912520e-01, 1.163995439007910887e-01, 1.105645385685011112e-01, 3.437870708464166314e-01
4.292556177991396771e-01, 1.163984624775346588e-01, 1.105616675991591275e-01, 3.437842521241664673e-01
4.292623907149339391e-01, 1.163973765409265643e-01, 1.105587855223826022e-01, 3.437814472217570194e-01
4.292691654285865632e-01, 1.163962860936088445e-01, 1.105558923432130858e-01, 3.437786561345914649e-01
4.292759419369985840e-01, 1.163951911382405530e-01, 1.105529880667095038e-01, 3.437758788580513314e-01
4.292827202370586015e-01, 1.163940916774976464e-01, 1.105500726979484205e-01, 3.437731153874953316e-01
4.292895003256435027e-01, 1.163929877140730262e-01, 1.105471462420235668e-01, 3.437703657182599182e-01
4.292962821996180733e-01, 1.163918792506765248e-01, 1.105442087040463400e-01, 3.437676298456591173e-01
4.293030658558352197e-01, 1.163907662900348083e-01, 1.105412600891452768e-01, 3.437649077649847507e-01
4.293098512911356357e-01, 1.163896488348915154e-01, 1.105383004024665661e-01, 3.437621994715063245e-01
4.293166385023484688e-01, 1.163885268880071044e-01, 1.105353296491736470e-01, 3.437595049604707520e-01
4.293234274862905431e-01, 1.163874004521589373e-01, 1.105323478344473614e-01, 3.437568242271031860e-01
4.293302182397668587e-01, 1.163862695301412509e-01, 1.105293549634859263e-01, 3.437541572666059642e-01
4.293370107595705920e-01, 1.163851341247650883e-01, 1.105263510415050027e-01, 3.437515040741593864e-01
4.293438050424828178e-01, 1.163839942388582988e-01, 1.105233360737374049e-01, 3.437488646449214924e-01
4.293506010852728427e-01, 1.163828498752656759e-01, 1.105203100654333914e-01, 3.437462389740280067e-01
4.293573988846980938e-01, 1.163817010368487087e-01, 1.105172730218606514e-01, 3.437436270565926710e-01
4.293641984375037857e-01, 1.163805477264857197e-01, 1.105142249483040129e-01, 3.437410288877065789e-01
4.293709997404235312e-01, 1.163793899470718235e-01, 1.105111658500656652e-01, 3.437384444624390079e-01
4.293778027901791750e-01, 1.163782277015189270e-01, 1.105080957324651586e-01, 3.437358737758368088e-01
4.293846075834804599e-01, 1.163770609927556599e-01, 1.105050146008392797e-01, 3.437333168229246838e-01
4.293914141170251941e-01, 1.163758898237274714e-01, 1.105019224605420652e-01, 3.437307735987052415e-01
4.293982223874996951e-01, 1.163747141973965338e-01, 1.104988193169448574e-01, 3.437282440981589970e-01
4.294050323915780121e-01, 1.163735341167417003e-01, 1.104957051754362068e-01, 3.437257283162441501e-01
4.294118441259227037e-01, 1.163723495847585332e-01, 1.104925800414219700e-01, 3.437232262478968070e-01
4.294186575871842271e-01, 1.163711606044594282e-01, 1.104894439203251699e-01, 3.437207378880310915e-01
4.294254727720016040e-01, 1.163699671788733375e-01, 1.104862968175860799e-01, 3.437182632315389785e-01
4.294322896770015885e-01, 1.163687693110459914e-01, 1.104831387386622371e-01, 3.437158022732901830e-01
4.294391082987994990e-01, 1.163675670040397320e-01, 1.104799696890281374e-01, 3.437133550081327149e-01
4.294459286339985526e-01, 1.163663602609335268e-01, 1.104767896741758459e-01, 3.437109214308921024e-01
4.294527506791905314e-01, 1.163651490848230941e-01, 1.104735986996142755e-01, 3.437085015363721685e-01
4.294595744309551155e-01, 1.163639334788207219e-01, 1.104703967708696583e-01, 3.437060953193544766e-01
4.294663998858606613e-01, 1.163627134460553103e-01, 1.104671838934853517e-01, 3.437037027745987183e-01
4.294732270404632013e-01, 1.163614889896724541e-01, 1.104639600730217969e-01, 3.437013238968424922e-01
4.294800558913076660e-01, 1.163602601128342490e-01, 1.104607253150567125e-01, 3.436989586808015251e-01
4.294868864349265514e-01, 1.163590268187193605e-01, 1.104574796251847901e-01, 3.436966071211692286e-01
4.294937186678413621e-01, 1.163577891105231771e-01, 1.104542230090178878e-01, 3.436942692126176424e-01
4.295005525865612794e-01, 1.163565469914574629e-01, 1.104509554721849474e-01, 3.436919449497964352e-01
4.295073881875841049e-01, 1.163553004647505940e-01, 1.104476770203319663e-01, 3.436896343273333487e-01
4.295142254673959270e-01, 1.163540495336475855e-01, 1.104443876591221785e-01, 3.436873373398342535e-01
4.295210644224711216e-01, 1.163527942014098426e-01, 1.104410873942356236e-01, 3.436850539818833705e-01
4.295279050492722406e-01, 1.163515344713154098e-01, 1.104377762313695915e-01, 3.436827842480427164e-01
4.295347473442505115e-01, 1.163502703466586519e-01, 1.104344541762383308e-01, 3.436805281328525474e-01
4.295415913038451161e-01, 1.163490018307505869e-01, 1.104311212345731180e-01, 3.436782856308312484e-01
4.295484369244838563e-01, 1.163477289269186088e-01, 1.104277774121222161e-01, 3.436760567364752772e-01
4.295552842025828211e-01, 1.163464516385066400e-01, 1.104244227146510271e-01, 3.436738414442595535e-01
4.295621331345466087e-01, 1.163451699688749924e-01, 1.104210571479417452e-01, 3.436716397486367924e-01
4.295689837167677716e-01, 1.163438839214004372e-01, 1.104176807177937175e-01, 3.436694516440380043e-01
4.295758359456278153e-01, 1.163425934994761490e-01, 1.104142934300231665e-01, 3.436672771248727720e-01
4.295826898174964770e-01, 1.163412987065118032e-01, 1.104108952904633290e-01, 3.436651161855284187e-01
4.295895453287315036e-01, 1.163399995459333258e-01, 1.104074863049643168e-01, 3.436629688203709510e-01
4.295964024756795396e-01, 1.163386960211830468e-01, 1.104040664793932286e-01, 3.436608350237441711e-01
4.296032612546756280e-01, 1.163373881357198381e-01, 1.104006358196340937e-01, 3.436587147899704542e-01
4.296101216620429875e-01, 1.163360758930187672e-01, 1.103971943315876919e-01, 3.436566081133505257e-01
4.296169836940934017e-01, 1.163347592965712635e-01, 1.103937420211720116e-01, 3.436545149881631844e-01
4.296238473471274411e-01, 1.163334383498851599e-01, 1.103902788943216529e-01, 3.436524354086656907e-01
4.296307126174336855e-01, 1.163321130564845263e-01, 1.103868049569882159e-01, 3.436503693690934891e-01
4.296375795012894461e-01, 1.163307834199097807e-01, 1.103833202151400655e-01, 3.436483168636607077e-01
4.296444479949604323e-01, 1.163294494437176196e-01, 1.103798246747625389e-01, 3.436462778865593815e-01
4.296513180947008625e-01, 1.163281111314810601e-01, 1.103763183418576682e-01, 3.436442524319602843e-01
4.296581897967537422e-01, 1.163267684867892865e-01, 1.103728012224444444e-01, 3.436422404940125408e-01
4.296650630973501417e-01, 1.163254215132478592e-01, 1.103692733225585670e-01, 3.436402420668434599e-01
4.296719379927099181e-01, 1.163240702144784644e-01, 1.103657346482526252e-01, 3.436382571445590339e-01
4.296788144790414377e-01, 1.163227145941191087e-01, 1.103621852055958891e-01, 3.436362857212435507e-01
4.296856925525417426e-01, 1.163213546558239386e-01, 1.103586250006745040e-01, 3.436343277909597593e-01
4.296925722093963840e-01, 1.163199904032633514e-01, 1.103550540395912827e-01, 3.436323833477490930e-01
4.296994534457792558e-01, 1.163186218401238148e-01, 1.103514723284658300e-01, 3.436304523856310578e-01
4.297063362578532053e-01, 1.163172489701082141e-01, 1.103478798734345290e-01, 3.436285348986041210e-01
4.297132206417694222e-01, 1.163158717969353800e-01, 1.103442766806504299e-01, 3.436266308806449343e-01
4.297201065936677722e-01, 1.163144903243402695e-01, 1.103406627562832087e-01, 3.436247403257087774e-01
4.297269941096767409e-01, 1.163131045560741178e-01, 1.103370381065194583e-01, 3.436228632277296136e-01
4.297338831859136565e-01, 1.163117144959042448e-01, 1.103334027375623000e-01, 3.436209995806198680e-01
4.297407738184840231e-01, 1.163103201476139020e-01, 1.103297566556315223e-01, 3.436191493782704831e-01
4.297476660034823537e-01, 1.163089215150026889e-01, 1.103260998669636367e-01, 3.436173126145513068e-01
4.297545597369918369e-01, 1.163075186018860674e-01, 1.103224323778117799e-01, 3.436154892833104268e-01
4.297614550150840040e-01, 1.163061114120956668e-01, 1.103187541944456312e-01, 3.436136793783746146e-01
4.297683518338195618e-01, 1.163046999494791872e-01, 1.103150653231517037e-01, 3.436118828935495473e-01
4.297752501892474486e-01, 1.163032842179002879e-01, 1.103113657702328720e-01, 3.436100998226193082e-01
4.297821500774056114e-01, 1.163018642212387127e-01, 1.103076555420087618e-01, 3.436083301593470529e-01
4.297890514943203955e-01, 1.163004399633901093e-01, 1.103039346448155128e-01, 3.436065738974738992e-01
4.297959544360072659e-01, 1.162990114482662374e-01, 1.103002030850058351e-01, 3.436048310307205922e-01
4.298028588984702525e-01, 1.162975786797948025e-01, 1.102964608689490505e-01, 3.436031015527858945e-01
4.298097648777020052e-01, 1.162961416619193861e-01, 1.102927080030309814e-01, 3.436013854573476412e-01
4.298166723696840719e-01, 1.162947003985996680e-01, 1.102889444936539232e-01, 3.435996827380624064e-01
4.298235813703866759e-01, 1.162932548938111349e-01, 1.102851703472367828e-01, 3.435979933885655035e-01
4.298304918757688831e-01, 1.162918051515452328e-01, 1.102813855702148849e-01, 3.435963174024709854e-01
4.298374038817786014e-01, 1.162903511758093394e-01, 1.102775901690400823e-01, 3.435946547733719214e-01
4.298443173843525256e-01, 1.162888929706267366e-01, 1.102737841501807009e-01, 3.435930054948400092e-01
4.298512323794160261e-01, 1.162874305400365266e-01, 1.102699675201214979e-01, 3.435913695604259632e-01
4.298581488628833158e-01, 1.162859638880937019e-01, 1.102661402853637312e-01, 3.435897469636591817e-01
4.298650668306577827e-01, 1.162844930188691034e-01, 1.102623024524250622e-01, 3.435881376980479684e-01
4.298719862786311574e-01, 1.162830179364494620e-01, 1.102584540278395420e-01, 3.435865417570798663e-01
4.298789072026842906e-01, 1.162815386449372462e-01, 1.102545950181576667e-01, 3.435849591342208242e-01
4.298858295986868194e-01, 1.162800551484507311e-01, 1.102507254299463085e-01, 3.435833898229160854e-01
4.298927534624974456e-01, 1.162785674511240264e-01, 1.102468452697886458e-01, 3.435818338165896879e-01
4.298996787899636018e-01, 1.162770755571070624e-01, 1.102429545442844550e-01, 3.435802911086447975e-01
4.299066055769215078e-01, 1.162755794705654794e-01, 1.102390532600495965e-01, 3.435787616924634857e-01
4.299135338191965028e-01, 1.162740791956805020e-01, 1.102351414237163763e-01, 3.435772455614064524e-01
4.299204635126029350e-01, 1.162725747366494533e-01, 1.102312190419334204e-01, 3.435757427088143023e-01
4.299273946529434953e-01, 1.162710660976850330e-01, 1.102272861213656474e-01, 3.435742531280057688e-01
4.299343272360106605e-01, 1.162695532830158168e-01, 1.102233426686943102e-01, 3.435727768122791570e-01
4.299412612575851389e-01, 1.162680362968860348e-01, 1.102193886906169540e-01, 3.435713137549117890e-01
4.299481967134372029e-01, 1.162665151435555710e-01, 1.102154241938473056e-01, 3.435698639491598927e-01
4.299551335993256895e-01, 1.162649898272999915e-01, 1.102114491851154121e-01, 3.435684273882588791e-01
4.299620719109985556e-01, 1.162634603524105303e-01, 1.102074636711675160e-01, 3.435670040654234536e-01
4.299690116441926557e-01, 1.162619267231939230e-01, 1.102034676587661105e-01, 3.435655939738472830e-01
4.299759527946340754e-01, 1.162603889439726840e-01, 1.101994611546898567e-01, 3.435641971067033285e-01
4.299828953580377977e-01, 1.162588470190848433e-01, 1.101954441657337774e-01, 3.435628134571436232e-01
4.299898393301077038e-01, 1.162573009528839740e-01, 1.101914166987087301e-01, 3.435614430182994949e-01
4.299967847065370719e-01, 1.162557507497393727e-01, 1.101873787604421978e-01, 3.435600857832813437e-01
4.300037314830079116e-01, 1.162541964140356848e-01, 1.101833303577774426e-01, 3.435587417451789749e-01
4.300106796551914079e-01, 1.162526379501732099e-01, 1.101792714975739773e-01, 3.435574108970613216e-01
4.300176292187479210e-01, 1.162510753625677767e-01, 1.101752021867075243e-01, 3.435560932319768335e-01
4.300245801693267644e-01, 1.162495086556506879e-01, 1.101711224320698623e-01, 3.435547887429527547e-01
4.300315325025663715e-01, 1.162479378338687058e-01, 1.101670322405687297e-01, 3.435534974229961236e-01
4.300384862140945175e-01, 1.162463629016841637e-01, 1.101629316191282265e-01, 3.435522192650931617e-01
4.300454412995277087e-01, 1.162447838635748271e-01, 1.101588205746882043e-01, 3.435509542622092183e-01
4.300523977544719045e-01, 1.162432007240337684e-01, 1.101546991142048210e-01, 3.435497024072894923e-01
4.300593555745220731e-01, 1.162416134875697560e-01, 1.101505672446501660e-01, 3.435484636932579772e-01
4.300663147552624133e-01, 1.162400221587067128e-01, 1.101464249730123024e-01, 3.435472381130186270e-01
4.300732752922662994e-01, 1.162384267419840217e-01, 1.101422723062953357e-01, 3.435460256594543016e-01
4.300802371810962255e-01, 1.162368272419566639e-01, 1.101381092515195254e-01, 3.435448263254277101e-01
4.300872004173039165e-01, 1.162352236631946922e-01, 1.101339358157207432e-01, 3.435436401037807452e-01
4.300941649964302171e-01, 1.162336160102836885e-01, 1.101297520059511675e-01, 3.435424669873349268e-01
4.301011309140054806e-01, 1.162320042878245280e-01, 1.101255578292787973e-01, 3.435413069688912358e-01
4.301080981655488467e-01, 1.162303885004334347e-01, 1.101213532927875632e-01, 3.435401600412301693e-01
4.301150667465691857e-01, 1.162287686527418151e-01, 1.101171384035772305e-01, 3.435390261971116854e-01
4.301220366525643768e-01, 1.162271447493965354e-01, 1.101129131687636903e-01, 3.435379054292753698e-01
4.301290078790214744e-01, 1.162255167950596302e-01, 1.101086775954784186e-01, 3.435367977304404352e-01
4.301359804214168747e-01, 1.162238847944084413e-01, 1.101044316908690451e-01, 3.435357030933055000e-01
4.301429542752164825e-01, 1.162222487521355763e-01, 1.101001754620988815e-01, 3.435346215105490875e-01
4.301499294358751557e-01, 1.162206086729487137e-01, 1.100959089163471155e-01, 3.435335529748289596e-01
4.301569058988373162e-01, 1.162189645615708811e-01, 1.100916320608088944e-01, 3.435324974787827834e-01
4.301638836595367277e-01, 1.162173164227403716e-01, 1.100873449026949502e-01, 3.435314550150280200e-01
4.301708627133962737e-01, 1.162156642612104662e-01, 1.100830474492319883e-01, 3.435304255761613135e-01
4.301778430558284017e-01, 1.162140080817497673e-01, 1.100787397076623819e-01, 3.435294091547595463e-01
4.301848246822347899e-01, 1.162123478891418926e-01, 1.100744216852443114e-01, 3.435284057433790617e-01
4.301918075880065695e-01, 1.162106836881856564e-01, 1.100700933892517358e-01, 3.435274153345559411e-01
4.301987917685243801e-01, 1.162090154836950967e-01, 1.100657548269744074e-01, 3.435264379208061714e-01
4.302057772191579255e-01, 1.162073432804991008e-01, 1.100614060057176352e-01, 3.435254734946254218e-01
4.302127639352666399e-01, 1.162056670834418493e-01, 1.100570469328024936e-01, 3.435245220484891004e-01
4.302197519121990776e-01, 1.162039868973824830e-01, 1.100526776155658637e-01, 3.435235835748525757e-01
4.302267411452936896e-01, 1.162023027271952835e-01, 1.100482980613601142e-01, 3.435226580661510098e-01
4.302337316298779912e-01, 1.162006145777694371e-01, 1.100439082775533789e-01, 3.435217455147991927e-01
4.302407233612689508e-01, 1.161989224540092430e-01, 1.100395082715294598e-01, 3.435208459131924297e-01
4.302477163347732669e-01, 1.161972263608340161e-01, 1.100350980506876880e-01, 3.435199592537049873e-01
4.302547105456869803e-01, 1.161955263031779761e-01, 1.100306776224431043e-01, 3.435190855286920919e-01
4.302617059892955287e-01, 1.161938222859903030e-01, 1.100262469942262372e-01, 3.435182247304879866e-01
4.302687026608740806e-01, 1.161921143142352481e-01, 1.100218061734832969e-01, 3.435173768514074299e-01
4.302757005556870351e-01, 1.161904023928918978e-01, 1.100173551676759814e-01, 3.435165418837449747e-01
4.302826996689888550e-01, 1.161886865269542574e-01, 1.100128939842816150e-01, 3.435157198197752448e-01
4.302896999960229008e-01, 1.161869667214312507e-01, 1.100084226307929264e-01, 3.435149106517528805e-01
4.302967015320224853e-01, 1.161852429813467896e-01, 1.100039411147183538e-01, 3.435141143719124823e-01
4.303037042722103189e-01, 1.161835153117394132e-01, 1.099994494435815595e-01, 3.435133309724686668e-01
4.303107082117989535e-01, 1.161817837176627732e-01, 1.099949476249219987e-01, 3.435125604456163440e-01
4.303177133459901715e-01, 1.161800482041851768e-01, 1.099904356662943505e-01, 3.435118027835303289e-01
4.303247196699757082e-01, 1.161783087763898631e-01, 1.099859135752688927e-01, 3.435110579783655638e-01
4.303317271789366960e-01, 1.161765654393747127e-01, 1.099813813594312517e-01, 3.435103260222573396e-01
4.303387358680439978e-01, 1.161748181982526634e-01, 1.099768390263825141e-01, 3.435096069073209635e-01
4.303457457324580404e-01, 1.161730670581510860e-01, 1.099722865837391428e-01, 3.435089006256517030e-01
4.303527567673292031e-01, 1.161713120242123948e-01, 1.099677240391330746e-01, 3.435082071693253969e-01
4.303597689677970961e-01, 1.161695531015935756e-01, 1.099631514002114008e-01, 3.435075265303978997e-01
4.303667823289911709e-01, 1.161677902954663111e-01, 1.099585686746368390e-01, 3.435068587009054708e-01
4.303737968460308871e-01, 1.161660236110172162e-01, 1.099539758700872893e-01, 3.435062036728644408e-01
4.303808125140251017e-01, 1.161642530534472417e-01, 1.099493729942560283e-01, 3.435055614382717115e-01
4.303878293280721246e-01, 1.161624786279722571e-01, 1.099447600548516119e-01, 3.435049319891039232e-01
4.303948472832608285e-01, 1.161607003398227034e-01, 1.099401370595977923e-01, 3.435043153173187314e-01
4.304018663746688733e-01, 1.161589181942436627e-01, 1.099355040162337399e-01, 3.435037114148535853e-01
4.304088865973646483e-01, 1.161571321964947889e-01, 1.099308609325138908e-01, 3.435031202736267830e-01
4.304159079464053850e-01, 1.161553423518503769e-01, 1.099262078162077799e-01, 3.435025418855365276e-01
4.304229304168386006e-01, 1.161535486655993071e-01, 1.099215446751002911e-01, 3.435019762424616485e-01
4.304299540037018201e-01, 1.161517511430450456e-01, 1.099168715169914351e-01, 3.435014233362617131e-01
4.304369787020219662e-01, 1.161499497895054495e-01, 1.099121883496964325e-01, 3.435008831587760270e-01
4.304440045068158027e-01, 1.161481446103132253e-01, 1.099074951810457834e-01, 3.435003557018252440e-01
4.304510314130901572e-01, 1.161463356108151795e-01, 1.099027920188848928e-01, 3.434998409572097011e-01
4.304580594158415319e-01, 1.161445227963729815e-01, 1.098980788710746392e-01, 3.434993389167108058e-01
4.304650885100566593e-01, 1.161427061723625254e-01, 1.098933557454907367e-01, 3.434988495720901480e-01
4.304721186907114472e-01, 1.161408857441742770e-01, 1.098886226500241370e-01, 3.434983729150900555e-01
4.304791499527724219e-01, 1.161390615172131768e-01, 1.098838795925808770e-01, 3.434979089374335381e-01
4.304861822911953961e-01, 1.161372334968985010e-01, 1.098791265810820511e-01, 3.434974576308240102e-01
4.304932157009268012e-01, 1.161354016886639584e-01, 1.098743636234637971e-01, 3.434970189869455681e-01
4.305002501769022993e-01, 1.161335660979576911e-01, 1.098695907276773381e-01, 3.434965929974628240e-01
4.305072857140477827e-01, 1.161317267302421907e-01, 1.098648079016888296e-01, 3.434961796540212942e-01
4.305143223072793734e-01, 1.161298835909942428e-01, 1.098600151534795677e-01, 3.434957789482468993e-01
4.305213599515026468e-01, 1.161280366857050661e-01, 1.098552124910456840e-01, 3.434953908717466864e-01
4.305283986416133524e-01, 1.161261860198801177e-01, 1.098503999223983812e-01, 3.434950154161079960e-01
4.305354383724978029e-01, 1.161243315990392738e-01, 1.098455774555638087e-01, 3.434946525728992950e-01
4.305424791390311534e-01, 1.161224734287164967e-01, 1.098407450985830619e-01, 3.434943023336693435e-01
4.305495209360795106e-01, 1.161206115144602369e-01, 1.098359028595120440e-01, 3.434939646899481946e-01
4.305565637584988226e-01, 1.161187458618330726e-01, 1.098310507464217017e-01, 3.434936396332463060e-01
4.305636076011349900e-01, 1.161168764764117511e-01, 1.098261887673978171e-01, 3.434933271550553724e-01
4.305706524588239215e-01, 1.161150033637874113e-01, 1.098213169305410214e-01, 3.434930272468475487e-01
4.305776983263915891e-01, 1.161131265295652498e-01, 1.098164352439668506e-01, 3.434927399000762271e-01
4.305847451986543062e-01, 1.161112459793646884e-01, 1.098115437158056207e-01, 3.434924651061754264e-01
4.305917930704182828e-01, 1.161093617188192345e-01, 1.098066423542024411e-01, 3.434922028565601249e-01
4.305988419364796260e-01, 1.161074737535766482e-01, 1.098017311673172708e-01, 3.434919531426264272e-01
4.306058917916251172e-01, 1.161055820892988033e-01, 1.097968101633248900e-01, 3.434917159557512312e-01
4.306129426306311569e-01, 1.161036867316615623e-01, 1.097918793504146923e-01, 3.434914912872925052e-01
4.306199944482646536e-01, 1.161017876863549986e-01, 1.097869387367910871e-01, 3.434912791285892886e-01
4.306270472392824122e-01, 1.160998849590831883e-01, 1.097819883306729444e-01, 3.434910794709614135e-01
4.306341009984316348e-01, 1.160979785555643212e-01, 1.097770281402939418e-01, 3.434908923057100050e-01
4.306411557204495866e-01, 1.160960684815304927e-01, 1.097720581739024953e-01, 3.434907176241173699e-01
4.306482114000639294e-01, 1.160941547427280091e-01, 1.097670784397616062e-01, 3.434905554174464415e-01
4.306552680319921667e-01, 1.160922373449169709e-01, 1.097620889461490695e-01, 3.434904056769417235e-01
4.306623256109425313e-01, 1.160903162938716066e-01, 1.097570897013571967e-01, 3.434902683938287349e-01
4.306693841316129867e-01, 1.160883915953800222e-01, 1.097520807136929538e-01, 3.434901435593140095e-01
4.306764435886921150e-01, 1.160864632552443543e-01, 1.097470619914779899e-01, 3.434900311645855409e-01
4.306835039768587836e-01, 1.160845312792804507e-01, 1.097420335430484978e-01, 3.434899312008123928e-01
4.306905652907817572e-01, 1.160825956733183145e-01, 1.097369953767551171e-01, 3.434898436591447002e-01
4.306976275251207520e-01, 1.160806564432017574e-01, 1.097319475009633227e-01, 3.434897685307142789e-01
4.307046906745249926e-01, 1.160787135947884130e-01, 1.097268899240528145e-01, 3.434897058066337383e-01
4.307117547336347663e-01, 1.160767671339498069e-01, 1.097218226544180025e-01, 3.434896554779973132e-01
4.307188196970803129e-01, 1.160748170665712176e-01, 1.097167457004678132e-01, 3.434896175358805315e-01
4.307258855594823799e-01, 1.160728633985518843e-01, 1.097116590706255224e-01, 3.434895919713401025e-01
4.307329523154520556e-01, 1.160709061358047578e-01, 1.097065627733289223e-01, 3.434895787754143615e-01
4.307400199595904922e-01, 1.160689452842564723e-01, 1.097014568170303489e-01, 3.434895779391226589e-01
4.307470884864898486e-01, 1.160669808498475813e-01, 1.096963412101963770e-01, 3.434895894534660821e-01
4.307541578907322366e-01, 1.160650128385323221e-01, 1.096912159613081944e-01, 3.434896133094272330e-01
4.307612281668903309e-01, 1.160630412562786429e-01, 1.096860810788612695e-01, 3.434896494979697845e-01
4.307682993095273138e-01, 1.160610661090681478e-01, 1.096809365713654061e-01, 3.434896980100391461e-01
4.307753713131963758e-01, 1.160590874028961939e-01, 1.096757824473448967e-01, 3.434897588365624643e-01
4.307824441724419917e-01, 1.160571051437717799e-01, 1.096706187153382861e-01, 3.434898319684479007e-01
4.307895178817985338e-01, 1.160551193377175189e-01, 1.096654453838984550e-01, 3.434899173965855201e-01
4.307965924357909371e-01, 1.160531299907697766e-01, 1.096602624615925781e-01, 3.434900151118468470e-01
4.308036678289345889e-01, 1.160511371089782973e-01, 1.096550699570021242e-01, 3.434901251050849758e-01
4.308107440557357171e-01, 1.160491406984066887e-01, 1.096498678787228148e-01, 3.434902473671349044e-01
4.308178211106907241e-01, 1.160471407651319231e-01, 1.096446562353646376e-01, 3.434903818888126459e-01
4.308248989882867974e-01, 1.160451373152445731e-01, 1.096394350355518466e-01, 3.434905286609167829e-01
4.308319776830016878e-01, 1.160431303548488391e-01, 1.096342042879227818e-01, 3.434906876742266912e-01
4.308390571893034870e-01, 1.160411198900622443e-01, 1.096289640011301331e-01, 3.434908589195041495e-01
4.308461375016510164e-01, 1.160391059270161063e-01, 1.096237141838406065e-01, 3.434910423874922292e-01
4.308532186144937159e-01, 1.160370884718549267e-01, 1.096184548447352580e-01, 3.434912380689160716e-01
4.308603005222718108e-01, 1.160350675307367796e-01, 1.096131859925090490e-01, 3.434914459544824994e-01
4.308673832194157005e-01, 1.160330431098331866e-01, 1.096079076358712351e-01, 3.434916660348798501e-01
4.308744667003469586e-01, 1.160310152153290891e-01, 1.096026197835451854e-01, 3.434918983007786975e-01
4.308815509594773885e-01, 1.160289838534228762e-01, 1.095973224442682026e-01, 3.434921427428314078e-01
4.308886359912099118e-01, 1.160269490303261902e-01, 1.095920156267917722e-01, 3.434923993516721397e-01
4.308957217899376246e-01, 1.160249107522641765e-01, 1.095866993398813410e-01, 3.434926681179168995e-01
4.309028083500445749e-01, 1.160228690254751366e-01, 1.095813735923165388e-01, 3.434929490321637080e-01
4.309098956659057067e-01, 1.160208238562109723e-01, 1.095760383928907761e-01, 3.434932420849926005e-01
4.309169837318863605e-01, 1.160187752507366860e-01, 1.095706937504116740e-01, 3.434935472669654044e-01
4.309240725423427731e-01, 1.160167232153305472e-01, 1.095653396737006485e-01, 3.434938645686260728e-01
4.309311620916220220e-01, 1.160146677562842177e-01, 1.095599761715931736e-01, 3.434941939805006283e-01
4.309382523740618587e-01, 1.160126088799025568e-01, 1.095546032529386010e-01, 3.434945354930969974e-01
4.309453433839907643e-01, 1.160105465925036633e-01, 1.095492209266002437e-01, 3.434948890969052870e-01
4.309524351157282829e-01, 1.160084809004188339e-01, 1.095438292014553339e-01, 3.434952547823975078e-01
4.309595275635844103e-01, 1.160064118099925351e-01, 1.095384280863948845e-01, 3.434956325400282395e-01
4.309666207218600942e-01, 1.160043393275823898e-01, 1.095330175903238140e-01, 3.434960223602337437e-01
4.309737145848472339e-01, 1.160022634595592045e-01, 1.095275977221609187e-01, 3.434964242334325735e-01
4.309808091468286251e-01, 1.160001842123069976e-01, 1.095221684908387894e-01, 3.434968381500256296e-01
4.309879044020777372e-01, 1.159981015922227215e-01, 1.095167299053037696e-01, 3.434972641003957716e-01
4.309950003448589917e-01, 1.159960156057165820e-01, 1.095112819745160532e-01, 3.434977020749082621e-01
4.310020969694279835e-01, 1.159939262592118298e-01, 1.095058247074496421e-01, 3.434981520639106556e-01
4.310091942700305934e-01, 1.159918335591445943e-01, 1.095003581130921111e-01, 3.434986140577327429e-01
4.310162922409042086e-01, 1.159897375119643276e-01, 1.094948822004449124e-01, 3.434990880466864960e-01
4.310233908762768906e-01, 1.159876381241332771e-01, 1.094893969785231402e-01, 3.434995740210666226e-01
4.310304901703678748e-01, 1.159855354021267354e-01, 1.094839024563556695e-01, 3.435000719711496786e-01
4.310375901173872926e-01, 1.159834293524331095e-01, 1.094783986429848921e-01, 3.435005818871948446e-01
4.310446907115357273e-01, 1.159813199815535323e-01, 1.094728855474669804e-01, 3.435011037594437600e-01
4.310517919470058246e-01, 1.159792072960022374e-01, 1.094673631788716239e-01, 3.435016375781204112e-01
4.310588938179801821e-01, 1.159770913023062677e-01, 1.094618315462822372e-01, 3.435021833334311880e-01
4.310659963186331267e-01, 1.159749720070057666e-01, 1.094562906587957657e-01, 3.435027410155653826e-01
4.310730994431297702e-01, 1.159728494166534785e-01, 1.094507405255227828e-01, 3.435033106146940240e-01
4.310802031856261762e-01, 1.159707235378151652e-01, 1.094451811555873094e-01, 3.435038921209713214e-01
4.310873075402696930e-01, 1.159685943770694394e-01, 1.094396125581270085e-01, 3.435044855245338313e-01
4.310944125011986761e-01, 1.159664619410076536e-01, 1.094340347422929904e-01, 3.435050908155006244e-01
4.311015180625425436e-01, 1.159643262362340110e-01, 1.094284477172498965e-01, 3.435057079839733962e-01
4.311086242184219430e-01, 1.159621872693655104e-01, 1.094228514921758710e-01, 3.435063370200366895e-01
4.311157309629484180e-01, 1.159600450470318483e-01, 1.094172460762624505e-01, 3.435069779137572832e-01
4.311228382902249079e-01, 1.159578995758755587e-01, 1.094116314787146188e-01, 3.435076306551849701e-01
4.311299461943453037e-01, 1.159557508625516653e-01, 1.094060077087508770e-01, 3.435082952343521678e-01
4.311370546693948924e-01, 1.159535989137282230e-01, 1.094003747756030070e-01, 3.435089716412739747e-01
4.311441637094499679e-01, 1.159514437360857214e-01, 1.093947326885161830e-01, 3.435096598659481693e-01
4.311512733085780535e-01, 1.159492853363173898e-01, 1.093890814567489989e-01, 3.435103598983555995e-01
4.311583834608379573e-01, 1.159471237211291139e-01, 1.093834210895734127e-01, 3.435110717284594606e-01
4.311654941602796609e-01, 1.159449588972393669e-01, 1.093777515962745805e-01, 3.435117953462062945e-01
4.311726054009445419e-01, 1.159427908713792643e-01, 1.093720729861511337e-01, 3.435125307415251572e-01
4.311797171768647075e-01, 1.159406196502924258e-01, 1.093663852685147764e-01, 3.435132779043279516e-01
4.311868294820644931e-01, 1.159384452407350441e-01, 1.093606884526906603e-01, 3.435140368245097053e-01
4.311939423105586311e-01, 1.159362676494760103e-01, 1.093549825480170934e-01, 3.435148074919482375e-01
4.312010556563536379e-01, 1.159340868832964833e-01, 1.093492675638456368e-01, 3.435155898965042143e-01
4.312081695134470372e-01, 1.159319029489903063e-01, 1.093435435095410774e-01, 3.435163840280215930e-01
4.312152838758278039e-01, 1.159297158533636879e-01, 1.093378103944813023e-01, 3.435171898763271225e-01
4.312223987374765866e-01, 1.159275256032353957e-01, 1.093320682280574385e-01, 3.435180074312304543e-01
4.312295140923651515e-01, 1.159253322054365765e-01, 1.093263170196736994e-01, 3.435188366825245865e-01
4.312366299344563281e-01, 1.159231356668108115e-01, 1.093205567787475380e-01, 3.435196776199853641e-01
4.312437462577048963e-01, 1.159209359942140610e-01, 1.093147875147093412e-01, 3.435205302333718125e-01
4.312508630560564216e-01, 1.159187331945146643e-01, 1.093090092370027772e-01, 3.435213945124263035e-01
4.312579803234484199e-01, 1.159165272745933534e-01, 1.093032219550843925e-01, 3.435222704468738897e-01
4.312650980538097478e-01, 1.159143182413431422e-01, 1.092974256784239317e-01, 3.435231580264231366e-01
4.312722162410605464e-01, 1.159121061016694376e-01, 1.092916204165040456e-01, 3.435240572407658455e-01
4.312793348791126302e-01, 1.159098908624898866e-01, 1.092858061788205964e-01, 3.435249680795768867e-01
4.312864539618689319e-01, 1.159076725307344180e-01, 1.092799829748821172e-01, 3.435258905325145329e-01
4.312935734832242796e-01, 1.159054511133452425e-01, 1.092741508142103524e-01, 3.435268245892200145e-01
4.313006934370648970e-01, 1.159032266172767556e-01, 1.092683097063399666e-01, 3.435277702393183530e-01
4.313078138172682374e-01, 1.159009990494956066e-01, 1.092624596608184478e-01, 3.435287274724176387e-01
4.313149346177038712e-01, 1.158987684169806853e-01, 1.092566006872062317e-01, 3.435296962781091978e-01
4.313220558322324316e-01, 1.158965347267229412e-01, 1.092507327950767437e-01, 3.435306766459679251e-01
4.313291774547061697e-01, 1.158942979857255778e-01, 1.092448559940160935e-01, 3.435316685655522284e-01
4.313362994789691762e-01, 1.158920582010039141e-01, 1.092389702936234497e-01, 3.435326720264036404e-01
4.313434218988568825e-01, 1.158898153795852592e-01, 1.092330757035105820e-01, 3.435336870180473179e-01
4.313505447081964483e-01, 1.158875695285091906e-01, 1.092271722333023054e-01, 3.435347135299919863e-01
4.313576679008068737e-01, 1.158853206548273035e-01, 1.092212598926359662e-01, 3.435357515517297178e-01
4.313647914704983877e-01, 1.158830687656031977e-01, 1.092153386911619839e-01, 3.435368010727363752e-01
4.313719154110732257e-01, 1.158808138679125188e-01, 1.092094086385431984e-01, 3.435378620824710016e-01
4.313790397163250745e-01, 1.158785559688429723e-01, 1.092034697444554808e-01, 3.435389345703765973e-01
4.313861643800392387e-01, 1.158762950754941706e-01, 1.091975220185870676e-01, 3.435400185258793981e-01
4.313932893959931958e-01, 1.158740311949777585e-01, 1.091915654706392264e-01, 3.435411139383897638e-01
4.314004147579557080e-01, 1.158717643344173154e-01, 1.091856001103257423e-01, 3.435422207973012898e-01
4.314075404596872110e-01, 1.158694945009483002e-01, 1.091796259473729602e-01, 3.435433390919915841e-01
4.314146664949400911e-01, 1.158672217017181760e-01, 1.091736429915200063e-01, 3.435444688118216572e-01
4.314217928574587413e-01, 1.158649459438861745e-01, 1.091676512525184967e-01, 3.435456099461366430e-01
4.314289195409787836e-01, 1.158626672346234759e-01, 1.091616507401327041e-01, 3.435467624842649670e-01
4.314360465392280686e-01, 1.158603855811130845e-01, 1.091556414641394052e-01, 3.435479264155193446e-01
4.314431738459260646e-01, 1.158581009905498699e-01, 1.091496234343280608e-01, 3.435491017291960048e-01
4.314503014547839688e-01, 1.158558134701403730e-01, 1.091435966605004693e-01, 3.435502884145750779e-01
4.314574293595051513e-01, 1.158535230271030281e-01, 1.091375611524710437e-01, 3.435514864609207075e-01
4.314645575537845446e-01, 1.158512296686680237e-01, 1.091315169200666318e-01, 3.435526958574807721e-01
4.314716860313089764e-01, 1.158489334020772477e-01, 1.091254639731265852e-01, 3.435539165934871075e-01
4.314788147857574474e-01, 1.158466342345843836e-01, 1.091194023215027037e-01, 3.435551486581554514e-01
4.314859438108002987e-01, 1.158443321734546616e-01, 1.091133319750591663e-01, 3.435563920406858873e-01
4.314930731001003217e-01, 1.158420272259650941e-01, 1.091072529436725586e-01, 3.435576467302620118e-01
4.315002026473119812e-01, 1.158397193994044339e-01, 1.091011652372318452e-01, 3.435589127160516565e-01
4.315073324460818038e-01, 1.158374087010728554e-01, 1.090950688656384671e-01, 3.435601899872068321e-01
4.315144624900481563e-01, 1.158350951382823568e-01, 1.090889638388060634e-01, 3.435614785328633958e-01
4.315215927728413559e-01, 1.158327787183563856e-01, 1.090828501666606387e-01, 3.435627783421415504e-01
4.315287232880838930e-01, 1.158304594486300465e-01, 1.090767278591405071e-01, 3.435640894041454563e-01
4.315358540293902090e-01, 1.158281373364500044e-01, 1.090705969261962227e-01, 3.435654117079636749e-01
4.315429849903664183e-01, 1.158258123891742764e-01, 1.090644573777906357e-01, 3.435667452426686697e-01
4.315501161646113082e-01, 1.158234846141726615e-01, 1.090583092238989055e-01, 3.435680899973171942e-01
4.315572475457153390e-01, 1.158211540188262001e-01, 1.090521524745082099e-01, 3.435694459609503482e-01
4.315643791272607555e-01, 1.158188206105276175e-01, 1.090459871396181751e-01, 3.435708131225934658e-01
4.315715109028226415e-01, 1.158164843966809215e-01, 1.090398132292403205e-01, 3.435721914712561165e-01
4.315786428659673657e-01, 1.158141453847015973e-01, 1.090336307533986415e-01, 3.435735809959324372e-01
4.315857750102539137e-01, 1.158118035820165370e-01, 1.090274397221290131e-01, 3.435749816856005778e-01
4.315929073292332219e-01, 1.158094589960640547e-01, 1.090212401454795366e-01, 3.435763935292230897e-01
4.316000398164486218e-01, 1.158071116342937051e-01, 1.090150320335103729e-01, 3.435778165157472031e-01
4.316071724654351738e-01, 1.158047615041665340e-01, 1.090088153962937567e-01, 3.435792506341044938e-01
4.316143052697203331e-01, 1.158024086131548835e-01, 1.090025902439140243e-01, 3.435806958732107175e-01
4.316214382228238389e-01, 1.158000529687421842e-01, 1.089963565864674189e-01, 3.435821522219665303e-01
4.316285713182574368e-01, 1.157976945784234685e-01, 1.089901144340623823e-01, 3.435836196692566569e-01
4.316357045495253786e-01, 1.157953334497047182e-01, 1.089838637968191387e-01, 3.435850982039507784e-01
4.316428379101235890e-01, 1.157929695901033923e-01, 1.089776046848700691e-01, 3.435865878149028663e-01
4.316499713935408322e-01, 1.157906030071480241e-01, 1.089713371083594062e-01, 3.435880884909516819e-01
4.316571049932579895e-01, 1.157882337083783741e-01, 1.089650610774433176e-01, 3.435896002209203326e-01
4.316642387027480043e-01, 1.157858617013454022e-01, 1.089587766022897947e-01, 3.435911229936168820e-01
4.316713725154762149e-01, 1.157834869936110872e-01, 1.089524836930788887e-01, 3.435926567978337398e-01
4.316785064249005766e-01, 1.157811095927487877e-01, 1.089461823600024054e-01, 3.435942016223484385e-01
4.316856404244707734e-01, 1.157787295063426453e-01, 1.089398726132639744e-01, 3.435957574559225236e-01
4.316927745076292178e-01, 1.157763467419882092e-01, 1.089335544630791325e-01, 3.435973242873033295e-01
4.316999086678108832e-01, 1.157739613072918117e-01, 1.089272279196752263e-01, 3.435989021052220926e-01
4.317070428984426389e-01, 1.157715732098710676e-01, 1.089208929932912184e-01, 3.436004908983950057e-01
4.317141771929440819e-01, 1.157691824573543748e-01, 1.089145496941780061e-01, 3.436020906555235510e-01
4.317213115447269822e-01, 1.157667890573813307e-01, 1.089081980325981164e-01, 3.436037013652936123e-01
4.317284459471955604e-01, 1.157643930176023989e-01, 1.089018380188259139e-01, 3.436053230163761962e-01
4.317355803937465430e-01, 1.157619943456790201e-01, 1.088954696631473235e-01, 3.436069555974270995e-01
4.317427148777692181e-01, 1.157595930492836267e-01, 1.088890929758600384e-01, 3.436085990970871307e-01
4.317498493926452685e-01, 1.157571891360994337e-01, 1.088827079672733261e-01, 3.436102535039819439e-01
4.317569839317488278e-01, 1.157547826138207170e-01, 1.088763146477081528e-01, 3.436119188067223162e-01
4.317641184884462580e-01, 1.157523734901524937e-01, 1.088699130274971838e-01, 3.436135949939041478e-01
4.317712530560968709e-01, 1.157499617728106195e-01, 1.088635031169844086e-01, 3.436152820541081288e-01
4.317783876280521516e-01, 1.157475474695218998e-01, 1.088570849265256407e-01, 3.436169799759001831e-01
4.317855221976565350e-01, 1.157451305880238257e-01, 1.088506584664881705e-01, 3.436186887478313579e-01
4.317926567582466846e-01, 1.157427111360647271e-01, 1.088442237472507651e-01, 3.436204083584377122e-01
4.317997913031518253e-01, 1.157402891214036889e-01, 1.088377807792037799e-01, 3.436221387962406504e-01
4.318069258256939658e-01, 1.157378645518105098e-01, 1.088313295727489222e-01, 3.436238800497466439e-01
4.318140603191875093e-01, 1.157354374350657578e-01, 1.088248701382994593e-01, 3.436256321074472875e-01
4.318211947769396430e-01, 1.157330077789606310e-01, 1.088184024862801635e-01, 3.436273949578195763e-01
4.318283291922499489e-01, 1.157305755912970413e-01, 1.088119266271271035e-01, 3.436291685893257952e-01
4.318354635584113477e-01, 1.157281408798876282e-01, 1.088054425712878109e-01, 3.436309529904133520e-01
4.318425978687082112e-01, 1.157257036525554394e-01, 1.087989503292211557e-01, 3.436327481495151104e-01
4.318497321164188607e-01, 1.157232639171344030e-01, 1.087924499113974985e-01, 3.436345540550491684e-01
4.318568662948136239e-01, 1.157208216814688273e-01, 1.087859413282983440e-01, 3.436363706954193020e-01
4.318640003971554453e-01, 1.157183769534137069e-01, 1.087794245904166318e-01, 3.436381980590141882e-01
4.318711344167003308e-01, 1.157159297408345694e-01, 1.087728997082565430e-01, 3.436400361342084597e-01
4.318782683466970695e-01, 1.157134800516073786e-01, 1.087663666923336381e-01, 3.436418849093619832e-01
4.318854021803869569e-01, 1.157110278936186454e-01, 1.087598255531745384e-01, 3.436437443728198038e-01
4.318925359110041273e-01, 1.157085732747655110e-01, 1.087532763013173004e-01, 3.436456145129132000e-01
4.318996695317754431e-01, 1.157061162029552615e-01, 1.087467189473109996e-01, 3.436474953179583514e-01
4.319068030359207722e-01, 1.157036566861058824e-01, 1.087401535017161053e-01, 3.436493867762572263e-01
4.319139364166527661e-01, 1.157011947321456569e-01, 1.087335799751040777e-01, 3.436512888760975826e-01
4.319210696671767491e-01, 1.156987303490132901e-01, 1.087269983780575766e-01, 3.436532016057524674e-01
4.319282027806909396e-01, 1.156962635446578819e-01, 1.087204087211704612e-01, 3.436551249534807173e-01
4.319353357503866730e-01, 1.156937943270388014e-01, 1.087138110150475401e-01, 3.436570589075269577e-01
4.319424685694478461e-01, 1.156913227041258402e-01, 1.087072052703048214e-01, 3.436590034561214924e-01
4.319496012310513611e-01, 1.156888486838990315e-01, 1.087005914975693460e-01, 3.436609585874802475e-01
4.319567337283671260e-01, 1.156863722743486783e-01, 1.086939697074792432e-01, 3.436629242898050496e-01
4.319638660545577213e-01, 1.156838934834753946e-01, 1.086873399106834948e-01, 3.436649005512833477e-01
4.319709982027790662e-01, 1.156814123192899946e-01, 1.086807021178422816e-01, 3.436668873600886021e-01
4.319781301661798634e-01, 1.156789287898135482e-01, 1.086740563396265680e-01, 3.436688847043799511e-01
4.319852619379015435e-01, 1.156764429030772978e-01, 1.086674025867184618e-01, 3.436708925723025998e-01
4.319923935110788760e-01, 1.156739546671226443e-01, 1.086607408698108540e-01, 3.436729109519876535e-01
4.319995248788396358e-01, 1.156714640900010915e-01, 1.086540711996075576e-01, 3.436749398315517845e-01
4.320066560343041595e-01, 1.156689711797744130e-01, 1.086473935868233764e-01, 3.436769791990980094e-01
4.320137869705865108e-01, 1.156664759445144575e-01, 1.086407080421838700e-01, 3.436790290427153005e-01
4.320209176807931484e-01, 1.156639783923029546e-01, 1.086340145764255055e-01, 3.436810893504783637e-01
4.320280481580241472e-01, 1.156614785312319871e-01, 1.086273132002955194e-01, 3.436831601104483602e-01
4.320351783953723657e-01, 1.156589763694034351e-01, 1.086206039245520005e-01, 3.436852413106721293e-01
4.320423083859238345e-01, 1.156564719149293791e-01, 1.086138867599638486e-01, 3.436873329391829657e-01
4.320494381227577008e-01, 1.156539651759317805e-01, 1.086071617173105797e-01, 3.436894349840000640e-01
4.320565675989461729e-01, 1.156514561605425928e-01, 1.086004288073825902e-01, 3.436915474331286857e-01
4.320636968075547424e-01, 1.156489448769038031e-01, 1.085936880409809069e-01, 3.436936702745606032e-01
4.320708257416420173e-01, 1.156464313331672655e-01, 1.085869394289172979e-01, 3.436958034962734887e-01
4.320779543942596113e-01, 1.156439155374946459e-01, 1.085801829820141895e-01, 3.436979470862314701e-01
4.320850827584526987e-01, 1.156413974980577269e-01, 1.085734187111046384e-01, 3.437001010323848527e-01
4.320922108272593487e-01, 1.156388772230379641e-01, 1.085666466270324149e-01, 3.437022653226702307e-01
4.320993385937111908e-01, 1.156363547206266940e-01, 1.085598667406517809e-01, 3.437044399450104315e-01
4.321064660508324162e-01, 1.156338299990251062e-01, 1.085530790628275455e-01, 3.437066248873149044e-01
4.321135931916413875e-01, 1.156313030664442160e-01, 1.085462836044352869e-01, 3.437088201374791652e-01
4.321207200091491396e-01, 1.156287739311046558e-01, 1.085394803763608806e-01, 3.437110256833852961e-01
4.321278464963599908e-01, 1.156262426012370503e-01, 1.085326693895009298e-01, 3.437132415129020013e-01
4.321349726462718754e-01, 1.156237090850815719e-01, 1.085258506547624596e-01, 3.437154676138839959e-01
4.321420984518759556e-01, 1.156211733908882183e-01, 1.085190241830629038e-01, 3.437177039741730056e-01
4.321492239061564544e-01, 1.156186355269164939e-01, 1.085121899853302152e-01, 3.437199505815967671e-01
4.321563490020914333e-01, 1.156160955014357561e-01, 1.085053480725028108e-01, 3.437222074239699166e-01
4.321634737326519593e-01, 1.156135533227250212e-01, 1.084984984555294185e-01, 3.437244744890936565e-01
4.321705980908023825e-01, 1.156110089990726869e-01, 1.084916411453692303e-01, 3.437267517647555892e-01
4.321777220695010024e-01, 1.156084625387770320e-01, 1.084847761529918603e-01, 3.437290392387302163e-01
4.321848456616988465e-01, 1.156059139501456751e-01, 1.084779034893771366e-01, 3.437313368987783835e-01
4.321919688603408916e-01, 1.156033632414959628e-01, 1.084710231655152263e-01, 3.437336447326478917e-01
4.321990916583653974e-01, 1.156008104211547066e-01, 1.084641351924067187e-01, 3.437359627280730523e-01
4.322062140487041848e-01, 1.155982554974581689e-01, 1.084572395810624174e-01, 3.437382908727752984e-01
4.322133360242821909e-01, 1.155956984787522013e-01, 1.084503363425033534e-01, 3.437406291544623516e-01
4.322204575780182467e-01, 1.155931393733919677e-01, 1.084434254877607168e-01, 3.437429775608290550e-01
4.322275787028245220e-01, 1.155905781897423323e-01, 1.084365070278761750e-01, 3.437453360795570956e-01
4.322346993916066360e-01, 1.155880149361772913e-01, 1.084295809739013600e-01, 3.437477046983147821e-01
4.322418196372639909e-01, 1.155854496210804438e-01, 1.084226473368981036e-01, 3.437500834047574894e-01
4.322489394326893275e-01, 1.155828822528446181e-01, 1.084157061279384798e-01, 3.437524721865274913e-01
4.322560587707692248e-01, 1.155803128398721902e-01, 1.084087573581046515e-01, 3.437548710312540723e-01
4.322631776443834339e-01, 1.155777413905745427e-01, 1.084018010384887876e-01, 3.437572799265532497e-01
4.322702960464056554e-01, 1.155751679133727172e-01, 1.083948371801932847e-01, 3.437596988600283288e-01
4.322774139697032614e-01, 1.155725924166968177e-01, 1.083878657943305041e-01, 3.437621278192695140e-01
4.322845314071369072e-01, 1.155700149089862599e-01, 1.083808868920228402e-01, 3.437645667918539649e-01
4.322916483515609198e-01, 1.155674353986898273e-01, 1.083739004844028880e-01, 3.437670157653463510e-01
4.322987647958237978e-01, 1.155648538942652542e-01, 1.083669065826129846e-01, 3.437694747272978524e-01
4.323058807327674335e-01, 1.155622704041797816e-01, 1.083599051978055977e-01, 3.437719436652472704e-01
4.323129961552270029e-01, 1.155596849369094903e-01, 1.083528963411430623e-01, 3.437744225667202502e-01
4.323201110560322413e-01, 1.155570975009399814e-01, 1.083458800237977748e-01, 3.437769114192300024e-01
4.323272254280058902e-01, 1.155545081047656270e-01, 1.083388562569518598e-01, 3.437794102102766369e-01
4.323343392639645844e-01, 1.155519167568901800e-01, 1.083318250517973924e-01, 3.437819189273476628e-01
4.323414525567193523e-01, 1.155493234658263174e-01, 1.083247864195364535e-01, 3.437844375579178213e-01
4.323485652990740058e-01, 1.155467282400958334e-01, 1.083177403713807135e-01, 3.437869660894493085e-01
4.323556774838268058e-01, 1.155441310882295985e-01, 1.083106869185519600e-01, 3.437895045093916635e-01
4.323627891037696847e-01, 1.155415320187673511e-01, 1.083036260722814725e-01, 3.437920528051814362e-01
4.323699001516884133e-01, 1.155389310402580444e-01, 1.082965578438105508e-01, 3.437946109642430748e-01
4.323770106203624342e-01, 1.155363281612593884e-01, 1.082894822443900701e-01, 3.437971789739881490e-01
4.323841205025652501e-01, 1.155337233903381694e-01, 1.082823992852807865e-01, 3.437997568218158495e-01
4.323912297910642022e-01, 1.155311167360700414e-01, 1.082753089777530875e-01, 3.438023444951127106e-01
4.323983384786204698e-01, 1.155285082070396513e-01, 1.082682113330870055e-01, 3.438049419812528873e-01
4.324054465579891260e-01, 1.155258978118404445e-01, 1.082611063625723985e-01, 3.438075492675980449e-01
4.324125540219191932e-01, 1.155232855590746927e-01, 1.082539940775085613e-01, 3.438101663414974696e-01
4.324196608631537542e-01, 1.155206714573536325e-01, 1.082468744892045864e-01, 3.438127931902880130e-01
4.324267670744296188e-01, 1.155180555152971467e-01, 1.082397476089790728e-01, 3.438154298012941479e-01
4.324338726484778794e-01, 1.155154377415340966e-01, 1.082326134481602226e-01, 3.438180761618279124e-01
4.324409775780230225e-01, 1.155128181447019203e-01, 1.082254720180857999e-01, 3.438207322591893544e-01
4.324480818557842055e-01, 1.155101967334469099e-01, 1.082183233301030750e-01, 3.438233980806658097e-01
4.324551854744743684e-01, 1.155075735164241141e-01, 1.082111673955688802e-01, 3.438260736135327900e-01
4.324622884268002343e-01, 1.155049485022971723e-01, 1.082040042258494150e-01, 3.438287588450532062e-01
4.324693907054629194e-01, 1.155023216997385638e-01, 1.081968338323205936e-01, 3.438314537624780343e-01
4.324764923031574337e-01, 1.154996931174291919e-01, 1.081896562263675032e-01, 3.438341583530459822e-01
4.324835932125728477e-01, 1.154970627640587721e-01, 1.081824714193848069e-01, 3.438368726039836010e-01
4.324906934263924585e-01, 1.154944306483256522e-01, 1.081752794227766046e-01, 3.438395965025053402e-01
4.324977929372934571e-01, 1.154917967789365896e-01, 1.081680802479561831e-01, 3.438423300358136592e-01
4.325048917379474833e-01, 1.154891611646071126e-01, 1.081608739063464192e-01, 3.438450731910989155e-01
4.325119898210201264e-01, 1.154865238140611039e-01, 1.081536604093793902e-01, 3.438478259555393657e-01
4.325190871791710912e-01, 1.154838847360311199e-01, 1.081464397684964857e-01, 3.438505883163013865e-01
4.325261838050542540e-01, 1.154812439392581269e-01, 1.081392119951484765e-01, 3.438533602605392536e-01
4.325332796913177180e-01, 1.154786014324915705e-01, 1.081319771007952929e-01, 3.438561417753954741e-01
4.325403748306039797e-01, 1.154759572244894311e-01, 1.081247350969061216e-01, 3.438589328480004537e-01
4.325474692155493739e-01, 1.154733113240179881e-01, 1.081174859949595307e-01, 3.438617334654731628e-01
4.325545628387849617e-01, 1.154706637398520003e-01, 1.081102298064430672e-01, 3.438645436149200263e-01
4.325616556929355871e-01, 1.154680144807746917e-01, 1.081029665428536318e-01, 3.438673632834361449e-01
4.325687477706207096e-01, 1.154653635555774466e-01, 1.080956962156972290e-01, 3.438701924581047398e-01
4.325758390644537377e-01, 1.154627109730601009e-01, 1.080884188364889253e-01, 3.438730311259971528e-01
4.325829295670428065e-01, 1.154600567420309559e-01, 1.080811344167530719e-01, 3.438758792741732351e-01
4.325900192709900560e-01, 1.154574008713063482e-01, 1.080738429680229151e-01, 3.438787368896806806e-01
4.325971081688919639e-01, 1.154547433697109826e-01, 1.080665445018408888e-01, 3.438816039595561369e-01
4.326041962533395679e-01, 1.154520842460779045e-01, 1.080592390297584332e-01, 3.438844804708239833e-01
4.326112835169181881e-01, 1.154494235092482640e-01, 1.080519265633360648e-01, 3.438873664104976080e-01
4.326183699522071491e-01, 1.154467611680714129e-01, 1.080446071141432929e-01, 3.438902617655780203e-01
4.326254555517808909e-01, 1.154440972314050157e-01, 1.080372806937585362e-01, 3.438931665230555157e-01
4.326325403082077470e-01, 1.154414317081147445e-01, 1.080299473137692617e-01, 3.438960806699082884e-01
4.326396242140505555e-01, 1.154387646070744872e-01, 1.080226069857718046e-01, 3.438990041931031527e-01
4.326467072618668253e-01, 1.154360959371662776e-01, 1.080152597213714510e-01, 3.439019370795955433e-01
4.326537894442080145e-01, 1.154334257072801295e-01, 1.080079055321823689e-01, 3.439048793163293483e-01
4.326608707536208076e-01, 1.154307539263142030e-01, 1.080005444298276496e-01, 3.439078308902374093e-01
4.326679511826456714e-01, 1.154280806031746376e-01, 1.079931764259391136e-01, 3.439107917882405219e-01
4.326750307238181881e-01, 1.154254057467757333e-01, 1.079858015321576020e-01, 3.439137619972486570e-01
4.326821093696678333e-01, 1.154227293660396308e-01, 1.079784197601325185e-01, 3.439167415041600173e-01
4.326891871127190869e-01, 1.154200514698965202e-01, 1.079710311215221347e-01, 3.439197302958622027e-01
4.326962639454908222e-01, 1.154173720672845432e-01, 1.079636356279936871e-01, 3.439227283592308226e-01
4.327033398604965830e-01, 1.154146911671497661e-01, 1.079562332912228778e-01, 3.439257356811306066e-01
4.327104148502443626e-01, 1.154120087784461790e-01, 1.079488241228942907e-01, 3.439287522484151260e-01
4.327174889072369357e-01, 1.154093249101356133e-01, 1.079414081347010029e-01, 3.439317780479264064e-01
4.327245620239714152e-01, 1.154066395711877829e-01, 1.079339853383450426e-01, 3.439348130664957592e-01
4.327316341929398069e-01, 1.154039527705802981e-01, 1.079265557455369173e-01, 3.439378572909430609e-01
4.327387054066285099e-01, 1.154012645172985546e-01, 1.079191193679957250e-01, 3.439409107080772521e-01
4.327457756575189829e-01, 1.153985748203356226e-01, 1.079116762174492927e-01, 3.439439733046960601e-01
4.327528449380870779e-01, 1.153958836886925382e-01, 1.079042263056339407e-01, 3.439470450675864988e-01
4.327599132408033178e-01, 1.153931911313779840e-01, 1.078967696442945934e-01, 3.439501259835240909e-01
4.327669805581330631e-01, 1.153904971574083727e-01, 1.078893062451847379e-01, 3.439532160392738125e-01
4.327740468825364006e-01, 1.153878017758078467e-01, 1.078818361200662712e-01, 3.439563152215895370e-01
4.327811122064681437e-01, 1.153851049956081815e-01, 1.078743592807096668e-01, 3.439594235172140357e-01
4.327881765223777211e-01, 1.153824068258488544e-01, 1.078668757388939331e-01, 3.439625409128794775e-01
4.327952398227096209e-01, 1.153797072755769898e-01, 1.078593855064063356e-01, 3.439656673953070398e-01
4.328023020999029469e-01, 1.153770063538472890e-01, 1.078518885950427580e-01, 3.439688029512069645e-01
4.328093633463915291e-01, 1.153743040697220723e-01, 1.078443850166073970e-01, 3.439719475672790572e-01
4.328164235546042571e-01, 1.153716004322711680e-01, 1.078368747829128588e-01, 3.439751012302118549e-01
4.328234827169645804e-01, 1.153688954505719955e-01, 1.078293579057800350e-01, 3.439782639266834030e-01
4.328305408258909526e-01, 1.153661891337095236e-01, 1.078218343970383658e-01, 3.439814356433610332e-01
4.328375978737971086e-01, 1.153634814907762429e-01, 1.078143042685253267e-01, 3.439846163669013634e-01
4.328446538530907328e-01, 1.153607725308719856e-01, 1.078067675320868724e-01, 3.439878060839504648e-01
4.328517087561751797e-01, 1.153580622631040914e-01, 1.077992241995771455e-01, 3.439910047811434723e-01
4.328587625754484747e-01, 1.153553506965874637e-01, 1.077916742828586710e-01, 3.439942124451052519e-01
4.328658153033036471e-01, 1.153526378404442498e-01, 1.077841177938020228e-01, 3.439974290624500664e-01
4.328728669321285083e-01, 1.153499237038040637e-01, 1.077765547442861294e-01, 3.440006546197813542e-01
4.328799174543059847e-01, 1.153472082958038186e-01, 1.077689851461979403e-01, 3.440038891036922841e-01
4.328869668622140621e-01, 1.153444916255878389e-01, 1.077614090114327461e-01, 3.440071325007654224e-01
4.328940151482253973e-01, 1.153417737023077760e-01, 1.077538263518938444e-01, 3.440103847975731211e-01
4.329010623047078732e-01, 1.153390545351224428e-01, 1.077462371794927626e-01, 3.440136459806769076e-01
4.329081083240247096e-01, 1.153363341331981318e-01, 1.077386415061489799e-01, 3.440169160366282619e-01
4.329151531985336310e-01, 1.153336125057081579e-01, 1.077310393437901637e-01, 3.440201949519680058e-01
4.329221969205876430e-01, 1.153308896618332746e-01, 1.077234307043520023e-01, 3.440234827132271356e-01
4.329292394825348667e-01, 1.153281656107612713e-01, 1.077158155997781641e-01, 3.440267793069256563e-01
4.329362808767185933e-01, 1.153254403616872231e-01, 1.077081940420203943e-01, 3.440300847195738032e-01
4.329433210954769518e-01, 1.153227139238132831e-01, 1.077005660430384454e-01, 3.440333989376713753e-01
4.329503601311435190e-01, 1.153199863063488345e-01, 1.076929316147998694e-01, 3.440367219477078464e-01
4.329573979760468205e-01, 1.153172575185102966e-01, 1.076852907692803230e-01, 3.440400537361626987e-01
4.329644346225103302e-01, 1.153145275695212080e-01, 1.076776435184633313e-01, 3.440433942895052000e-01
4.329714700628533031e-01, 1.153117964686121572e-01, 1.076699898743402606e-01, 3.440467435941944041e-01
4.329785042893894986e-01, 1.153090642250207548e-01, 1.076623298489104985e-01, 3.440501016366792064e-01
4.329855372944285130e-01, 1.153063308479917864e-01, 1.076546634541810515e-01, 3.440534684033987878e-01
4.329925690702745023e-01, 1.153035963467767822e-01, 1.076469907021669059e-01, 3.440568438807818374e-01
4.329995996092275146e-01, 1.153008607306344885e-01, 1.076393116048909027e-01, 3.440602280552471637e-01
4.330066289035821581e-01, 1.152981240088304105e-01, 1.076316261743835712e-01, 3.440636209132038603e-01
4.330136569456290441e-01, 1.152953861906371169e-01, 1.076239344226831984e-01, 3.440670224410506406e-01
4.330206837276534548e-01, 1.152926472853340184e-01, 1.076162363618358569e-01, 3.440704326251766698e-01
4.330277092419361762e-01, 1.152899073022074922e-01, 1.076085320038953075e-01, 3.440738514519609548e-01
4.330347334807536086e-01, 1.152871662505506462e-01, 1.076008213609230824e-01, 3.440772789077726768e-01
4.330417564363769345e-01, 1.152844241396635550e-01, 1.075931044449882357e-01, 3.440807149789713026e-01
4.330487781010731174e-01, 1.152816809788530239e-01, 1.075853812681675792e-01, 3.440841596519062517e-01
4.330557984671042915e-01, 1.152789367774326584e-01, 1.075776518425456130e-01, 3.440876129129174510e-01
4.330628175267279834e-01, 1.152761915447229057e-01, 1.075699161802142895e-01, 3.440910747483348908e-01
4.330698352721970013e-01, 1.152734452900508744e-01, 1.075621742932732494e-01, 3.440945451444789582e-01
4.330768516957599346e-01, 1.152706980227504729e-01, 1.075544261938296692e-01, 3.440980240876600482e-01
4.330838667896603211e-01, 1.152679497521622853e-01, 1.075466718939982746e-01, 3.441015115641791744e-01
4.330908805461373134e-01, 1.152652004876335290e-01, 1.075389114059012857e-01, 3.441050075603278580e-01
4.330978929574258451e-01, 1.152624502385181521e-01, 1.075311447416684302e-01, 3.441085120623875726e-01
4.331049040157557428e-01, 1.152596990141766670e-01, 1.075233719134369298e-01, 3.441120250566305772e-01
4.331119137133528363e-01, 1.152569468239763306e-01, 1.075155929333514865e-01, 3.441155465293193605e-01
4.331189220424380149e-01, 1.152541936772907699e-01, 1.075078078135641296e-01, 3.441190764667069746e-01
4.331259289952281155e-01, 1.152514395835003980e-01, 1.075000165662344104e-01, 3.441226148550372010e-01
4.331329345639350903e-01, 1.152486845519920255e-01, 1.074922192035291379e-01, 3.441261616805437185e-01
4.331399387407667279e-01, 1.152459285921590693e-01, 1.074844157376226017e-01, 3.441297169294516012e-01
4.331469415179262650e-01, 1.152431717134014127e-01, 1.074766061806964323e-01, 3.441332805879758761e-01
4.331539428876126085e-01, 1.152404139251253790e-01, 1.074687905449394909e-01, 3.441368526423225216e-01
4.331609428420201136e-01, 1.152376552367438134e-01, 1.074609688425479659e-01, 3.441404330786880794e-01
4.331679413733388051e-01, 1.152348956576759592e-01, 1.074531410857253871e-01, 3.441440218832597653e-01
4.331749384737543784e-01, 1.152321351973474572e-01, 1.074453072866825010e-01, 3.441476190422156356e-01
4.331819341354481989e-01, 1.152293738651903321e-01, 1.074374674576372424e-01, 3.441512245417242544e-01
4.331889283505970800e-01, 1.152266116706429644e-01, 1.074296216108147212e-01, 3.441548383679451928e-01
4.331959211113738384e-01, 1.152238486231501324e-01, 1.074217697584473746e-01, 3.441584605070285297e-01
4.332029124099467943e-01, 1.152210847321629289e-01, 1.074139119127747316e-01, 3.441620909451155730e-01
4.332099022384798270e-01, 1.152183200071385666e-01, 1.074060480860434819e-01, 3.441657296683382494e-01
4.332168905891325417e-01, 1.152155544575407670e-01, 1.073981782905073512e-01, 3.441693766628192708e-01
4.332238774540609905e-01, 1.152127880928393716e-01, 1.073903025384272819e-01, 3.441730319146724115e-01
4.332308628254157856e-01, 1.152100209225105087e-01, 1.073824208420711968e-01, 3.441766954100026199e-01
4.332378466953442642e-01, 1.152072529560364128e-01, 1.073745332137141378e-01, 3.441803671349051297e-01
4.332448290559890447e-01, 1.152044842029056188e-01, 1.073666396656381972e-01, 3.441840470754671810e-01
4.332518098994888045e-01, 1.152017146726127400e-01, 1.073587402101323918e-01, 3.441877352177660776e-01
4.332587892179778355e-01, 1.151989443746585240e-01, 1.073508348594927747e-01, 3.441914315478708519e-01
4.332657670035864328e-01, 1.151961733185499076e-01, 1.073429236260223379e-01, 3.441951360518413217e-01
4.332727432484406171e-01, 1.151934015137998646e-01, 1.073350065220312066e-01, 3.441988487157283672e-01
4.332797179446622460e-01, 1.151906289699273361e-01, 1.073270835598360423e-01, 3.442025695255743201e-01
4.332866910843691799e-01, 1.151878556964575778e-01, 1.073191547517608202e-01, 3.442062984674125192e-01
4.332936626596750607e-01, 1.151850817029215629e-01, 1.073112201101360796e-01, 3.442100355272674217e-01
4.333006326626894222e-01, 1.151823069988564124e-01, 1.073032796472993683e-01, 3.442137806911547138e-01
4.333076010855178017e-01, 1.151795315938052844e-01, 1.072953333755950894e-01, 3.442175339450816440e-01
4.333145679202617950e-01, 1.151767554973172208e-01, 1.072873813073744326e-01, 3.442212952750465793e-01
4.333215331590186681e-01, 1.151739787189470787e-01, 1.072794234549952624e-01, 3.442250646670390601e-01
4.333284967938816346e-01, 1.151712012682558350e-01, 1.072714598308223688e-01, 3.442288421070401894e-01
4.333354588169401334e-01, 1.151684231548102261e-01, 1.072634904472272582e-01, 3.442326275810224101e-01
4.333424192202795511e-01, 1.151656443881829001e-01, 1.072555153165880432e-01, 3.442364210749495057e-01
4.333493779959811110e-01, 1.151628649779523061e-01, 1.072475344512897194e-01, 3.442402225747768774e-01
4.333563351361223170e-01, 1.151600849337028332e-01, 1.072395478637237776e-01, 3.442440320664511000e-01
4.333632906327765655e-01, 1.151573042650243933e-01, 1.072315555662885916e-01, 3.442478495359104773e-01
4.333702444780132557e-01, 1.151545229815129218e-01, 1.072235575713888917e-01, 3.442516749690847644e-01
4.333771966638980677e-01, 1.151517410927700852e-01, 1.072155538914363188e-01, 3.442555083518955006e-01
4.333841471824925184e-01, 1.151489586084031985e-01, 1.072075445388488424e-01, 3.442593496702554545e-01
4.333910960258544054e-01, 1.151461755380252527e-01, 1.071995295260512182e-01, 3.442631989100690681e-01
4.333980431860375848e-01, 1.151433918912549842e-01, 1.071915088654745857e-01, 3.442670560572327898e-01
4.334049886550921937e-01, 1.151406076777168330e-01, 1.071834825695567039e-01, 3.442709210976342415e-01
4.334119324250642058e-01, 1.151378229070408182e-01, 1.071754506507418270e-01, 3.442747940171531074e-01
4.334188744879959310e-01, 1.151350375888625377e-01, 1.071674131214807174e-01, 3.442786748016607445e-01
4.334258148359260709e-01, 1.151322517328232098e-01, 1.071593699942304939e-01, 3.442825634370202392e-01
4.334327534608891086e-01, 1.151294653485697012e-01, 1.071513212814548116e-01, 3.442864599090863509e-01
4.334396903549161406e-01, 1.151266784457543463e-01, 1.071432669956236816e-01, 3.442903642037057899e-01
4.334466255100343224e-01, 1.151238910340349891e-01, 1.071352071492136515e-01, 3.442942763067171619e-01
4.334535589182668680e-01, 1.151211031230750248e-01, 1.071271417547074722e-01, 3.442981962039507460e-01
4.334604905716335499e-01, 1.151183147225433301e-01, 1.071190708245942785e-01, 3.443021238812288831e-01
4.334674204621502547e-01, 1.151155258421141525e-01, 1.071109943713695889e-01, 3.443060593243659206e-01
4.334743485818292053e-01, 1.151127364914673462e-01, 1.071029124075353056e-01, 3.443100025191681013e-01
4.334812749226789053e-01, 1.151099466802879695e-01, 1.070948249455994927e-01, 3.443139534514336186e-01
4.334881994767042501e-01, 1.151071564182666734e-01, 1.070867319980763760e-01, 3.443179121069526727e-01
4.334951222359063605e-01, 1.151043657150992716e-01, 1.070786335774866760e-01, 3.443218784715076919e-01
4.335020431922828044e-01, 1.151015745804871288e-01, 1.070705296963572750e-01, 3.443258525308728890e-01
4.335089623378273749e-01, 1.150987830241367305e-01, 1.070624203672211061e-01, 3.443298342708148163e-01
4.335158796645304236e-01, 1.150959910557600996e-01, 1.070543056026173473e-01, 3.443338236770920879e-01
4.335227951643785826e-01, 1.150931986850742827e-01, 1.070461854150914632e-01, 3.443378207354555465e-01
4.335297088293549872e-01, 1.150904059218017389e-01, 1.070380598171949416e-01, 3.443418254316483185e-01
4.335366206514391640e-01, 1.150876127756701450e-01, 1.070299288214853484e-01, 3.443458377514054258e-01
4.335435306226069763e-01, 1.150848192564122852e-01, 1.070217924405263837e-01, 3.443498576804542854e-01
4.335504387348309008e-01, 1.150820253737663279e-01, 1.070136506868878401e-01, 3.443538852045149867e-01
4.335573449800798063e-01, 1.150792311374753407e-01, 1.070055035731455328e-01, 3.443579203092994034e-01
4.335642493503189532e-01, 1.150764365572878450e-01, 1.069973511118813420e-01, 3.443619629805119153e-01
4.335711518375103268e-01, 1.150736416429571640e-01, 1.069891933156830177e-01, 3.443660132038494637e-01
4.335780524336123043e-01, 1.150708464042419638e-01, 1.069810301971444721e-01, 3.443700709650012182e-01
4.335849511305797654e-01, 1.150680508509058786e-01, 1.069728617688655570e-01, 3.443741362496487435e-01
4.335918479203643150e-01, 1.150652549927175944e-01, 1.069646880434518416e-01, 3.443782090434662213e-01
4.335987427949137829e-01, 1.150624588394508901e-01, 1.069565090335151403e-01, 3.443822893321201173e-01
4.336056357461730570e-01, 1.150596624008844854e-01, 1.069483247516729296e-01, 3.443863771012697361e-01
4.336125267660829175e-01, 1.150568656868020817e-01, 1.069401352105485842e-01, 3.443904723365663889e-01
4.336194158465815907e-01, 1.150540687069923490e-01, 1.069319404227715015e-01, 3.443945750236545589e-01
4.336263029796033619e-01, 1.150512714712490364e-01, 1.069237404009766856e-01, 3.443986851481710132e-01
4.336331881570793523e-01, 1.150484739893705838e-01, 1.069155351578050528e-01, 3.444028026957449695e-01
4.336400713709372412e-01, 1.150456762711604825e-01, 1.069073247059033616e-01, 3.444069276519989842e-01
4.336469526131013774e-01, 1.150428783264270532e-01, 1.068991090579240605e-01, 3.444110600025475089e-01
4.336538318754930010e-01, 1.150400801649834742e-01, 1.068908882265253990e-01, 3.444151997329981674e-01
4.336607091500298550e-01, 1.150372817966477113e-01, 1.068826622243712471e-01, 3.444193468289513116e-01
4.336675844286265180e-01, 1.150344832312426291e-01, 1.068744310641312617e-01, 3.444235012759997439e-01
4.336744577031940162e-01, 1.150316844785957693e-01, 1.068661947584807342e-01, 3.444276630597294941e-01
4.336813289656402670e-01, 1.150288855485395167e-01, 1.068579533201007986e-01, 3.444318321657193205e-01
4.336881982078704123e-01, 1.150260864509110165e-01, 1.068497067616779178e-01, 3.444360085795405979e-01
4.336950654217857082e-01, 1.150232871955520209e-01, 1.068414550959043419e-01, 3.444401922867579291e-01
4.337019305992845797e-01, 1.150204877923090285e-01, 1.068331983354778997e-01, 3.444443832729284782e-01
4.337087937322619546e-01, 1.150176882510332704e-01, 1.068249364931020406e-01, 3.444485815236027482e-01
4.337156548126098743e-01, 1.150148885815805294e-01, 1.068166695814856959e-01, 3.444527870243239143e-01
4.337225138322171047e-01, 1.150120887938113623e-01, 1.068083976133433338e-01, 3.444569997606282130e-01
4.337293707829692480e-01, 1.150092888975907252e-01, 1.068001206013949045e-01, 3.444612197180451640e-01
4.337362256567486862e-01, 1.150064889027882925e-01, 1.067918385583659230e-01, 3.444654468820969595e-01
4.337430784454350263e-01, 1.150036888192784157e-01, 1.067835514969873306e-01, 3.444696812382991857e-01
4.337499291409043778e-01, 1.150008886569396788e-01, 1.067752594299954949e-01, 3.444739227721603236e-01
4.337567777350297971e-01, 1.149980884256555091e-01, 1.067669623701322651e-01, 3.444781714691824148e-01
4.337636242196816205e-01, 1.149952881353135115e-01, 1.067586603301447362e-01, 3.444824273148602289e-01
4.337704685867266319e-01, 1.149924877958060226e-01, 1.067503533227855822e-01, 3.444866902946817633e-01
4.337773108280288392e-01, 1.149896874170297512e-01, 1.067420413608127366e-01, 3.444909603941285758e-01
4.337841509354494751e-01, 1.149868870088857631e-01, 1.067337244569894900e-01, 3.444952375986752857e-01
4.337909889008462194e-01, 1.149840865812796487e-01, 1.067254026240843923e-01, 3.444995218937897397e-01
4.337978247160739764e-01, 1.149812861441212586e-01, 1.067170758748713505e-01, 3.445038132649332896e-01
4.338046583729849304e-01, 1.149784857073249261e-01, 1.067087442221295590e-01, 3.445081116975605151e-01
4.338114898634277683e-01, 1.149756852808092311e-01, 1.067004076786434025e-01, 3.445124171771195010e-01
4.338183191792487903e-01, 1.149728848744970972e-01, 1.066920662572025530e-01, 3.445167296890515596e-01
4.338251463122909102e-01, 1.149700844983157916e-01, 1.066837199706018036e-01, 3.445210492187914531e-01
4.338319712543944329e-01, 1.149672841621967728e-01, 1.066753688316412346e-01, 3.445253757517675597e-01
4.338387939973963325e-01, 1.149644838760758431e-01, 1.066670128531260475e-01, 3.445297092734017075e-01
4.338456145331312519e-01, 1.149616836498929540e-01, 1.066586520478666200e-01, 3.445340497691091741e-01
4.338524328534305030e-01, 1.149588834935923176e-01, 1.066502864286783259e-01, 3.445383972242987425e-01
4.338592489501227334e-01, 1.149560834171222956e-01, 1.066419160083819095e-01, 3.445427516243730337e-01
4.338660628150337040e-01, 1.149532834304354545e-01, 1.066335407998028895e-01, 3.445471129547280076e-01
4.338728744399861781e-01, 1.149504835434884270e-01, 1.066251608157720437e-01, 3.445514812007532957e-01
4.338796838168004766e-01, 1.149476837662421203e-01, 1.066167760691251049e-01, 3.445558563478324232e-01
4.338864909372936451e-01, 1.149448841086612300e-01, 1.066083865727028429e-01, 3.445602383813423097e-01
4.338932957932802315e-01, 1.149420845807149483e-01, 1.065999923393510657e-01, 3.445646272866537130e-01
4.339000983765721742e-01, 1.149392851923762005e-01, 1.065915933819204936e-01, 3.445690230491311734e-01
4.339068986789781368e-01, 1.149364859536220473e-01, 1.065831897132668293e-01, 3.445734256541330143e-01
4.339136966923042849e-01, 1.149336868744336021e-01, 1.065747813462507299e-01, 3.445778350870113416e-01
4.339204924083542858e-01, 1.149308879647958637e-01, 1.065663682937376816e-01, 3.445822513331122106e-01
4.339272858189287541e-01, 1.149280892346979110e-01, 1.065579505685981671e-01, 3.445866743777752372e-01
4.339340769158257505e-01, 1.149252906941326119e-01, 1.065495281837074842e-01, 3.445911042063341534e-01
4.339408656908406159e-01, 1.149224923530969278e-01, 1.065411011519457329e-01, 3.445955408041165846e-01
4.339476521357660821e-01, 1.149196942215916645e-01, 1.065326694861980228e-01, 3.445999841564443278e-01
4.339544362423919943e-01, 1.149168963096214163e-01, 1.065242331993540154e-01, 3.446044342486325740e-01
4.339612180025058108e-01, 1.149140986271946774e-01, 1.065157923043082433e-01, 3.446088910659911297e-01
4.339679974078923252e-01, 1.149113011843239662e-01, 1.065073468139602353e-01, 3.446133545938236398e-01
4.339747744503333338e-01, 1.149085039910252293e-01, 1.064988967412139192e-01, 3.446178248174273651e-01
4.339815491216088006e-01, 1.149057070573185901e-01, 1.064904420989781497e-01, 3.446223017220944596e-01
4.339883214134952483e-01, 1.149029103932277113e-01, 1.064819829001663887e-01, 3.446267852931105824e-01
4.339950913177673120e-01, 1.149001140087800438e-01, 1.064735191576969137e-01, 3.446312755157558971e-01
4.340018588261965182e-01, 1.148973179140067025e-01, 1.064650508844924154e-01, 3.446357723753044056e-01
4.340086239305522287e-01, 1.148945221189427435e-01, 1.064565780934804973e-01, 3.446402758570244473e-01
4.340153866226011958e-01, 1.148917266336266785e-01, 1.064481007975932314e-01, 3.446447859461788665e-01
4.340221468941075633e-01, 1.148889314681006968e-01, 1.064396190097672834e-01, 3.446493026280244565e-01
4.340289047368329212e-01, 1.148861366324106653e-01, 1.064311327429438986e-01, 3.446538258878123484e-01
4.340356601425367500e-01, 1.148833421366061425e-01, 1.064226420100689852e-01, 3.446583557107882334e-01
4.340424131029753663e-01, 1.148805479907401145e-01, 1.064141468240928229e-01, 3.446628920821915854e-01
4.340491636099034212e-01, 1.148777542048693562e-01, 1.064056471979702712e-01, 3.446674349872569376e-01
4.340559116550726237e-01, 1.148749607890539592e-01, 1.063971431446608523e-01, 3.446719844112126063e-01
4.340626572302322961e-01, 1.148721677533576790e-01, 1.063886346771281827e-01, 3.446765403392818561e-01
4.340694003271293733e-01, 1.148693751078477959e-01, 1.063801218083406525e-01, 3.446811027566820673e-01
4.340761409375086810e-01, 1.148665828625949625e-01, 1.063716045512710096e-01, 3.446856716486254024e-01
4.340828790531121584e-01, 1.148637910276734120e-01, 1.063630829188963040e-01, 3.446902470003179730e-01
4.340896146656799681e-01, 1.148609996131607497e-01, 1.063545569241980265e-01, 3.446948287969611724e-01
4.340963477669492754e-01, 1.148582086291379950e-01, 1.063460265801622062e-01, 3.446994170237505650e-01
4.341030783486553579e-01, 1.148554180856896784e-01, 1.063374918997788549e-01, 3.447040116658762199e-01
4.341098064025308290e-01, 1.148526279929035082e-01, 1.063289528960426472e-01, 3.447086127085230434e-01
4.341165319203064143e-01, 1.148498383608706902e-01, 1.063204095819524214e-01, 3.447132201368704463e-01
4.341232548937101754e-01, 1.148470491996858162e-01, 1.063118619705113316e-01, 3.447178339360927324e-01
4.341299753144681195e-01, 1.148442605194465588e-01, 1.063033100747267229e-01, 3.447224540913586543e-01
4.341366931743036450e-01, 1.148414723302540880e-01, 1.062947539076102704e-01, 3.447270805878319133e-01
4.341434084649384295e-01, 1.148386846422128349e-01, 1.062861934821778126e-01, 3.447317134106708814e-01
4.341501211780914860e-01, 1.148358974654303394e-01, 1.062776288114494483e-01, 3.447363525450287680e-01
4.341568313054796624e-01, 1.148331108100174858e-01, 1.062690599084494536e-01, 3.447409979760533982e-01
4.341635388388177530e-01, 1.148303246860883503e-01, 1.062604867862061431e-01, 3.447456496888876565e-01
4.341702437698181649e-01, 1.148275391037601317e-01, 1.062519094577521750e-01, 3.447503076686694312e-01
4.341769460901912514e-01, 1.148247540731532068e-01, 1.062433279361241073e-01, 3.447549719005313928e-01
4.341836457916451453e-01, 1.148219696043911442e-01, 1.062347422343627723e-01, 3.447596423696009382e-01
4.341903428658857034e-01, 1.148191857076005656e-01, 1.062261523655130130e-01, 3.447643190610006347e-01
4.341970373046169507e-01, 1.148164023929112015e-01, 1.062175583426237246e-01, 3.447690019598481093e-01
4.342037290995404697e-01, 1.148136196704559048e-01, 1.062089601787477994e-01, 3.447736910512557706e-01
4.342104182423560110e-01, 1.148108375503705814e-01, 1.062003578869422649e-01, 3.447783863203311427e-01
4.342171047247608828e-01, 1.148080560427940655e-01, 1.061917514802679791e-01, 3.447830877521770865e-01
4.342237885384506724e-01, 1.148052751578682584e-01, 1.061831409717899494e-01, 3.447877953318911337e-01
4.342304696751184689e-01, 1.148024949057381144e-01, 1.061745263745769996e-01, 3.447925090445663199e-01
4.342371481264558630e-01, 1.147997152965514883e-01, 1.061659077017020059e-01, 3.447972288752906844e-01
4.342438238841518361e-01, 1.147969363404591631e-01, 1.061572849662416052e-01, 3.448019548091473263e-01
4.342504969398937598e-01, 1.147941580476149193e-01, 1.061486581812764590e-01, 3.448066868312147926e-01
4.342571672853666742e-01, 1.147913804281753963e-01, 1.061400273598910732e-01, 3.448114249265668008e-01
4.342638349122540098e-01, 1.147886034923000786e-01, 1.061313925151738252e-01, 3.448161690802720725e-01
4.342704998122366988e-01, 1.147858272501513371e-01, 1.061227536602167981e-01, 3.448209192773949994e-01
4.342771619769942304e-01, 1.147830517118944710e-01, 1.061141108081161133e-01, 3.448256755029951992e-01
4.342838213982036510e-01, 1.147802768876975132e-01, 1.061054639719714449e-01, 3.448304377421274047e-01
4.342904780675403420e-01, 1.147775027877312032e-01, 1.060968131648863527e-01, 3.448352059798420743e-01
4.342971319766777416e-01, 1.147747294221692499e-01, 1.060881583999682271e-01, 3.448399802011848370e-01
4.343037831172873453e-01, 1.147719568011879715e-01, 1.060794996903280663e-01, 3.448447603911966586e-01
4.343104314810387057e-01, 1.147691849349665033e-01, 1.060708370490805186e-01, 3.448495465349143974e-01
4.343170770595994323e-01, 1.147664138336865758e-01, 1.060621704893441736e-01, 3.448543386173698599e-01
4.343237198446354697e-01, 1.147636435075327366e-01, 1.060535000242410347e-01, 3.448591366235908562e-01
4.343303598278107081e-01, 1.147608739666921701e-01, 1.060448256668968664e-01, 3.448639405386003109e-01
4.343369970007872061e-01, 1.147581052213546560e-01, 1.060361474304411245e-01, 3.448687503474170413e-01
4.343436313552251904e-01, 1.147553372817126383e-01, 1.060274653280067203e-01, 3.448735660350553123e-01
4.343502628827833889e-01, 1.147525701579611979e-01, 1.060187793727303818e-01, 3.448783875865251702e-01
4.343568915751180870e-01, 1.147498038602979414e-01, 1.060100895777520286e-01, 3.448832149868319430e-01
4.343635174238842378e-01, 1.147470383989230569e-01, 1.060013959562155494e-01, 3.448880482209771281e-01
4.343701404207351291e-01, 1.147442737840392857e-01, 1.059926985212681361e-01, 3.448928872739574492e-01
4.343767605573218282e-01, 1.147415100258518811e-01, 1.059839972860605189e-01, 3.448977321307658550e-01
4.343833778252937927e-01, 1.147387471345685944e-01, 1.059752922637469397e-01, 3.449025827763905760e-01
4.343899922162993144e-01, 1.147359851203996611e-01, 1.059665834674850121e-01, 3.449074391958160679e-01
4.343966037219840204e-01, 1.147332239935577591e-01, 1.059578709104360139e-01, 3.449123013740221788e-01
4.344032123339925389e-01, 1.147304637642580227e-01, 1.059491546057644978e-01, 3.449171692959849822e-01
4.344098180439673884e-01, 1.147277044427179871e-01, 1.059404345666383751e-01, 3.449220429466762217e-01
4.344164208435497554e-01, 1.147249460391575743e-01, 1.059317108062290541e-01, 3.449269223110635330e-01
4.344230207243789943e-01, 1.147221885637991490e-01, 1.059229833377112601e-01, 3.449318073741106105e-01
4.344296176780926277e-01, 1.147194320268673240e-01, 1.059142521742631599e-01, 3.449366981207768745e-01
4.344362116963268461e-01, 1.147166764385890575e-01, 1.059055173290660706e-01, 3.449415945360179703e-01
4.344428027707161744e-01, 1.147139218091937640e-01, 1.058967788153047374e-01, 3.449464966047854353e-01
4.344493908928930281e-01, 1.147111681489129259e-01, 1.058880366461673050e-01, 3.449514043120266993e-01
4.344559760544889904e-01, 1.147084154679804679e-01, 1.058792908348449302e-01, 3.449563176426856947e-01
4.344625582471335346e-01, 1.147056637766324383e-01, 1.058705413945321694e-01, 3.449612365817019133e-01
4.344691374624548019e-01, 1.147029130851072165e-01, 1.058617883384267711e-01, 3.449661611140112938e-01
4.344757136920792129e-01, 1.147001634036452777e-01, 1.058530316797297727e-01, 3.449710912245456673e-01
4.344822869276316890e-01, 1.146974147424894563e-01, 1.058442714316452926e-01, 3.449760268982335343e-01
4.344888571607358196e-01, 1.146946671118845018e-01, 1.058355076073806827e-01, 3.449809681199990097e-01
4.344954243830131957e-01, 1.146919205220775506e-01, 1.058267402201464730e-01, 3.449859148747627113e-01
4.345019885860845754e-01, 1.146891749833177099e-01, 1.058179692831561908e-01, 3.449908671474415933e-01
4.345085497615687187e-01, 1.146864305058562239e-01, 1.058091948096266249e-01, 3.449958249229485019e-01
4.345151079010828310e-01, 1.146836870999464464e-01, 1.058004168127774924e-01, 3.450007881861930636e-01
4.345216629962432853e-01, 1.146809447758438266e-01, 1.057916353058318271e-01, 3.450057569220811304e-01
4.345282150386644004e-01, 1.146782035438056457e-01, 1.057828503020154937e-01, 3.450107311155146128e-01
4.345347640199590522e-01, 1.146754634140915163e-01, 1.057740618145574935e-01, 3.450157107513919796e-01
4.345413099317392280e-01, 1.146727243969627164e-01, 1.057652698566897420e-01, 3.450206958146082026e-01
4.345478527656150280e-01, 1.146699865026828413e-01, 1.057564744416472913e-01, 3.450256862900547561e-01
4.345543925131953311e-01, 1.146672497415171521e-01, 1.057476755826680798e-01, 3.450306821626193399e-01
4.345609291660876838e-01, 1.146645141237330190e-01, 1.057388732929929465e-01, 3.450356834171863785e-01
4.345674627158981340e-01, 1.146617796595996580e-01, 1.057300675858657973e-01, 3.450406900386365217e-01
4.345739931542312862e-01, 1.146590463593881448e-01, 1.057212584745333972e-01, 3.450457020118471996e-01
4.345805204726907456e-01, 1.146563142333715396e-01, 1.057124459722453141e-01, 3.450507193216924562e-01
4.345870446628784523e-01, 1.146535832918246928e-01, 1.057036300922541555e-01, 3.450557419530427827e-01
4.345935657163951249e-01, 1.146508535450242450e-01, 1.056948108478153042e-01, 3.450607698907652843e-01
4.346000836248404275e-01, 1.146481250032486826e-01, 1.056859882521868493e-01, 3.450658031197240128e-01
4.346065983798124144e-01, 1.146453976767783656e-01, 1.056771623186299747e-01, 3.450708416247793009e-01
4.346131099729079184e-01, 1.146426715758952358e-01, 1.056683330604084037e-01, 3.450758853907883728e-01
4.346196183957227177e-01, 1.146399467108831921e-01, 1.056595004907888435e-01, 3.450809344026052883e-01
4.346261236398509253e-01, 1.146372230920277291e-01, 1.056506646230405688e-01, 3.450859886450807767e-01
4.346326256968859325e-01, 1.146345007296160623e-01, 1.056418254704357129e-01, 3.450910481030622368e-01
4.346391245584196317e-01, 1.146317796339371697e-01, 1.056329830462491154e-01, 3.450961127613940693e-01
4.346456202160425830e-01, 1.146290598152816254e-01, 1.056241373637583220e-01, 3.451011826049175113e-01
4.346521126613446251e-01, 1.146263412839416546e-01, 1.056152884362435151e-01, 3.451062576184703024e-01
4.346586018859136535e-01, 1.146236240502111481e-01, 1.056064362769875559e-01, 3.451113377868876841e-01
4.346650878813371199e-01, 1.146209081243855926e-01, 1.055975808992759696e-01, 3.451164230950012901e-01
4.346715706392009770e-01, 1.146181935167620569e-01, 1.055887223163969185e-01, 3.451215135276401447e-01
4.346780501510900674e-01, 1.146154802376391363e-01, 1.055798605416411046e-01, 3.451266090696297195e-01
4.346845264085881788e-01, 1.146127682973170220e-01, 1.055709955883018802e-01, 3.451317097057930439e-01
4.346909994032777669e-01, 1.146100577060973763e-01, 1.055621274696751238e-01, 3.451368154209497052e-01
4.346974691267404545e-01, 1.146073484742835269e-01, 1.055532561990593227e-01, 3.451419261999166821e-01
4.347039355705566988e-01, 1.146046406121800088e-01, 1.055443817897553649e-01, 3.451470420275078443e-01
4.347103987263058467e-01, 1.146019341300930500e-01, 1.055355042550667893e-01, 3.451521628885342863e-01
4.347168585855661349e-01, 1.145992290383302248e-01, 1.055266236082995079e-01, 3.451572887678039936e-01
4.347233151399148565e-01, 1.145965253472005785e-01, 1.055177398627620555e-01, 3.451624196501225095e-01
4.347297683809280278e-01, 1.145938230670145164e-01, 1.055088530317652290e-01, 3.451675555202922130e-01
4.347362183001811098e-01, 1.145911222080838177e-01, 1.054999631286223372e-01, 3.451726963631126521e-01
4.347426648892478429e-01, 1.145884227807217048e-01, 1.054910701666492007e-01, 3.451778421633811544e-01
4.347491081397018564e-01, 1.145857247952426355e-01, 1.054821741591638884e-01, 3.451829929058917168e-01
4.347555480431147812e-01, 1.145830282619624413e-01, 1.054732751194869117e-01, 3.451881485754357826e-01
4.347619845910583036e-01, 1.145803331911983136e-01, 1.054643730609411412e-01, 3.451933091568021861e-01
4.347684177751023338e-01, 1.145776395932686237e-01, 1.054554679968517511e-01, 3.451984746347773747e-01
4.347748475868163376e-01, 1.145749474784930472e-01, 1.054465599405462750e-01, 3.452036449941443541e-01
4.347812740177685042e-01, 1.145722568571924671e-01, 1.054376489053545085e-01, 3.452088202196845201e-01
4.347876970595263013e-01, 1.145695677396890988e-01, 1.054287349046085787e-01, 3.452140002961758825e-01
4.347941167036564747e-01, 1.145668801363062400e-01, 1.054198179516428191e-01, 3.452191852083944523e-01
4.348005329417243270e-01, 1.145641940573684514e-01, 1.054108980597938394e-01, 3.452243749411133544e-01
4.348069457652947722e-01, 1.145615095132013483e-01, 1.054019752424004835e-01, 3.452295694791034375e-01
4.348133551659315588e-01, 1.145588265141317952e-01, 1.053930495128036771e-01, 3.452347688071329967e-01
4.348197611351978242e-01, 1.145561450704877804e-01, 1.053841208843468297e-01, 3.452399729099676629e-01
4.348261636646555961e-01, 1.145534651925982639e-01, 1.053751893703751413e-01, 3.452451817723710681e-01
4.348325627458663467e-01, 1.145507868907934546e-01, 1.053662549842362545e-01, 3.452503953791040137e-01
4.348389583703904937e-01, 1.145481101754044634e-01, 1.053573177392797960e-01, 3.452556137149253024e-01
4.348453505297877886e-01, 1.145454350567636087e-01, 1.053483776488575441e-01, 3.452608367645911280e-01
4.348517392156169836e-01, 1.145427615452040970e-01, 1.053394347263233305e-01, 3.452660645128555750e-01
4.348581244194364426e-01, 1.145400896510601896e-01, 1.053304889850331522e-01, 3.452712969444702296e-01
4.348645061328033634e-01, 1.145374193846670913e-01, 1.053215404383450043e-01, 3.452765340441845132e-01
4.348708843472745000e-01, 1.145347507563610340e-01, 1.053125890996189501e-01, 3.452817757967454604e-01
4.348772590544056071e-01, 1.145320837764792071e-01, 1.053036349822169537e-01, 3.452870221868982736e-01
4.348836302457518288e-01, 1.145294184553595912e-01, 1.052946780995031584e-01, 3.452922731993855465e-01
4.348899979128674764e-01, 1.145267548033412075e-01, 1.052857184648435251e-01, 3.452975288189478187e-01
4.348963620473064728e-01, 1.145240928307638545e-01, 1.052767560916060968e-01, 3.453027890303235758e-01
4.349027226406217417e-01, 1.145214325479682466e-01, 1.052677909931608036e-01, 3.453080538182492498e-01
4.349090796843655404e-01, 1.145187739652960002e-01, 1.052588231828795601e-01, 3.453133231674589410e-01
4.349154331700896270e-01, 1.145161170930893701e-01, 1.052498526741360990e-01, 3.453185970626849732e-01
4.349217830893448156e-01, 1.145134619416916799e-01, 1.052408794803060266e-01, 3.453238754886573392e-01
4.349281294336818093e-01, 1.145108085214468496e-01, 1.052319036147670167e-01, 3.453291584301042549e-01
4.349344721946502013e-01, 1.145081568426995905e-01, 1.052229250908983810e-01, 3.453344458717519383e-01
4.349408113637990292e-01, 1.145055069157953076e-01, 1.052139439220813599e-01, 3.453397377983243866e-01
4.349471469326769424e-01, 1.145028587510803220e-01, 1.052049601216989844e-01, 3.453450341945438207e-01
4.349534788928317020e-01, 1.145002123589014126e-01, 1.051959737031360198e-01, 3.453503350451309073e-01
4.349598072358106804e-01, 1.144975677496063160e-01, 1.051869846797792440e-01, 3.453556403348037596e-01
4.349661319531608616e-01, 1.144949249335431435e-01, 1.051779930650168920e-01, 3.453609500482791028e-01
4.349724530364282304e-01, 1.144922839210609083e-01, 1.051689988722391694e-01, 3.453662641702716640e-01
4.349787704771586050e-01, 1.144896447225090680e-01, 1.051600021148378500e-01, 3.453715826854944493e-01
4.349850842668970263e-01, 1.144870073482377876e-01, 1.051510028062065671e-01, 3.453769055786586883e-01
4.349913943971883690e-01, 1.144843718085977874e-01, 1.051420009597404531e-01, 3.453822328344735015e-01
4.349977008595762307e-01, 1.144817381139403289e-01, 1.051329965888364859e-01, 3.453875644376468990e-01
4.350040036456047643e-01, 1.144791062746172844e-01, 1.051239897068932394e-01, 3.453929003728846148e-01
4.350103027468170680e-01, 1.144764763009810393e-01, 1.051149803273108418e-01, 3.453982406248911619e-01
4.350165981547555183e-01, 1.144738482033844373e-01, 1.051059684634910868e-01, 3.454035851783688882e-01
4.350228898609625472e-01, 1.144712219921809049e-01, 1.050969541288375164e-01, 3.454089340180189205e-01
4.350291778569799761e-01, 1.144685976777242709e-01, 1.050879373367549635e-01, 3.454142871285407757e-01
4.350354621343490158e-01, 1.144659752703687944e-01, 1.050789181006500789e-01, 3.454196444946321942e-01
4.350417426846105995e-01, 1.144633547804691787e-01, 1.050698964339308455e-01, 3.454250061009893624e-01
4.350480194993053273e-01, 1.144607362183805987e-01, 1.050608723500069813e-01, 3.454303719323070232e-01
4.350542925699734109e-01, 1.144581195944586738e-01, 1.050518458622895501e-01, 3.454357419732784207e-01
4.350605618881543402e-01, 1.144555049190591756e-01, 1.050428169841911424e-01, 3.454411162085953557e-01
4.350668274453877160e-01, 1.144528922025384449e-01, 1.050337857291259169e-01, 3.454464946229479638e-01
4.350730892332125288e-01, 1.144502814552530168e-01, 1.050247521105093368e-01, 3.454518772010251038e-01
4.350793472431672138e-01, 1.144476726875599537e-01, 1.050157161417584334e-01, 3.454572639275144685e-01
4.350856014667902616e-01, 1.144450659098162765e-01, 1.050066778362915010e-01, 3.454626547871018083e-01
4.350918518956198855e-01, 1.144424611323796581e-01, 1.049976372075284298e-01, 3.454680497644720405e-01
4.350980985211933549e-01, 1.144398583656077439e-01, 1.049885942688903451e-01, 3.454734488443084173e-01
4.351043413350484945e-01, 1.144372576198585539e-01, 1.049795490337997600e-01, 3.454788520112932471e-01
4.351105803287220186e-01, 1.144346589054903163e-01, 1.049705015156805893e-01, 3.454842592501070619e-01
4.351168154937511967e-01, 1.144320622328614395e-01, 1.049614517279580939e-01, 3.454896705454293948e-01
4.351230468216721325e-01, 1.144294676123305127e-01, 1.049523996840586448e-01, 3.454950858819386128e-01
4.351292743040215960e-01, 1.144268750542563190e-01, 1.049433453974102509e-01, 3.455005052443118618e-01
4.351354979323353023e-01, 1.144242845689977528e-01, 1.049342888814418367e-01, 3.455059286172251221e-01
4.351417176981494106e-01, 1.144216961669138055e-01, 1.049252301495838396e-01, 3.455113559853529304e-01
4.351479335929993586e-01, 1.144191098583637045e-01, 1.049161692152678210e-01, 3.455167873333691020e-01
4.351541456084207504e-01, 1.144165256537065939e-01, 1.049071060919266191e-01, 3.455222226459460089e-01
4.351603537359487461e-01, 1.144139435633018120e-01, 1.048980407929942377e-01, 3.455276619077551903e-01
4.351665579671183393e-01, 1.144113635975087112e-01, 1.048889733319058326e-01, 3.455331051034669643e-01
4.351727582934646343e-01, 1.144087857666866576e-01, 1.048799037220978919e-01, 3.455385522177507607e-01
4.351789547065222918e-01, 1.144062100811950172e-01, 1.048708319770078889e-01, 3.455440032352748436e-01
4.351851471978259167e-01, 1.144036365513932535e-01, 1.048617581100744628e-01, 3.455494581407064225e-01
4.351913357589098919e-01, 1.144010651876405937e-01, 1.048526821347374183e-01, 3.455549169187120406e-01
4.351975203813087112e-01, 1.143984960002964180e-01, 1.048436040644376843e-01, 3.455603795539571310e-01
4.352037010565566466e-01, 1.143959289997199674e-01, 1.048345239126171474e-01, 3.455658460311062385e-01
4.352098777761875814e-01, 1.143933641962704140e-01, 1.048254416927189431e-01, 3.455713163348230199e-01
4.352160505317360095e-01, 1.143908016003068323e-01, 1.048163574181870117e-01, 3.455767904497702436e-01
4.352222193147355922e-01, 1.143882412221880890e-01, 1.048072711024666259e-01, 3.455822683606096790e-01
4.352283841167204903e-01, 1.143856830722730783e-01, 1.047981827590038356e-01, 3.455877500520025403e-01
4.352345449292243096e-01, 1.143831271609204170e-01, 1.047890924012456898e-01, 3.455932355086095420e-01
4.352407017437812109e-01, 1.143805734984885414e-01, 1.047800000426404310e-01, 3.455987247150897890e-01
4.352468545519248000e-01, 1.143780220953357629e-01, 1.047709056966370234e-01, 3.456042176561023860e-01
4.352530033451890157e-01, 1.143754729618201571e-01, 1.047618093766855413e-01, 3.456097143163052166e-01
4.352591481151076303e-01, 1.143729261082995080e-01, 1.047527110962368779e-01, 3.456152146803559422e-01
4.352652888532144715e-01, 1.143703815451314748e-01, 1.047436108687429118e-01, 3.456207187329112251e-01
4.352714255510433672e-01, 1.143678392826732171e-01, 1.047345087076564096e-01, 3.456262264586271171e-01
4.352775582001280341e-01, 1.143652993312818666e-01, 1.047254046264308736e-01, 3.456317378421592812e-01
4.352836867920025221e-01, 1.143627617013140835e-01, 1.047162986385209021e-01, 3.456372528681623812e-01
4.352898113182008810e-01, 1.143602264031263749e-01, 1.047071907573817878e-01, 3.456427715212910257e-01
4.352959317702569386e-01, 1.143576934470746653e-01, 1.046980809964696418e-01, 3.456482937861987126e-01
4.353020481397050778e-01, 1.143551628435146433e-01, 1.046889693692414358e-01, 3.456538196475388292e-01
4.353081604180792930e-01, 1.143526346028016366e-01, 1.046798558891549741e-01, 3.456593490899640964e-01
4.353142685969138559e-01, 1.143501087352905843e-01, 1.046707405696686438e-01, 3.456648820981268466e-01
4.353203726677433716e-01, 1.143475852513359120e-01, 1.046616234242418175e-01, 3.456704186566788572e-01
4.353264726221022785e-01, 1.143450641612917401e-01, 1.046525044663344645e-01, 3.456759587502715170e-01
4.353325684515252370e-01, 1.143425454755116061e-01, 1.046433837094073588e-01, 3.456815023635557149e-01
4.353386601475471296e-01, 1.143400292043486033e-01, 1.046342611669219824e-01, 3.456870494811823957e-01
4.353447477017027833e-01, 1.143375153581554227e-01, 1.046251368523403863e-01, 3.456926000878013938e-01
4.353508311055275803e-01, 1.143350039472842000e-01, 1.046160107791253985e-01, 3.456981541680628767e-01
4.353569103505566251e-01, 1.143324949820863912e-01, 1.046068829607404993e-01, 3.457037117066165122e-01
4.353629854283256329e-01, 1.143299884729132299e-01, 1.045977534106497658e-01, 3.457092726881114131e-01
4.353690563303701522e-01, 1.143274844301150756e-01, 1.045886221423180107e-01, 3.457148370971968587e-01
4.353751230482261203e-01, 1.143249828640418991e-01, 1.045794891692104905e-01, 3.457204049185214623e-01
4.353811855734298630e-01, 1.143224837850429360e-01, 1.045703545047931282e-01, 3.457259761367340589e-01
4.353872438975177617e-01, 1.143199872034669218e-01, 1.045612181625324155e-01, 3.457315507364828178e-01
4.353932980120264196e-01, 1.143174931296619123e-01, 1.045520801558954549e-01, 3.457371287024162410e-01
4.353993479084927176e-01, 1.143150015739752001e-01, 1.045429404983497651e-01, 3.457427100191823310e-01
4.354053935784538143e-01, 1.143125125467535225e-01, 1.045337992033635172e-01, 3.457482946714290351e-01
4.354114350134473677e-01, 1.143100260583430200e-01, 1.045246562844052846e-01, 3.457538826438044111e-01
4.354174722050108137e-01, 1.143075421190888757e-01, 1.045155117549442236e-01, 3.457594739209560730e-01
4.354235051446825322e-01, 1.143050607393357315e-01, 1.045063656284498377e-01, 3.457650684875319125e-01
4.354295338240006807e-01, 1.143025819294274242e-01, 1.044972179183922684e-01, 3.457706663281797099e-01
4.354355582345041387e-01, 1.143001056997069859e-01, 1.044880686382418655e-01, 3.457762674275470793e-01
4.354415783677317853e-01, 1.142976320605167406e-01, 1.044789178014696174e-01, 3.457818717702818012e-01
4.354475942152231105e-01, 1.142951610221982078e-01, 1.044697654215468452e-01, 3.457874793410319336e-01
4.354536057685178263e-01, 1.142926925950919770e-01, 1.044606115119451201e-01, 3.457930901244450905e-01
4.354596130191560333e-01, 1.142902267895379714e-01, 1.044514560861367347e-01, 3.457987041051692745e-01
4.354656159586783315e-01, 1.142877636158751847e-01, 1.044422991575939264e-01, 3.458043212678525435e-01
4.354716145786254877e-01, 1.142853030844416529e-01, 1.044331407397895706e-01, 3.458099415971433443e-01
4.354776088705388792e-01, 1.142828452055746485e-01, 1.044239808461967095e-01, 3.458155650776899015e-01
4.354835988259601054e-01, 1.142803899896104591e-01, 1.044148194902887739e-01, 3.458211916941406616e-01
4.354895844364315982e-01, 1.142779374468844977e-01, 1.044056566855394302e-01, 3.458268214311445710e-01
4.354955656934955677e-01, 1.142754875877311782e-01, 1.043964924454227061e-01, 3.458324542733505758e-01
4.355015425886952785e-01, 1.142730404224840540e-01, 1.043873267834128371e-01, 3.458380902054078443e-01
4.355075151135740508e-01, 1.142705959614755684e-01, 1.043781597129842253e-01, 3.458437292119661555e-01
4.355134832596759820e-01, 1.142681542150372903e-01, 1.043689912476117171e-01, 3.458493712776750106e-01
4.355194470185452804e-01, 1.142657151934996368e-01, 1.043598214007701447e-01, 3.458550163871848548e-01
4.355254063817272647e-01, 1.142632789071921229e-01, 1.043506501859346458e-01, 3.458606645251460221e-01
4.355313613407670315e-01, 1.142608453664431811e-01, 1.043414776165804969e-01, 3.458663156762092350e-01
4.355373118872105098e-01, 1.142584145815800784e-01, 1.043323037061831965e-01, 3.458719698250261043e-01
4.355432580126043507e-01, 1.142559865629291793e-01, 1.043231284682182985e-01, 3.458776269562481853e-01
4.355491997084952605e-01, 1.142535613208155859e-01, 1.043139519161616346e-01, 3.458832870545274218e-01
4.355551369664310557e-01, 1.142511388655633731e-01, 1.043047740634889947e-01, 3.458889501045165349e-01
4.355610697779598306e-01, 1.142487192074953944e-01, 1.042955949236763352e-01, 3.458946160908684675e-01
4.355669981346299569e-01, 1.142463023569333935e-01, 1.042864145101997098e-01, 3.459002849982368288e-01
4.355729220279909719e-01, 1.142438883241980174e-01, 1.042772328365352830e-01, 3.459059568112757832e-01
4.355788414495924132e-01, 1.142414771196086087e-01, 1.042680499161591778e-01, 3.459116315146397724e-01
4.355847563909850395e-01, 1.142390687534832888e-01, 1.042588657625475451e-01, 3.459173090929842931e-01
4.355906668437194984e-01, 1.142366632361390688e-01, 1.042496803891766327e-01, 3.459229895309647862e-01
4.355965727993477143e-01, 1.142342605778916692e-01, 1.042404938095227301e-01, 3.459286728132379141e-01
4.356024742494218893e-01, 1.142318607890554644e-01, 1.042313060370620020e-01, 3.459343589244606720e-01
4.356083711854948359e-01, 1.142294638799437184e-01, 1.042221170852706408e-01, 3.459400478492908326e-01
4.356142635991201439e-01, 1.142270698608682383e-01, 1.042129269676247277e-01, 3.459457395723868900e-01
4.356201514818522358e-01, 1.142246787421396098e-01, 1.042037356976004414e-01, 3.459514340784076714e-01
4.356260348252458114e-01, 1.142222905340670863e-01, 1.041945432886737938e-01, 3.459571313520132807e-01
4.356319136208564591e-01, 1.142199052469584919e-01, 1.041853497543206719e-01, 3.459628313778642661e-01
4.356377878602405995e-01, 1.142175228911204016e-01, 1.041761551080169074e-01, 3.459685341406220638e-01
4.356436575349550977e-01, 1.142151434768579471e-01, 1.041669593632382068e-01, 3.459742396249487761e-01
4.356495226365575957e-01, 1.142127670144748725e-01, 1.041577625334600965e-01, 3.459799478155073937e-01
4.356553831566066237e-01, 1.142103935142734505e-01, 1.041485646321580472e-01, 3.459856586969617953e-01
4.356612390866612672e-01, 1.142080229865546775e-01, 1.041393656728073075e-01, 3.459913722539768033e-01
4.356670904182813886e-01, 1.142056554416178565e-01, 1.041301656688828903e-01, 3.459970884712178507e-01
4.356729371430276276e-01, 1.142032908897610971e-01, 1.041209646338596279e-01, 3.460028073333516474e-01
4.356787792524615677e-01, 1.142009293412808157e-01, 1.041117625812122971e-01, 3.460085288250453472e-01
4.356846167381451806e-01, 1.141985708064719995e-01, 1.041025595244152446e-01, 3.460142529309675474e-01
4.356904495916416042e-01, 1.141962152956281507e-01, 1.040933554769426367e-01, 3.460199796357876778e-01
4.356962778045144757e-01, 1.141938628190411753e-01, 1.040841504522683897e-01, 3.460257089241759454e-01
4.357021013683284316e-01, 1.141915133870014670e-01, 1.040749444638661980e-01, 3.460314407808038339e-01
4.357079202746488300e-01, 1.141891670097978234e-01, 1.040657375252093952e-01, 3.460371751903438819e-01
4.357137345150420837e-01, 1.141868236977175155e-01, 1.040565296497710374e-01, 3.460429121374694605e-01
4.357195440810749387e-01, 1.141844834610460657e-01, 1.040473208510238612e-01, 3.460486516068550511e-01
4.357253489643155286e-01, 1.141821463100675393e-01, 1.040381111424402288e-01, 3.460543935831767448e-01
4.357311491563325423e-01, 1.141798122550643085e-01, 1.040289005374922110e-01, 3.460601380511109659e-01
4.357369446486956677e-01, 1.141774813063170246e-01, 1.040196890496514204e-01, 3.460658849953358596e-01
4.357427354329752589e-01, 1.141751534741047847e-01, 1.040104766923892893e-01, 3.460716344005306810e-01
4.357485215007428914e-01, 1.141728287687049093e-01, 1.040012634791766394e-01, 3.460773862513756294e-01
4.357543028435706955e-01, 1.141705072003929983e-01, 1.039920494234839038e-01, 3.460831405325524024e-01
4.357600794530320232e-01, 1.141681887794430417e-01, 1.039828345387812519e-01, 3.460888972287437526e-01
4.357658513207008921e-01, 1.141658735161271421e-01, 1.039736188385382426e-01, 3.460946563246337093e-01
4.357716184381523195e-01, 1.141635614207158061e-01, 1.039644023362240460e-01, 3.461004178049076896e-01
4.357773807969625435e-01, 1.141612525034776393e-01, 1.039551850453073606e-01, 3.461061816542525538e-01
4.357831383887081911e-01, 1.141589467746794845e-01, 1.039459669792564128e-01, 3.461119478573558839e-01
4.357888912049673324e-01, 1.141566442445864360e-01, 1.039367481515389158e-01, 3.461177163989073713e-01
4.357946392373186484e-01, 1.141543449234617147e-01, 1.039275285756220274e-01, 3.461234872635975401e-01
4.358003824773421520e-01, 1.141520488215667373e-01, 1.039183082649724060e-01, 3.461292604361186909e-01
4.358061209166187444e-01, 1.141497559491609914e-01, 1.039090872330561965e-01, 3.461350359011641786e-01
4.358118545467299931e-01, 1.141474663165021608e-01, 1.038998654933388777e-01, 3.461408136434290239e-01
4.358175833592589088e-01, 1.141451799338460416e-01, 1.038906430592855534e-01, 3.461465936476095795e-01
4.358233073457891127e-01, 1.141428968114465148e-01, 1.038814199443604952e-01, 3.461523758984037524e-01
4.358290264979060025e-01, 1.141406169595554909e-01, 1.038721961620275719e-01, 3.461581603805110041e-01
4.358347408071949203e-01, 1.141383403884230208e-01, 1.038629717257498614e-01, 3.461639470786320727e-01
4.358404502652429846e-01, 1.141360671082971567e-01, 1.038537466489899697e-01, 3.461697359774698057e-01
4.358461548636384242e-01, 1.141337971294239667e-01, 1.038445209452097812e-01, 3.461755270617277724e-01
4.358518545939700783e-01, 1.141315304620476034e-01, 1.038352946278704586e-01, 3.461813203161118735e-01
4.358575494478282852e-01, 1.141292671164100270e-01, 1.038260677104325680e-01, 3.461871157253291198e-01
4.358632394168041047e-01, 1.141270071027514765e-01, 1.038168402063559537e-01, 3.461929132740885207e-01
4.358689244924900397e-01, 1.141247504313098737e-01, 1.038076121290997522e-01, 3.461987129471004176e-01
4.358746046664794260e-01, 1.141224971123211834e-01, 1.037983834921223786e-01, 3.462045147290770397e-01
4.358802799303669318e-01, 1.141202471560194276e-01, 1.037891543088814844e-01, 3.462103186047322811e-01
4.358859502757481130e-01, 1.141180005726363106e-01, 1.037799245928340830e-01, 3.462161245587815350e-01
4.358916156942198583e-01, 1.141157573724016910e-01, 1.037706943574362994e-01, 3.462219325759421928e-01
4.358972761773801108e-01, 1.141135175655430406e-01, 1.037614636161434262e-01, 3.462277426409333669e-01
4.359029317168280904e-01, 1.141112811622859019e-01, 1.037522323824102283e-01, 3.462335547384758350e-01
4.359085823041637942e-01, 1.141090481728535694e-01, 1.037430006696903884e-01, 3.462393688532922065e-01
4.359142279309890511e-01, 1.141068186074672142e-01, 1.037337684914368674e-01, 3.462451849701068118e-01
4.359198685889062452e-01, 1.141045924763458147e-01, 1.037245358611018353e-01, 3.462510030736462019e-01
4.359255042695193150e-01, 1.141023697897060735e-01, 1.037153027921365323e-01, 3.462568231486381487e-01
4.359311349644330313e-01, 1.141001505577625974e-01, 1.037060692979913101e-01, 3.462626451798129779e-01
4.359367606652539973e-01, 1.140979347907276897e-01, 1.036968353921158825e-01, 3.462684691519024582e-01
4.359423813635893707e-01, 1.140957224988114055e-01, 1.036876010879586585e-01, 3.462742950496404681e-01
4.359479970510482527e-01, 1.140935136922215792e-01, 1.036783663989675058e-01, 3.462801228577626067e-01
4.359536077192400771e-01, 1.140913083811637696e-01, 1.036691313385891544e-01, 3.462859525610070266e-01
4.359592133597761654e-01, 1.140891065758411482e-01, 1.036598959202695430e-01, 3.462917841441129907e-01
4.359648139642691711e-01, 1.140869082864546941e-01, 1.036506601574535558e-01, 3.462976175918225374e-01
4.359704095243325805e-01, 1.140847135232029297e-01, 1.036414240635851608e-01, 3.463034528888793706e-01
4.359760000315812678e-01, 1.140825222962821850e-01, 1.036321876521073132e-01, 3.463092900200291924e-01
4.359815854776318278e-01, 1.140803346158862780e-01, 1.036229509364620383e-01, 3.463151289700199253e-01
4.359871658541014661e-01, 1.140781504922067507e-01, 1.036137139300902649e-01, 3.463209697236016016e-01
4.359927411526092755e-01, 1.140759699354327306e-01, 1.036044766464319644e-01, 3.463268122655259740e-01
4.359983113647751818e-01, 1.140737929557509300e-01, 1.035952390989260813e-01, 3.463326565805477375e-01
4.360038764822209423e-01, 1.140716195633456054e-01, 1.035860013010104497e-01, 3.463385026534229194e-01
4.360094364965693692e-01, 1.140694497683986675e-01, 1.035767632661219600e-01, 3.463443504689098784e-01
4.360149913994444404e-01, 1.140672835810895153e-01, 1.035675250076962400e-01, 3.463502000117697488e-01
4.360205411824717436e-01, 1.140651210115950775e-01, 1.035582865391680429e-01, 3.463560512667651081e-01
4.360260858372781989e-01, 1.140629620700897157e-01, 1.035490478739708453e-01, 3.463619042186611430e-01
4.360316253554920585e-01, 1.140608067667454317e-01, 1.035398090255371384e-01, 3.463677588522253714e-01
4.360371597287429069e-01, 1.140586551117316189e-01, 1.035305700072981505e-01, 3.463736151522272544e-01
4.360426889486617164e-01, 1.140565071152152138e-01, 1.035213308326840553e-01, 3.463794731034389729e-01
4.360482130068809026e-01, 1.140543627873605304e-01, 1.035120915151238469e-01, 3.463853326906346508e-01
4.360537318950342689e-01, 1.140522221383293566e-01, 1.035028520680453673e-01, 3.463911938985909655e-01
4.360592456047572285e-01, 1.140500851782808994e-01, 1.034936125048752931e-01, 3.463970567120867039e-01
4.360647541276861938e-01, 1.140479519173716871e-01, 1.034843728390389406e-01, 3.464029211159033173e-01
4.360702574554591870e-01, 1.140458223657557640e-01, 1.034751330839606409e-01, 3.464087870948244774e-01
4.360757555797158957e-01, 1.140436965335845237e-01, 1.034658932530633790e-01, 3.464146546336362986e-01
4.360812484920972842e-01, 1.140415744310066398e-01, 1.034566533597688076e-01, 3.464205237171273377e-01
4.360867361842456491e-01, 1.140394560681681629e-01, 1.034474134174975801e-01, 3.464263943300885384e-01
4.360922186478050078e-01, 1.140373414552125486e-01, 1.034381734396688790e-01, 3.464322664573135091e-01
4.360976958744208209e-01, 1.140352306022804074e-01, 1.034289334397006377e-01, 3.464381400835981339e-01
4.361031678557396041e-01, 1.140331235195098519e-01, 1.034196934310095822e-01, 3.464440151937409063e-01
4.361086345834099820e-01, 1.140310202170360804e-01, 1.034104534270110093e-01, 3.464498917725428173e-01
4.361140960490818008e-01, 1.140289207049916542e-01, 1.034012134411190220e-01, 3.464557698048075784e-01
4.361195522444064054e-01, 1.140268249935063871e-01, 1.033919734867462525e-01, 3.464616492753409549e-01
4.361250031610364175e-01, 1.140247330927072755e-01, 1.033827335773041256e-01, 3.464675301689521536e-01
4.361304487906266791e-01, 1.140226450127186097e-01, 1.033734937262026227e-01, 3.464734124704521023e-01
4.361358891248328651e-01, 1.140205607636618212e-01, 1.033642539468502819e-01, 3.464792961646550595e-01
4.361413241553125375e-01, 1.140184803556555521e-01, 1.033550142526544896e-01, 3.464851812363773931e-01
4.361467538737248129e-01, 1.140164037988156687e-01, 1.033457746570209806e-01, 3.464910676704384684e-01
4.361521782717301954e-01, 1.140143311032550538e-01, 1.033365351733542409e-01, 3.464969554516603711e-01
4.361575973409910212e-01, 1.140122622790839535e-01, 1.033272958150572851e-01, 3.465028445648676847e-01
4.361630110731710142e-01, 1.140101973364094912e-01, 1.033180565955316016e-01, 3.465087349948878792e-01
4.361684194599355080e-01, 1.140081362853360841e-01, 1.033088175281773602e-01, 3.465146267265510338e-01
4.361738224929514463e-01, 1.140060791359652492e-01, 1.032995786263932042e-01, 3.465205197446900587e-01
4.361792201638873823e-01, 1.140040258983954502e-01, 1.032903399035762504e-01, 3.465264140341408616e-01
4.361846124644137013e-01, 1.140019765827223336e-01, 1.032811013731222138e-01, 3.465323095797417374e-01
4.361899993862020097e-01, 1.139999311990385900e-01, 1.032718630484252970e-01, 3.465382063663342005e-01
4.361953809209257460e-01, 1.139978897574338290e-01, 1.032626249428780923e-01, 3.465441043787622077e-01
4.362007570602601803e-01, 1.139958522679949127e-01, 1.032533870698717771e-01, 3.465500036018731023e-01
4.362061277958819705e-01, 1.139938187408054832e-01, 1.032441494427959183e-01, 3.465559040205166697e-01
4.362114931194695511e-01, 1.139917891859463239e-01, 1.032349120750384736e-01, 3.465618056195456931e-01
4.362168530227029661e-01, 1.139897636134950959e-01, 1.032256749799860124e-01, 3.465677083838160089e-01
4.362222074972637587e-01, 1.139877420335265595e-01, 1.032164381710233697e-01, 3.465736122981863399e-01
4.362275565348356920e-01, 1.139857244561122279e-01, 1.032072016615338400e-01, 3.465795173475182955e-01
4.362329001271035844e-01, 1.139837108913207553e-01, 1.031979654648989969e-01, 3.465854235166765940e-01
4.362382382657545299e-01, 1.139817013492175207e-01, 1.031887295944990957e-01, 3.465913307905287843e-01
4.362435709424769548e-01, 1.139796958398650029e-01, 1.031794940637124069e-01, 3.465972391539456354e-01
4.362488981489610618e-01, 1.139776943733224052e-01, 1.031702588859157443e-01, 3.466031485918008026e-01
4.362542198768987745e-01, 1.139756969596459196e-01, 1.031610240744842422e-01, 3.466090590889709944e-01
4.362595361179840703e-01, 1.139737036088885325e-01, 1.031517896427913833e-01, 3.466149706303360833e-01
4.362648468639120369e-01, 1.139717143311001074e-01, 1.031425556042089159e-01, 3.466208832007789953e-01
4.362701521063802601e-01, 1.139697291363272746e-01, 1.031333219721068811e-01, 3.466267967851856535e-01
4.362754518370873802e-01, 1.139677480346136529e-01, 1.031240887598536826e-01, 3.466327113684453676e-01
4.362807460477342025e-01, 1.139657710359993914e-01, 1.031148559808159615e-01, 3.466386269354503336e-01
4.362860347300234753e-01, 1.139637981505216835e-01, 1.031056236483586797e-01, 3.466445434710962448e-01
4.362913178756592236e-01, 1.139618293882143918e-01, 1.030963917758449117e-01, 3.466504609602814591e-01
4.362965954763476928e-01, 1.139598647591081038e-01, 1.030871603766361361e-01, 3.466563793879081090e-01
4.363018675237966271e-01, 1.139579042732301872e-01, 1.030779294640920135e-01, 3.466622987388810473e-01
4.363071340097158801e-01, 1.139559479406047765e-01, 1.030686990515703033e-01, 3.466682189981090123e-01
4.363123949258168599e-01, 1.139539957712526336e-01, 1.030594691524271828e-01, 3.466741401505033515e-01
4.363176502638129728e-01, 1.139520477751912592e-01, 1.030502397800168723e-01, 3.466800621809788541e-01
4.363229000154192905e-01, 1.139501039624349205e-01, 1.030410109476918024e-01, 3.466859850744539728e-01
4.363281441723527720e-01, 1.139481643429944291e-01, 1.030317826688026128e-01, 3.466919088158501583e-01
4.363333827263325970e-01, 1.139462289268773354e-01, 1.030225549566980980e-01, 3.466978333900919695e-01
4.363386156690791107e-01, 1.139442977240878035e-01, 1.030133278247250678e-01, 3.467037587821080180e-01
4.363438429923152118e-01, 1.139423707446266254e-01, 1.030041012862286109e-01, 3.467096849768295797e-01
4.363490646877650758e-01, 1.139404479984912205e-01, 1.029948753545519013e-01, 3.467156119591917607e-01
4.363542807471550988e-01, 1.139385294956755945e-01, 1.029856500430362670e-01, 3.467215397141329425e-01
4.363594911622137862e-01, 1.139366152461703530e-01, 1.029764253650209821e-01, 3.467274682265948371e-01
4.363646959246710311e-01, 1.139347052599626597e-01, 1.029672013338435305e-01, 3.467333974815228204e-01
4.363698950262587806e-01, 1.139327995470362093e-01, 1.029579779628394115e-01, 3.467393274638654876e-01
4.363750884587112022e-01, 1.139308981173713653e-01, 1.029487552653423205e-01, 3.467452581585751537e-01
4.363802762137639624e-01, 1.139290009809448417e-01, 1.029395332546837599e-01, 3.467511895506075192e-01
4.363854582831547813e-01, 1.139271081477299802e-01, 1.029303119441934561e-01, 3.467571216249216715e-01
4.363906346586237661e-01, 1.139252196276966111e-01, 1.029210913471990396e-01, 3.467630543664805831e-01
4.363958053319123009e-01, 1.139233354308110541e-01, 1.029118714770263371e-01, 3.467689877602504467e-01
4.364009702947639902e-01, 1.139214555670360618e-01, 1.029026523469989268e-01, 3.467749217912011184e-01
4.364061295389246031e-01, 1.139195800463308345e-01, 1.028934339704385553e-01, 3.467808564443060626e-01
4.364112830561415191e-01, 1.139177088786511305e-01, 1.028842163606648874e-01, 3.467867917045424631e-01
4.364164308381642821e-01, 1.139158420739490030e-01, 1.028749995309955617e-01, 3.467927275568911116e-01
4.364215728767444902e-01, 1.139139796421730216e-01, 1.028657834947462046e-01, 3.467986639863362974e-01
4.364267091636356288e-01, 1.139121215932680786e-01, 1.028565682652302499e-01, 3.468046009778661398e-01
4.364318396905931263e-01, 1.139102679371754995e-01, 1.028473538557592021e-01, 3.468105385164720889e-01
4.364369644493745204e-01, 1.139084186838330431e-01, 1.028381402796425120e-01, 3.468164765871499799e-01
4.364420834317394027e-01, 1.139065738431747077e-01, 1.028289275501873962e-01, 3.468224151748986461e-01
4.364471966294491412e-01, 1.139047334251309246e-01, 1.028197156806989754e-01, 3.468283542647209172e-01
4.364523040342674354e-01, 1.139028974396283922e-01, 1.028105046844804138e-01, 3.468342938416237309e-01
4.364574056379599831e-01, 1.139010658965902562e-01, 1.028012945748325996e-01, 3.468402338906171889e-01
4.364625014322942587e-01, 1.138992388059357902e-01, 1.027920853650543392e-01, 3.468461743967156674e-01
4.364675914090399567e-01, 1.138974161775807570e-01, 1.027828770684422466e-01, 3.468521153449369843e-01
4.364726755599689367e-01, 1.138955980214370056e-01, 1.027736696982908399e-01, 3.468580567203031761e-01
4.364777538768550569e-01, 1.138937843474127909e-01, 1.027644632678924308e-01, 3.468639985078397214e-01
4.364828263514741735e-01, 1.138919751654124957e-01, 1.027552577905370829e-01, 3.468699406925762063e-01
4.364878929756041415e-01, 1.138901704853369223e-01, 1.027460532795128750e-01, 3.468758832595461028e-01
4.364929537410252580e-01, 1.138883703170829181e-01, 1.027368497481053189e-01, 3.468818261937866021e-01
4.364980086395194303e-01, 1.138865746705436527e-01, 1.027276472095980248e-01, 3.468877694803389478e-01
4.365030576628712300e-01, 1.138847835556084515e-01, 1.027184456772722299e-01, 3.468937131042481026e-01
4.365081008028666720e-01, 1.138829969821627125e-01, 1.027092451644070203e-01, 3.468996570505634702e-01
4.365131380512946579e-01, 1.138812149600883228e-01, 1.027000456842790538e-01, 3.469056013043379516e-01
4.365181693999456991e-01, 1.138794374992629366e-01, 1.026908472501629477e-01, 3.469115458506284444e-01
4.365231948406123053e-01, 1.138776646095606554e-01, 1.026816498753308632e-01, 3.469174906744961207e-01
4.365282143650895952e-01, 1.138758963008515146e-01, 1.026724535730528104e-01, 3.469234357610060382e-01
4.365332279651745750e-01, 1.138741325830017609e-01, 1.026632583565964263e-01, 3.469293810952271406e-01
4.365382356326665825e-01, 1.138723734658737552e-01, 1.026540642392269748e-01, 3.469353266622327570e-01
4.365432373593667315e-01, 1.138706189593258894e-01, 1.026448712342075131e-01, 3.469412724470997689e-01
4.365482331370788005e-01, 1.138688690732127112e-01, 1.026356793547987534e-01, 3.469472184349097765e-01
4.365532229576082890e-01, 1.138671238173846884e-01, 1.026264886142590343e-01, 3.469531646107478773e-01
4.365582068127632498e-01, 1.138653832016884859e-01, 1.026172990258443357e-01, 3.469591109597038869e-01
4.365631846943537342e-01, 1.138636472359667723e-01, 1.026081106028082918e-01, 3.469650574668712295e-01
4.365681565941919029e-01, 1.138619159300581912e-01, 1.025989233584021498e-01, 3.469710041173476589e-01
4.365731225040925256e-01, 1.138601892937974314e-01, 1.025897373058747564e-01, 3.469769508962352589e-01
4.365780824158722040e-01, 1.138584673370151568e-01, 1.025805524584726541e-01, 3.469828977886400545e-01
4.365830363213496490e-01, 1.138567500695380069e-01, 1.025713688294398324e-01, 3.469888447796725117e-01
4.365879842123461252e-01, 1.138550375011886523e-01, 1.025621864320180043e-01, 3.469947918544472043e-01
4.365929260806852286e-01, 1.138533296417856833e-01, 1.025530052794463159e-01, 3.470007389980828139e-01
4.365978619181923315e-01, 1.138516265011436102e-01, 1.025438253849615677e-01, 3.470066861957024074e-01
4.366027917166955263e-01, 1.138499280890729048e-01, 1.025346467617981178e-01, 3.470126334324334927e-01
4.366077154680246819e-01, 1.138482344153799453e-01, 1.025254694231877844e-01, 3.470185806934075190e-01
4.366126331640124425e-01, 1.138465454898670709e-01, 1.025162933823599992e-01, 3.470245279637605984e-01
4.366175447964932288e-01, 1.138448613223323608e-01, 1.025071186525416678e-01, 3.470304752286327288e-01
4.366224503573042370e-01, 1.138431819225699804e-01, 1.024979452469571145e-01, 3.470364224731686820e-01
4.366273498382844953e-01, 1.138415073003697514e-01, 1.024887731788284156e-01, 3.470423696825172266e-01
4.366322432312756963e-01, 1.138398374655176237e-01, 1.024796024613748580e-01, 3.470483168418319608e-01
4.366371305281214199e-01, 1.138381724277949814e-01, 1.024704331078133412e-01, 3.470542639362703130e-01
4.366420117206678553e-01, 1.138365121969794613e-01, 1.024612651313581702e-01, 3.470602109509945410e-01
4.366468868007635229e-01, 1.138348567828442320e-01, 1.024520985452212068e-01, 3.470661578711711215e-01
4.366517557602591082e-01, 1.138332061951583957e-01, 1.024429333626116490e-01, 3.470721046819709721e-01
4.366566185910075726e-01, 1.138315604436867662e-01, 1.024337695967361128e-01, 3.470780513685694513e-01
4.366614752848645420e-01, 1.138299195381900636e-01, 1.024246072607987723e-01, 3.470839979161466360e-01
4.366663258336874187e-01, 1.138282834884245531e-01, 1.024154463680010951e-01, 3.470899443098867665e-01
4.366711702293367137e-01, 1.138266523041424894e-01, 1.024062869315420232e-01, 3.470958905349789125e-01
4.366760084636743255e-01, 1.138250259950917415e-01, 1.023971289646177646e-01, 3.471018365766161407e-01
4.366808405285654282e-01, 1.138234045710158626e-01, 1.023879724804220986e-01, 3.471077824199966799e-01
4.366856664158769719e-01, 1.138217880416541733e-01, 1.023788174921459876e-01, 3.471137280503228117e-01
4.366904861174787378e-01, 1.138201764167417751e-01, 1.023696640129778956e-01, 3.471196734528015915e-01
4.366952996252423946e-01, 1.138185697060093010e-01, 1.023605120561035808e-01, 3.471256186126447929e-01
4.367001069310421091e-01, 1.138169679191831513e-01, 1.023513616347061367e-01, 3.471315635150685752e-01
4.367049080267547678e-01, 1.138153710659853823e-01, 1.023422127619659922e-01, 3.471375081452937050e-01
4.367097029042594780e-01, 1.138137791561336931e-01, 1.023330654510609117e-01, 3.471434524885458339e-01
4.367144915554376228e-01, 1.138121921993413971e-01, 1.023239197151659813e-01, 3.471493965300549434e-01
4.367192739721730277e-01, 1.138106102053174778e-01, 1.023147755674534976e-01, 3.471553402550559553e-01
4.367240501463521274e-01, 1.138090331837664781e-01, 1.023056330210931619e-01, 3.471612836487882325e-01
4.367288200698634659e-01, 1.138074611443886108e-01, 1.022964920892519003e-01, 3.471672266964959674e-01
4.367335837345983629e-01, 1.138058940968796201e-01, 1.022873527850939046e-01, 3.471731693834280708e-01
4.367383411324504139e-01, 1.138043320509308232e-01, 1.022782151217806190e-01, 3.471791116948381162e-01
4.367430922553155459e-01, 1.138027750162290824e-01, 1.022690791124708232e-01, 3.471850536159844514e-01
4.367478370950922950e-01, 1.138012230024569582e-01, 1.022599447703204240e-01, 3.471909951321303089e-01
4.367525756436815842e-01, 1.137996760192923201e-01, 1.022508121084826221e-01, 3.471969362285433625e-01
4.367573078929868902e-01, 1.137981340764087218e-01, 1.022416811401077735e-01, 3.472028768904965590e-01
4.367620338349139653e-01, 1.137965971834751788e-01, 1.022325518783435833e-01, 3.472088171032672310e-01
4.367667534613713376e-01, 1.137950653501562659e-01, 1.022234243363348144e-01, 3.472147568521375960e-01
4.367714667642696447e-01, 1.137935385861119503e-01, 1.022142985272234961e-01, 3.472206961223949784e-01
4.367761737355223550e-01, 1.137920169009977445e-01, 1.022051744641487847e-01, 3.472266348993311991e-01
4.367808743670451022e-01, 1.137905003044645397e-01, 1.021960521602470195e-01, 3.472325731682431860e-01
4.367855686507563506e-01, 1.137889888061588417e-01, 1.021869316286518059e-01, 3.472385109144329185e-01
4.367902565785770075e-01, 1.137874824157224796e-01, 1.021778128824937931e-01, 3.472444481232067615e-01
4.367949381424302557e-01, 1.137859811427926610e-01, 1.021686959349007856e-01, 3.472503847798764087e-01
4.367996133342418874e-01, 1.137844849970021943e-01, 1.021595807989977150e-01, 3.472563208697582726e-01
4.368042821459404146e-01, 1.137829939879790309e-01, 1.021504674879066543e-01, 3.472622563781738170e-01
4.368089445694567918e-01, 1.137815081253468197e-01, 1.021413560147468313e-01, 3.472681912904496682e-01
4.368136005967242497e-01, 1.137800274187243110e-01, 1.021322463926345875e-01, 3.472741255919168379e-01
4.368182502196790162e-01, 1.137785518777258004e-01, 1.021231386346831554e-01, 3.472800592679120557e-01
4.368228934302594291e-01, 1.137770815119608647e-01, 1.021140327540031728e-01, 3.472859923037764918e-01
4.368275302204069344e-01, 1.137756163310344459e-01, 1.021049287637021546e-01, 3.472919246848565344e-01
4.368321605820646991e-01, 1.137741563445468784e-01, 1.020958266768846601e-01, 3.472978563965038457e-01
4.368367845071792765e-01, 1.137727015620936255e-01, 1.020867265066523616e-01, 3.473037874240746947e-01
4.368414019876993848e-01, 1.137712519932656541e-01, 1.020776282661040174e-01, 3.473097177529307911e-01
4.368460130155765175e-01, 1.137698076476492404e-01, 1.020685319683354852e-01, 3.473156473684387846e-01
4.368506175827644999e-01, 1.137683685348257479e-01, 1.020594376264393477e-01, 3.473215762559702657e-01
4.368552156812200438e-01, 1.137669346643720020e-01, 1.020503452535056338e-01, 3.473275044009023205e-01
4.368598073029020812e-01, 1.137655060458599710e-01, 1.020412548626210142e-01, 3.473334317886168643e-01
4.368643924397726530e-01, 1.137640826888569739e-01, 1.020321664668693840e-01, 3.473393584045009197e-01
4.368689710837961315e-01, 1.137626646029254729e-01, 1.020230800793315296e-01, 3.473452842339468938e-01
4.368735432269391650e-01, 1.137612517976231835e-01, 1.020139957130853092e-01, 3.473512092623523007e-01
4.368781088611717878e-01, 1.137598442825031309e-01, 1.020049133812054448e-01, 3.473571334751197059e-01
4.368826679784659772e-01, 1.137584420671134550e-01, 1.019958330967636745e-01, 3.473630568576569488e-01
4.368872205707967638e-01, 1.137570451609974109e-01, 1.019867548728287387e-01, 3.473689793953771976e-01
4.368917666301416758e-01, 1.137556535736935492e-01, 1.019776787224662418e-01, 3.473749010736986720e-01
4.368963061484806842e-01, 1.137542673147355909e-01, 1.019686046587388178e-01, 3.473808218780449764e-01
4.369008391177966466e-01, 1.137528863936523305e-01, 1.019595326947058955e-01, 3.473867417938449331e-01
4.369053655300754180e-01, 1.137515108199678437e-01, 1.019504628434239890e-01, 3.473926608065327493e-01
4.369098853773049074e-01, 1.137501406032011969e-01, 1.019413951179463512e-01, 3.473985789015475723e-01
4.369143986514756328e-01, 1.137487757528666543e-01, 1.019323295313233763e-01, 3.474044960643343227e-01
4.369189053445815540e-01, 1.137474162784734705e-01, 1.019232660966020443e-01, 3.474104122803428618e-01
4.369234054486185737e-01, 1.137460621895262647e-01, 1.019142048268264628e-01, 3.474163275350287683e-01
4.369278989555855364e-01, 1.137447134955244521e-01, 1.019051457350375611e-01, 3.474222418138524504e-01
4.369323858574841180e-01, 1.137433702059627155e-01, 1.018960888342729937e-01, 3.474281551022802006e-01
4.369368661463184367e-01, 1.137420323303307418e-01, 1.018870341375674865e-01, 3.474340673857833628e-01
4.369413398140954419e-01, 1.137406998781132494e-01, 1.018779816579525183e-01, 3.474399786498388321e-01
4.369458068528248584e-01, 1.137393728587899749e-01, 1.018689314084563341e-01, 3.474458888799288325e-01
4.369502672545191313e-01, 1.137380512818358114e-01, 1.018598834021040844e-01, 3.474517980615409729e-01
4.369547210111932589e-01, 1.137367351567205448e-01, 1.018508376519178249e-01, 3.474577061801684130e-01
4.369591681148650153e-01, 1.137354244929090208e-01, 1.018417941709162527e-01, 3.474636132213096973e-01
4.369636085575550610e-01, 1.137341192998610612e-01, 1.018327529721149705e-01, 3.474695191704689767e-01
4.369680423312865547e-01, 1.137328195870314917e-01, 1.018237140685264164e-01, 3.474754240131554539e-01
4.369724694280855970e-01, 1.137315253638701285e-01, 1.018146774731597398e-01, 3.474813277348844376e-01
4.369768898399810086e-01, 1.137302366398216941e-01, 1.018056431990208982e-01, 3.474872303211763436e-01
4.369813035590043304e-01, 1.137289534243259986e-01, 1.017966112591126016e-01, 3.474931317575570833e-01
4.369857105771897121e-01, 1.137276757268176064e-01, 1.017875816664343958e-01, 3.474990320295583413e-01
4.369901108865743011e-01, 1.137264035567260995e-01, 1.017785544339825099e-01, 3.475049311227170756e-01
4.369945044791978539e-01, 1.137251369234760501e-01, 1.017695295747498979e-01, 3.475108290225762397e-01
4.369988913471030689e-01, 1.137238758364868263e-01, 1.017605071017263219e-01, 3.475167257146837829e-01
4.370032714823353648e-01, 1.137226203051727169e-01, 1.017514870278982547e-01, 3.475226211845937052e-01
4.370076448769427691e-01, 1.137213703389429731e-01, 1.017424693662488805e-01, 3.475285154178653357e-01
4.370120115229763069e-01, 1.137201259472016418e-01, 1.017334541297580941e-01, 3.475344084000639433e-01
4.370163714124897236e-01, 1.137188871393476353e-01, 1.017244413314024876e-01, 3.475403001167601258e-01
4.370207245375395955e-01, 1.137176539247748280e-01, 1.017154309841554055e-01, 3.475461905535302543e-01
4.370250708901852188e-01, 1.137164263128717517e-01, 1.017064231009867648e-01, 3.475520796959562508e-01
4.370294104624888876e-01, 1.137152043130219281e-01, 1.016974176948632624e-01, 3.475579675296258664e-01
4.370337432465156158e-01, 1.137139879346036331e-01, 1.016884147787482789e-01, 3.475638540401325693e-01
4.370380692343329709e-01, 1.137127771869899384e-01, 1.016794143656017529e-01, 3.475697392130752128e-01
4.370423884180118512e-01, 1.137115720795488089e-01, 1.016704164683804312e-01, 3.475756230340588115e-01
4.370467007896257083e-01, 1.137103726216428662e-01, 1.016614211000375217e-01, 3.475815054886938760e-01
4.370510063412507140e-01, 1.137091788226296113e-01, 1.016524282735230544e-01, 3.475873865625965786e-01
4.370553050649663152e-01, 1.137079906918612160e-01, 1.016434380017835482e-01, 3.475932662413889207e-01
4.370595969528541236e-01, 1.137068082386847451e-01, 1.016344502977622882e-01, 3.475991445106988431e-01
4.370638819969994149e-01, 1.137056314724418371e-01, 1.016254651743990073e-01, 3.476050213561597824e-01
4.370681601894896295e-01, 1.137044604024690514e-01, 1.016164826446301767e-01, 3.476108967634111702e-01
4.370724315224154277e-01, 1.137032950380975349e-01, 1.016075027213888121e-01, 3.476167707180981004e-01
4.370766959878704117e-01, 1.137021353886532027e-01, 1.015985254176045155e-01, 3.476226432058717730e-01
4.370809535779507926e-01, 1.137009814634566685e-01, 1.015895507462035580e-01, 3.476285142123889393e-01
4.370852042847558905e-01, 1.136998332718231891e-01, 1.015805787201086025e-01, 3.476343837233122902e-01
4.370894481003875787e-01, 1.136986908230628313e-01, 1.015716093522390923e-01, 3.476402517243104562e-01
4.370936850169511723e-01, 1.136975541264801937e-01, 1.015626426555109318e-01, 3.476461182010577855e-01
4.370979150265542068e-01, 1.136964231913745738e-01, 1.015536786428365285e-01, 3.476519831392346771e-01
4.371021381213077150e-01, 1.136952980270399677e-01, 1.015447173271249032e-01, 3.476578465245273586e-01
4.371063542933253387e-01, 1.136941786427650147e-01, 1.015357587212815937e-01, 3.476637083426280528e-01
4.371105635347236618e-01, 1.136930650478328725e-01, 1.015268028382087240e-01, 3.476695685792347557e-01
4.371147658376222100e-01, 1.136919572515214943e-01, 1.015178496908047956e-01, 3.476754272200515139e-01
4.371189611941434516e-01, 1.136908552631032826e-01, 1.015088992919650074e-01, 3.476812842507883694e-01
4.371231495964125191e-01, 1.136897590918453382e-01, 1.014999516545809360e-01, 3.476871396571611372e-01
4.371273310365580977e-01, 1.136886687470092527e-01, 1.014910067915406749e-01, 3.476929934248920162e-01
4.371315055067111488e-01, 1.136875842378513163e-01, 1.014820647157288896e-01, 3.476988455397087008e-01
4.371356729990059642e-01, 1.136865055736222541e-01, 1.014731254400266236e-01, 3.477046959873452692e-01
4.371398335055793893e-01, 1.136854327635675316e-01, 1.014641889773114092e-01, 3.477105447535416283e-01
4.371439870185719889e-01, 1.136843658169269938e-01, 1.014552553404573232e-01, 3.477163918240437912e-01
4.371481335301261040e-01, 1.136833047429350735e-01, 1.014463245423349036e-01, 3.477222371846038773e-01
4.371522730323882389e-01, 1.136822495508207631e-01, 1.014373965958110524e-01, 3.477280808209800012e-01
4.371564055175071184e-01, 1.136812002498075597e-01, 1.014284715137491744e-01, 3.477339227189362170e-01
4.371605309776347426e-01, 1.136801568491133396e-01, 1.014195493090090661e-01, 3.477397628642428518e-01
4.371646494049258314e-01, 1.136791193579507059e-01, 1.014106299944470824e-01, 3.477456012426763943e-01
4.371687607915383245e-01, 1.136780877855266270e-01, 1.014017135829158450e-01, 3.477514378400192174e-01
4.371728651296330481e-01, 1.136770621410425203e-01, 1.013928000872644924e-01, 3.477572726420598559e-01
4.371769624113738262e-01, 1.136760424336943354e-01, 1.013838895203385132e-01, 3.477631056345933391e-01
4.371810526289274801e-01, 1.136750286726723735e-01, 1.013749818949798986e-01, 3.477689368034201922e-01
4.371851357744637179e-01, 1.136740208671615793e-01, 1.013660772240269348e-01, 3.477747661343476571e-01
4.371892118401555227e-01, 1.136730190263410545e-01, 1.013571755203142993e-01, 3.477805936131890818e-01
4.371932808181785979e-01, 1.136720231593846414e-01, 1.013482767966731590e-01, 3.477864192257637543e-01
4.371973427007116442e-01, 1.136710332754602565e-01, 1.013393810659308364e-01, 3.477922429578971797e-01
4.372013974799366376e-01, 1.136700493837306120e-01, 1.013304883409113510e-01, 3.477980647954214688e-01
4.372054451480383852e-01, 1.136690714933524110e-01, 1.013215986344347397e-01, 3.478038847241743947e-01
4.372094856972049137e-01, 1.136680996134770555e-01, 1.013127119593176390e-01, 3.478097027300005029e-01
4.372135191196269699e-01, 1.136671337532501741e-01, 1.013038283283728552e-01, 3.478155187987500563e-01
4.372175454074984091e-01, 1.136661739218118028e-01, 1.012949477544097115e-01, 3.478213329162800349e-01
4.372215645530164729e-01, 1.136652201282963570e-01, 1.012860702502336729e-01, 3.478271450684535804e-01
4.372255765483808454e-01, 1.136642723818325207e-01, 1.012771958286466933e-01, 3.478329552411398851e-01
4.372295813857948188e-01, 1.136633306915434821e-01, 1.012683245024469797e-01, 3.478387634202148027e-01
4.372335790574644609e-01, 1.136623950665464761e-01, 1.012594562844290336e-01, 3.478445695915601821e-01
4.372375695555987818e-01, 1.136614655159533110e-01, 1.012505911873835956e-01, 3.478503737410641450e-01
4.372415528724102884e-01, 1.136605420488700224e-01, 1.012417292240979094e-01, 3.478561758546216964e-01
4.372455290001140416e-01, 1.136596246743969696e-01, 1.012328704073553326e-01, 3.478619759181336146e-01
4.372494979309284324e-01, 1.136587134016286832e-01, 1.012240147499355314e-01, 3.478677739175073391e-01
4.372534596570750165e-01, 1.136578082396541012e-01, 1.012151622646145083e-01, 3.478735698386564157e-01
4.372574141707780138e-01, 1.136569091975564438e-01, 1.012063129641644632e-01, 3.478793636675009959e-01
4.372613614642652524e-01, 1.136560162844130195e-01, 1.011974668613539741e-01, 3.478851553899676707e-01
4.372653015297673917e-01, 1.136551295092956271e-01, 1.011886239689477190e-01, 3.478909449919893038e-01
4.372692343595180331e-01, 1.136542488812700979e-01, 1.011797842997067404e-01, 3.478967324595050314e-01
4.372731599457541085e-01, 1.136533744093966847e-01, 1.011709478663883055e-01, 3.479025177784608736e-01
4.372770782807155476e-01, 1.136525061027296446e-01, 1.011621146817458655e-01, 3.479083009348088451e-01
4.372809893566454997e-01, 1.136516439703176423e-01, 1.011532847585292078e-01, 3.479140819145076780e-01
4.372848931657899452e-01, 1.136507880212034444e-01, 1.011444581094842060e-01, 3.479198607035223767e-01
4.372887897003982505e-01, 1.136499382644240302e-01, 1.011356347473531120e-01, 3.479256372878246628e-01
4.372926789527226132e-01, 1.136490947090105785e-01, 1.011268146848741806e-01, 3.479314116533925305e-01
4.372965609150188948e-01, 1.136482573639884530e-01, 1.011179979347821140e-01, 3.479371837862106354e-01
4.373004355795452325e-01, 1.136474262383771056e-01, 1.011091845098075620e-01, 3.479429536722700722e-01
4.373043029385637603e-01, 1.136466013411902704e-01, 1.011003744226775802e-01, 3.479487212975683197e-01
4.373081629843392770e-01, 1.136457826814357558e-01, 1.010915676861153245e-01, 3.479544866481096843e-01
4.373120157091396343e-01, 1.136449702681155000e-01, 1.010827643128400788e-01, 3.479602497099048564e-01
4.373158611052360145e-01, 1.136441641102255429e-01, 1.010739643155673523e-01, 3.479660104689709654e-01
4.373196991649028753e-01, 1.136433642167561514e-01, 1.010651677070088794e-01, 3.479717689113320800e-01
4.373235298804175053e-01, 1.136425705966916527e-01, 1.010563744998724395e-01, 3.479775250230184303e-01
4.373273532440604128e-01, 1.136417832590103649e-01, 1.010475847068620092e-01, 3.479832787900671853e-01
4.373311692481154367e-01, 1.136410022126848884e-01, 1.010387983406777074e-01, 3.479890301985218981e-01
4.373349778848695246e-01, 1.136402274666817869e-01, 1.010300154140158363e-01, 3.479947792344328383e-01
4.373387791466126218e-01, 1.136394590299617119e-01, 1.010212359395688403e-01, 3.480005258838567705e-01
4.373425730256381150e-01, 1.136386969114794032e-01, 1.010124599300251530e-01, 3.480062701328573982e-01
4.373463595142422222e-01, 1.136379411201836193e-01, 1.010036873980695166e-01, 3.480120119675046420e-01
4.373501386047245476e-01, 1.136371916650172620e-01, 1.009949183563826902e-01, 3.480177513738755279e-01
4.373539102893879149e-01, 1.136364485549171272e-01, 1.009861528176415751e-01, 3.480234883380534106e-01
4.373576745605382565e-01, 1.136357117988141263e-01, 1.009773907945190757e-01, 3.480292228461285831e-01
4.373614314104846135e-01, 1.136349814056331758e-01, 1.009686322996843771e-01, 3.480349548841978335e-01
4.373651808315393019e-01, 1.136342573842932663e-01, 1.009598773458025983e-01, 3.480406844383648335e-01
4.373689228160179132e-01, 1.136335397437072264e-01, 1.009511259455350002e-01, 3.480464114947398047e-01
4.373726573562390363e-01, 1.136328284927820703e-01, 1.009423781115390134e-01, 3.480521360394399077e-01
4.373763844445246463e-01, 1.136321236404186918e-01, 1.009336338564679469e-01, 3.480578580585887982e-01
4.373801040731997714e-01, 1.136314251955118509e-01, 1.009248931929713766e-01, 3.480635775383170150e-01
4.373838162345927150e-01, 1.136307331669505066e-01, 1.009161561336948121e-01, 3.480692944647619802e-01
4.373875209210350556e-01, 1.136300475636174701e-01, 1.009074226912798217e-01, 3.480750088240675555e-01
4.373912181248615361e-01, 1.136293683943895155e-01, 1.008986928783641851e-01, 3.480807206023848188e-01
4.373949078384100631e-01, 1.136286956681372695e-01, 1.008899667075814910e-01, 3.480864297858711764e-01
4.373985900540218186e-01, 1.136280293937253771e-01, 1.008812441915615393e-01, 3.480921363606913066e-01
4.374022647640413708e-01, 1.136273695800123773e-01, 1.008725253429300778e-01, 3.480978403130161603e-01
4.374059319608161744e-01, 1.136267162358507721e-01, 1.008638101743089266e-01, 3.481035416290242379e-01
4.374095916366970704e-01, 1.136260693700868601e-01, 1.008550986983159092e-01, 3.481092402949001463e-01
4.374132437840382859e-01, 1.136254289915609728e-01, 1.008463909275648246e-01, 3.481149362968358751e-01
4.374168883951972120e-01, 1.136247951091072378e-01, 1.008376868746656135e-01, 3.481206296210300200e-01
4.374205254625342376e-01, 1.136241677315536353e-01, 1.008289865522240675e-01, 3.481263202536879486e-01
4.374241549784134708e-01, 1.136235468677221500e-01, 1.008202899728420643e-01, 3.481320081810223566e-01
4.374277769352018508e-01, 1.136229325264284662e-01, 1.008115971491174850e-01, 3.481376933892521564e-01
4.374313913252695918e-01, 1.136223247164822869e-01, 1.008029080936440752e-01, 3.481433758646040322e-01
4.374349981409906829e-01, 1.136217234466869869e-01, 1.007942228190117778e-01, 3.481490555933106079e-01
4.374385973747416112e-01, 1.136211287258399039e-01, 1.007855413378063031e-01, 3.481547325616121680e-01
4.374421890189027495e-01, 1.136205405627321585e-01, 1.007768636626095171e-01, 3.481604067557555471e-01
4.374457730658575239e-01, 1.136199589661486403e-01, 1.007681898059990394e-01, 3.481660781619948519e-01
4.374493495079924688e-01, 1.136193839448681742e-01, 1.007595197805486037e-01, 3.481717467665908505e-01
4.374529183376976160e-01, 1.136188155076632428e-01, 1.007508535988278775e-01, 3.481774125558113053e-01
4.374564795473661616e-01, 1.136182536633003060e-01, 1.007421912734025177e-01, 3.481830755159310287e-01
4.374600331293946875e-01, 1.136176984205394397e-01, 1.007335328168339900e-01, 3.481887356332319938e-01
4.374635790761829401e-01, 1.136171497881344750e-01, 1.007248782416798327e-01, 3.481943928940027799e-01
4.374671173801341073e-01, 1.136166077748331643e-01, 1.007162275604934071e-01, 3.482000472845392380e-01
4.374706480336545411e-01, 1.136160723893770014e-01, 1.007075807858241606e-01, 3.482056987911442691e-01
4.374741710291538133e-01, 1.136155436405011099e-01, 1.006989379302173082e-01, 3.482113474001277131e-01
4.374776863590450482e-01, 1.136150215369344380e-01, 1.006902990062140263e-01, 3.482169930978064598e-01
4.374811940157445900e-01, 1.136145060873996609e-01, 1.006816640263514528e-01, 3.482226358705042824e-01
4.374846939916718358e-01, 1.136139973006132231e-01, 1.006730330031625487e-01, 3.482282757045523924e-01
4.374881862792498466e-01, 1.136134951852851710e-01, 1.006644059491762777e-01, 3.482339125862886076e-01
4.374916708709048474e-01, 1.136129997501193756e-01, 1.006557828769174684e-01, 3.482395465020582948e-01
4.374951477590662274e-01, 1.136125110038133657e-01, 1.006471637989067858e-01, 3.482451774382135934e-01
4.374986169361669286e-01, 1.136120289550583279e-01, 1.006385487276608287e-01, 3.482508053811137483e-01
4.375020783946432790e-01, 1.136115536125392317e-01, 1.006299376756920744e-01, 3.482564303171253872e-01
4.375055321269343822e-01, 1.136110849849346627e-01, 1.006213306555089199e-01, 3.482620522326219104e-01
4.375089781254835608e-01, 1.136106230809168782e-01, 1.006127276796155018e-01, 3.482676711139839343e-01
4.375124163827366908e-01, 1.136101679091518213e-01, 1.006041287605119877e-01, 3.482732869475994586e-01
4.375158468911432563e-01, 1.136097194782990649e-01, 1.005955339106942709e-01, 3.482788997198633663e-01
4.375192696431561834e-01, 1.136092777970117845e-01, 1.005869431426542338e-01, 3.482845094171777567e-01
4.375226846312317841e-01, 1.136088428739368827e-01, 1.005783564688794568e-01, 3.482901160259520013e-01
4.375260918478291461e-01, 1.136084147177148368e-01, 1.005697739018534959e-01, 3.482957195326023547e-01
4.375294912854116314e-01, 1.136079933369798234e-01, 1.005611954540557573e-01, 3.483013199235528989e-01
4.375328829364452110e-01, 1.136075787403595105e-01, 1.005526211379612900e-01, 3.483069171852340440e-01
4.375362667933993532e-01, 1.136071709364752658e-01, 1.005440509660412429e-01, 3.483125113040841381e-01
4.375396428487473011e-01, 1.136067699339419618e-01, 1.005354849507624077e-01, 3.483181022665482462e-01
4.375430110949651286e-01, 1.136063757413682679e-01, 1.005269231045875233e-01, 3.483236900590790941e-01
4.375463715245325180e-01, 1.136059883673562060e-01, 1.005183654399750270e-01, 3.483292746681362906e-01
4.375497241299325379e-01, 1.136056078205013586e-01, 1.005098119693792341e-01, 3.483348560801868277e-01
4.375530689036515875e-01, 1.136052341093931606e-01, 1.005012627052502688e-01, 3.483404342817050803e-01
4.375564058381792854e-01, 1.136048672426143158e-01, 1.004927176600340089e-01, 3.483460092591724178e-01
4.375597349260089697e-01, 1.136045072287412278e-01, 1.004841768461722795e-01, 3.483515809990775924e-01
4.375630561596368096e-01, 1.136041540763437496e-01, 1.004756402761024930e-01, 3.483571494879167951e-01
4.375663695315631929e-01, 1.136038077939854202e-01, 1.004671079622579954e-01, 3.483627147121932666e-01
4.375696750342911168e-01, 1.136034683902231446e-01, 1.004585799170679555e-01, 3.483682766584178525e-01
4.375729726603271863e-01, 1.136031358736074026e-01, 1.004500561529571290e-01, 3.483738353131083376e-01
4.375762624021816150e-01, 1.136028102526822070e-01, 1.004415366823462191e-01, 3.483793906627900006e-01
4.375795442523677803e-01, 1.136024915359851034e-01, 1.004330215176516411e-01, 3.483849426939955585e-01
4.375828182034023905e-01, 1.136021797320470456e-01, 1.004245106712855773e-01, 3.483904913932649450e-01
4.375860842478058177e-01, 1.136018748493926450e-01, 1.004160041556560745e-01, 3.483960367471455877e-01
4.375893423781016534e-01, 1.136015768965397688e-01, 1.004075019831666832e-01, 3.484015787421919086e-01
4.375925925868168753e-01, 1.136012858819999277e-01, 1.003990041662170124e-01, 3.484071173649662123e-01
4.375958348664820141e-01, 1.136010018142780131e-01, 1.003905107172022720e-01, 3.484126526020377423e-01
4.375990692096308754e-01, 1.136007247018724353e-01, 1.003820216485133143e-01, 3.484181844399834027e-01
4.376022956088008176e-01, 1.136004545532750265e-01, 1.003735369725369392e-01, 3.484237128653871474e-01
4.376055140565323631e-01, 1.136001913769710686e-01, 1.003650567016555889e-01, 3.484292378648410349e-01
4.376087245453696983e-01, 1.135999351814392516e-01, 1.003565808482474314e-01, 3.484347594249436741e-01
4.376119270678602291e-01, 1.135996859751517568e-01, 1.003481094246863603e-01, 3.484402775323015566e-01
4.376151216165550806e-01, 1.135994437665742013e-01, 1.003396424433420364e-01, 3.484457921735287234e-01
4.376183081840083755e-01, 1.135992085641654853e-01, 1.003311799165797769e-01, 3.484513033352463207e-01
4.376214867627781224e-01, 1.135989803763780420e-01, 1.003227218567606799e-01, 3.484568110040831557e-01
4.376246573454253275e-01, 1.135987592116576711e-01, 1.003142682762414584e-01, 3.484623151666755292e-01
4.376278199245147715e-01, 1.135985450784435802e-01, 1.003058191873747035e-01, 3.484678158096669587e-01
4.376309744926146217e-01, 1.135983379851683156e-01, 1.002973746025084961e-01, 3.484733129197086221e-01
4.376341210422960426e-01, 1.135981379402578595e-01, 1.002889345339868510e-01, 3.484788064834592469e-01
4.376372595661343068e-01, 1.135979449521315326e-01, 1.002804989941492170e-01, 3.484842964875849436e-01
4.376403900567077399e-01, 1.135977590292019945e-01, 1.002720679953309629e-01, 3.484897829187592611e-01
4.376435125065980536e-01, 1.135975801798753543e-01, 1.002636415498630446e-01, 3.484952657636635198e-01
4.376466269083909011e-01, 1.135974084125509348e-01, 1.002552196700720877e-01, 3.485007450089860903e-01
4.376497332546746000e-01, 1.135972437356215364e-01, 1.002468023682804299e-01, 3.485062206414233921e-01
4.376528315380414647e-01, 1.135970861574732010e-01, 1.002383896568060789e-01, 3.485116926476792831e-01
4.376559217510872513e-01, 1.135969356864853924e-01, 1.002299815479626988e-01, 3.485171610144647270e-01
4.376590038864109911e-01, 1.135967923310307465e-01, 1.002215780540595957e-01, 3.485226257284987361e-01
4.376620779366152125e-01, 1.135966560994753349e-01, 1.002131791874018296e-01, 3.485280867765075397e-01
4.376651438943060524e-01, 1.135965270001785682e-01, 1.002047849602900886e-01, 3.485335441452252492e-01
4.376682017520929779e-01, 1.135964050414930010e-01, 1.001963953850206063e-01, 3.485389978213933038e-01
4.376712515025889538e-01, 1.135962902317646517e-01, 1.001880104738854527e-01, 3.485444477917610251e-01
4.376742931384103308e-01, 1.135961825793326829e-01, 1.001796302391721460e-01, 3.485498940430848958e-01
4.376773266521770123e-01, 1.135960820925296655e-01, 1.001712546931640274e-01, 3.485553365621292810e-01
4.376803520365123989e-01, 1.135959887796813006e-01, 1.001628838481399691e-01, 3.485607753356663174e-01
4.376833692840434442e-01, 1.135959026491066975e-01, 1.001545177163745692e-01, 3.485662103504754139e-01
4.376863783874001546e-01, 1.135958237091181100e-01, 1.001461563101379015e-01, 3.485716415933437506e-01
4.376893793392168663e-01, 1.135957519680211025e-01, 1.001377996416958766e-01, 3.485770690510662240e-01
4.376923721321304139e-01, 1.135956874341144396e-01, 1.001294477233098806e-01, 3.485824927104452797e-01
4.376953567587817950e-01, 1.135956301156902382e-01, 1.001211005672369425e-01, 3.485879125582910798e-01
4.376983332118151715e-01, 1.135955800210337180e-01, 1.001127581857298304e-01, 3.485933285814213356e-01
4.377013014838784244e-01, 1.135955371584233126e-01, 1.001044205910367191e-01, 3.485987407666616411e-01
4.377042615676226545e-01, 1.135955015361308218e-01, 1.000960877954015366e-01, 3.486041491008450843e-01
4.377072134557027372e-01, 1.135954731624210512e-01, 1.000877598110638672e-01, 3.486095535708124138e-01
4.377101571407767677e-01, 1.135954520455522282e-01, 1.000794366502587435e-01, 3.486149541634122606e-01
4.377130926155065604e-01, 1.135954381937755442e-01, 1.000711183252169650e-01, 3.486203508655008054e-01
4.377160198725574269e-01, 1.135954316153356403e-01, 1.000628048481647658e-01, 3.486257436639421670e-01
4.377189389045981205e-01, 1.135954323184701076e-01, 1.000544962313240221e-01, 3.486311325456077914e-01
4.377218497043006695e-01, 1.135954403114098066e-01, 1.000461924869123359e-01, 3.486365174973772296e-01
4.377247522643409883e-01, 1.135954556023788253e-01, 1.000378936271427016e-01, 3.486418985061373599e-01
4.377276465773983771e-01, 1.135954781995942992e-01, 1.000295996642238672e-01, 3.486472755587833317e-01
4.377305326361556337e-01, 1.135955081112667020e-01, 1.000213106103600147e-01, 3.486526486422177329e-01
4.377334104332988307e-01, 1.135955453455993608e-01, 1.000130264777510103e-01, 3.486580177433508121e-01
4.377362799615179823e-01, 1.135955899107890243e-01, 1.000047472785922376e-01, 3.486633828491008669e-01
4.377391412135062665e-01, 1.135956418150254749e-01, 9.999647302507462532e-02, 3.486687439463936333e-01
4.377419941819607474e-01, 1.135957010664915695e-01, 9.998820372938481416e-02, 3.486741010221629522e-01
4.377448388595815976e-01, 1.135957676733633653e-01, 9.997993940370479560e-02, 3.486794540633502693e-01
4.377476752390725978e-01, 1.135958416438100638e-01, 9.997168006021230069e-02, 3.486848030569049683e-01
4.377505033131415257e-01, 1.135959229859938718e-01, 9.996342571108052244e-02, 3.486901479897842049e-01
4.377533230744989345e-01, 1.135960117080701548e-01, 9.995517636847822684e-02, 3.486954888489526838e-01
4.377561345158596517e-01, 1.135961078181873807e-01, 9.994693204456975288e-02, 3.487008256213832702e-01
4.377589376299413360e-01, 1.135962113244871202e-01, 9.993869275151499865e-02, 3.487061582940566007e-01
4.377617324094657536e-01, 1.135963222351040192e-01, 9.993045850146935194e-02, 3.487114868539609724e-01
4.377645188471579463e-01, 1.135964405581657427e-01, 9.992222930658375968e-02, 3.487168112880926207e-01
4.377672969357463417e-01, 1.135965663017931560e-01, 9.991400517900474176e-02, 3.487221315834556634e-01
4.377700666679633645e-01, 1.135966994741000186e-01, 9.990578613087433557e-02, 3.487274477270622119e-01
4.377728280365445479e-01, 1.135968400831934011e-01, 9.989757217433012371e-02, 3.487327597059318718e-01
4.377755810342291998e-01, 1.135969881371730883e-01, 9.988936332150517849e-02, 3.487380675070925751e-01
4.377783256537599033e-01, 1.135971436441322174e-01, 9.988115958452813137e-02, 3.487433711175797479e-01
4.377810618878831828e-01, 1.135973066121567371e-01, 9.987296097552317287e-02, 3.487486705244369212e-01
4.377837897293488378e-01, 1.135974770493258096e-01, 9.986476750660985835e-02, 3.487539657147153971e-01
4.377865091709103318e-01, 1.135976549637115612e-01, 9.985657918990346882e-02, 3.487592566754745271e-01
4.377892202053246806e-01, 1.135978403633790684e-01, 9.984839603751469173e-02, 3.487645433937816009e-01
4.377919228253522310e-01, 1.135980332563865797e-01, 9.984021806154974588e-02, 3.487698258567115128e-01
4.377946170237571599e-01, 1.135982336507850854e-01, 9.983204527411035367e-02, 3.487751040513474288e-01
4.377973027933071415e-01, 1.135984415546189147e-01, 9.982387768729368560e-02, 3.487803779647802305e-01
4.377999801267734026e-01, 1.135986569759251524e-01, 9.981571531319258228e-02, 3.487856475841089043e-01
4.378026490169305562e-01, 1.135988799227339446e-01, 9.980755816389516588e-02, 3.487909128964402639e-01
4.378053094565571013e-01, 1.135991104030684845e-01, 9.979940625148525646e-02, 3.487961738888891161e-01
4.378079614384347007e-01, 1.135993484249448182e-01, 9.979125958804201113e-02, 3.488014305485783173e-01
4.378106049553491252e-01, 1.135995939963720669e-01, 9.978311818564024327e-02, 3.488066828626386062e-01
4.378132400000891988e-01, 1.135998471253522046e-01, 9.977498205635007555e-02, 3.488119308182084932e-01
4.378158665654474646e-01, 1.136001078198803776e-01, 9.976685121223724528e-02, 3.488171744024348708e-01
4.378184846442201850e-01, 1.136003760879445018e-01, 9.975872566536296560e-02, 3.488224136024724031e-01
4.378210942292069530e-01, 1.136006519375254570e-01, 9.975060542778377282e-02, 3.488276484054836368e-01
4.378236953132113585e-01, 1.136009353765971147e-01, 9.974249051155197054e-02, 3.488328787986395008e-01
4.378262878890399334e-01, 1.136012264131262411e-01, 9.973438092871511618e-02, 3.488381047691186954e-01
4.378288719495034287e-01, 1.136015250550726080e-01, 9.972627669131631234e-02, 3.488433263041076371e-01
4.378314474874157591e-01, 1.136018313103888816e-01, 9.971817781139406811e-02, 3.488485433908014022e-01
4.378340144955943924e-01, 1.136021451870205257e-01, 9.971008430098250719e-02, 3.488537560164025053e-01
4.378365729668609041e-01, 1.136024666929061344e-01, 9.970199617211106258e-02, 3.488589641681220099e-01
4.378391228940396451e-01, 1.136027958359769746e-01, 9.969391343680472639e-02, 3.488641678331785845e-01
4.378416642699592964e-01, 1.136031326241574574e-01, 9.968583610708395271e-02, 3.488693669987993906e-01
4.378441970874515365e-01, 1.136034770653646803e-01, 9.967776419496458817e-02, 3.488745616522190840e-01
4.378467213393523738e-01, 1.136038291675087325e-01, 9.966969771245803855e-02, 3.488797517806809245e-01
4.378492370185003701e-01, 1.136041889384926118e-01, 9.966163667157101891e-02, 3.488849373714361657e-01
4.378517441177384728e-01, 1.136045563862120716e-01, 9.965358108430580342e-02, 3.488901184117436105e-01
4.378542426299132373e-01, 1.136049315185558711e-01, 9.964553096266014209e-02, 3.488952948888707772e-01
4.378567325478742167e-01, 1.136053143434055251e-01, 9.963748631862713590e-02, 3.489004667900930112e-01
4.378592138644751830e-01, 1.136057048686355681e-01, 9.962944716419544489e-02, 3.489056341026938179e-01
4.378616865725730167e-01, 1.136061031021132067e-01, 9.962141351134899681e-02, 3.489107968139648075e-01
4.378641506650286508e-01, 1.136065090516985565e-01, 9.961338537206733401e-02, 3.489159549112055281e-01
4.378666061347060712e-01, 1.136069227252446273e-01, 9.960536275832541919e-02, 3.489211083817239656e-01
4.378690529744733717e-01, 1.136073441305972265e-01, 9.959734568209348271e-02, 3.489262572128358220e-01
4.378714911772020879e-01, 1.136077732755950281e-01, 9.958933415533742506e-02, 3.489314013918654589e-01
4.378739207357672525e-01, 1.136082101680694484e-01, 9.958132819001837277e-02, 3.489365409061449541e-01
4.378763416430476174e-01, 1.136086548158448256e-01, 9.957332779809301149e-02, 3.489416757430145455e-01
4.378787538919252653e-01, 1.136091072267382818e-01, 9.956533299151344718e-02, 3.489468058898229641e-01
4.378811574752865532e-01, 1.136095674085597224e-01, 9.955734378222713676e-02, 3.489519313339267126e-01
4.378835523860205581e-01, 1.136100353691118364e-01, 9.954936018217698523e-02, 3.489570520626907313e-01
4.378859386170206869e-01, 1.136105111161901798e-01, 9.954138220330135955e-02, 3.489621680634878986e-01
4.378883161611835106e-01, 1.136109946575830504e-01, 9.953340985753403314e-02, 3.489672793236994197e-01
4.378906850114096527e-01, 1.136114860010715433e-01, 9.952544315680414422e-02, 3.489723858307147153e-01
4.378930451606028451e-01, 1.136119851544295928e-01, 9.951748211303634850e-02, 3.489774875719312552e-01
4.378953966016707056e-01, 1.136124921254238473e-01, 9.950952673815061100e-02, 3.489825845347548361e-01
4.378977393275245156e-01, 1.136130069218136973e-01, 9.950157704406235870e-02, 3.489876767065994145e-01
4.379000733310789983e-01, 1.136135295513513582e-01, 9.949363304268241115e-02, 3.489927640748872184e-01
4.379023986052528183e-01, 1.136140600217818430e-01, 9.948569474591696660e-02, 3.489978466270483581e-01
4.379047151429678042e-01, 1.136145983408427818e-01, 9.947776216566774077e-02, 3.490029243505217149e-01
4.379070229371496148e-01, 1.136151445162647128e-01, 9.946983531383171706e-02, 3.490079972327539415e-01
4.379093219807277393e-01, 1.136156985557708471e-01, 9.946191420230136859e-02, 3.490130652612000728e-01
4.379116122666349420e-01, 1.136162604670770682e-01, 9.945399884296451942e-02, 3.490181284233234149e-01
4.379138937878079840e-01, 1.136168302578920986e-01, 9.944608924770438618e-02, 3.490231867065956006e-01
4.379161665371866796e-01, 1.136174079359173611e-01, 9.943818542839966135e-02, 3.490282400984963118e-01
4.379184305077151174e-01, 1.136179935088469789e-01, 9.943028739692430507e-02, 3.490332885865136126e-01
4.379206856923406055e-01, 1.136185869843678031e-01, 9.942239516514778108e-02, 3.490383321581438381e-01
4.379229320840141715e-01, 1.136191883701593991e-01, 9.941450874493490408e-02, 3.490433708008914837e-01
4.379251696756905621e-01, 1.136197976738940185e-01, 9.940662814814588133e-02, 3.490484045022694271e-01
4.379273984603281322e-01, 1.136204149032367661e-01, 9.939875338663627102e-02, 3.490534332497988168e-01
4.379296184308887896e-01, 1.136210400658451414e-01, 9.939088447225709333e-02, 3.490584570310090728e-01
4.379318295803380501e-01, 1.136216731693696635e-01, 9.938302141685463609e-02, 3.490634758334377752e-01
4.379340319016452043e-01, 1.136223142214531912e-01, 9.937516423227067686e-02, 3.490684896446310526e-01
4.379362253877829292e-01, 1.136229632297316161e-01, 9.936731293034231638e-02, 3.490734984521431383e-01
4.379384100317278983e-01, 1.136236202018333363e-01, 9.935946752290210349e-02, 3.490785022435366480e-01
4.379405858264601714e-01, 1.136242851453794084e-01, 9.935162802177784080e-02, 3.490835010063825239e-01
4.379427527649635277e-01, 1.136249580679835613e-01, 9.934379443879283456e-02, 3.490884947282600348e-01
4.379449108402252433e-01, 1.136256389772522801e-01, 9.933596678576568639e-02, 3.490934833967567763e-01
4.379470600452363693e-01, 1.136263278807845417e-01, 9.932814507451039054e-02, 3.490984669994686151e-01
4.379492003729917871e-01, 1.136270247861721622e-01, 9.932032931683630606e-02, 3.491034455239997447e-01
4.379513318164895419e-01, 1.136277297009994358e-01, 9.931251952454822618e-02, 3.491084189579628516e-01
4.379534543687316206e-01, 1.136284426328433850e-01, 9.930471570944621185e-02, 3.491133872889787826e-01
4.379555680227238401e-01, 1.136291635892736351e-01, 9.929691788332571656e-02, 3.491183505046767666e-01
4.379576727714751816e-01, 1.136298925778525676e-01, 9.928912605797758639e-02, 3.491233085926946367e-01
4.379597686079986785e-01, 1.136306296061349724e-01, 9.928134024518808776e-02, 3.491282615406783862e-01
4.379618555253106393e-01, 1.136313746816683679e-01, 9.927356045673867146e-02, 3.491332093362822242e-01
4.379639335164316472e-01, 1.136321278119929723e-01, 9.926578670440631968e-02, 3.491381519671689637e-01
4.379660025743851715e-01, 1.136328890046415380e-01, 9.925801899996336553e-02, 3.491430894210099667e-01
4.379680626921989006e-01, 1.136336582671393647e-01, 9.925025735517736813e-02, 3.491480216854844221e-01
4.379701138629036317e-01, 1.136344356070044526e-01, 9.924250178181134863e-02, 3.491529487482805116e-01
4.379721560795344915e-01, 1.136352210317473493e-01, 9.923475229162369293e-02, 3.491578705970943552e-01
4.379741893351297155e-01, 1.136360145488712753e-01, 9.922700889636806854e-02, 3.491627872196309545e-01
4.379762136227314251e-01, 1.136368161658718595e-01, 9.921927160779361876e-02, 3.491676986036031383e-01
4.379782289353852387e-01, 1.136376258902375563e-01, 9.921154043764464359e-02, 3.491726047367326169e-01
4.379802352661406051e-01, 1.136384437294491317e-01, 9.920381539766097434e-02, 3.491775056067493166e-01
4.379822326080504702e-01, 1.136392696909801492e-01, 9.919609649957766839e-02, 3.491824012013916012e-01
4.379842209541717768e-01, 1.136401037822966503e-01, 9.918838375512530059e-02, 3.491872915084063278e-01
4.379862002975645208e-01, 1.136409460108572245e-01, 9.918067717602956079e-02, 3.491921765155486801e-01
4.379881706312928058e-01, 1.136417963841130641e-01, 9.917297677401172573e-02, 3.491970562105824460e-01
4.379901319484242328e-01, 1.136426549095078536e-01, 9.916528256078815939e-02, 3.492019305812796848e-01
4.379920842420302884e-01, 1.136435215944779364e-01, 9.915759454807072937e-02, 3.492067996154210596e-01
4.379940275051857901e-01, 1.136443964464520506e-01, 9.914991274756668194e-02, 3.492116633007955051e-01
4.379959617309692188e-01, 1.136452794728515930e-01, 9.914223717097855881e-02, 3.492165216252005600e-01
4.379978869124631080e-01, 1.136461706810904804e-01, 9.913456783000416939e-02, 3.492213745764422561e-01
4.379998030427532107e-01, 1.136470700785751770e-01, 9.912690473633677113e-02, 3.492262221423348967e-01
4.380017101149289993e-01, 1.136479776727045560e-01, 9.911924790166483368e-02, 3.492310643107016110e-01
4.380036081220839983e-01, 1.136488934708701631e-01, 9.911159733767234414e-02, 3.492359010693734667e-01
4.380054970573149520e-01, 1.136498174804559114e-01, 9.910395305603843241e-02, 3.492407324061906904e-01
4.380073769137224349e-01, 1.136507497088384000e-01, 9.909631506843769033e-02, 3.492455583090013360e-01
4.380092476844108518e-01, 1.136516901633866511e-01, 9.908868338654000518e-02, 3.492503787656624503e-01
4.380111093624877716e-01, 1.136526388514620817e-01, 9.908105802201060130e-02, 3.492551937640394621e-01
4.380129619410650932e-01, 1.136535957804188646e-01, 9.907343898651002623e-02, 3.492600032920060160e-01
4.380148054132578239e-01, 1.136545609576034011e-01, 9.906582629169423393e-02, 3.492648073374445827e-01
4.380166397721849125e-01, 1.136555343903547788e-01, 9.905821994921432116e-02, 3.492696058882460153e-01
4.380184650109687494e-01, 1.136565160860044527e-01, 9.905061997071692992e-02, 3.492743989323098819e-01
4.380202811227357773e-01, 1.136575060518764113e-01, 9.904302636784391434e-02, 3.492791864575439109e-01
4.380220881006156586e-01, 1.136585042952871633e-01, 9.903543915223252114e-02, 3.492839684518647125e-01
4.380238859377421634e-01, 1.136595108235455565e-01, 9.902785833551519534e-02, 3.492887449031971125e-01
4.380256746272522816e-01, 1.136605256439530282e-01, 9.902028392931985779e-02, 3.492935157994748185e-01
4.380274541622870554e-01, 1.136615487638034938e-01, 9.901271594526972475e-02, 3.492982811286397538e-01
4.380292245359909131e-01, 1.136625801903832222e-01, 9.900515439498321080e-02, 3.493030408786426122e-01
4.380309857415121688e-01, 1.136636199309710021e-01, 9.899759929007430348e-02, 3.493077950374425256e-01
4.380327377720025228e-01, 1.136646679928381004e-01, 9.899005064215204985e-02, 3.493125435930073963e-01
4.380344806206177277e-01, 1.136657243832481651e-01, 9.898250846282094506e-02, 3.493172865333132315e-01
4.380362142805168668e-01, 1.136667891094573085e-01, 9.897497276368084906e-02, 3.493220238463449756e-01
4.380379387448628536e-01, 1.136678621787141769e-01, 9.896744355632690338e-02, 3.493267555200961771e-01
4.380396540068221545e-01, 1.136689435982597141e-01, 9.895992085234946167e-02, 3.493314815425686559e-01
4.380413600595650658e-01, 1.136700333753273562e-01, 9.895240466333442286e-02, 3.493362019017731690e-01
4.380430568962654925e-01, 1.136711315171429482e-01, 9.894489500086277312e-02, 3.493409165857287446e-01
4.380447445101009474e-01, 1.136722380309247854e-01, 9.893739187651102995e-02, 3.493456255824631818e-01
4.380464228942527738e-01, 1.136733529238835999e-01, 9.892989530185086755e-02, 3.493503288800128836e-01
4.380480920419057567e-01, 1.136744762032224632e-01, 9.892240528844936653e-02, 3.493550264664224692e-01
4.380497519462484002e-01, 1.136756078761369110e-01, 9.891492184786887520e-02, 3.493597183297459385e-01
4.380514026004729833e-01, 1.136767479498148881e-01, 9.890744499166706505e-02, 3.493644044580450636e-01
4.380530439977756707e-01, 1.136778964314366924e-01, 9.889997473139702788e-02, 3.493690848393907200e-01
4.380546761313556248e-01, 1.136790533281750032e-01, 9.889251107860694279e-02, 3.493737594618623876e-01
4.380562989944164487e-01, 1.136802186471950610e-01, 9.888505404484054795e-02, 3.493784283135479285e-01
4.380579125801650209e-01, 1.136813923956543487e-01, 9.887760364163679372e-02, 3.493830913825438644e-01
4.380595168818116614e-01, 1.136825745807026888e-01, 9.887015988052996751e-02, 3.493877486569555990e-01
4.380611118925709091e-01, 1.136837652094824375e-01, 9.886272277304958278e-02, 3.493924001248969180e-01
4.380626976056608002e-01, 1.136849642891282347e-01, 9.885529233072064270e-02, 3.493970457744904334e-01
4.380642740143026459e-01, 1.136861718267670601e-01, 9.884786856506326547e-02, 3.494016855938670285e-01
4.380658411117219209e-01, 1.136873878295183438e-01, 9.884045148759304511e-02, 3.494063195711665792e-01
4.380673988911477079e-01, 1.136886123044939106e-01, 9.883304110982076007e-02, 3.494109476945376214e-01
4.380689473458124206e-01, 1.136898452587978142e-01, 9.882563744325267852e-02, 3.494155699521371838e-01
4.380704864689524691e-01, 1.136910866995265168e-01, 9.881824049939016974e-02, 3.494201863321309554e-01
4.380720162538078166e-01, 1.136923366337688757e-01, 9.881085028973000950e-02, 3.494247968226933398e-01
4.380735366936221453e-01, 1.136935950686061431e-01, 9.880346682576440775e-02, 3.494294014120073455e-01
4.380750477816426902e-01, 1.136948620111117858e-01, 9.879609011898064785e-02, 3.494340000882648622e-01
4.380765495111206276e-01, 1.136961374683516796e-01, 9.878872018086153062e-02, 3.494385928396660512e-01
4.380780418753107419e-01, 1.136974214473840950e-01, 9.878135702288505515e-02, 3.494431796544200663e-01
4.380795248674710374e-01, 1.136987139552595449e-01, 9.877400065652455763e-02, 3.494477605207448323e-01
4.380809984808637925e-01, 1.137000149990209097e-01, 9.876665109324875291e-02, 3.494523354268666004e-01
4.380824627087545609e-01, 1.137013245857033672e-01, 9.875930834452154028e-02, 3.494569043610205594e-01
4.380839175444128930e-01, 1.137026427223344766e-01, 9.875197242180225321e-02, 3.494614673114504466e-01
4.380853629811117256e-01, 1.137039694159341224e-01, 9.874464333654543735e-02, 3.494660242664087701e-01
4.380867990121279365e-01, 1.137053046735143624e-01, 9.873732110020103092e-02, 3.494705752141566979e-01
4.380882256307417344e-01, 1.137066485020797602e-01, 9.873000572421421206e-02, 3.494751201429643350e-01
4.380896428302373802e-01, 1.137080009086270660e-01, 9.872269722002550985e-02, 3.494796590411101689e-01
4.380910506039022989e-01, 1.137093619001453837e-01, 9.871539559907080430e-02, 3.494841918968814021e-01
4.380924489450283565e-01, 1.137107314836161009e-01, 9.870810087278125700e-02, 3.494887186985742300e-01
4.380938378469105277e-01, 1.137121096660128894e-01, 9.870081305258324167e-02, 3.494932394344933413e-01
4.380952173028473950e-01, 1.137134964543017185e-01, 9.869353214989859402e-02, 3.494977540929523063e-01
4.380965873061415938e-01, 1.137148918554409388e-01, 9.868625817614436191e-02, 3.495022626622730777e-01
4.380979478500992008e-01, 1.137162958763809628e-01, 9.867899114273295802e-02, 3.495067651307868783e-01
4.380992989280300121e-01, 1.137177085240647506e-01, 9.867173106107211822e-02, 3.495112614868331469e-01
4.381006405332474318e-01, 1.137191298054273519e-01, 9.866447794256480441e-02, 3.495157517187603702e-01
4.381019726590688612e-01, 1.137205597273961699e-01, 9.865723179860934333e-02, 3.495202358149256949e-01
4.381032952988147544e-01, 1.137219982968908638e-01, 9.864999264059938489e-02, 3.495247137636949830e-01
4.381046084458098955e-01, 1.137234455208233769e-01, 9.864276047992388829e-02, 3.495291855534428116e-01
4.381059120933822326e-01, 1.137249014060979224e-01, 9.863553532796714984e-02, 3.495336511725525841e-01
4.381072062348639884e-01, 1.137263659596109144e-01, 9.862831719610871961e-02, 3.495381106094164192e-01
4.381084908635902719e-01, 1.137278391882510925e-01, 9.862110609572340147e-02, 3.495425638524352063e-01
4.381097659729004112e-01, 1.137293210988993969e-01, 9.861390203818155842e-02, 3.495470108900186057e-01
4.381110315561373425e-01, 1.137308116984291073e-01, 9.860670503484850191e-02, 3.495514517105849928e-01
4.381122876066476102e-01, 1.137323109937056209e-01, 9.859951509708526907e-02, 3.495558863025615692e-01
4.381135341177813114e-01, 1.137338189915866882e-01, 9.859233223624781772e-02, 3.495603146543841411e-01
4.381147710828924846e-01, 1.137353356989222325e-01, 9.858515646368774810e-02, 3.495647367544975626e-01
4.381159984953386100e-01, 1.137368611225544196e-01, 9.857798779075171991e-02, 3.495691525913552367e-01
4.381172163484807758e-01, 1.137383952693177408e-01, 9.857082622878186873e-02, 3.495735621534196702e-01
4.381184246356840117e-01, 1.137399381460387632e-01, 9.856367178911552840e-02, 3.495779654291616412e-01
4.381196233503170112e-01, 1.137414897595364488e-01, 9.855652448308549474e-02, 3.495823624070611424e-01
4.381208124857519093e-01, 1.137430501166217939e-01, 9.854938432201972021e-02, 3.495867530756067709e-01
4.381219920353645048e-01, 1.137446192240981896e-01, 9.854225131724157760e-02, 3.495911374232958391e-01
4.381231619925345377e-01, 1.137461970887611307e-01, 9.853512548006969352e-02, 3.495955154386345964e-01
4.381243223506451900e-01, 1.137477837173983958e-01, 9.852800682181810099e-02, 3.495998871101382854e-01
4.381254731030834182e-01, 1.137493791167899226e-01, 9.852089535379601748e-02, 3.496042524263306417e-01
4.381266142432398980e-01, 1.137509832937078774e-01, 9.851379108730802525e-02, 3.496086113757441161e-01
4.381277457645088580e-01, 1.137525962549166270e-01, 9.850669403365415466e-02, 3.496129639469203187e-01
4.381288676602880794e-01, 1.137542180071727527e-01, 9.849960420412956497e-02, 3.496173101284095752e-01
4.381299799239793402e-01, 1.137558485572249811e-01, 9.849252161002483574e-02, 3.496216499087707597e-01
4.381310825489880822e-01, 1.137574879118143228e-01, 9.848544626262586976e-02, 3.496259832765717390e-01
4.381321755287228004e-01, 1.137591360776739058e-01, 9.847837817321382359e-02, 3.496303102203894841e-01
4.381332588565964858e-01, 1.137607930615289892e-01, 9.847131735306521860e-02, 3.496346307288094035e-01
4.381343325260252941e-01, 1.137624588700971717e-01, 9.846426381345192713e-02, 3.496389447904256209e-01
4.381353965304291553e-01, 1.137641335100881418e-01, 9.845721756564106142e-02, 3.496432523938415859e-01
4.381364508632316079e-01, 1.137658169882037884e-01, 9.845017862089512628e-02, 3.496475535276693525e-01
4.381374955178601316e-01, 1.137675093111381458e-01, 9.844314699047197748e-02, 3.496518481805298562e-01
4.381385304877454812e-01, 1.137692104855773656e-01, 9.843612268562459966e-02, 3.496561363410524703e-01
4.381395557663224638e-01, 1.137709205181999528e-01, 9.842910571760156435e-02, 3.496604179978760052e-01
4.381405713470293284e-01, 1.137726394156763909e-01, 9.842209609764659972e-02, 3.496646931396476532e-01
4.381415772233078765e-01, 1.137743671846694060e-01, 9.841509383699882652e-02, 3.496689617550238771e-01
4.381425733886039064e-01, 1.137761038318339385e-01, 9.840809894689263315e-02, 3.496732238326695774e-01
4.381435598363666029e-01, 1.137778493638168381e-01, 9.840111143855778675e-02, 3.496774793612588139e-01
4.381445365600488140e-01, 1.137796037872574884e-01, 9.839413132321937761e-02, 3.496817283294743617e-01
4.381455035531072739e-01, 1.137813671087871126e-01, 9.838715861209774982e-02, 3.496859707260078776e-01
4.381464608090021584e-01, 1.137831393350292458e-01, 9.838019331640870946e-02, 3.496902065395597337e-01
4.381474083211976400e-01, 1.137849204725994573e-01, 9.837323544736330250e-02, 3.496944357588395169e-01
4.381483460831610000e-01, 1.137867105281055169e-01, 9.836628501616785647e-02, 3.496986583725655295e-01
4.381492740883637382e-01, 1.137885095081473952e-01, 9.835934203402414699e-02, 3.497028743694646780e-01
4.381501923302805745e-01, 1.137903174193170414e-01, 9.835240651212920349e-02, 3.497070837382731390e-01
4.381511008023901699e-01, 1.137921342681986747e-01, 9.834547846167544793e-02, 3.497112864677356381e-01
4.381519994981747934e-01, 1.137939600613685487e-01, 9.833855789385057000e-02, 3.497154825466061157e-01
4.381528884111203781e-01, 1.137957948053951590e-01, 9.833164481983763805e-02, 3.497196719636470053e-01
4.381537675347162430e-01, 1.137976385068388691e-01, 9.832473925081498811e-02, 3.497238547076298443e-01
4.381546368624558707e-01, 1.137994911722525759e-01, 9.831784119795639043e-02, 3.497280307673351629e-01
4.381554963878361297e-01, 1.138013528081808917e-01, 9.831095067243086905e-02, 3.497322001315522622e-01
4.381563461043572749e-01, 1.138032234211607957e-01, 9.830406768540285445e-02, 3.497363627890791027e-01
4.381571860055237799e-01, 1.138051030177212597e-01, 9.829719224803204480e-02, 3.497405187287229711e-01
4.381580160848433381e-01, 1.138069916043833868e-01, 9.829032437147355861e-02, 3.497446679392997582e-01
4.381588363358274729e-01, 1.138088891876604392e-01, 9.828346406687771264e-02, 3.497488104096344030e-01
4.381596467519913718e-01, 1.138107957740576714e-01, 9.827661134539035503e-02, 3.497529461285605046e-01
4.381604473268538857e-01, 1.138127113700725945e-01, 9.826976621815257384e-02, 3.497570750849209875e-01
4.381612380539373075e-01, 1.138146359821946285e-01, 9.826292869630072480e-02, 3.497611972675672698e-01
4.381620189267680376e-01, 1.138165696169054775e-01, 9.825609879096673660e-02, 3.497653126653598177e-01
4.381627899388755853e-01, 1.138185122806787686e-01, 9.824927651327754197e-02, 3.497694212671681457e-01
4.381635510837933456e-01, 1.138204639799803575e-01, 9.824246187435578537e-02, 3.497735230618705393e-01
4.381643023550585991e-01, 1.138224247212680645e-01, 9.823565488531918466e-02, 3.497776180383541655e-01
4.381650437462119574e-01, 1.138243945109918831e-01, 9.822885555728096130e-02, 3.497817061855152398e-01
4.381657752507976955e-01, 1.138263733555938823e-01, 9.822206390134960441e-02, 3.497857874922587484e-01
4.381664968623640855e-01, 1.138283612615081236e-01, 9.821527992862898182e-02, 3.497898619474988369e-01
4.381672085744625633e-01, 1.138303582351608556e-01, 9.820850365021834005e-02, 3.497939295401581994e-01
4.381679103806485620e-01, 1.138323642829703053e-01, 9.820173507721219330e-02, 3.497979902591689116e-01
4.381686022744809006e-01, 1.138343794113468588e-01, 9.819497422070051773e-02, 3.498020440934715980e-01
4.381692842495224505e-01, 1.138364036266928808e-01, 9.818822109176862656e-02, 3.498060910320159866e-01
4.381699562993392472e-01, 1.138384369354028813e-01, 9.818147570149707293e-02, 3.498101310637608541e-01
4.381706184175013785e-01, 1.138404793438633072e-01, 9.817473806096187194e-02, 3.498141641776735256e-01
4.381712705975821520e-01, 1.138425308584527923e-01, 9.816800818123437578e-02, 3.498181903627306522e-01
4.381719128331589275e-01, 1.138445914855420460e-01, 9.816128607338135692e-02, 3.498222096079177112e-01
4.381725451178123953e-01, 1.138466612314936871e-01, 9.815457174846484167e-02, 3.498262219022290620e-01
4.381731674451272429e-01, 1.138487401026625212e-01, 9.814786521754219339e-02, 3.498302272346680564e-01
4.381737798086913771e-01, 1.138508281053953047e-01, 9.814116649166632067e-02, 3.498342255942469281e-01
4.381743822020966461e-01, 1.138529252460308977e-01, 9.813447558188534425e-02, 3.498382169699870703e-01
4.381749746189385619e-01, 1.138550315309001942e-01, 9.812779249924277747e-02, 3.498422013509183692e-01
4.381755570528159671e-01, 1.138571469663261782e-01, 9.812111725477755397e-02, 3.498461787260803146e-01
4.381761294973315901e-01, 1.138592715586237564e-01, 9.811444985952391673e-02, 3.498501490845207784e-01
4.381766919460918230e-01, 1.138614053140999671e-01, 9.810779032451144577e-02, 3.498541124152968473e-01
4.381772443927064442e-01, 1.138635482390538273e-01, 9.810113866076518307e-02, 3.498580687074745454e-01
4.381777868307891732e-01, 1.138657003397764156e-01, 9.809449487930550771e-02, 3.498620179501288896e-01
4.381783192539571159e-01, 1.138678616225508589e-01, 9.808785899114820517e-02, 3.498659601323437784e-01
4.381788416558313193e-01, 1.138700320936522764e-01, 9.808123100730437027e-02, 3.498698952432120479e-01
4.381793540300361611e-01, 1.138722117593477662e-01, 9.807461093878047653e-02, 3.498738232718356933e-01
4.381798563701995719e-01, 1.138744006258965574e-01, 9.806799879657843166e-02, 3.498777442073254806e-01
4.381803486699535899e-01, 1.138765986995498303e-01, 9.806139459169553596e-02, 3.498816580388011133e-01
4.381808309229334175e-01, 1.138788059865508268e-01, 9.805479833512431576e-02, 3.498855647553914539e-01
4.381813031227781985e-01, 1.138810224931347259e-01, 9.804821003785291200e-02, 3.498894643462342469e-01
4.381817652631304072e-01, 1.138832482255287548e-01, 9.804162971086463618e-02, 3.498933568004762851e-01
4.381822173376363483e-01, 1.138854831899521469e-01, 9.803505736513831725e-02, 3.498972421072731320e-01
4.381826593399460457e-01, 1.138877273926162115e-01, 9.802849301164816287e-02, 3.499011202557895661e-01
4.381830912637128539e-01, 1.138899808397242086e-01, 9.802193666136374550e-02, 3.499049912351992475e-01
4.381835131025939578e-01, 1.138922435374713216e-01, 9.801538832524996081e-02, 3.499088550346848847e-01
4.381839248502501505e-01, 1.138945154920448510e-01, 9.800884801426715254e-02, 3.499127116434377904e-01
4.381843265003458332e-01, 1.138967967096240763e-01, 9.800231573937114027e-02, 3.499165610506590474e-01
4.381847180465490155e-01, 1.138990871963801721e-01, 9.799579151151291412e-02, 3.499204032455578428e-01
4.381850994825312595e-01, 1.139013869584765137e-01, 9.798927534163921760e-02, 3.499242382173530785e-01
4.381854708019681244e-01, 1.139036960020681916e-01, 9.798276724069175658e-02, 3.499280659552720385e-01
4.381858319985378336e-01, 1.139060143333025243e-01, 9.797626721960799034e-02, 3.499318864485516101e-01
4.381861830659233847e-01, 1.139083419583187262e-01, 9.796977528932063195e-02, 3.499356996864371738e-01
4.381865239978110504e-01, 1.139106788832479483e-01, 9.796329146075775929e-02, 3.499395056581832697e-01
4.381868547878899900e-01, 1.139130251142134037e-01, 9.795681574484296772e-02, 3.499433043530536525e-01
4.381871754298539701e-01, 1.139153806573302286e-01, 9.795034815249509252e-02, 3.499470957603207921e-01
4.381874859173996994e-01, 1.139177455187055654e-01, 9.794388869462861136e-02, 3.499508798692661515e-01
4.381877862442279392e-01, 1.139201197044385078e-01, 9.793743738215320016e-02, 3.499546566691802973e-01
4.381880764040427811e-01, 1.139225032206201832e-01, 9.793099422597398296e-02, 3.499584261493631221e-01
4.381883563905520362e-01, 1.139248960733335730e-01, 9.792455923699165676e-02, 3.499621882991227895e-01
4.381886261974671237e-01, 1.139272982686538038e-01, 9.791813242610210299e-02, 3.499659431077770666e-01
4.381888858185029600e-01, 1.139297098126477586e-01, 9.791171380419676218e-02, 3.499696905646525469e-01
4.381891352473782364e-01, 1.139321307113744935e-01, 9.790530338216248130e-02, 3.499734306590848165e-01
4.381893744778151412e-01, 1.139345609708848628e-01, 9.789890117088148602e-02, 3.499771633804185100e-01
4.381896035035396375e-01, 1.139370005972217270e-01, 9.789250718123142236e-02, 3.499808887180071437e-01
4.381898223182810193e-01, 1.139394495964200088e-01, 9.788612142408541217e-02, 3.499846066612135043e-01
4.381900309157724105e-01, 1.139419079745064151e-01, 9.787974391031192822e-02, 3.499883171994092046e-01
4.381902292897503770e-01, 1.139443757374997701e-01, 9.787337465077500243e-02, 3.499920203219749060e-01
4.381904174339552593e-01, 1.139468528914107104e-01, 9.786701365633386496e-02, 3.499957160183002625e-01
4.381905953421307287e-01, 1.139493394422419342e-01, 9.786066093784337450e-02, 3.499994042777840320e-01
4.381907630080245641e-01, 1.139518353959879521e-01, 9.785431650615376842e-02, 3.500030850898337986e-01
4.381909204253873757e-01, 1.139543407586353918e-01, 9.784798037211069055e-02, 3.500067584438664725e-01
4.381910675879741590e-01, 1.139568555361627350e-01, 9.784165254655520505e-02, 3.500104243293078454e-01
4.381912044895430736e-01, 1.139593797345404003e-01, 9.783533304032397682e-02, 3.500140827355924245e-01
4.381913311238558317e-01, 1.139619133597307710e-01, 9.782902186424882740e-02, 3.500177336521645977e-01
4.381914474846779761e-01, 1.139644564176881258e-01, 9.782271902915722073e-02, 3.500213770684766912e-01
4.381915535657784910e-01, 1.139670089143587084e-01, 9.781642454587202717e-02, 3.500250129739907456e-01
4.381916493609300245e-01, 1.139695708556807269e-01, 9.781013842521152357e-02, 3.500286413581777389e-01
4.381917348639087217e-01, 1.139721422475843127e-01, 9.780386067798951810e-02, 3.500322622105175308e-01
4.381918100684943917e-01, 1.139747230959913954e-01, 9.779759131501514213e-02, 3.500358755204991956e-01
4.381918749684702297e-01, 1.139773134068160776e-01, 9.779133034709308614e-02, 3.500394812776204678e-01
4.381919295576236495e-01, 1.139799131859641906e-01, 9.778507778502343317e-02, 3.500430794713886296e-01
4.381919738297448408e-01, 1.139825224393335862e-01, 9.777883363960172824e-02, 3.500466700913198448e-01
4.381920077786281564e-01, 1.139851411728139419e-01, 9.777259792161903384e-02, 3.500502531269389372e-01
4.381920313980712245e-01, 1.139877693922869556e-01, 9.776637064186174952e-02, 3.500538285677800565e-01
4.381920446818751702e-01, 1.139904071036262900e-01, 9.776015181111187557e-02, 3.500573964033866781e-01
4.381920476238451156e-01, 1.139930543126973089e-01, 9.775394144014674935e-02, 3.500609566233107151e-01
4.381920402177894580e-01, 1.139957110253575628e-01, 9.774773953973928120e-02, 3.500645092171136286e-01
4.381920224575203138e-01, 1.139983772474562618e-01, 9.774154612065781567e-02, 3.500680541743656504e-01
4.381919943368531856e-01, 1.140010529848347332e-01, 9.773536119366607600e-02, 3.500715914846461163e-01
4.381919558496071287e-01, 1.140037382433260332e-01, 9.772918476952335842e-02, 3.500751211375433547e-01
4.381919069896052510e-01, 1.140064330287553218e-01, 9.772301685898446277e-02, 3.500786431226549644e-01
4.381918477506737131e-01, 1.140091373469395292e-01, 9.771685747279951206e-02, 3.500821574295872596e-01
4.381917781266423950e-01, 1.140118512036875087e-01, 9.771070662171427168e-02, 3.500856640479558246e-01
4.381916981113448961e-01, 1.140145746047999675e-01, 9.770456431646987183e-02, 3.500891629673852923e-01
4.381916076986182018e-01, 1.140173075560697302e-01, 9.769843056780300183e-02, 3.500926541775090106e-01
4.381915068823029613e-01, 1.140200500632812669e-01, 9.769230538644579909e-02, 3.500961376679700421e-01
4.381913956562432655e-01, 1.140228021322110402e-01, 9.768618878312589071e-02, 3.500996134284197758e-01
4.381912740142870355e-01, 1.140255637686274914e-01, 9.768008076856635191e-02, 3.501030814485191489e-01
4.381911419502855787e-01, 1.140283349782907768e-01, 9.767398135348581700e-02, 3.501065417179378136e-01
4.381909994580935885e-01, 1.140311157669531283e-01, 9.766789054859838226e-02, 3.501099942263549147e-01
4.381908465315698109e-01, 1.140339061403585624e-01, 9.766180836461367532e-02, 3.501134389634580346e-01
4.381906831645758227e-01, 1.140367061042429492e-01, 9.765573481223668861e-02, 3.501168759189444701e-01
4.381905093509776972e-01, 1.140395156643342206e-01, 9.764966990216814025e-02, 3.501203050825200114e-01
4.381903250846441722e-01, 1.140423348263520098e-01, 9.764361364510400210e-02, 3.501237264438998298e-01
4.381901303594480934e-01, 1.140451635960078591e-01, 9.763756605173595782e-02, 3.501271399928080896e-01
4.381899251692657482e-01, 1.140480019790053590e-01, 9.763152713275101424e-02, 3.501305457189778925e-01
4.381897095079768101e-01, 1.140508499810397314e-01, 9.762549689883190385e-02, 3.501339436121516102e-01
4.381894833694645608e-01, 1.140537076077983020e-01, 9.761947536065665454e-02, 3.501373336620804411e-01
4.381892467476161124e-01, 1.140565748649601252e-01, 9.761346252889896435e-02, 3.501407158585248536e-01
4.381889996363217410e-01, 1.140594517581961925e-01, 9.760745841422788227e-02, 3.501440901912541981e-01
4.381887420294753865e-01, 1.140623382931693769e-01, 9.760146302730816903e-02, 3.501474566500469843e-01
4.381884739209747637e-01, 1.140652344755343911e-01, 9.759547637879997795e-02, 3.501508152246907701e-01
4.381881953047209732e-01, 1.140681403109378295e-01, 9.758949847935900757e-02, 3.501541659049821620e-01
4.381879061746184467e-01, 1.140710558050181678e-01, 9.758352933963651554e-02, 3.501575086807267589e-01
4.381876065245755014e-01, 1.140739809634057494e-01, 9.757756897027920762e-02, 3.501608435417394860e-01
4.381872963485037853e-01, 1.140769157917227716e-01, 9.757161738192947353e-02, 3.501641704778439834e-01
4.381869756403185545e-01, 1.140798602955832713e-01, 9.756567458522506786e-02, 3.501674894788731618e-01
4.381866443939386735e-01, 1.140828144805932504e-01, 9.755974059079933203e-02, 3.501708005346689245e-01
4.381863026032863373e-01, 1.140857783523504532e-01, 9.755381540928116657e-02, 3.501741036350821124e-01
4.381859502622873492e-01, 1.140887519164445474e-01, 9.754789905129504501e-02, 3.501773987699730029e-01
4.381855873648713984e-01, 1.140917351784570544e-01, 9.754199152746091672e-02, 3.501806859292106444e-01
4.381852139049711714e-01, 1.140947281439612937e-01, 9.753609284839430404e-02, 3.501839651026731892e-01
4.381848298765232963e-01, 1.140977308185225775e-01, 9.753020302470624681e-02, 3.501872362802478933e-01
4.381844352734676762e-01, 1.141007432076978911e-01, 9.752432206700337169e-02, 3.501904994518311165e-01
4.381840300897477669e-01, 1.141037653170362404e-01, 9.751844998588786451e-02, 3.501937546073281005e-01
4.381836143193106325e-01, 1.141067971520783875e-01, 9.751258679195744239e-02, 3.501970017366535792e-01
4.381831879561068899e-01, 1.141098387183569624e-01, 9.750673249580536772e-02, 3.502002408297307801e-01
4.381827509940906529e-01, 1.141128900213964487e-01, 9.750088710802046199e-02, 3.502034718764924226e-01
4.381823034272196438e-01, 1.141159510667131560e-01, 9.749505063918713355e-02, 3.502066948668801083e-01
4.381818452494547489e-01, 1.141190218598153033e-01, 9.748922309988532209e-02, 3.502099097908445424e-01
4.381813764547607404e-01, 1.141221024062029216e-01, 9.748340450069062357e-02, 3.502131166383457006e-01
4.381808970371058320e-01, 1.141251927113678538e-01, 9.747759485217408204e-02, 3.502163153993522737e-01
4.381804069904617349e-01, 1.141282927807937692e-01, 9.747179416490234227e-02, 3.502195060638422230e-01
4.381799063088036017e-01, 1.141314026199562459e-01, 9.746600244943763591e-02, 3.502226886218025026e-01
4.381793949861100823e-01, 1.141345222343226884e-01, 9.746021971633787861e-02, 3.502258630632292813e-01
4.381788730163636014e-01, 1.141376516293522991e-01, 9.745444597615642024e-02, 3.502290293781277764e-01
4.381783403935497478e-01, 1.141407908104961899e-01, 9.744868123944222527e-02, 3.502321875565119758e-01
4.381777971116577186e-01, 1.141439397831971597e-01, 9.744292551673981728e-02, 3.502353375884053599e-01
4.381772431646805410e-01, 1.141470985528900001e-01, 9.743717881858944552e-02, 3.502384794638401244e-01
4.381766785466141290e-01, 1.141502671250012313e-01, 9.743144115552672402e-02, 3.502416131728579018e-01
4.381761032514585597e-01, 1.141534455049493246e-01, 9.742571253808308962e-02, 3.502447387055089845e-01
4.381755172732168524e-01, 1.141566336981444107e-01, 9.741999297678549663e-02, 3.502478560518531570e-01
4.381749206058960233e-01, 1.141598317099886267e-01, 9.741428248215637520e-02, 3.502509652019589192e-01
4.381743132435061971e-01, 1.141630395458758107e-01, 9.740858106471395050e-02, 3.502540661459040416e-01
4.381736951800611624e-01, 1.141662572111916268e-01, 9.740288873497189581e-02, 3.502571588737752317e-01
4.381730664095783712e-01, 1.141694847113136485e-01, 9.739720550343952676e-02, 3.502602433756684674e-01
4.381724269260781623e-01, 1.141727220516112473e-01, 9.739153138062182913e-02, 3.502633196416887751e-01
4.381717767235850380e-01, 1.141759692374455654e-01, 9.738586637701940329e-02, 3.502663876619499517e-01
4.381711157961268865e-01, 1.141792262741696123e-01, 9.738021050312832549e-02, 3.502694474265750646e-01
4.381704441377348713e-01, 1.141824931671281962e-01, 9.737456376944045311e-02, 3.502724989256965626e-01
4.381697617424434310e-01, 1.141857699216579508e-01, 9.736892618644320263e-02, 3.502755421494554433e-01
4.381690686042911675e-01, 1.141890565430873500e-01, 9.736329776461956353e-02, 3.502785770880019744e-01
4.381683647173195140e-01, 1.141923530367366657e-01, 9.735767851444818155e-02, 3.502816037314956388e-01
4.381676500755737336e-01, 1.141956594079179127e-01, 9.735206844640341417e-02, 3.502846220701048563e-01
4.381669246731025869e-01, 1.141989756619351121e-01, 9.734646757095512248e-02, 3.502876320940072064e-01
4.381661885039580540e-01, 1.142023018040839027e-01, 9.734087589856885159e-02, 3.502906337933892056e-01
4.381654415621957788e-01, 1.142056378396517635e-01, 9.733529343970580283e-02, 3.502936271584465300e-01
4.381646838418750689e-01, 1.142089837739181379e-01, 9.732972020482283382e-02, 3.502966121793839593e-01
4.381639153370582851e-01, 1.142123396121540596e-01, 9.732415620437233350e-02, 3.502995888464152663e-01
4.381631360418114518e-01, 1.142157053596225547e-01, 9.731860144880245811e-02, 3.503025571497634383e-01
4.381623459502042017e-01, 1.142190810215783642e-01, 9.731305594855704788e-02, 3.503055170796603446e-01
4.381615450563094982e-01, 1.142224666032680275e-01, 9.730751971407537726e-02, 3.503084686263470693e-01
4.381607333542037463e-01, 1.142258621099299515e-01, 9.730199275579258511e-02, 3.503114117800736338e-01
4.381599108379670704e-01, 1.142292675467942997e-01, 9.729647508413936940e-02, 3.503143465310992744e-01
4.381590775016825368e-01, 1.142326829190830340e-01, 9.729096670954207049e-02, 3.503172728696922200e-01
4.381582333394373197e-01, 1.142361082320099419e-01, 9.728546764242283762e-02, 3.503201907861299147e-01
4.381573783453213689e-01, 1.142395434907806373e-01, 9.727997789319932365e-02, 3.503231002706986286e-01
4.381565125134287420e-01, 1.142429887005924349e-01, 9.727449747228482380e-02, 3.503260013136938467e-01
4.381556358378568827e-01, 1.142464438666345589e-01, 9.726902639008849771e-02, 3.503288939054200468e-01
4.381547483127059550e-01, 1.142499089940880036e-01, 9.726356465701499476e-02, 3.503317780361910327e-01
4.381538499320804525e-01, 1.142533840881254786e-01, 9.725811228346477322e-02, 3.503346536963293234e-01
4.381529406900878110e-01, 1.142568691539116166e-01, 9.725266927983385046e-02, 3.503375208761667636e-01
4.381520205808391855e-01, 1.142603641966027234e-01, 9.724723565651401114e-02, 3.503403795660440245e-01
4.381510895984492282e-01, 1.142638692213469864e-01, 9.724181142389262678e-02, 3.503432297563111586e-01
4.381501477370355335e-01, 1.142673842332843220e-01, 9.723639659235300270e-02, 3.503460714373271001e-01
4.381491949907197481e-01, 1.142709092375465557e-01, 9.723099117227380905e-02, 3.503489045994598872e-01
4.381482313536266271e-01, 1.142744442392571308e-01, 9.722559517402958040e-02, 3.503517292330867172e-01
4.381472568198845341e-01, 1.142779892435314137e-01, 9.722020860799060471e-02, 3.503545453285933919e-01
4.381462713836251632e-01, 1.142815442554764721e-01, 9.721483148452272904e-02, 3.503573528763755385e-01
4.381452750389835948e-01, 1.142851092801912966e-01, 9.720946381398763714e-02, 3.503601518668374992e-01
4.381442677800986285e-01, 1.142886843227664678e-01, 9.720410560674258571e-02, 3.503629422903922763e-01
4.381432496011120614e-01, 1.142922693882845592e-01, 9.719875687314066814e-02, 3.503657241374626974e-01
4.381422204961696876e-01, 1.142958644818196923e-01, 9.719341762353059244e-02, 3.503684973984800832e-01
4.381411804594200210e-01, 1.142994696084380368e-01, 9.718808786825686163e-02, 3.503712620638851361e-01
4.381401294850156836e-01, 1.143030847731973110e-01, 9.718276761765962113e-02, 3.503740181241273288e-01
4.381390675671124613e-01, 1.143067099811472115e-01, 9.717745688207481136e-02, 3.503767655696656269e-01
4.381379946998694153e-01, 1.143103452373291085e-01, 9.717215567183404290e-02, 3.503795043909675444e-01
4.381369108774491594e-01, 1.143139905467761008e-01, 9.716686399726465195e-02, 3.503822345785100323e-01
4.381358160940178603e-01, 1.143176459145131829e-01, 9.716158186868972813e-02, 3.503849561227792009e-01
4.381347103437448487e-01, 1.143213113455571195e-01, 9.715630929642819769e-02, 3.503876690142698203e-01
4.381335936208032300e-01, 1.143249868449163348e-01, 9.715104629079447662e-02, 3.503903732434859308e-01
4.381324659193690518e-01, 1.143286724175911900e-01, 9.714579286209898412e-02, 3.503930688009407324e-01
4.381313272336222475e-01, 1.143323680685736921e-01, 9.714054902064768460e-02, 3.503957556771563064e-01
4.381301775577459701e-01, 1.143360738028477014e-01, 9.713531477674242076e-02, 3.503984338626638939e-01
4.381290168859265366e-01, 1.143397896253887658e-01, 9.713009014068074709e-02, 3.504011033480038950e-01
4.381278452123542055e-01, 1.143435155411643700e-01, 9.712487512275587431e-02, 3.504037641237256473e-01
4.381266625312219554e-01, 1.143472515551335889e-01, 9.711966973325691921e-02, 3.504064161803874811e-01
4.381254688367269834e-01, 1.143509976722474064e-01, 9.711447398246871032e-02, 3.504090595085569415e-01
4.381242641230692070e-01, 1.143547538974484523e-01, 9.710928788067174633e-02, 3.504116940988105666e-01
4.381230483844524293e-01, 1.143585202356712516e-01, 9.710411143814244583e-02, 3.504143199417337762e-01
4.381218216150835620e-01, 1.143622966918420164e-01, 9.709894466515288369e-02, 3.504169370279214824e-01
4.381205838091728477e-01, 1.143660832708787989e-01, 9.709378757197092980e-02, 3.504195453479774236e-01
4.381193349609342480e-01, 1.143698799776913105e-01, 9.708864016886027681e-02, 3.504221448925142757e-01
4.381180750645850552e-01, 1.143736868171811166e-01, 9.708350246608035694e-02, 3.504247356521535406e-01
4.381168041143454484e-01, 1.143775037942415390e-01, 9.707837447388634189e-02, 3.504273176175266569e-01
4.381155221044398806e-01, 1.143813309137576700e-01, 9.707325620252924003e-02, 3.504298907792732232e-01
4.381142290290953034e-01, 1.143851681806063586e-01, 9.706814766225586866e-02, 3.504324551280425526e-01
4.381129248825428313e-01, 1.143890155996561131e-01, 9.706304886330879844e-02, 3.504350106544921184e-01
4.381116096590164100e-01, 1.143928731757674622e-01, 9.705795981592640898e-02, 3.504375573492896634e-01
4.381102833527536489e-01, 1.143967409137924274e-01, 9.705288053034287488e-02, 3.504400952031109240e-01
4.381089459579953771e-01, 1.144006188185749395e-01, 9.704781101678819355e-02, 3.504426242066414621e-01
4.381075974689860320e-01, 1.144045068949506860e-01, 9.704275128548808804e-02, 3.504451443505752217e-01
4.381062378799731594e-01, 1.144084051477470554e-01, 9.703770134666420133e-02, 3.504476556256155839e-01
4.381048671852078580e-01, 1.144123135817832065e-01, 9.703266121053392979e-02, 3.504501580224750334e-01
4.381034853789445016e-01, 1.144162322018701106e-01, 9.702763088731047869e-02, 3.504526515318749369e-01
4.381020924554410723e-01, 1.144201610128104535e-01, 9.702261038720284836e-02, 3.504551361445455981e-01
4.381006884089586051e-01, 1.144241000193987057e-01, 9.701759972041594515e-02, 3.504576118512268135e-01
4.380992732337616324e-01, 1.144280492264211080e-01, 9.701259889715040108e-02, 3.504600786426668724e-01
4.380978469241180728e-01, 1.144320086386555607e-01, 9.700760792760279583e-02, 3.504625365096235567e-01
4.380964094742992310e-01, 1.144359782608719012e-01, 9.700262682196537922e-02, 3.504649854428633637e-01
4.380949608785798532e-01, 1.144399580978315151e-01, 9.699765559042639040e-02, 3.504674254331621164e-01
4.380935011312379612e-01, 1.144439481542877252e-01, 9.699269424316979415e-02, 3.504698564713045195e-01
4.380920302265547406e-01, 1.144479484349854581e-01, 9.698774279037547519e-02, 3.504722785480843261e-01
4.380905481588149852e-01, 1.144519589446614805e-01, 9.698280124221914100e-02, 3.504746916543043378e-01
4.380890549223069308e-01, 1.144559796880443014e-01, 9.697786960887229413e-02, 3.504770957807764042e-01
4.380875505113218660e-01, 1.144600106698542702e-01, 9.697294790050234314e-02, 3.504794909183215346e-01
4.380860349201545212e-01, 1.144640518948032148e-01, 9.696803612727261656e-02, 3.504818770577696196e-01
4.380845081431034016e-01, 1.144681033675950393e-01, 9.696313429934205752e-02, 3.504842541899594877e-01
4.380829701744695659e-01, 1.144721650929252099e-01, 9.695824242686580663e-02, 3.504866223057393482e-01
4.380814210085581806e-01, 1.144762370754809910e-01, 9.695336051999464688e-02, 3.504889813959661815e-01
4.380798606396772432e-01, 1.144803193199413899e-01, 9.694848858887521181e-02, 3.504913314515061273e-01
4.380782890621385262e-01, 1.144844118309771702e-01, 9.694362664365016591e-02, 3.504936724632341516e-01
4.380767062702565218e-01, 1.144885146132508802e-01, 9.693877469445794093e-02, 3.504960044220345461e-01
4.380751122583498858e-01, 1.144926276714167829e-01, 9.693393275143287469e-02, 3.504983273188005954e-01
4.380735070207398274e-01, 1.144967510101207731e-01, 9.692910082470516941e-02, 3.505006411444342440e-01
4.380718905517514417e-01, 1.145008846340007519e-01, 9.692427892440087789e-02, 3.505029458898470396e-01
4.380702628457128212e-01, 1.145050285476861274e-01, 9.691946706064215322e-02, 3.505052415459589676e-01
4.380686238969556112e-01, 1.145091827557982028e-01, 9.691466524354663825e-02, 3.505075281036995616e-01
4.380669736998147323e-01, 1.145133472629499549e-01, 9.690987348322831207e-02, 3.505098055540070701e-01
4.380653122486283246e-01, 1.145175220737461447e-01, 9.690509178979675453e-02, 3.505120738878288456e-01
4.380636395377378589e-01, 1.145217071927832342e-01, 9.690032017335759029e-02, 3.505143330961213444e-01
4.380619555614883032e-01, 1.145259026246494422e-01, 9.689555864401228069e-02, 3.505165831698499601e-01
4.380602603142279006e-01, 1.145301083739247855e-01, 9.689080721185823475e-02, 3.505188240999890792e-01
4.380585537903080584e-01, 1.145343244451809545e-01, 9.688606588698879529e-02, 3.505210558775222474e-01
4.380568359840836812e-01, 1.145385508429814236e-01, 9.688133467949314181e-02, 3.505232784934417811e-01
4.380551068899127820e-01, 1.145427875718814104e-01, 9.687661359945651252e-02, 3.505254919387492674e-01
4.380533665021569822e-01, 1.145470346364277914e-01, 9.687190265695981573e-02, 3.505276962044553968e-01
4.380516148151809563e-01, 1.145512920411593388e-01, 9.686720186208022665e-02, 3.505298912815794088e-01
4.380498518233527094e-01, 1.145555597906064288e-01, 9.686251122489059062e-02, 3.505320771611501462e-01
4.380480775210439659e-01, 1.145598378892912911e-01, 9.685783075545983944e-02, 3.505342538342048897e-01
4.380462919026290591e-01, 1.145641263417278011e-01, 9.685316046385271382e-02, 3.505364212917905231e-01
4.380444949624859308e-01, 1.145684251524216046e-01, 9.684850036013001318e-02, 3.505385795249623127e-01
4.380426866949962417e-01, 1.145727343258700903e-01, 9.684385045434842909e-02, 3.505407285247852389e-01
4.380408670945444283e-01, 1.145770538665624311e-01, 9.683921075656055921e-02, 3.505428682823326092e-01
4.380390361555181467e-01, 1.145813837789794454e-01, 9.683458127681510152e-02, 3.505449987886872232e-01
4.380371938723090497e-01, 1.145857240675937916e-01, 9.682996202515652129e-02, 3.505471200349406513e-01
4.380353402393113438e-01, 1.145900747368697459e-01, 9.682535301162537023e-02, 3.505492320121935124e-01
4.380334752509227880e-01, 1.145944357912634520e-01, 9.682075424625809223e-02, 3.505513347115556400e-01
4.380315989015445277e-01, 1.145988072352227966e-01, 9.681616573908723156e-02, 3.505534281241454719e-01
4.380297111855809278e-01, 1.146031890731871727e-01, 9.681158750014112746e-02, 3.505555122410907165e-01
4.380278120974397393e-01, 1.146075813095879803e-01, 9.680701953944417792e-02, 3.505575870535281302e-01
4.380259016315317111e-01, 1.146119839488482645e-01, 9.680246186701675637e-02, 3.505596525526032403e-01
4.380239797822710335e-01, 1.146163969953827855e-01, 9.679791449287528105e-02, 3.505617087294709000e-01
4.380220465440754496e-01, 1.146208204535979908e-01, 9.679337742703197911e-02, 3.505637555752946222e-01
4.380201019113655336e-01, 1.146252543278921676e-01, 9.678885067949524745e-02, 3.505657930812470791e-01
4.380181458785652460e-01, 1.146296986226552905e-01, 9.678433426026944453e-02, 3.505678212385099912e-01
4.380161784401020997e-01, 1.146341533422690767e-01, 9.677982817935480708e-02, 3.505698400382739055e-01
4.380141995904067165e-01, 1.146386184911069445e-01, 9.677533244674767221e-02, 3.505718494717385836e-01
4.380122093239128267e-01, 1.146430940735341103e-01, 9.677084707244042183e-02, 3.505738495301125579e-01
4.380102076350575468e-01, 1.146475800939075057e-01, 9.676637206642135780e-02, 3.505758402046135758e-01
4.380081945182814351e-01, 1.146520765565756522e-01, 9.676190743867475741e-02, 3.505778214864681552e-01
4.380061699680280474e-01, 1.146565834658790778e-01, 9.675745319918106768e-02, 3.505797933669118627e-01
4.380041339787442145e-01, 1.146611008261498033e-01, 9.675300935791660006e-02, 3.505817558371894238e-01
4.380020865448803202e-01, 1.146656286417117032e-01, 9.674857592485372471e-02, 3.505837088885542796e-01
4.380000276608895793e-01, 1.146701669168803811e-01, 9.674415290996100925e-02, 3.505856525122689749e-01
4.379979573212289257e-01, 1.146747156559631137e-01, 9.673974032320277472e-02, 3.505875866996052692e-01
4.379958755203580689e-01, 1.146792748632589759e-01, 9.673533817453953965e-02, 3.505895114418434155e-01
4.379937822527403268e-01, 1.146838445430586884e-01, 9.673094647392782575e-02, 3.505914267302731036e-01
4.379916775128421813e-01, 1.146884246996447976e-01, 9.672656523132021344e-02, 3.505933325561927383e-01
4.379895612951333894e-01, 1.146930153372915373e-01, 9.672219445666535576e-02, 3.505952289109097730e-01
4.379874335940867613e-01, 1.146976164602649118e-01, 9.671783415990782562e-02, 3.505971157857405984e-01
4.379852944041784935e-01, 1.147022280728225430e-01, 9.671348435098833796e-02, 3.505989931720106534e-01
4.379831437198880573e-01, 1.147068501792139067e-01, 9.670914503984372190e-02, 3.506008610610543696e-01
4.379809815356980884e-01, 1.147114827836801382e-01, 9.670481623640676816e-02, 3.506027194442149497e-01
4.379788078460943868e-01, 1.147161258904541570e-01, 9.670049795060635389e-02, 3.506045683128449220e-01
4.379766226455664713e-01, 1.147207795037606115e-01, 9.669619019236749824e-02, 3.506064076583054190e-01
4.379744259286063035e-01, 1.147254436278157819e-01, 9.669189297161118191e-02, 3.506082374719666772e-01
4.379722176897095642e-01, 1.147301182668277880e-01, 9.668760629825451369e-02, 3.506100577452080369e-01
4.379699979233753204e-01, 1.147348034249964371e-01, 9.668333018221066111e-02, 3.506118684694176091e-01
4.379677666241054146e-01, 1.147394991065132513e-01, 9.667906463338889200e-02, 3.506136696359924421e-01
4.379655237864050754e-01, 1.147442053155615649e-01, 9.667480966169458845e-02, 3.506154612363388545e-01
4.379632694047828623e-01, 1.147489220563162743e-01, 9.667056527702913571e-02, 3.506172432618717139e-01
4.379610034737508317e-01, 1.147536493329441576e-01, 9.666633148929017205e-02, 3.506190157040149913e-01
4.379587259878232608e-01, 1.147583871496036662e-01, 9.666210830837122792e-02, 3.506207785542018729e-01
4.379564369415188674e-01, 1.147631355104450079e-01, 9.665789574416204510e-02, 3.506225318038739824e-01
4.379541363293588674e-01, 1.147678944196100087e-01, 9.665369380654856291e-02, 3.506242754444824916e-01
4.379518241458677519e-01, 1.147726638812324451e-01, 9.664950250541261279e-02, 3.506260094674872319e-01
4.379495003855733426e-01, 1.147774438994375451e-01, 9.664532185063229308e-02, 3.506277338643568053e-01
4.379471650430067364e-01, 1.147822344783425014e-01, 9.664115185208180248e-02, 3.506294486265689736e-01
4.379448181127020279e-01, 1.147870356220561244e-01, 9.663699251963142611e-02, 3.506311537456103800e-01
4.379424595891966421e-01, 1.147918473346789259e-01, 9.663284386314760499e-02, 3.506328492129768271e-01
4.379400894670313349e-01, 1.147966696203032017e-01, 9.662870589249282494e-02, 3.506345350201726663e-01
4.379377077407497487e-01, 1.148015024830129766e-01, 9.662457861752585253e-02, 3.506362111587115193e-01
4.379353144048989122e-01, 1.148063459268839348e-01, 9.662046204810154082e-02, 3.506378776201156122e-01
4.379329094540291845e-01, 1.148111999559835728e-01, 9.661635619407070441e-02, 3.506395343959166078e-01
4.379304928826936449e-01, 1.148160645743711017e-01, 9.661226106528056357e-02, 3.506411814776547731e-01
4.379280646854491477e-01, 1.148209397860973646e-01, 9.660817667157435562e-02, 3.506428188568790905e-01
4.379256248568554333e-01, 1.148258255952050721e-01, 9.660410302279144601e-02, 3.506444465251480347e-01
4.379231733914754066e-01, 1.148307220057285805e-01, 9.660004012876743928e-02, 3.506460644740285182e-01
4.379207102838752474e-01, 1.148356290216939607e-01, 9.659598799933401259e-02, 3.506476726950967793e-01
4.379182355286242445e-01, 1.148405466471190822e-01, 9.659194664431909605e-02, 3.506492711799375495e-01
4.379157491202949060e-01, 1.148454748860134322e-01, 9.658791607354667852e-02, 3.506508599201449417e-01
4.379132510534629596e-01, 1.148504137423783517e-01, 9.658389629683702959e-02, 3.506524389073216730e-01
4.379107413227073531e-01, 1.148553632202067576e-01, 9.657988732400654697e-02, 3.506540081330793979e-01
4.379082199226098093e-01, 1.148603233234834348e-01, 9.657588916486777031e-02, 3.506555675890388746e-01
4.379056868477559372e-01, 1.148652940561848967e-01, 9.657190182922952004e-02, 3.506571172668296876e-01
4.379031420927338436e-01, 1.148702754222792194e-01, 9.656792532689661979e-02, 3.506586571580901923e-01
4.379005856521352991e-01, 1.148752674257264156e-01, 9.656395966767036820e-02, 3.506601872544680698e-01
4.378980175205545722e-01, 1.148802700704779772e-01, 9.656000486134797001e-02, 3.506617075476193834e-01
4.378954376925900949e-01, 1.148852833604773888e-01, 9.655606091772299393e-02, 3.506632180292095224e-01
4.378928461628424640e-01, 1.148903072996597247e-01, 9.655212784658517844e-02, 3.506647186909125913e-01
4.378902429259162732e-01, 1.148953418919517466e-01, 9.654820565772045948e-02, 3.506662095244115207e-01
4.378876279764184476e-01, 1.149003871412720840e-01, 9.654429436091099825e-02, 3.506676905213985118e-01
4.378850013089596871e-01, 1.149054430515308867e-01, 9.654039396593513955e-02, 3.506691616735742589e-01
4.378823629181538002e-01, 1.149105096266302417e-01, 9.653650448256746730e-02, 3.506706229726484492e-01
4.378797127986173710e-01, 1.149155868704638261e-01, 9.653262592057876290e-02, 3.506720744103400400e-01
4.378770509449704251e-01, 1.149206747869171014e-01, 9.652875828973611627e-02, 3.506735159783763711e-01
4.378743773518359861e-01, 1.149257733798672715e-01, 9.652490159980275930e-02, 3.506749476684939970e-01
4.378716920138405744e-01, 1.149308826531831584e-01, 9.652105586053814912e-02, 3.506763694724380764e-01
4.378689949256131531e-01, 1.149360026107254795e-01, 9.651722108169806524e-02, 3.506777813819632050e-01
4.378662860817868485e-01, 1.149411332563465143e-01, 9.651339727303445692e-02, 3.506791833888322496e-01
4.378635654769966745e-01, 1.149462745938903824e-01, 9.650958444429560967e-02, 3.506805754848174028e-01
4.378608331058816971e-01, 1.149514266271928764e-01, 9.650578260522589547e-02, 3.506819576616995171e-01
4.378580889630839246e-01, 1.149565893600815319e-01, 9.650199176556610581e-02, 3.506833299112683267e-01
4.378553330432483626e-01, 1.149617627963756272e-01, 9.649821193505321582e-02, 3.506846922253227250e-01
4.378525653410232921e-01, 1.149669469398861277e-01, 9.649444312342046748e-02, 3.506860445956700434e-01
4.378497858510599916e-01, 1.149721417944158108e-01, 9.649068534039736966e-02, 3.506873870141269944e-01
4.378469945680125708e-01, 1.149773473637589888e-01, 9.648693859570972586e-02, 3.506887194725186729e-01
4.378441914865391360e-01, 1.149825636517019106e-01, 9.648320289907959257e-02, 3.506900419626793886e-01
4.378413766013001251e-01, 1.149877906620224571e-01, 9.647947826022529316e-02, 3.506913544764522217e-01
4.378385499069591957e-01, 1.149930283984902796e-01, 9.647576468886139012e-02, 3.506926570056890791e-01
4.378357113981834470e-01, 1.149982768648667303e-01, 9.647206219469894872e-02, 3.506939495422508601e-01
4.378328610696428647e-01, 1.150035360649048349e-01, 9.646837078744498195e-02, 3.506952320780072352e-01
4.378299989160107653e-01, 1.150088060023494035e-01, 9.646469047680306108e-02, 3.506965046048368118e-01
4.378271249319631298e-01, 1.150140866809369888e-01, 9.646102127247302427e-02, 3.506977671146269127e-01
4.378242391121794364e-01, 1.150193781043958446e-01, 9.645736318415086552e-02, 3.506990195992739090e-01
4.378213414513421609e-01, 1.150246802764459952e-01, 9.645371622152904001e-02, 3.507002620506828316e-01
4.378184319441368322e-01, 1.150299932007990966e-01, 9.645008039429625590e-02, 3.507014944607678153e-01
4.378155105852522544e-01, 1.150353168811586307e-01, 9.644645571213754376e-02, 3.507027168214516544e-01
4.378125773693798961e-01, 1.150406513212197251e-01, 9.644284218473418713e-02, 3.507039291246660806e-01
4.378096322912150562e-01, 1.150459965246693611e-01, 9.643923982176395848e-02, 3.507051313623517075e-01
4.378066753454553095e-01, 1.150513524951860544e-01, 9.643564863290070288e-02, 3.507063235264579193e-01
4.378037065268018391e-01, 1.150567192364402719e-01, 9.643206862781489308e-02, 3.507075056089429266e-01
4.378007258299589921e-01, 1.150620967520940147e-01, 9.642849981617308830e-02, 3.507086776017738772e-01
4.377977332496336138e-01, 1.150674850458011517e-01, 9.642494220763830892e-02, 3.507098394969268562e-01
4.377947287805362686e-01, 1.150728841212071835e-01, 9.642139581186991160e-02, 3.507109912863864976e-01
4.377917124173804075e-01, 1.150782939819494644e-01, 9.641786063852357536e-02, 3.507121329621465389e-01
4.377886841548823127e-01, 1.150837146316568693e-01, 9.641433669725134326e-02, 3.507132645162094331e-01
4.377856439877617079e-01, 1.150891460739501965e-01, 9.641082399770162237e-02, 3.507143859405864594e-01
4.377825919107412034e-01, 1.150945883124419172e-01, 9.640732254951914215e-02, 3.507154972272977789e-01
4.377795279185462962e-01, 1.151000413507361902e-01, 9.640383236234498221e-02, 3.507165983683724342e-01
4.377764520059061470e-01, 1.151055051924289724e-01, 9.640035344581672494e-02, 3.507176893558481834e-01
4.377733641675523590e-01, 1.151109798411078800e-01, 9.639688580956815023e-02, 3.507187701817716108e-01
4.377702643982199771e-01, 1.151164653003522581e-01, 9.639342946322951300e-02, 3.507198408381982380e-01
4.377671526926467660e-01, 1.151219615737333196e-01, 9.638998441642744608e-02, 3.507209013171925238e-01
4.377640290455740435e-01, 1.151274686648137840e-01, 9.638655067878490468e-02, 3.507219516108273649e-01
4.377608934517456807e-01, 1.151329865771483496e-01, 9.638312825992133293e-02, 3.507229917111845952e-01
4.377577459059091014e-01, 1.151385153142831935e-01, 9.637971716945245571e-02, 3.507240216103553188e-01
4.377545864028143940e-01, 1.151440548797564578e-01, 9.637631741699048682e-02, 3.507250413004386891e-01
4.377514149372147556e-01, 1.151496052770978190e-01, 9.637292901214394858e-02, 3.507260507735434629e-01
4.377482315038668248e-01, 1.151551665098288213e-01, 9.636955196451786609e-02, 3.507270500217865017e-01
4.377450360975296273e-01, 1.151607385814627238e-01, 9.636618628371362849e-02, 3.507280390372940482e-01
4.377418287129659635e-01, 1.151663214955043757e-01, 9.636283197932897504e-02, 3.507290178122006719e-01
4.377386093449409654e-01, 1.151719152554505632e-01, 9.635948906095825883e-02, 3.507299863386501015e-01
4.377353779882234286e-01, 1.151775198647897180e-01, 9.635615753819200269e-02, 3.507309446087948923e-01
4.377321346375849243e-01, 1.151831353270019315e-01, 9.635283742061727386e-02, 3.507318926147958704e-01
4.377288792877997992e-01, 1.151887616455591623e-01, 9.634952871781765626e-02, 3.507328303488235210e-01
4.377256119336460083e-01, 1.151943988239249039e-01, 9.634623143937297296e-02, 3.507337578030561009e-01
4.377223325699039491e-01, 1.152000468655546839e-01, 9.634294559485964693e-02, 3.507346749696816368e-01
4.377190411913576273e-01, 1.152057057738955365e-01, 9.633967119385049294e-02, 3.507355818408963155e-01
4.377157377927936022e-01, 1.152113755523862110e-01, 9.633640824591475915e-02, 3.507364784089053167e-01
4.377124223690018190e-01, 1.152170562044573660e-01, 9.633315676061814103e-02, 3.507373646659227573e-01
4.377090949147747212e-01, 1.152227477335311945e-01, 9.632991674752275357e-02, 3.507382406041711920e-01
4.377057554249086380e-01, 1.152284501430218128e-01, 9.632668821618733945e-02, 3.507391062158821127e-01
4.377024038942021744e-01, 1.152341634363349548e-01, 9.632347117616686660e-02, 3.507399614932960041e-01
4.376990403174571553e-01, 1.152398876168680697e-01, 9.632026563701293065e-02, 3.507408064286618998e-01
4.376956646894785141e-01, 1.152456226880104323e-01, 9.631707160827351899e-02, 3.507416410142374374e-01
4.376922770050741818e-01, 1.152513686531430048e-01, 9.631388909949317734e-02, 3.507424652422896916e-01
4.376888772590550314e-01, 1.152571255156385477e-01, 9.631071812021287093e-02, 3.507432791050935639e-01
4.376854654462351557e-01, 1.152628932788613836e-01, 9.630755867996999842e-02, 3.507440825949334484e-01
4.376820415614313120e-01, 1.152686719461677306e-01, 9.630441078829855839e-02, 3.507448757041023990e-01
4.376786055994634772e-01, 1.152744615209055634e-01, 9.630127445472895509e-02, 3.507456584249019627e-01
4.376751575551547369e-01, 1.152802620064144606e-01, 9.629814968878817882e-02, 3.507464307496426237e-01
4.376716974233310076e-01, 1.152860734060258685e-01, 9.629503649999957005e-02, 3.507471926706434706e-01
4.376682251988210925e-01, 1.152918957230628788e-01, 9.629193489788319404e-02, 3.507479441802328624e-01
4.376647408764570146e-01, 1.152977289608403122e-01, 9.628884489195538299e-02, 3.507486852707471514e-01
4.376612444510739608e-01, 1.153035731226648430e-01, 9.628576649172916613e-02, 3.507494159345319606e-01
4.376577359175096715e-01, 1.153094282118347635e-01, 9.628269970671399225e-02, 3.507501361639415727e-01
4.376542152706050515e-01, 1.153152942316401780e-01, 9.627964454641589620e-02, 3.507508459513388188e-01
4.376506825052041139e-01, 1.153211711853629196e-01, 9.627660102033731848e-02, 3.507515452890957453e-01
4.376471376161537030e-01, 1.153270590762764669e-01, 9.627356913797738280e-02, 3.507522341695923918e-01
4.376435805983039384e-01, 1.153329579076461803e-01, 9.627054890883167404e-02, 3.507529125852182350e-01
4.376400114465074376e-01, 1.153388676827291209e-01, 9.626754034239232150e-02, 3.507535805283711894e-01
4.376364301556201486e-01, 1.153447884047739541e-01, 9.626454344814794339e-02, 3.507542379914578845e-01
4.376328367205010172e-01, 1.153507200770213376e-01, 9.626155823558382729e-02, 3.507548849668937763e-01
4.376292311360118203e-01, 1.153566627027034081e-01, 9.625858471418169415e-02, 3.507555214471029803e-01
4.376256133970173878e-01, 1.153626162850442671e-01, 9.625562289341983713e-02, 3.507561474245184940e-01
4.376219834983855472e-01, 1.153685808272596064e-01, 9.625267278277323257e-02, 3.507567628915817526e-01
4.376183414349867906e-01, 1.153745563325568879e-01, 9.624973439171322087e-02, 3.507573678407431284e-01
4.376146872016949962e-01, 1.153805428041353304e-01, 9.624680772970783948e-02, 3.507579622644618755e-01
4.376110207933868179e-01, 1.153865402451859506e-01, 9.624389280622173970e-02, 3.507585461552054085e-01
4.376073422049420736e-01, 1.153925486588914945e-01, 9.624098963071597845e-02, 3.507591195054504674e-01
4.376036514312430237e-01, 1.153985680484263115e-01, 9.623809821264837916e-02, 3.507596823076823411e-01
4.375999484671754258e-01, 1.154045984169566469e-01, 9.623521856147325415e-02, 3.507602345543946454e-01
4.375962333076279243e-01, 1.154106397676404605e-01, 9.623235068664143244e-02, 3.507607762380900995e-01
4.375925059474918832e-01, 1.154166921036274412e-01, 9.622949459760055113e-02, 3.507613073512802493e-01
4.375887663816615536e-01, 1.154227554280589652e-01, 9.622665030379456974e-02, 3.507618278864849115e-01
4.375850146050346279e-01, 1.154288297440682759e-01, 9.622381781466432527e-02, 3.507623378362327848e-01
4.375812506125111301e-01, 1.154349150547802627e-01, 9.622099713964701873e-02, 3.507628371930616162e-01
4.375774743989945814e-01, 1.154410113633115992e-01, 9.621818828817664537e-02, 3.507633259495172018e-01
4.375736859593911121e-01, 1.154471186727706877e-01, 9.621539126968370326e-02, 3.507638040981545524e-01
4.375698852886099055e-01, 1.154532369862577013e-01, 9.621260609359538751e-02, 3.507642716315371167e-01
4.375660723815629205e-01, 1.154593663068645831e-01, 9.620983276933538220e-02, 3.507647285422371142e-01
4.375622472331653912e-01, 1.154655066376749223e-01, 9.620707130632415172e-02, 3.507651748228355904e-01
4.375584098383352161e-01, 1.154716579817641614e-01, 9.620432171397873267e-02, 3.507656104659218621e-01
4.375545601919933469e-01, 1.154778203421994026e-01, 9.620158400171277546e-02, 3.507660354640944611e-01
4.375506982890635665e-01, 1.154839937220396434e-01, 9.619885817893661373e-02, 3.507664498099601347e-01
4.375468241244726553e-01, 1.154901781243354436e-01, 9.619614425505716715e-02, 3.507668534961346785e-01
4.375429376931503356e-01, 1.154963735521292584e-01, 9.619344223947799699e-02, 3.507672465152424368e-01
4.375390389900291055e-01, 1.155025800084552301e-01, 9.619075214159948650e-02, 3.507676288599161918e-01
4.375351280100447382e-01, 1.155087974963392022e-01, 9.618807397081839683e-02, 3.507680005227975517e-01
4.375312047481355049e-01, 1.155150260187988720e-01, 9.618540773652839437e-02, 3.507683614965371732e-01
4.375272691992430629e-01, 1.155212655788436099e-01, 9.618275344811968997e-02, 3.507687117737936511e-01
4.375233213583113456e-01, 1.155275161794746264e-01, 9.618011111497916377e-02, 3.507690513472349059e-01
4.375193612202877280e-01, 1.155337778236847635e-01, 9.617748074649035139e-02, 3.507693802095370739e-01
4.375153887801225272e-01, 1.155400505144586892e-01, 9.617486235203362432e-02, 3.507696983533852286e-01
4.375114040327684473e-01, 1.155463342547728145e-01, 9.617225594098578745e-02, 3.507700057714729369e-01
4.375074069731816340e-01, 1.155526290475953066e-01, 9.616966152272059254e-02, 3.507703024565024252e-01
4.375033975963208976e-01, 1.155589348958861035e-01, 9.616707910660825254e-02, 3.507705884011847464e-01
4.374993758971479907e-01, 1.155652518025968162e-01, 9.616450870201587176e-02, 3.507708635982395018e-01
4.374953418706275521e-01, 1.155715797706708958e-01, 9.616195031830700179e-02, 3.507711280403945642e-01
4.374912955117271074e-01, 1.155779188030435362e-01, 9.615940396484219665e-02, 3.507713817203871876e-01
4.374872368154172353e-01, 1.155842689026416181e-01, 9.615686965097852701e-02, 3.507716246309625086e-01
4.374831657766712345e-01, 1.155906300723838764e-01, 9.615434738606980225e-02, 3.507718567648750452e-01
4.374790823904652903e-01, 1.155970023151807885e-01, 9.615183717946663988e-02, 3.507720781148873090e-01
4.374749866517785857e-01, 1.156033856339344634e-01, 9.614933904051620184e-02, 3.507722886737707491e-01
4.374708785555929680e-01, 1.156097800315388918e-01, 9.614685297856256918e-02, 3.507724884343054739e-01
4.374667580968936709e-01, 1.156161855108798209e-01, 9.614437900294639516e-02, 3.507726773892800298e-01
4.374626252706682039e-01, 1.156226020748347127e-01, 9.614191712300515502e-02, 3.507728555314919006e-01
4.374584800719074074e-01, 1.156290297262727723e-01, 9.613946734807303496e-02, 3.507730228537466743e-01
4.374543224956046750e-01, 1.156354684680550443e-01, 9.613702968748104316e-02, 3.507731793488592098e-01
4.374501525367565646e-01, 1.156419183030341774e-01, 9.613460415055676000e-02, 3.507733250096524702e-01
4.374459701903623543e-01, 1.156483792340547712e-01, 9.613219074662465724e-02, 3.507734598289582451e-01
4.374417754514242640e-01, 1.156548512639530846e-01, 9.612978948500587595e-02, 3.507735837996168171e-01
4.374375683149471228e-01, 1.156613343955570500e-01, 9.612740037501837920e-02, 3.507736969144774064e-01
4.374333487759392014e-01, 1.156678286316865922e-01, 9.612502342597692429e-02, 3.507737991663973376e-01
4.374291168294110466e-01, 1.156743339751531569e-01, 9.612265864719293784e-02, 3.507738905482429281e-01
4.374248724703762581e-01, 1.156808504287600986e-01, 9.612030604797461297e-02, 3.507739710528890442e-01
4.374206156938515999e-01, 1.156873779953025289e-01, 9.611796563762708967e-02, 3.507740406732188232e-01
4.374163464948562785e-01, 1.156939166775672184e-01, 9.611563742545208011e-02, 3.507740994021245062e-01
4.374120648684124424e-01, 1.157004664783328474e-01, 9.611332142074816010e-02, 3.507741472325064946e-01
4.374077708095455153e-01, 1.157070274003696442e-01, 9.611101763281078292e-02, 3.507741841572741270e-01
4.374034643132829747e-01, 1.157135994464398715e-01, 9.610872607093200182e-02, 3.507742101693450132e-01
4.373991453746560176e-01, 1.157201826192974237e-01, 9.610644674440091406e-02, 3.507742252616455891e-01
4.373948139886981168e-01, 1.157267769216878406e-01, 9.610417966250314747e-02, 3.507742294271108396e-01
4.373904701504457426e-01, 1.157333823563486686e-01, 9.610192483452134615e-02, 3.507742226586841872e-01
4.373861138549383631e-01, 1.157399989260090439e-01, 9.609968226973494843e-02, 3.507742049493177139e-01
4.373817450972181109e-01, 1.157466266333899152e-01, 9.609745197742002032e-02, 3.507741762919719397e-01
4.373773638723299495e-01, 1.157532654812040290e-01, 9.609523396684964414e-02, 3.507741366796164884e-01
4.373729701753217847e-01, 1.157599154721558748e-01, 9.609302824729364090e-02, 3.507740861052286996e-01
4.373685640012443532e-01, 1.157665766089416848e-01, 9.609083482801870912e-02, 3.507740245617952390e-01
4.373641453451510563e-01, 1.157732488942495586e-01, 9.608865371828829993e-02, 3.507739520423110990e-01
4.373597142020986261e-01, 1.157799323307592276e-01, 9.608648492736278357e-02, 3.507738685397794320e-01
4.373552705671457930e-01, 1.157866269211422633e-01, 9.608432846449925513e-02, 3.507737740472126053e-01
4.373508144353549509e-01, 1.157933326680620906e-01, 9.608218433895189536e-02, 3.507736685576311464e-01
4.373463458017908256e-01, 1.158000495741736691e-01, 9.608005255997134619e-02, 3.507735520640642424e-01
4.373418646615209182e-01, 1.158067776421240203e-01, 9.607793313680546010e-02, 3.507734245595495737e-01
4.373373710096161160e-01, 1.158135168745516863e-01, 9.607582607869877278e-02, 3.507732860371333139e-01
4.373328648411496378e-01, 1.158202672740871603e-01, 9.607373139489278069e-02, 3.507731364898704074e-01
4.373283461511973669e-01, 1.158270288433526363e-01, 9.607164909462569125e-02, 3.507729759108243472e-01
4.373238149348385728e-01, 1.158338015849620095e-01, 9.606957918713272815e-02, 3.507728042930666756e-01
4.373192711871548566e-01, 1.158405855015211400e-01, 9.606752168164595096e-02, 3.507726216296780941e-01
4.373147149032309278e-01, 1.158473805956274638e-01, 9.606547658739424123e-02, 3.507724279137473533e-01
4.373101460781540495e-01, 1.158541868698702987e-01, 9.606344391360342738e-02, 3.507722231383721412e-01
4.373055647070146490e-01, 1.158610043268307466e-01, 9.606142366949620148e-02, 3.507720072966584168e-01
4.373009707849055960e-01, 1.158678329690815828e-01, 9.605941586429211920e-02, 3.507717803817207991e-01
4.372963643069225914e-01, 1.158746727991874087e-01, 9.605742050720775249e-02, 3.507715423866822335e-01
4.372917452681646111e-01, 1.158815238197047487e-01, 9.605543760745635651e-02, 3.507712933046743808e-01
4.372871136637326295e-01, 1.158883860331816201e-01, 9.605346717424825820e-02, 3.507710331288373951e-01
4.372824694887311736e-01, 1.158952594421580606e-01, 9.605150921679068976e-02, 3.507707618523200899e-01
4.372778127382672686e-01, 1.159021440491658367e-01, 9.604956374428774701e-02, 3.507704794682791061e-01
4.372731434074505485e-01, 1.159090398567283742e-01, 9.604763076594040327e-02, 3.507701859698805769e-01
4.372684614913937562e-01, 1.159159468673609944e-01, 9.604571029094670365e-02, 3.507698813502984625e-01
4.372637669852122988e-01, 1.159228650835708307e-01, 9.604380232850140420e-02, 3.507695656027153830e-01
4.372590598840241927e-01, 1.159297945078565928e-01, 9.604190688779634666e-02, 3.507692387203227846e-01
4.372543401829506182e-01, 1.159367351427090659e-01, 9.604002397802030577e-02, 3.507689006963201073e-01
4.372496078771150874e-01, 1.159436869906105144e-01, 9.603815360835889214e-02, 3.507685515239153951e-01
4.372448629616443316e-01, 1.159506500540352369e-01, 9.603629578799474653e-02, 3.507681911963256849e-01
4.372401054316675251e-01, 1.159576243354491637e-01, 9.603445052610742882e-02, 3.507678197067758963e-01
4.372353352823167838e-01, 1.159646098373100509e-01, 9.603261783187347356e-02, 3.507674370484996640e-01
4.372305525087270550e-01, 1.159716065620674808e-01, 9.603079771446630664e-02, 3.507670432147392270e-01
4.372257571060358949e-01, 1.159786145121627088e-01, 9.602899018305638412e-02, 3.507666381987449289e-01
4.372209490693836909e-01, 1.159856336900289692e-01, 9.602719524681105345e-02, 3.507662219937762726e-01
4.372161283939136056e-01, 1.159926640980910306e-01, 9.602541291489473385e-02, 3.507657945931005328e-01
4.372112950747718552e-01, 1.159997057387656683e-01, 9.602364319646874979e-02, 3.507653559899938100e-01
4.372064491071066539e-01, 1.160067586144612889e-01, 9.602188610069134489e-02, 3.507649061777406985e-01
4.372015904860697133e-01, 1.160138227275781669e-01, 9.602014163671790392e-02, 3.507644451496340632e-01
4.371967192068155206e-01, 1.160208980805083750e-01, 9.601840981370060590e-02, 3.507639728989754291e-01
4.371918352645007833e-01, 1.160279846756357425e-01, 9.601669064078881266e-02, 3.507634894190746477e-01
4.371869386542851510e-01, 1.160350825153358412e-01, 9.601498412712876351e-02, 3.507629947032502304e-01
4.371820293713313266e-01, 1.160421916019761662e-01, 9.601329028186361692e-02, 3.507624887448288487e-01
4.371771074108045108e-01, 1.160493119379158444e-01, 9.601160911413376964e-02, 3.507619715371458335e-01
4.371721727678726244e-01, 1.160564435255058841e-01, 9.600994063307638493e-02, 3.507614430735450095e-01
4.371672254377067524e-01, 1.160635863670890777e-01, 9.600828484782576722e-02, 3.507609033473784166e-01
4.371622654154798115e-01, 1.160707404650000441e-01, 9.600664176751326495e-02, 3.507603523520069766e-01
4.371572926963684935e-01, 1.160779058215650750e-01, 9.600501140126714572e-02, 3.507597900807993829e-01
4.371523072755515993e-01, 1.160850824391023717e-01, 9.600339375821272114e-02, 3.507592165271333773e-01
4.371473091482109274e-01, 1.160922703199218503e-01, 9.600178884747234687e-02, 3.507586316843948615e-01
4.371422983095309966e-01, 1.160994694663253085e-01, 9.600019667816550584e-02, 3.507580355459782306e-01
4.371372747546989346e-01, 1.161066798806062589e-01, 9.599861725940855850e-02, 3.507574281052863174e-01
4.371322384789046445e-01, 1.161139015650500123e-01, 9.599705060031497872e-02, 3.507568093557303923e-01
4.371271894773407496e-01, 1.161211345219337193e-01, 9.599549670999529827e-02, 3.507561792907301079e-01
4.371221277452029264e-01, 1.161283787535263290e-01, 9.599395559755712071e-02, 3.507555379037136101e-01
4.371170532776890161e-01, 1.161356342620885329e-01, 9.599242727210499648e-02, 3.507548851881173713e-01
4.371119660700000242e-01, 1.161429010498728903e-01, 9.599091174274067273e-02, 3.507542211373864682e-01
4.371068661173393433e-01, 1.161501791191237171e-01, 9.598940901856282959e-02, 3.507535457449740268e-01
4.371017534149135852e-01, 1.161574684720771133e-01, 9.598791910866733001e-02, 3.507528590043419991e-01
4.370966279579315827e-01, 1.161647691109609359e-01, 9.598644202214698384e-02, 3.507521609089605530e-01
4.370914897416048883e-01, 1.161720810379949925e-01, 9.598497776809182536e-02, 3.507514514523081828e-01
4.370863387611483852e-01, 1.161794042553907641e-01, 9.598352635558884960e-02, 3.507507306278720427e-01
4.370811750117789551e-01, 1.161867387653515576e-01, 9.598208779372215116e-02, 3.507499984291472805e-01
4.370759984887165883e-01, 1.161940845700724784e-01, 9.598066209157288253e-02, 3.507492548496379814e-01
4.370708091871837730e-01, 1.162014416717405130e-01, 9.597924925821949005e-02, 3.507484998828562794e-01
4.370656071024058842e-01, 1.162088100725343215e-01, 9.597784930273722814e-02, 3.507477335223225245e-01
4.370603922296110166e-01, 1.162161897746244177e-01, 9.597646223419863121e-02, 3.507469557615659483e-01
4.370551645640297633e-01, 1.162235807801732107e-01, 9.597508806167330542e-02, 3.507461665941237206e-01
4.370499241008956037e-01, 1.162309830913347691e-01, 9.597372679422795649e-02, 3.507453660135416151e-01
4.370446708354445708e-01, 1.162383967102550292e-01, 9.597237844092638970e-02, 3.507445540133740103e-01
4.370394047629156953e-01, 1.162458216390717808e-01, 9.597104301082949596e-02, 3.507437305871830557e-01
4.370341258785501726e-01, 1.162532578799145566e-01, 9.596972051299540452e-02, 3.507428957285397830e-01
4.370288341775926400e-01, 1.162607054349046459e-01, 9.596841095647924702e-02, 3.507420494310234949e-01
4.370235296552896220e-01, 1.162681643061552889e-01, 9.596711435033340731e-02, 3.507411916882217651e-01
4.370182123068908076e-01, 1.162756344957714544e-01, 9.596583070360717449e-02, 3.507403224937305497e-01
4.370128821276484943e-01, 1.162831160058498542e-01, 9.596456002534725638e-02, 3.507394418411542980e-01
4.370075391128178111e-01, 1.162906088384791786e-01, 9.596330232459737708e-02, 3.507385497241057304e-01
4.370021832576561072e-01, 1.162981129957397775e-01, 9.596205761039831861e-02, 3.507376461362057274e-01
4.369968145574240626e-01, 1.163056284797038403e-01, 9.596082589178824007e-02, 3.507367310710839403e-01
4.369914330073843001e-01, 1.163131552924353967e-01, 9.595960717780217808e-02, 3.507358045223780696e-01
4.369860386028029953e-01, 1.163206934359902606e-01, 9.595840147747254634e-02, 3.507348664837341423e-01
4.369806313389481556e-01, 1.163282429124161549e-01, 9.595720879982888585e-02, 3.507339169488068453e-01
4.369752112110909525e-01, 1.163358037237524206e-01, 9.595602915389775389e-02, 3.507329559112588591e-01
4.369697782145051668e-01, 1.163433758720304606e-01, 9.595486254870309872e-02, 3.507319833647613572e-01
4.369643323444671323e-01, 1.163509593592731706e-01, 9.595370899326584324e-02, 3.507309993029938400e-01
4.369588735962560144e-01, 1.163585541874956747e-01, 9.595256849660423193e-02, 3.507300037196441900e-01
4.369534019651533097e-01, 1.163661603587044513e-01, 9.595144106773363657e-02, 3.507289966084085053e-01
4.369479174464437343e-01, 1.163737778748982210e-01, 9.595032671566668114e-02, 3.507279779629913219e-01
4.369424200354141141e-01, 1.163814067380672251e-01, 9.594922544941308917e-02, 3.507269477771056132e-01
4.369369097273542168e-01, 1.163890469501936559e-01, 9.594813727797979475e-02, 3.507259060444722354e-01
4.369313865175564193e-01, 1.163966985132514342e-01, 9.594706221037099803e-02, 3.507248527588210374e-01
4.369258504013160405e-01, 1.164043614292064738e-01, 9.594600025558804035e-02, 3.507237879138893621e-01
4.369203013739303976e-01, 1.164120357000163197e-01, 9.594495142262950138e-02, 3.507227115034237119e-01
4.369147394307001386e-01, 1.164197213276303849e-01, 9.594391572049124073e-02, 3.507216235211781941e-01
4.369091645669280211e-01, 1.164274183139899638e-01, 9.594289315816617592e-02, 3.507205239609158531e-01
4.369035767779199109e-01, 1.164351266610281072e-01, 9.594188374464460156e-02, 3.507194128164073388e-01
4.368979760589841166e-01, 1.164428463706697198e-01, 9.594088748891392571e-02, 3.507182900814322934e-01
4.368923624054313892e-01, 1.164505774448315184e-01, 9.593990439995890573e-02, 3.507171557497782421e-01
4.368867358125754774e-01, 1.164583198854219903e-01, 9.593893448676144020e-02, 3.507160098152410921e-01
4.368810962757326277e-01, 1.164660736943416014e-01, 9.593797775830067986e-02, 3.507148522716251327e-01
4.368754437902216958e-01, 1.164738388734824770e-01, 9.593703422355302768e-02, 3.507136831127427579e-01
4.368697783513643129e-01, 1.164816154247286378e-01, 9.593610389149213880e-02, 3.507125023324150215e-01
4.368640999544844972e-01, 1.164894033499558751e-01, 9.593518677108894832e-02, 3.507113099244706933e-01
4.368584085949089313e-01, 1.164972026510319308e-01, 9.593428287131164356e-02, 3.507101058827474249e-01
4.368527042679673511e-01, 1.165050133298162344e-01, 9.593339220112558074e-02, 3.507088902010908615e-01
4.368469869689917129e-01, 1.165128353881601242e-01, 9.593251476949346546e-02, 3.507076628733546975e-01
4.368412566933166929e-01, 1.165206688279067510e-01, 9.593165058537532486e-02, 3.507064238934013423e-01
4.368355134362794101e-01, 1.165285136508909941e-01, 9.593079965772827178e-02, 3.507051732551013101e-01
4.368297571932201473e-01, 1.165363698589397395e-01, 9.592996199550692105e-02, 3.507039109523331644e-01
4.368239879594813524e-01, 1.165442374538716297e-01, 9.592913760766297315e-02, 3.507026369789839615e-01
4.368182057304081933e-01, 1.165521164374970498e-01, 9.592832650314560283e-02, 3.507013513289491957e-01
4.368124105013485026e-01, 1.165600068116182941e-01, 9.592752869090107048e-02, 3.507000539961321883e-01
4.368066022676525550e-01, 1.165679085780294832e-01, 9.592674417987304136e-02, 3.506987449744448093e-01
4.368007810246737344e-01, 1.165758217385166606e-01, 9.592597297900255782e-02, 3.506974242578070888e-01
4.367949467677674780e-01, 1.165837462948574738e-01, 9.592521509722780337e-02, 3.506960918401473282e-01
4.367890994922921655e-01, 1.165916822488216043e-01, 9.592447054348432478e-02, 3.506947477154019888e-01
4.367832391936085634e-01, 1.165996296021704487e-01, 9.592373932670500425e-02, 3.506933918775159698e-01
4.367773658670802139e-01, 1.166075883566573546e-01, 9.592302145582007333e-02, 3.506920243204423304e-01
4.367714795080734347e-01, 1.166155585140273565e-01, 9.592231693975697415e-02, 3.506906450381422902e-01
4.367655801119565973e-01, 1.166235400760174817e-01, 9.592162578744056756e-02, 3.506892540245852841e-01
4.367596676741012929e-01, 1.166315330443565002e-01, 9.592094800779296659e-02, 3.506878512737492404e-01
4.367537421898814443e-01, 1.166395374207649938e-01, 9.592028360973370305e-02, 3.506864367796199145e-01
4.367478036546733611e-01, 1.166475532069554261e-01, 9.591963260217960252e-02, 3.506850105361916103e-01
4.367418520638564061e-01, 1.166555804046321837e-01, 9.591899499404477059e-02, 3.506835725374666812e-01
4.367358874128120516e-01, 1.166636190154912572e-01, 9.591837079424068990e-02, 3.506821227774559735e-01
4.367299096969248229e-01, 1.166716690412207408e-01, 9.591776001167628962e-02, 3.506806612501781606e-01
4.367239189115816322e-01, 1.166797304835004018e-01, 9.591716265525770946e-02, 3.506791879496602982e-01
4.367179150521718345e-01, 1.166878033440018753e-01, 9.591657873388848010e-02, 3.506777028699377130e-01
4.367118981140876155e-01, 1.166958876243887056e-01, 9.591600825646959261e-02, 3.506762060050541141e-01
4.367058680927236036e-01, 1.167039833263161797e-01, 9.591545123189929023e-02, 3.506746973490609265e-01
4.366998249834772028e-01, 1.167120904514314800e-01, 9.591490766907315169e-02, 3.506731768960181239e-01
4.366937687817480374e-01, 1.167202090013736843e-01, 9.591437757688424381e-02, 3.506716446399939513e-01
4.366876994829387848e-01, 1.167283389777736269e-01, 9.591386096422299667e-02, 3.506701005750645361e-01
4.366816170824543430e-01, 1.167364803822539820e-01, 9.591335783997716191e-02, 3.506685446953145546e-01
4.366755215757021635e-01, 1.167446332164293332e-01, 9.591286821303186827e-02, 3.506669769948366211e-01
4.366694129580926953e-01, 1.167527974819061176e-01, 9.591239209226964935e-02, 3.506653974677316210e-01
4.366632912250384968e-01, 1.167609731802824735e-01, 9.591192948657044359e-02, 3.506638061081086000e-01
4.366571563719549021e-01, 1.167691603131485734e-01, 9.591148040481164982e-02, 3.506622029100848748e-01
4.366510083942599652e-01, 1.167773588820863601e-01, 9.591104485586794681e-02, 3.506605878677856447e-01
4.366448472873740161e-01, 1.167855688886695747e-01, 9.591062284861145981e-02, 3.506589609753448800e-01
4.366386730467199939e-01, 1.167937903344639233e-01, 9.591021439191174669e-02, 3.506573222269042667e-01
4.366324856677237798e-01, 1.168020232210267850e-01, 9.590981949463583955e-02, 3.506556716166135956e-01
4.366262851458133087e-01, 1.168102675499075593e-01, 9.590943816564799496e-02, 3.506540091386310953e-01
4.366200714764192914e-01, 1.168185233226474301e-01, 9.590907041381008247e-02, 3.506523347871230989e-01
4.366138446549753249e-01, 1.168267905407794072e-01, 9.590871624798132100e-02, 3.506506485562640441e-01
4.366076046769168384e-01, 1.168350692058283680e-01, 9.590837567701829269e-02, 3.506489504402363622e-01
4.366013515376826470e-01, 1.168433593193111131e-01, 9.590804870977526209e-02, 3.506472404332310888e-01
4.365950852327134535e-01, 1.168516608827361303e-01, 9.590773535510353776e-02, 3.506455185294469756e-01
4.365888057574527359e-01, 1.168599738976039554e-01, 9.590743562185219395e-02, 3.506437847230911009e-01
4.365825131073467480e-01, 1.168682983654068114e-01, 9.590714951886762651e-02, 3.506420390083787031e-01
4.365762072778440750e-01, 1.168766342876289138e-01, 9.590687705499369164e-02, 3.506402813795332918e-01
4.365698882643959666e-01, 1.168849816657462209e-01, 9.590661823907163652e-02, 3.506385118307862037e-01
4.365635560624560596e-01, 1.168933405012266419e-01, 9.590637307994033522e-02, 3.506367303563769910e-01
4.365572106674804886e-01, 1.169017107955298146e-01, 9.590614158643596954e-02, 3.506349369505537550e-01
4.365508520749282195e-01, 1.169100925501074389e-01, 9.590592376739219549e-02, 3.506331316075720350e-01
4.365444802802607160e-01, 1.169184857664028326e-01, 9.590571963164024050e-02, 3.506313143216961414e-01
4.365380952789417179e-01, 1.169268904458513336e-01, 9.590552918800870907e-02, 3.506294850871981561e-01
4.365316970664377960e-01, 1.169353065898801475e-01, 9.590535244532374937e-02, 3.506276438983583210e-01
4.365252856382176305e-01, 1.169437341999081809e-01, 9.590518941240891437e-02, 3.506257907494652049e-01
4.365188609897531213e-01, 1.169521732773463191e-01, 9.590504009808531460e-02, 3.506239256348150923e-01
4.365124231165182223e-01, 1.169606238235974122e-01, 9.590490451117147930e-02, 3.506220485487128169e-01
4.365059720139894406e-01, 1.169690858400559141e-01, 9.590478266048352296e-02, 3.506201594854710946e-01
4.364995076776458927e-01, 1.169775593281083270e-01, 9.590467455483502046e-02, 3.506182584394108015e-01
4.364930301029691928e-01, 1.169860442891330066e-01, 9.590458020303700704e-02, 3.506163454048608075e-01
4.364865392854435089e-01, 1.169945407245000790e-01, 9.590449961389799216e-02, 3.506144203761583089e-01
4.364800352205556733e-01, 1.170030486355716076e-01, 9.590443279622423711e-02, 3.506124833476484959e-01
4.364735179037949053e-01, 1.170115680237015232e-01, 9.590437975881914434e-02, 3.506105343136844965e-01
4.364669873306527559e-01, 1.170200988902355271e-01, 9.590434051048389585e-02, 3.506085732686277656e-01
4.364604434966237734e-01, 1.170286412365113410e-01, 9.590431506001716178e-02, 3.506066002068477516e-01
4.364538863972045046e-01, 1.170371950638584985e-01, 9.590430341621508648e-02, 3.506046151227219521e-01
4.364473160278942721e-01, 1.170457603735982899e-01, 9.590430558787127469e-02, 3.506026180106361356e-01
4.364407323841951181e-01, 1.170543371670439287e-01, 9.590432158377708294e-02, 3.506006088649837871e-01
4.364341354616111390e-01, 1.170629254455006485e-01, 9.590435141272118935e-02, 3.505985876801669399e-01
4.364275252556494289e-01, 1.170715252102653148e-01, 9.590439508348988507e-02, 3.505965544505953990e-01
4.364209017618191355e-01, 1.170801364626268271e-01, 9.590445260486706036e-02, 3.505945091706870187e-01
4.364142649756322379e-01, 1.170887592038658970e-01, 9.590452398563409364e-02, 3.505924518348678132e-01
4.364076148926031573e-01, 1.170973934352551038e-01, 9.590460923456993469e-02, 3.505903824375718458e-01
4.364009515082487578e-01, 1.171060391580589083e-01, 9.590470836045107694e-02, 3.505883009732412292e-01
4.363942748180883457e-01, 1.171146963735336388e-01, 9.590482137205159907e-02, 3.505862074363265135e-01
4.363875848176438921e-01, 1.171233650829275330e-01, 9.590494827814320666e-02, 3.505841018212854099e-01
4.363808815024396992e-01, 1.171320452874805712e-01, 9.590508908749491301e-02, 3.505819841225847333e-01
4.363741648680029006e-01, 1.171407369884248650e-01, 9.590524380887371914e-02, 3.505798543346985707e-01
4.363674349098628502e-01, 1.171494401869841162e-01, 9.590541245104380885e-02, 3.505777124521092802e-01
4.363606916235512889e-01, 1.171581548843740328e-01, 9.590559502276718717e-02, 3.505755584693074356e-01
4.363539350046026222e-01, 1.171668810818022322e-01, 9.590579153280337499e-02, 3.505733923807917152e-01
4.363471650485539755e-01, 1.171756187804681576e-01, 9.590600198990950620e-02, 3.505712141810684024e-01
4.363403817509444726e-01, 1.171843679815630646e-01, 9.590622640284020284e-02, 3.505690238646522183e-01
4.363335851073161797e-01, 1.171931286862703120e-01, 9.590646478034783873e-02, 3.505668214260657112e-01
4.363267751132132721e-01, 1.172019008957648767e-01, 9.590671713118224806e-02, 3.505646068598395892e-01
4.363199517641827563e-01, 1.172106846112137002e-01, 9.590698346409098907e-02, 3.505623801605126100e-01
4.363131150557738036e-01, 1.172194798337756610e-01, 9.590726378781913586e-02, 3.505601413226312468e-01
4.363062649835384721e-01, 1.172282865646015054e-01, 9.590755811110940332e-02, 3.505578903407505220e-01
4.362994015430309291e-01, 1.172371048048338193e-01, 9.590786644270218875e-02, 3.505556272094330073e-01
4.362925247298081732e-01, 1.172459345556071120e-01, 9.590818879133539143e-02, 3.505533519232494344e-01
4.362856345394290902e-01, 1.172547758180476907e-01, 9.590852516574459308e-02, 3.505510644767785844e-01
4.362787309674557301e-01, 1.172636285932738692e-01, 9.590887557466307167e-02, 3.505487648646073429e-01
4.362718140094521968e-01, 1.172724928823957319e-01, 9.590924002682160721e-02, 3.505464530813304225e-01
4.362648836609851477e-01, 1.172813686865152721e-01, 9.590961853094873146e-02, 3.505441291215508071e-01
4.362579399176240158e-01, 1.172902560067264344e-01, 9.591001109577051986e-02, 3.505417929798789745e-01
4.362509827749401770e-01, 1.172991548441150167e-01, 9.591041773001073023e-02, 3.505394446509341733e-01
4.362440122285078381e-01, 1.173080651997586571e-01, 9.591083844239080280e-02, 3.505370841293428130e-01
4.362370282739035932e-01, 1.173169870747268750e-01, 9.591127324162977696e-02, 3.505347114097397410e-01
4.362300309067066451e-01, 1.173259204700811686e-01, 9.591172213644434674e-02, 3.505323264867679089e-01
4.362230201224982507e-01, 1.173348653868748620e-01, 9.591218513554895797e-02, 3.505299293550779294e-01
4.362159959168626644e-01, 1.173438218261531746e-01, 9.591266224765558623e-02, 3.505275200093286303e-01
4.362089582853861947e-01, 1.173527897889531518e-01, 9.591315348147394504e-02, 3.505250984441867224e-01
4.362019072236577588e-01, 1.173617692763039011e-01, 9.591365884571143030e-02, 3.505226646543270208e-01
4.361948427272687723e-01, 1.173707602892261614e-01, 9.591417834907307871e-02, 3.505202186344319459e-01
4.361877647918130929e-01, 1.173797628287328032e-01, 9.591471200026158161e-02, 3.505177603791925223e-01
4.361806734128870211e-01, 1.173887768958284950e-01, 9.591525980797742379e-02, 3.505152898833069908e-01
4.361735685860892997e-01, 1.173978024915097312e-01, 9.591582178091861977e-02, 3.505128071414823632e-01
4.361664503070211696e-01, 1.174068396167650130e-01, 9.591639792778097751e-02, 3.505103121484327566e-01
4.361593185712862586e-01, 1.174158882725746811e-01, 9.591698825725804289e-02, 3.505078048988809480e-01
4.361521733744906926e-01, 1.174249484599109300e-01, 9.591759277804091932e-02, 3.505052853875574304e-01
4.361450147122430399e-01, 1.174340201797379052e-01, 9.591821149881846198e-02, 3.505027536092005236e-01
4.361378425801542003e-01, 1.174431034330116197e-01, 9.591884442827727786e-02, 3.505002095585568189e-01
4.361306569738379602e-01, 1.174521982206800791e-01, 9.591949157510169799e-02, 3.504976532303803460e-01
4.361234578889098268e-01, 1.174613045436829345e-01, 9.592015294797365255e-02, 3.504950846194334613e-01
4.361162453209885270e-01, 1.174704224029520516e-01, 9.592082855557292065e-02, 3.504925037204864591e-01
4.361090192656946751e-01, 1.174795517994109140e-01, 9.592151840657685280e-02, 3.504899105283175720e-01
4.361017797186514944e-01, 1.174886927339751225e-01, 9.592222250966073172e-02, 3.504873050377126376e-01
4.360945266754847061e-01, 1.174978452075519930e-01, 9.592294087349734211e-02, 3.504846872434659866e-01
4.360872601318223074e-01, 1.175070092210408756e-01, 9.592367350675735926e-02, 3.504820571403793883e-01
4.360799800832951822e-01, 1.175161847753329464e-01, 9.592442041810911313e-02, 3.504794147232627166e-01
4.360726865255360463e-01, 1.175253718713113182e-01, 9.592518161621867157e-02, 3.504767599869339501e-01
4.360653794541804462e-01, 1.175345705098509858e-01, 9.592595710974992362e-02, 3.504740929262186167e-01
4.360580588648662603e-01, 1.175437806918188804e-01, 9.592674690736446852e-02, 3.504714135359504601e-01
4.360507247532336428e-01, 1.175530024180737598e-01, 9.592755101772154624e-02, 3.504687218109709956e-01
4.360433771149255788e-01, 1.175622356894663184e-01, 9.592836944947828737e-02, 3.504660177461298987e-01
4.360360159455870521e-01, 1.175714805068391877e-01, 9.592920221128956038e-02, 3.504633013362842275e-01
4.360286412408657108e-01, 1.175807368710268669e-01, 9.593004931180795780e-02, 3.504605725762995339e-01
4.360212529964113681e-01, 1.175900047828557921e-01, 9.593091075968382397e-02, 3.504578314610489742e-01
4.360138512078768347e-01, 1.175992842431442531e-01, 9.593178656356533829e-02, 3.504550779854135878e-01
4.360064358709167531e-01, 1.176085752527024630e-01, 9.593267673209834867e-02, 3.504523121442824074e-01
4.359990069811884861e-01, 1.176178778123326413e-01, 9.593358127392662138e-02, 3.504495339325522374e-01
4.359915645343516721e-01, 1.176271919228286666e-01, 9.593450019769154957e-02, 3.504467433451282088e-01
4.359841085260686144e-01, 1.176365175849765909e-01, 9.593543351203245861e-02, 3.504439403769223915e-01
4.359766389520035035e-01, 1.176458547995542364e-01, 9.593638122558631465e-02, 3.504411250228559593e-01
4.359691558078236384e-01, 1.176552035673313623e-01, 9.593734334698797439e-02, 3.504382972778570804e-01
4.359616590891983168e-01, 1.176645638890696371e-01, 9.593831988487004636e-02, 3.504354571368620275e-01
4.359541487917994451e-01, 1.176739357655225554e-01, 9.593931084786297414e-02, 3.504326045948150670e-01
4.359466249113010394e-01, 1.176833191974357429e-01, 9.594031624459496699e-02, 3.504297396466682368e-01
4.359390874433797247e-01, 1.176927141855465125e-01, 9.594133608369208310e-02, 3.504268622873816241e-01
4.359315363837148460e-01, 1.177021207305841838e-01, 9.594237037377810473e-02, 3.504239725119229210e-01
4.359239717279874138e-01, 1.177115388332699297e-01, 9.594341912347470469e-02, 3.504210703152678130e-01
4.359163934718816580e-01, 1.177209684943169160e-01, 9.594448234140143250e-02, 3.504181556923999796e-01
4.359088016110836405e-01, 1.177304097144302175e-01, 9.594556003617547846e-02, 3.504152286383106496e-01
4.359011961412820879e-01, 1.177398624943067074e-01, 9.594665221641192343e-02, 3.504122891479991564e-01
4.358935770581680580e-01, 1.177493268346353206e-01, 9.594775889072384989e-02, 3.504093372164727160e-01
4.358859443574349957e-01, 1.177588027360968181e-01, 9.594888006772189781e-02, 3.504063728387462606e-01
4.358782980347788993e-01, 1.177682901993638703e-01, 9.595001575601469490e-02, 3.504033960098426048e-01
4.358706380858978768e-01, 1.177777892251011121e-01, 9.595116596420875943e-02, 3.504004067247921683e-01
4.358629645064928670e-01, 1.177872998139650879e-01, 9.595233070090833372e-02, 3.503974049786338085e-01
4.358552772922666962e-01, 1.177968219666041677e-01, 9.595350997471548127e-02, 3.503943907664135438e-01
4.358475764389250218e-01, 1.178063556836588255e-01, 9.595470379423030882e-02, 3.503913640831858856e-01
4.358398619421755549e-01, 1.178159009657612638e-01, 9.595591216805060553e-02, 3.503883249240125619e-01
4.358321337977286714e-01, 1.178254578135356639e-01, 9.595713510477198172e-02, 3.503852732839636830e-01
4.358243920012969119e-01, 1.178350262275981719e-01, 9.595837261298811871e-02, 3.503822091581167419e-01
4.358166365485955929e-01, 1.178446062085568014e-01, 9.595962470129031086e-02, 3.503791325415572255e-01
4.358088674353418623e-01, 1.178541977570115445e-01, 9.596089137826797899e-02, 3.503760434293786696e-01
4.358010846572556440e-01, 1.178638008735542753e-01, 9.596217265250814310e-02, 3.503729418166819376e-01
4.357932882100593042e-01, 1.178734155587687210e-01, 9.596346853259589416e-02, 3.503698276985760529e-01
4.357854780894772628e-01, 1.178830418132306712e-01, 9.596477902711414432e-02, 3.503667010701778661e-01
4.357776542912366047e-01, 1.178926796375077829e-01, 9.596610414464366856e-02, 3.503635619266119439e-01
4.357698168110668568e-01, 1.179023290321595252e-01, 9.596744389376313245e-02, 3.503604102630106243e-01
4.357619656446994338e-01, 1.179119899977374292e-01, 9.596879828304911986e-02, 3.503572460745139616e-01
4.357541007878686923e-01, 1.179216625347848796e-01, 9.597016732107606363e-02, 3.503540693562703368e-01
4.357462222363112092e-01, 1.179313466438372676e-01, 9.597155101641632879e-02, 3.503508801034351805e-01
4.357383299857659487e-01, 1.179410423254217827e-01, 9.597294937764017098e-02, 3.503476783111722503e-01
4.357304240319738731e-01, 1.179507495800576899e-01, 9.597436241331575024e-02, 3.503444639746526867e-01
4.357225043706789425e-01, 1.179604684082559973e-01, 9.597579013200904785e-02, 3.503412370890560124e-01
4.357145709976271153e-01, 1.179701988105198163e-01, 9.597723254228417156e-02, 3.503379976495689108e-01
4.357066239085667925e-01, 1.179799407873440842e-01, 9.597868965270291153e-02, 3.503347456513862257e-01
4.356986630992488174e-01, 1.179896943392156478e-01, 9.598016147182504565e-02, 3.503314810897104614e-01
4.356906885654261985e-01, 1.179994594666134156e-01, 9.598164800820836728e-02, 3.503282039597519493e-01
4.356827003028546641e-01, 1.180092361700080666e-01, 9.598314927040851874e-02, 3.503249142567286811e-01
4.356746983072921631e-01, 1.180190244498622726e-01, 9.598466526697901902e-02, 3.503216119758665870e-01
4.356666825744987537e-01, 1.180288243066306558e-01, 9.598619600647137484e-02, 3.503182971123992018e-01
4.356586531002372698e-01, 1.180386357407597342e-01, 9.598774149743506678e-02, 3.503149696615678876e-01
4.356506098802725990e-01, 1.180484587526880180e-01, 9.598930174841750762e-02, 3.503116296186219447e-01
4.356425529103722383e-01, 1.180582933428458298e-01, 9.599087676796391744e-02, 3.503082769788180006e-01
4.356344821863057382e-01, 1.180681395116555815e-01, 9.599246656461757343e-02, 3.503049117374210653e-01
4.356263977038454249e-01, 1.180779972595314836e-01, 9.599407114691978216e-02, 3.503015338897033093e-01
4.356182994587656787e-01, 1.180878665868797667e-01, 9.599569052340962971e-02, 3.502981434309449527e-01
4.356101874468433777e-01, 1.180977474940985289e-01, 9.599732470262428707e-02, 3.502947403564338202e-01
4.356020616638576759e-01, 1.181076399815777916e-01, 9.599897369309871864e-02, 3.502913246614657861e-01
4.355939221055901700e-01, 1.181175440496996243e-01, 9.600063750336609858e-02, 3.502878963413441626e-01
4.355857687678246770e-01, 1.181274596988379083e-01, 9.600231614195736674e-02, 3.502844553913800896e-01
4.355776016463475675e-01, 1.181373869293585177e-01, 9.600400961740152006e-02, 3.502810018068924225e-01
4.355694207369474880e-01, 1.181473257416192774e-01, 9.600571793822548772e-02, 3.502775355832077331e-01
4.355612260354154164e-01, 1.181572761359699075e-01, 9.600744111295422822e-02, 3.502740567156605311e-01
4.355530175375446622e-01, 1.181672381127520516e-01, 9.600917915011059067e-02, 3.502705651995927649e-01
4.355447952391307553e-01, 1.181772116722993871e-01, 9.601093205821548127e-02, 3.502670610303543763e-01
4.355365591359720567e-01, 1.181871968149374036e-01, 9.601269984578782168e-02, 3.502635442033026902e-01
4.355283092238687592e-01, 1.181971935409836250e-01, 9.601448252134439643e-02, 3.502600147138030806e-01
4.355200454986237202e-01, 1.182072018507475397e-01, 9.601628009340017200e-02, 3.502564725572285820e-01
4.355117679560420729e-01, 1.182172217445303652e-01, 9.601809257046786672e-02, 3.502529177289597229e-01
4.355034765919309492e-01, 1.182272532226255335e-01, 9.601991996105843641e-02, 3.502493502243851364e-01
4.354951714021004783e-01, 1.182372962853182469e-01, 9.602176227368065808e-02, 3.502457700389006168e-01
4.354868523823627879e-01, 1.182473509328857003e-01, 9.602361951684144914e-02, 3.502421771679101181e-01
4.354785195285320598e-01, 1.182574171655970258e-01, 9.602549169904565918e-02, 3.502385716068251997e-01
4.354701728364254731e-01, 1.182674949837132922e-01, 9.602737882879622267e-02, 3.502349533510650259e-01
4.354618123018619835e-01, 1.182775843874875193e-01, 9.602928091459396465e-02, 3.502313223960565325e-01
4.354534379206632111e-01, 1.182876853771646503e-01, 9.603119796493780891e-02, 3.502276787372341493e-01
4.354450496886530519e-01, 1.182977979529816481e-01, 9.603312998832475023e-02, 3.502240223700405775e-01
4.354366476016575116e-01, 1.183079221151673160e-01, 9.603507699324974334e-02, 3.502203532899254013e-01
4.354282316555053156e-01, 1.183180578639424219e-01, 9.603703898820580009e-02, 3.502166714923464763e-01
4.354198018460271880e-01, 1.183282051995197259e-01, 9.603901598168392006e-02, 3.502129769727690967e-01
4.354113581690566281e-01, 1.183383641221039395e-01, 9.604100798217322932e-02, 3.502092697266662724e-01
4.354029006204288565e-01, 1.183485346318916276e-01, 9.604301499816078613e-02, 3.502055497495187852e-01
4.353944291959817581e-01, 1.183587167290714032e-01, 9.604503703813174753e-02, 3.502018170368149663e-01
4.353859438915557156e-01, 1.183689104138237747e-01, 9.604707411056934152e-02, 3.501980715840510294e-01
4.353774447029933325e-01, 1.183791156863212846e-01, 9.604912622395482547e-02, 3.501943133867305158e-01
4.353689316261393216e-01, 1.183893325467282737e-01, 9.605119338676749996e-02, 3.501905424403647937e-01
4.353604046568410602e-01, 1.183995609952011030e-01, 9.605327560748470883e-02, 3.501867587404731141e-01
4.353518637909478683e-01, 1.184098010318881261e-01, 9.605537289458183914e-02, 3.501829622825820554e-01
4.353433090243118420e-01, 1.184200526569296058e-01, 9.605748525653245995e-02, 3.501791530622260229e-01
4.353347403527872417e-01, 1.184303158704577419e-01, 9.605961270180803091e-02, 3.501753310749470272e-01
4.353261577722302711e-01, 1.184405906725966989e-01, 9.606175523887826306e-02, 3.501714963162947947e-01
4.353175612785000204e-01, 1.184508770634625924e-01, 9.606391287621075803e-02, 3.501676487818266015e-01
4.353089508674576891e-01, 1.184611750431635024e-01, 9.606608562227134107e-02, 3.501637884671074397e-01
4.353003265349667528e-01, 1.184714846117994741e-01, 9.606827348552383905e-02, 3.501599153677100174e-01
4.352916882768929629e-01, 1.184818057694624199e-01, 9.607047647443020533e-02, 3.501560294792144812e-01
4.352830360891046246e-01, 1.184921385162363006e-01, 9.607269459745039486e-02, 3.501521307972085828e-01
4.352743699674722078e-01, 1.185024828521969997e-01, 9.607492786304255850e-02, 3.501482193172882340e-01
4.352656899078684027e-01, 1.185128387774123798e-01, 9.607717627966290419e-02, 3.501442950350563410e-01
4.352569959061683424e-01, 1.185232062919421570e-01, 9.607943985576566925e-02, 3.501403579461238591e-01
4.352482879582495467e-01, 1.185335853958381230e-01, 9.608171859980330076e-02, 3.501364080461090156e-01
4.352395660599918670e-01, 1.185439760891439237e-01, 9.608401252022623351e-02, 3.501324453306379758e-01
4.352308302072772084e-01, 1.185543783718953081e-01, 9.608632162548311206e-02, 3.501284697953443437e-01
4.352220803959900852e-01, 1.185647922441198099e-01, 9.608864592402062421e-02, 3.501244814358694390e-01
4.352133166220171212e-01, 1.185752177058370244e-01, 9.609098542428359813e-02, 3.501204802478622424e-01
4.352045388812474380e-01, 1.185856547570584285e-01, 9.609334013471490521e-02, 3.501164662269791727e-01
4.351957471695724888e-01, 1.185961033977875750e-01, 9.609571006375566826e-02, 3.501124393688843650e-01
4.351869414828855587e-01, 1.186065636280198565e-01, 9.609809521984505332e-02, 3.501083996692495037e-01
4.351781218170829857e-01, 1.186170354477426997e-01, 9.610049561142024188e-02, 3.501043471237539895e-01
4.351692881680629954e-01, 1.186275188569354128e-01, 9.610291124691677789e-02, 3.501002817280847723e-01
4.351604405317261448e-01, 1.186380138555694214e-01, 9.610534213476819299e-02, 3.500962034779363519e-01
4.351515789039752669e-01, 1.186485204436078245e-01, 9.610778828340610369e-02, 3.500921123690107217e-01
4.351427032807157480e-01, 1.186590386210060327e-01, 9.611024970126037792e-02, 3.500880083970178136e-01
4.351338136578550286e-01, 1.186695683877111718e-01, 9.611272639675894069e-02, 3.500838915576749422e-01
4.351249100313028806e-01, 1.186801097436623459e-01, 9.611521837832794068e-02, 3.500797618467067496e-01
4.351159923969716847e-01, 1.186906626887907767e-01, 9.611772565439158367e-02, 3.500756192598460936e-01
4.351070607507754873e-01, 1.187012272230194565e-01, 9.612024823337225743e-02, 3.500714637928328266e-01
4.350981150886313875e-01, 1.187118033462634947e-01, 9.612278612369053177e-02, 3.500672954414145166e-01
4.350891554064584832e-01, 1.187223910584298686e-01, 9.612533933376510298e-02, 3.500631142013465036e-01
4.350801817001780369e-01, 1.187329903594175895e-01, 9.612790787201284937e-02, 3.500589200683915103e-01
4.350711939657136429e-01, 1.187436012491174808e-01, 9.613049174684874798e-02, 3.500547130383199756e-01
4.350621921989915042e-01, 1.187542237274125945e-01, 9.613309096668606890e-02, 3.500504931069098880e-01
4.350531763959396558e-01, 1.187648577941777389e-01, 9.613570553993606993e-02, 3.500462602699466741e-01
4.350441465524887974e-01, 1.187755034492796735e-01, 9.613833547500830190e-02, 3.500420145232233105e-01
4.350351026645716823e-01, 1.187861606925772751e-01, 9.614098078031048378e-02, 3.500377558625405450e-01
4.350260447281238396e-01, 1.187968295239212740e-01, 9.614364146424843327e-02, 3.500334842837064531e-01
4.350169727390825192e-01, 1.188075099431543935e-01, 9.614631753522628888e-02, 3.500291997825368262e-01
4.350078866933874133e-01, 1.188182019501113351e-01, 9.614900900164621844e-02, 3.500249023548550054e-01
4.349987865869808790e-01, 1.188289055446187792e-01, 9.615171587190866898e-02, 3.500205919964916035e-01
4.349896724158070493e-01, 1.188396207264953569e-01, 9.615443815441224173e-02, 3.500162687032853381e-01
4.349805441758127778e-01, 1.188503474955516087e-01, 9.615717585755370611e-02, 3.500119324710818658e-01
4.349714018629469159e-01, 1.188610858515901925e-01, 9.615992898972815228e-02, 3.500075832957347810e-01
4.349622454731608134e-01, 1.188718357944055226e-01, 9.616269755932863039e-02, 3.500032211731050058e-01
4.349530750024080406e-01, 1.188825973237842004e-01, 9.616548157474665015e-02, 3.499988460990611228e-01
4.349438904466442768e-01, 1.188933704395047086e-01, 9.616828104437176450e-02, 3.499944580694792085e-01
4.349346918018280328e-01, 1.189041551413374531e-01, 9.617109597659176390e-02, 3.499900570802427224e-01
4.349254790639194290e-01, 1.189149514290448600e-01, 9.617392637979266246e-02, 3.499856431272430068e-01
4.349162522288813615e-01, 1.189257593023812926e-01, 9.617677226235868404e-02, 3.499812162063786758e-01
4.349070112926788911e-01, 1.189365787610931618e-01, 9.617963363267233168e-02, 3.499767763135556708e-01
4.348977562512792439e-01, 1.189474098049187467e-01, 9.618251049911412387e-02, 3.499723234446878717e-01
4.348884871006519770e-01, 1.189582524335883879e-01, 9.618540287006303868e-02, 3.499678575956964854e-01
4.348792038367692570e-01, 1.189691066468243491e-01, 9.618831075389620844e-02, 3.499633787625101577e-01
4.348699064556050820e-01, 1.189799724443408868e-01, 9.619123415898887808e-02, 3.499588869410652503e-01
4.348605949531358372e-01, 1.189908498258441943e-01, 9.619417309371462721e-02, 3.499543821273053412e-01
4.348512693253405725e-01, 1.190017387910325131e-01, 9.619712756644530072e-02, 3.499498643171817247e-01
4.348419295682000030e-01, 1.190126393395959242e-01, 9.620009758555082835e-02, 3.499453335066531889e-01
4.348325756776978412e-01, 1.190235514712167375e-01, 9.620308315939957167e-02, 3.499407896916858496e-01
4.348232076498194654e-01, 1.190344751855689082e-01, 9.620608429635803260e-02, 3.499362328682535939e-01
4.348138254805527514e-01, 1.190454104823186338e-01, 9.620910100479083960e-02, 3.499316630323376365e-01
4.348044291658882954e-01, 1.190563573611239656e-01, 9.621213329306117779e-02, 3.499270801799265196e-01
4.347950187018180812e-01, 1.190673158216349059e-01, 9.621518116953016453e-02, 3.499224843070167235e-01
4.347855940843372569e-01, 1.190782858634935465e-01, 9.621824464255734899e-02, 3.499178754096118893e-01
4.347761553094426357e-01, 1.190892674863338468e-01, 9.622132372050049010e-02, 3.499132534837229858e-01
4.347667023731335845e-01, 1.191002606897818283e-01, 9.622441841171559818e-02, 3.499086185253689196e-01
4.347572352714119126e-01, 1.191112654734553800e-01, 9.622752872455687945e-02, 3.499039705305758141e-01
4.347477540002813723e-01, 1.191222818369644942e-01, 9.623065466737701357e-02, 3.498993094953771199e-01
4.347382585557481027e-01, 1.191333097799110868e-01, 9.623379624852673730e-02, 3.498946354158140593e-01
4.347287489338205746e-01, 1.191443493018890520e-01, 9.623695347635512209e-02, 3.498899482879351819e-01
4.347192251305098121e-01, 1.191554004024842350e-01, 9.624012635920954628e-02, 3.498852481077964760e-01
4.347096871418283937e-01, 1.191664630812744874e-01, 9.624331490543557022e-02, 3.498805348714614794e-01
4.347001349637918954e-01, 1.191775373378297226e-01, 9.624651912337722770e-02, 3.498758085750011126e-01
4.346905685924178919e-01, 1.191886231717116523e-01, 9.624973902137660964e-02, 3.498710692144939016e-01
4.346809880237261781e-01, 1.191997205824741057e-01, 9.625297460777422487e-02, 3.498663167860255330e-01
4.346713932537388803e-01, 1.192108295696628767e-01, 9.625622589090877812e-02, 3.498615512856894649e-01
4.346617842784805119e-01, 1.192219501328157377e-01, 9.625949287911741981e-02, 3.498567727095864277e-01
4.346521610939776403e-01, 1.192330822714623290e-01, 9.626277558073537133e-02, 3.498519810538245900e-01
4.346425236962593308e-01, 1.192442259851245329e-01, 9.626607400409635529e-02, 3.498471763145197810e-01
4.346328720813567581e-01, 1.192553812733159468e-01, 9.626938815753230405e-02, 3.498423584877949910e-01
4.346232062453034839e-01, 1.192665481355422996e-01, 9.627271804937338751e-02, 3.498375275697808706e-01
4.346135261841354014e-01, 1.192777265713012291e-01, 9.627606368794819347e-02, 3.498326835566152315e-01
4.346038318938903466e-01, 1.192889165800823936e-01, 9.627942508158353341e-02, 3.498278264444437125e-01
4.345941233706088758e-01, 1.193001181613674855e-01, 9.628280223860460896e-02, 3.498229562294190020e-01
4.345844006103334323e-01, 1.193113313146300647e-01, 9.628619516733481765e-02, 3.498180729077016715e-01
4.345746636091091242e-01, 1.193225560393358226e-01, 9.628960387609600269e-02, 3.498131764754591200e-01
4.345649123629828914e-01, 1.193337923349422625e-01, 9.629302837320820319e-02, 3.498082669288667401e-01
4.345551468680043383e-01, 1.193450402008989636e-01, 9.629646866698984842e-02, 3.498033442641068080e-01
4.345453671202250678e-01, 1.193562996366475670e-01, 9.629992476575768845e-02, 3.497984084773696489e-01
4.345355731156990142e-01, 1.193675706416216092e-01, 9.630339667782676638e-02, 3.497934595648525269e-01
4.345257648504826098e-01, 1.193788532152465776e-01, 9.630688441151048773e-02, 3.497884975227603110e-01
4.345159423206343963e-01, 1.193901473569400490e-01, 9.631038797512057881e-02, 3.497835223473050315e-01
4.345061055222149138e-01, 1.194014530661115236e-01, 9.631390737696704507e-02, 3.497785340347065453e-01
4.344962544512874780e-01, 1.194127703421624942e-01, 9.631744262535828216e-02, 3.497735325811917595e-01
4.344863891039172366e-01, 1.194240991844864735e-01, 9.632099372860110365e-02, 3.497685179829952973e-01
4.344765094761718349e-01, 1.194354395924688839e-01, 9.632456069500043572e-02, 3.497634902363588316e-01
4.344666155641212502e-01, 1.194467915654872509e-01, 9.632814353285978903e-02, 3.497584493375317516e-01
4.344567073638375687e-01, 1.194581551029109956e-01, 9.633174225048088402e-02, 3.497533952827705517e-01
4.344467848713950975e-01, 1.194695302041015317e-01, 9.633535685616378963e-02, 3.497483280683394979e-01
4.344368480828705859e-01, 1.194809168684123901e-01, 9.633898735820704828e-02, 3.497432476905099064e-01
4.344268969943431702e-01, 1.194923150951889140e-01, 9.634263376490739827e-02, 3.497381541455606424e-01
4.344169316018937077e-01, 1.195037248837685362e-01, 9.634629608456000971e-02, 3.497330474297776770e-01
4.344069519016059422e-01, 1.195151462334807235e-01, 9.634997432545842899e-02, 3.497279275394549192e-01
4.343969578895655603e-01, 1.195265791436467551e-01, 9.635366849589453719e-02, 3.497227944708931613e-01
4.343869495618605803e-01, 1.195380236135800966e-01, 9.635737860415855005e-02, 3.497176482204008563e-01
4.343769269145810741e-01, 1.195494796425860817e-01, 9.636110465853911511e-02, 3.497124887842936181e-01
4.343668899438199449e-01, 1.195609472299621473e-01, 9.636484666732321458e-02, 3.497073161588946655e-01
4.343568386456719277e-01, 1.195724263749976396e-01, 9.636860463879622085e-02, 3.497021303405342119e-01
4.343467730162337004e-01, 1.195839170769738280e-01, 9.637237858124182710e-02, 3.496969313255505751e-01
4.343366930516051050e-01, 1.195954193351641409e-01, 9.637616850294214443e-02, 3.496917191102885125e-01
4.343265987478875378e-01, 1.196069331488339299e-01, 9.637997441217768801e-02, 3.496864936911008304e-01
4.343164901011847823e-01, 1.196184585172404419e-01, 9.638379631722732155e-02, 3.496812550643473849e-01
4.343063671076032306e-01, 1.196299954396331383e-01, 9.638763422636827116e-02, 3.496760032263954154e-01
4.342962297632509405e-01, 1.196415439152531957e-01, 9.639148814787616704e-02, 3.496707381736195996e-01
4.342860780642388008e-01, 1.196531039433340743e-01, 9.639535809002509892e-02, 3.496654599024019983e-01
4.342759120066798095e-01, 1.196646755231009496e-01, 9.639924406108746346e-02, 3.496601684091317219e-01
4.342657315866890744e-01, 1.196762586537712530e-01, 9.640314606933404751e-02, 3.496548636902056528e-01
4.342555368003839233e-01, 1.196878533345541729e-01, 9.640706412303404194e-02, 3.496495457420278896e-01
4.342453276438841270e-01, 1.196994595646510839e-01, 9.641099823045512496e-02, 3.496442145610096919e-01
4.342351041133116762e-01, 1.197110773432552705e-01, 9.641494839986329557e-02, 3.496388701435697022e-01
4.342248662047910601e-01, 1.197227066695520092e-01, 9.641891463952294294e-02, 3.496335124861339461e-01
4.342146139144484884e-01, 1.197343475427186110e-01, 9.642289695769687419e-02, 3.496281415851360541e-01
4.342043472384127800e-01, 1.197459999619242405e-01, 9.642689536264632821e-02, 3.496227574370166513e-01
4.341940661728149187e-01, 1.197576639263303461e-01, 9.643090986263101738e-02, 3.496173600382237456e-01
4.341837707137883862e-01, 1.197693394350900775e-01, 9.643494046590890545e-02, 3.496119493852126170e-01
4.341734608574685517e-01, 1.197810264873487573e-01, 9.643898718073651288e-02, 3.496065254744461503e-01
4.341631365999933934e-01, 1.197927250822436868e-01, 9.644305001536875033e-02, 3.496010883023943361e-01
4.341527979375027768e-01, 1.198044352189040485e-01, 9.644712897805882146e-02, 3.495956378655343255e-01
4.341424448661391766e-01, 1.198161568964512119e-01, 9.645122407705859768e-02, 3.495901741603510415e-01
4.341320773820471768e-01, 1.198278901139983726e-01, 9.645533532061818793e-02, 3.495846971833362904e-01
4.341216954813736373e-01, 1.198396348706508435e-01, 9.645946271698613295e-02, 3.495792069309893724e-01
4.341112991602676385e-01, 1.198513911655058745e-01, 9.646360627440953017e-02, 3.495737033998169152e-01
4.341008884148807034e-01, 1.198631589976527217e-01, 9.646776600113377009e-02, 3.495681865863328741e-01
4.340904632413662978e-01, 1.198749383661726620e-01, 9.647194190540279990e-02, 3.495626564870582542e-01
4.340800236358803854e-01, 1.198867292701389087e-01, 9.647613399545885982e-02, 3.495571130985218877e-01
4.340695695945810395e-01, 1.198985317086168068e-01, 9.648034227954276065e-02, 3.495515564172594347e-01
4.340591011136288313e-01, 1.199103456806635964e-01, 9.648456676589373116e-02, 3.495459864398138272e-01
4.340486181891863859e-01, 1.199221711853284827e-01, 9.648880746274936249e-02, 3.495404031627357688e-01
4.340381208174186600e-01, 1.199340082216528158e-01, 9.649306437834580252e-02, 3.495348065825826245e-01
4.340276089944927751e-01, 1.199458567886698135e-01, 9.649733752091757544e-02, 3.495291966959198082e-01
4.340170827165783507e-01, 1.199577168854047554e-01, 9.650162689869772048e-02, 3.495235734993191734e-01
4.340065419798469493e-01, 1.199695885108749416e-01, 9.650593251991762545e-02, 3.495179369893605115e-01
4.339959867804726312e-01, 1.199814716640896090e-01, 9.651025439280717932e-02, 3.495122871626305527e-01
4.339854171146316775e-01, 1.199933663440500425e-01, 9.651459252559481394e-02, 3.495066240157234660e-01
4.339748329785024228e-01, 1.200052725497495337e-01, 9.651894692650733742e-02, 3.495009475452406367e-01
4.339642343682659220e-01, 1.200171902801733664e-01, 9.652331760377001746e-02, 3.494952577477906663e-01
4.339536212801048398e-01, 1.200291195342987893e-01, 9.652770456560656742e-02, 3.494895546199896508e-01
4.339429937102047274e-01, 1.200410603110951269e-01, 9.653210782023928516e-02, 3.494838381584608467e-01
4.339323516547530235e-01, 1.200530126095236683e-01, 9.653652737588884480e-02, 3.494781083598344495e-01
4.339216951099396091e-01, 1.200649764285376953e-01, 9.654096324077429681e-02, 3.494723652207484266e-01
4.339110240719564748e-01, 1.200769517670825376e-01, 9.654541542311342872e-02, 3.494666087378476282e-01
4.339003385369978316e-01, 1.200889386240954482e-01, 9.654988393112222400e-02, 3.494608389077845656e-01
4.338896385012603329e-01, 1.201009369985057140e-01, 9.655436877301534770e-02, 3.494550557272185776e-01
4.338789239609429638e-01, 1.201129468892347674e-01, 9.655886995700582731e-02, 3.494492591928163860e-01
4.338681949122467074e-01, 1.201249682951957970e-01, 9.656338749130520538e-02, 3.494434493012522069e-01
4.338574513513749342e-01, 1.201370012152942202e-01, 9.656792138412353954e-02, 3.494376260492073061e-01
4.338466932745334015e-01, 1.201490456484273356e-01, 9.657247164366936087e-02, 3.494317894333700547e-01
4.338359206779294763e-01, 1.201611015934844068e-01, 9.657703827814959063e-02, 3.494259394504365401e-01
4.338251335577739676e-01, 1.201731690493468840e-01, 9.658162129576983168e-02, 3.494200760971093445e-01
4.338143319102788498e-01, 1.201852480148880437e-01, 9.658622070473402155e-02, 3.494141993700991544e-01
4.338035157316590396e-01, 1.201973384889732654e-01, 9.659083651324464059e-02, 3.494083092661232071e-01
4.337926850181311189e-01, 1.202094404704598801e-01, 9.659546872950265650e-02, 3.494024057819063445e-01
4.337818397659146119e-01, 1.202215539581972803e-01, 9.660011736170763530e-02, 3.493964889141805141e-01
4.337709799712307635e-01, 1.202336789510268650e-01, 9.660478241805750543e-02, 3.493905586596849355e-01
4.337601056303033720e-01, 1.202458154477819285e-01, 9.660946390674875206e-02, 3.493846150151661001e-01
4.337492167393581788e-01, 1.202579634472878689e-01, 9.661416183597636154e-02, 3.493786579773776046e-01
4.337383132946238118e-01, 1.202701229483622014e-01, 9.661887621393382142e-02, 3.493726875430802625e-01
4.337273952923303422e-01, 1.202822939498141980e-01, 9.662360704881317597e-02, 3.493667037090422700e-01
4.337164627287107277e-01, 1.202944764504453035e-01, 9.662835434880495677e-02, 3.493607064720389288e-01
4.337055155999999800e-01, 1.203066704490489969e-01, 9.663311812209818275e-02, 3.493546958288528681e-01
4.336945539024352758e-01, 1.203188759444106248e-01, 9.663789837688040174e-02, 3.493486717762737670e-01
4.336835776322561231e-01, 1.203310929353076514e-01, 9.664269512133771833e-02, 3.493426343110985210e-01
4.336725867857044170e-01, 1.203433214205095192e-01, 9.664750836365462727e-02, 3.493365834301314643e-01
4.336615813590242174e-01, 1.203555613987776912e-01, 9.665233811201434655e-02, 3.493305191301837587e-01
4.336505613484616384e-01, 1.203678128688656090e-01, 9.665718437459844270e-02, 3.493244414080742821e-01
4.336395267502655138e-01, 1.203800758295187762e-01, 9.666204715958712224e-02, 3.493183502606286295e-01
4.336284775606864539e-01, 1.203923502794746470e-01, 9.666692647515903736e-02, 3.493122456846798896e-01
4.336174137759777336e-01, 1.204046362174627099e-01, 9.667182232949141085e-02, 3.493061276770682011e-01
4.336063353923945152e-01, 1.204169336422044878e-01, 9.667673473076004997e-02, 3.492999962346409748e-01
4.335952424061945143e-01, 1.204292425524134402e-01, 9.668166368713917991e-02, 3.492938513542528378e-01
4.335841348136377227e-01, 1.204415629467951304e-01, 9.668660920680163806e-02, 3.492876930327654117e-01
4.335730126109862415e-01, 1.204538948240471002e-01, 9.669157129791877692e-02, 3.492815212670479230e-01
4.335618757945044477e-01, 1.204662381828588980e-01, 9.669654996866053343e-02, 3.492753360539762597e-01
4.335507243604587169e-01, 1.204785930219119949e-01, 9.670154522719530410e-02, 3.492691373904339147e-01
4.335395583051184221e-01, 1.204909593398800632e-01, 9.670655708169004217e-02, 3.492629252733113199e-01
4.335283776247546017e-01, 1.205033371354285870e-01, 9.671158554031036858e-02, 3.492566996995062900e-01
4.335171823156409032e-01, 1.205157264072152651e-01, 9.671663061122028060e-02, 3.492504606659235789e-01
4.335059723740527504e-01, 1.205281271538895527e-01, 9.672169230258244321e-02, 3.492442081694752676e-01
4.334947477962683982e-01, 1.205405393740931752e-01, 9.672677062255800873e-02, 3.492379422070804873e-01
4.334835085785677666e-01, 1.205529630664596702e-01, 9.673186557930668616e-02, 3.492316627756658076e-01
4.334722547172337181e-01, 1.205653982296146787e-01, 9.673697718098681064e-02, 3.492253698721647370e-01
4.334609862085510024e-01, 1.205778448621759313e-01, 9.674210543575524623e-02, 3.492190634935179450e-01
4.334497030488064229e-01, 1.205903029627530126e-01, 9.674725035176728882e-02, 3.492127436366733173e-01
4.334384052342893923e-01, 1.206027725299475828e-01, 9.675241193717697141e-02, 3.492064102985859564e-01
4.334270927612917657e-01, 1.206152535623533917e-01, 9.675759020013677270e-02, 3.492000634762180145e-01
4.334157656261072300e-01, 1.206277460585561401e-01, 9.676278514879790849e-02, 3.491937031665388047e-01
4.334044238250317482e-01, 1.206402500171333825e-01, 9.676799679130985987e-02, 3.491873293665249123e-01
4.333930673543638923e-01, 1.206527654366550129e-01, 9.677322513582088670e-02, 3.491809420731601388e-01
4.333816962104043435e-01, 1.206652923156827095e-01, 9.677847019047784716e-02, 3.491745412834352247e-01
4.333703103894558373e-01, 1.206778306527701572e-01, 9.678373196342604512e-02, 3.491681269943479604e-01
4.333589098878237178e-01, 1.206903804464631996e-01, 9.678901046280941056e-02, 3.491616992029035194e-01
4.333474947018155499e-01, 1.207029416952996037e-01, 9.679430569677045793e-02, 3.491552579061144024e-01
4.333360648277408411e-01, 1.207155143978091427e-01, 9.679961767345034163e-02, 3.491488031009996607e-01
4.333246202619116527e-01, 1.207280985525135825e-01, 9.680494640098862014e-02, 3.491423347845860614e-01
4.333131610006422663e-01, 1.207406941579268339e-01, 9.681029188752361681e-02, 3.491358529539072553e-01
4.333016870402493503e-01, 1.207533012125546618e-01, 9.681565414119214230e-02, 3.491293576060039427e-01
4.332901983770515164e-01, 1.207659197148948510e-01, 9.682103317012948074e-02, 3.491228487379240963e-01
4.332786950073698184e-01, 1.207785496634374289e-01, 9.682642898246980601e-02, 3.491163263467229050e-01
4.332671769275278639e-01, 1.207911910566641100e-01, 9.683184158634562666e-02, 3.491097904294623855e-01
4.332556441338512032e-01, 1.208038438930488928e-01, 9.683727098988806348e-02, 3.491032409832118821e-01
4.332440966226674961e-01, 1.208165081710576017e-01, 9.684271720122696048e-02, 3.490966780050478446e-01
4.332325343903072334e-01, 1.208291838891482201e-01, 9.684818022849056574e-02, 3.490901014920539391e-01
4.332209574331026269e-01, 1.208418710457706685e-01, 9.685366007980593384e-02, 3.490835114413208262e-01
4.332093657473884418e-01, 1.208545696393668739e-01, 9.685915676329856505e-02, 3.490769078499461608e-01
4.331977593295017193e-01, 1.208672796683707695e-01, 9.686467028709258575e-02, 3.490702907150348699e-01
4.331861381757817209e-01, 1.208800011312084061e-01, 9.687020065931073454e-02, 3.490636600336990414e-01
4.331745022825698732e-01, 1.208927340262977990e-01, 9.687574788807433446e-02, 3.490570158030579795e-01
4.331628516462100453e-01, 1.209054783520488591e-01, 9.688131198150339018e-02, 3.490503580202374834e-01
4.331511862630485488e-01, 1.209182341068636979e-01, 9.688689294771633820e-02, 3.490436866823712903e-01
4.331395061294335824e-01, 1.209310012891363778e-01, 9.689249079483044924e-02, 3.490370017865996877e-01
4.331278112417155102e-01, 1.209437798972528982e-01, 9.689810553096139811e-02, 3.490303033300702351e-01
4.331161015962476935e-01, 1.209565699295913205e-01, 9.690373716422352735e-02, 3.490235913099374310e-01
4.331043771893850480e-01, 1.209693713845217955e-01, 9.690938570272990271e-02, 3.490168657233632676e-01
4.330926380174851542e-01, 1.209821842604064113e-01, 9.691505115459200792e-02, 3.490101265675163433e-01
4.330808840769077572e-01, 1.209950085555992899e-01, 9.692073352792010543e-02, 3.490033738395727503e-01
4.330691153640148783e-01, 1.210078442684465877e-01, 9.692643283082302830e-02, 3.489966075367155196e-01
4.330573318751708145e-01, 1.210206913972864395e-01, 9.693214907140811076e-02, 3.489898276561345103e-01
4.330455336067421390e-01, 1.210335499404490700e-01, 9.693788225778149359e-02, 3.489830341950271864e-01
4.330337205550979229e-01, 1.210464198962566129e-01, 9.694363239804781873e-02, 3.489762271505977287e-01
4.330218927166089582e-01, 1.210593012630233195e-01, 9.694939950031031262e-02, 3.489694065200574236e-01
4.330100500876490344e-01, 1.210721940390553919e-01, 9.695518357267100817e-02, 3.489625723006246072e-01
4.329981926645936063e-01, 1.210850982226510941e-01, 9.696098462323035627e-02, 3.489557244895251653e-01
4.329863204438206270e-01, 1.210980138121006827e-01, 9.696680266008747551e-02, 3.489488630839910899e-01
4.329744334217107693e-01, 1.211109408056864345e-01, 9.697263769134026323e-02, 3.489419880812624775e-01
4.329625315946463160e-01, 1.211238792016826743e-01, 9.697848972508507637e-02, 3.489350994785860305e-01
4.329506149590121034e-01, 1.211368289983556223e-01, 9.698435876941693956e-02, 3.489281972732153347e-01
4.329386835111953546e-01, 1.211497901939637273e-01, 9.699024483242954520e-02, 3.489212814624114145e-01
4.329267372475855136e-01, 1.211627627867573054e-01, 9.699614792221526727e-02, 3.489143520434419554e-01
4.329147761645741332e-01, 1.211757467749786654e-01, 9.700206804686495321e-02, 3.489074090135822481e-01
4.329028002585554868e-01, 1.211887421568622752e-01, 9.700800521446820146e-02, 3.489004523701141891e-01
4.328908095259255684e-01, 1.212017489306344842e-01, 9.701395943311327819e-02, 3.488934821103267248e-01
4.328788039630829809e-01, 1.212147670945137312e-01, 9.701993071088696463e-02, 3.488864982315162400e-01
4.328667835664288810e-01, 1.212277966467104617e-01, 9.702591905587487631e-02, 3.488795007309857810e-01
4.328547483323660905e-01, 1.212408375854271136e-01, 9.703192447616103278e-02, 3.488724896060457770e-01
4.328426982573002069e-01, 1.212538899088581590e-01, 9.703794697982826012e-02, 3.488654648540133185e-01
4.328306333376390480e-01, 1.212669536151901456e-01, 9.704398657495799663e-02, 3.488584264722129347e-01
4.328185535697924857e-01, 1.212800287026015583e-01, 9.705004326963027894e-02, 3.488513744579758158e-01
4.328064589501726678e-01, 1.212931151692628468e-01, 9.705611707192382531e-02, 3.488443088086405908e-01
4.327943494751946840e-01, 1.213062130133367028e-01, 9.706220798991602172e-02, 3.488372295215526053e-01
4.327822251412749566e-01, 1.213193222329775889e-01, 9.706831603168285250e-02, 3.488301365940644772e-01
4.327700859448329607e-01, 1.213324428263321403e-01, 9.707444120529899745e-02, 3.488230300235357628e-01
4.327579318822902810e-01, 1.213455747915389848e-01, 9.708058351883784576e-02, 3.488159098073329023e-01
4.327457629500703340e-01, 1.213587181267287013e-01, 9.708674298037127393e-02, 3.488087759428296630e-01
4.327335791445995339e-01, 1.213718728300239164e-01, 9.709291959796990945e-02, 3.488016284274066403e-01
4.327213804623061821e-01, 1.213850388995393326e-01, 9.709911337970307532e-02, 3.487944672584514794e-01
4.327091668996208007e-01, 1.213982163333816033e-01, 9.710532433363870675e-02, 3.487872924333588753e-01
4.326969384529765206e-01, 1.214114051296494717e-01, 9.711155246784339279e-02, 3.487801039495306843e-01
4.326846951188085266e-01, 1.214246052864336040e-01, 9.711779779038236249e-02, 3.487729018043754237e-01
4.326724368935545573e-01, 1.214378168018167559e-01, 9.712406030931960976e-02, 3.487656859953091049e-01
4.326601637736544048e-01, 1.214510396738737313e-01, 9.713034003271762973e-02, 3.487584565197543451e-01
4.326478757555500820e-01, 1.214642739006712435e-01, 9.713663696863773789e-02, 3.487512133751409782e-01
4.326355728356863772e-01, 1.214775194802681091e-01, 9.714295112513983421e-02, 3.487439565589057211e-01
4.326232550105097441e-01, 1.214907764107151233e-01, 9.714928251028245865e-02, 3.487366860684926184e-01
4.326109222764695783e-01, 1.215040446900551713e-01, 9.715563113212287438e-02, 3.487294019013523760e-01
4.325985746300169965e-01, 1.215173243163230471e-01, 9.716199699871699846e-02, 3.487221040549429163e-01
4.325862120676060574e-01, 1.215306152875456902e-01, 9.716838011811947118e-02, 3.487147925267288229e-01
4.325738345856924849e-01, 1.215439176017419354e-01, 9.717478049838344789e-02, 3.487074673141822290e-01
4.325614421807346122e-01, 1.215572312569227209e-01, 9.718119814756089048e-02, 3.487001284147818736e-01
4.325490348491929371e-01, 1.215705562510909360e-01, 9.718763307370242854e-02, 3.486927758260137122e-01
4.325366125875307888e-01, 1.215838925822415317e-01, 9.719408528485734555e-02, 3.486854095453703617e-01
4.325241753922131616e-01, 1.215972402483615905e-01, 9.720055478907356494e-02, 3.486780295703518218e-01
4.325117232597074368e-01, 1.216105992474299513e-01, 9.720704159439769176e-02, 3.486706358984648091e-01
4.324992561864838825e-01, 1.216239695774177093e-01, 9.721354570887506819e-02, 3.486632285272233678e-01
4.324867741690142653e-01, 1.216373512362878967e-01, 9.722006714054964860e-02, 3.486558074541482033e-01
4.324742772037734051e-01, 1.216507442219955243e-01, 9.722660589746418003e-02, 3.486483726767670155e-01
4.324617652872378426e-01, 1.216641485324876371e-01, 9.723316198765992457e-02, 3.486409241926146096e-01
4.324492384158868941e-01, 1.216775641657033558e-01, 9.723973541917693697e-02, 3.486334619992328410e-01
4.324366965862018741e-01, 1.216909911195738353e-01, 9.724632620005391193e-02, 3.486259860941705035e-01
4.324241397946663734e-01, 1.217044293920220982e-01, 9.725293433832832291e-02, 3.486184964749831083e-01
4.324115680377668136e-01, 1.217178789809633538e-01, 9.725955984203614457e-02, 3.486109931392336048e-01
4.323989813119913928e-01, 1.217313398843047206e-01, 9.726620271921222749e-02, 3.486034760844916036e-01
4.323863796138308069e-01, 1.217448120999454902e-01, 9.727286297789002056e-02, 3.485959453083335990e-01
4.323737629397781945e-01, 1.217582956257767662e-01, 9.727954062610166819e-02, 3.485884008083434127e-01
4.323611312863287481e-01, 1.217717904596817696e-01, 9.728623567187795473e-02, 3.485808425821115275e-01
4.323484846499801026e-01, 1.217852965995357833e-01, 9.729294812324849884e-02, 3.485732706272355319e-01
4.323358230272324465e-01, 1.217988140432060967e-01, 9.729967798824146197e-02, 3.485656849413200642e-01
4.323231464145879666e-01, 1.218123427885519083e-01, 9.730642527488375659e-02, 3.485580855219764240e-01
4.323104548085512366e-01, 1.218258828334245758e-01, 9.731318999120104618e-02, 3.485504723668230720e-01
4.322977482056294396e-01, 1.218394341756674493e-01, 9.731997214521757866e-02, 3.485428454734856296e-01
4.322850266023315347e-01, 1.218529968131157881e-01, 9.732677174495635297e-02, 3.485352048395963243e-01
4.322722899951695341e-01, 1.218665707435970247e-01, 9.733358879843909128e-02, 3.485275504627943777e-01
4.322595383806570046e-01, 1.218801559649304866e-01, 9.734042331368616963e-02, 3.485198823407262836e-01
4.322467717553105659e-01, 1.218937524749275775e-01, 9.734727529871667340e-02, 3.485122004710450860e-01
4.322339901156485586e-01, 1.219073602713918181e-01, 9.735414476154843899e-02, 3.485045048514111565e-01
4.322211934581921544e-01, 1.219209793521185414e-01, 9.736103171019794278e-02, 3.484967954794913059e-01
4.322083817794644678e-01, 1.219346097148952118e-01, 9.736793615268031499e-02, 3.484890723529599499e-01
4.321955550759911668e-01, 1.219482513575013138e-01, 9.737485809700956174e-02, 3.484813354694979992e-01
4.321827133443001401e-01, 1.219619042777084078e-01, 9.738179755119819037e-02, 3.484735848267931924e-01
4.321698565809217740e-01, 1.219755684732799217e-01, 9.738875452325755633e-02, 3.484658204225407618e-01
4.321569847823885646e-01, 1.219892439419714286e-01, 9.739572902119762732e-02, 3.484580422544423239e-01
4.321440979452356168e-01, 1.220029306815305359e-01, 9.740272105302720529e-02, 3.484502503202066004e-01
4.321311960660000340e-01, 1.220166286896968016e-01, 9.740973062675363503e-02, 3.484424446175495849e-01
4.321182791412215840e-01, 1.220303379642017488e-01, 9.741675775038302620e-02, 3.484346251441936548e-01
4.321053471674421442e-01, 1.220440585027690178e-01, 9.742380243192030886e-02, 3.484267918978685707e-01
4.320924001412061455e-01, 1.220577903031142691e-01, 9.743086467936895589e-02, 3.484189448763105879e-01
4.320794380590601835e-01, 1.220715333629451282e-01, 9.743794450073126057e-02, 3.484110840772633999e-01
4.320664609175532966e-01, 1.220852876799613518e-01, 9.744504190400821164e-02, 3.484032094984770844e-01
4.320534687132368545e-01, 1.220990532518545502e-01, 9.745215689719945173e-02, 3.483953211377091019e-01
4.320404614426645029e-01, 1.221128300763084651e-01, 9.745928948830337446e-02, 3.483874189927236298e-01
4.320274391023923299e-01, 1.221266181509987753e-01, 9.746643968531712443e-02, 3.483795030612917842e-01
4.320144016889786998e-01, 1.221404174735933046e-01, 9.747360749623652787e-02, 3.483715733411915649e-01
4.320013491989844190e-01, 1.221542280417517307e-01, 9.748079292905607873e-02, 3.483636298302077994e-01
4.319882816289724592e-01, 1.221680498531259457e-01, 9.748799599176904973e-02, 3.483556725261325315e-01
4.319751989755084010e-01, 1.221818829053596955e-01, 9.749521669236742294e-02, 3.483477014267645777e-01
4.319621012351599343e-01, 1.221957271960887881e-01, 9.750245503884190368e-02, 3.483397165299093601e-01
4.319489884044974692e-01, 1.222095827229411208e-01, 9.750971103918182337e-02, 3.483317178333795727e-01
4.319358604800931922e-01, 1.222234494835365282e-01, 9.751698470137540320e-02, 3.483237053349949597e-01
4.319227174585221207e-01, 1.222373274754869205e-01, 9.752427603340942108e-02, 3.483156790325815932e-01
4.319095593363614927e-01, 1.222512166963961588e-01, 9.753158504326944755e-02, 3.483076389239728732e-01
4.318963861101909329e-01, 1.222651171438601664e-01, 9.753891173893976252e-02, 3.482995850070090271e-01
4.318831977765924535e-01, 1.222790288154669003e-01, 9.754625612840343851e-02, 3.482915172795372216e-01
4.318699943321501755e-01, 1.222929517087963380e-01, 9.755361821964213254e-02, 3.482834357394113955e-01
4.318567757734508850e-01, 1.223068858214203664e-01, 9.756099802063634974e-02, 3.482753403844924822e-01
4.318435420970835326e-01, 1.223208311509031143e-01, 9.756839553936513809e-02, 3.482672312126482428e-01
4.318302932996396226e-01, 1.223347876948004676e-01, 9.757581078380657413e-02, 3.482591082217533218e-01
4.318170293777129909e-01, 1.223487554506604846e-01, 9.758324376193716621e-02, 3.482509714096892472e-01
4.318037503278997491e-01, 1.223627344160233138e-01, 9.759069448173232630e-02, 3.482428207743446524e-01
4.317904561467982294e-01, 1.223767245884209154e-01, 9.759816295116606477e-02, 3.482346563136147766e-01
4.317771468310094840e-01, 1.223907259653773810e-01, 9.760564917821125397e-02, 3.482264780254017977e-01
4.317638223771367856e-01, 1.224047385444088504e-01, 9.761315317083936460e-02, 3.482182859076148884e-01
4.317504827817858493e-01, 1.224187623230235111e-01, 9.762067493702067389e-02, 3.482100799581701600e-01
4.317371280415642776e-01, 1.224327972987213770e-01, 9.762821448472416841e-02, 3.482018601749902187e-01
4.317237581530828372e-01, 1.224468434689946761e-01, 9.763577182191755799e-02, 3.481936265560049426e-01
4.317103731129541266e-01, 1.224609008313275738e-01, 9.764334695656730345e-02, 3.481853790991510378e-01
4.316969729177934090e-01, 1.224749693831962138e-01, 9.765093989663851948e-02, 3.481771178023719271e-01
4.316835575642179457e-01, 1.224890491220688715e-01, 9.765855065009519664e-02, 3.481688426636180278e-01
4.316701270488479403e-01, 1.225031400454057590e-01, 9.766617922489988224e-02, 3.481605536808464740e-01
4.316566813683053172e-01, 1.225172421506590809e-01, 9.767382562901399945e-02, 3.481522508520215053e-01
4.316432205192152205e-01, 1.225313554352731732e-01, 9.768148987039765307e-02, 3.481439341751140781e-01
4.316297444982042375e-01, 1.225454798966842535e-01, 9.768917195700964340e-02, 3.481356036481018101e-01
4.316162533019020087e-01, 1.225596155323206704e-01, 9.769687189680753558e-02, 3.481272592689697021e-01
4.316027469269404504e-01, 1.225737623396027653e-01, 9.770458969774763192e-02, 3.481189010357091385e-01
4.315892253699535885e-01, 1.225879203159427749e-01, 9.771232536778498567e-02, 3.481105289463187202e-01
4.315756886275780579e-01, 1.226020894587451088e-01, 9.772007891487334563e-02, 3.481021429988034877e-01
4.315621366964529360e-01, 1.226162697654060996e-01, 9.772785034696521156e-02, 3.480937431911757529e-01
4.315485695732194649e-01, 1.226304612333141697e-01, 9.773563967201179259e-02, 3.480853295214545451e-01
4.315349872545216625e-01, 1.226446638598497341e-01, 9.774344689796313213e-02, 3.480769019876655546e-01
4.315213897370053786e-01, 1.226588776423852001e-01, 9.775127203276785803e-02, 3.480684605878416327e-01
4.315077770173195160e-01, 1.226731025782849399e-01, 9.775911508437339081e-02, 3.480600053200221811e-01
4.314941490921148648e-01, 1.226873386649054293e-01, 9.776697606072605462e-02, 3.480515361822536513e-01
4.314805059580447688e-01, 1.227015858995951780e-01, 9.777485496977063317e-02, 3.480430531725893784e-01
4.314668476117652363e-01, 1.227158442796946608e-01, 9.778275181945084160e-02, 3.480345562890893585e-01
4.314531740499342183e-01, 1.227301138025363586e-01, 9.779066661770906277e-02, 3.480260455298204159e-01
4.314394852692123861e-01, 1.227443944654448005e-01, 9.779859937248648605e-02, 3.480175208928563135e-01
4.314257812662626868e-01, 1.227586862657364802e-01, 9.780655009172284364e-02, 3.480089823762779200e-01
4.314120620377506765e-01, 1.227729892007199813e-01, 9.781451878335691019e-02, 3.480004299781724875e-01
4.313983275803437989e-01, 1.227873032676958798e-01, 9.782250545532583663e-02, 3.479918636966343182e-01
4.313845778907127171e-01, 1.228016284639567163e-01, 9.783051011556594123e-02, 3.479832835297646532e-01
4.313708129655297596e-01, 1.228159647867871351e-01, 9.783853277201189080e-02, 3.479746894756711728e-01
4.313570328014700306e-01, 1.228303122334636621e-01, 9.784657343259733908e-02, 3.479660815324689405e-01
4.313432373952111321e-01, 1.228446708012549959e-01, 9.785463210525452427e-02, 3.479574596982792367e-01
4.313294267434328311e-01, 1.228590404874217862e-01, 9.786270879791456045e-02, 3.479488239712308362e-01
4.313156008428172816e-01, 1.228734212892166611e-01, 9.787080351850721560e-02, 3.479401743494588417e-01
4.313017596900495243e-01, 1.228878132038843107e-01, 9.787891627496099478e-02, 3.479315108311051841e-01
4.312879032818163205e-01, 1.229022162286613623e-01, 9.788704707520322346e-02, 3.479228334143189549e-01
4.312740316148074848e-01, 1.229166303607765881e-01, 9.789519592715990870e-02, 3.479141420972560184e-01
4.312601446857150522e-01, 1.229310555974506558e-01, 9.790336283875580858e-02, 3.479054368780784556e-01
4.312462424912332226e-01, 1.229454919358963227e-01, 9.791154781791440442e-02, 3.478967177549560641e-01
4.312323250280588605e-01, 1.229599393733183388e-01, 9.791975087255795629e-02, 3.478879847260647473e-01
4.312183922928914392e-01, 1.229743979069134463e-01, 9.792797201060743362e-02, 3.478792377895877364e-01
4.312044442824323198e-01, 1.229888675338704218e-01, 9.793621123998261235e-02, 3.478704769437146460e-01
4.311904809933859162e-01, 1.230033482513700760e-01, 9.794446856860190842e-02, 3.478617021866421410e-01
4.311765024224586962e-01, 1.230178400565851426e-01, 9.795274400438253037e-02, 3.478529135165736030e-01
4.311625085663595147e-01, 1.230323429466805424e-01, 9.796103755524052104e-02, 3.478441109317192970e-01
4.311484994218001132e-01, 1.230468569188130495e-01, 9.796934922909053545e-02, 3.478352944302963712e-01
4.311344749854940650e-01, 1.230613819701314726e-01, 9.797767903384599353e-02, 3.478264640105284133e-01
4.311204352541579410e-01, 1.230759180977767375e-01, 9.798602697741914946e-02, 3.478176196706462275e-01
4.311063802245101995e-01, 1.230904652988816517e-01, 9.799439306772086966e-02, 3.478087614088872237e-01
4.310923098932721853e-01, 1.231050235705711121e-01, 9.800277731266085479e-02, 3.477998892234957506e-01
4.310782242571676859e-01, 1.231195929099620778e-01, 9.801117972014754265e-02, 3.477910031127228185e-01
4.310641233129225980e-01, 1.231341733141633754e-01, 9.801960029808809427e-02, 3.477821030748259323e-01
4.310500070572653719e-01, 1.231487647802759350e-01, 9.802803905438842169e-02, 3.477731891080701465e-01
4.310358754869272335e-01, 1.231633673053927625e-01, 9.803649599695317407e-02, 3.477642612107267328e-01
4.310217285986416291e-01, 1.231779808865987452e-01, 9.804497113368577932e-02, 3.477553193810737908e-01
4.310075663891443365e-01, 1.231926055209709020e-01, 9.805346447248834696e-02, 3.477463636173964701e-01
4.309933888551736314e-01, 1.232072412055781191e-01, 9.806197602126176527e-02, 3.477373939179865814e-01
4.309791959934703987e-01, 1.232218879374814419e-01, 9.807050578790570128e-02, 3.477284102811425415e-01
4.309649878007779100e-01, 1.232365457137338388e-01, 9.807905378031844812e-02, 3.477194127051697614e-01
4.309507642738418243e-01, 1.232512145313803403e-01, 9.808762000639727197e-02, 3.477104011883805357e-01
4.309365254094104092e-01, 1.232658943874579555e-01, 9.809620447403791244e-02, 3.477013757290937090e-01
4.309222712042343195e-01, 1.232805852789957274e-01, 9.810480719113502668e-02, 3.476923363256348987e-01
4.309080016550667080e-01, 1.232952872030146640e-01, 9.811342816558196733e-02, 3.476832829763367716e-01
4.308937167586628925e-01, 1.233100001565278631e-01, 9.812206740527085191e-02, 3.476742156795383232e-01
4.308794165117812436e-01, 1.233247241365403452e-01, 9.813072491809247955e-02, 3.476651344335858762e-01
4.308651009111821306e-01, 1.233394591400492346e-01, 9.813940071193652526e-02, 3.476560392368320818e-01
4.308507699536285318e-01, 1.233542051640436343e-01, 9.814809479469122078e-02, 3.476469300876366408e-01
4.308364236358860344e-01, 1.233689622055045565e-01, 9.815680717424370150e-02, 3.476378069843656937e-01
4.308220619547224461e-01, 1.233837302614051862e-01, 9.816553785847978442e-02, 3.476286699253925416e-01
4.308076849069082392e-01, 1.233985093287106455e-01, 9.817428685528400978e-02, 3.476195189090972582e-01
4.307932924892162174e-01, 1.234132994043779658e-01, 9.818305417253968270e-02, 3.476103539338660786e-01
4.307788846984220155e-01, 1.234281004853563929e-01, 9.819183981812890094e-02, 3.476011749980926768e-01
4.307644615313032666e-01, 1.234429125685870265e-01, 9.820064379993244386e-02, 3.475919821001772769e-01
4.307500229846403794e-01, 1.234577356510030838e-01, 9.820946612582981405e-02, 3.475827752385267644e-01
4.307355690552162608e-01, 1.234725697295296631e-01, 9.821830680369933453e-02, 3.475735544115547415e-01
4.307210997398160934e-01, 1.234874148010839390e-01, 9.822716584141803764e-02, 3.475643196176818606e-01
4.307066150352278355e-01, 1.235022708625751753e-01, 9.823604324686165123e-02, 3.475550708553353241e-01
4.306921149382418323e-01, 1.235171379109044898e-01, 9.824493902790470967e-02, 3.475458081229489959e-01
4.306775994456506496e-01, 1.235320159429651315e-01, 9.825385319242047055e-02, 3.475365314189637345e-01
4.306630685542496839e-01, 1.235469049556423282e-01, 9.826278574828090084e-02, 3.475272407418269482e-01
4.306485222608368302e-01, 1.235618049458132583e-01, 9.827173670335680178e-02, 3.475179360899929848e-01
4.306339605622123146e-01, 1.235767159103471763e-01, 9.828070606551761457e-02, 3.475086174619226864e-01
4.306193834551791388e-01, 1.235916378461053566e-01, 9.828969384263155917e-02, 3.474992848560838898e-01
4.306047909365422477e-01, 1.236065707499409833e-01, 9.829870004256560656e-02, 3.474899382709510931e-01
4.305901830031096944e-01, 1.236215146186993574e-01, 9.830772467318545094e-02, 3.474805777050055666e-01
4.305755596516915862e-01, 1.236364694492176897e-01, 9.831676774235556526e-02, 3.474712031567350201e-01
4.305609208791010278e-01, 1.236514352383253357e-01, 9.832582925793909023e-02, 3.474618146246344907e-01
4.305462666821531226e-01, 1.236664119828435049e-01, 9.833490922779802856e-02, 3.474524121072052885e-01
4.305315970576658602e-01, 1.236813996795855380e-01, 9.834400765979295356e-02, 3.474429956029556066e-01
4.305169120024593954e-01, 1.236963983253566851e-01, 9.835312456178334217e-02, 3.474335651104004663e-01
4.305022115133568805e-01, 1.237114079169542441e-01, 9.836225994162733910e-02, 3.474241206280616057e-01
4.304874955871835773e-01, 1.237264284511675749e-01, 9.837141380718177064e-02, 3.474146621544670910e-01
4.304727642207674121e-01, 1.237414599247779190e-01, 9.838058616630232511e-02, 3.474051896881523716e-01
4.304580174109386426e-01, 1.237565023345586490e-01, 9.838977702684333082e-02, 3.473957032276593360e-01
4.304432551545306906e-01, 1.237715556772750747e-01, 9.839898639665788094e-02, 3.473862027715363676e-01
4.304284774483785880e-01, 1.237866199496845399e-01, 9.840821428359784739e-02, 3.473766883183389553e-01
4.304136842893206416e-01, 1.238016951485363809e-01, 9.841746069551379761e-02, 3.473671598666291382e-01
4.303988756741972677e-01, 1.238167812705718990e-01, 9.842672564025503612e-02, 3.473576174149756723e-01
4.303840515998517136e-01, 1.238318783125245126e-01, 9.843600912566961847e-02, 3.473480609619541415e-01
4.303692120631294471e-01, 1.238469862711195635e-01, 9.844531115960435119e-02, 3.473384905061467354e-01
4.303543570608784896e-01, 1.238621051430743303e-01, 9.845463174990469468e-02, 3.473289060461423605e-01
4.303394865899498600e-01, 1.238772349250983201e-01, 9.846397090441498523e-02, 3.473193075805368624e-01
4.303246006471966867e-01, 1.238923756138927551e-01, 9.847332863097811584e-02, 3.473096951079324701e-01
4.303096992294746514e-01, 1.239075272061511412e-01, 9.848270493743586929e-02, 3.473000686269384074e-01
4.302947823336421562e-01, 1.239226896985587689e-01, 9.849209983162873772e-02, 3.472904281361703371e-01
4.302798499565600454e-01, 1.239378630877930321e-01, 9.850151332139586713e-02, 3.472807736342509721e-01
4.302649020950918279e-01, 1.239530473705233588e-01, 9.851094541457519616e-02, 3.472711051198096865e-01
4.302499387461033997e-01, 1.239682425434111002e-01, 9.852039611900341443e-02, 3.472614225914820163e-01
4.302349599064632657e-01, 1.239834486031096972e-01, 9.852986544251586543e-02, 3.472517260479112133e-01
4.302199655730425398e-01, 1.239986655462644860e-01, 9.853935339294667139e-02, 3.472420154877464138e-01
4.302049557427148341e-01, 1.240138933695128926e-01, 9.854885997812871945e-02, 3.472322909096435262e-01
4.301899304123563694e-01, 1.240291320694844046e-01, 9.855838520589359220e-02, 3.472225523122655089e-01
4.301748895788458649e-01, 1.240443816428002805e-01, 9.856792908407162324e-02, 3.472127996942820927e-01
4.301598332390649260e-01, 1.240596420860740068e-01, 9.857749162049175840e-02, 3.472030330543691701e-01
4.301447613898972122e-01, 1.240749133959110490e-01, 9.858707282298188879e-02, 3.471932523912099056e-01
4.301296740282289921e-01, 1.240901955689087816e-01, 9.859667269936842060e-02, 3.471834577034937919e-01
4.301145711509495873e-01, 1.241054886016565439e-01, 9.860629125747664980e-02, 3.471736489899172051e-01
4.300994527549504842e-01, 1.241207924907358484e-01, 9.861592850513045683e-02, 3.471638262491831828e-01
4.300843188371258896e-01, 1.241361072327201165e-01, 9.862558445015263964e-02, 3.471539894800013681e-01
4.300691693943723970e-01, 1.241514328241746928e-01, 9.863525910036446964e-02, 3.471441386810883434e-01
4.300540044235897086e-01, 1.241667692616570812e-01, 9.864495246358617742e-02, 3.471342738511670190e-01
4.300388239216794140e-01, 1.241821165417166944e-01, 9.865466454763657800e-02, 3.471243949889673552e-01
4.300236278855461558e-01, 1.241974746608949381e-01, 9.866439536033325131e-02, 3.471145020932256964e-01
4.300084163120969638e-01, 1.242128436157252241e-01, 9.867414490949252825e-02, 3.471045951626852699e-01
4.299931891982414767e-01, 1.242282234027329985e-01, 9.868391320292936586e-02, 3.470946741960961313e-01
4.299779465408920531e-01, 1.242436140184357135e-01, 9.869370024845759704e-02, 3.470847391922146641e-01
4.299626883369634944e-01, 1.242590154593427587e-01, 9.870350605388968079e-02, 3.470747901498041355e-01
4.299474145833732663e-01, 1.242744277219555854e-01, 9.871333062703671613e-02, 3.470648270676345848e-01
4.299321252770412216e-01, 1.242898508027675541e-01, 9.872317397570869180e-02, 3.470548499444824353e-01
4.299168204148902661e-01, 1.243052846982642262e-01, 9.873303610771422267e-02, 3.470448587791311046e-01
4.299014999938456372e-01, 1.243207294049229056e-01, 9.874291703086066074e-02, 3.470348535703707826e-01
4.298861640108349036e-01, 1.243361849192130414e-01, 9.875281675295406736e-02, 3.470248343169978211e-01
4.298708124627889093e-01, 1.243516512375961169e-01, 9.876273528179919936e-02, 3.470148010178157882e-01
4.298554453466404413e-01, 1.243671283565255109e-01, 9.877267262519956459e-02, 3.470047536716345249e-01
4.298400626593251173e-01, 1.243826162724466639e-01, 9.878262879095740800e-02, 3.469946922772707554e-01
4.298246643977814418e-01, 1.243981149817969672e-01, 9.879260378687360067e-02, 3.469846168335479764e-01
4.298092505589501955e-01, 1.244136244810058467e-01, 9.880259762074780627e-02, 3.469745273392961238e-01
4.297938211397749342e-01, 1.244291447664947203e-01, 9.881261030037837012e-02, 3.469644237933519060e-01
4.297783761372016564e-01, 1.244446758346770127e-01, 9.882264183356240239e-02, 3.469543061945589701e-01
4.297629155481793584e-01, 1.244602176819581268e-01, 9.883269222809561161e-02, 3.469441745417668477e-01
4.297474393696592010e-01, 1.244757703047355141e-01, 9.884276149177252668e-02, 3.469340288338328415e-01
4.297319475985951764e-01, 1.244913336993984238e-01, 9.885284963238630263e-02, 3.469238690696199723e-01
4.297164402319441634e-01, 1.245069078623284309e-01, 9.886295665772887320e-02, 3.469136952479983660e-01
4.297009172666652610e-01, 1.245224927898988670e-01, 9.887308257559086766e-02, 3.469035073678449765e-01
4.296853786997203439e-01, 1.245380884784751535e-01, 9.888322739376156911e-02, 3.468933054280428641e-01
4.296698245280740069e-01, 1.245536949244146208e-01, 9.889339112002901166e-02, 3.468830894274824161e-01
4.296542547486933983e-01, 1.245693121240667028e-01, 9.890357376217996654e-02, 3.468728593650599601e-01
4.296386693585482752e-01, 1.245849400737727430e-01, 9.891377532799976169e-02, 3.468626152396791507e-01
4.296230683546112816e-01, 1.246005787698661604e-01, 9.892399582527264257e-02, 3.468523570502499709e-01
4.296074517338572818e-01, 1.246162282086723389e-01, 9.893423526178142524e-02, 3.468420847956890096e-01
4.295918194932641376e-01, 1.246318883865086269e-01, 9.894449364530759350e-02, 3.468317984749197391e-01
4.295761716298122646e-01, 1.246475592996843379e-01, 9.895477098363142376e-02, 3.468214980868720154e-01
4.295605081404845760e-01, 1.246632409445008749e-01, 9.896506728453187407e-02, 3.468111836304826334e-01
4.295448290222670940e-01, 1.246789333172515779e-01, 9.897538255578658406e-02, 3.468008551046947718e-01
4.295291342721478389e-01, 1.246946364142217795e-01, 9.898571680517184723e-02, 3.467905125084585483e-01
4.295134238871178844e-01, 1.247103502316888740e-01, 9.899607004046268033e-02, 3.467801558407304641e-01
4.294976978641712462e-01, 1.247260747659221791e-01, 9.900644226943290660e-02, 3.467697851004737375e-01
4.294819562003038826e-01, 1.247418100131830188e-01, 9.901683349985490601e-02, 3.467594002866583036e-01
4.294661988925149165e-01, 1.247575559697246400e-01, 9.902724373949972625e-02, 3.467490013982607588e-01
4.294504259378061350e-01, 1.247733126317924351e-01, 9.903767299613726316e-02, 3.467385884342641944e-01
4.294346373331817679e-01, 1.247890799956236363e-01, 9.904812127753594153e-02, 3.467281613936585849e-01
4.294188330756489869e-01, 1.248048580574476624e-01, 9.905858859146303430e-02, 3.467177202754402887e-01
4.294030131622174618e-01, 1.248206468134857028e-01, 9.906907494568435724e-02, 3.467072650786126031e-01
4.293871775898994159e-01, 1.248364462599510505e-01, 9.907958034796444935e-02, 3.466967958021850982e-01
4.293713263557101256e-01, 1.248522563930490464e-01, 9.909010480606667004e-02, 3.466863124451741163e-01
4.293554594566673654e-01, 1.248680772089768853e-01, 9.910064832775285215e-02, 3.466758150066029942e-01
4.293395768897913523e-01, 1.248839087039238377e-01, 9.911121092078366279e-02, 3.466653034855011750e-01
4.293236786521053561e-01, 1.248997508740711526e-01, 9.912179259291843680e-02, 3.466547778809049296e-01
4.293077647406352559e-01, 1.249156037155921412e-01, 9.913239335191512125e-02, 3.466442381918574678e-01
4.292918351524095399e-01, 1.249314672246519820e-01, 9.914301320553040031e-02, 3.466336844174081055e-01
4.292758898844593607e-01, 1.249473413974078601e-01, 9.915365216151959815e-02, 3.466231165566132089e-01
4.292599289338187574e-01, 1.249632262300090085e-01, 9.916431022763677605e-02, 3.466125346085355274e-01
4.292439522975242117e-01, 1.249791217185966669e-01, 9.917498741163466303e-02, 3.466019385722445834e-01
4.292279599726149808e-01, 1.249950278593039976e-01, 9.918568372126460031e-02, 3.465913284468164490e-01
4.292119519561333196e-01, 1.250109446482561837e-01, 9.919639916427663850e-02, 3.465807042313338582e-01
4.291959282451239255e-01, 1.250268720815704004e-01, 9.920713374841956533e-02, 3.465700659248861504e-01
4.291798888366339937e-01, 1.250428101553557603e-01, 9.921788748144071135e-02, 3.465594135265693820e-01
4.291638337277140502e-01, 1.250587588657135207e-01, 9.922866037108625525e-02, 3.465487470354862154e-01
4.291477629154168971e-01, 1.250747182087367237e-01, 9.923945242510086306e-02, 3.465380664507455855e-01
4.291316763967977788e-01, 1.250906881805105286e-01, 9.925026365122793792e-02, 3.465273717714635882e-01
4.291155741689155478e-01, 1.251066687771121011e-01, 9.926109405720966172e-02, 3.465166629967627032e-01
4.290994562288310554e-01, 1.251226599946104745e-01, 9.927194365078671756e-02, 3.465059401257717941e-01
4.290833225736079282e-01, 1.251386618290667163e-01, 9.928281243969852565e-02, 3.464952031576268299e-01
4.290671732003128458e-01, 1.251546742765339837e-01, 9.929370043168313231e-02, 3.464844520914699966e-01
4.290510081060150971e-01, 1.251706973330573291e-01, 9.930460763447737649e-02, 3.464736869264502528e-01
4.290348272877866354e-01, 1.251867309946737561e-01, 9.931553405581658445e-02, 3.464629076617230519e-01
4.290186307427020229e-01, 1.252027752574123021e-01, 9.932647970343486121e-02, 3.464521142964508416e-01
4.290024184678388197e-01, 1.252188301172940388e-01, 9.933744458506488240e-02, 3.464413068298021758e-01
4.289861904602773057e-01, 1.252348955703319611e-01, 9.934842870843811624e-02, 3.464304852609526031e-01
4.289699467171005365e-01, 1.252509716125310701e-01, 9.935943208128451831e-02, 3.464196495890838889e-01
4.289536872353940100e-01, 1.252670582398884014e-01, 9.937045471133279517e-02, 3.464087998133847934e-01
4.289374120122462775e-01, 1.252831554483928023e-01, 9.938149660631030724e-02, 3.463979359330506269e-01
4.289211210447484435e-01, 1.252992632340253210e-01, 9.939255777394305491e-02, 3.463870579472831390e-01
4.289048143299947213e-01, 1.253153815927589010e-01, 9.940363822195566468e-02, 3.463761658552906852e-01
4.288884918650816558e-01, 1.253315105205584645e-01, 9.941473795807145852e-02, 3.463652596562885044e-01
4.288721536471088447e-01, 1.253476500133808291e-01, 9.942585699001237065e-02, 3.463543393494979417e-01
4.288557996731784394e-01, 1.253638000671750130e-01, 9.943699532549900300e-02, 3.463434049341476140e-01
4.288394299403955334e-01, 1.253799606778818465e-01, 9.944815297225054196e-02, 3.463324564094721336e-01
4.288230444458679402e-01, 1.253961318414341664e-01, 9.945932993798486943e-02, 3.463214937747129407e-01
4.288066431867063044e-01, 1.254123135537568712e-01, 9.947052623041860442e-02, 3.463105170291182477e-01
4.287902261600238796e-01, 1.254285058107667827e-01, 9.948174185726679775e-02, 3.462995261719425955e-01
4.287737933629368614e-01, 1.254447086083726737e-01, 9.949297682624326511e-02, 3.462885212024471859e-01
4.287573447925641101e-01, 1.254609219424753785e-01, 9.950423114506048994e-02, 3.462775021198999381e-01
4.287408804460274836e-01, 1.254771458089677383e-01, 9.951550482142948462e-02, 3.462664689235753213e-01
4.287244003204512821e-01, 1.254933802037343782e-01, 9.952679786306002641e-02, 3.462554216127544104e-01
4.287079044129628591e-01, 1.255096251226521242e-01, 9.953811027766032438e-02, 3.462443601867246645e-01
4.286913927206922881e-01, 1.255258805615896978e-01, 9.954944207293750513e-02, 3.462332846447803703e-01
4.286748652407726401e-01, 1.255421465164078543e-01, 9.956079325659704382e-02, 3.462221949862224757e-01
4.286583219703394287e-01, 1.255584229829591614e-01, 9.957216383634324985e-02, 3.462110912103582017e-01
4.286417629065308876e-01, 1.255747099570884151e-01, 9.958355381987890609e-02, 3.461999733165017079e-01
4.286251880464888586e-01, 1.255910074346322514e-01, 9.959496321490554638e-02, 3.461888413039734824e-01
4.286085973873568489e-01, 1.256073154114192292e-01, 9.960639202912323353e-02, 3.461776951721006190e-01
4.285919909262821403e-01, 1.256236338832700250e-01, 9.961784027023067034e-02, 3.461665349202170394e-01
4.285753686604144574e-01, 1.256399628459972662e-01, 9.962930794592529671e-02, 3.461553605476629381e-01
4.285587305869060226e-01, 1.256563022954055031e-01, 9.964079506390297047e-02, 3.461441720537853928e-01
4.285420767029126110e-01, 1.256726522272912372e-01, 9.965230163185828660e-02, 3.461329694379379207e-01
4.285254070055920517e-01, 1.256890126374430872e-01, 9.966382765748443839e-02, 3.461217526994804783e-01
4.285087214921054488e-01, 1.257053835216415116e-01, 9.967537314847327301e-02, 3.461105218377797388e-01
4.284920201596167377e-01, 1.257217648756590589e-01, 9.968693811251518044e-02, 3.460992768522090923e-01
4.284753030052924627e-01, 1.257381566952601171e-01, 9.969852255729913515e-02, 3.460880177421481463e-01
4.284585700263022767e-01, 1.257545589762012472e-01, 9.971012649051287646e-02, 3.460767445069836135e-01
4.284418212198183307e-01, 1.257709717142307670e-01, 9.972174991984250614e-02, 3.460654571461082574e-01
4.284250565830160506e-01, 1.257873949050892504e-01, 9.973339285297305734e-02, 3.460541556589217249e-01
4.284082761130731387e-01, 1.258038285445089166e-01, 9.974505529758775912e-02, 3.460428400448301578e-01
4.283914798071706276e-01, 1.258202726282142692e-01, 9.975673726136881359e-02, 3.460315103032463036e-01
4.283746676624923810e-01, 1.258367271519215957e-01, 9.976843875199688239e-02, 3.460201664335892935e-01
4.283578396762245943e-01, 1.258531921113391627e-01, 9.978015977715105900e-02, 3.460088084352851423e-01
4.283409958455569599e-01, 1.258696675021673539e-01, 9.979190034450935443e-02, 3.459974363077663040e-01
4.283241361676817238e-01, 1.258861533200984484e-01, 9.980366046174811434e-02, 3.459860500504716718e-01
4.283072606397940740e-01, 1.259026495608166762e-01, 9.981544013654235215e-02, 3.459746496628469115e-01
4.282903692590918632e-01, 1.259191562199981629e-01, 9.982723937656572122e-02, 3.459632351443441278e-01
4.282734620227761080e-01, 1.259356732933113454e-01, 9.983905818949043165e-02, 3.459518064944220317e-01
4.282565389280504342e-01, 1.259522007764161677e-01, 9.985089658298729187e-02, 3.459403637125459952e-01
4.282395999721217428e-01, 1.259687386649649410e-01, 9.986275456472566703e-02, 3.459289067981877741e-01
4.282226451521990995e-01, 1.259852869546017884e-01, 9.987463214237347897e-02, 3.459174357508256192e-01
4.282056744654951230e-01, 1.260018456409627563e-01, 9.988652932359734504e-02, 3.459059505699447756e-01
4.281886879092250409e-01, 1.260184147196759530e-01, 9.989844611606235603e-02, 3.458944512550365946e-01
4.281716854806070227e-01, 1.260349941863614653e-01, 9.991038252743217329e-02, 3.458829378055992554e-01
4.281546671768620138e-01, 1.260515840366313589e-01, 9.992233856536915371e-02, 3.458714102211375985e-01
4.281376329952140125e-01, 1.260681842660895391e-01, 9.993431423753407206e-02, 3.458598685011624596e-01
4.281205829328897372e-01, 1.260847948703320842e-01, 9.994630955158638475e-02, 3.458483126451918910e-01
4.281035169871190149e-01, 1.261014158449468570e-01, 9.995832451518406325e-02, 3.458367426527499400e-01
4.280864351551344482e-01, 1.261180471855138929e-01, 9.997035913598367740e-02, 3.458251585233680370e-01
4.280693374341715263e-01, 1.261346888876050398e-01, 9.998241342164040923e-02, 3.458135602565829969e-01
4.280522238214686248e-01, 1.261513409467841795e-01, 9.999448737980784485e-02, 3.458019478519393508e-01
4.280350943142670617e-01, 1.261680033586071725e-01, 1.000065810181383075e-01, 3.457903213089874028e-01
4.280179489098113188e-01, 1.261846761186218580e-01, 1.000186943442825799e-01, 3.457786806272842850e-01
4.280007876053481541e-01, 1.262013592223679703e-01, 1.000308273658900571e-01, 3.457670258063937352e-01
4.279836103981281004e-01, 1.262180526653773616e-01, 1.000429800906086353e-01, 3.457553568458858750e-01
4.279664172854037996e-01, 1.262347564431737235e-01, 1.000551525260847813e-01, 3.457436737453375986e-01
4.279492082644315021e-01, 1.262514705512728375e-01, 1.000673446799636157e-01, 3.457319765043320725e-01
4.279319833324699007e-01, 1.262681949851822694e-01, 1.000795565598885661e-01, 3.457202651224593470e-01
4.279147424867806304e-01, 1.262849297404017856e-01, 1.000917881735019083e-01, 3.457085395993158006e-01
4.278974857246286567e-01, 1.263016748124229371e-01, 1.001040395284442247e-01, 3.456967999345042508e-01
4.278802130432814987e-01, 1.263184301967293088e-01, 1.001163106323547242e-01, 3.456850461276343989e-01
4.278629244400098952e-01, 1.263351958887966031e-01, 1.001286014928712831e-01, 3.456732781783222186e-01
4.278456199120874159e-01, 1.263519718840921957e-01, 1.001409121176300848e-01, 3.456614960861902897e-01
4.278282994567905173e-01, 1.263687581780757185e-01, 1.001532425142660082e-01, 3.456496998508677976e-01
4.278109630713984868e-01, 1.263855547661985879e-01, 1.001655926904124194e-01, 3.456378894719904227e-01
4.277936107531939980e-01, 1.264023616439043374e-01, 1.001779626537012274e-01, 3.456260649492005066e-01
4.277762424994622226e-01, 1.264191788066282573e-01, 1.001903524117628425e-01, 3.456142262821466637e-01
4.277588583074915518e-01, 1.264360062497978110e-01, 1.002027619722262730e-01, 3.456023734704843364e-01
4.277414581745734301e-01, 1.264528439688323846e-01, 1.002151913427189733e-01, 3.455905065138752952e-01
4.277240420980018554e-01, 1.264696919591432045e-01, 1.002276405308669682e-01, 3.455786254119879164e-01
4.277066100750742117e-01, 1.264865502161337252e-01, 1.002401095442948253e-01, 3.455667301644972933e-01
4.276891621030905477e-01, 1.265034187351990469e-01, 1.002525983906255580e-01, 3.455548207710847364e-01
4.276716981793543537e-01, 1.265202975117264983e-01, 1.002651070774807501e-01, 3.455428972314382730e-01
4.276542183011716736e-01, 1.265371865410952756e-01, 1.002776356124804868e-01, 3.455309595452526472e-01
4.276367224658513821e-01, 1.265540858186765261e-01, 1.002901840032433961e-01, 3.455190077122287096e-01
4.276192106707059071e-01, 1.265709953398333754e-01, 1.003027522573866209e-01, 3.455070417320741383e-01
4.276016829130502850e-01, 1.265879150999209557e-01, 1.003153403825256806e-01, 3.454950616045030509e-01
4.275841391902026056e-01, 1.266048450942863224e-01, 1.003279483862748317e-01, 3.454830673292362819e-01
4.275665794994840674e-01, 1.266217853182685371e-01, 1.003405762762466236e-01, 3.454710589060008274e-01
4.275490038382186442e-01, 1.266387357671985847e-01, 1.003532240600522041e-01, 3.454590363345305670e-01
4.275314122037335296e-01, 1.266556964363994287e-01, 1.003658917453012361e-01, 3.454469996145656530e-01
4.275138045933589703e-01, 1.266726673211860665e-01, 1.003785793396018561e-01, 3.454349487458531209e-01
4.274961810044279331e-01, 1.266896484168653081e-01, 1.003912868505606737e-01, 3.454228837281461129e-01
4.274785414342766598e-01, 1.267066397187360804e-01, 1.004040142857828138e-01, 3.454108045612044320e-01
4.274608858802442235e-01, 1.267236412220892061e-01, 1.004167616528719026e-01, 3.453987112447947649e-01
4.274432143396729167e-01, 1.267406529222074585e-01, 1.004295289594300117e-01, 3.453866037786896270e-01
4.274255268099079186e-01, 1.267576748143657006e-01, 1.004423162130577696e-01, 3.453744821626686390e-01
4.274078232882974060e-01, 1.267747068938306076e-01, 1.004551234213542088e-01, 3.453623463965176943e-01
4.273901037721928309e-01, 1.267917491558608056e-01, 1.004679505919169047e-01, 3.453501964800294033e-01
4.273723682589483652e-01, 1.268088015957070658e-01, 1.004807977323418783e-01, 3.453380324130027601e-01
4.273546167459211786e-01, 1.268258642086119159e-01, 1.004936648502235824e-01, 3.453258541952431981e-01
4.273368492304720490e-01, 1.268429369898100290e-01, 1.005065519531551238e-01, 3.453136618265628122e-01
4.273190657099641410e-01, 1.268600199345279178e-01, 1.005194590487278189e-01, 3.453014553067801362e-01
4.273012661817638946e-01, 1.268771130379841294e-01, 1.005323861445316241e-01, 3.452892346357202547e-01
4.272834506432409696e-01, 1.268942162953891062e-01, 1.005453332481549833e-01, 3.452769998132148577e-01
4.272656190917680230e-01, 1.269113297019453523e-01, 1.005583003671847026e-01, 3.452647508391019637e-01
4.272477715247203212e-01, 1.269284532528471843e-01, 1.005712875092060477e-01, 3.452524877132263637e-01
4.272299079394770160e-01, 1.269455869432810358e-01, 1.005842946818028966e-01, 3.452402104354391210e-01
4.272120283334195912e-01, 1.269627307684252360e-01, 1.005973218925573925e-01, 3.452279190055978497e-01
4.271941327039330272e-01, 1.269798847234500372e-01, 1.006103691490502217e-01, 3.452156134235667695e-01
4.271762210484050803e-01, 1.269970488035177258e-01, 1.006234364588604602e-01, 3.452032936892166504e-01
4.271582933642269486e-01, 1.270142230037826225e-01, 1.006365238295658521e-01, 3.451909598024246462e-01
4.271403496487924389e-01, 1.270314073193906934e-01, 1.006496312687422956e-01, 3.451786117630745165e-01
4.271223898994989110e-01, 1.270486017454802996e-01, 1.006627587839643012e-01, 3.451662495710566270e-01
4.271044141137465000e-01, 1.270658062771813923e-01, 1.006759063828047418e-01, 3.451538732262674491e-01
4.270864222889384498e-01, 1.270830209096160957e-01, 1.006890740728350192e-01, 3.451414827286105047e-01
4.270684144224813350e-01, 1.271002456378984569e-01, 1.007022618616248977e-01, 3.451290780779954215e-01
4.270503905117845611e-01, 1.271174804571344186e-01, 1.007154697567425594e-01, 3.451166592743385442e-01
4.270323505542608089e-01, 1.271347253624219575e-01, 1.007286977657546878e-01, 3.451042263175626568e-01
4.270142945473256457e-01, 1.271519803488510292e-01, 1.007419458962263842e-01, 3.450917792075969825e-01
4.269962224883979696e-01, 1.271692454115033732e-01, 1.007552141557211262e-01, 3.450793179443775727e-01
4.269781343748997871e-01, 1.271865205454529857e-01, 1.007685025518008509e-01, 3.450668425278464180e-01
4.269600302042561579e-01, 1.272038057457655080e-01, 1.007818110920258442e-01, 3.450543529579525037e-01
4.269419099738951395e-01, 1.272211010074987825e-01, 1.007951397839549901e-01, 3.450418492346511434e-01
4.269237736812479533e-01, 1.272384063257024356e-01, 1.008084886351453408e-01, 3.450293313579041454e-01
4.269056213237491515e-01, 1.272557216954182668e-01, 1.008218576531526300e-01, 3.450167993276798684e-01
4.268874528988363948e-01, 1.272730471116798323e-01, 1.008352468455307321e-01, 3.450042531439531657e-01
4.268692684039500085e-01, 1.272903825695127222e-01, 1.008486562198320641e-01, 3.449916928067052191e-01
4.268510678365340372e-01, 1.273077280639343944e-01, 1.008620857836075163e-01, 3.449791183159240937e-01
4.268328511940354675e-01, 1.273250835899544797e-01, 1.008755355444062585e-01, 3.449665296716040164e-01
4.268146184739041171e-01, 1.273424491425743654e-01, 1.008890055097758504e-01, 3.449539268737457087e-01
4.267963696735934676e-01, 1.273598247167875008e-01, 1.009024956872623668e-01, 3.449413099223567758e-01
4.267781047905598868e-01, 1.273772103075792861e-01, 1.009160060844102036e-01, 3.449286788174506513e-01
4.267598238222627960e-01, 1.273946059099270167e-01, 1.009295367087621048e-01, 3.449160335590480964e-01
4.267415267661650580e-01, 1.274120115188000224e-01, 1.009430875678593575e-01, 3.449033741471757009e-01
4.267232136197323666e-01, 1.274294271291594727e-01, 1.009566586692413614e-01, 3.448907005818668825e-01
4.267048843804339131e-01, 1.274468527359587100e-01, 1.009702500204462117e-01, 3.448780128631612207e-01
4.266865390457416640e-01, 1.274642883341428057e-01, 1.009838616290101299e-01, 3.448653109911054560e-01
4.266681776131311943e-01, 1.274817339186488652e-01, 1.009974935024678527e-01, 3.448525949657519907e-01
4.266498000800809653e-01, 1.274991894844060558e-01, 1.010111456483524794e-01, 3.448398647871604994e-01
4.266314064440726583e-01, 1.275166550263353848e-01, 1.010248180741954160e-01, 3.448271204553964853e-01
4.266129967025913960e-01, 1.275341305393497826e-01, 1.010385107875264588e-01, 3.448143619705324459e-01
4.265945708531249658e-01, 1.275516160183542413e-01, 1.010522237958738495e-01, 3.448015893326469850e-01
4.265761288931648187e-01, 1.275691114582456764e-01, 1.010659571067640677e-01, 3.447888025418254232e-01
4.265576708202054590e-01, 1.275866168539129264e-01, 1.010797107277220525e-01, 3.447760015981595760e-01
4.265391966317444439e-01, 1.276041322002368361e-01, 1.010934846662709941e-01, 3.447631865017476982e-01
4.265207063252827724e-01, 1.276216574920900904e-01, 1.011072789299325564e-01, 3.447503572526944837e-01
4.265021998983244966e-01, 1.276391927243375468e-01, 1.011210935262266963e-01, 3.447375138511112325e-01
4.264836773483768884e-01, 1.276567378918358198e-01, 1.011349284626716916e-01, 3.447246562971155726e-01
4.264651386729504945e-01, 1.276742929894335021e-01, 1.011487837467842099e-01, 3.447117845908318490e-01
4.264465838695589706e-01, 1.276918580119712487e-01, 1.011626593860791706e-01, 3.446988987323905129e-01
4.264280129357193583e-01, 1.277094329542815820e-01, 1.011765553880699942e-01, 3.446859987219290100e-01
4.264094258689518635e-01, 1.277270178111890864e-01, 1.011904717602683385e-01, 3.446730845595908921e-01
4.263908226667796342e-01, 1.277446125775100472e-01, 1.012044085101841268e-01, 3.446601562455262058e-01
4.263722033267295930e-01, 1.277622172480529783e-01, 1.012183656453257141e-01, 3.446472137798917701e-01
4.263535678463314937e-01, 1.277798318176182613e-01, 1.012323431731997625e-01, 3.446342571628506213e-01
4.263349162231183653e-01, 1.277974562809981729e-01, 1.012463411013112546e-01, 3.446212863945722349e-01
4.263162484546267339e-01, 1.278150906329769965e-01, 1.012603594371634663e-01, 3.446083014752329698e-01
4.262975645383960122e-01, 1.278327348683308828e-01, 1.012743981882580219e-01, 3.445953024050150693e-01
4.262788644719693321e-01, 1.278503889818282113e-01, 1.012884573620948386e-01, 3.445822891841077151e-01
4.262601482528924346e-01, 1.278680529682288680e-01, 1.013025369661721548e-01, 3.445692618127064732e-01
4.262414158787150020e-01, 1.278857268222850785e-01, 1.013166370079864598e-01, 3.445562202910134042e-01
4.262226673469894922e-01, 1.279034105387408249e-01, 1.013307574950327306e-01, 3.445431646192368969e-01
4.262039026552719156e-01, 1.279211041123321513e-01, 1.013448984348040427e-01, 3.445300947975918349e-01
4.261851218011213915e-01, 1.279388075377869971e-01, 1.013590598347918204e-01, 3.445170108262998188e-01
4.261663247821003142e-01, 1.279565208098252249e-01, 1.013732417024857946e-01, 3.445039127055886663e-01
4.261475115957744642e-01, 1.279742439231586482e-01, 1.013874440453741005e-01, 3.444908004356928011e-01
4.261286822397128415e-01, 1.279919768724911422e-01, 1.014016668709429858e-01, 3.444776740168530860e-01
4.261098367114876662e-01, 1.280097196525183667e-01, 1.014159101866770607e-01, 3.444645334493168787e-01
4.260909750086747105e-01, 1.280274722579281543e-01, 1.014301740000592561e-01, 3.444513787333379207e-01
4.260720971288525782e-01, 1.280452346834000665e-01, 1.014444583185707266e-01, 3.444382098691766703e-01
4.260532030696037031e-01, 1.280630069236057267e-01, 1.014587631496909198e-01, 3.444250268570997475e-01
4.260342928285132946e-01, 1.280807889732086258e-01, 1.014730885008975347e-01, 3.444118296973804894e-01
4.260153664031703369e-01, 1.280985808268643444e-01, 1.014874343796666467e-01, 3.443986183902986165e-01
4.259964237911670337e-01, 1.281163824792204420e-01, 1.015018007934724575e-01, 3.443853929361401778e-01
4.259774649900985311e-01, 1.281341939249161510e-01, 1.015161877497874759e-01, 3.443721533351979947e-01
4.259584899975635830e-01, 1.281520151585828771e-01, 1.015305952560824898e-01, 3.443588995877710501e-01
4.259394988111644964e-01, 1.281698461748440321e-01, 1.015450233198265939e-01, 3.443456316941649331e-01
4.259204914285063537e-01, 1.281876869683147846e-01, 1.015594719484870373e-01, 3.443323496546918938e-01
4.259014678471979565e-01, 1.282055375336023928e-01, 1.015739411495293620e-01, 3.443190534696703442e-01
4.258824280648513261e-01, 1.282233978653059825e-01, 1.015884309304173616e-01, 3.443057431394253576e-01
4.258633720790818700e-01, 1.282412679580167136e-01, 1.016029412986130948e-01, 3.442924186642883355e-01
4.258442998875082708e-01, 1.282591478063175860e-01, 1.016174722615768300e-01, 3.442790800445972854e-01
4.258252114877526529e-01, 1.282770374047836892e-01, 1.016320238267670456e-01, 3.442657272806966540e-01
4.258061068774403601e-01, 1.282949367479819802e-01, 1.016465960016405129e-01, 3.442523603729371606e-01
4.257869860542002893e-01, 1.283128458304712838e-01, 1.016611887936522407e-01, 3.442389793216762417e-01
4.257678490156643347e-01, 1.283307646468025420e-01, 1.016758022102553782e-01, 3.442255841272777173e-01
4.257486957594681654e-01, 1.283486931915185369e-01, 1.016904362589013816e-01, 3.442121747901119022e-01
4.257295262832505589e-01, 1.283666314591541124e-01, 1.017050909470398751e-01, 3.441987513105554952e-01
4.257103405846537902e-01, 1.283845794442359245e-01, 1.017197662821187343e-01, 3.441853136889915232e-01
4.256911386613233539e-01, 1.284025371412825522e-01, 1.017344622715840446e-01, 3.441718619258100076e-01
4.256719205109084081e-01, 1.284205045448047477e-01, 1.017491789228801152e-01, 3.441583960214067428e-01
4.256526861310610532e-01, 1.284384816493049919e-01, 1.017639162434493816e-01, 3.441449159761845733e-01
4.256334355194373864e-01, 1.284564684492777997e-01, 1.017786742407326001e-01, 3.441314217905522277e-01
4.256141686736960583e-01, 1.284744649392096372e-01, 1.017934529221686396e-01, 3.441179134649255400e-01
4.255948855915000495e-01, 1.284924711135788933e-01, 1.018082522951945651e-01, 3.441043909997264505e-01
4.255755862705151160e-01, 1.285104869668559913e-01, 1.018230723672456789e-01, 3.440908543953832832e-01
4.255562707084104557e-01, 1.285285124935031387e-01, 1.018379131457554654e-01, 3.440773036523308570e-01
4.255369389028590410e-01, 1.285465476879746605e-01, 1.018527746381556048e-01, 3.440637387710106521e-01
4.255175908515368977e-01, 1.285645925447167215e-01, 1.018676568518759457e-01, 3.440501597518704768e-01
4.254982265521235485e-01, 1.285826470581674652e-01, 1.018825597943444350e-01, 3.440365665953646346e-01
4.254788460023020691e-01, 1.286007112227570137e-01, 1.018974834729872714e-01, 3.440229593019537568e-01
4.254594491997588102e-01, 1.286187850329073568e-01, 1.019124278952289464e-01, 3.440093378721049699e-01
4.254400361421835641e-01, 1.286368684830325737e-01, 1.019273930684918700e-01, 3.439957023062920061e-01
4.254206068272696761e-01, 1.286549615675385005e-01, 1.019423790001967728e-01, 3.439820526049950367e-01
4.254011612527138220e-01, 1.286730642808230907e-01, 1.019573856977624982e-01, 3.439683887687005059e-01
4.253816994162161746e-01, 1.286911766172761928e-01, 1.019724131686061269e-01, 3.439547107979015195e-01
4.253622213154802378e-01, 1.287092985712795512e-01, 1.019874614201427693e-01, 3.439410186930974556e-01
4.253427269482131234e-01, 1.287274301372069440e-01, 1.020025304597857452e-01, 3.439273124547942428e-01
4.253232163121253295e-01, 1.287455713094239618e-01, 1.020176202949465288e-01, 3.439135920835041937e-01
4.253036894049306293e-01, 1.287637220822883399e-01, 1.020327309330347626e-01, 3.438998575797462820e-01
4.252841462243467374e-01, 1.287818824501495707e-01, 1.020478623814581598e-01, 3.438861089440456431e-01
4.252645867680940883e-01, 1.288000524073491526e-01, 1.020630146476226158e-01, 3.438723461769340184e-01
4.252450110338974465e-01, 1.288182319482206462e-01, 1.020781877389321524e-01, 3.438585692789497550e-01
4.252254190194844630e-01, 1.288364210670894239e-01, 1.020933816627888763e-01, 3.438447782506372508e-01
4.252058107225863970e-01, 1.288546197582728370e-01, 1.021085964265931040e-01, 3.438309730925477870e-01
4.251861861409379495e-01, 1.288728280160801321e-01, 1.021238320377431674e-01, 3.438171538052386955e-01
4.251665452722775962e-01, 1.288910458348126453e-01, 1.021390885036356083e-01, 3.438033203892741918e-01
4.251468881143468659e-01, 1.289092732087635529e-01, 1.021543658316650255e-01, 3.437894728452244308e-01
4.251272146648912287e-01, 1.289275101322180928e-01, 1.021696640292241581e-01, 3.437756111736666731e-01
4.251075249216591523e-01, 1.289457565994531762e-01, 1.021849831037038303e-01, 3.437617353751838412e-01
4.250878188824032122e-01, 1.289640126047379709e-01, 1.022003230624930065e-01, 3.437478454503658520e-01
4.250680965448788151e-01, 1.289822781423334008e-01, 1.022156839129786804e-01, 3.437339413998090620e-01
4.250483579068454754e-01, 1.290005532064924798e-01, 1.022310656625459724e-01, 3.437200232241160447e-01
4.250286029660658715e-01, 1.290188377914599782e-01, 1.022464683185781015e-01, 3.437060909238959239e-01
4.250088317203064570e-01, 1.290371318914728671e-01, 1.022618918884564271e-01, 3.436921444997642627e-01
4.249890441673368491e-01, 1.290554355007597909e-01, 1.022773363795602686e-01, 3.436781839523430637e-01
4.249692403049305511e-01, 1.290737486135415391e-01, 1.022928017992670857e-01, 3.436642092822608796e-01
4.249494201308643970e-01, 1.290920712240307411e-01, 1.023082881549524786e-01, 3.436502204901523694e-01
4.249295836429187179e-01, 1.291104033264320050e-01, 1.023237954539899935e-01, 3.436362175766591864e-01
4.249097308388777861e-01, 1.291287449149418620e-01, 1.023393237037513726e-01, 3.436222005424289239e-01
4.248898617165288716e-01, 1.291470959837489607e-01, 1.023548729116063177e-01, 3.436081693881157806e-01
4.248699762736631302e-01, 1.291654565270335953e-01, 1.023704430849226299e-01, 3.435941241143806169e-01
4.248500745080751595e-01, 1.291838265389682328e-01, 1.023860342310661670e-01, 3.435800647218904547e-01
4.248301564175631650e-01, 1.292022060137171802e-01, 1.024016463574008162e-01, 3.435659912113188108e-01
4.248102219999288498e-01, 1.292205949454367231e-01, 1.024172794712886053e-01, 3.435519035833457524e-01
4.247902712529775804e-01, 1.292389933282751813e-01, 1.024329335800894802e-01, 3.435378018386576748e-01
4.247703041745182762e-01, 1.292574011563726311e-01, 1.024486086911614996e-01, 3.435236859779475238e-01
4.247503207623635202e-01, 1.292758184238612662e-01, 1.024643048118607375e-01, 3.435095560019145733e-01
4.247303210143290042e-01, 1.292942451248650926e-01, 1.024800219495412834e-01, 3.434954119112645921e-01
4.247103049282346943e-01, 1.293126812535002057e-01, 1.024957601115553119e-01, 3.434812537067098437e-01
4.246902725019036096e-01, 1.293311268038744577e-01, 1.025115193052529572e-01, 3.434670813889688645e-01
4.246702237331627661e-01, 1.293495817700879014e-01, 1.025272995379823970e-01, 3.434528949587669078e-01
4.246501586198424549e-01, 1.293680461462322906e-01, 1.025431008170898661e-01, 3.434386944168354439e-01
4.246300771597768531e-01, 1.293865199263914134e-01, 1.025589231499194898e-01, 3.434244797639122160e-01
4.246099793508034681e-01, 1.294050031046411753e-01, 1.025747665438135753e-01, 3.434102510007419062e-01
4.245898651907634158e-01, 1.294234956750490717e-01, 1.025906310061123206e-01, 3.433960081280751919e-01
4.245697346775017533e-01, 1.294419976316748544e-01, 1.026065165441539251e-01, 3.433817511466694117e-01
4.245495878088669794e-01, 1.294605089685700872e-01, 1.026224231652746177e-01, 3.433674800572882879e-01
4.245294245827111457e-01, 1.294790296797782569e-01, 1.026383508768086150e-01, 3.433531948607019824e-01
4.245092449968899673e-01, 1.294975597593349126e-01, 1.026542996860880935e-01, 3.433388955576870405e-01
4.244890490492629342e-01, 1.295160992012674150e-01, 1.026702696004432175e-01, 3.433245821490263916e-01
4.244688367376929228e-01, 1.295346479995951317e-01, 1.026862606272022221e-01, 3.433102546355095708e-01
4.244486080600467504e-01, 1.295532061483294639e-01, 1.027022727736911639e-01, 3.432959130179326079e-01
4.244283630141945651e-01, 1.295717736414735699e-01, 1.027183060472342258e-01, 3.432815572970976947e-01
4.244081015980105120e-01, 1.295903504730227251e-01, 1.027343604551533979e-01, 3.432671874738134621e-01
4.243878238093719557e-01, 1.296089366369640172e-01, 1.027504360047687970e-01, 3.432528035488952578e-01
4.243675296461604241e-01, 1.296275321272765679e-01, 1.027665327033983056e-01, 3.432384055231647579e-01
4.243472191062608867e-01, 1.296461369379314499e-01, 1.027826505583579741e-01, 3.432239933974497448e-01
4.243268921875616995e-01, 1.296647510628916034e-01, 1.027987895769617022e-01, 3.432095671725849950e-01
4.243065488879553260e-01, 1.296833744961120305e-01, 1.028149497665212381e-01, 3.431951268494113361e-01
4.242861892053377271e-01, 1.297020072315395456e-01, 1.028311311343464846e-01, 3.431806724287761456e-01
4.242658131376088049e-01, 1.297206492631130803e-01, 1.028473336877451100e-01, 3.431662039115330187e-01
4.242454206826714591e-01, 1.297393005847632397e-01, 1.028635574340227704e-01, 3.431517212985424337e-01
4.242250118384330859e-01, 1.297579611904128849e-01, 1.028798023804830958e-01, 3.431372245906708640e-01
4.242045866028043011e-01, 1.297766310739766338e-01, 1.028960685344275650e-01, 3.431227137887915002e-01
4.241841449736994951e-01, 1.297953102293610828e-01, 1.029123559031556306e-01, 3.431081888937837499e-01
4.241636869490369444e-01, 1.298139986504648069e-01, 1.029286644939645806e-01, 3.430936499065337375e-01
4.241432125267385334e-01, 1.298326963311783044e-01, 1.029449943141497736e-01, 3.430790968279333608e-01
4.241227217047296993e-01, 1.298514032653841077e-01, 1.029613453710043203e-01, 3.430645296588820115e-01
4.241022144809397099e-01, 1.298701194469564502e-01, 1.029777176718192910e-01, 3.430499484002844657e-01
4.240816908533019958e-01, 1.298888448697617937e-01, 1.029941112238836748e-01, 3.430353530530524941e-01
4.240611508197529300e-01, 1.299075795276584400e-01, 1.030105260344843926e-01, 3.430207436181041403e-01
4.240405943782332709e-01, 1.299263234144965307e-01, 1.030269621109061035e-01, 3.430061200963641088e-01
4.240200215266868855e-01, 1.299450765241183248e-01, 1.030434194604315234e-01, 3.429914824887632108e-01
4.239994322630620815e-01, 1.299638388503579489e-01, 1.030598980903411344e-01, 3.429768307962386964e-01
4.239788265853106641e-01, 1.299826103870415084e-01, 1.030763980079134057e-01, 3.429621650197345328e-01
4.239582044913878245e-01, 1.300013911279869205e-01, 1.030929192204245032e-01, 3.429474851602007379e-01
4.239375659792530282e-01, 1.300201810670042479e-01, 1.031094617351487192e-01, 3.429327912185940463e-01
4.239169110468692381e-01, 1.300389801978953930e-01, 1.031260255593579311e-01, 3.429180831958775211e-01
4.238962396922031362e-01, 1.300577885144541812e-01, 1.031426107003220460e-01, 3.429033610930206644e-01
4.238755519132253458e-01, 1.300766060104664723e-01, 1.031592171653088613e-01, 3.428886249109992512e-01
4.238548477079103205e-01, 1.300954326797100491e-01, 1.031758449615838430e-01, 3.428738746507958290e-01
4.238341270742360112e-01, 1.301142685159545342e-01, 1.031924940964105003e-01, 3.428591103133989959e-01
4.238133900101843654e-01, 1.301331135129616401e-01, 1.032091645770500249e-01, 3.428443318998039002e-01
4.237926365137411611e-01, 1.301519676644849466e-01, 1.032258564107616100e-01, 3.428295394110123517e-01
4.237718665828955622e-01, 1.301708309642699846e-01, 1.032425696048020480e-01, 3.428147328480323219e-01
4.237510802156413958e-01, 1.301897034060543745e-01, 1.032593041664262301e-01, 3.427999122118781106e-01
4.237302774099752645e-01, 1.302085849835674103e-01, 1.032760601028867159e-01, 3.427850775035706232e-01
4.237094581638983226e-01, 1.302274756905305031e-01, 1.032928374214338724e-01, 3.427702287241372048e-01
4.236886224754153329e-01, 1.302463755206570983e-01, 1.033096361293159293e-01, 3.427553658746116394e-01
4.236677703425346664e-01, 1.302652844676524257e-01, 1.033264562337789377e-01, 3.427404889560340395e-01
4.236469017632686906e-01, 1.302842025252136104e-01, 1.033432977420667420e-01, 3.427255979694508459e-01
4.236260167356338258e-01, 1.303031296870300615e-01, 1.033601606614209661e-01, 3.427106929159151050e-01
4.236051152576498779e-01, 1.303220659467827502e-01, 1.033770449990810691e-01, 3.426957737964862472e-01
4.235841973273408168e-01, 1.303410112981448210e-01, 1.033939507622841786e-01, 3.426808406122301420e-01
4.235632629427343310e-01, 1.303599657347813134e-01, 1.034108779582654652e-01, 3.426658933642188765e-01
4.235423121018619952e-01, 1.303789292503491348e-01, 1.034278265942575742e-01, 3.426509320535313097e-01
4.235213448027592698e-01, 1.303979018384973376e-01, 1.034447966774912075e-01, 3.426359566812522961e-01
4.235003610434653343e-01, 1.304168834928667031e-01, 1.034617882151946389e-01, 3.426209672484734070e-01
4.234793608220232541e-01, 1.304358742070900190e-01, 1.034788012145939490e-01, 3.426059637562926530e-01
4.234583441364803136e-01, 1.304548739747921904e-01, 1.034958356829131093e-01, 3.425909462058143728e-01
4.234373109848871275e-01, 1.304738827895899345e-01, 1.035128916273737321e-01, 3.425759145981492892e-01
4.234162613652986407e-01, 1.304929006450918083e-01, 1.035299690551951951e-01, 3.425608689344144531e-01
4.233951952757733506e-01, 1.305119275348984864e-01, 1.035470679735946420e-01, 3.425458092157335765e-01
4.233741127143737515e-01, 1.305309634526025664e-01, 1.035641883897869542e-01, 3.425307354432366447e-01
4.233530136791665011e-01, 1.305500083917885967e-01, 1.035813303109848205e-01, 3.425156476180600817e-01
4.233318981682216986e-01, 1.305690623460330491e-01, 1.035984937443985426e-01, 3.425005457413466403e-01
4.233107661796136068e-01, 1.305881253089043459e-01, 1.036156786972362714e-01, 3.424854298142457898e-01
4.232896177114203740e-01, 1.306071972739627773e-01, 1.036328851767037984e-01, 3.424702998379129948e-01
4.232684527617239789e-01, 1.306262782347608065e-01, 1.036501131900046807e-01, 3.424551558135104368e-01
4.232472713286105637e-01, 1.306453681848426251e-01, 1.036673627443401996e-01, 3.424399977422066255e-01
4.232260734101697675e-01, 1.306644671177445149e-01, 1.036846338469092771e-01, 3.424248256251763989e-01
4.232048590044954484e-01, 1.306835750269945973e-01, 1.037019265049086564e-01, 3.424096394636012564e-01
4.231836281096854613e-01, 1.307026919061131109e-01, 1.037192407255327076e-01, 3.423944392586686924e-01
4.231623807238413804e-01, 1.307218177486119681e-01, 1.037365765159734970e-01, 3.423792250115730851e-01
4.231411168450688320e-01, 1.307409525479953927e-01, 1.037539338834208430e-01, 3.423639967235149184e-01
4.231198364714772731e-01, 1.307600962977592818e-01, 1.037713128350621489e-01, 3.423487543957013379e-01
4.230985396011803790e-01, 1.307792489913915113e-01, 1.037887133780825977e-01, 3.423334980293454288e-01
4.230772262322955446e-01, 1.307984106223721299e-01, 1.038061355196650409e-01, 3.423182276256673262e-01
4.230558963629441616e-01, 1.308175811841728042e-01, 1.038235792669899571e-01, 3.423029431858931049e-01
4.230345499912516738e-01, 1.308367606702574848e-01, 1.038410446272354654e-01, 3.422876447112553899e-01
4.230131871153472445e-01, 1.308559490740818509e-01, 1.038585316075774784e-01, 3.422723322029934123e-01
4.229918077333645887e-01, 1.308751463890935884e-01, 1.038760402151894247e-01, 3.422570056623523982e-01
4.229704118434407523e-01, 1.308943526087324172e-01, 1.038935704572424568e-01, 3.422416650905843460e-01
4.229489994437170552e-01, 1.309135677264299524e-01, 1.039111223409054513e-01, 3.422263104889475827e-01
4.229275705323387036e-01, 1.309327917356096771e-01, 1.039286958733447452e-01, 3.422109418587068741e-01
4.229061251074552885e-01, 1.309520246296871637e-01, 1.039462910617244551e-01, 3.421955592011331482e-01
4.228846631672198986e-01, 1.309712664020698525e-01, 1.039639079132063243e-01, 3.421801625175039385e-01
4.228631847097897301e-01, 1.309905170461572177e-01, 1.039815464349496260e-01, 3.421647518091033846e-01
4.228416897333263091e-01, 1.310097765553406013e-01, 1.039992066341113713e-01, 3.421493270772217876e-01
4.228201782359947702e-01, 1.310290449230033238e-01, 1.040168885178461150e-01, 3.421338883231556660e-01
4.227986502159646331e-01, 1.310483221425208233e-01, 1.040345920933061080e-01, 3.421184355482085326e-01
4.227771056714091369e-01, 1.310676082072601278e-01, 1.040523173676410618e-01, 3.421029687536896735e-01
4.227555446005056283e-01, 1.310869031105805493e-01, 1.040700643479985088e-01, 3.420874879409152580e-01
4.227339670014356732e-01, 1.311062068458333230e-01, 1.040878330415233727e-01, 3.420719931112076173e-01
4.227123728723847784e-01, 1.311255194063613849e-01, 1.041056234553582871e-01, 3.420564842658955218e-01
4.226907622115422813e-01, 1.311448407855000109e-01, 1.041234355966434155e-01, 3.420409614063142367e-01
4.226691350171018491e-01, 1.311641709765760666e-01, 1.041412694725165761e-01, 3.420254245338054111e-01
4.226474912872612566e-01, 1.311835099729085630e-01, 1.041591250901131166e-01, 3.420098736497170777e-01
4.226258310202218871e-01, 1.312028577678085173e-01, 1.041770024565659702e-01, 3.419943087554035976e-01
4.226041542141896201e-01, 1.312222143545787867e-01, 1.041949015790055860e-01, 3.419787298522259933e-01
4.225824608673745542e-01, 1.312415797265141792e-01, 1.042128224645600953e-01, 3.419631369415512823e-01
4.225607509779901738e-01, 1.312609538769015649e-01, 1.042307651203550484e-01, 3.419475300247532545e-01
4.225390245442546822e-01, 1.312803367990197367e-01, 1.042487295535136915e-01, 3.419319091032118618e-01
4.225172815643901125e-01, 1.312997284861393554e-01, 1.042667157711566900e-01, 3.419162741783138282e-01
4.224955220366226061e-01, 1.313191289315231713e-01, 1.042847237804023636e-01, 3.419006252514518174e-01
4.224737459591825228e-01, 1.313385381284258302e-01, 1.043027535883664508e-01, 3.418849623240253210e-01
4.224519533303038865e-01, 1.313579560700938731e-01, 1.043208052021623033e-01, 3.418692853974398260e-01
4.224301441482257169e-01, 1.313773827497659585e-01, 1.043388786289008024e-01, 3.418535944731074805e-01
4.224083184111902534e-01, 1.313968181606725572e-01, 1.043569738756903453e-01, 3.418378895524469274e-01
4.223864761174441207e-01, 1.314162622960361737e-01, 1.043750909496368312e-01, 3.418221706368829160e-01
4.223646172652382735e-01, 1.314357151490712639e-01, 1.043932298578435919e-01, 3.418064377278469124e-01
4.223427418528276078e-01, 1.314551767129841509e-01, 1.044113906074116277e-01, 3.417906908267765442e-01
4.223208498784712939e-01, 1.314746469809733587e-01, 1.044295732054393716e-01, 3.417749299351159897e-01
4.222989413404324988e-01, 1.314941259462290846e-01, 1.044477776590226614e-01, 3.417591550543156997e-01
4.222770162369784974e-01, 1.315136136019336988e-01, 1.044660039752549757e-01, 3.417433661858327310e-01
4.222550745663808947e-01, 1.315331099412614391e-01, 1.044842521612271702e-01, 3.417275633311304683e-01
4.222331163269154031e-01, 1.315526149573785220e-01, 1.045025222240276441e-01, 3.417117464916784586e-01
4.222111415168616766e-01, 1.315721286434431148e-01, 1.045208141707422017e-01, 3.416959156689529653e-01
4.221891501345038100e-01, 1.315916509926053357e-01, 1.045391280084541907e-01, 3.416800708644366358e-01
4.221671421781299505e-01, 1.316111819980073649e-01, 1.045574637442444332e-01, 3.416642120796183346e-01
4.221451176460323529e-01, 1.316307216527831947e-01, 1.045758213851910590e-01, 3.416483393159933102e-01
4.221230765365076021e-01, 1.316502699500589346e-01, 1.045942009383698523e-01, 3.416324525750635277e-01
4.221010188478564462e-01, 1.316698268829525065e-01, 1.046126024108539471e-01, 3.416165518583370586e-01
4.220789445783837412e-01, 1.316893924445739217e-01, 1.046310258097138818e-01, 3.416006371673285247e-01
4.220568537263983400e-01, 1.317089666280250593e-01, 1.046494711420176971e-01, 3.415847085035588204e-01
4.220347462902138136e-01, 1.317285494263999435e-01, 1.046679384148308800e-01, 3.415687658685553907e-01
4.220126222681473971e-01, 1.317481408327842440e-01, 1.046864276352162809e-01, 3.415528092638520086e-01
4.219904816585210994e-01, 1.317677408402559147e-01, 1.047049388102341966e-01, 3.415368386909888310e-01
4.219683244596604821e-01, 1.317873494418846658e-01, 1.047234719469423286e-01, 3.415208541515123986e-01
4.219461506698959918e-01, 1.318069666307323806e-01, 1.047420270523958669e-01, 3.415048556469758023e-01
4.219239602875617390e-01, 1.318265923998526712e-01, 1.047606041336472948e-01, 3.414888431789383505e-01
4.219017533109963858e-01, 1.318462267422912670e-01, 1.047792031977465566e-01, 3.414728167489659016e-01
4.218795297385427578e-01, 1.318658696510858208e-01, 1.047978242517409175e-01, 3.414567763586304761e-01
4.218572895685479551e-01, 1.318855211192659915e-01, 1.048164673026752286e-01, 3.414407220095108109e-01
4.218350327993632964e-01, 1.319051811398533336e-01, 1.048351323575914679e-01, 3.414246537031919160e-01
4.218127594293443750e-01, 1.319248497058614078e-01, 1.048538194235291293e-01, 3.414085714412650741e-01
4.217904694568509472e-01, 1.319445268102958368e-01, 1.048725285075250979e-01, 3.413924752253280626e-01
4.217681628802471550e-01, 1.319642124461540555e-01, 1.048912596166135525e-01, 3.413763650569852093e-01
4.217458396979013591e-01, 1.319839066064255051e-01, 1.049100127578260350e-01, 3.413602409378470592e-01
4.217234999081860836e-01, 1.320036092840917441e-01, 1.049287879381916172e-01, 3.413441028695304302e-01
4.217011435094784044e-01, 1.320233204721261711e-01, 1.049475851647364288e-01, 3.413279508536589679e-01
4.216787705001595055e-01, 1.320430401634940798e-01, 1.049664044444841432e-01, 3.413117848918623132e-01
4.216563808786147893e-01, 1.320627683511529371e-01, 1.049852457844557274e-01, 3.412956049857766017e-01
4.216339746432339330e-01, 1.320825050280519664e-01, 1.050041091916694286e-01, 3.412794111370446304e-01
4.216115517924112766e-01, 1.321022501871325361e-01, 1.050229946731409542e-01, 3.412632033473151361e-01
4.215891123245452121e-01, 1.321220038213279935e-01, 1.050419022358831944e-01, 3.412469816182436833e-01
4.215666562380382398e-01, 1.321417659235635533e-01, 1.050608318869064306e-01, 3.412307459514918317e-01
4.215441835312974117e-01, 1.321615364867563536e-01, 1.050797836332181823e-01, 3.412144963487280247e-01
4.215216942027342761e-01, 1.321813155038157050e-01, 1.050987574818233877e-01, 3.411982328116265895e-01
4.214991882507643228e-01, 1.322011029676427862e-01, 1.051177534397241681e-01, 3.411819553418687923e-01
4.214766656738074824e-01, 1.322208988711306987e-01, 1.051367715139200354e-01, 3.411656639411417280e-01
4.214541264702883483e-01, 1.322407032071645228e-01, 1.051558117114077401e-01, 3.411493586111393750e-01
4.214315706386353444e-01, 1.322605159686215115e-01, 1.051748740391812986e-01, 3.411330393535617622e-01
4.214089981772818350e-01, 1.322803371483706469e-01, 1.051939585042320352e-01, 3.411167061701155245e-01
4.213864090846649590e-01, 1.323001667392730285e-01, 1.052130651135485401e-01, 3.411003590625134585e-01
4.213638033592264631e-01, 1.323200047341816510e-01, 1.052321938741166557e-01, 3.410839980324751330e-01
4.213411809994125345e-01, 1.323398511259415988e-01, 1.052513447929195184e-01, 3.410676230817263899e-01
4.213185420036736906e-01, 1.323597059073898241e-01, 1.052705178769374611e-01, 3.410512342119990103e-01
4.212958863704648338e-01, 1.323795690713553130e-01, 1.052897131331481106e-01, 3.410348314250317703e-01
4.212732140982450302e-01, 1.323994406106590027e-01, 1.053089305685263183e-01, 3.410184147225696627e-01
4.212505251854781751e-01, 1.324193205181138366e-01, 1.053281701900441875e-01, 3.410019841063638979e-01
4.212278196306320499e-01, 1.324392087865247369e-01, 1.053474320046709489e-01, 3.409855395781722365e-01
4.212050974321790986e-01, 1.324591054086886599e-01, 1.053667160193733215e-01, 3.409690811397588783e-01
4.211823585885964838e-01, 1.324790103773943462e-01, 1.053860222411149156e-01, 3.409526087928942961e-01
4.211596030983650873e-01, 1.324989236854227648e-01, 1.054053506768568155e-01, 3.409361225393555128e-01
4.211368309599705650e-01, 1.325188453255467524e-01, 1.054247013335571082e-01, 3.409196223809256021e-01
4.211140421719032356e-01, 1.325387752905310690e-01, 1.054440742181712437e-01, 3.409031083193944656e-01
4.210912367326574146e-01, 1.325587135731326194e-01, 1.054634693376517579e-01, 3.408865803565582220e-01
4.210684146407320250e-01, 1.325786601661000930e-01, 1.054828866989484804e-01, 3.408700384942193184e-01
4.210455758946306526e-01, 1.325986150621743798e-01, 1.055023263090083263e-01, 3.408534827341866413e-01
4.210227204928609357e-01, 1.326185782540881819e-01, 1.055217881747755049e-01, 3.408369130782754053e-01
4.209998484339351199e-01, 1.326385497345662356e-01, 1.055412723031911859e-01, 3.408203295283074863e-01
4.209769597163699473e-01, 1.326585294963253114e-01, 1.055607787011939441e-01, 3.408037320861107555e-01
4.209540543386865452e-01, 1.326785175320741583e-01, 1.055803073757193983e-01, 3.407871207535199121e-01
4.209311322994107041e-01, 1.326985138345134763e-01, 1.055998583337002944e-01, 3.407704955323756502e-01
4.209081935970723221e-01, 1.327185183963359161e-01, 1.056194315820666169e-01, 3.407538564245251589e-01
4.208852382302061268e-01, 1.327385312102262183e-01, 1.056390271277453941e-01, 3.407372034318222886e-01
4.208622661973511203e-01, 1.327585522688610187e-01, 1.056586449776608788e-01, 3.407205365561269961e-01
4.208392774970509675e-01, 1.327785815649090151e-01, 1.056782851387344235e-01, 3.407038557993056216e-01
4.208162721278533858e-01, 1.327986190910308562e-01, 1.056979476178844524e-01, 3.406871611632312224e-01
4.207932500883113103e-01, 1.328186648398792247e-01, 1.057176324220265723e-01, 3.406704526497828511e-01
4.207702113769815622e-01, 1.328387188040986988e-01, 1.057373395580734760e-01, 3.406537302608461104e-01
4.207471559924257365e-01, 1.328587809763260019e-01, 1.057570690329350666e-01, 3.406369939983132644e-01
4.207240839332098692e-01, 1.328788513491896695e-01, 1.057768208535181109e-01, 3.406202438640823504e-01
4.207009951979046591e-01, 1.328989299153103820e-01, 1.057965950267266420e-01, 3.406034798600582891e-01
4.206778897850850241e-01, 1.329190166673007434e-01, 1.058163915594618337e-01, 3.405867019881523849e-01
4.206547676933308222e-01, 1.329391115977653082e-01, 1.058362104586218072e-01, 3.405699102502822151e-01
4.206316289212260195e-01, 1.329592146993007484e-01, 1.058560517311017968e-01, 3.405531046483715185e-01
4.206084734673594117e-01, 1.329793259644956316e-01, 1.058759153837941364e-01, 3.405362851843509175e-01
4.205853013303244015e-01, 1.329994453859305314e-01, 1.058958014235881623e-01, 3.405194518601569742e-01
4.205621125087185552e-01, 1.330195729561780560e-01, 1.059157098573703798e-01, 3.405026046777329118e-01
4.205389070011445463e-01, 1.330397086678028751e-01, 1.059356406920243243e-01, 3.404857436390283376e-01
4.205156848062090447e-01, 1.330598525133614429e-01, 1.059555939344304226e-01, 3.404688687459990759e-01
4.204924459225238276e-01, 1.330800044854024977e-01, 1.059755695914663259e-01, 3.404519800006073904e-01
4.204691903487047244e-01, 1.331001645764664509e-01, 1.059955676700066324e-01, 3.404350774048221506e-01
4.204459180833726162e-01, 1.331203327790860536e-01, 1.060155881769229563e-01, 3.404181609606183323e-01
4.204226291251527137e-01, 1.331405090857857298e-01, 1.060356311190839840e-01, 3.404012306699775170e-01
4.203993234726747796e-01, 1.331606934890822713e-01, 1.060556965033554455e-01, 3.403842865348875590e-01
4.203760011245734063e-01, 1.331808859814840873e-01, 1.060757843365999348e-01, 3.403673285573426410e-01
4.203526620794873492e-01, 1.332010865554918155e-01, 1.060958946256771729e-01, 3.403503567393435514e-01
4.203293063360607484e-01, 1.332212952035981279e-01, 1.061160273774438695e-01, 3.403333710828972958e-01
4.203059338929415745e-01, 1.332415119182875918e-01, 1.061361825987537089e-01, 3.403163715900170971e-01
4.202825447487826827e-01, 1.332617366920367530e-01, 1.061563602964572528e-01, 3.402993582627232283e-01
4.202591389022418134e-01, 1.332819695173143026e-01, 1.061765604774022598e-01, 3.402823311030415687e-01
4.202357163519811478e-01, 1.333022103865808827e-01, 1.061967831484332686e-01, 3.402652901130048257e-01
4.202122770966673082e-01, 1.333224592922890028e-01, 1.062170283163919177e-01, 3.402482352946519795e-01
4.201888211349716351e-01, 1.333427162268833732e-01, 1.062372959881166118e-01, 3.402311666500283382e-01
4.201653484655705206e-01, 1.333629811828006551e-01, 1.062575861704429664e-01, 3.402140841811859273e-01
4.201418590871446868e-01, 1.333832541524694326e-01, 1.062778988702033911e-01, 3.401969878901825450e-01
4.201183529983794074e-01, 1.334035351283103799e-01, 1.062982340942271731e-01, 3.401798777790830952e-01
4.200948301979647859e-01, 1.334238241027362326e-01, 1.063185918493407683e-01, 3.401627538499582548e-01
4.200712906845956440e-01, 1.334441210681516221e-01, 1.063389721423672746e-01, 3.401456161048855287e-01
4.200477344569713001e-01, 1.334644260169532415e-01, 1.063593749801269028e-01, 3.401284645459485834e-01
4.200241615137959572e-01, 1.334847389415297902e-01, 1.063798003694366862e-01, 3.401112991752374692e-01
4.200005718537784261e-01, 1.335050598342620021e-01, 1.064002483171107016e-01, 3.400941199948487870e-01
4.199769654756323467e-01, 1.335253886875226448e-01, 1.064207188299596957e-01, 3.400769270068852990e-01
4.199533423780756891e-01, 1.335457254936763816e-01, 1.064412119147915975e-01, 3.400597202134563735e-01
4.199297025598312527e-01, 1.335660702450801041e-01, 1.064617275784109501e-01, 3.400424996166776515e-01
4.199060460196272215e-01, 1.335864229340824605e-01, 1.064822658276192990e-01, 3.400252652186709912e-01
4.198823727561953878e-01, 1.336067835530242998e-01, 1.065028266692151643e-01, 3.400080170215651343e-01
4.198586827682729838e-01, 1.336271520942384772e-01, 1.065234101099937908e-01, 3.399907550274947066e-01
4.198349760546017384e-01, 1.336475285500498267e-01, 1.065440161567473426e-01, 3.399734792386009952e-01
4.198112526139285428e-01, 1.336679129127751331e-01, 1.065646448162648058e-01, 3.399561896570315600e-01
4.197875124450043405e-01, 1.336883051747232987e-01, 1.065852960953320994e-01, 3.399388862849403448e-01
4.197637555465851267e-01, 1.337087053281952320e-01, 1.066059700007318811e-01, 3.399215691244877879e-01
4.197399819174317814e-01, 1.337291133654838482e-01, 1.066266665392437557e-01, 3.399042381778406008e-01
4.197161915563100143e-01, 1.337495292788740686e-01, 1.066473857176440665e-01, 3.398868934471717118e-01
4.196923844619898647e-01, 1.337699530606429321e-01, 1.066681275427060344e-01, 3.398695349346612105e-01
4.196685606332464236e-01, 1.337903847030593174e-01, 1.066888920211997299e-01, 3.398521626424944597e-01
4.196447200688597778e-01, 1.338108241983843039e-01, 1.067096791598918654e-01, 3.398347765728639280e-01
4.196208627676143443e-01, 1.338312715388708940e-01, 1.067304889655462247e-01, 3.398173767279684676e-01
4.195969887282996469e-01, 1.338517267167641800e-01, 1.067513214449231779e-01, 3.397999631100129259e-01
4.195730979497099278e-01, 1.338721897243012882e-01, 1.067721766047800003e-01, 3.397825357212089226e-01
4.195491904306439812e-01, 1.338926605537112680e-01, 1.067930544518705949e-01, 3.397650945637740727e-01
4.195252661699060415e-01, 1.339131391972152585e-01, 1.068139549929458948e-01, 3.397476396399329301e-01
4.195013251663042286e-01, 1.339336256470264885e-01, 1.068348782347533915e-01, 3.397301709519158774e-01
4.194773674186524359e-01, 1.339541198953501377e-01, 1.068558241840374678e-01, 3.397126885019598475e-01
4.194533929257686644e-01, 1.339746219343835032e-01, 1.068767928475392315e-01, 3.396951922923085454e-01
4.194294016864762997e-01, 1.339951317563158328e-01, 1.068977842319965288e-01, 3.396776823252113942e-01
4.194053936996030019e-01, 1.340156493533283810e-01, 1.069187983441438616e-01, 3.396601586029247000e-01
4.193813689639817599e-01, 1.340361747175945473e-01, 1.069398351907126510e-01, 3.396426211277110419e-01
4.193573274784500593e-01, 1.340567078412797375e-01, 1.069608947784309594e-01, 3.396250699018391606e-01
4.193332692418504370e-01, 1.340772487165413085e-01, 1.069819771140236020e-01, 3.396075049275847357e-01
4.193091942530303151e-01, 1.340977973355287067e-01, 1.070030822042120494e-01, 3.395899262072289981e-01
4.192851025108418339e-01, 1.341183536903834406e-01, 1.070242100557145110e-01, 3.395723337430602840e-01
4.192609940141420743e-01, 1.341389177732390248e-01, 1.070453606752459624e-01, 3.395547275373729246e-01
4.192368687617930023e-01, 1.341594895762210360e-01, 1.070665340695180628e-01, 3.395371075924679682e-01
4.192127267526614132e-01, 1.341800690914470851e-01, 1.070877302452390573e-01, 3.395194739106524584e-01
4.191885679856190428e-01, 1.342006563110267892e-01, 1.071089492091140405e-01, 3.395018264942400998e-01
4.191643924595426229e-01, 1.342212512270619107e-01, 1.071301909678446518e-01, 3.394841653455508701e-01
4.191402001733136040e-01, 1.342418538316460797e-01, 1.071514555281292552e-01, 3.394664904669109640e-01
4.191159911258183768e-01, 1.342624641168651822e-01, 1.071727428966629536e-01, 3.394488018606534596e-01
4.190917653159483836e-01, 1.342830820747969722e-01, 1.071940530801373387e-01, 3.394310995291172084e-01
4.190675227425999516e-01, 1.343037076975113209e-01, 1.072153860852407964e-01, 3.394133834746479450e-01
4.190432634046739047e-01, 1.343243409770701891e-01, 1.072367419186583681e-01, 3.393956536995974549e-01
4.190189873010767840e-01, 1.343449819055275163e-01, 1.072581205870715843e-01, 3.393779102063241293e-01
4.189946944307194610e-01, 1.343656304749292763e-01, 1.072795220971587415e-01, 3.393601529971925213e-01
4.189703847925178581e-01, 1.343862866773135600e-01, 1.073009464555947368e-01, 3.393423820745738451e-01
4.189460583853930054e-01, 1.344069505047104929e-01, 1.073223936690510805e-01, 3.393245974408454213e-01
4.189217152082708173e-01, 1.344276219491422619e-01, 1.073438637441958415e-01, 3.393067990983911209e-01
4.188973552600822048e-01, 1.344483010026229775e-01, 1.073653566876937859e-01, 3.392889870496010318e-01
4.188729785397628524e-01, 1.344689876571590614e-01, 1.073868725062062379e-01, 3.392711612968719037e-01
4.188485850462536075e-01, 1.344896819047487757e-01, 1.074084112063910385e-01, 3.392533218426065922e-01
4.188241747785002023e-01, 1.345103837373824163e-01, 1.074299727949027811e-01, 3.392354686892145033e-01
4.187997477354535314e-01, 1.345310931470425075e-01, 1.074515572783924233e-01, 3.392176018391114822e-01
4.187753039160692636e-01, 1.345518101257036081e-01, 1.074731646635077448e-01, 3.391997212947193696e-01
4.187508433193081747e-01, 1.345725346653321441e-01, 1.074947949568928196e-01, 3.391818270584668893e-01
4.187263659441359809e-01, 1.345932667578867703e-01, 1.075164481651884468e-01, 3.391639191327888159e-01
4.187018717895234499e-01, 1.346140063953182309e-01, 1.075381242950319838e-01, 3.391459975201264188e-01
4.186773608544464009e-01, 1.346347535695691378e-01, 1.075598233530572073e-01, 3.391280622229272401e-01
4.186528331378855938e-01, 1.346555082725743868e-01, 1.075815453458945775e-01, 3.391101132436455390e-01
4.186282886388266178e-01, 1.346762704962608248e-01, 1.076032902801710017e-01, 3.390921505847415141e-01
4.186037273562606686e-01, 1.346970402325473604e-01, 1.076250581625098485e-01, 3.390741742486821364e-01
4.185791492891836607e-01, 1.347178174733450196e-01, 1.076468489995311834e-01, 3.390561842379402058e-01
4.185545544365961712e-01, 1.347386022105567516e-01, 1.076686627978513666e-01, 3.390381805549956273e-01
4.185299427975044395e-01, 1.347593944360778451e-01, 1.076904995640834417e-01, 3.390201632023342460e-01
4.185053143709195345e-01, 1.347801941417954286e-01, 1.077123593048368855e-01, 3.390021321824481793e-01
4.184806691558573544e-01, 1.348010013195887480e-01, 1.077342420267175249e-01, 3.389840874978362617e-01
4.184560071513394597e-01, 1.348218159613291389e-01, 1.077561477363278702e-01, 3.389660291510036005e-01
4.184313283563915187e-01, 1.348426380588800821e-01, 1.077780764402668373e-01, 3.389479571444614647e-01
4.184066327700453614e-01, 1.348634676040969815e-01, 1.078000281451297615e-01, 3.389298714807279511e-01
4.183819203913373141e-01, 1.348843045888274139e-01, 1.078220028575084255e-01, 3.389117721623268742e-01
4.183571912193086995e-01, 1.349051490049110735e-01, 1.078440005839911842e-01, 3.388936591917890984e-01
4.183324452530061688e-01, 1.349260008441795500e-01, 1.078660213311626870e-01, 3.388755325716514832e-01
4.183076824914816472e-01, 1.349468600984568278e-01, 1.078880651056041556e-01, 3.388573923044574943e-01
4.182829029337916671e-01, 1.349677267595585373e-01, 1.079101319138931064e-01, 3.388392383927565921e-01
4.182581065789984232e-01, 1.349886008192928144e-01, 1.079322217626036556e-01, 3.388210708391051207e-01
4.182332934261688839e-01, 1.350094822694595798e-01, 1.079543346583061031e-01, 3.388028896460653638e-01
4.182084634743752360e-01, 1.350303711018510100e-01, 1.079764706075674041e-01, 3.387846948162063776e-01
4.181836167226947731e-01, 1.350512673082512605e-01, 1.079986296169507115e-01, 3.387664863521031577e-01
4.181587531702100069e-01, 1.350721708804366594e-01, 1.080208116930157225e-01, 3.387482642563376389e-01
4.181338728160087226e-01, 1.350930818101754860e-01, 1.080430168423184012e-01, 3.387300285314974735e-01
4.181089756591833684e-01, 1.351140000892282478e-01, 1.080652450714111867e-01, 3.387117791801771971e-01
4.180840616988322767e-01, 1.351349257093474865e-01, 1.080874963868428684e-01, 3.386935162049773962e-01
4.180591309340582207e-01, 1.351558586622778335e-01, 1.081097707951585579e-01, 3.386752396085054295e-01
4.180341833639696358e-01, 1.351767989397559822e-01, 1.081320683028998003e-01, 3.386569493933745956e-01
4.180092189876801201e-01, 1.351977465335107709e-01, 1.081543889166043659e-01, 3.386386455622048541e-01
4.179842378043078788e-01, 1.352187014352630445e-01, 1.081767326428065557e-01, 3.386203281176226043e-01
4.179592398129770570e-01, 1.352396636367258764e-01, 1.081990994880368262e-01, 3.386019970622602404e-01
4.179342250128168512e-01, 1.352606331296043463e-01, 1.082214894588220677e-01, 3.385836523987567626e-01
4.179091934029612321e-01, 1.352816099055955679e-01, 1.082439025616855066e-01, 3.385652941297577767e-01
4.178841449825496657e-01, 1.353025939563889390e-01, 1.082663388031465945e-01, 3.385469222579148840e-01
4.178590797507268362e-01, 1.353235852736657530e-01, 1.082887981897211471e-01, 3.385285367858861250e-01
4.178339977066428679e-01, 1.353445838490995312e-01, 1.083112807279213580e-01, 3.385101377163363678e-01
4.178088988494524925e-01, 1.353655896743558296e-01, 1.083337864242554932e-01, 3.384917250519361431e-01
4.177837831783162703e-01, 1.353866027410924322e-01, 1.083563152852283912e-01, 3.384732987953629202e-01
4.177586506923997578e-01, 1.354076230409590464e-01, 1.083788673173409906e-01, 3.384548589493002191e-01
4.177335013908737849e-01, 1.354286505655975803e-01, 1.084014425270904414e-01, 3.384364055164382212e-01
4.177083352729144550e-01, 1.354496853066420314e-01, 1.084240409209703965e-01, 3.384179384994731588e-01
4.176831523377032562e-01, 1.354707272557185149e-01, 1.084466625054704841e-01, 3.383994579011078141e-01
4.176579525844265062e-01, 1.354917764044452355e-01, 1.084693072870768216e-01, 3.383809637240514090e-01
4.176327360122761845e-01, 1.355128327444325431e-01, 1.084919752722716541e-01, 3.383624559710196045e-01
4.176075026204497109e-01, 1.355338962672829051e-01, 1.085146664675334383e-01, 3.383439346447338902e-01
4.175822524081492793e-01, 1.355549669645908506e-01, 1.085373808793369671e-01, 3.383253997479229169e-01
4.175569853745827453e-01, 1.355760448279429986e-01, 1.085601185141530506e-01, 3.383068512833211638e-01
4.175317015189630721e-01, 1.355971298489182242e-01, 1.085828793784490015e-01, 3.382882892536697717e-01
4.175064008405087179e-01, 1.356182220190872978e-01, 1.086056634786880942e-01, 3.382697136617159317e-01
4.174810833384431374e-01, 1.356393213300133571e-01, 1.086284708213299255e-01, 3.382511245102135522e-01
4.174557490119953918e-01, 1.356604277732514630e-01, 1.086513014128302479e-01, 3.382325218019227586e-01
4.174303978603999821e-01, 1.356815413403489046e-01, 1.086741552596409283e-01, 3.382139055396102267e-01
4.174050298828961836e-01, 1.357026620228450886e-01, 1.086970323682101836e-01, 3.381952757260485165e-01
4.173796450787292112e-01, 1.357237898122714004e-01, 1.087199327449822200e-01, 3.381766323640171823e-01
4.173542434471492202e-01, 1.357449247001515646e-01, 1.087428563963974970e-01, 3.381579754563017737e-01
4.173288249874118061e-01, 1.357660666780013126e-01, 1.087658033288926018e-01, 3.381393050056941685e-01
4.173033896987781710e-01, 1.357872157373285482e-01, 1.087887735489003471e-01, 3.381206210149930724e-01
4.172779375805144575e-01, 1.358083718696331543e-01, 1.088117670628494377e-01, 3.381019234870028534e-01
4.172524686318925813e-01, 1.358295350664073808e-01, 1.088347838771650811e-01, 3.380832124245349846e-01
4.172269828521895096e-01, 1.358507053191354286e-01, 1.088578239982682799e-01, 3.380644878304067125e-01
4.172014802406877054e-01, 1.358718826192937823e-01, 1.088808874325763454e-01, 3.380457497074421669e-01
4.171759607966750161e-01, 1.358930669583508499e-01, 1.089039741865026611e-01, 3.380269980584714173e-01
4.171504245194447846e-01, 1.359142583277674343e-01, 1.089270842664566141e-01, 3.380082328863312502e-01
4.171248714082955167e-01, 1.359354567189962337e-01, 1.089502176788437887e-01, 3.379894541938644470e-01
4.170993014625314355e-01, 1.359566621234822303e-01, 1.089733744300657864e-01, 3.379706619839205062e-01
4.170737146814618712e-01, 1.359778745326624960e-01, 1.089965545265203922e-01, 3.379518562593552544e-01
4.170481110644018163e-01, 1.359990939379662755e-01, 1.090197579746013390e-01, 3.379330370230306801e-01
4.170224906106714258e-01, 1.360203203308149034e-01, 1.090429847806985431e-01, 3.379142042778153221e-01
4.169968533195964611e-01, 1.360415537026218313e-01, 1.090662349511977991e-01, 3.378953580265839363e-01
4.169711991905080684e-01, 1.360627940447928230e-01, 1.090895084924811687e-01, 3.378764982722179955e-01
4.169455282227429449e-01, 1.360840413487256206e-01, 1.091128054109265638e-01, 3.378576250176048568e-01
4.169198404156431725e-01, 1.361052956058101671e-01, 1.091361257129080664e-01, 3.378387382656385940e-01
4.168941357685561622e-01, 1.361265568074286059e-01, 1.091594694047956920e-01, 3.378198380192194428e-01
4.168684142808349313e-01, 1.361478249449551148e-01, 1.091828364929555567e-01, 3.378009242812544111e-01
4.168426759518378266e-01, 1.361691000097561832e-01, 1.092062269837497240e-01, 3.377819970546562800e-01
4.168169207809289678e-01, 1.361903819931902515e-01, 1.092296408835362470e-01, 3.377630563423446586e-01
4.167911487674774706e-01, 1.362116708866080994e-01, 1.092530781986691679e-01, 3.377441021472453175e-01
4.167653599108583906e-01, 1.362329666813525686e-01, 1.092765389354986433e-01, 3.377251344722903559e-01
4.167395542104520567e-01, 1.362542693687587292e-01, 1.093000231003706524e-01, 3.377061533204185895e-01
4.167137316656443491e-01, 1.362755789401536854e-01, 1.093235306996271500e-01, 3.376871586945747739e-01
4.166878922758266990e-01, 1.362968953868568533e-01, 1.093470617396062328e-01, 3.376681505977101594e-01
4.166620360403958112e-01, 1.363182187001796830e-01, 1.093706162266417647e-01, 3.376491290327826023e-01
4.166361629587543303e-01, 1.363395488714259363e-01, 1.093941941670636409e-01, 3.376300940027561759e-01
4.166102730303099522e-01, 1.363608858918913536e-01, 1.094177955671976621e-01, 3.376110455106010044e-01
4.165843662544763681e-01, 1.363822297528639871e-01, 1.094414204333655910e-01, 3.375919835592940954e-01
4.165584426306723209e-01, 1.364035804456240064e-01, 1.094650687718850962e-01, 3.375729081518185626e-01
4.165325021583225484e-01, 1.364249379614437541e-01, 1.094887405890697663e-01, 3.375538192911638480e-01
4.165065448368571177e-01, 1.364463022915877455e-01, 1.095124358912291512e-01, 3.375347169803259995e-01
4.164805706657117024e-01, 1.364676734273126968e-01, 1.095361546846685546e-01, 3.375156012223071711e-01
4.164545796443272496e-01, 1.364890513598673583e-01, 1.095598969756893387e-01, 3.374964720201159563e-01
4.164285717721509794e-01, 1.365104360804929584e-01, 1.095836627705887023e-01, 3.374773293767673876e-01
4.164025470486349412e-01, 1.365318275804225656e-01, 1.096074520756596810e-01, 3.374581732952828816e-01
4.163765054732372350e-01, 1.365532258508816710e-01, 1.096312648971911469e-01, 3.374390037786899610e-01
4.163504470454211792e-01, 1.365746308830877997e-01, 1.096551012414680309e-01, 3.374198208300230872e-01
4.163243717646561426e-01, 1.365960426682508166e-01, 1.096789611147708510e-01, 3.374006244523222176e-01
4.162982796304166011e-01, 1.366174611975724817e-01, 1.097028445233761557e-01, 3.373814146486346921e-01
4.162721706421831924e-01, 1.366388864622470889e-01, 1.097267514735562610e-01, 3.373621914220134022e-01
4.162460447994416612e-01, 1.366603184534609106e-01, 1.097506819715793336e-01, 3.373429547755180669e-01
4.162199021016836920e-01, 1.366817571623924754e-01, 1.097746360237094043e-01, 3.373237047122144006e-01
4.161937425484063535e-01, 1.367032025802125128e-01, 1.097986136362062159e-01, 3.373044412351749455e-01
4.161675661391125436e-01, 1.367246546980838418e-01, 1.098226148153253201e-01, 3.372851643474781835e-01
4.161413728733108774e-01, 1.367461135071616485e-01, 1.098466395673182716e-01, 3.372658740522092580e-01
4.161151627505152439e-01, 1.367675789985931534e-01, 1.098706878984321289e-01, 3.372465703524595293e-01
4.160889357702454716e-01, 1.367890511635178052e-01, 1.098947598149099952e-01, 3.372272532513267973e-01
4.160626919320271622e-01, 1.368105299930674201e-01, 1.099188553229904913e-01, 3.372079227519150235e-01
4.160364312353911909e-01, 1.368320154783657372e-01, 1.099429744289082550e-01, 3.371885788573348308e-01
4.160101536798744282e-01, 1.368535076105290016e-01, 1.099671171388935248e-01, 3.371692215707029483e-01
4.159838592650194067e-01, 1.368750063806653816e-01, 1.099912834591723204e-01, 3.371498508951428219e-01
4.159575479903742656e-01, 1.368965117798754683e-01, 1.100154733959664427e-01, 3.371304668337838373e-01
4.159312198554926954e-01, 1.369180237992518590e-01, 1.100396869554933765e-01, 3.371110693897620414e-01
4.159048748599343259e-01, 1.369395424298795461e-01, 1.100639241439664157e-01, 3.370916585662196985e-01
4.158785130032643385e-01, 1.369610676628356671e-01, 1.100881849675944546e-01, 3.370722343663055676e-01
4.158521342850536873e-01, 1.369825994891895327e-01, 1.101124694325821829e-01, 3.370527967931745139e-01
4.158257387048791553e-01, 1.370041379000027371e-01, 1.101367775451299741e-01, 3.370333458499880641e-01
4.157993262623230768e-01, 1.370256828863289922e-01, 1.101611093114339412e-01, 3.370138815399139620e-01
4.157728969569735034e-01, 1.370472344392143771e-01, 1.101854647376857566e-01, 3.369944038661263908e-01
4.157464507884243154e-01, 1.370687925496970050e-01, 1.102098438300729288e-01, 3.369749128318056952e-01
4.157199877562752222e-01, 1.370903572088073841e-01, 1.102342465947785399e-01, 3.369554084401389371e-01
4.156935078601313727e-01, 1.371119284075681399e-01, 1.102586730379813834e-01, 3.369358906943190068e-01
4.156670110996041889e-01, 1.371335061369942099e-01, 1.102831231658558120e-01, 3.369163595975458447e-01
4.156404974743104219e-01, 1.371550903880925376e-01, 1.103075969845719456e-01, 3.368968151530251642e-01
4.156139669838724848e-01, 1.371766811518626283e-01, 1.103320945002954634e-01, 3.368772573639693957e-01
4.155874196279191746e-01, 1.371982784192960214e-01, 1.103566157191877561e-01, 3.368576862335971311e-01
4.155608554060844506e-01, 1.372198821813764569e-01, 1.103811606474057461e-01, 3.368381017651332909e-01
4.155342743180083787e-01, 1.372414924290800420e-01, 1.104057292911020394e-01, 3.368185039618095122e-01
4.155076763633368531e-01, 1.372631091533750014e-01, 1.104303216564247736e-01, 3.367988928268634274e-01
4.154810615417213748e-01, 1.372847323452218438e-01, 1.104549377495177842e-01, 3.367792683635389972e-01
4.154544298528194401e-01, 1.373063619955733894e-01, 1.104795775765203825e-01, 3.367596305750868435e-01
4.154277812962940963e-01, 1.373279980953744928e-01, 1.105042411435675498e-01, 3.367399794647638611e-01
4.154011158718146079e-01, 1.373496406355625143e-01, 1.105289284567898128e-01, 3.367203150358330510e-01
4.153744335790557907e-01, 1.373712896070668765e-01, 1.105536395223132851e-01, 3.367006372915640755e-01
4.153477344176982333e-01, 1.373929450008093689e-01, 1.105783743462595420e-01, 3.366809462352328142e-01
4.153210183874287975e-01, 1.374146068077038707e-01, 1.106031329347458708e-01, 3.366612418701215304e-01
4.152942854879396184e-01, 1.374362750186565729e-01, 1.106279152938849097e-01, 3.366415241995187602e-01
4.152675357189290484e-01, 1.374579496245662003e-01, 1.106527214297849809e-01, 3.366217932267197566e-01
4.152407690801012685e-01, 1.374796306163232618e-01, 1.106775513485499240e-01, 3.366020489550256012e-01
4.152139855711661776e-01, 1.375013179848108003e-01, 1.107024050562789713e-01, 3.365822913877440925e-01
4.151871851918398360e-01, 1.375230117209040592e-01, 1.107272825590669418e-01, 3.365625205281891352e-01
4.151603679418436887e-01, 1.375447118154705939e-01, 1.107521838630041722e-01, 3.365427363796815174e-01
4.151335338209058423e-01, 1.375664182593701323e-01, 1.107771089741765025e-01, 3.365229389455476894e-01
4.151066828287591770e-01, 1.375881310434547422e-01, 1.108020578986651933e-01, 3.365031282291208181e-01
4.150798149651439006e-01, 1.376098501585686917e-01, 1.108270306425469393e-01, 3.364833042337405655e-01
4.150529302298048839e-01, 1.376315755955485887e-01, 1.108520272118941191e-01, 3.364634669627524777e-01
4.150260286224934370e-01, 1.376533073452232692e-01, 1.108770476127742544e-01, 3.364436164195091505e-01
4.149991101429667539e-01, 1.376750453984137701e-01, 1.109020918512505921e-01, 3.364237526073687867e-01
4.149721747909881908e-01, 1.376967897459335788e-01, 1.109271599333816749e-01, 3.364038755296964722e-01
4.149452225663267102e-01, 1.377185403785883000e-01, 1.109522518652215073e-01, 3.363839851898635658e-01
4.149182534687570478e-01, 1.377402972871759612e-01, 1.109773676528195696e-01, 3.363640815912475324e-01
4.148912674980604898e-01, 1.377620604624866241e-01, 1.110025073022206238e-01, 3.363441647372322763e-01
4.148642646540235956e-01, 1.377838298953029117e-01, 1.110276708194650047e-01, 3.363242346312084186e-01
4.148372449364395309e-01, 1.378056055763996202e-01, 1.110528582105883982e-01, 3.363042912765724646e-01
4.148102083451070676e-01, 1.378273874965437185e-01, 1.110780694816217579e-01, 3.362843346767274144e-01
4.147831548798310286e-01, 1.378491756464947371e-01, 1.111033046385915546e-01, 3.362643648350827630e-01
4.147560845404220098e-01, 1.378709700170041019e-01, 1.111285636875196103e-01, 3.362443817550542779e-01
4.147289973266968799e-01, 1.378927705988159114e-01, 1.111538466344230841e-01, 3.362243854400640553e-01
4.147018932384786138e-01, 1.379145773826663812e-01, 1.111791534853145413e-01, 3.362043758935405191e-01
4.146747722755957932e-01, 1.379363903592839835e-01, 1.112044842462017735e-01, 3.361843531189184220e-01
4.146476344378832168e-01, 1.379582095193895852e-01, 1.112298389230880757e-01, 3.361643171196390667e-01
4.146204797251817342e-01, 1.379800348536963928e-01, 1.112552175219719830e-01, 3.361442678991498623e-01
4.145933081373381901e-01, 1.380018663529097023e-01, 1.112806200488473257e-01, 3.361242054609048791e-01
4.145661196742052024e-01, 1.380237040077273436e-01, 1.113060465097033408e-01, 3.361041298083640716e-01
4.145389143356419948e-01, 1.380455478088392918e-01, 1.113314969105244773e-01, 3.360840409449941668e-01
4.145116921215133421e-01, 1.380673977469279445e-01, 1.113569712572905906e-01, 3.360639388742681088e-01
4.144844530316901809e-01, 1.380892538126679836e-01, 1.113824695559767486e-01, 3.360438235996651701e-01
4.144571970660496096e-01, 1.381111159967263469e-01, 1.114079918125532587e-01, 3.360236951246708959e-01
4.144299242244745551e-01, 1.381329842897623117e-01, 1.114335380329858349e-01, 3.360035534527773260e-01
4.144026345068543837e-01, 1.381548586824275504e-01, 1.114591082232352925e-01, 3.359833985874827733e-01
4.143753279130843459e-01, 1.381767391653659360e-01, 1.114847023892578254e-01, 3.359632305322919343e-01
4.143480044430656317e-01, 1.381986257292137366e-01, 1.115103205370049227e-01, 3.359430492907158894e-01
4.143206640967056487e-01, 1.382205183645994762e-01, 1.115359626724230502e-01, 3.359228548662718250e-01
4.142933068739179103e-01, 1.382424170621440740e-01, 1.115616288014542185e-01, 3.359026472624837556e-01
4.142659327746220921e-01, 1.382643218124607609e-01, 1.115873189300354978e-01, 3.358824264828816353e-01
4.142385417987439200e-01, 1.382862326061551073e-01, 1.116130330640991153e-01, 3.358621925310017464e-01
4.142111339462152819e-01, 1.383081494338250506e-01, 1.116387712095726903e-01, 3.358419454103871438e-01
4.141837092169737278e-01, 1.383300722860606735e-01, 1.116645333723788464e-01, 3.358216851245867662e-01
4.141562676109637464e-01, 1.383520011534445926e-01, 1.116903195584354885e-01, 3.358014116771561586e-01
4.141288091281355443e-01, 1.383739360265517360e-01, 1.117161297736557479e-01, 3.357811250716570273e-01
4.141013337684452678e-01, 1.383958768959493157e-01, 1.117419640239477596e-01, 3.357608253116576291e-01
4.140738415318555576e-01, 1.384178237521969113e-01, 1.117678223152149819e-01, 3.357405124007324382e-01
4.140463324183350502e-01, 1.384397765858464691e-01, 1.117937046533559881e-01, 3.357201863424624788e-01
4.140188064278586544e-01, 1.384617353874422196e-01, 1.118196110442644664e-01, 3.356998471404347706e-01
4.139912635604070523e-01, 1.384837001475207607e-01, 1.118455414938291509e-01, 3.356794947982428834e-01
4.139637038159678650e-01, 1.385056708566111405e-01, 1.118714960079341819e-01, 3.356591293194868264e-01
4.139361271945342646e-01, 1.385276475052346634e-01, 1.118974745924584818e-01, 3.356387507077726595e-01
4.139085336961055295e-01, 1.385496300839049733e-01, 1.119234772532763100e-01, 3.356183589667131040e-01
4.138809233206877103e-01, 1.385716185831281089e-01, 1.119495039962568883e-01, 3.355979540999272093e-01
4.138532960682926864e-01, 1.385936129934025596e-01, 1.119755548272646922e-01, 3.355775361110400201e-01
4.138256519389386656e-01, 1.386156133052190154e-01, 1.120016297521591320e-01, 3.355571050036831871e-01
4.137979909326498507e-01, 1.386376195090606445e-01, 1.120277287767947050e-01, 3.355366607814949109e-01
4.137703130494568837e-01, 1.386596315954028991e-01, 1.120538519070210515e-01, 3.355162034481191657e-01
4.137426182893967908e-01, 1.386816495547137096e-01, 1.120799991486827740e-01, 3.354957330072069199e-01
4.137149066525122598e-01, 1.387036733774532349e-01, 1.121061705076196596e-01, 3.354752494624148595e-01
4.136871781388529179e-01, 1.387257030540742231e-01, 1.121323659896664576e-01, 3.354547528174065540e-01
4.136594327484741096e-01, 1.387477385750215120e-01, 1.121585856006527965e-01, 3.354342430758515681e-01
4.136316704814378409e-01, 1.387697799307326119e-01, 1.121848293464036278e-01, 3.354137202414259611e-01
4.136038913378119464e-01, 1.387918271116372060e-01, 1.122110972327387268e-01, 3.353931843178121763e-01
4.135760953176710886e-01, 1.388138801081574558e-01, 1.122373892654728728e-01, 3.353726353086987078e-01
4.135482824210955921e-01, 1.388359389107078901e-01, 1.122637054504159043e-01, 3.353520732177807107e-01
4.135204526481724985e-01, 1.388580035096953769e-01, 1.122900457933725810e-01, 3.353314980487595576e-01
4.134926059989948444e-01, 1.388800738955192904e-01, 1.123164103001426661e-01, 3.353109098053431714e-01
4.134647424736624388e-01, 1.389021500585713165e-01, 1.123427989765209550e-01, 3.352903084912451925e-01
4.134368620722808640e-01, 1.389242319892355915e-01, 1.123692118282971636e-01, 3.352696941101864225e-01
4.134089647949623081e-01, 1.389463196778885079e-01, 1.123956488612559146e-01, 3.352490666658933249e-01
4.133810506418250097e-01, 1.389684131148990198e-01, 1.124221100811767377e-01, 3.352284261620991912e-01
4.133531196129939800e-01, 1.389905122906284207e-01, 1.124485954938342774e-01, 3.352077726025433080e-01
4.133251717086001142e-01, 1.390126171954304546e-01, 1.124751051049978912e-01, 3.351871059909714012e-01
4.132972069287810801e-01, 1.390347278196511771e-01, 1.125016389204320233e-01, 3.351664263311356917e-01
4.132692252736804295e-01, 1.390568441536292055e-01, 1.125281969458959419e-01, 3.351457336267945619e-01
4.132412267434482644e-01, 1.390789661876953021e-01, 1.125547791871437803e-01, 3.351250278817125561e-01
4.132132113382411820e-01, 1.391010939121729850e-01, 1.125813856499246202e-01, 3.351043090996611573e-01
4.131851790582218853e-01, 1.391232273173780010e-01, 1.126080163399824224e-01, 3.350835772844176774e-01
4.131571299035598499e-01, 1.391453663936184915e-01, 1.126346712630559854e-01, 3.350628324397655899e-01
4.131290638744304355e-01, 1.391675111311951041e-01, 1.126613504248789865e-01, 3.350420745694955293e-01
4.131009809710156633e-01, 1.391896615204009091e-01, 1.126880538311799684e-01, 3.350213036774034592e-01
4.130728811935040490e-01, 1.392118175515212886e-01, 1.127147814876823112e-01, 3.350005197672923374e-01
4.130447645420902147e-01, 1.392339792148342137e-01, 1.127415334001042185e-01, 3.349797228429713392e-01
4.130166310169754440e-01, 1.392561465006099675e-01, 1.127683095741587455e-01, 3.349589129082559125e-01
4.129884806183671819e-01, 1.392783193991113944e-01, 1.127951100155537567e-01, 3.349380899669677225e-01
4.129603133464795905e-01, 1.393004979005936228e-01, 1.128219347299918435e-01, 3.349172540229349293e-01
4.129321292015332157e-01, 1.393226819953043982e-01, 1.128487837231705870e-01, 3.348964050799919101e-01
4.129039281837546538e-01, 1.393448716734836945e-01, 1.128756570007821425e-01, 3.348755431419795925e-01
4.128757102933773293e-01, 1.393670669253641581e-01, 1.129025545685135995e-01, 3.348546682127450103e-01
4.128474755306410504e-01, 1.393892677411706915e-01, 1.129294764320467881e-01, 3.348337802961414700e-01
4.128192238957921201e-01, 1.394114741111207589e-01, 1.129564225970582231e-01, 3.348128793960288840e-01
4.127909553890830030e-01, 1.394336860254242749e-01, 1.129833930692192845e-01, 3.347919655162734376e-01
4.127626700107731583e-01, 1.394559034742835768e-01, 1.130103878541960094e-01, 3.347710386607473110e-01
4.127343677611277073e-01, 1.394781264478934524e-01, 1.130374069576492307e-01, 3.347500988333295679e-01
4.127060486404193762e-01, 1.395003549364412232e-01, 1.130644503852344801e-01, 3.347291460379049899e-01
4.126777126489262204e-01, 1.395225889301065225e-01, 1.130915181426020572e-01, 3.347081802783652416e-01
4.126493597869336227e-01, 1.395448284190616284e-01, 1.131186102353968492e-01, 3.346872015586078719e-01
4.126209900547332388e-01, 1.395670733934711583e-01, 1.131457266692586089e-01, 3.346662098825369802e-01
4.125926034526229413e-01, 1.395893238434923467e-01, 1.131728674498216208e-01, 3.346452052540631050e-01
4.125641999809074867e-01, 1.396115797592746843e-01, 1.132000325827150072e-01, 3.346241876771028356e-01
4.125357796398980148e-01, 1.396338411309603345e-01, 1.132272220735623808e-01, 3.346031571555791451e-01
4.125073424299120495e-01, 1.396561079486838552e-01, 1.132544359279822471e-01, 3.345821136934218343e-01
4.124788883512740534e-01, 1.396783802025723109e-01, 1.132816741515875608e-01, 3.345610572945660888e-01
4.124504174043145399e-01, 1.397006578827451884e-01, 1.133089367499859612e-01, 3.345399879629543105e-01
4.124219295893709059e-01, 1.397229409793146748e-01, 1.133362237287798835e-01, 3.345189057025345636e-01
4.123934249067870428e-01, 1.397452294823850749e-01, 1.133635350935661285e-01, 3.344978105172617400e-01
4.123649033569133371e-01, 1.397675233820535046e-01, 1.133908708499363760e-01, 3.344767024110968379e-01
4.123363649401067810e-01, 1.397898226684095302e-01, 1.134182310034767410e-01, 3.344555813880070172e-01
4.123078096567308615e-01, 1.398121273315350577e-01, 1.134456155597680510e-01, 3.344344474519661548e-01
4.122792375071557269e-01, 1.398344373615046377e-01, 1.134730245243855823e-01, 3.344133006069540115e-01
4.122506484917584091e-01, 1.398567527483852990e-01, 1.135004579028993238e-01, 3.343921408569568987e-01
4.122220426109221014e-01, 1.398790734822365767e-01, 1.135279157008738243e-01, 3.343709682059675670e-01
4.121934198650365477e-01, 1.399013995531104282e-01, 1.135553979238681510e-01, 3.343497826579848731e-01
4.121647802544985417e-01, 1.399237309510514837e-01, 1.135829045774358614e-01, 3.343285842170140576e-01
4.121361237797111499e-01, 1.399460676660967406e-01, 1.136104356671252813e-01, 3.343073728870667449e-01
4.121074504410843220e-01, 1.399684096882758133e-01, 1.136379911984789770e-01, 3.342861486721608877e-01
4.120787602390343363e-01, 1.399907570076108221e-01, 1.136655711770342414e-01, 3.342649115763206003e-01
4.120500531739842986e-01, 1.400131096141163378e-01, 1.136931756083229134e-01, 3.342436616035763808e-01
4.120213292463640875e-01, 1.400354674977994929e-01, 1.137208044978711280e-01, 3.342223987579652222e-01
4.119925884566099095e-01, 1.400578306486600921e-01, 1.137484578511997468e-01, 3.342011230435302238e-01
4.119638308051649100e-01, 1.400801990566902244e-01, 1.137761356738240248e-01, 3.341798344643209240e-01
4.119350562924787851e-01, 1.401025727118746789e-01, 1.138038379712536380e-01, 3.341585330243928564e-01
4.119062649190078362e-01, 1.401249516041907783e-01, 1.138315647489928223e-01, 3.341372187278086048e-01
4.118774566852151375e-01, 1.401473357236082684e-01, 1.138593160125403042e-01, 3.341158915786363037e-01
4.118486315915705909e-01, 1.401697250600896227e-01, 1.138870917673890787e-01, 3.340945515809508048e-01
4.118197896385505374e-01, 1.401921196035896544e-01, 1.139148920190268394e-01, 3.340731987388331214e-01
4.117909308266379798e-01, 1.402145193440558768e-01, 1.139427167729354651e-01, 3.340518330563705396e-01
4.117620551563230813e-01, 1.402369242714283926e-01, 1.139705660345915056e-01, 3.340304545376570067e-01
4.117331626281022228e-01, 1.402593343756396715e-01, 1.139984398094657236e-01, 3.340090631867924653e-01
4.117042532424787793e-01, 1.402817496466148839e-01, 1.140263381030233447e-01, 3.339876590078830199e-01
4.116753269999626208e-01, 1.403041700742717335e-01, 1.140542609207240710e-01, 3.339662420050415470e-01
4.116463839010706116e-01, 1.403265956485204580e-01, 1.140822082680218869e-01, 3.339448121823870297e-01
4.116174239463263884e-01, 1.403490263592639120e-01, 1.141101801503652119e-01, 3.339233695440445016e-01
4.115884471362600272e-01, 1.403714621963975395e-01, 1.141381765731968312e-01, 3.339019140941457131e-01
4.115594534714086539e-01, 1.403939031498092072e-01, 1.141661975419538400e-01, 3.338804458368283545e-01
4.115304429523158336e-01, 1.404163492093794541e-01, 1.141942430620677268e-01, 3.338589647762368884e-01
4.115014155795324591e-01, 1.404388003649815475e-01, 1.142223131389644153e-01, 3.338374709165216059e-01
4.114723713536156957e-01, 1.404612566064811496e-01, 1.142504077780639032e-01, 3.338159642618393486e-01
4.114433102751295368e-01, 1.404837179237364564e-01, 1.142785269847807622e-01, 3.337944448163532307e-01
4.114142323446449701e-01, 1.405061843065984195e-01, 1.143066707645237629e-01, 3.337729125842328060e-01
4.113851375627397555e-01, 1.405286557449105522e-01, 1.143348391226960137e-01, 3.337513675696537341e-01
4.113560259299983701e-01, 1.405511322285089293e-01, 1.143630320646949056e-01, 3.337298097767979477e-01
4.113268974470120631e-01, 1.405736137472220759e-01, 1.143912495959120146e-01, 3.337082392098538741e-01
4.112977521143790227e-01, 1.405961002908714119e-01, 1.144194917217333796e-01, 3.336866558730161580e-01
4.112685899327042094e-01, 1.406185918492707521e-01, 1.144477584475391968e-01, 3.336650597704858279e-01
4.112394109025994671e-01, 1.406410884122265559e-01, 1.144760497787038617e-01, 3.336434509064700182e-01
4.112102150246834120e-01, 1.406635899695379832e-01, 1.145043657205962045e-01, 3.336218292851824141e-01
4.111810022995815994e-01, 1.406860965109966166e-01, 1.145327062785790606e-01, 3.336001949108428066e-01
4.111517727279261347e-01, 1.407086080263868222e-01, 1.145610714580096445e-01, 3.335785477876773153e-01
4.111225263103565619e-01, 1.407311245054856386e-01, 1.145894612642393423e-01, 3.335568879199186099e-01
4.110932630475186422e-01, 1.407536459380624438e-01, 1.146178757026137668e-01, 3.335352153118051333e-01
4.110639829400654643e-01, 1.407761723138794829e-01, 1.146463147784726744e-01, 3.335135299675822673e-01
4.110346859886569448e-01, 1.407987036226916455e-01, 1.146747784971501732e-01, 3.334918318915012225e-01
4.110053721939596061e-01, 1.408212398542462163e-01, 1.147032668639742375e-01, 3.334701210878198152e-01
4.109760415566471869e-01, 1.408437809982834577e-01, 1.147317798842674014e-01, 3.334483975608019679e-01
4.109466940774001986e-01, 1.408663270445359439e-01, 1.147603175633460371e-01, 3.334266613147178759e-01
4.109173297569059802e-01, 1.408888779827290605e-01, 1.147888799065208132e-01, 3.334049123538441739e-01
4.108879485958589761e-01, 1.409114338025808377e-01, 1.148174669190965835e-01, 3.333831506824636581e-01
4.108585505949604588e-01, 1.409339944938018951e-01, 1.148460786063721512e-01, 3.333613763048655643e-01
4.108291357549184730e-01, 1.409565600460954971e-01, 1.148747149736406847e-01, 3.333395892253453452e-01
4.107997040764483354e-01, 1.409791304491576358e-01, 1.149033760261892467e-01, 3.333177894482047821e-01
4.107702555602720240e-01, 1.410017056926769208e-01, 1.149320617692991819e-01, 3.332959769777518733e-01
4.107407902071185668e-01, 1.410242857663345506e-01, 1.149607722082458122e-01, 3.332741518183011120e-01
4.107113080177240416e-01, 1.410468706598045074e-01, 1.149895073482985475e-01, 3.332523139741729312e-01
4.106818089928313542e-01, 1.410694603627534183e-01, 1.150182671947209273e-01, 3.332304634496943141e-01
4.106522931331902937e-01, 1.410920548648404438e-01, 1.150470517527705516e-01, 3.332086002491986276e-01
4.106227604395580322e-01, 1.411146541557176393e-01, 1.150758610276989835e-01, 3.331867243770252895e-01
4.105932109126983476e-01, 1.411372582250295382e-01, 1.151046950247519990e-01, 3.331648358375202124e-01
4.105636445533820678e-01, 1.411598670624135132e-01, 1.151335537491692818e-01, 3.331429346350352483e-01
4.105340613623869594e-01, 1.411824806574994151e-01, 1.151624372061845203e-01, 3.331210207739290774e-01
4.105044613404982834e-01, 1.412050989999099893e-01, 1.151913454010255189e-01, 3.330990942585662085e-01
4.104748444885076841e-01, 1.412277220792605703e-01, 1.152202783389140867e-01, 3.330771550933175895e-01
4.104452108072141892e-01, 1.412503498851592487e-01, 1.152492360250658987e-01, 3.330552032825607189e-01
4.104155602974236539e-01, 1.412729824072066209e-01, 1.152782184646907321e-01, 3.330332388306789237e-01
4.103858929599492056e-01, 1.412956196349963167e-01, 1.153072256629924242e-01, 3.330112617420620813e-01
4.103562087956107440e-01, 1.413182615581143886e-01, 1.153362576251685395e-01, 3.329892720211064527e-01
4.103265078052354409e-01, 1.413409081661396449e-01, 1.153653143564107725e-01, 3.329672696722140723e-01
4.102967899896573511e-01, 1.413635594486436775e-01, 1.153943958619047527e-01, 3.329452546997941909e-01
4.102670553497178574e-01, 1.413862153951907508e-01, 1.154235021468300870e-01, 3.329232271082612771e-01
4.102373038862651144e-01, 1.414088759953379126e-01, 1.154526332163601232e-01, 3.329011869020368497e-01
4.102075356001543827e-01, 1.414315412386348003e-01, 1.154817890756623527e-01, 3.328791340855484782e-01
4.101777504922482498e-01, 1.414542111146238623e-01, 1.155109697298980498e-01, 3.328570686632298936e-01
4.101479485634161870e-01, 1.414768856128402474e-01, 1.155401751842223823e-01, 3.328349906395212665e-01
4.101181298145347709e-01, 1.414995647228118325e-01, 1.155694054437845369e-01, 3.328129000188688735e-01
4.100882942464878500e-01, 1.415222484340592501e-01, 1.155986605137274553e-01, 3.327907968057254862e-01
4.100584418601661008e-01, 1.415449367360958888e-01, 1.156279403991879728e-01, 3.327686810045500376e-01
4.100285726564676381e-01, 1.415676296184277816e-01, 1.156572451052968742e-01, 3.327465526198077894e-01
4.099986866362974047e-01, 1.415903270705538008e-01, 1.156865746371786019e-01, 3.327244116559702203e-01
4.099687838005676710e-01, 1.416130290819654913e-01, 1.157159289999516449e-01, 3.327022581175151372e-01
4.099388641501979236e-01, 1.416357356421472924e-01, 1.157453081987283028e-01, 3.326800920089265090e-01
4.099089276861145881e-01, 1.416584467405761771e-01, 1.157747122386144495e-01, 3.326579133346947437e-01
4.098789744092512510e-01, 1.416811623667220688e-01, 1.158041411247101721e-01, 3.326357220993165220e-01
4.098490043205488265e-01, 1.417038825100475352e-01, 1.158335948621090350e-01, 3.326135183072946311e-01
4.098190174209552228e-01, 1.417266071600080390e-01, 1.158630734558985520e-01, 3.325913019631382417e-01
4.097890137114256204e-01, 1.417493363060515765e-01, 1.158925769111599641e-01, 3.325690730713629639e-01
4.097589931929224161e-01, 1.417720699376190940e-01, 1.159221052329682394e-01, 3.325468316364902366e-01
4.097289558664150011e-01, 1.417948080441444048e-01, 1.159516584263923095e-01, 3.325245776630482153e-01
4.096989017328803717e-01, 1.418175506150538556e-01, 1.159812364964945969e-01, 3.325023111555711064e-01
4.096688307933021855e-01, 1.418402976397667159e-01, 1.160108394483314875e-01, 3.324800321185996110e-01
4.096387430486717607e-01, 1.418630491076950662e-01, 1.160404672869529835e-01, 3.324577405566802590e-01
4.096086384999874097e-01, 1.418858050082437150e-01, 1.160701200174027725e-01, 3.324354364743661860e-01
4.095785171482544951e-01, 1.419085653308102268e-01, 1.160997976447184082e-01, 3.324131198762169115e-01
4.095483789944862063e-01, 1.419313300647850884e-01, 1.161295001739309496e-01, 3.323907907667977280e-01
4.095182240397023943e-01, 1.419540991995514312e-01, 1.161592276100654048e-01, 3.323684491506807004e-01
4.094880522849302928e-01, 1.419768727244853368e-01, 1.161889799581402177e-01, 3.323460950324441110e-01
4.094578637312046854e-01, 1.419996506289556426e-01, 1.162187572231676291e-01, 3.323237284166720151e-01
4.094276583795671276e-01, 1.420224329023239418e-01, 1.162485594101536346e-01, 3.323013493079552405e-01
4.093974362310668358e-01, 1.420452195339446944e-01, 1.162783865240976100e-01, 3.322789577108908876e-01
4.093671972867600761e-01, 1.420680105131651716e-01, 1.163082385699928667e-01, 3.322565536300818301e-01
4.093369415477104978e-01, 1.420908058293255394e-01, 1.163381155528262212e-01, 3.322341370701378249e-01
4.093066690149890219e-01, 1.421136054717585251e-01, 1.163680174775780923e-01, 3.322117080356743468e-01
4.092763796896738970e-01, 1.421364094297900837e-01, 1.163979443492225568e-01, 3.321892665313134763e-01
4.092460735728504218e-01, 1.421592176927387041e-01, 1.164278961727273215e-01, 3.321668125616835110e-01
4.092157506656116106e-01, 1.421820302499157973e-01, 1.164578729530536400e-01, 3.321443461314189105e-01
4.091854109690576391e-01, 1.422048470906256967e-01, 1.164878746951563682e-01, 3.321218672451603515e-01
4.091550544842958992e-01, 1.422276682041653251e-01, 1.165179014039839089e-01, 3.320993759075548946e-01
4.091246812124409993e-01, 1.422504935798248049e-01, 1.165479530844782952e-01, 3.320768721232559284e-01
4.090942911546150973e-01, 1.422733232068868758e-01, 1.165780297415750788e-01, 3.320543558969229481e-01
4.090638843119479562e-01, 1.422961570746272275e-01, 1.166081313802033725e-01, 3.320318272332214993e-01
4.090334606855760002e-01, 1.423189951723143332e-01, 1.166382580052857804e-01, 3.320092861368239001e-01
4.090030202766434808e-01, 1.423418374892095883e-01, 1.166684096217385225e-01, 3.319867326124083529e-01
4.089725630863022543e-01, 1.423646840145671999e-01, 1.166985862344711994e-01, 3.319641666646592770e-01
4.089420891157107274e-01, 1.423875347376343248e-01, 1.167287878483870694e-01, 3.319415882982678090e-01
4.089115983660355225e-01, 1.424103896476510145e-01, 1.167590144683828129e-01, 3.319189975179305252e-01
4.088810908384502008e-01, 1.424332487338500486e-01, 1.167892660993485460e-01, 3.318963943283512741e-01
4.088505665341356510e-01, 1.424561119854572400e-01, 1.168195427461679314e-01, 3.318737787342391776e-01
4.088200254542804779e-01, 1.424789793916911851e-01, 1.168498444137181236e-01, 3.318511507403102412e-01
4.087894676000804473e-01, 1.425018509417633750e-01, 1.168801711068696292e-01, 3.318285103512864098e-01
4.087588929727391518e-01, 1.425247266248783617e-01, 1.169105228304865157e-01, 3.318058575718961234e-01
4.087283015734667901e-01, 1.425476064302333146e-01, 1.169408995894261755e-01, 3.317831924068736504e-01
4.086976934034817766e-01, 1.425704903470185470e-01, 1.169713013885395059e-01, 3.317605148609600874e-01
4.086670684640096862e-01, 1.425933783644171837e-01, 1.170017282326708818e-01, 3.317378249389022482e-01
4.086364267562833108e-01, 1.426162704716052165e-01, 1.170321801266578643e-01, 3.317151226454536084e-01
4.086057682815431580e-01, 1.426391666577516426e-01, 1.170626570753316581e-01, 3.316924079853735274e-01
4.085750930410372850e-01, 1.426620669120182427e-01, 1.170931590835166680e-01, 3.316696809634278043e-01
4.085444010360208544e-01, 1.426849712235598866e-01, 1.171236861560308457e-01, 3.316469415843885660e-01
4.085136922677565785e-01, 1.427078795815243106e-01, 1.171542382976852870e-01, 3.316241898530338794e-01
4.084829667375149409e-01, 1.427307919750520626e-01, 1.171848155132846070e-01, 3.316014257741483062e-01
4.084522244465739194e-01, 1.427537083932768069e-01, 1.172154178076267872e-01, 3.315786493525226808e-01
4.084214653962182640e-01, 1.427766288253249083e-01, 1.172460451855030367e-01, 3.315558605929537772e-01
4.083906895877411625e-01, 1.427995532603159867e-01, 1.172766976516979587e-01, 3.315330595002448644e-01
4.083598970224428526e-01, 1.428224816873623071e-01, 1.173073752109894119e-01, 3.315102460792054284e-01
4.083290877016308995e-01, 1.428454140955693341e-01, 1.173380778681486492e-01, 3.314874203346510617e-01
4.082982616266207510e-01, 1.428683504740352328e-01, 1.173688056279401370e-01, 3.314645822714037959e-01
4.082674187987351822e-01, 1.428912908118514236e-01, 1.173995584951217086e-01, 3.314417318942917690e-01
4.082365592193045734e-01, 1.429142350981019438e-01, 1.174303364744443134e-01, 3.314188692081492249e-01
4.082056828896667988e-01, 1.429371833218640864e-01, 1.174611395706523648e-01, 3.313959942178167917e-01
4.081747898111672268e-01, 1.429601354722079276e-01, 1.174919677884834202e-01, 3.313731069281414254e-01
4.081438799851590526e-01, 1.429830915381966605e-01, 1.175228211326682648e-01, 3.313502073439759665e-01
4.081129534130026326e-01, 1.430060515088864004e-01, 1.175536996079310781e-01, 3.313272954701799722e-01
4.080820100960660390e-01, 1.430290153733261016e-01, 1.175846032189889478e-01, 3.313043713116188282e-01
4.080510500357252268e-01, 1.430519831205578907e-01, 1.176155319705524949e-01, 3.312814348731643599e-01
4.080200732333633673e-01, 1.430749547396168719e-01, 1.176464858673253872e-01, 3.312584861596944430e-01
4.079890796903711259e-01, 1.430979302195310443e-01, 1.176774649140044787e-01, 3.312355251760933927e-01
4.079580694081469394e-01, 1.431209095493214678e-01, 1.177084691152798790e-01, 3.312125519272515750e-01
4.079270423880972385e-01, 1.431438927180021803e-01, 1.177394984758348417e-01, 3.311895664180655730e-01
4.078959986316355590e-01, 1.431668797145802807e-01, 1.177705530003457790e-01, 3.311665686534383535e-01
4.078649381401829310e-01, 1.431898705280557904e-01, 1.178016326934821917e-01, 3.311435586382791008e-01
4.078338609151685445e-01, 1.432128651474217362e-01, 1.178327375599068222e-01, 3.311205363775028832e-01
4.078027669580285841e-01, 1.432358635616643172e-01, 1.178638676042755018e-01, 3.310975018760316524e-01
4.077716562702076719e-01, 1.432588657597625714e-01, 1.178950228312372478e-01, 3.310744551387926338e-01
4.077405288531572580e-01, 1.432818717306886258e-01, 1.179262032454339859e-01, 3.310513961707201025e-01
4.077093847083370082e-01, 1.433048814634077517e-01, 1.179574088515010083e-01, 3.310283249767543290e-01
4.076782238372138600e-01, 1.433278949468780872e-01, 1.179886396540665155e-01, 3.310052415618415789e-01
4.076470462412627449e-01, 1.433509121700509148e-01, 1.180198956577518665e-01, 3.309821459309344460e-01
4.076158519219662546e-01, 1.433739331218705226e-01, 1.180511768671715228e-01, 3.309590380889917416e-01
4.075846408808141974e-01, 1.433969577912741766e-01, 1.180824832869328544e-01, 3.309359180409787715e-01
4.075534131193045972e-01, 1.434199861671923981e-01, 1.181138149216364869e-01, 3.309127857918665039e-01
4.075221686389428610e-01, 1.434430182385486030e-01, 1.181451717758759401e-01, 3.308896413466326236e-01
4.074909074412423893e-01, 1.434660539942592128e-01, 1.181765538542377675e-01, 3.308664847102605888e-01
4.074596295277238545e-01, 1.434890934232338766e-01, 1.182079611613016251e-01, 3.308433158877405744e-01
4.074283348999160892e-01, 1.435121365143752492e-01, 1.182393937016401331e-01, 3.308201348840684730e-01
4.073970235593554756e-01, 1.435351832565790464e-01, 1.182708514798189448e-01, 3.307969417042465610e-01
4.073656955075858344e-01, 1.435582336387339897e-01, 1.183023345003965665e-01, 3.307737363532836650e-01
4.073343507461592017e-01, 1.435812876497220281e-01, 1.183338427679246768e-01, 3.307505188361939963e-01
4.073029892766351634e-01, 1.436043452784181162e-01, 1.183653762869477793e-01, 3.307272891579990381e-01
4.072716111005808548e-01, 1.436274065136902700e-01, 1.183969350620033556e-01, 3.307040473237254363e-01
4.072402162195714048e-01, 1.436504713443997050e-01, 1.184285190976219898e-01, 3.306807933384068310e-01
4.072088046351896584e-01, 1.436735397594006425e-01, 1.184601283983269804e-01, 3.306575272070826910e-01
4.071773763490262321e-01, 1.436966117475404481e-01, 1.184917629686346868e-01, 3.306342489347985913e-01
4.071459313626795695e-01, 1.437196872976594930e-01, 1.185234228130542938e-01, 3.306109585266066020e-01
4.071144696777556637e-01, 1.437427663985914872e-01, 1.185551079360879778e-01, 3.305876559875648990e-01
4.070829912958686125e-01, 1.437658490391630628e-01, 1.185868183422307681e-01, 3.305643413227375982e-01
4.070514962186399521e-01, 1.437889352081939687e-01, 1.186185540359706025e-01, 3.305410145371954211e-01
4.070199844476993234e-01, 1.438120248944972646e-01, 1.186503150217882857e-01, 3.305176756360150292e-01
4.069884559846842498e-01, 1.438351180868790158e-01, 1.186821013041574474e-01, 3.304943246242792454e-01
4.069569108312396932e-01, 1.438582147741382933e-01, 1.187139128875446675e-01, 3.304709615070773876e-01
4.069253489890187203e-01, 1.438813149450675899e-01, 1.187457497764092124e-01, 3.304475862895045468e-01
4.068937704596821692e-01, 1.439044185884522931e-01, 1.187776119752034093e-01, 3.304241989766621423e-01
4.068621752448988160e-01, 1.439275256930710734e-01, 1.188094994883721195e-01, 3.304007995736580328e-01
4.068305633463449866e-01, 1.439506362476957457e-01, 1.188414123203532513e-01, 3.303773880856059608e-01
4.067989347657051669e-01, 1.439737502410912418e-01, 1.188733504755774689e-01, 3.303539645176261086e-01
4.067672895046716697e-01, 1.439968676620156096e-01, 1.189053139584681090e-01, 3.303305288748445978e-01
4.067356275649443575e-01, 1.440199884992202639e-01, 1.189373027734414862e-01, 3.303070811623938785e-01
4.067039489482314751e-01, 1.440431127414495138e-01, 1.189693169249064902e-01, 3.302836213854125069e-01
4.066722536562487611e-01, 1.440662403774410349e-01, 1.190013564172648780e-01, 3.302601495490453121e-01
4.066405416907197812e-01, 1.440893713959257583e-01, 1.190334212549111620e-01, 3.302366656584433957e-01
4.066088130533764833e-01, 1.441125057856273983e-01, 1.190655114422324717e-01, 3.302131697187635218e-01
4.065770677459583093e-01, 1.441356435352632859e-01, 1.190976269836088869e-01, 3.301896617351695040e-01
4.065453057702124728e-01, 1.441587846335438683e-01, 1.191297678834130347e-01, 3.301661417128305409e-01
4.065135271278946805e-01, 1.441819290691725985e-01, 1.191619341460102566e-01, 3.301426096569224922e-01
4.064817318207680219e-01, 1.442050768308462960e-01, 1.191941257757586914e-01, 3.301190655726269352e-01
4.064499198506038580e-01, 1.442282279072549245e-01, 1.192263427770090117e-01, 3.300955094651321642e-01
4.064180912191812656e-01, 1.442513822870816198e-01, 1.192585851541047848e-01, 3.300719413396324131e-01
4.063862459282872042e-01, 1.442745399590028843e-01, 1.192908529113820282e-01, 3.300483612013278556e-01
4.063543839797169044e-01, 1.442977009116883369e-01, 1.193231460531695015e-01, 3.300247690554252711e-01
4.063225053752733129e-01, 1.443208651338007964e-01, 1.193554645837887201e-01, 3.300011649071371567e-01
4.062906101167675366e-01, 1.443440326139963370e-01, 1.193878085075535944e-01, 3.299775487616825043e-01
4.062586982060182317e-01, 1.443672033409243161e-01, 1.194201778287709154e-01, 3.299539206242865785e-01
4.062267696448524923e-01, 1.443903773032272631e-01, 1.194525725517398412e-01, 3.299302805001803618e-01
4.061948244351054060e-01, 1.444135544895411016e-01, 1.194849926807523555e-01, 3.299066283946012756e-01
4.061628625786194435e-01, 1.444367348884947055e-01, 1.195174382200929059e-01, 3.298829643127929589e-01
4.061308840772459017e-01, 1.444599184887105370e-01, 1.195499091740385433e-01, 3.298592882600050458e-01
4.060988889328434603e-01, 1.444831052788040915e-01, 1.195824055468589081e-01, 3.298356002414934429e-01
4.060668771472790706e-01, 1.445062952473842866e-01, 1.196149273428162296e-01, 3.298119002625203855e-01
4.060348487224278435e-01, 1.445294883830531285e-01, 1.196474745661652433e-01, 3.297881883283537707e-01
4.060028036601724954e-01, 1.445526846744060179e-01, 1.196800472211531352e-01, 3.297644644442682682e-01
4.059707419624042357e-01, 1.445758841100316938e-01, 1.197126453120199024e-01, 3.297407286155442097e-01
4.059386636310219898e-01, 1.445990866785120399e-01, 1.197452688429977291e-01, 3.297169808474683106e-01
4.059065686679328988e-01, 1.446222923684221950e-01, 1.197779178183115273e-01, 3.296932211453333372e-01
4.058744570750519864e-01, 1.446455011683308589e-01, 1.198105922421786040e-01, 3.296694495144384396e-01
4.058423288543027696e-01, 1.446687130667997090e-01, 1.198432921188088418e-01, 3.296456659600887074e-01
4.058101840076161482e-01, 1.446919280523839835e-01, 1.198760174524045319e-01, 3.296218704875953920e-01
4.057780225369316263e-01, 1.447151461136319817e-01, 1.199087682471604160e-01, 3.295980631022759066e-01
4.057458444441968126e-01, 1.447383672390855358e-01, 1.199415445072637143e-01, 3.295742438094539373e-01
4.057136497313669765e-01, 1.447615914172797058e-01, 1.199743462368941388e-01, 3.295504126144592205e-01
4.056814384004058249e-01, 1.447848186367428347e-01, 1.200071734402238105e-01, 3.295265695226275438e-01
4.056492104532851140e-01, 1.448080488859966042e-01, 1.200400261214172593e-01, 3.295027145393009671e-01
4.056169658919845933e-01, 1.448312821535561457e-01, 1.200729042846314376e-01, 3.294788476698278790e-01
4.055847047184923948e-01, 1.448545184279297626e-01, 1.201058079340156515e-01, 3.294549689195622189e-01
4.055524269348044220e-01, 1.448777576976191528e-01, 1.201387370737116433e-01, 3.294310782938647542e-01
4.055201325429250714e-01, 1.449009999511194358e-01, 1.201716917078535785e-01, 3.294071757981019144e-01
4.054878215448664558e-01, 1.449242451769190698e-01, 1.202046718405679615e-01, 3.293832614376465684e-01
4.054554939426491811e-01, 1.449474933634996854e-01, 1.202376774759736228e-01, 3.293593352178774691e-01
4.054231497383019023e-01, 1.449707444993365291e-01, 1.202707086181817736e-01, 3.293353971441798089e-01
4.053907889338613790e-01, 1.449939985728980751e-01, 1.203037652712959649e-01, 3.293114472219446087e-01
4.053584115313725866e-01, 1.450172555726462198e-01, 1.203368474394120868e-01, 3.292874854565691622e-01
4.053260175328887716e-01, 1.450405154870361146e-01, 1.203699551266182721e-01, 3.292635118534569250e-01
4.052936069404710628e-01, 1.450637783045164997e-01, 1.204030883369950761e-01, 3.292395264180173475e-01
4.052611797561892493e-01, 1.450870440135293982e-01, 1.204362470746153241e-01, 3.292155291556662089e-01
4.052287359821206136e-01, 1.451103126025100887e-01, 1.204694313435440423e-01, 3.291915200718253387e-01
4.051962756203514870e-01, 1.451335840598874383e-01, 1.205026411478386100e-01, 3.291674991719225618e-01
4.051637986729757501e-01, 1.451568583740836804e-01, 1.205358764915486630e-01, 3.291434664613919758e-01
4.051313051420956102e-01, 1.451801355335144150e-01, 1.205691373787160375e-01, 3.291194219456737846e-01
4.050987950298218787e-01, 1.452034155265887472e-01, 1.206024238133749232e-01, 3.290953656302144648e-01
4.050662683382733054e-01, 1.452266983417089818e-01, 1.206357357995516549e-01, 3.290712975204661550e-01
4.050337250695765778e-01, 1.452499839672710402e-01, 1.206690733412647820e-01, 3.290472176218877665e-01
4.050011652258672656e-01, 1.452732723916641822e-01, 1.207024364425251101e-01, 3.290231259399434283e-01
4.049685888092888764e-01, 1.452965636032712005e-01, 1.207358251073355898e-01, 3.289990224801043195e-01
4.049359958219929112e-01, 1.453198575904681988e-01, 1.207692393396915254e-01, 3.289749072478473368e-01
4.049033862661395311e-01, 1.453431543416248417e-01, 1.208026791435801300e-01, 3.289507802486554278e-01
4.048707601438972237e-01, 1.453664538451041044e-01, 1.208361445229810399e-01, 3.289266414880176459e-01
4.048381174574420815e-01, 1.453897560892625229e-01, 1.208696354818658975e-01, 3.289024909714295397e-01
4.048054582089593567e-01, 1.454130610624500275e-01, 1.209031520241985180e-01, 3.288783287043920978e-01
4.047727824006419062e-01, 1.454363687530101368e-01, 1.209366941539349455e-01, 3.288541546924130254e-01
4.047400900346914132e-01, 1.454596791492796526e-01, 1.209702618750232023e-01, 3.288299689410057458e-01
4.047073811133174437e-01, 1.454829922395889930e-01, 1.210038551914035254e-01, 3.288057714556901212e-01
4.046746556387380567e-01, 1.455063080122619423e-01, 1.210374741070082416e-01, 3.287815622419917316e-01
4.046419136131796379e-01, 1.455296264556159291e-01, 1.210711186257618088e-01, 3.287573413054425964e-01
4.046091550388768998e-01, 1.455529475579616649e-01, 1.211047887515806082e-01, 3.287331086515807854e-01
4.045763799180728260e-01, 1.455762713076035608e-01, 1.211384844883732909e-01, 3.287088642859501975e-01
4.045435882530187266e-01, 1.455995976928393942e-01, 1.211722058400405005e-01, 3.286846082141013925e-01
4.045107800459744052e-01, 1.456229267019604479e-01, 1.212059528104749290e-01, 3.286603404415902041e-01
4.044779552992078253e-01, 1.456462583232516206e-01, 1.212397254035611771e-01, 3.286360609739793492e-01
4.044451140149954438e-01, 1.456695925449912055e-01, 1.212735236231761299e-01, 3.286117698168372625e-01
4.044122561956220441e-01, 1.456929293554510285e-01, 1.213073474731884982e-01, 3.285874669757384847e-01
4.043793818433807363e-01, 1.457162687428966152e-01, 1.213411969574590549e-01, 3.285631524562636074e-01
4.043464909605730129e-01, 1.457396106955868020e-01, 1.213750720798406069e-01, 3.285388262639996615e-01
4.043135835495089148e-01, 1.457629552017740693e-01, 1.214089728441778843e-01, 3.285144884045391733e-01
4.042806596125065322e-01, 1.457863022497044303e-01, 1.214428992543076791e-01, 3.284901388834813862e-01
4.042477191518927815e-01, 1.458096518276174036e-01, 1.214768513140586093e-01, 3.284657777064310946e-01
4.042147621700026838e-01, 1.458330039237461795e-01, 1.215108290272513825e-01, 3.284414048789997542e-01
4.041817886691798090e-01, 1.458563585263173423e-01, 1.215448323976986017e-01, 3.284170204068041499e-01
4.041487986517761088e-01, 1.458797156235511761e-01, 1.215788614292048347e-01, 3.283926242954679497e-01
4.041157921201518621e-01, 1.459030752036614698e-01, 1.216129161255664892e-01, 3.283682165506202622e-01
4.040827690766758962e-01, 1.459264372548555455e-01, 1.216469964905718959e-01, 3.283437971778966902e-01
4.040497295237254760e-01, 1.459498017653343971e-01, 1.216811025280014058e-01, 3.283193661829386656e-01
4.040166734636864709e-01, 1.459731687232925790e-01, 1.217152342416271543e-01, 3.282949235713937819e-01
4.039836008989527438e-01, 1.459965381169182619e-01, 1.217493916352131167e-01, 3.282704693489159609e-01
4.039505118319269839e-01, 1.460199099343930385e-01, 1.217835747125152468e-01, 3.282460035211645644e-01
4.039174062650204289e-01, 1.460432841638923951e-01, 1.218177834772813523e-01, 3.282215260938057266e-01
4.038842842006525324e-01, 1.460666607935852401e-01, 1.218520179332509834e-01, 3.281970370725112995e-01
4.038511456412512413e-01, 1.460900398116340981e-01, 1.218862780841555721e-01, 3.281725364629592412e-01
4.038179905892531063e-01, 1.461134212061950544e-01, 1.219205639337183622e-01, 3.281480242708334494e-01
4.037848190471032273e-01, 1.461368049654180046e-01, 1.219548754856545486e-01, 3.281235005018241502e-01
4.037516310172552525e-01, 1.461601910774464608e-01, 1.219892127436709162e-01, 3.280989651616275093e-01
4.037184265021708240e-01, 1.461835795304173291e-01, 1.220235757114661868e-01, 3.280744182559457434e-01
4.036852055043207432e-01, 1.462069703124613540e-01, 1.220579643927307834e-01, 3.280498597904871194e-01
4.036519680261839160e-01, 1.462303634117029238e-01, 1.220923787911469688e-01, 3.280252897709661219e-01
4.036187140702483522e-01, 1.462537588162600710e-01, 1.221268189103887347e-01, 3.280007082031029531e-01
4.035854436390097222e-01, 1.462771565142443053e-01, 1.221612847541218017e-01, 3.279761150926241986e-01
4.035521567349728000e-01, 1.463005564937611414e-01, 1.221957763260036467e-01, 3.279515104452623286e-01
4.035188533606510197e-01, 1.463239587429094879e-01, 1.222302936296835174e-01, 3.279268942667560305e-01
4.034855335185659198e-01, 1.463473632497819532e-01, 1.222648366688022237e-01, 3.279022665628499311e-01
4.034521972112479760e-01, 1.463707700024650116e-01, 1.222994054469925124e-01, 3.278776273392944862e-01
4.034188444412360464e-01, 1.463941789890385592e-01, 1.223339999678786649e-01, 3.278529766018467018e-01
4.033854752110777042e-01, 1.464175901975764416e-01, 1.223686202350766500e-01, 3.278283143562691904e-01
4.033520895233290715e-01, 1.464410036161459816e-01, 1.224032662521942205e-01, 3.278036406083307819e-01
4.033186873805544304e-01, 1.464644192328084793e-01, 1.224379380228306502e-01, 3.277789553638063569e-01
4.032852687853274998e-01, 1.464878370356185455e-01, 1.224726355505769276e-01, 3.277542586284770132e-01
4.032518337402297703e-01, 1.465112570126249070e-01, 1.225073588390157703e-01, 3.277295504081294553e-01
4.032183822478521140e-01, 1.465346791518697678e-01, 1.225421078917213052e-01, 3.277048307085568268e-01
4.031849143107932854e-01, 1.465581034413890871e-01, 1.225768827122595411e-01, 3.276800995355580448e-01
4.031514299316611982e-01, 1.465815298692126623e-01, 1.226116833041878684e-01, 3.276553568949381878e-01
4.031179291130721487e-01, 1.466049584233639347e-01, 1.226465096710554481e-01, 3.276306027925084408e-01
4.030844118576509816e-01, 1.466283890918601007e-01, 1.226813618164029340e-01, 3.276058372340859282e-01
4.030508781680315344e-01, 1.466518218627121117e-01, 1.227162397437625146e-01, 3.275810602254938808e-01
4.030173280468559160e-01, 1.466752567239247573e-01, 1.227511434566580656e-01, 3.275562717725611916e-01
4.029837614967752280e-01, 1.466986936634964156e-01, 1.227860729586049415e-01, 3.275314718811234149e-01
4.029501785204488429e-01, 1.467221326694194139e-01, 1.228210282531100317e-01, 3.275066605570217670e-01
4.029165791205454039e-01, 1.467455737296796681e-01, 1.228560093436717460e-01, 3.274818378061032376e-01
4.028829632997414922e-01, 1.467690168322570432e-01, 1.228910162337800843e-01, 3.274570036342213664e-01
4.028493310607229594e-01, 1.467924619651251317e-01, 1.229260489269165674e-01, 3.274321580472354110e-01
4.028156824061839836e-01, 1.468159091162512531e-01, 1.229611074265540421e-01, 3.274073010510107906e-01
4.027820173388276803e-01, 1.468393582735965652e-01, 1.229961917361570151e-01, 3.273824326514188088e-01
4.027483358613658804e-01, 1.468628094251160365e-01, 1.230313018591814300e-01, 3.273575528543367086e-01
4.027146379765187967e-01, 1.468862625587585014e-01, 1.230664377990746544e-01, 3.273326616656480059e-01
4.026809236870155795e-01, 1.469097176624664935e-01, 1.231015995592756457e-01, 3.273077590912423784e-01
4.026471929955943163e-01, 1.469331747241764130e-01, 1.231367871432145766e-01, 3.272828451370146663e-01
4.026134459050015324e-01, 1.469566337318185534e-01, 1.231720005543132102e-01, 3.272579198088665930e-01
4.025796824179926903e-01, 1.469800946733168523e-01, 1.232072397959847049e-01, 3.272329831127057109e-01
4.025459025373318567e-01, 1.470035575365893077e-01, 1.232425048716336985e-01, 3.272080350544451788e-01
4.025121062657916471e-01, 1.470270223095476725e-01, 1.232777957846560718e-01, 3.271830756400045948e-01
4.024782936061539473e-01, 1.470504889800974824e-01, 1.233131125384391708e-01, 3.271581048753095522e-01
4.024444645612089699e-01, 1.470739575361382223e-01, 1.233484551363617510e-01, 3.271331227662911956e-01
4.024106191337559202e-01, 1.470974279655631600e-01, 1.233838235817939222e-01, 3.271081293188869421e-01
4.023767573266027742e-01, 1.471209002562595125e-01, 1.234192178780971483e-01, 3.270831245390405928e-01
4.023428791425659456e-01, 1.471443743961083905e-01, 1.234546380286242334e-01, 3.270581084327014998e-01
4.023089845844713408e-01, 1.471678503729845766e-01, 1.234900840367193081e-01, 3.270330810058247328e-01
4.022750736551530815e-01, 1.471913281747569691e-01, 1.235255559057178293e-01, 3.270080422643720786e-01
4.022411463574543378e-01, 1.472148077892883045e-01, 1.235610536389465108e-01, 3.269829922143108192e-01
4.022072026942269396e-01, 1.472382892044351577e-01, 1.235965772397235873e-01, 3.269579308616143432e-01
4.021732426683316541e-01, 1.472617724080480250e-01, 1.236321267113582589e-01, 3.269328582122620896e-01
4.021392662826379638e-01, 1.472852573879712690e-01, 1.236677020571512742e-01, 3.269077742722393820e-01
4.021052735400245104e-01, 1.473087441320433677e-01, 1.237033032803945276e-01, 3.268826790475375388e-01
4.020712644433782623e-01, 1.473322326280964434e-01, 1.237389303843711985e-01, 3.268575725441541513e-01
4.020372389955952919e-01, 1.473557228639567340e-01, 1.237745833723556399e-01, 3.268324547680921954e-01
4.020031971995807196e-01, 1.473792148274444547e-01, 1.238102622476136283e-01, 3.268073257253611419e-01
4.019691390582483259e-01, 1.474027085063734643e-01, 1.238459670134019613e-01, 3.267821854219762900e-01
4.019350645745206063e-01, 1.474262038885519321e-01, 1.238816976729687769e-01, 3.267570338639588234e-01
4.019009737513291047e-01, 1.474497009617817544e-01, 1.239174542295533310e-01, 3.267318710573358098e-01
4.018668665916143024e-01, 1.474731997138587769e-01, 1.239532366863861368e-01, 3.267066970081407007e-01
4.018327430983255066e-01, 1.474967001325730720e-01, 1.239890450466888810e-01, 3.266815117224125542e-01
4.017986032744207403e-01, 1.475202022057083839e-01, 1.240248793136744243e-01, 3.266563152061965347e-01
4.017644471228671299e-01, 1.475437059210424895e-01, 1.240607394905467314e-01, 3.266311074655436353e-01
4.017302746466407393e-01, 1.475672112663472813e-01, 1.240966255805009688e-01, 3.266058885065110107e-01
4.016960858487265140e-01, 1.475907182293885178e-01, 1.241325375867233932e-01, 3.265806583351615888e-01
4.016618807321180040e-01, 1.476142267979261014e-01, 1.241684755123914768e-01, 3.265554169575644039e-01
4.016276592998181960e-01, 1.476377369597137723e-01, 1.242044393606736852e-01, 3.265301643797943187e-01
4.015934215548385700e-01, 1.476612487024993592e-01, 1.242404291347297407e-01, 3.265049006079321914e-01
4.015591675002000427e-01, 1.476847620140246675e-01, 1.242764448377102759e-01, 3.264796256480650416e-01
4.015248971389318022e-01, 1.477082768820255354e-01, 1.243124864727571249e-01, 3.264543395062855513e-01
4.014906104740725290e-01, 1.477317932942319445e-01, 1.243485540430032260e-01, 3.264290421886923976e-01
4.014563075086695632e-01, 1.477553112383677147e-01, 1.243846475515724553e-01, 3.264037337013903639e-01
4.014219882457794042e-01, 1.477788307021508096e-01, 1.244207670015798212e-01, 3.263784140504900066e-01
4.013876526884674334e-01, 1.478023516732933085e-01, 1.244569123961313251e-01, 3.263530832421079331e-01
4.013533008398079693e-01, 1.478258741395012121e-01, 1.244930837383240868e-01, 3.263277412823667456e-01
4.013189327028844344e-01, 1.478493980884746650e-01, 1.245292810312461085e-01, 3.263023881773948198e-01
4.012845482807891329e-01, 1.478729235079077331e-01, 1.245655042779764687e-01, 3.262770239333265820e-01
4.012501475766234171e-01, 1.478964503854888479e-01, 1.246017534815853089e-01, 3.262516485563023982e-01
4.012157305934976881e-01, 1.479199787089003348e-01, 1.246380286451336250e-01, 3.262262620524684631e-01
4.011812973345311728e-01, 1.479435084658184685e-01, 1.246743297716734061e-01, 3.262008644279769665e-01
4.011468478028522577e-01, 1.479670396439138613e-01, 1.247106568642477181e-01, 3.261754556889862044e-01
4.011123820015983776e-01, 1.479905722308511307e-01, 1.247470099258904536e-01, 3.261500358416601353e-01
4.010778999339159046e-01, 1.480141062142889263e-01, 1.247833889596264567e-01, 3.261246048921686014e-01
4.010434016029604254e-01, 1.480376415818801528e-01, 1.248197939684715652e-01, 3.260991628466877734e-01
4.010088870118961868e-01, 1.480611783212717469e-01, 1.248562249554325126e-01, 3.260737097113994842e-01
4.009743561638969833e-01, 1.480847164201047894e-01, 1.248926819235069291e-01, 3.260482454924912843e-01
4.009398090621452693e-01, 1.481082558660143933e-01, 1.249291648756832573e-01, 3.260227701961571078e-01
4.009052457098327693e-01, 1.481317966466300096e-01, 1.249656738149409474e-01, 3.259972838285962737e-01
4.008706661101602564e-01, 1.481553387495750940e-01, 1.250022087442502483e-01, 3.259717863960143180e-01
4.008360702663374964e-01, 1.481788821624672459e-01, 1.250387696665724024e-01, 3.259462779046229386e-01
4.008014581815833588e-01, 1.482024268729182914e-01, 1.250753565848592430e-01, 3.259207583606391068e-01
4.007668298591257061e-01, 1.482259728685340894e-01, 1.251119695020536937e-01, 3.258952277702865108e-01
4.007321853022018376e-01, 1.482495201369148918e-01, 1.251486084210893523e-01, 3.258696861397938904e-01
4.006975245140578235e-01, 1.482730686656549834e-01, 1.251852733448907407e-01, 3.258441334753964247e-01
4.006628474979490040e-01, 1.482966184423427647e-01, 1.252219642763730545e-01, 3.258185697833350658e-01
4.006281542571397125e-01, 1.483201694545610572e-01, 1.252586812184425524e-01, 3.257929950698567612e-01
4.005934447949033861e-01, 1.483437216898865763e-01, 1.252954241739958341e-01, 3.257674093412141758e-01
4.005587191145227877e-01, 1.483672751358905140e-01, 1.253321931459207006e-01, 3.257418126036659700e-01
4.005239772192896730e-01, 1.483908297801380671e-01, 1.253689881370955161e-01, 3.257162048634767437e-01
4.004892191125049572e-01, 1.484143856101888537e-01, 1.254058091503894024e-01, 3.256905861269168145e-01
4.004544447974786592e-01, 1.484379426135964963e-01, 1.254426561886622382e-01, 3.256649564002626063e-01
4.004196542775299572e-01, 1.484615007779089835e-01, 1.254795292547646046e-01, 3.256393156897964269e-01
4.003848475559874109e-01, 1.484850600906685580e-01, 1.255164283515378676e-01, 3.256136640018061357e-01
4.003500246361884618e-01, 1.485086205394116621e-01, 1.255533534818140950e-01, 3.255880013425858643e-01
4.003151855214797106e-01, 1.485321821116688534e-01, 1.255903046484159458e-01, 3.255623277184355735e-01
4.002803302152171394e-01, 1.485557447949651944e-01, 1.256272818541568914e-01, 3.255366431356608303e-01
4.002454587207658898e-01, 1.485793085768198907e-01, 1.256642851018409945e-01, 3.255109476005733637e-01
4.002105710415001516e-01, 1.486028734447463751e-01, 1.257013143942629918e-01, 3.254852411194905648e-01
4.001756671808032739e-01, 1.486264393862524180e-01, 1.257383697342082662e-01, 3.254595236987359308e-01
4.001407471420681539e-01, 1.486500063888401280e-01, 1.257754511244530138e-01, 3.254337953446386766e-01
4.001058109286966258e-01, 1.486735744400057846e-01, 1.258125585677636327e-01, 3.254080560635340125e-01
4.000708585440996279e-01, 1.486971435272399777e-01, 1.258496920668976671e-01, 3.253823058617627551e-01
4.000358899916976463e-01, 1.487207136380276906e-01, 1.258868516246028635e-01, 3.253565447456717719e-01
4.000009052749201599e-01, 1.487442847598482165e-01, 1.259240372436178090e-01, 3.253307727216138701e-01
3.999659043972058625e-01, 1.487678568801750756e-01, 1.259612489266714874e-01, 3.253049897959475745e-01
3.999308873620030513e-01, 1.487914299864761258e-01, 1.259984866764835842e-01, 3.252791959750371831e-01
3.998958541727687388e-01, 1.488150040662136464e-01, 1.260357504957643204e-01, 3.252533912652533221e-01
3.998608048329695963e-01, 1.488385791068441988e-01, 1.260730403872144800e-01, 3.252275756729717804e-01
3.998257393460812881e-01, 1.488621550958186268e-01, 1.261103563535253269e-01, 3.252017492045746749e-01
3.997906577155891372e-01, 1.488857320205822510e-01, 1.261476983973786881e-01, 3.251759118664500070e-01
3.997555599449872377e-01, 1.489093098685747019e-01, 1.261850665214469813e-01, 3.251500636649911624e-01
3.997204460377793422e-01, 1.489328886272298647e-01, 1.262224607283929378e-01, 3.251242046065977997e-01
3.996853159974781966e-01, 1.489564682839762677e-01, 1.262598810208700184e-01, 3.250983346976754618e-01
3.996501698276062053e-01, 1.489800488262365552e-01, 1.262973274015220526e-01, 3.250724539446350758e-01
3.996150075316947103e-01, 1.490036302414278480e-01, 1.263347998729833777e-01, 3.250465623538940640e-01
3.995798291132845459e-01, 1.490272125169617157e-01, 1.263722984378786718e-01, 3.250206599318751222e-01
3.995446345759258167e-01, 1.490507956402440659e-01, 1.264098230988232319e-01, 3.249947466850067745e-01
3.995094239231782307e-01, 1.490743795986751996e-01, 1.264473738584226681e-01, 3.249688226197239294e-01
3.994741971586101004e-01, 1.490979643796498944e-01, 1.264849507192731815e-01, 3.249428877424667683e-01
3.994389542857999520e-01, 1.491215499705573488e-01, 1.265225536839611475e-01, 3.249169420596815794e-01
3.994036953083348052e-01, 1.491451363587811552e-01, 1.265601827550635883e-01, 3.248909855778205347e-01
3.993684202298116714e-01, 1.491687235316992710e-01, 1.265978379351478111e-01, 3.248650183033411354e-01
3.993331290538366662e-01, 1.491923114766843528e-01, 1.266355192267714924e-01, 3.248390402427073775e-01
3.992978217840253419e-01, 1.492159001811032559e-01, 1.266732266324827882e-01, 3.248130514023886972e-01
3.992624984240023545e-01, 1.492394896323173126e-01, 1.267109601548199738e-01, 3.247870517888605257e-01
3.992271589774020191e-01, 1.492630798176824425e-01, 1.267487197963119427e-01, 3.247610414086036235e-01
3.991918034478679211e-01, 1.492866707245488755e-01, 1.267865055594778190e-01, 3.247350202681053566e-01
3.991564318390530275e-01, 1.493102623402615681e-01, 1.268243174468270951e-01, 3.247089883738583094e-01
3.991210441546197418e-01, 1.493338546521597865e-01, 1.268621554608594937e-01, 3.246829457323610058e-01
3.990856403982396827e-01, 1.493574476475772739e-01, 1.269000196040651340e-01, 3.246568923501179094e-01
3.990502205735942387e-01, 1.493810413138422777e-01, 1.269379098789243654e-01, 3.246308282336391460e-01
3.990147846843737911e-01, 1.494046356382776608e-01, 1.269758262879078503e-01, 3.246047533894406145e-01
3.989793327342783802e-01, 1.494282306082007905e-01, 1.270137688334765647e-01, 3.245786678240441536e-01
3.989438647270174276e-01, 1.494518262109234552e-01, 1.270517375180817421e-01, 3.245525715439773751e-01
3.989083806663096810e-01, 1.494754224337519755e-01, 1.270897323441647631e-01, 3.245264645557736638e-01
3.988728805558833246e-01, 1.494990192639873705e-01, 1.271277533141574045e-01, 3.245003468659719559e-01
3.988373643994763129e-01, 1.495226166889249142e-01, 1.271658004304814793e-01, 3.244742184811173491e-01
3.988018322008354266e-01, 1.495462146958548288e-01, 1.272038736955491967e-01, 3.244480794077604369e-01
3.987662839637176049e-01, 1.495698132720614526e-01, 1.272419731117629405e-01, 3.244219296524580298e-01
3.987307196918886687e-01, 1.495934124048240443e-01, 1.272800986815151858e-01, 3.243957692217720457e-01
3.986951393891241535e-01, 1.496170120814162563e-01, 1.273182504071887211e-01, 3.243695981222707858e-01
3.986595430592091427e-01, 1.496406122891064117e-01, 1.273564282911564538e-01, 3.243434163605280474e-01
3.986239307059378234e-01, 1.496642130151573380e-01, 1.273946323357813548e-01, 3.243172239431234005e-01
3.985883023331144859e-01, 1.496878142468265060e-01, 1.274328625434167084e-01, 3.242910208766422442e-01
3.985526579445523021e-01, 1.497114159713659187e-01, 1.274711189164059455e-01, 3.242648071676757504e-01
3.985169975440742696e-01, 1.497350181760224164e-01, 1.275094014570825052e-01, 3.242385828228208089e-01
3.984813211355127671e-01, 1.497586208480371217e-01, 1.275477101677698899e-01, 3.242123478486803045e-01
3.984456287227096660e-01, 1.497822239746460782e-01, 1.275860450507819432e-01, 3.241861022518623403e-01
3.984099203095165520e-01, 1.498058275430797226e-01, 1.276244061084224057e-01, 3.241598460389814029e-01
3.983741958997941701e-01, 1.498294315405633015e-01, 1.276627933429852202e-01, 3.241335792166573082e-01
3.983384554974131464e-01, 1.498530359543166213e-01, 1.277012067567543374e-01, 3.241073017915158672e-01
3.983026991062533773e-01, 1.498766407715542426e-01, 1.277396463520037440e-01, 3.240810137701885529e-01
3.982669267302046401e-01, 1.499002459794852860e-01, 1.277781121309975454e-01, 3.240547151593124453e-01
3.982311383731657606e-01, 1.499238515653135151e-01, 1.278166040959899663e-01, 3.240284059655307303e-01
3.981953340390453899e-01, 1.499474575162374756e-01, 1.278551222492250450e-01, 3.240020861954920339e-01
3.981595137317618383e-01, 1.499710638194503842e-01, 1.278936665929369665e-01, 3.239757558558507555e-01
3.981236774552428526e-01, 1.499946704621400451e-01, 1.279322371293499239e-01, 3.239494149532672340e-01
3.980878252134255613e-01, 1.500182774314890721e-01, 1.279708338606780349e-01, 3.239230634944073040e-01
3.980519570102571403e-01, 1.500418847146747225e-01, 1.280094567891255919e-01, 3.238967014859425730e-01
3.980160728496938138e-01, 1.500654922988690076e-01, 1.280481059168865343e-01, 3.238703289345505887e-01
3.979801727357017427e-01, 1.500891001712386097e-01, 1.280867812461451427e-01, 3.238439458469144494e-01
3.979442566722565799e-01, 1.501127083189450762e-01, 1.281254827790753725e-01, 3.238175522297229714e-01
3.979083246633435822e-01, 1.501363167291444589e-01, 1.281642105178412150e-01, 3.237911480896706884e-01
3.978723767129575539e-01, 1.501599253889877028e-01, 1.282029644645965583e-01, 3.237647334334579630e-01
3.978364128251030696e-01, 1.501835342856206179e-01, 1.282417446214853263e-01, 3.237383082677910418e-01
3.978004330037940295e-01, 1.502071434061835187e-01, 1.282805509906411734e-01, 3.237118725993813340e-01
3.977644372530542149e-01, 1.502307527378116403e-01, 1.283193835741877065e-01, 3.236854264349464105e-01
3.977284255769169552e-01, 1.502543622676349999e-01, 1.283582423742385681e-01, 3.236589697812095046e-01
3.976923979794251829e-01, 1.502779719827782301e-01, 1.283971273928970758e-01, 3.236325026448995668e-01
3.976563544646315451e-01, 1.503015818703610784e-01, 1.284360386322564718e-01, 3.236060250327509324e-01
3.976202950365984035e-01, 1.503251919174977413e-01, 1.284749760943998675e-01, 3.235795369515039877e-01
3.975842196993973343e-01, 1.503488021112974748e-01, 1.285139397814002438e-01, 3.235530384079050581e-01
3.975481284571101837e-01, 1.503724124388640948e-01, 1.285529296953203393e-01, 3.235265294087054100e-01
3.975120213138281233e-01, 1.503960228872965876e-01, 1.285919458382127900e-01, 3.235000099606625823e-01
3.974758982736518176e-01, 1.504196334436885274e-01, 1.286309882121199899e-01, 3.234734800705397206e-01
3.974397593406920892e-01, 1.504432440951282701e-01, 1.286700568190740912e-01, 3.234469397451054662e-01
3.974036045190691979e-01, 1.504668548286992591e-01, 1.287091516610971431e-01, 3.234203889911345109e-01
3.973674338129130068e-01, 1.504904656314794420e-01, 1.287482727402008420e-01, 3.233938278154067092e-01
3.973312472263629824e-01, 1.505140764905420203e-01, 1.287874200583867534e-01, 3.233672562247081883e-01
3.972950447635688609e-01, 1.505376873929547832e-01, 1.288265936176460902e-01, 3.233406742258302935e-01
3.972588264286893156e-01, 1.505612983257805237e-01, 1.288657934199599342e-01, 3.233140818255702542e-01
3.972225922258931785e-01, 1.505849092760768726e-01, 1.289050194672989591e-01, 3.232874790307310175e-01
3.971863421593590515e-01, 1.506085202308963256e-01, 1.289442717616236245e-01, 3.232608658481210262e-01
3.971500762332749734e-01, 1.506321311772863270e-01, 1.289835503048841481e-01, 3.232342422845545515e-01
3.971137944518389196e-01, 1.506557421022892695e-01, 1.290228550990203393e-01, 3.232076083468514716e-01
3.970774968192586352e-01, 1.506793529929423003e-01, 1.290621861459617381e-01, 3.231809640418372709e-01
3.970411833397515244e-01, 1.507029638362776258e-01, 1.291015434476276147e-01, 3.231543093763432628e-01
3.970048540175445950e-01, 1.507265746193223177e-01, 1.291409270059268033e-01, 3.231276443572062007e-01
3.969685088568748466e-01, 1.507501853290985072e-01, 1.291803368227578963e-01, 3.231009689912687222e-01
3.969321478619888821e-01, 1.507737959526231075e-01, 1.292197729000089668e-01, 3.230742832853790159e-01
3.968957710371430747e-01, 1.507974064769080635e-01, 1.292592352395578459e-01, 3.230475872463909326e-01
3.968593783866039004e-01, 1.508210168889602687e-01, 1.292987238432720121e-01, 3.230208808811637633e-01
3.968229699146472167e-01, 1.508446271757815649e-01, 1.293382387130084243e-01, 3.229941641965627941e-01
3.967865456255585399e-01, 1.508682373243688812e-01, 1.293777798506137444e-01, 3.229674371994587512e-01
3.967501055236337115e-01, 1.508918473217139566e-01, 1.294173472579241702e-01, 3.229406998967281339e-01
3.967136496131780099e-01, 1.509154571548037005e-01, 1.294569409367654356e-01, 3.229139522952529373e-01
3.966771778985064278e-01, 1.509390668106198874e-01, 1.294965608889529496e-01, 3.228871944019207629e-01
3.966406903839440057e-01, 1.509626762761392960e-01, 1.295362071162915185e-01, 3.228604262236250411e-01
3.966041870738256647e-01, 1.509862855383339308e-01, 1.295758796205757346e-01, 3.228336477672646976e-01
3.965676679724958187e-01, 1.510098945841704954e-01, 1.296155784035893654e-01, 3.228068590397443205e-01
3.965311330843088733e-01, 1.510335034006111132e-01, 1.296553034671060478e-01, 3.227800600479739934e-01
3.964945824136292818e-01, 1.510571119746124680e-01, 1.296950548128886771e-01, 3.227532507988696286e-01
3.964580159648307123e-01, 1.510807202931267745e-01, 1.297348324426898236e-01, 3.227264312993528006e-01
3.964214337422972689e-01, 1.511043283431010020e-01, 1.297746363582512885e-01, 3.226996015563503573e-01
3.963848357504230480e-01, 1.511279361114773179e-01, 1.298144665613046866e-01, 3.226727615767950308e-01
3.963482219936110829e-01, 1.511515435851928935e-01, 1.298543230535708359e-01, 3.226459113676252155e-01
3.963115924762751763e-01, 1.511751507511800152e-01, 1.298942058367601737e-01, 3.226190509357846348e-01
3.962749472028389008e-01, 1.511987575963660568e-01, 1.299341149125723405e-01, 3.225921802882227851e-01
3.962382861777348775e-01, 1.512223641076734792e-01, 1.299740502826967625e-01, 3.225652994318948252e-01
3.962016094054066073e-01, 1.512459702720199139e-01, 1.300140119488120138e-01, 3.225384083737615759e-01
3.961649168903069729e-01, 1.512695760763179686e-01, 1.300539999125859825e-01, 3.225115071207890760e-01
3.961282086368986821e-01, 1.512931815074755049e-01, 1.300940141756763702e-01, 3.224845956799494151e-01
3.960914846496548236e-01, 1.513167865523954436e-01, 1.301340547397298320e-01, 3.224576740582199008e-01
3.960547449330577008e-01, 1.513403911979759597e-01, 1.301741216063826700e-01, 3.224307422625836694e-01
3.960179894915999976e-01, 1.513639954311101210e-01, 1.302142147772603897e-01, 3.224038003000295194e-01
3.959812183297842236e-01, 1.513875992386864155e-01, 1.302543342539779214e-01, 3.223768481775514672e-01
3.959444314521228803e-01, 1.514112026075883910e-01, 1.302944800381395929e-01, 3.223498859021492469e-01
3.959076288631379059e-01, 1.514348055246947378e-01, 1.303346521313389073e-01, 3.223229134808284768e-01
3.958708105673618416e-01, 1.514584079768793723e-01, 1.303748505351589038e-01, 3.222959309205999934e-01
3.958339765693366097e-01, 1.514820099510114093e-01, 1.304150752511716582e-01, 3.222689382284802395e-01
3.957971268736146242e-01, 1.515056114339551063e-01, 1.304553262809387548e-01, 3.222419354114914869e-01
3.957602614847576250e-01, 1.515292124125699469e-01, 1.304956036260110086e-01, 3.222149224766614473e-01
3.957233804073377881e-01, 1.515528128737106961e-01, 1.305359072879284377e-01, 3.221878994310231059e-01
3.956864836459370038e-01, 1.515764128042271786e-01, 1.305762372682204020e-01, 3.221608662816153323e-01
3.956495712051472657e-01, 1.516000121909646114e-01, 1.306165935684055202e-01, 3.221338230354824916e-01
3.956126430895703927e-01, 1.516236110207634380e-01, 1.306569761899916138e-01, 3.221067696996745000e-01
3.955756993038183067e-01, 1.516472092804592442e-01, 1.306973851344757631e-01, 3.220797062812467138e-01
3.955387398525126996e-01, 1.516708069568828698e-01, 1.307378204033441682e-01, 3.220526327872601513e-01
3.955017647402856995e-01, 1.516944040368605751e-01, 1.307782819980724265e-01, 3.220255492247812157e-01
3.954647739717787602e-01, 1.517180005072137627e-01, 1.308187699201251164e-01, 3.219984556008824161e-01
3.954277675516438273e-01, 1.517415963547591451e-01, 1.308592841709561860e-01, 3.219713519226408138e-01
3.953907454845427827e-01, 1.517651915663087436e-01, 1.308998247520086755e-01, 3.219442381971398537e-01
3.953537077751473339e-01, 1.517887861286697782e-01, 1.309403916647147448e-01, 3.219171144314680322e-01
3.953166544281394024e-01, 1.518123800286449721e-01, 1.309809849104958124e-01, 3.218899806327197854e-01
3.952795854482109017e-01, 1.518359732530320527e-01, 1.310216044907623334e-01, 3.218628368079947122e-01
3.952425008400635154e-01, 1.518595657886244454e-01, 1.310622504069139937e-01, 3.218356829643980177e-01
3.952054006084092519e-01, 1.518831576222106905e-01, 1.311029226603395437e-01, 3.218085191090406250e-01
3.951682847579700009e-01, 1.519067487405746375e-01, 1.311436212524167699e-01, 3.217813452490384529e-01
3.951311532934778659e-01, 1.519303391304955841e-01, 1.311843461845127179e-01, 3.217541613915137488e-01
3.950940062196747204e-01, 1.519539287787481374e-01, 1.312250974579834417e-01, 3.217269675435937559e-01
3.950568435413126522e-01, 1.519775176721022414e-01, 1.312658750741739488e-01, 3.216997637124111575e-01
3.950196652631539629e-01, 1.520011057973233159e-01, 1.313066790344185886e-01, 3.216725499051041881e-01
3.949824713899706130e-01, 1.520246931411720348e-01, 1.313475093400404414e-01, 3.216453261288168552e-01
3.949452619265449993e-01, 1.520482796904045752e-01, 1.313883659923519298e-01, 3.216180923906984956e-01
3.949080368776694550e-01, 1.520718654317724239e-01, 1.314292489926543184e-01, 3.215908486979038861e-01
3.948707962481463052e-01, 1.520954503520225154e-01, 1.314701583422378528e-01, 3.215635950575932434e-01
3.948335400427882558e-01, 1.521190344378972603e-01, 1.315110940423820651e-01, 3.215363314769325020e-01
3.947962682664176715e-01, 1.521426176761343507e-01, 1.315520560943551354e-01, 3.215090579630928147e-01
3.947589809238673531e-01, 1.521662000534670656e-01, 1.315930444994144466e-01, 3.214817745232511070e-01
3.947216780199800379e-01, 1.521897815566239098e-01, 1.316340592588062519e-01, 3.214544811645896338e-01
3.946843595596088439e-01, 1.522133621723291974e-01, 1.316751003737659798e-01, 3.214271778942960345e-01
3.946470255476164368e-01, 1.522369418873023572e-01, 1.317161678455177343e-01, 3.213998647195634439e-01
3.946096759888761407e-01, 1.522605206882584050e-01, 1.317572616752746562e-01, 3.213725416475907704e-01
3.945723108882709940e-01, 1.522840985619079712e-01, 1.317983818642388671e-01, 3.213452086855820844e-01
3.945349302506946931e-01, 1.523076754949569400e-01, 1.318395284136014978e-01, 3.213178658407468968e-01
3.944975340810506492e-01, 1.523312514741067270e-01, 1.318807013245423265e-01, 3.212905131203002140e-01
3.944601223842523763e-01, 1.523548264860545010e-01, 1.319219005982303072e-01, 3.212631505314627600e-01
3.944226951652236579e-01, 1.523784005174926848e-01, 1.319631262358231527e-01, 3.212357780814605324e-01
3.943852524288986583e-01, 1.524019735551092602e-01, 1.320043782384673625e-01, 3.212083957775248022e-01
3.943477941802214226e-01, 1.524255455855878238e-01, 1.320456566072984450e-01, 3.211810036268923918e-01
3.943103204241459325e-01, 1.524491165956074201e-01, 1.320869613434407230e-01, 3.211536016368058410e-01
3.942728311656370499e-01, 1.524726865718427360e-01, 1.321282924480074450e-01, 3.211261898145128524e-01
3.942353264096689069e-01, 1.524962555009639620e-01, 1.321696499221005072e-01, 3.210987681672666794e-01
3.941978061612265716e-01, 1.525198233696367922e-01, 1.322110337668107316e-01, 3.210713367023259046e-01
3.941602704253051037e-01, 1.525433901645226187e-01, 1.322524439832177545e-01, 3.210438954269544953e-01
3.941227192069094443e-01, 1.525669558722783092e-01, 1.322938805723900824e-01, 3.210164443484221364e-01
3.940851525110548592e-01, 1.525905204795564019e-01, 1.323353435353848417e-01, 3.209889834740037862e-01
3.940475703427672727e-01, 1.526140839730049936e-01, 1.323768328732480848e-01, 3.209615128109796212e-01
3.940099727070819347e-01, 1.526376463392678240e-01, 1.324183485870145949e-01, 3.209340323666357020e-01
3.939723596090450863e-01, 1.526612075649841360e-01, 1.324598906777078589e-01, 3.209065421482629743e-01
3.939347310537129609e-01, 1.526847676367889262e-01, 1.325014591463400948e-01, 3.208790421631579903e-01
3.938970870461517282e-01, 1.527083265413128332e-01, 1.325430539939124464e-01, 3.208515324186230200e-01
3.938594275914379939e-01, 1.527318842651820552e-01, 1.325846752214145108e-01, 3.208240129219653292e-01
3.938217526946589109e-01, 1.527554407950184323e-01, 1.326263228298248109e-01, 3.207964836804978459e-01
3.937840623609112356e-01, 1.527789961174396416e-01, 1.326679968201104343e-01, 3.207689447015387163e-01
3.937463565953023825e-01, 1.528025502190587803e-01, 1.327096971932272274e-01, 3.207413959924116376e-01
3.937086354029498692e-01, 1.528261030864847825e-01, 1.327514239501197402e-01, 3.207138375604455804e-01
3.936708987889817046e-01, 1.528496547063222799e-01, 1.327931770917210874e-01, 3.206862694129749003e-01
3.936331467585356680e-01, 1.528732050651715746e-01, 1.328349566189532260e-01, 3.206586915573396146e-01
3.935953793167603632e-01, 1.528967541496285831e-01, 1.328767625327264834e-01, 3.206311040008846813e-01
3.935575964688142192e-01, 1.529203019462850588e-01, 1.329185948339400847e-01, 3.206035067509606096e-01
3.935197982198662126e-01, 1.529438484417284805e-01, 1.329604535234818474e-01, 3.205758998149235151e-01
3.934819845750953671e-01, 1.529673936225419695e-01, 1.330023386022279319e-01, 3.205482832001346760e-01
3.934441555396911983e-01, 1.529909374753044282e-01, 1.330442500710435072e-01, 3.205206569139608108e-01
3.934063111188535466e-01, 1.530144799865905958e-01, 1.330861879307820017e-01, 3.204930209637738003e-01
3.933684513177922448e-01, 1.530380211429708814e-01, 1.331281521822856584e-01, 3.204653753569512986e-01
3.933305761417274504e-01, 1.530615609310114478e-01, 1.331701428263851184e-01, 3.204377201008759002e-01
3.932926855958902013e-01, 1.530850993372743218e-01, 1.332121598638996429e-01, 3.204100552029359172e-01
3.932547796855212496e-01, 1.531086363483172286e-01, 1.332542032956371136e-01, 3.203823806705244359e-01
3.932168584158716174e-01, 1.531321719506937296e-01, 1.332962731223938102e-01, 3.203546965110408151e-01
3.931789217922030399e-01, 1.531557061309533063e-01, 1.333383693449546881e-01, 3.203270027318889102e-01
3.931409698197875779e-01, 1.531792388756410273e-01, 1.333804919640931841e-01, 3.202992993404782940e-01
3.931030025039071174e-01, 1.532027701712979639e-01, 1.334226409805710778e-01, 3.202715863442239241e-01
3.930650198498542580e-01, 1.532263000044609691e-01, 1.334648163951389077e-01, 3.202438637505459207e-01
3.930270218629320356e-01, 1.532498283616626766e-01, 1.335070182085354440e-01, 3.202161315668698438e-01
3.929890085484535889e-01, 1.532733552294317514e-01, 1.335492464214881603e-01, 3.201883898006265827e-01
3.929509799117425484e-01, 1.532968805942925006e-01, 1.335915010347127341e-01, 3.201606384592522447e-01
3.929129359581327030e-01, 1.533204044427653179e-01, 1.336337820489135741e-01, 3.201328775501883772e-01
3.928748766929684999e-01, 1.533439267613662671e-01, 1.336760894647833209e-01, 3.201051070808819676e-01
3.928368021216046002e-01, 1.533674475366073875e-01, 1.337184232830031516e-01, 3.200773270587848884e-01
3.927987122494059347e-01, 1.533909667549966938e-01, 1.337607835042425308e-01, 3.200495374913548408e-01
3.927606070817478146e-01, 1.534144844030380095e-01, 1.338031701291595710e-01, 3.200217383860545217e-01
3.927224866240163204e-01, 1.534380004672312170e-01, 1.338455831584005329e-01, 3.199939297503520130e-01
3.926843508816073580e-01, 1.534615149340718410e-01, 1.338880225926002143e-01, 3.199661115917206144e-01
3.926461998599274361e-01, 1.534850277900517146e-01, 1.339304884323817280e-01, 3.199382839176390658e-01
3.926080335643938879e-01, 1.535085390216583134e-01, 1.339729806783565569e-01, 3.199104467355913251e-01
3.925698520004335945e-01, 1.535320486153751440e-01, 1.340154993311244991e-01, 3.198826000530666236e-01
3.925316551734845949e-01, 1.535555565576818826e-01, 1.340580443912738340e-01, 3.198547438775596330e-01
3.924934430889949755e-01, 1.535790628350538478e-01, 1.341006158593810171e-01, 3.198268782165701318e-01
3.924552157524232587e-01, 1.536025674339626113e-01, 1.341432137360109023e-01, 3.197990030776032278e-01
3.924169731692384588e-01, 1.536260703408755257e-01, 1.341858380217166580e-01, 3.197711184681693020e-01
3.923787153449200260e-01, 1.536495715422561692e-01, 1.342284887170396568e-01, 3.197432243957840647e-01
3.923404422849579576e-01, 1.536730710245639564e-01, 1.342711658225097249e-01, 3.197153208679683334e-01
3.923021539948523539e-01, 1.536965687742543607e-01, 1.343138693386447813e-01, 3.196874078922484208e-01
3.922638504801139736e-01, 1.537200647777789142e-01, 1.343565992659511987e-01, 3.196594854761558024e-01
3.922255317462641222e-01, 1.537435590215852632e-01, 1.343993556049234428e-01, 3.196315536272271718e-01
3.921871977988342084e-01, 1.537670514921169740e-01, 1.344421383560443772e-01, 3.196036123530046069e-01
3.921488486433663545e-01, 1.537905421758135882e-01, 1.344849475197848754e-01, 3.195756616610351264e-01
3.921104842854132300e-01, 1.538140310591110393e-01, 1.345277830966043198e-01, 3.195477015588714664e-01
3.920721047305377183e-01, 1.538375181284410420e-01, 1.345706450869500748e-01, 3.195197320540710817e-01
3.920337099843133055e-01, 1.538610033702315638e-01, 1.346135334912578752e-01, 3.194917531541972555e-01
3.919953000523239139e-01, 1.538844867709065201e-01, 1.346564483099514653e-01, 3.194637648668179897e-01
3.919568749401641794e-01, 1.539079683168861346e-01, 1.346993895434429322e-01, 3.194357671995068371e-01
3.919184346534386187e-01, 1.539314479945865788e-01, 1.347423571921324559e-01, 3.194077601598424021e-01
3.918799791977628511e-01, 1.539549257904200830e-01, 1.347853512564083922e-01, 3.193797437554086738e-01
3.918415085787627095e-01, 1.539784016907952968e-01, 1.348283717366472456e-01, 3.193517179937945816e-01
3.918030228020747407e-01, 1.540018756821169010e-01, 1.348714186332136966e-01, 3.193236828825946616e-01
3.917645218733455947e-01, 1.540253477507855240e-01, 1.349144919464604631e-01, 3.192956384294084460e-01
3.917260057982328014e-01, 1.540488178831981303e-01, 1.349575916767284389e-01, 3.192675846418406294e-01
3.916874745824041049e-01, 1.540722860657478821e-01, 1.350007178243465555e-01, 3.192395215275012910e-01
3.916489282315381848e-01, 1.540957522848241668e-01, 1.350438703896319759e-01, 3.192114490940057281e-01
3.916103667513238240e-01, 1.541192165268123193e-01, 1.350870493728898170e-01, 3.191833673489739565e-01
3.915717901474604634e-01, 1.541426787780941776e-01, 1.351302547744133442e-01, 3.191552763000319870e-01
3.915331984256581466e-01, 1.541661390250476105e-01, 1.351734865944839437e-01, 3.191271759548102716e-01
3.914945915916375196e-01, 1.541895972540467119e-01, 1.352167448333708166e-01, 3.190990663209450351e-01
3.914559696511294429e-01, 1.542130534514619122e-01, 1.352600294913313683e-01, 3.190709474060771655e-01
3.914173326098757677e-01, 1.542365076036597560e-01, 1.353033405686111801e-01, 3.190428192178532685e-01
3.913786804736285041e-01, 1.542599596970032072e-01, 1.353466780654435653e-01, 3.190146817639247234e-01
3.913400132481504312e-01, 1.542834097178512331e-01, 1.353900419820499579e-01, 3.189865350519482945e-01
3.913013309392149863e-01, 1.543068576525593871e-01, 1.354334323186398847e-01, 3.189583790895858528e-01
3.912626335526057098e-01, 1.543303034874792257e-01, 1.354768490754107435e-01, 3.189302138845043211e-01
3.912239210941171885e-01, 1.543537472089587526e-01, 1.355202922525479969e-01, 3.189020394443760620e-01
3.911851935695546123e-01, 1.543771888033422246e-01, 1.355637618502249508e-01, 3.188738557768782678e-01
3.911464509847332183e-01, 1.544006282569702071e-01, 1.356072578686029761e-01, 3.188456628896935707e-01
3.911076933454794569e-01, 1.544240655561796294e-01, 1.356507803078313423e-01, 3.188174607905096547e-01
3.910689206576297705e-01, 1.544475006873036182e-01, 1.356943291680473285e-01, 3.187892494870191995e-01
3.910301329270317594e-01, 1.544709336366718311e-01, 1.357379044493759734e-01, 3.187610289869203806e-01
3.909913301595432933e-01, 1.544943643906101505e-01, 1.357815061519304645e-01, 3.187327992979161473e-01
3.909525123610327890e-01, 1.545177929354408231e-01, 1.358251342758116098e-01, 3.187045604277147781e-01
3.909136795373795992e-01, 1.545412192574824872e-01, 1.358687888211082828e-01, 3.186763123840296030e-01
3.908748316944732903e-01, 1.545646433430501454e-01, 1.359124697878973109e-01, 3.186480551745792256e-01
3.908359688382143093e-01, 1.545880651784552473e-01, 1.359561771762431981e-01, 3.186197888070873008e-01
3.907970909745135946e-01, 1.546114847500055234e-01, 1.359999109861983746e-01, 3.185915132892824797e-01
3.907581981092929091e-01, 1.546349020440052346e-01, 1.360436712178032803e-01, 3.185632286288985759e-01
3.907192902484841190e-01, 1.546583170467550061e-01, 1.360874578710859206e-01, 3.185349348336748987e-01
3.906803673980306368e-01, 1.546817297445519102e-01, 1.361312709460623105e-01, 3.185066319113550870e-01
3.906414295638856449e-01, 1.547051401236893831e-01, 1.361751104427362524e-01, 3.184783198696887752e-01
3.906024767520133167e-01, 1.547285481704574195e-01, 1.362189763610992810e-01, 3.184499987164300383e-01
3.905635089683885397e-01, 1.547519538711423781e-01, 1.362628687011309125e-01, 3.184216684593382807e-01
3.905245262189966371e-01, 1.547753572120271204e-01, 1.363067874627981735e-01, 3.183933291061780690e-01
3.904855285098338680e-01, 1.547987581793910106e-01, 1.363507326460560998e-01, 3.183649806647189107e-01
3.904465158469069830e-01, 1.548221567595099712e-01, 1.363947042508474317e-01, 3.183366231427356419e-01
3.904074882362332799e-01, 1.548455529386562057e-01, 1.364387022771025859e-01, 3.183082565480079840e-01
3.903684456838409922e-01, 1.548689467030986422e-01, 1.364827267247397669e-01, 3.182798808883207098e-01
3.903293881957687894e-01, 1.548923380391025728e-01, 1.365267775936649386e-01, 3.182514961714636992e-01
3.902903157780663879e-01, 1.549157269329298758e-01, 1.365708548837717140e-01, 3.182231024052319945e-01
3.902512284367935513e-01, 1.549391133708390988e-01, 1.366149585949415490e-01, 3.181946995974258008e-01
3.902121261780213679e-01, 1.549624973390850979e-01, 1.366590887270434651e-01, 3.181662877558500968e-01
3.901730090078313617e-01, 1.549858788239194263e-01, 1.367032452799342157e-01, 3.181378668883150240e-01
3.901338769323154376e-01, 1.550092578115902509e-01, 1.367474282534583419e-01, 3.181094370026359974e-01
3.900947299575769356e-01, 1.550326342883422137e-01, 1.367916376474478668e-01, 3.180809981066330394e-01
3.900555680897292432e-01, 1.550560082404165152e-01, 1.368358734617225736e-01, 3.180525502081316680e-01
3.900163913348966283e-01, 1.550793796540511638e-01, 1.368801356960898941e-01, 3.180240933149622862e-01
3.899771996992143497e-01, 1.551027485154805041e-01, 1.369244243503449365e-01, 3.179956274349602374e-01
3.899379931888280471e-01, 1.551261148109356891e-01, 1.369687394242702638e-01, 3.179671525759659167e-01
3.898987718098941291e-01, 1.551494785266445131e-01, 1.370130809176363651e-01, 3.179386687458250482e-01
3.898595355685799957e-01, 1.551728396488311346e-01, 1.370574488302009619e-01, 3.179101759523879078e-01
3.898202844710632609e-01, 1.551961981637168808e-01, 1.371018431617096744e-01, 3.178816742035101561e-01
3.897810185235328628e-01, 1.552195540575191934e-01, 1.371462639118955218e-01, 3.178531635070523942e-01
3.897417377321881204e-01, 1.552429073164524886e-01, 1.371907110804792551e-01, 3.178246438708799970e-01
3.897024421032393993e-01, 1.552662579267277965e-01, 1.372351846671690245e-01, 3.177961153028637797e-01
3.896631316429073344e-01, 1.552896058745528163e-01, 1.372796846716606289e-01, 3.177675778108792204e-01
3.896238063574236632e-01, 1.553129511461320555e-01, 1.373242110936374327e-01, 3.177390314028069596e-01
3.895844662530306146e-01, 1.553362937276665801e-01, 1.373687639327701993e-01, 3.177104760865325783e-01
3.895451113359817974e-01, 1.553596336053541804e-01, 1.374133431887173962e-01, 3.176819118699465427e-01
3.895057416125408123e-01, 1.553829707653895942e-01, 1.374579488611249178e-01, 3.176533387609447034e-01
3.894663570889824733e-01, 1.554063051939640339e-01, 1.375025809496260853e-01, 3.176247567674273520e-01
3.894269577715921971e-01, 1.554296368772656034e-01, 1.375472394538418408e-01, 3.175961658973003310e-01
3.893875436666663359e-01, 1.554529658014791871e-01, 1.375919243733805253e-01, 3.175675661584739795e-01
3.893481147805119003e-01, 1.554762919527863940e-01, 1.376366357078379621e-01, 3.175389575588638547e-01
3.893086711194465033e-01, 1.554996153173656415e-01, 1.376813734567975400e-01, 3.175103401063903985e-01
3.892692126897991378e-01, 1.555229358813920160e-01, 1.377261376198298248e-01, 3.174817138089790491e-01
3.892297394979088998e-01, 1.555462536310376898e-01, 1.377709281964931143e-01, 3.174530786745602962e-01
3.891902515501261539e-01, 1.555695685524713656e-01, 1.378157451863330218e-01, 3.174244347110694586e-01
3.891507488528119230e-01, 1.555928806318587210e-01, 1.378605885888825322e-01, 3.173957819264467961e-01
3.891112314123379434e-01, 1.556161898553622691e-01, 1.379054584036621123e-01, 3.173671203286377307e-01
3.890716992350868875e-01, 1.556394962091412759e-01, 1.379503546301795447e-01, 3.173384499255922364e-01
3.890321523274521409e-01, 1.556627996793519819e-01, 1.379952772679301498e-01, 3.173097707252657829e-01
3.889925906958380253e-01, 1.556861002521473247e-01, 1.380402263163963972e-01, 3.172810827356182806e-01
3.889530143466595202e-01, 1.557093979136773831e-01, 1.380852017750483773e-01, 3.172523859646146915e-01
3.889134232863427076e-01, 1.557326926500888775e-01, 1.381302036433433023e-01, 3.172236804202250848e-01
3.888738175213241610e-01, 1.557559844475255861e-01, 1.381752319207258661e-01, 3.171949661104243035e-01
3.888341970580516116e-01, 1.557792732921281231e-01, 1.382202866066281066e-01, 3.171662430431922419e-01
3.887945619029833932e-01, 1.558025591700339108e-01, 1.382653677004692938e-01, 3.171375112265134022e-01
3.887549120625886090e-01, 1.558258420673775957e-01, 1.383104752016561245e-01, 3.171087706683777263e-01
3.887152475433475196e-01, 1.558491219702904662e-01, 1.383556091095824725e-01, 3.170800213767794862e-01
3.886755683517511550e-01, 1.558723988649009795e-01, 1.384007694236296382e-01, 3.170512633597182273e-01
3.886358744943013144e-01, 1.558956727373344286e-01, 1.384459561431660712e-01, 3.170224966251982135e-01
3.885961659775104549e-01, 1.559189435737131368e-01, 1.384911692675476202e-01, 3.169937211812287603e-01
3.885564428079023025e-01, 1.559422113601563464e-01, 1.385364087961172830e-01, 3.169649370358240681e-01
3.885167049920111859e-01, 1.559654760827803022e-01, 1.385816747282054562e-01, 3.169361441970030002e-01
3.884769525363824805e-01, 1.559887377276983900e-01, 1.386269670631296302e-01, 3.169073426727894716e-01
3.884371854475722197e-01, 1.560119962810208594e-01, 1.386722858001945835e-01, 3.168785324712123375e-01
3.883974037321473727e-01, 1.560352517288550178e-01, 1.387176309386923545e-01, 3.168497136003052272e-01
3.883576073966859554e-01, 1.560585040573052862e-01, 1.387630024779021032e-01, 3.168208860681065997e-01
3.883177964477768085e-01, 1.560817532524730045e-01, 1.388084004170903052e-01, 3.167920498826598541e-01
3.882779708920195416e-01, 1.561049993004566816e-01, 1.388538247555105576e-01, 3.167632050520133302e-01
3.882381307360245892e-01, 1.561282421873518012e-01, 1.388992754924036066e-01, 3.167343515842200308e-01
3.881982759864136545e-01, 1.561514818992510711e-01, 1.389447526269974309e-01, 3.167054894873378990e-01
3.881584066498190988e-01, 1.561747184222441187e-01, 1.389902561585071861e-01, 3.166766187694297630e-01
3.881185227328840526e-01, 1.561979517424177399e-01, 1.390357860861350936e-01, 3.166477394385632249e-01
3.880786242422627486e-01, 1.562211818458558721e-01, 1.390813424090706074e-01, 3.166188515028107719e-01
3.880387111846203552e-01, 1.562444087186395381e-01, 1.391269251264902196e-01, 3.165899549702498317e-01
3.879987835666329765e-01, 1.562676323468469575e-01, 1.391725342375576269e-01, 3.165610498489624391e-01
3.879588413949873749e-01, 1.562908527165533801e-01, 1.392181697414235642e-01, 3.165321361470356254e-01
3.879188846763815812e-01, 1.563140698138313356e-01, 1.392638316372259433e-01, 3.165032138725611399e-01
3.878789134175243958e-01, 1.563372836247503839e-01, 1.393095199240896864e-01, 3.164742830336355617e-01
3.878389276251353879e-01, 1.563604941353774480e-01, 1.393552346011268372e-01, 3.164453436383604101e-01
3.877989273059452846e-01, 1.563837013317763425e-01, 1.394009756674365053e-01, 3.164163956948418122e-01
3.877589124666957487e-01, 1.564069052000084670e-01, 1.394467431221047826e-01, 3.163874392111910017e-01
3.877188831141394343e-01, 1.564301057261321126e-01, 1.394925369642050217e-01, 3.163584741955234869e-01
3.876788392550395979e-01, 1.564533028962029060e-01, 1.395383571927973076e-01, 3.163295006559602163e-01
3.876387808961708759e-01, 1.564764966962736981e-01, 1.395842038069290691e-01, 3.163005186006263569e-01
3.875987080443187294e-01, 1.564996871123945366e-01, 1.396300768056345232e-01, 3.162715280376522942e-01
3.875586207062792221e-01, 1.565228741306128601e-01, 1.396759761879349249e-01, 3.162425289751729096e-01
3.875185188888599086e-01, 1.565460577369733042e-01, 1.397219019528386785e-01, 3.162135214213281365e-01
3.874784025988791125e-01, 1.565692379175176174e-01, 1.397678540993409768e-01, 3.161845053842622377e-01
3.874382718431660377e-01, 1.565924146582850229e-01, 1.398138326264241615e-01, 3.161554808721247500e-01
3.873981266285608793e-01, 1.566155879453119959e-01, 1.398598375330574184e-01, 3.161264478930697619e-01
3.873579669619149346e-01, 1.566387577646322915e-01, 1.399058688181969712e-01, 3.160974064552558027e-01
3.873177928500902700e-01, 1.566619241022770559e-01, 1.399519264807858598e-01, 3.160683565668467865e-01
3.872776042999602208e-01, 1.566850869442746041e-01, 1.399980105197542735e-01, 3.160392982360108460e-01
3.872374013184087804e-01, 1.567082462766507811e-01, 1.400441209340192450e-01, 3.160102314709212767e-01
3.871971839123312664e-01, 1.567314020854286005e-01, 1.400902577224844847e-01, 3.159811562797556483e-01
3.871569520886336546e-01, 1.567545543566286059e-01, 1.401364208840410186e-01, 3.159520726706966376e-01
3.871167058542333006e-01, 1.567777030762686208e-01, 1.401826104175664944e-01, 3.159229806519315287e-01
3.870764452160582736e-01, 1.568008482303638040e-01, 1.402288263219254871e-01, 3.158938802316524352e-01
3.870361701810476895e-01, 1.568239898049268999e-01, 1.402750685959695820e-01, 3.158647714180558008e-01
3.869958807561516556e-01, 1.568471277859677937e-01, 1.403213372385370694e-01, 3.158356542193435090e-01
3.869555769483314367e-01, 1.568702621594939839e-01, 1.403676322484531114e-01, 3.158065286437214403e-01
3.869152587645593999e-01, 1.568933929115104153e-01, 1.404139536245298248e-01, 3.157773946994004155e-01
3.868749262118184040e-01, 1.569165200280192018e-01, 1.404603013655661148e-01, 3.157482523945961961e-01
3.868345792971029096e-01, 1.569396434950202923e-01, 1.405066754703476473e-01, 3.157191017375291509e-01
3.867942180274182018e-01, 1.569627632985108323e-01, 1.405530759376470151e-01, 3.156899427364240895e-01
3.867538424097803351e-01, 1.569858794244854416e-01, 1.405995027662235164e-01, 3.156607753995107069e-01
3.867134524512169658e-01, 1.570089918589363809e-01, 1.406459559548232652e-01, 3.156315997350233604e-01
3.866730481587662416e-01, 1.570321005878533571e-01, 1.406924355021792750e-01, 3.156024157512011263e-01
3.866326295394775237e-01, 1.570552055972234129e-01, 1.407389414070112088e-01, 3.155732234562877436e-01
3.865921966004114974e-01, 1.570783068730313148e-01, 1.407854736680255181e-01, 3.155440228585316143e-01
3.865517493486395062e-01, 1.571014044012593036e-01, 1.408320322839154981e-01, 3.155148139661858031e-01
3.865112877912439959e-01, 1.571244981678870667e-01, 1.408786172533610381e-01, 3.154855967875078715e-01
3.864708119353187366e-01, 1.571475881588919876e-01, 1.409252285750289269e-01, 3.154563713307603767e-01
3.864303217879682673e-01, 1.571706743602488687e-01, 1.409718662475725748e-01, 3.154271376042103725e-01
3.863898173563083960e-01, 1.571937567579301809e-01, 1.410185302696320697e-01, 3.153978956161294089e-01
3.863492986474658109e-01, 1.572168353379060080e-01, 1.410652206398344266e-01, 3.153686453747938101e-01
3.863087656685783577e-01, 1.572399100861437971e-01, 1.411119373567930879e-01, 3.153393868884846740e-01
3.862682184267950403e-01, 1.572629809886089969e-01, 1.411586804191083955e-01, 3.153101201654874841e-01
3.862276569292758532e-01, 1.572860480312643361e-01, 1.412054498253672019e-01, 3.152808452140925533e-01
3.861870811831918382e-01, 1.573091112000703506e-01, 1.412522455741431482e-01, 3.152515620425946907e-01
3.861464911957250279e-01, 1.573321704809850508e-01, 1.412990676639964693e-01, 3.152222706592933688e-01
3.861058869740688348e-01, 1.573552258599642539e-01, 1.413459160934741055e-01, 3.151929710724928335e-01
3.860652685254274408e-01, 1.573782773229613907e-01, 1.413927908611095630e-01, 3.151636632905016611e-01
3.860246358570162406e-01, 1.574013248559276434e-01, 1.414396919654230811e-01, 3.151343473216330904e-01
3.859839889760617315e-01, 1.574243684448116964e-01, 1.414866194049213821e-01, 3.151050231742052454e-01
3.859433278898015129e-01, 1.574474080755600691e-01, 1.415335731780978379e-01, 3.150756908565404690e-01
3.859026526054846196e-01, 1.574704437341170327e-01, 1.415805532834326086e-01, 3.150463503769658224e-01
3.858619631303703001e-01, 1.574934754064243880e-01, 1.416275597193921432e-01, 3.150170017438131964e-01
3.858212594717298494e-01, 1.575165030784217990e-01, 1.416745924844296234e-01, 3.149876449654186450e-01
3.857805416368451090e-01, 1.575395267360467366e-01, 1.417216515769848806e-01, 3.149582800501232738e-01
3.857398096330091342e-01, 1.575625463652343405e-01, 1.417687369954840904e-01, 3.149289070062724627e-01
3.856990634675264706e-01, 1.575855619519173911e-01, 1.418158487383402167e-01, 3.148995258422158661e-01
3.856583031477121004e-01, 1.576085734820267537e-01, 1.418629868039525954e-01, 3.148701365663084673e-01
3.856175286808927183e-01, 1.576315809414907954e-01, 1.419101511907072399e-01, 3.148407391869091909e-01
3.855767400744059548e-01, 1.576545843162357741e-01, 1.419573418969764800e-01, 3.148113337123817912e-01
3.855359373356004871e-01, 1.576775835921858382e-01, 1.420045589211192671e-01, 3.147819201510942966e-01
3.854951204718361502e-01, 1.577005787552628879e-01, 1.420518022614812026e-01, 3.147524985114197871e-01
3.854542894904838812e-01, 1.577235697913865753e-01, 1.420990719163941207e-01, 3.147230688017352840e-01
3.854134443989259418e-01, 1.577465566864746649e-01, 1.421463678841765332e-01, 3.146936310304228601e-01
3.853725852045556399e-01, 1.577695394264424233e-01, 1.421936901631332684e-01, 3.146641852058685851e-01
3.853317119147772751e-01, 1.577925179972032854e-01, 1.422410387515557484e-01, 3.146347313364636356e-01
3.852908245370064155e-01, 1.578154923846684099e-01, 1.422884136477217676e-01, 3.146052694306034070e-01
3.852499230786697870e-01, 1.578384625747468462e-01, 1.423358148498956866e-01, 3.145757994966877358e-01
3.852090075472053843e-01, 1.578614285533456729e-01, 1.423832423563281269e-01, 3.145463215431208992e-01
3.851680779500619156e-01, 1.578843903063696930e-01, 1.424306961652561654e-01, 3.145168355783121705e-01
3.851271342946999687e-01, 1.579073478197217939e-01, 1.424781762749034730e-01, 3.144873416106747088e-01
3.850861765885905119e-01, 1.579303010793027262e-01, 1.425256826834799262e-01, 3.144578396486267802e-01
3.850452048392162818e-01, 1.579532500710113252e-01, 1.425732153891819398e-01, 3.144283297005905919e-01
3.850042190540707843e-01, 1.579761947807440670e-01, 1.426207743901921066e-01, 3.143988117749929589e-01
3.849632192406589049e-01, 1.579991351943957345e-01, 1.426683596846796964e-01, 3.143692858802656365e-01
3.849222054064968535e-01, 1.580220712978589737e-01, 1.427159712708000738e-01, 3.143397520248440435e-01
3.848811775591114981e-01, 1.580450030770243208e-01, 1.427636091466951140e-01, 3.143102102171689283e-01
3.848401357060414196e-01, 1.580679305177805916e-01, 1.428112733104930365e-01, 3.142806604656849245e-01
3.847990798548361346e-01, 1.580908536060142144e-01, 1.428589637603082940e-01, 3.142511027788413847e-01
3.847580100130562064e-01, 1.581137723276100915e-01, 1.429066804942417668e-01, 3.142215371650918798e-01
3.847169261882737445e-01, 1.581366866684509320e-01, 1.429544235103806515e-01, 3.141919636328946441e-01
3.846758283880717944e-01, 1.581595966144173915e-01, 1.430021928067984061e-01, 3.141623821907124081e-01
3.846347166200445589e-01, 1.581825021513884599e-01, 1.430499883815548046e-01, 3.141327928470121766e-01
3.845935908917976209e-01, 1.582054032652409625e-01, 1.430978102326958268e-01, 3.141031956102654510e-01
3.845524512109477766e-01, 1.582282999418500868e-01, 1.431456583582540465e-01, 3.140735904889481733e-01
3.845112975851227022e-01, 1.582511921670888277e-01, 1.431935327562478544e-01, 3.140439774915406157e-01
3.844701300219615092e-01, 1.582740799268284315e-01, 1.432414334246822629e-01, 3.140143566265277686e-01
3.844289485291146891e-01, 1.582969632069383958e-01, 1.432893603615484346e-01, 3.139847279023985083e-01
3.843877531142436133e-01, 1.583198419932860257e-01, 1.433373135648235985e-01, 3.139550913276467070e-01
3.843465437850210886e-01, 1.583427162717370718e-01, 1.433852930324715780e-01, 3.139254469107702894e-01
3.843053205491309132e-01, 1.583655860281554251e-01, 1.434332987624420686e-01, 3.138957946602716209e-01
3.842640834142683204e-01, 1.583884512484029505e-01, 1.434813307526711101e-01, 3.138661345846576745e-01
3.842228323881396457e-01, 1.584113119183397922e-01, 1.435293890010811424e-01, 3.138364666924393642e-01
3.841815674784624934e-01, 1.584341680238244010e-01, 1.435774735055804496e-01, 3.138067909921326559e-01
3.841402886929657923e-01, 1.584570195507133683e-01, 1.436255842640637437e-01, 3.137771074922571235e-01
3.840989960393894065e-01, 1.584798664848614258e-01, 1.436737212744117198e-01, 3.137474162013373924e-01
3.840576895254848577e-01, 1.585027088121216399e-01, 1.437218845344916118e-01, 3.137177171279018628e-01
3.840163691590142703e-01, 1.585255465183452450e-01, 1.437700740421563872e-01, 3.136880102804840420e-01
3.839750349477518143e-01, 1.585483795893817827e-01, 1.438182897952454131e-01, 3.136582956676210454e-01
3.839336868994820406e-01, 1.585712080110789068e-01, 1.438665317915840958e-01, 3.136285732978548180e-01
3.838923250220016570e-01, 1.585940317692829948e-01, 1.439148000289841023e-01, 3.135988431797314124e-01
3.838509493231178071e-01, 1.586168508498381202e-01, 1.439630945052429167e-01, 3.135691053218012114e-01
3.838095598106492368e-01, 1.586396652385870520e-01, 1.440114152181445062e-01, 3.135393597326192050e-01
3.837681564924259603e-01, 1.586624749213707553e-01, 1.440597621654588212e-01, 3.135096064207444910e-01
3.837267393762892054e-01, 1.586852798840284740e-01, 1.441081353449417402e-01, 3.134798453947406638e-01
3.836853084700913574e-01, 1.587080801123979812e-01, 1.441565347543353193e-01, 3.134500766631753699e-01
3.836438637816961816e-01, 1.587308755923151904e-01, 1.442049603913678757e-01, 3.134203002346206968e-01
3.836024053189786009e-01, 1.587536663096144884e-01, 1.442534122537535157e-01, 3.133905161176533394e-01
3.835609330898250291e-01, 1.587764522501286246e-01, 1.443018903391925511e-01, 3.133607243208539339e-01
3.835194471021327600e-01, 1.587992333996885996e-01, 1.443503946453712772e-01, 3.133309248528073354e-01
3.834779473638106895e-01, 1.588220097441240264e-01, 1.443989251699621668e-01, 3.133011177221031174e-01
3.834364338827788155e-01, 1.588447812692627970e-01, 1.444474819106234265e-01, 3.132713029373349056e-01
3.833949066669684047e-01, 1.588675479609313046e-01, 1.444960648649996626e-01, 3.132414805071006558e-01
3.833533657243221593e-01, 1.588903098049543328e-01, 1.445446740307212152e-01, 3.132116504400023760e-01
3.833118110627937170e-01, 1.589130667871550551e-01, 1.445933094054045465e-01, 3.131818127446467370e-01
3.832702426903484283e-01, 1.589358188933551463e-01, 1.446419709866519354e-01, 3.131519674296444622e-01
3.832286606149626351e-01, 1.589585661093748381e-01, 1.446906587720519499e-01, 3.131221145036106046e-01
3.831870648446238925e-01, 1.589813084210327521e-01, 1.447393727591788637e-01, 3.130922539751644362e-01
3.831454553873314128e-01, 1.590040458141460944e-01, 1.447881129455931004e-01, 3.130623858529294479e-01
3.831038322510952332e-01, 1.590267782745304337e-01, 1.448368793288409284e-01, 3.130325101455334602e-01
3.830621954439371035e-01, 1.590495057879998675e-01, 1.448856719064544607e-01, 3.130026268616085128e-01
3.830205449738897650e-01, 1.590722283403671888e-01, 1.449344906759520435e-01, 3.129727360097910305e-01
3.829788808489973384e-01, 1.590949459174436642e-01, 1.449833356348377289e-01, 3.129428375987212685e-01
3.829372030773152691e-01, 1.591176585050389780e-01, 1.450322067806014970e-01, 3.129129316370442004e-01
3.828955116669102710e-01, 1.591403660889616767e-01, 1.450811041107192834e-01, 3.128830181334087412e-01
3.828538066258606043e-01, 1.591630686550185581e-01, 1.451300276226529795e-01, 3.128530970964679692e-01
3.828120879622552986e-01, 1.591857661890151987e-01, 1.451789773138502659e-01, 3.128231685348792923e-01
3.827703556841950405e-01, 1.592084586767557319e-01, 1.452279531817447233e-01, 3.127932324573045042e-01
3.827286097997918413e-01, 1.592311461040429310e-01, 1.452769552237558881e-01, 3.127632888724092841e-01
3.826868503171691471e-01, 1.592538284566782092e-01, 1.453259834372891135e-01, 3.127333377888636412e-01
3.826450772444611736e-01, 1.592765057204615919e-01, 1.453750378197354864e-01, 3.127033792153417480e-01
3.826032905898139602e-01, 1.592991778811917170e-01, 1.454241183684721883e-01, 3.126734131605221068e-01
3.825614903613848705e-01, 1.593218449246659729e-01, 1.454732250808620231e-01, 3.126434396330871612e-01
3.825196765673422039e-01, 1.593445068366803885e-01, 1.455223579542537782e-01, 3.126134586417236849e-01
3.824778492158657506e-01, 1.593671636030296324e-01, 1.455715169859818914e-01, 3.125834701951227257e-01
3.824360083151467915e-01, 1.593898152095072351e-01, 1.456207021733667284e-01, 3.125534743019791617e-01
3.823941538733878209e-01, 1.594124616419052287e-01, 1.456699135137145273e-01, 3.125234709709924230e-01
3.823522858988026019e-01, 1.594351028860145347e-01, 1.457191510043170657e-01, 3.124934602108657145e-01
3.823104043996162771e-01, 1.594577389276246593e-01, 1.457684146424521598e-01, 3.124634420303068483e-01
3.822685093840653137e-01, 1.594803697525241926e-01, 1.458177044253833043e-01, 3.124334164380271339e-01
3.822266008603975584e-01, 1.595029953464999761e-01, 1.458670203503597551e-01, 3.124033834427427103e-01
3.821846788368720715e-01, 1.595256156953380189e-01, 1.459163624146165017e-01, 3.123733430531734911e-01
3.821427433217591818e-01, 1.595482307848230530e-01, 1.459657306153742951e-01, 3.123432952780435534e-01
3.821007943233410975e-01, 1.595708406007384783e-01, 1.460151249498396475e-01, 3.123132401260808044e-01
3.820588318499105185e-01, 1.595934451288667233e-01, 1.460645454152048051e-01, 3.122831776060179809e-01
3.820168559097721905e-01, 1.596160443549887176e-01, 1.461139920086476918e-01, 3.122531077265912614e-01
3.819748665112419062e-01, 1.596386382648846136e-01, 1.461634647273320486e-01, 3.122230304965413761e-01
3.819328636626468376e-01, 1.596612268443330929e-01, 1.462129635684071838e-01, 3.121929459246128857e-01
3.818908473723255370e-01, 1.596838100791119208e-01, 1.462624885290081667e-01, 3.121628540195543478e-01
3.818488176486277141e-01, 1.597063879549976695e-01, 1.463120396062557727e-01, 3.121327547901189270e-01
3.818067744999147362e-01, 1.597289604577656341e-01, 1.463616167972563720e-01, 3.121026482450632300e-01
3.817647179345592390e-01, 1.597515275731903606e-01, 1.464112200991021240e-01, 3.120725343931484153e-01
3.817226479609449608e-01, 1.597740892870448959e-01, 1.464608495088707274e-01, 3.120424132431393605e-01
3.816805645874674080e-01, 1.597966455851015655e-01, 1.465105050236256423e-01, 3.120122848038053287e-01
3.816384678225332450e-01, 1.598191964531315012e-01, 1.465601866404158404e-01, 3.119821490839194689e-01
3.815963576745601826e-01, 1.598417418769046139e-01, 1.466098943562761103e-01, 3.119520060922590377e-01
3.815542341519779779e-01, 1.598642818421901202e-01, 1.466596281682266134e-01, 3.119218558376052886e-01
3.815120972632270457e-01, 1.598868163347559046e-01, 1.467093880732734390e-01, 3.118916983287436384e-01
3.814699470167597917e-01, 1.599093453403689913e-01, 1.467591740684079937e-01, 3.118615335744633343e-01
3.814277834210393348e-01, 1.599318688447954051e-01, 1.468089861506073901e-01, 3.118313615835577313e-01
3.813856064845407845e-01, 1.599543868338001995e-01, 1.468588243168344742e-01, 3.118011823648245695e-01
3.813434162157504081e-01, 1.599768992931472900e-01, 1.469086885640374096e-01, 3.117709959270649756e-01
3.813012126231655197e-01, 1.599994062085998148e-01, 1.469585788891501210e-01, 3.117408022790845723e-01
3.812589957152953124e-01, 1.600219075659198853e-01, 1.470084952890919894e-01, 3.117106014296928129e-01
3.812167655006599709e-01, 1.600444033508687247e-01, 1.470584377607681015e-01, 3.116803933877032029e-01
3.811745219877913371e-01, 1.600668935492065570e-01, 1.471084063010689169e-01, 3.116501781619331890e-01
3.811322651852325216e-01, 1.600893781466927179e-01, 1.471584009068704901e-01, 3.116199557612042148e-01
3.810899951015379594e-01, 1.601118571290856829e-01, 1.472084215750344705e-01, 3.115897261943418872e-01
3.810477117452734097e-01, 1.601343304821430391e-01, 1.472584683024079633e-01, 3.115594894701755324e-01
3.810054151250162890e-01, 1.601567981916215411e-01, 1.473085410858236133e-01, 3.115292455975386399e-01
3.809631052493550052e-01, 1.601792602432768331e-01, 1.473586399220995491e-01, 3.114989945852686404e-01
3.809207821268898453e-01, 1.602017166228640321e-01, 1.474087648080393276e-01, 3.114687364422067950e-01
3.808784457662319212e-01, 1.602241673161372837e-01, 1.474589157404322115e-01, 3.114384711771985281e-01
3.808360961760043351e-01, 1.602466123088498728e-01, 1.475090927160526422e-01, 3.114081987990930944e-01
3.807937333648411804e-01, 1.602690515867543908e-01, 1.475592957316607945e-01, 3.113779193167436343e-01
3.807513573413880414e-01, 1.602914851356024017e-01, 1.476095247840021052e-01, 3.113476327390073961e-01
3.807089681143017712e-01, 1.603139129411450259e-01, 1.476597798698076613e-01, 3.113173390747454583e-01
3.806665656922508245e-01, 1.603363349891322454e-01, 1.477100609857938118e-01, 3.112870383328230073e-01
3.806241500839152025e-01, 1.603587512653135705e-01, 1.477603681286623893e-01, 3.112567305221088376e-01
3.805817212979857866e-01, 1.603811617554376789e-01, 1.478107012951007104e-01, 3.112264156514759628e-01
3.805392793431651710e-01, 1.604035664452523602e-01, 1.478610604817814644e-01, 3.111960937298010044e-01
3.804968242281675517e-01, 1.604259653205049596e-01, 1.479114456853627690e-01, 3.111657647659648029e-01
3.804543559617180604e-01, 1.604483583669418234e-01, 1.479618569024881702e-01, 3.111354287688519737e-01
3.804118745525536527e-01, 1.604707455703088814e-01, 1.480122941297864758e-01, 3.111050857473510733e-01
3.803693800094224975e-01, 1.604931269163511476e-01, 1.480627573638720051e-01, 3.110747357103543220e-01
3.803268723410842544e-01, 1.605155023908131084e-01, 1.481132466013445337e-01, 3.110443786667581589e-01
3.802843515563098520e-01, 1.605378719794385289e-01, 1.481637618387889876e-01, 3.110140146254626869e-01
3.802418176638817093e-01, 1.605602356679705633e-01, 1.482143030727757493e-01, 3.109836435953720057e-01
3.801992706725937365e-01, 1.605825934421516721e-01, 1.482648702998606016e-01, 3.109532655853939898e-01
3.801567105912512234e-01, 1.606049452877238437e-01, 1.483154635165845892e-01, 3.109228806044403992e-01
3.801141374286707286e-01, 1.606272911904282341e-01, 1.483660827194741849e-01, 3.108924886614268801e-01
3.800715511936803570e-01, 1.606496311360056106e-01, 1.484167279050411237e-01, 3.108620897652728532e-01
3.800289518951195933e-01, 1.606719651101961022e-01, 1.484673990697824020e-01, 3.108316839249017360e-01
3.799863395418393575e-01, 1.606942930987392271e-01, 1.485180962101805835e-01, 3.108012711492407765e-01
3.799437141427022824e-01, 1.607166150873739208e-01, 1.485688193227030773e-01, 3.107708514472207195e-01
3.799010757065817145e-01, 1.607389310618386746e-01, 1.486195684038031095e-01, 3.107404248277765846e-01
3.798584242423631019e-01, 1.607612410078713416e-01, 1.486703434499186682e-01, 3.107099912998469438e-01
3.798157597589429946e-01, 1.607835449112094139e-01, 1.487211444574734476e-01, 3.106795508723741439e-01
3.797730822652292670e-01, 1.608058427575897176e-01, 1.487719714228762369e-01, 3.106491035543046952e-01
3.797303917701417286e-01, 1.608281345327487177e-01, 1.488228243425211150e-01, 3.106186493545884941e-01
3.796876882826109023e-01, 1.608504202224222690e-01, 1.488737032127872562e-01, 3.105881882821796003e-01
3.796449718115793570e-01, 1.608726998123459206e-01, 1.489246080300393738e-01, 3.105577203460354596e-01
3.796022423660005973e-01, 1.608949732882545836e-01, 1.489755387906271378e-01, 3.105272455551176258e-01
3.795594999548401183e-01, 1.609172406358829188e-01, 1.490264954908856465e-01, 3.104967639183912609e-01
3.795167445870742395e-01, 1.609395018409650879e-01, 1.490774781271350380e-01, 3.104662754448256901e-01
3.794739762716912157e-01, 1.609617568892347250e-01, 1.491284866956808230e-01, 3.104357801433932917e-01
3.794311950176903481e-01, 1.609840057664252977e-01, 1.491795211928136633e-01, 3.104052780230706632e-01
3.793884008340827063e-01, 1.610062484582695796e-01, 1.492305816148093989e-01, 3.103747690928383429e-01
3.793455937298905178e-01, 1.610284849505003724e-01, 1.492816679579289929e-01, 3.103442533616800891e-01
3.793027737141476119e-01, 1.610507152288497001e-01, 1.493327802184186981e-01, 3.103137308385839899e-01
3.792599407958992530e-01, 1.610729392790495873e-01, 1.493839183925099456e-01, 3.102832015325413528e-01
3.792170949842019745e-01, 1.610951570868314198e-01, 1.494350824764191510e-01, 3.102526654525474825e-01
3.791742362881239115e-01, 1.611173686379265280e-01, 1.494862724663480746e-01, 3.102221226076014027e-01
3.791313647167447454e-01, 1.611395739180657705e-01, 1.495374883584835723e-01, 3.101915730067059118e-01
3.790884802791553709e-01, 1.611617729129797283e-01, 1.495887301489976229e-01, 3.101610166588673612e-01
3.790455829844581181e-01, 1.611839656083988159e-01, 1.496399978340473280e-01, 3.101304535730957102e-01
3.790026728417670299e-01, 1.612061519900529760e-01, 1.496912914097748293e-01, 3.100998837584050816e-01
3.789597498602073067e-01, 1.612283320436721790e-01, 1.497426108723076965e-01, 3.100693072238128734e-01
3.789168140489157510e-01, 1.612505057549857568e-01, 1.497939562177581507e-01, 3.100387239783402582e-01
3.788738654170406561e-01, 1.612726731097232358e-01, 1.498453274422238690e-01, 3.100081340310122946e-01
3.788309039737413619e-01, 1.612948340936136704e-01, 1.498967245417873739e-01, 3.099775373908574827e-01
3.787879297281892543e-01, 1.613169886923859209e-01, 1.499481475125165608e-01, 3.099469340669082085e-01
3.787449426895668214e-01, 1.613391368917687918e-01, 1.499995963504641150e-01, 3.099163240682001885e-01
3.787019428670680421e-01, 1.613612786774908103e-01, 1.500510710516679003e-01, 3.098857074037732473e-01
3.786589302698984416e-01, 1.613834140352803093e-01, 1.501025716121509035e-01, 3.098550840826703734e-01
3.786159049072747029e-01, 1.614055429508655382e-01, 1.501540980279210402e-01, 3.098244541139386632e-01
3.785728667884254439e-01, 1.614276654099746078e-01, 1.502056502949713490e-01, 3.097938175066285993e-01
3.785298159225902737e-01, 1.614497813983354624e-01, 1.502572284092798804e-01, 3.097631742697944390e-01
3.784867523190205696e-01, 1.614718909016758797e-01, 1.503088323668096693e-01, 3.097325244124938814e-01
3.784436759869790334e-01, 1.614939939057238039e-01, 1.503604621635089011e-01, 3.097018679437882893e-01
3.784005869357397467e-01, 1.615160903962067351e-01, 1.504121177953106070e-01, 3.096712048727428557e-01
3.783574851745883927e-01, 1.615381803588524234e-01, 1.504637992581329964e-01, 3.096405352084262153e-01
3.783143707128220901e-01, 1.615602637793882856e-01, 1.505155065478790966e-01, 3.096098589599106110e-01
3.782712435597492262e-01, 1.615823406435418497e-01, 1.505672396604370300e-01, 3.095791761362718386e-01
3.782281037246899569e-01, 1.616044109370406989e-01, 1.506189985916799312e-01, 3.095484867465895795e-01
3.781849512169756511e-01, 1.616264746456120283e-01, 1.506707833374656968e-01, 3.095177907999466793e-01
3.781417860459491131e-01, 1.616485317549835043e-01, 1.507225938936375409e-01, 3.094870883054298139e-01
3.780986082209649157e-01, 1.616705822508824608e-01, 1.507744302560233007e-01, 3.094563792721293227e-01
3.780554177513888447e-01, 1.616926261190364533e-01, 1.508262924204359645e-01, 3.094256637091387097e-01
3.780122146465982325e-01, 1.617146633451729265e-01, 1.508781803826733936e-01, 3.093949416255554197e-01
3.779689989159815688e-01, 1.617366939150194360e-01, 1.509300941385183503e-01, 3.093642130304805615e-01
3.779257705689393343e-01, 1.617587178143036208e-01, 1.509820336837386923e-01, 3.093334779330183526e-01
3.778825296148830004e-01, 1.617807350287531476e-01, 1.510339990140868449e-01, 3.093027363422769516e-01
3.778392760632359182e-01, 1.618027455440958495e-01, 1.510859901253006066e-01, 3.092719882673677922e-01
3.777960099234325408e-01, 1.618247493460594766e-01, 1.511380070131022879e-01, 3.092412337174057502e-01
3.777527312049188124e-01, 1.618467464203721118e-01, 1.511900496731992394e-01, 3.092104727015098087e-01
3.777094399171525563e-01, 1.618687367527618937e-01, 1.512421181012838234e-01, 3.091797052288017267e-01
3.776661360696025871e-01, 1.618907203289570718e-01, 1.512942122930330813e-01, 3.091489313084072599e-01
3.776228196717493213e-01, 1.619126971346859234e-01, 1.513463322441090109e-01, 3.091181509494556057e-01
3.775794907330848882e-01, 1.619346671556772255e-01, 1.513984779501585665e-01, 3.090873641610793476e-01
3.775361492631123528e-01, 1.619566303776596439e-01, 1.514506494068134368e-01, 3.090565709524146221e-01
3.774927952713467705e-01, 1.619785867863621776e-01, 1.515028466096901283e-01, 3.090257713326010069e-01
3.774494287673144099e-01, 1.620005363675139365e-01, 1.515550695543901594e-01, 3.089949653107815775e-01
3.774060497605529751e-01, 1.620224791068443360e-01, 1.516073182364996441e-01, 3.089641528961029615e-01
3.773626582606119384e-01, 1.620444149900830133e-01, 1.516595926515899029e-01, 3.089333340977152287e-01
3.773192542770517632e-01, 1.620663440029598001e-01, 1.517118927952166019e-01, 3.089025089247717792e-01
3.772758378194447371e-01, 1.620882661312048612e-01, 1.517642186629206413e-01, 3.088716773864297882e-01
3.772324088973745826e-01, 1.621101813605486108e-01, 1.518165702502274339e-01, 3.088408394918494282e-01
3.771889675204362913e-01, 1.621320896767217690e-01, 1.518689475526473764e-01, 3.088099952501945356e-01
3.771455136982365119e-01, 1.621539910654551941e-01, 1.519213505656755170e-01, 3.087791446706326659e-01
3.771020474403933842e-01, 1.621758855124804388e-01, 1.519737792847918600e-01, 3.087482877623344280e-01
3.770585687565362609e-01, 1.621977730035289167e-01, 1.520262337054610058e-01, 3.087174245344738166e-01
3.770150776563061523e-01, 1.622196535243327353e-01, 1.520787138231323998e-01, 3.086865549962286570e-01
3.769715741493556704e-01, 1.622415270606242244e-01, 1.521312196332403055e-01, 3.086556791567797720e-01
3.769280582453485851e-01, 1.622633935981361297e-01, 1.521837511312036650e-01, 3.086247970253117590e-01
3.768845299539603233e-01, 1.622852531226013917e-01, 1.522363083124261274e-01, 3.085939086110122132e-01
3.768409892848778031e-01, 1.623071056197536999e-01, 1.522888911722961591e-01, 3.085630139230722824e-01
3.767974362477993222e-01, 1.623289510753267995e-01, 1.523414997061870724e-01, 3.085321129706868337e-01
3.767538708524347801e-01, 1.623507894750551572e-01, 1.523941339094566638e-01, 3.085012057630535098e-01
3.767102931085052897e-01, 1.623726208046733788e-01, 1.524467937774474924e-01, 3.084702923093737836e-01
3.766667030257437876e-01, 1.623944450499168191e-01, 1.524994793054870457e-01, 3.084393726188524587e-01
3.766231006138943682e-01, 1.624162621965210551e-01, 1.525521904888872959e-01, 3.084084467006973918e-01
3.765794858827126723e-01, 1.624380722302223301e-01, 1.526049273229449776e-01, 3.083775145641201032e-01
3.765358588419659425e-01, 1.624598751367571647e-01, 1.526576898029415041e-01, 3.083465762183353331e-01
3.764922195014327455e-01, 1.624816709018629124e-01, 1.527104779241430788e-01, 3.083156316725613744e-01
3.764485678709033056e-01, 1.625034595112769820e-01, 1.527632916818003339e-01, 3.082846809360194062e-01
3.764049039601788937e-01, 1.625252409507377815e-01, 1.528161310711488308e-01, 3.082537240179344384e-01
3.763612277790729932e-01, 1.625470152059840245e-01, 1.528689960874086706e-01, 3.082227609275343672e-01
3.763175393374096900e-01, 1.625687822627549795e-01, 1.529218867257846060e-01, 3.081917916740507524e-01
3.762738386450251160e-01, 1.625905421067905532e-01, 1.529748029814659849e-01, 3.081608162667184292e-01
3.762301257117668385e-01, 1.626122947238312078e-01, 1.530277448496269732e-01, 3.081298347147750638e-01
3.761864005474933048e-01, 1.626340400996179603e-01, 1.530807123254262214e-01, 3.080988470274623747e-01
3.761426631620755634e-01, 1.626557782198926050e-01, 1.531337054040070034e-01, 3.080678532140248005e-01
3.760989135653950988e-01, 1.626775090703973248e-01, 1.531867240804972163e-01, 3.080368532837104434e-01
3.760551517673451083e-01, 1.626992326368751907e-01, 1.532397683500094920e-01, 3.080058472457701813e-01
3.760113777778306687e-01, 1.627209489050697455e-01, 1.532928382076409191e-01, 3.079748351094586112e-01
3.759675916067677925e-01, 1.627426578607253371e-01, 1.533459336484732372e-01, 3.079438168840336054e-01
3.759237932640843161e-01, 1.627643594895868129e-01, 1.533990546675728095e-01, 3.079127925787560338e-01
3.758799827597195109e-01, 1.627860537773999083e-01, 1.534522012599904561e-01, 3.078817622028900969e-01
3.758361601036237509e-01, 1.628077407099110252e-01, 1.535053734207618426e-01, 3.078507257657033258e-01
3.757923253057595669e-01, 1.628294202728671758e-01, 1.535585711449068413e-01, 3.078196832764664714e-01
3.757484783761002589e-01, 1.628510924520161496e-01, 1.536117944274301705e-01, 3.077886347444534487e-01
3.757046193246308396e-01, 1.628727572331066797e-01, 1.536650432633209773e-01, 3.077575801789415033e-01
3.756607481613482014e-01, 1.628944146018879713e-01, 1.537183176475530044e-01, 3.077265195892108784e-01
3.756168648962598389e-01, 1.629160645441102007e-01, 1.537716175750844794e-01, 3.076954529845454256e-01
3.755729695393855705e-01, 1.629377070455242937e-01, 1.538249430408583363e-01, 3.076643803742317718e-01
3.755290621007562057e-01, 1.629593420918820090e-01, 1.538782940398017718e-01, 3.076333017675600967e-01
3.754851425904141560e-01, 1.629809696689357712e-01, 1.539316705668265783e-01, 3.076022171738234667e-01
3.754412110184133233e-01, 1.630025897624390874e-01, 1.539850726168292272e-01, 3.075711266023185009e-01
3.753972673948188232e-01, 1.630242023581460475e-01, 1.540385001846906188e-01, 3.075400300623444827e-01
3.753533117297076505e-01, 1.630458074418118519e-01, 1.540919532652759993e-01, 3.075089275632045260e-01
3.753093440331680686e-01, 1.630674049991923946e-01, 1.541454318534353773e-01, 3.074778191142041872e-01
3.752653643152994989e-01, 1.630889950160445412e-01, 1.541989359440030238e-01, 3.074467047246528528e-01
3.752213725862135196e-01, 1.631105774781260731e-01, 1.542524655317978055e-01, 3.074155844038626295e-01
3.751773688560323672e-01, 1.631321523711956323e-01, 1.543060206116229904e-01, 3.073844581611490656e-01
3.751333531348904904e-01, 1.631537196810128321e-01, 1.543596011782663313e-01, 3.073533260058303740e-01
3.750893254329330517e-01, 1.631752793933381740e-01, 1.544132072265001487e-01, 3.073221879472285978e-01
3.750452857603173706e-01, 1.631968314939332421e-01, 1.544668387510811092e-01, 3.072910439946681671e-01
3.750012341272118688e-01, 1.632183759685604529e-01, 1.545204957467502804e-01, 3.072598941574772868e-01
3.749571705437965696e-01, 1.632399128029832502e-01, 1.545741782082333537e-01, 3.072287384449869374e-01
3.749130950202625989e-01, 1.632614419829661323e-01, 1.546278861302401997e-01, 3.071975768665310413e-01
3.748690075668129618e-01, 1.632829634942745411e-01, 1.546816195074653677e-01, 3.071664094314471294e-01
3.748249081936620430e-01, 1.633044773226750290e-01, 1.547353783345876421e-01, 3.071352361490753413e-01
3.747807969110355519e-01, 1.633259834539350641e-01, 1.547891626062703196e-01, 3.071040570287590366e-01
3.747366737291706329e-01, 1.633474818738233358e-01, 1.548429723171610428e-01, 3.070728720798450162e-01
3.746925386583160322e-01, 1.633689725681094773e-01, 1.548968074618919943e-01, 3.070416813116824684e-01
3.746483917087318205e-01, 1.633904555225641764e-01, 1.549506680350795085e-01, 3.070104847336244114e-01
3.746042328906897256e-01, 1.634119307229594253e-01, 1.550045540313245152e-01, 3.069792823550263616e-01
3.745600622144726333e-01, 1.634333981550679660e-01, 1.550584654452123456e-01, 3.069480741852470551e-01
3.745158796903750864e-01, 1.634548578046640943e-01, 1.551124022713124273e-01, 3.069168602336483365e-01
3.744716853287030633e-01, 1.634763096575229668e-01, 1.551663645041788941e-01, 3.068856405095950479e-01
3.744274791397740332e-01, 1.634977536994209335e-01, 1.552203521383500040e-01, 3.068544150224550848e-01
3.743832611339166783e-01, 1.635191899161355100e-01, 1.552743651683484716e-01, 3.068231837815993401e-01
3.743390313214713938e-01, 1.635406182934454611e-01, 1.553284035886813852e-01, 3.067919467964017599e-01
3.742947897127898993e-01, 1.635620388171307171e-01, 1.553824673938401513e-01, 3.067607040762392878e-01
3.742505363182354050e-01, 1.635834514729724853e-01, 1.554365565783004388e-01, 3.067294556304917541e-01
3.742062711481823900e-01, 1.636048562467529444e-01, 1.554906711365223182e-01, 3.066982014685422642e-01
3.741619942130172127e-01, 1.636262531242558271e-01, 1.555448110629502056e-01, 3.066669415997768100e-01
3.741177055231371673e-01, 1.636476420912658380e-01, 1.555989763520127800e-01, 3.066356760335841591e-01
3.740734050889514828e-01, 1.636690231335692081e-01, 1.556531669981230104e-01, 3.066044047793562433e-01
3.740290929208803794e-01, 1.636903962369533061e-01, 1.557073829956782673e-01, 3.065731278464880472e-01
3.739847690293557347e-01, 1.637117613872067223e-01, 1.557616243390601563e-01, 3.065418452443773312e-01
3.739404334248208062e-01, 1.637331185701196012e-01, 1.558158910226345728e-01, 3.065105569824249643e-01
3.738960861177305639e-01, 1.637544677714830310e-01, 1.558701830407516753e-01, 3.064792630700347020e-01
3.738517271185509139e-01, 1.637758089770898762e-01, 1.559245003877459679e-01, 3.064479635166133531e-01
3.738073564377596414e-01, 1.637971421727339172e-01, 1.559788430579361895e-01, 3.064166583315702241e-01
3.737629740858456895e-01, 1.638184673442106831e-01, 1.560332110456253418e-01, 3.063853475243182301e-01
3.737185800733097696e-01, 1.638397844773168688e-01, 1.560876043451007167e-01, 3.063540311042726727e-01
3.736741744106635288e-01, 1.638610935578504735e-01, 1.561420229506337853e-01, 3.063227090808521846e-01
3.736297571084306046e-01, 1.638823945716111063e-01, 1.561964668564803371e-01, 3.062913814634780074e-01
3.735853281771456813e-01, 1.639036875043998198e-01, 1.562509360568804240e-01, 3.062600482615742137e-01
3.735408876273547674e-01, 1.639249723420187765e-01, 1.563054305460582216e-01, 3.062287094845682622e-01
3.734964354696157507e-01, 1.639462490702719988e-01, 1.563599503182222517e-01, 3.061973651418899989e-01
3.734519717144978435e-01, 1.639675176749647301e-01, 1.564144953675652983e-01, 3.061660152429721560e-01
3.734074963725813046e-01, 1.639887781419036572e-01, 1.564690656882641306e-01, 3.061346597972509631e-01
3.733630094544582723e-01, 1.640100304568971878e-01, 1.565236612744799749e-01, 3.061032988141645927e-01
3.733185109707319316e-01, 1.640312746057548954e-01, 1.565782821203581532e-01, 3.060719323031549921e-01
3.732740009320172359e-01, 1.640525105742881851e-01, 1.566329282200281947e-01, 3.060405602736663289e-01
3.732294793489403517e-01, 1.640737383483099054e-01, 1.566875995676038635e-01, 3.060091827351459348e-01
3.731849462321388811e-01, 1.640949579136343206e-01, 1.567422961571830475e-01, 3.059777996970437508e-01
3.731404015922619166e-01, 1.641161692560773877e-01, 1.567970179828478139e-01, 3.059464111688127708e-01
3.730958454399700419e-01, 1.641373723614566182e-01, 1.568517650386645479e-01, 3.059150171599088197e-01
3.730512777859350537e-01, 1.641585672155910780e-01, 1.569065373186835644e-01, 3.058836176797903872e-01
3.730066986408401286e-01, 1.641797538043014704e-01, 1.569613348169396072e-01, 3.058522127379187383e-01
3.729621080153804336e-01, 1.642009321134101640e-01, 1.570161575274513222e-01, 3.058208023437581913e-01
3.729175059202616271e-01, 1.642221021287409433e-01, 1.570710054442216730e-01, 3.057893865067757844e-01
3.728728923662016359e-01, 1.642432638361194797e-01, 1.571258785612377751e-01, 3.057579652364411094e-01
3.728282673639293221e-01, 1.642644172213730824e-01, 1.571807768724707566e-01, 3.057265385422269777e-01
3.727836309241849277e-01, 1.642855622703306429e-01, 1.572357003718760637e-01, 3.056951064336085322e-01
3.727389830577203522e-01, 1.643066989688227175e-01, 1.572906490533930168e-01, 3.056636689200639689e-01
3.726943237752987637e-01, 1.643278273026816394e-01, 1.573456229109453097e-01, 3.056322260110742040e-01
3.726496530876950430e-01, 1.643489472577414623e-01, 1.574006219384406213e-01, 3.056007777161228733e-01
3.726049710056947295e-01, 1.643700588198379609e-01, 1.574556461297708376e-01, 3.055693240446963888e-01
3.725602775400957412e-01, 1.643911619748085751e-01, 1.575106954788117464e-01, 3.055378650062838819e-01
3.725155727017065432e-01, 1.644122567084926323e-01, 1.575657699794235922e-01, 3.055064006103772600e-01
3.724708565013473693e-01, 1.644333430067311252e-01, 1.576208696254502439e-01, 3.054749308664711505e-01
3.724261289498500549e-01, 1.644544208553670173e-01, 1.576759944107200551e-01, 3.054434557840629005e-01
3.723813900580573710e-01, 1.644754902402447705e-01, 1.577311443290453641e-01, 3.054119753726525222e-01
3.723366398368238572e-01, 1.644965511472109010e-01, 1.577863193742223002e-01, 3.053804896417428028e-01
3.722918782970154328e-01, 1.645176035621137844e-01, 1.578415195400315607e-01, 3.053489986008391943e-01
3.722471054495091192e-01, 1.645386474708033786e-01, 1.578967448202375501e-01, 3.053175022594499244e-01
3.722023213051934842e-01, 1.645596828591318339e-01, 1.579519952085888523e-01, 3.052860006270858850e-01
3.721575258749685866e-01, 1.645807097129529106e-01, 1.580072706988180087e-01, 3.052544937132605218e-01
3.721127191697458647e-01, 1.646017280181223397e-01, 1.580625712846417952e-01, 3.052229815274900004e-01
3.720679012004478592e-01, 1.646227377604978781e-01, 1.581178969597608341e-01, 3.051914640792933731e-01
3.720230719780088235e-01, 1.646437389259391149e-01, 1.581732477178599550e-01, 3.051599413781921344e-01
3.719782315133743911e-01, 1.646647315003074152e-01, 1.582286235526078888e-01, 3.051284134337103326e-01
3.719333798175011863e-01, 1.646857154694662817e-01, 1.582840244576573796e-01, 3.050968802553751247e-01
3.718885169013576020e-01, 1.647066908192812151e-01, 1.583394504266453784e-01, 3.050653418527157212e-01
3.718436427759234664e-01, 1.647276575356194928e-01, 1.583949014531927102e-01, 3.050337982352643307e-01
3.717987574521895988e-01, 1.647486156043505012e-01, 1.584503775309041851e-01, 3.050022494125557149e-01
3.717538609411584205e-01, 1.647695650113456811e-01, 1.585058786533686814e-01, 3.049706953941273002e-01
3.717089532538437324e-01, 1.647905057424784159e-01, 1.585614048141590626e-01, 3.049391361895189001e-01
3.716640344012706598e-01, 1.648114377836240874e-01, 1.586169560068320938e-01, 3.049075718082731035e-01
3.716191043944758188e-01, 1.648323611206601869e-01, 1.586725322249287473e-01, 3.048760022599352193e-01
3.715741632445069831e-01, 1.648532757394662596e-01, 1.587281334619737583e-01, 3.048444275540529991e-01
3.715292109624233619e-01, 1.648741816259239323e-01, 1.587837597114759858e-01, 3.048128477001767478e-01
3.714842475592955995e-01, 1.648950787659168582e-01, 1.588394109669281906e-01, 3.047812627078593795e-01
3.714392730462056647e-01, 1.649159671453308551e-01, 1.588950872218070631e-01, 3.047496725866564171e-01
3.713942874342467948e-01, 1.649368467500538782e-01, 1.589507884695734452e-01, 3.047180773461259373e-01
3.713492907345237737e-01, 1.649577175659759920e-01, 1.590065147036718307e-01, 3.046864769958284591e-01
3.713042829581527093e-01, 1.649785795789893983e-01, 1.590622659175308928e-01, 3.046548715453271106e-01
3.712592641162607565e-01, 1.649994327749883527e-01, 1.591180421045631788e-01, 3.046232610041876843e-01
3.712142342199867828e-01, 1.650202771398695811e-01, 1.591738432581652207e-01, 3.045916453819784708e-01
3.711691932804809801e-01, 1.650411126595316413e-01, 1.592296693717174527e-01, 3.045600246882699258e-01
3.711241413089043095e-01, 1.650619393198756168e-01, 1.592855204385842105e-01, 3.045283989326357243e-01
3.710790783164301665e-01, 1.650827571068045618e-01, 1.593413964521137594e-01, 3.044967681246515401e-01
3.710340043142422162e-01, 1.651035660062239174e-01, 1.593972974056383496e-01, 3.044651322738953780e-01
3.709889193135361696e-01, 1.651243660040413175e-01, 1.594532232924741610e-01, 3.044334913899482409e-01
3.709438233255187289e-01, 1.651451570861666995e-01, 1.595091741059211921e-01, 3.044018454823934627e-01
3.708987163614079208e-01, 1.651659392385121661e-01, 1.595651498392632595e-01, 3.043701945608165427e-01
3.708535984324333179e-01, 1.651867124469922621e-01, 1.596211504857683872e-01, 3.043385386348060884e-01
3.708084695498357619e-01, 1.652074766975237252e-01, 1.596771760386881123e-01, 3.043068777139523173e-01
3.707633297248671966e-01, 1.652282319760256801e-01, 1.597332264912582622e-01, 3.042752118078488333e-01
3.707181789687912232e-01, 1.652489782684195829e-01, 1.597893018366982054e-01, 3.042435409260909607e-01
3.706730172928825451e-01, 1.652697155606291102e-01, 1.598454020682113230e-01, 3.042118650782769662e-01
3.706278447084273009e-01, 1.652904438385805197e-01, 1.599015271789850090e-01, 3.041801842740072259e-01
3.705826612267229536e-01, 1.653111630882023453e-01, 1.599576771621902538e-01, 3.041484985228845028e-01
3.705374668590780129e-01, 1.653318732954255077e-01, 1.600138520109821161e-01, 3.041168078345143910e-01
3.704922616168127014e-01, 1.653525744461832592e-01, 1.600700517184994176e-01, 3.040851122185045385e-01
3.704470455112583993e-01, 1.653732665264114332e-01, 1.601262762778649373e-01, 3.040534116844652579e-01
3.704018185537577557e-01, 1.653939495220481948e-01, 1.601825256821851617e-01, 3.040217062420089156e-01
3.703565807556646883e-01, 1.654146234190341513e-01, 1.602387999245505068e-01, 3.039899959007505981e-01
3.703113321283445503e-01, 1.654352882033124639e-01, 1.602950989980352070e-01, 3.039582806703077233e-01
3.702660726831740190e-01, 1.654559438608287636e-01, 1.603514228956973986e-01, 3.039265605602998743e-01
3.702208024315408186e-01, 1.654765903775309854e-01, 1.604077716105789253e-01, 3.038948355803492429e-01
3.701755213848441639e-01, 1.654972277393699231e-01, 1.604641451357055881e-01, 3.038631057400802971e-01
3.701302295544947052e-01, 1.655178559322985077e-01, 1.605205434640868400e-01, 3.038313710491199471e-01
3.700849269519139728e-01, 1.655384749422725288e-01, 1.605769665887161468e-01, 3.037996315170972683e-01
3.700396135885353210e-01, 1.655590847552501077e-01, 1.606334145025706261e-01, 3.037678871536439451e-01
3.699942894758029288e-01, 1.655796853571920579e-01, 1.606898871986113253e-01, 3.037361379683936602e-01
3.699489546251724659e-01, 1.656002767340618298e-01, 1.607463846697829712e-01, 3.037043839709827053e-01
3.699036090481109262e-01, 1.656208588718252883e-01, 1.608029069090142482e-01, 3.036726251710495372e-01
3.698582527560965727e-01, 1.656414317564510463e-01, 1.608594539092174369e-01, 3.036408615782349996e-01
3.698128857606186592e-01, 1.656619953739102424e-01, 1.609160256632887476e-01, 3.036090932021823230e-01
3.697675080731782637e-01, 1.656825497101767630e-01, 1.609726221641081256e-01, 3.035773200525368476e-01
3.697221197052872887e-01, 1.657030947512271313e-01, 1.610292434045392518e-01, 3.035455421389463004e-01
3.696767206684690166e-01, 1.657236304830404794e-01, 1.610858893774297085e-01, 3.035137594710608511e-01
3.696313109742581093e-01, 1.657441568915986596e-01, 1.611425600756107301e-01, 3.034819720585325009e-01
3.695858906342002759e-01, 1.657646739628862442e-01, 1.611992554918973419e-01, 3.034501799110161935e-01
3.695404596598529379e-01, 1.657851816828904423e-01, 1.612559756190883598e-01, 3.034183830381683156e-01
3.694950180627841752e-01, 1.658056800376013495e-01, 1.613127204499663070e-01, 3.033865814496481961e-01
3.694495658545737804e-01, 1.658261690130116428e-01, 1.613694899772975255e-01, 3.033547751551171068e-01
3.694041030468125375e-01, 1.658466485951168023e-01, 1.614262841938320092e-01, 3.033229641642385954e-01
3.693586296511026101e-01, 1.658671187699151672e-01, 1.614831030923035982e-01, 3.032911484866785412e-01
3.693131456790575418e-01, 1.658875795234077410e-01, 1.615399466654298122e-01, 3.032593281321049328e-01
3.692676511423017560e-01, 1.659080308415983307e-01, 1.615968149059119063e-01, 3.032275031101879237e-01
3.692221460524711674e-01, 1.659284727104937407e-01, 1.616537078064348432e-01, 3.031956734306001655e-01
3.691766304212131256e-01, 1.659489051161034123e-01, 1.617106253596673482e-01, 3.031638391030161417e-01
3.691311042601856940e-01, 1.659693280444397012e-01, 1.617675675582619099e-01, 3.031320001371126671e-01
3.690855675810587599e-01, 1.659897414815177941e-01, 1.618245343948545856e-01, 3.031001565425688882e-01
3.690400203955129799e-01, 1.660101454133558196e-01, 1.618815258620653341e-01, 3.030683083290659496e-01
3.689944627152403900e-01, 1.660305398259748211e-01, 1.619385419524976277e-01, 3.030364555062871612e-01
3.689488945519442953e-01, 1.660509247053985893e-01, 1.619955826587387848e-01, 3.030045980839183306e-01
3.689033159173393250e-01, 1.660713000376539406e-01, 1.620526479733598035e-01, 3.029727360716469309e-01
3.688577268231510442e-01, 1.660916658087707165e-01, 1.621097378889153340e-01, 3.029408694791630441e-01
3.688121272811165086e-01, 1.661120220047814233e-01, 1.621668523979436505e-01, 3.029089983161585287e-01
3.687665173029838206e-01, 1.661323686117218423e-01, 1.622239914929668736e-01, 3.028771225923275190e-01
3.687208969005124071e-01, 1.661527056156306692e-01, 1.622811551664906649e-01, 3.028452423173663699e-01
3.686752660854729080e-01, 1.661730330025493196e-01, 1.623383434110044765e-01, 3.028133575009733791e-01
3.686296248696469546e-01, 1.661933507585225955e-01, 1.623955562189813018e-01, 3.027814681528490648e-01
3.685839732648276690e-01, 1.662136588695981576e-01, 1.624527935828779801e-01, 3.027495742826960545e-01
3.685383112828193308e-01, 1.662339573218266919e-01, 1.625100554951348364e-01, 3.027176759002190853e-01
3.684926389354371556e-01, 1.662542461012618267e-01, 1.625673419481760140e-01, 3.026857730151250592e-01
3.684469562345077942e-01, 1.662745251939605207e-01, 1.626246529344091418e-01, 3.026538656371225988e-01
3.684012631918690550e-01, 1.662947945859825638e-01, 1.626819884462255839e-01, 3.026219537759227696e-01
3.683555598193697378e-01, 1.663150542633910212e-01, 1.627393484760004394e-01, 3.025900374412387461e-01
3.683098461288702996e-01, 1.663353042122519831e-01, 1.627967330160923209e-01, 3.025581166427854241e-01
3.682641221322417446e-01, 1.663555444186346766e-01, 1.628541420588435484e-01, 3.025261913902799749e-01
3.682183878413669009e-01, 1.663757748686114368e-01, 1.629115755965800105e-01, 3.024942616934416240e-01
3.681726432681391992e-01, 1.663959955482578190e-01, 1.629690336216114144e-01, 3.024623275619916507e-01
3.681268884244635609e-01, 1.664162064436524868e-01, 1.630265161262307583e-01, 3.024303890056531108e-01
3.680811233222561207e-01, 1.664364075408774069e-01, 1.630840231027150533e-01, 3.023984460341515579e-01
3.680353479734439492e-01, 1.664565988260175711e-01, 1.631415545433246850e-01, 3.023664986572138225e-01
3.679895623899653856e-01, 1.664767802851612744e-01, 1.631991104403036907e-01, 3.023345468845696216e-01
3.679437665837698712e-01, 1.664969519044001423e-01, 1.632566907858797045e-01, 3.023025907259502820e-01
3.678979605668183384e-01, 1.665171136698288534e-01, 1.633142955722641509e-01, 3.022706301910887960e-01
3.678521443510824329e-01, 1.665372655675454450e-01, 1.633719247916517459e-01, 3.022386652897204873e-01
3.678063179485450140e-01, 1.665574075836512569e-01, 1.634295784362211068e-01, 3.022066960315826778e-01
3.677604813712003207e-01, 1.665775397042508488e-01, 1.634872564981342258e-01, 3.021747224264144660e-01
3.677146346310535829e-01, 1.665976619154521388e-01, 1.635449589695368855e-01, 3.021427444839573928e-01
3.676687777401211332e-01, 1.666177742033663201e-01, 1.636026858425583264e-01, 3.021107622139541649e-01
3.676229107104306282e-01, 1.666378765541079721e-01, 1.636604371093112464e-01, 3.020787756261500423e-01
3.675770335540207157e-01, 1.666579689537949771e-01, 1.637182127618923289e-01, 3.020467847302919506e-01
3.675311462829409792e-01, 1.666780513885485482e-01, 1.637760127923814923e-01, 3.020147895361289803e-01
3.674852489092524377e-01, 1.666981238444933122e-01, 1.638338371928422244e-01, 3.019827900534119980e-01
3.674393414450271012e-01, 1.667181863077574211e-01, 1.638916859553218586e-01, 3.019507862918935359e-01
3.673934239023481374e-01, 1.667382387644722186e-01, 1.639495590718509921e-01, 3.019187782613285131e-01
3.673474962933099275e-01, 1.667582812007726012e-01, 1.640074565344439850e-01, 3.018867659714735696e-01
3.673015586300176216e-01, 1.667783136027967961e-01, 1.640653783350987105e-01, 3.018547494320869551e-01
3.672556109245878608e-01, 1.667983359566865276e-01, 1.641233244657965273e-01, 3.018227286529291398e-01
3.672096531891480553e-01, 1.668183482485871560e-01, 1.641812949185023629e-01, 3.017907036437624257e-01
3.671636854358369395e-01, 1.668383504646472615e-01, 1.642392896851648521e-01, 3.017586744143508914e-01
3.671177076768043501e-01, 1.668583425910190876e-01, 1.642973087577159763e-01, 3.017266409744606137e-01
3.670717199242112261e-01, 1.668783246138582921e-01, 1.643553521280713414e-01, 3.016946033338592237e-01
3.670257221902293865e-01, 1.668982965193241130e-01, 1.644134197881301218e-01, 3.016625615023164619e-01
3.669797144870416972e-01, 1.669182582935792858e-01, 1.644715117297749218e-01, 3.016305154896040119e-01
3.669336968268427368e-01, 1.669382099227902649e-01, 1.645296279448720533e-01, 3.015984653054951115e-01
3.668876692218374092e-01, 1.669581513931268080e-01, 1.645877684252712025e-01, 3.015664109597647191e-01
3.668416316842417757e-01, 1.669780826907624194e-01, 1.646459331628055967e-01, 3.015343524621901805e-01
3.667955842262836663e-01, 1.669980038018742396e-01, 1.647041221492920593e-01, 3.015022898225501180e-01
3.667495268602011249e-01, 1.670179147126429064e-01, 1.647623353765308996e-01, 3.014702230506249858e-01
3.667034595982437972e-01, 1.670378154092528045e-01, 1.648205728363059119e-01, 3.014381521561974031e-01
3.666573824526721537e-01, 1.670577058778918988e-01, 1.648788345203844874e-01, 3.014060771490514323e-01
3.666112954357577669e-01, 1.670775861047517907e-01, 1.649371204205173913e-01, 3.013739980389729678e-01
3.665651985597831453e-01, 1.670974560760278005e-01, 1.649954305284390688e-01, 3.013419148357499577e-01
3.665190918370422879e-01, 1.671173157779189400e-01, 1.650537648358672560e-01, 3.013098275491715716e-01
3.664729752798396301e-01, 1.671371651966278571e-01, 1.651121233345033412e-01, 3.012777361890292549e-01
3.664268489004909868e-01, 1.671570043183610577e-01, 1.651705060160321703e-01, 3.012456407651158408e-01
3.663807127113231643e-01, 1.671768331293286280e-01, 1.652289128721220746e-01, 3.012135412872261053e-01
3.663345667246740156e-01, 1.671966516157444571e-01, 1.652873438944248707e-01, 3.011814377651566565e-01
3.662884109528924959e-01, 1.672164597638263472e-01, 1.653457990745758888e-01, 3.011493302087053792e-01
3.662422454083382739e-01, 1.672362575597955980e-01, 1.654042784041938885e-01, 3.011172186276722673e-01
3.661960701033823429e-01, 1.672560449898775614e-01, 1.654627818748811707e-01, 3.010851030318588695e-01
3.661498850504067426e-01, 1.672758220403012808e-01, 1.655213094782234939e-01, 3.010529834310685660e-01
3.661036902618041156e-01, 1.672955886972995465e-01, 1.655798612057900743e-01, 3.010208598351062359e-01
3.660574857499785950e-01, 1.673153449471092014e-01, 1.656384370491335023e-01, 3.009887322537786458e-01
3.660112715273451944e-01, 1.673350907759706963e-01, 1.656970369997901316e-01, 3.009566006968941165e-01
3.659650476063295854e-01, 1.673548261701285622e-01, 1.657556610492794680e-01, 3.009244651742624121e-01
3.659188139993688194e-01, 1.673745511158310495e-01, 1.658143091891045307e-01, 3.008923256956955172e-01
3.658725707189108278e-01, 1.673942655993304607e-01, 1.658729814107520739e-01, 3.008601822710066376e-01
3.658263177774145891e-01, 1.674139696068828453e-01, 1.659316777056918657e-01, 3.008280349100106443e-01
3.657800551873497397e-01, 1.674336631247483609e-01, 1.659903980653775202e-01, 3.007958836225244070e-01
3.657337829611974622e-01, 1.674533461391909672e-01, 1.660491424812459149e-01, 3.007637284183657389e-01
3.656875011114492646e-01, 1.674730186364786211e-01, 1.661079109447172464e-01, 3.007315693073547291e-01
3.656412096506084231e-01, 1.674926806028833037e-01, 1.661667034471955018e-01, 3.006994062993127992e-01
3.655949085911882057e-01, 1.675123320246809100e-01, 1.662255199800678762e-01, 3.006672394040629803e-01
3.655485979457135381e-01, 1.675319728881514703e-01, 1.662843605347049392e-01, 3.006350686314299692e-01
3.655022777267203371e-01, 1.675516031795788174e-01, 1.663432251024608566e-01, 3.006028939912399611e-01
3.654559479467548444e-01, 1.675712228852510033e-01, 1.664021136746732799e-01, 3.005707154933208725e-01
3.654096086183748482e-01, 1.675908319914599931e-01, 1.664610262426629572e-01, 3.005385331475020627e-01
3.653632597541489613e-01, 1.676104304845019155e-01, 1.665199627977345109e-01, 3.005063469636146123e-01
3.653169013666566767e-01, 1.676300183506770070e-01, 1.665789233311756046e-01, 3.004741569514907673e-01
3.652705334684882565e-01, 1.676495955762895285e-01, 1.666379078342575537e-01, 3.004419631209647723e-01
3.652241560722449543e-01, 1.676691621476477656e-01, 1.666969162982349650e-01, 3.004097654818722596e-01
3.651777691905392920e-01, 1.676887180510643616e-01, 1.667559487143459585e-01, 3.003775640440503603e-01
3.651313728359943944e-01, 1.677082632728558176e-01, 1.668150050738120282e-01, 3.003453588173378153e-01
3.650849670212442111e-01, 1.677277977993430202e-01, 1.668740853678380709e-01, 3.003131498115747533e-01
3.650385517589339601e-01, 1.677473216168509085e-01, 1.669331895876123573e-01, 3.002809370366026909e-01
3.649921270617194624e-01, 1.677668347117086400e-01, 1.669923177243066992e-01, 3.002487205022651429e-01
3.649456929422675855e-01, 1.677863370702495360e-01, 1.670514697690760886e-01, 3.002165002184066789e-01
3.648992494132561881e-01, 1.678058286788111642e-01, 1.671106457130591139e-01, 3.001842761948734783e-01
3.648527964873735652e-01, 1.678253095237353387e-01, 1.671698455473777656e-01, 3.001520484415132195e-01
3.648063341773195023e-01, 1.678447795913680374e-01, 1.672290692631372144e-01, 3.001198169681752459e-01
3.647598624958043323e-01, 1.678642388680595954e-01, 1.672883168514263386e-01, 3.000875817847096783e-01
3.647133814555494347e-01, 1.678836873401645668e-01, 1.673475883033170297e-01, 3.000553429009689688e-01
3.646668910692868470e-01, 1.679031249940417525e-01, 1.674068836098648594e-01, 3.000231003268065688e-01
3.646203913497597093e-01, 1.679225518160543662e-01, 1.674662027621087734e-01, 2.999908540720770955e-01
3.645738823097216530e-01, 1.679419677925698962e-01, 1.675255457510710089e-01, 2.999586041466374975e-01
3.645273639619378558e-01, 1.679613729099601049e-01, 1.675849125677570939e-01, 2.999263505603450009e-01
3.644808363191837097e-01, 1.679807671546011405e-01, 1.676443032031561808e-01, 2.998940933230590522e-01
3.644342993942455977e-01, 1.680001505128735362e-01, 1.677037176482405190e-01, 2.998618324446403194e-01
3.643877531999211161e-01, 1.680195229711621552e-01, 1.677631558939659262e-01, 2.998295679349507470e-01
3.643411977490181863e-01, 1.680388845158564126e-01, 1.678226179312716504e-01, 2.997972998038537784e-01
3.642946330543558875e-01, 1.680582351333498314e-01, 1.678821037510800640e-01, 2.997650280612141893e-01
3.642480591287641234e-01, 1.680775748100406530e-01, 1.679416133442971359e-01, 2.997327527168980876e-01
3.642014759850835670e-01, 1.680969035323314764e-01, 1.680011467018120153e-01, 2.997004737807730246e-01
3.641548836361657160e-01, 1.681162212866291472e-01, 1.680607038144972532e-01, 2.996681912627079392e-01
3.641082820948727261e-01, 1.681355280593452850e-01, 1.681202846732089973e-01, 2.996359051725729361e-01
3.640616713740779664e-01, 1.681548238368958947e-01, 1.681798892687864921e-01, 2.996036155202397300e-01
3.640150514866651865e-01, 1.681741086057013113e-01, 1.682395175920523289e-01, 2.995713223155812011e-01
3.639684224455294048e-01, 1.681933823521865601e-01, 1.682991696338126397e-01, 2.995390255684715619e-01
3.639217842635757982e-01, 1.682126450627811631e-01, 1.683588453848566813e-01, 2.995067252887863019e-01
3.638751369537209235e-01, 1.682318967239191942e-01, 1.684185448359573345e-01, 2.994744214864024645e-01
3.638284805288918844e-01, 1.682511373220392792e-01, 1.684782679778706327e-01, 2.994421141711981482e-01
3.637818150020267205e-01, 1.682703668435845679e-01, 1.685380148013359836e-01, 2.994098033530527836e-01
3.637351403860737964e-01, 1.682895852750028454e-01, 1.685977852970761415e-01, 2.993774890418472445e-01
3.636884566939930230e-01, 1.683087926027464487e-01, 1.686575794557972352e-01, 2.993451712474632931e-01
3.636417639387543033e-01, 1.683279888132724611e-01, 1.687173972681886847e-01, 2.993128499797845232e-01
3.635950621333387534e-01, 1.683471738930424899e-01, 1.687772387249233674e-01, 2.992805252486953616e-01
3.635483512907382586e-01, 1.683663478285227777e-01, 1.688371038166573412e-01, 2.992481970640816225e-01
3.635016314239552515e-01, 1.683855106061842855e-01, 1.688969925340300104e-01, 2.992158654358304526e-01
3.634549025460029337e-01, 1.684046622125026649e-01, 1.689569048676642649e-01, 2.991835303738300533e-01
3.634081646699054979e-01, 1.684238026339582028e-01, 1.690168408081662577e-01, 2.991511918879699583e-01
3.633614178086975177e-01, 1.684429318570359879e-01, 1.690768003461253222e-01, 2.991188499881410889e-01
3.633146619754247242e-01, 1.684620498682256884e-01, 1.691367834721143049e-01, 2.990865046842351993e-01
3.632678971831431736e-01, 1.684811566540219130e-01, 1.691967901766893156e-01, 2.990541559861457088e-01
3.632211234449198023e-01, 1.685002522009238224e-01, 1.692568204503896723e-01, 2.990218039037667030e-01
3.631743407738322604e-01, 1.685193364954354622e-01, 1.693168742837382890e-01, 2.989894484469939884e-01
3.631275491829691338e-01, 1.685384095240656521e-01, 1.693769516672410658e-01, 2.989570896257240928e-01
3.630807486854293886e-01, 1.685574712733279579e-01, 1.694370525913875269e-01, 2.989247274498552653e-01
3.630339392943227605e-01, 1.685765217297408303e-01, 1.694971770466502659e-01, 2.988923619292860878e-01
3.629871210227697542e-01, 1.685955608798274941e-01, 1.695573250234853335e-01, 2.988599930739173627e-01
3.629402938839016435e-01, 1.686145887101161145e-01, 1.696174965123321554e-01, 2.988276208936501144e-01
3.628934578908603048e-01, 1.686336052071396030e-01, 1.696776915036131983e-01, 2.987952453983869217e-01
3.628466130567982173e-01, 1.686526103574356727e-01, 1.697379099877344144e-01, 2.987628665980316400e-01
3.627997593948787403e-01, 1.686716041475472549e-01, 1.697981519550852691e-01, 2.987304845024886801e-01
3.627528969182756136e-01, 1.686905865640218050e-01, 1.698584173960381583e-01, 2.986980991216644510e-01
3.627060256401735128e-01, 1.687095575934120240e-01, 1.699187063009489629e-01, 2.986657104654654726e-01
3.626591455737676606e-01, 1.687285172222753038e-01, 1.699790186601568831e-01, 2.986333185438001525e-01
3.626122567322640489e-01, 1.687474654371740601e-01, 1.700393544639843546e-01, 2.986009233665776752e-01
3.625653591288789390e-01, 1.687664022246756768e-01, 1.700997137027372152e-01, 2.985685249437082245e-01
3.625184527768398057e-01, 1.687853275713526169e-01, 1.701600963667044275e-01, 2.985361232851032609e-01
3.624715376893841712e-01, 1.688042414637821453e-01, 1.702205024461584393e-01, 2.985037184006751887e-01
3.624246138797607153e-01, 1.688231438885468005e-01, 1.702809319313549341e-01, 2.984713103003375223e-01
3.623776813612285541e-01, 1.688420348322339226e-01, 1.703413848125328312e-01, 2.984388989940047199e-01
3.623307401470572953e-01, 1.688609142814359032e-01, 1.704018610799143685e-01, 2.984064844915924608e-01
3.622837902505272600e-01, 1.688797822227503242e-01, 1.704623607237051308e-01, 2.983740668030173127e-01
3.622368316849294279e-01, 1.688986386427797082e-01, 1.705228837340939108e-01, 2.983416459381970087e-01
3.621898644635652698e-01, 1.689174835281317955e-01, 1.705834301012529031e-01, 2.983092219070500595e-01
3.621428885997469149e-01, 1.689363168654193503e-01, 1.706439998153374549e-01, 2.982767947194962521e-01
3.620959041067971507e-01, 1.689551386412602163e-01, 1.707045928664862322e-01, 2.982443643854563176e-01
3.620489109980493114e-01, 1.689739488422773994e-01, 1.707652092448213310e-01, 2.982119309148518749e-01
3.620019092868473343e-01, 1.689927474550991793e-01, 1.708258489404479719e-01, 2.981794943176055424e-01
3.619548989865455924e-01, 1.690115344663587482e-01, 1.708865119434546387e-01, 2.981470546036410485e-01
3.619078801105091725e-01, 1.690303098626946832e-01, 1.709471982439133286e-01, 2.981146117828828990e-01
3.618608526721137086e-01, 1.690490736307506126e-01, 1.710079078318789692e-01, 2.980821658652567652e-01
3.618138166847452708e-01, 1.690678257571755216e-01, 1.710686406973900842e-01, 2.980497168606891512e-01
3.617667721618008092e-01, 1.690865662286235305e-01, 1.711293968304682944e-01, 2.980172647791074492e-01
3.617197191166874881e-01, 1.691052950317538939e-01, 1.711901762211184841e-01, 2.979848096304402172e-01
3.616726575628230744e-01, 1.691240121532313623e-01, 1.712509788593290783e-01, 2.979523514246165128e-01
3.616255875136359932e-01, 1.691427175797257099e-01, 1.713118047350713768e-01, 2.979198901715669479e-01
3.615785089825651055e-01, 1.691614112979122064e-01, 1.713726538383003317e-01, 2.978874258812223563e-01
3.615314219830599862e-01, 1.691800932944712843e-01, 1.714335261589537973e-01, 2.978549585635149599e-01
3.614843265285803131e-01, 1.691987635560886771e-01, 1.714944216869532523e-01, 2.978224882283777575e-01
3.614372226325967552e-01, 1.692174220694554754e-01, 1.715553404122032166e-01, 2.977900148857445806e-01
3.613901103085901956e-01, 1.692360688212682096e-01, 1.716162823245916125e-01, 2.977575385455501489e-01
3.613429895700518424e-01, 1.692547037982286284e-01, 1.716772474139895144e-01, 2.977250592177300703e-01
3.612958604304840615e-01, 1.692733269870438650e-01, 1.717382356702513713e-01, 2.976925769122206744e-01
3.612487229033989888e-01, 1.692919383744266038e-01, 1.717992470832148122e-01, 2.976600916389595675e-01
3.612015770023197514e-01, 1.693105379470947747e-01, 1.718602816427008406e-01, 2.976276034078846333e-01
3.611544227407796348e-01, 1.693291256917716647e-01, 1.719213393385135846e-01, 2.975951122289351436e-01
3.611072601323225828e-01, 1.693477015951861953e-01, 1.719824201604406022e-01, 2.975626181120505365e-01
3.610600891905028642e-01, 1.693662656440726444e-01, 1.720435240982525482e-01, 2.975301210671719154e-01
3.610129099288854060e-01, 1.693848178251707581e-01, 1.721046511417034797e-01, 2.974976211042404395e-01
3.609657223610452381e-01, 1.694033581252256671e-01, 1.721658012805306059e-01, 2.974651182331985444e-01
3.609185265005681598e-01, 1.694218865309880528e-01, 1.722269745044544831e-01, 2.974326124639892210e-01
3.608713223610505727e-01, 1.694404030292142871e-01, 1.722881708031788750e-01, 2.974001038065563485e-01
3.608241099560985932e-01, 1.694589076066660149e-01, 1.723493901663908645e-01, 2.973675922708445829e-01
3.607768892993295506e-01, 1.694774002501104881e-01, 1.724106325837607145e-01, 2.973350778667991912e-01
3.607296604043707111e-01, 1.694958809463205929e-01, 1.724718980449421180e-01, 2.973025606043664948e-01
3.606824232848601097e-01, 1.695143496820747664e-01, 1.725331865395717812e-01, 2.972700404934934260e-01
3.606351779544457181e-01, 1.695328064441569138e-01, 1.725944980572697574e-01, 2.972375175441276940e-01
3.605879244267863881e-01, 1.695512512193566301e-01, 1.726558325876394739e-01, 2.972049917662173968e-01
3.605406627155511856e-01, 1.695696839944691447e-01, 1.727171901202675386e-01, 2.971724631697120755e-01
3.604933928344195015e-01, 1.695881047562953214e-01, 1.727785706447237390e-01, 2.971399317645614380e-01
3.604461147970810520e-01, 1.696065134916416306e-01, 1.728399741505612930e-01, 2.971073975607159690e-01
3.603988286172362110e-01, 1.696249101873200937e-01, 1.729014006273164594e-01, 2.970748605681271526e-01
3.603515343085955669e-01, 1.696432948301487276e-01, 1.729628500645090106e-01, 2.970423207967467505e-01
3.603042318848800329e-01, 1.696616674069507946e-01, 1.730243224516416767e-01, 2.970097782565275235e-01
3.602569213598207365e-01, 1.696800279045556914e-01, 1.730858177782006735e-01, 2.969772329574228431e-01
3.602096027471595741e-01, 1.696983763097982545e-01, 1.731473360336553691e-01, 2.969446849093867469e-01
3.601622760606485452e-01, 1.697167126095192047e-01, 1.732088772074584782e-01, 2.969121341223737720e-01
3.601149413140498079e-01, 1.697350367905649249e-01, 1.732704412890458678e-01, 2.968795806063394549e-01
3.600675985211362340e-01, 1.697533488397874879e-01, 1.733320282678366131e-01, 2.968470243712396650e-01
3.600202476956906317e-01, 1.697716487440450728e-01, 1.733936381332332188e-01, 2.968144654270309934e-01
3.599728888515066894e-01, 1.697899364902012709e-01, 1.734552708746213701e-01, 2.967819037836708085e-01
3.599255220023876989e-01, 1.698082120651256965e-01, 1.735169264813698209e-01, 2.967493394511168114e-01
3.598781471621476102e-01, 1.698264754556937373e-01, 1.735786049428309497e-01, 2.967167724393276473e-01
3.598307643446109760e-01, 1.698447266487866092e-01, 1.736403062483400095e-01, 2.966842027582624053e-01
3.597833735636121189e-01, 1.698629656312914127e-01, 1.737020303872157667e-01, 2.966516304178806740e-01
3.597359748329957974e-01, 1.698811923901011600e-01, 1.737637773487601400e-01, 2.966190554281429304e-01
3.596885681666173729e-01, 1.698994069121145811e-01, 1.738255471222582560e-01, 2.965864777990097623e-01
3.596411535783420876e-01, 1.699176091842365954e-01, 1.738873396969786156e-01, 2.965538975404427013e-01
3.595937310820456201e-01, 1.699357991933776180e-01, 1.739491550621728166e-01, 2.965213146624038898e-01
3.595463006916139181e-01, 1.699539769264545030e-01, 1.740109932070758592e-01, 2.964887291748556919e-01
3.594988624209432548e-01, 1.699721423703896284e-01, 1.740728541209059510e-01, 2.964561410877613046e-01
3.594514162839398397e-01, 1.699902955121115611e-01, 1.741347377928643969e-01, 2.964235504110843133e-01
3.594039622945204293e-01, 1.700084363385546971e-01, 1.741966442121359870e-01, 2.963909571547889144e-01
3.593565004666119944e-01, 1.700265648366596771e-01, 1.742585733678886917e-01, 2.963583613288396923e-01
3.593090308141517197e-01, 1.700446809933728320e-01, 1.743205252492736335e-01, 2.963257629432019535e-01
3.592615533510867265e-01, 1.700627847956466265e-01, 1.743824998454252817e-01, 2.962931620078413375e-01
3.592140680913748496e-01, 1.700808762304397703e-01, 1.744444971454612581e-01, 2.962605585327241497e-01
3.591665750489835829e-01, 1.700989552847167186e-01, 1.745065171384827529e-01, 2.962279525278169179e-01
3.591190742378911338e-01, 1.701170219454481991e-01, 1.745685598135736927e-01, 2.961953440030868356e-01
3.590715656720855908e-01, 1.701350761996109073e-01, 1.746306251598016834e-01, 2.961627329685018184e-01
3.590240493655652010e-01, 1.701531180341876726e-01, 1.746927131662174004e-01, 2.961301194340296705e-01
3.589765253323387029e-01, 1.701711474361674858e-01, 1.747548238218547545e-01, 2.960975034096389735e-01
3.589289935864248826e-01, 1.701891643925453057e-01, 1.748169571157310309e-01, 2.960648849052986975e-01
3.588814541418521853e-01, 1.702071688903225577e-01, 1.748791130368466951e-01, 2.960322639309784787e-01
3.588339070126601027e-01, 1.702251609165064405e-01, 1.749412915741854480e-01, 2.959996404966479533e-01
3.587863522128975635e-01, 1.702431404581105645e-01, 1.750034927167142262e-01, 2.959670146122775902e-01
3.587387897566240436e-01, 1.702611075021546461e-01, 1.750657164533833410e-01, 2.959343862878379139e-01
3.586912196579089551e-01, 1.702790620356646190e-01, 1.751279627731262001e-01, 2.959017555333001703e-01
3.586436419308319801e-01, 1.702970040456726897e-01, 1.751902316648595581e-01, 2.958691223586358277e-01
3.585960565894827368e-01, 1.703149335192171432e-01, 1.752525231174834330e-01, 2.958364867738167980e-01
3.585484636479610021e-01, 1.703328504433427593e-01, 1.753148371198811062e-01, 2.958038487888152157e-01
3.585008631203769891e-01, 1.703507548051002296e-01, 1.753771736609190113e-01, 2.957712084136037700e-01
3.584532550208505142e-01, 1.703686465915469905e-01, 1.754395327294470674e-01, 2.957385656581554279e-01
3.584056393635121074e-01, 1.703865257897462515e-01, 1.755019143142980409e-01, 2.957059205324436002e-01
3.583580161625015692e-01, 1.704043923867679666e-01, 1.755643184042884331e-01, 2.956732730464420311e-01
3.583103854319693027e-01, 1.704222463696881962e-01, 1.756267449882177589e-01, 2.956406232101247422e-01
3.582627471860760915e-01, 1.704400877255893010e-01, 1.756891940548687692e-01, 2.956079710334658661e-01
3.582151014389921562e-01, 1.704579164415601089e-01, 1.757516655930074501e-01, 2.955753165264402571e-01
3.581674482048979313e-01, 1.704757325046958594e-01, 1.758141595913832733e-01, 2.955426596990229360e-01
3.581197874979842322e-01, 1.704935359020979813e-01, 1.758766760387287520e-01, 2.955100005611890901e-01
3.580721193324514218e-01, 1.705113266208744538e-01, 1.759392149237596903e-01, 2.954773391229143509e-01
3.580244437225103549e-01, 1.705291046481396955e-01, 1.760017762351752668e-01, 2.954446753941746828e-01
3.579767606823817672e-01, 1.705468699710144254e-01, 1.760643599616578125e-01, 2.954120093849459949e-01
3.579290702262963308e-01, 1.705646225766258572e-01, 1.761269660918729774e-01, 2.953793411052049733e-01
3.578813723684947656e-01, 1.705823624521076165e-01, 1.761895946144695912e-01, 2.953466705649279711e-01
3.578336671232279498e-01, 1.706000895845999621e-01, 1.762522455180799419e-01, 2.953139977740922295e-01
3.577859545047565315e-01, 1.706178039612495090e-01, 1.763149187913193028e-01, 2.952813227426747122e-01
3.577382345273512065e-01, 1.706355055692093947e-01, 1.763776144227865161e-01, 2.952486454806528826e-01
3.576905072052928292e-01, 1.706531943956393071e-01, 1.764403324010634933e-01, 2.952159659980043704e-01
3.576427725528721346e-01, 1.706708704277053179e-01, 1.765030727147154366e-01, 2.951832843047069721e-01
3.575950305843898502e-01, 1.706885336525803820e-01, 1.765658353522909230e-01, 2.951506004107387615e-01
3.575472813141565287e-01, 1.707061840574436717e-01, 1.766286203023216539e-01, 2.951179143260782012e-01
3.574995247564927148e-01, 1.707238216294810762e-01, 1.766914275533226775e-01, 2.950852260607034760e-01
3.574517609257291118e-01, 1.707414463558851181e-01, 1.767542570937923607e-01, 2.950525356245933262e-01
3.574039898362063594e-01, 1.707590582238548982e-01, 1.768171089122123341e-01, 2.950198430277264916e-01
3.573562115022746455e-01, 1.707766572205960676e-01, 1.768799829970473247e-01, 2.949871482800820455e-01
3.573084259382943717e-01, 1.707942433333209942e-01, 1.769428793367455177e-01, 2.949544513916391164e-01
3.572606331586361539e-01, 1.708118165492486795e-01, 1.770057979197383891e-01, 2.949217523723768331e-01
3.572128331776798782e-01, 1.708293768556048420e-01, 1.770687387344405950e-01, 2.948890512322746571e-01
3.571650260098157559e-01, 1.708469242396217780e-01, 1.771317017692501661e-01, 2.948563479813123278e-01
3.571172116694437682e-01, 1.708644586885385841e-01, 1.771946870125482298e-01, 2.948236426294693069e-01
3.570693901709738882e-01, 1.708819801896010460e-01, 1.772576944526995379e-01, 2.947909351867256111e-01
3.570215615288257482e-01, 1.708994887300615551e-01, 1.773207240780516891e-01, 2.947582256630609798e-01
3.569737257574293610e-01, 1.709169842971794417e-01, 1.773837758769358786e-01, 2.947255140684553187e-01
3.569258828712238985e-01, 1.709344668782206977e-01, 1.774468498376664538e-01, 2.946928004128889778e-01
3.568780328846587468e-01, 1.709519364604580594e-01, 1.775099459485412201e-01, 2.946600847063420292e-01
3.568301758121933953e-01, 1.709693930311710630e-01, 1.775730641978409963e-01, 2.946273669587945454e-01
3.567823116682967144e-01, 1.709868365776461008e-01, 1.776362045738299755e-01, 2.945946471802270983e-01
3.567344404674477332e-01, 1.710042670871763371e-01, 1.776993670647559198e-01, 2.945619253806199267e-01
3.566865622241351952e-01, 1.710216845470618752e-01, 1.777625516588494936e-01, 2.945292015699533805e-01
3.566386769528576695e-01, 1.710390889446093965e-01, 1.778257583443248468e-01, 2.944964757582080317e-01
3.565907846681234949e-01, 1.710564802671327156e-01, 1.778889871093794484e-01, 2.944637479553643966e-01
3.565428853844507806e-01, 1.710738585019524749e-01, 1.779522379421939193e-01, 2.944310181714028807e-01
3.564949791163676274e-01, 1.710912236363960892e-01, 1.780155108309323386e-01, 2.943982864163039448e-01
3.564470658784117951e-01, 1.711085756577979955e-01, 1.780788057637419930e-01, 2.943655527000482719e-01
3.563991456851308692e-01, 1.711259145534995418e-01, 1.781421227287534603e-01, 2.943328170326162119e-01
3.563512185510819830e-01, 1.711432403108488487e-01, 1.782054617140806096e-01, 2.943000794239883922e-01
3.563032844908325947e-01, 1.711605529172012807e-01, 1.782688227078208509e-01, 2.942673398841453292e-01
3.562553435189591555e-01, 1.711778523599190305e-01, 1.783322056980544412e-01, 2.942345984230673728e-01
3.562073956500486083e-01, 1.711951386263711461e-01, 1.783956106728454283e-01, 2.942018550507349839e-01
3.561594408986968330e-01, 1.712124117039338644e-01, 1.784590376202407624e-01, 2.941691097771285124e-01
3.561114792795103123e-01, 1.712296715799902780e-01, 1.785224865282709628e-01, 2.941363626122283081e-01
3.560635108071048549e-01, 1.712469182419306402e-01, 1.785859573849497839e-01, 2.941036135660147210e-01
3.560155354961057617e-01, 1.712641516771522265e-01, 1.786494501782742717e-01, 2.940708626484677679e-01
3.559675533611483811e-01, 1.712813718730592794e-01, 1.787129648962247352e-01, 2.940381098695676321e-01
3.559195644168776096e-01, 1.712985788170631185e-01, 1.787765015267650248e-01, 2.940053552392942748e-01
3.558715686779480580e-01, 1.713157724965823359e-01, 1.788400600578420041e-01, 2.939725987676276020e-01
3.558235661590241072e-01, 1.713329528990424067e-01, 1.789036404773860500e-01, 2.939398404645475749e-01
3.557755568747794639e-01, 1.713501200118759948e-01, 1.789672427733108029e-01, 2.939070803400337106e-01
3.557275408398981598e-01, 1.713672738225227865e-01, 1.790308669335131941e-01, 2.938743184040657486e-01
3.556795180690734415e-01, 1.713844143184300728e-01, 1.790945129458736684e-01, 2.938415546666229283e-01
3.556314885770081036e-01, 1.714015414870516119e-01, 1.791581807982556562e-01, 2.938087891376846561e-01
3.555834523784148216e-01, 1.714186553158489057e-01, 1.792218704785062400e-01, 2.937760218272300605e-01
3.555354094880159299e-01, 1.714357557922903397e-01, 1.792855819744556545e-01, 2.937432527452381037e-01
3.554873599205431445e-01, 1.714528429038515989e-01, 1.793493152739175089e-01, 2.937104819016878032e-01
3.554393036907382286e-01, 1.714699166380156681e-01, 1.794130703646887870e-01, 2.936777093065573441e-01
3.553912408133518830e-01, 1.714869769822725543e-01, 1.794768472345497634e-01, 2.936449349698257993e-01
3.553431713031451888e-01, 1.715040239241197861e-01, 1.795406458712640874e-01, 2.936121589014710209e-01
3.552950951748883313e-01, 1.715210574510619146e-01, 1.796044662625785604e-01, 2.935793811114710827e-01
3.552470124433611542e-01, 1.715380775506109567e-01, 1.796683083962236915e-01, 2.935466016098041697e-01
3.551989231233531608e-01, 1.715550842102861184e-01, 1.797321722599130589e-01, 2.935138204064476342e-01
3.551508272296634572e-01, 1.715720774176139052e-01, 1.797960578413436705e-01, 2.934810375113789949e-01
3.551027247771006423e-01, 1.715890571601282333e-01, 1.798599651281958534e-01, 2.934482529345753266e-01
3.550546157804826963e-01, 1.716060234253702910e-01, 1.799238941081333087e-01, 2.934154666860138150e-01
3.550065002546373694e-01, 1.716229762008885940e-01, 1.799878447688030292e-01, 2.933826787756708687e-01
3.549583782144022370e-01, 1.716399154742391520e-01, 1.800518170978356036e-01, 2.933498892135231739e-01
3.549102496746235902e-01, 1.716568412329851911e-01, 1.801158110828445791e-01, 2.933170980095466951e-01
3.548621146501579893e-01, 1.716737534646974872e-01, 1.801798267114272101e-01, 2.932843051737173412e-01
3.548139731558711540e-01, 1.716906521569541433e-01, 1.802438639711639035e-01, 2.932515107160107437e-01
3.547658252066383522e-01, 1.717075372973407565e-01, 1.803079228496186348e-01, 2.932187146464022565e-01
3.547176708173446213e-01, 1.717244088734502239e-01, 1.803720033343384765e-01, 2.931859169748667893e-01
3.546695100028837144e-01, 1.717412668728830749e-01, 1.804361054128541253e-01, 2.931531177113790854e-01
3.546213427781599314e-01, 1.717581112832472778e-01, 1.805002290726794578e-01, 2.931203168659133884e-01
3.545731691580860656e-01, 1.717749420921581560e-01, 1.805643743013117808e-01, 2.930875144484439976e-01
3.545249891575852907e-01, 1.717917592872386656e-01, 1.806285410862318863e-01, 2.930547104689442128e-01
3.544768027915892183e-01, 1.718085628561192291e-01, 1.806927294149038299e-01, 2.930219049373877782e-01
3.544286100750398405e-01, 1.718253527864378183e-01, 1.807569392747750414e-01, 2.929890978637473276e-01
3.543804110228877535e-01, 1.718421290658400935e-01, 1.808211706532764640e-01, 2.929562892579956612e-01
3.543322056500937678e-01, 1.718588916819788759e-01, 1.808854235378222208e-01, 2.929234791301052465e-01
3.542839939716276310e-01, 1.718756406225149524e-01, 1.809496979158100038e-01, 2.928906674900474960e-01
3.542357760024684166e-01, 1.718923758751165209e-01, 1.810139937746207683e-01, 2.928578543477943219e-01
3.541875517576049126e-01, 1.719090974274595507e-01, 1.810783111016189828e-01, 2.928250397133165261e-01
3.541393212520353440e-01, 1.719258052672273662e-01, 1.811426498841524346e-01, 2.927922235965848552e-01
3.540910845007667618e-01, 1.719424993821112024e-01, 1.812070101095523134e-01, 2.927594060075696114e-01
3.540428415188163203e-01, 1.719591797598097327e-01, 1.812713917651332940e-01, 2.927265869562408196e-01
3.539945923212099999e-01, 1.719758463880293187e-01, 1.813357948381932594e-01, 2.926937664525675054e-01
3.539463369229833289e-01, 1.719924992544842324e-01, 1.814002193160137166e-01, 2.926609445065188053e-01
3.538980753391811063e-01, 1.720091383468961288e-01, 1.814646651858594084e-01, 2.926281211280632455e-01
3.538498075848577895e-01, 1.720257636529945455e-01, 1.815291324349786461e-01, 2.925952963271689078e-01
3.538015336750767181e-01, 1.720423751605167917e-01, 1.815936210506031157e-01, 2.925624701138033745e-01
3.537532536249107240e-01, 1.720589728572076982e-01, 1.816581310199477939e-01, 2.925296424979337284e-01
3.537049674494419649e-01, 1.720755567308200895e-01, 1.817226623302113098e-01, 2.924968134895265526e-01
3.536566751637620354e-01, 1.720921267691144507e-01, 1.817872149685754168e-01, 2.924639830985480971e-01
3.536083767829716340e-01, 1.721086829598590107e-01, 1.818517889222055206e-01, 2.924311513349638902e-01
3.535600723221807296e-01, 1.721252252908297975e-01, 1.819163841782503732e-01, 2.923983182087390165e-01
3.535117617965086723e-01, 1.721417537498108052e-01, 1.819810007238422955e-01, 2.923654837298381715e-01
3.534634452210841382e-01, 1.721582683245935774e-01, 1.820456385460967053e-01, 2.923326479082254403e-01
3.534151226110448518e-01, 1.721747690029779287e-01, 1.821102976321129219e-01, 2.922998107538643531e-01
3.533667939815379189e-01, 1.721912557727710014e-01, 1.821749779689733062e-01, 2.922669722767177736e-01
3.533184593477196600e-01, 1.722077286217882086e-01, 1.822396795437438433e-01, 2.922341324867483436e-01
3.532701187247556662e-01, 1.722241875378526799e-01, 1.823044023434740035e-01, 2.922012913939176504e-01
3.532217721278205769e-01, 1.722406325087955103e-01, 1.823691463551966041e-01, 2.921684490081873364e-01
3.531734195720985792e-01, 1.722570635224556224e-01, 1.824339115659279198e-01, 2.921356053395179342e-01
3.531250610727828532e-01, 1.722734805666799041e-01, 1.824986979626677663e-01, 2.921027603978694764e-01
3.530766966450755717e-01, 1.722898836293232372e-01, 1.825635055323993894e-01, 2.920699141932017184e-01
3.530283263041884556e-01, 1.723062726982485804e-01, 1.826283342620895200e-01, 2.920370667354735827e-01
3.529799500653421074e-01, 1.723226477613264418e-01, 1.826931841386881250e-01, 2.920042180346432703e-01
3.529315679437666220e-01, 1.723390088064357673e-01, 1.827580551491289895e-01, 2.919713681006684824e-01
3.528831799547009762e-01, 1.723553558214633297e-01, 1.828229472803292177e-01, 2.919385169435064209e-01
3.528347861133934171e-01, 1.723716887943038401e-01, 1.828878605191893159e-01, 2.919056645731133437e-01
3.527863864351012957e-01, 1.723880077128601973e-01, 1.829527948525933867e-01, 2.918728109994451758e-01
3.527379809350909556e-01, 1.724043125650432662e-01, 1.830177502674089907e-01, 2.918399562324567875e-01
3.526895696286380666e-01, 1.724206033387719328e-01, 1.830827267504870071e-01, 2.918071002821029936e-01
3.526411525310272910e-01, 1.724368800219732156e-01, 1.831477242886620782e-01, 2.917742431583373319e-01
3.525927296575526171e-01, 1.724531426025822378e-01, 1.832127428687522486e-01, 2.917413848711129520e-01
3.525443010235166930e-01, 1.724693910685421994e-01, 1.832777824775588815e-01, 2.917085254303821706e-01
3.524958666442317701e-01, 1.724856254078044326e-01, 1.833428431018670202e-01, 2.916756648460967494e-01
3.524474265350186486e-01, 1.725018456083283469e-01, 1.834079247284451930e-01, 2.916428031282078392e-01
3.523989807112074546e-01, 1.725180516580815948e-01, 1.834730273440454140e-01, 2.916099402866655921e-01
3.523505291881375845e-01, 1.725342435450399614e-01, 1.835381509354030993e-01, 2.915770763314193825e-01
3.523020719811569834e-01, 1.725504212571873086e-01, 1.836032954892374558e-01, 2.915442112724182522e-01
3.522536091056230889e-01, 1.725665847825158528e-01, 1.836684609922508149e-01, 2.915113451196101879e-01
3.522051405769020538e-01, 1.725827341090259426e-01, 1.837336474311294099e-01, 2.914784778829425660e-01
3.521566664103693567e-01, 1.725988692247261147e-01, 1.837988547925427096e-01, 2.914456095723617635e-01
3.521081866214091360e-01, 1.726149901176331769e-01, 1.838640830631439460e-01, 2.914127401978137688e-01
3.520597012254145786e-01, 1.726310967757721249e-01, 1.839293322295696143e-01, 2.913798697692436268e-01
3.520112102377882524e-01, 1.726471891871763920e-01, 1.839946022784400559e-01, 2.913469982965953275e-01
3.519627136739410522e-01, 1.726632673398874884e-01, 1.840598931963588758e-01, 2.913141257898124725e-01
3.519142115492935319e-01, 1.726793312219553900e-01, 1.841252049699133864e-01, 2.912812522588375530e-01
3.518657038792747938e-01, 1.726953808214382879e-01, 1.841905375856744131e-01, 2.912483777136124496e-01
3.518171906793229331e-01, 1.727114161264027004e-01, 1.842558910301962949e-01, 2.912155021640782104e-01
3.517686719648849825e-01, 1.727274371249233886e-01, 1.843212652900168280e-01, 2.911826256201747731e-01
3.517201477514170227e-01, 1.727434438050836907e-01, 1.843866603516576830e-01, 2.911497480918416314e-01
3.516716180543838499e-01, 1.727594361549751323e-01, 1.844520762016236826e-01, 2.911168695890172797e-01
3.516230828892594751e-01, 1.727754141626977047e-01, 1.845175128264036346e-01, 2.910839901216392689e-01
3.515745422715265689e-01, 1.727913778163597536e-01, 1.845829702124694716e-01, 2.910511096996442060e-01
3.515259962166766838e-01, 1.728073271040780345e-01, 1.846484483462770831e-01, 2.910182283329681985e-01
3.514774447402104207e-01, 1.728232620139778242e-01, 1.847139472142657612e-01, 2.909853460315460771e-01
3.514288878576369846e-01, 1.728391825341926424e-01, 1.847794668028583109e-01, 2.909524628053120621e-01
3.513803255844749618e-01, 1.728550886528645858e-01, 1.848450070984612725e-01, 2.909195786641992076e-01
3.513317579362512100e-01, 1.728709803581442717e-01, 1.849105680874646995e-01, 2.908866936181398466e-01
3.512831849285016350e-01, 1.728868576381907551e-01, 1.849761497562422974e-01, 2.908538076770653680e-01
3.512346065767710246e-01, 1.729027204811715290e-01, 1.850417520911511460e-01, 2.908209208509063282e-01
3.511860228966130482e-01, 1.729185688752626349e-01, 1.851073750785323102e-01, 2.907880331495920068e-01
3.511374339035900904e-01, 1.729344028086486074e-01, 1.851730187047101461e-01, 2.907551445830511838e-01
3.510888396132732514e-01, 1.729502222695225855e-01, 1.852386829559926618e-01, 2.907222551612113626e-01
3.510402400412426793e-01, 1.729660272460863124e-01, 1.853043678186716836e-01, 2.906893648939993247e-01
3.509916352030870712e-01, 1.729818177265499135e-01, 1.853700732790223016e-01, 2.906564737913406860e-01
3.509430251144040058e-01, 1.729975936991322572e-01, 1.854357993233036461e-01, 2.906235818631600631e-01
3.508944097907998327e-01, 1.730133551520607604e-01, 1.855015459377581666e-01, 2.905906891193811847e-01
3.508457892478895612e-01, 1.730291020735714447e-01, 1.855673131086120198e-01, 2.905577955699269466e-01
3.507971635012970824e-01, 1.730448344519089909e-01, 1.856331008220750423e-01, 2.905249012247189122e-01
3.507485325666548914e-01, 1.730605522753266290e-01, 1.856989090643405838e-01, 2.904920060936778681e-01
3.506998964596042545e-01, 1.730762555320863594e-01, 1.857647378215858680e-01, 2.904591101867235459e-01
3.506512551957952084e-01, 1.730919442104587591e-01, 1.858305870799715487e-01, 2.904262135137745116e-01
3.506026087908862832e-01, 1.731076182987231760e-01, 1.858964568256420147e-01, 2.903933160847484984e-01
3.505539572605451681e-01, 1.731232777851675619e-01, 1.859623470447253624e-01, 2.903604179095618520e-01
3.505053006204476018e-01, 1.731389226580886953e-01, 1.860282577233332291e-01, 2.903275189981304183e-01
3.504566388862784820e-01, 1.731545529057919586e-01, 1.860941888475609596e-01, 2.902946193603685443e-01
3.504079720737311998e-01, 1.731701685165915883e-01, 1.861601404034877172e-01, 2.902617190061894115e-01
3.503593001985077504e-01, 1.731857694788104529e-01, 1.862261123771760951e-01, 2.902288179455056460e-01
3.503106232763189554e-01, 1.732013557807803028e-01, 1.862921047546725606e-01, 2.901959161882281535e-01
3.502619413228840739e-01, 1.732169274108415757e-01, 1.863581175220070107e-01, 2.901630137442672286e-01
3.502132543539308585e-01, 1.732324843573437023e-01, 1.864241506651934388e-01, 2.901301106235319449e-01
3.501645623851962208e-01, 1.732480266086446619e-01, 1.864902041702290736e-01, 2.900972068359299882e-01
3.501158654324252328e-01, 1.732635541531113432e-01, 1.865562780230952677e-01, 2.900643023913681562e-01
3.500671635113714042e-01, 1.732790669791196558e-01, 1.866223722097567206e-01, 2.900313972997523027e-01
3.500184566377973483e-01, 1.732945650750541133e-01, 1.866884867161620332e-01, 2.899984915709865052e-01
3.499697448274738387e-01, 1.733100484293081944e-01, 1.867546215282434308e-01, 2.899655852149744528e-01
3.499210280961803088e-01, 1.733255170302843706e-01, 1.868207766319169294e-01, 2.899326782416183357e-01
3.498723064597048515e-01, 1.733409708663938842e-01, 1.868869520130822248e-01, 2.898997706608190672e-01
3.498235799338441643e-01, 1.733564099260568592e-01, 1.869531476576227202e-01, 2.898668624824763951e-01
3.497748485344029379e-01, 1.733718341977024957e-01, 1.870193635514055541e-01, 2.898339537164890678e-01
3.497261122771951336e-01, 1.733872436697687647e-01, 1.870855996802816001e-01, 2.898010443727543906e-01
3.496773711780428728e-01, 1.734026383307027686e-01, 1.871518560300855505e-01, 2.897681344611687804e-01
3.496286252527766036e-01, 1.734180181689604638e-01, 1.872181325866357493e-01, 2.897352239916272110e-01
3.495798745172353783e-01, 1.734333831730067998e-01, 1.872844293357342482e-01, 2.897023129740235459e-01
3.495311189872670199e-01, 1.734487333313156632e-01, 1.873507462631669451e-01, 2.896694014182503163e-01
3.494823586787272895e-01, 1.734640686323701275e-01, 1.874170833547035286e-01, 2.896364893341989433e-01
3.494335936074809412e-01, 1.734793890646621761e-01, 1.874834405960973116e-01, 2.896035767317595155e-01
3.493848237894007225e-01, 1.734946946166928683e-01, 1.875498179730855086e-01, 2.895706636208208451e-01
3.493360492403681516e-01, 1.735099852769721729e-01, 1.876162154713889862e-01, 2.895377500112706337e-01
3.492872699762731292e-01, 1.735252610340193846e-01, 1.876826330767125406e-01, 2.895048359129949733e-01
3.492384860130136603e-01, 1.735405218763626245e-01, 1.877490707747445642e-01, 2.894719213358790677e-01
3.491896973664964099e-01, 1.735557677925393394e-01, 1.878155285511574346e-01, 2.894390062898066773e-01
3.491409040526365359e-01, 1.735709987710959967e-01, 1.878820063916072647e-01, 2.894060907846602304e-01
3.490921060873574122e-01, 1.735862148005880290e-01, 1.879485042817337914e-01, 2.893731748303207674e-01
3.490433034865907946e-01, 1.736014158695802778e-01, 1.880150222071607091e-01, 2.893402584366681629e-01
3.489944962662767103e-01, 1.736166019666465776e-01, 1.880815601534956694e-01, 2.893073416135809595e-01
3.489456844423637905e-01, 1.736317730803699499e-01, 1.881481181063298369e-01, 2.892744243709363672e-01
3.488968680308089376e-01, 1.736469291993425756e-01, 1.882146960512383060e-01, 2.892415067186100419e-01
3.488480470475771034e-01, 1.736620703121659337e-01, 1.882812939737801561e-01, 2.892085886664768068e-01
3.487992215086419545e-01, 1.736771964074506069e-01, 1.883479118594980628e-01, 2.891756702244093757e-01
3.487503914299851515e-01, 1.736923074738163930e-01, 1.884145496939186315e-01, 2.891427514022797962e-01
3.487015568275968480e-01, 1.737074034998925265e-01, 1.884812074625523970e-01, 2.891098322099582840e-01
3.486527177174753023e-01, 1.737224844743172070e-01, 1.885478851508936293e-01, 2.890769126573138337e-01
3.486038741156274878e-01, 1.737375503857379877e-01, 1.886145827444204170e-01, 2.890439927542140519e-01
3.485550260380679832e-01, 1.737526012228118588e-01, 1.886813002285948337e-01, 2.890110725105253797e-01
3.485061735008200823e-01, 1.737676369742049698e-01, 1.887480375888627437e-01, 2.889781519361121487e-01
3.484573165199152389e-01, 1.737826576285927405e-01, 1.888147948106538576e-01, 2.889452310408381353e-01
3.484084551113930117e-01, 1.737976631746599998e-01, 1.888815718793817600e-01, 2.889123098345651175e-01
3.483595892913013414e-01, 1.738126536011009582e-01, 1.889483687804441037e-01, 2.888793883271536522e-01
3.483107190756962179e-01, 1.738276288966190131e-01, 1.890151854992220548e-01, 2.888464665284627975e-01
3.482618444806421243e-01, 1.738425890499269433e-01, 1.890820220210809866e-01, 2.888135444483499459e-01
3.482129655222113707e-01, 1.738575340497471311e-01, 1.891488783313700073e-01, 2.887806220966714355e-01
3.481640822164846494e-01, 1.738724638848111459e-01, 1.892157544154222382e-01, 2.887476994832819943e-01
3.481151945795507019e-01, 1.738873785438599384e-01, 1.892826502585545356e-01, 2.887147766180347408e-01
3.480663026275066518e-01, 1.739022780156440351e-01, 1.893495658460679354e-01, 2.886818535107814054e-01
3.480174063764575054e-01, 1.739171622889232605e-01, 1.894165011632470697e-01, 2.886489301713721645e-01
3.479685058425165400e-01, 1.739320313524670425e-01, 1.894834561953608332e-01, 2.886160066096556398e-01
3.479196010418052487e-01, 1.739468851950539408e-01, 1.895504309276616339e-01, 2.885830828354791766e-01
3.478706919904528960e-01, 1.739617238054723680e-01, 1.896174253453863090e-01, 2.885501588586883992e-01
3.478217787045972953e-01, 1.739765471725200630e-01, 1.896844394337552087e-01, 2.885172346891273776e-01
3.477728612003840314e-01, 1.739913552850043121e-01, 1.897514731779728347e-01, 2.884843103366388495e-01
3.477239394939668493e-01, 1.740061481317417835e-01, 1.898185265632277297e-01, 2.884513858110635542e-01
3.476750136015077097e-01, 1.740209257015588040e-01, 1.898855995746921155e-01, 2.884184611222413430e-01
3.476260835391762893e-01, 1.740356879832912762e-01, 1.899526921975223936e-01, 2.883855362800100131e-01
3.475771493231507581e-01, 1.740504349657845118e-01, 1.900198044168588951e-01, 2.883526112942058073e-01
3.475282109696169464e-01, 1.740651666378935369e-01, 1.900869362178258803e-01, 2.883196861746636364e-01
3.474792684947687893e-01, 1.740798829884828980e-01, 1.901540875855316504e-01, 2.882867609312166346e-01
3.474303219148085486e-01, 1.740945840064267447e-01, 1.902212585050684079e-01, 2.882538355736962710e-01
3.473813712459460357e-01, 1.741092696806088858e-01, 1.902884489615124519e-01, 2.882209101119325712e-01
3.473324165043993328e-01, 1.741239399999226778e-01, 1.903556589399240384e-01, 2.881879845557540065e-01
3.472834577063941830e-01, 1.741385949532711919e-01, 1.904228884253474086e-01, 2.881550589149872166e-01
3.472344948681649890e-01, 1.741532345295670747e-01, 1.904901374028108163e-01, 2.881221331994571200e-01
3.471855280059533144e-01, 1.741678587177326876e-01, 1.905574058573265839e-01, 2.880892074189874696e-01
3.471365571360091606e-01, 1.741824675067001060e-01, 1.906246937738909353e-01, 2.880562815833997981e-01
3.470875822745901340e-01, 1.741970608854110925e-01, 1.906920011374843016e-01, 2.880233557025144719e-01
3.470386034379622231e-01, 1.742116388428170126e-01, 1.907593279330710156e-01, 2.879904297861497486e-01
3.469896206423988549e-01, 1.742262013678791688e-01, 1.908266741455995064e-01, 2.879575038441224977e-01
3.469406339041816167e-01, 1.742407484495683834e-01, 1.908940397600021877e-01, 2.879245778862478122e-01
3.468916432395998117e-01, 1.742552800768653598e-01, 1.909614247611956528e-01, 2.878916519223390647e-01
3.468426486649510143e-01, 1.742697962387605159e-01, 1.910288291340805078e-01, 2.878587259622080730e-01
3.467936501965400709e-01, 1.742842969242540396e-01, 1.910962528635413160e-01, 2.878258000156646568e-01
3.467446478506800989e-01, 1.742987821223559441e-01, 1.911636959344467646e-01, 2.877928740925171924e-01
3.466956416436920430e-01, 1.743132518220859850e-01, 1.912311583316497476e-01, 2.877599482025722799e-01
3.466466315919044527e-01, 1.743277060124739097e-01, 1.912986400399871167e-01, 2.877270223556344653e-01
3.465976177116539825e-01, 1.743421446825590970e-01, 1.913661410442798472e-01, 2.876940965615070178e-01
3.465486000192848359e-01, 1.743565678213908898e-01, 1.914336613293330658e-01, 2.876611708299912640e-01
3.464995785311490994e-01, 1.743709754180283733e-01, 1.915012008799358845e-01, 2.876282451708866428e-01
3.464505532636068530e-01, 1.743853674615406524e-01, 1.915687596808615667e-01, 2.875953195939909279e-01
3.464015242330256150e-01, 1.743997439410066297e-01, 1.916363377168676385e-01, 2.875623941091000613e-01
3.463524914557807866e-01, 1.744141048455151999e-01, 1.917039349726955555e-01, 2.875294687260083748e-01
3.463034549482557622e-01, 1.744284501641650276e-01, 1.917715514330710358e-01, 2.874965434545080911e-01
3.462544147268414307e-01, 1.744427798860648804e-01, 1.918391870827038104e-01, 2.874636183043898785e-01
3.462053708079361747e-01, 1.744570940003332404e-01, 1.919068419062879283e-01, 2.874306932854425178e-01
3.461563232079466479e-01, 1.744713924960988038e-01, 1.919745158885014513e-01, 2.873977684074530137e-01
3.461072719432869982e-01, 1.744856753625000645e-01, 1.920422090140065374e-01, 2.873648436802063721e-01
3.460582170303788119e-01, 1.744999425886855360e-01, 1.921099212674497736e-01, 2.873319191134859341e-01
3.460091584856516134e-01, 1.745141941638137795e-01, 1.921776526334616209e-01, 2.872989947170730418e-01
3.459600963255424766e-01, 1.745284300770532093e-01, 1.922454030966569138e-01, 2.872660705007473725e-01
3.459110305664962470e-01, 1.745426503175825927e-01, 1.923131726416346110e-01, 2.872331464742865492e-01
3.458619612249654307e-01, 1.745568548745903559e-01, 1.923809612529777946e-01, 2.872002226474664188e-01
3.458128883174099721e-01, 1.745710437372751944e-01, 1.924487689152539482e-01, 2.871672990300609407e-01
3.457638118602975874e-01, 1.745852168948457961e-01, 1.925165956130143741e-01, 2.871343756318422424e-01
3.457147318701036531e-01, 1.745993743365209794e-01, 1.925844413307950531e-01, 2.871014524625801756e-01
3.456656483633110399e-01, 1.746135160515296658e-01, 1.926523060531158682e-01, 2.870685295320434816e-01
3.456165613564102235e-01, 1.746276420291107134e-01, 1.927201897644810202e-01, 2.870356068499979596e-01
3.455674708658994509e-01, 1.746417522585132776e-01, 1.927880924493789727e-01, 2.870026844262083543e-01
3.455183769082840195e-01, 1.746558467289966443e-01, 1.928560140922823685e-01, 2.869697622704368567e-01
3.454692795000774419e-01, 1.746699254298301196e-01, 1.929239546776481129e-01, 2.869368403924443256e-01
3.454201786578003364e-01, 1.746839883502932511e-01, 1.929919141899174018e-01, 2.869039188019890108e-01
3.453710743979809816e-01, 1.746980354796758284e-01, 1.930598926135156379e-01, 2.868709975088277186e-01
3.453219667371549839e-01, 1.747120668072776328e-01, 1.931278899328525145e-01, 2.868380765227148688e-01
3.452728556918658320e-01, 1.747260823224087989e-01, 1.931959061323220705e-01, 2.868051558534032708e-01
3.452237412786642867e-01, 1.747400820143896194e-01, 1.932639411963023857e-01, 2.867722355106436805e-01
3.451746235141087138e-01, 1.747540658725506846e-01, 1.933319951091561628e-01, 2.867393155041845776e-01
3.451255024147645289e-01, 1.747680338862326321e-01, 1.934000678552301178e-01, 2.867063958437727211e-01
3.450763779972051415e-01, 1.747819860447866191e-01, 1.934681594188554787e-01, 2.866734765391526496e-01
3.450272502780112327e-01, 1.747959223375739335e-01, 1.935362697843476532e-01, 2.866405576000672917e-01
3.449781192737707003e-01, 1.748098427539659938e-01, 1.936043989360063389e-01, 2.866076390362570225e-01
3.449289850010791025e-01, 1.748237472833447659e-01, 1.936725468581156628e-01, 2.865747208574604965e-01
3.448798474765394917e-01, 1.748376359151024295e-01, 1.937407135349440424e-01, 2.865418030734140920e-01
3.448307067167619699e-01, 1.748515086386413786e-01, 1.938088989507441851e-01, 2.865088856938524664e-01
3.447815627383643000e-01, 1.748653654433745264e-01, 1.938771030897532555e-01, 2.864759687285079459e-01
3.447324155579715166e-01, 1.748792063187249168e-01, 1.939453259361925697e-01, 2.864430521871108581e-01
3.446832651922162594e-01, 1.748930312541262244e-01, 1.940135674742681504e-01, 2.864101360793894768e-01
3.446341116577379959e-01, 1.749068402390221710e-01, 1.940818276881698667e-01, 2.863772204150699108e-01
3.445849549711839099e-01, 1.749206332628671090e-01, 1.941501065620724886e-01, 2.863443052038764369e-01
3.445357951492086235e-01, 1.749344103151257435e-01, 1.942184040801348544e-01, 2.863113904555307232e-01
3.444866322084736421e-01, 1.749481713852731601e-01, 1.942867202265003701e-01, 2.862784761797528277e-01
3.444374661656481318e-01, 1.749619164627947976e-01, 1.943550549852966214e-01, 2.862455623862604770e-01
3.443882970374085306e-01, 1.749756455371866970e-01, 1.944234083406357894e-01, 2.862126490847690663e-01
3.443391248404382710e-01, 1.749893585979551136e-01, 1.944917802766144010e-01, 2.861797362849921034e-01
3.442899495914283903e-01, 1.750030556346170441e-01, 1.945601707773134126e-01, 2.861468239966411531e-01
3.442407713070770314e-01, 1.750167366366998101e-01, 1.946285798267981537e-01, 2.861139122294250603e-01
3.441915900040893872e-01, 1.750304015937411972e-01, 1.946970074091184388e-01, 2.860810009930510045e-01
3.441424056991781999e-01, 1.750440504952895659e-01, 1.947654535083084837e-01, 2.860480902972237227e-01
3.440932184090632617e-01, 1.750576833309037406e-01, 1.948339181083870997e-01, 2.860151801516458425e-01
3.440440281504716924e-01, 1.750713000901532590e-01, 1.949024011933573330e-01, 2.859822705660176601e-01
3.439948349401376060e-01, 1.750849007626178178e-01, 1.949709027472068257e-01, 2.859493615500376951e-01
3.439456387948024441e-01, 1.750984853378880490e-01, 1.950394227539077041e-01, 2.859164531134018028e-01
3.438964397312147536e-01, 1.751120538055649656e-01, 1.951079611974165240e-01, 2.858835452658038401e-01
3.438472377661301871e-01, 1.751256061552601828e-01, 1.951765180616742423e-01, 2.858506380169353878e-01
3.437980329163117243e-01, 1.751391423765960020e-01, 1.952450933306065228e-01, 2.858177313764856953e-01
3.437488251985292842e-01, 1.751526624592051884e-01, 1.953136869881234583e-01, 2.857848253541421246e-01
3.436996146295600019e-01, 1.751661663927312484e-01, 1.953822990181195429e-01, 2.857519199595892623e-01
3.436504012261880625e-01, 1.751796541668282359e-01, 1.954509294044737555e-01, 2.857190152025099739e-01
3.436011850052048122e-01, 1.751931257711609735e-01, 1.955195781310498926e-01, 2.856861110925844605e-01
3.435519659834085915e-01, 1.752065811954048036e-01, 1.955882451816959855e-01, 2.856532076394907027e-01
3.435027441776047907e-01, 1.752200204292458097e-01, 1.956569305402447723e-01, 2.856203048529045718e-01
3.434535196046062389e-01, 1.752334434623807891e-01, 1.957256341905134756e-01, 2.855874027424996076e-01
3.434042922812320375e-01, 1.752468502845172527e-01, 1.957943561163038582e-01, 2.855545013179469627e-01
3.433550622243090600e-01, 1.752602408853732863e-01, 1.958630963014023063e-01, 2.855216005889154030e-01
3.433058294506707853e-01, 1.752736152546778003e-01, 1.959318547295797464e-01, 2.854887005650716958e-01
3.432565939771578534e-01, 1.752869733821704745e-01, 1.960006313845917003e-01, 2.854558012560798885e-01
3.432073558206180097e-01, 1.753003152576017298e-01, 1.960694262501783136e-01, 2.854229026716019746e-01
3.431581149979055501e-01, 1.753136408707327287e-01, 1.961382393100642441e-01, 2.853900048212975049e-01
3.431088715258823196e-01, 1.753269502113353195e-01, 1.962070705479587729e-01, 2.853571077148234769e-01
3.430596254214164920e-01, 1.753402432691923973e-01, 1.962759199475558602e-01, 2.853242113618351672e-01
3.430103767013837346e-01, 1.753535200340973765e-01, 1.963447874925340619e-01, 2.852913157719846882e-01
3.429611253826665429e-01, 1.753667804958546628e-01, 1.964136731665565849e-01, 2.852584209549222094e-01
3.429118714821539626e-01, 1.753800246442793476e-01, 1.964825769532711486e-01, 2.852255269202955690e-01
3.428626150167422559e-01, 1.753932524691974859e-01, 1.965514988363102900e-01, 2.851926336777499404e-01
3.428133560033345129e-01, 1.754064639604460685e-01, 1.966204387992910863e-01, 2.851597412369283879e-01
3.427640944588407623e-01, 1.754196591078726886e-01, 1.966893968258153769e-01, 2.851268496074712000e-01
3.427148304001777501e-01, 1.754328379013360417e-01, 1.967583728994695969e-01, 2.850939587990166668e-01
3.426655638442692164e-01, 1.754460003307056482e-01, 1.968273670038248324e-01, 2.850610688212003030e-01
3.426162948080456738e-01, 1.754591463858619083e-01, 1.968963791224368765e-01, 2.850281796836555137e-01
3.425670233084445182e-01, 1.754722760566962136e-01, 1.969654092388463673e-01, 2.849952913960129286e-01
3.425177493624099734e-01, 1.754853893331107806e-01, 1.970344573365784002e-01, 2.849624039679009013e-01
3.424684729868928135e-01, 1.754984862050188166e-01, 1.971035233991429436e-01, 2.849295174089453986e-01
3.424191941988510846e-01, 1.755115666623446036e-01, 1.971726074100347281e-01, 2.848966317287696670e-01
3.423699130152491055e-01, 1.755246306950231927e-01, 1.972417093527331078e-01, 2.848637469369947328e-01
3.423206294530583005e-01, 1.755376782930006818e-01, 1.973108292107021156e-01, 2.848308630432389577e-01
3.422713435292566442e-01, 1.755507094462342710e-01, 1.973799669673907131e-01, 2.847979800571182607e-01
3.422220552608291610e-01, 1.755637241446921515e-01, 1.974491226062325688e-01, 2.847650979882461741e-01
3.421727646647670373e-01, 1.755767223783532560e-01, 1.975182961106459190e-01, 2.847322168462336767e-01
3.421234717580688423e-01, 1.755897041372079803e-01, 1.975874874640340950e-01, 2.846993366406890824e-01
3.420741765577393068e-01, 1.756026694112574893e-01, 1.976566966497849409e-01, 2.846664573812181520e-01
3.420248790807901562e-01, 1.756156181905141334e-01, 1.977259236512712848e-01, 2.846335790774244812e-01
3.419755793442396663e-01, 1.756285504650011708e-01, 1.977951684518504949e-01, 2.846007017389086124e-01
3.419262773651128295e-01, 1.756414662247531011e-01, 1.978644310348650903e-01, 2.845678253752690345e-01
3.418769731604411333e-01, 1.756543654598154425e-01, 1.979337113836421025e-01, 2.845349499961012385e-01
3.418276667472631702e-01, 1.756672481602448710e-01, 1.980030094814935748e-01, 2.845020756109984394e-01
3.417783581426234729e-01, 1.756801143161091650e-01, 1.980723253117162852e-01, 2.844692022295510769e-01
3.417290473635736237e-01, 1.756929639174872049e-01, 1.981416588575919679e-01, 2.844363298613472590e-01
3.416797344271716996e-01, 1.757057969544691123e-01, 1.982110101023870086e-01, 2.844034585159720963e-01
3.416304193504824394e-01, 1.757186134171559999e-01, 1.982803790293529156e-01, 2.843705882030085896e-01
3.415811021505770761e-01, 1.757314132956603603e-01, 1.983497656217257654e-01, 2.843377189320367981e-01
3.415317828445333381e-01, 1.757441965801057604e-01, 1.984191698627268408e-01, 2.843048507126341717e-01
3.414824614494355592e-01, 1.757569632606268140e-01, 1.984885917355619367e-01, 2.842719835543756624e-01
3.414331379823746238e-01, 1.757697133273696533e-01, 1.985580312234221101e-01, 2.842391174668335574e-01
3.413838124604479662e-01, 1.757824467704914573e-01, 1.986274883094831245e-01, 2.842062524595773687e-01
3.413344849007595716e-01, 1.757951635801606460e-01, 1.986969629769056445e-01, 2.841733885421741101e-01
3.412851553204196420e-01, 1.758078637465569083e-01, 1.987664552088352909e-01, 2.841405257241880200e-01
3.412358237365452074e-01, 1.758205472598711738e-01, 1.988359649884026970e-01, 2.841076640151809496e-01
3.411864901662594041e-01, 1.758332141103056689e-01, 1.989054922987233409e-01, 2.840748034247115306e-01
3.411371546266923627e-01, 1.758458642880738609e-01, 1.989750371228976300e-01, 2.840419439623361741e-01
3.410878171349798760e-01, 1.758584977834005136e-01, 1.990445994440110111e-01, 2.840090856376085715e-01
3.410384777082650087e-01, 1.758711145865218262e-01, 1.991141792451338322e-01, 2.839762284600793052e-01
3.409891363636964878e-01, 1.758837146876852109e-01, 1.991837765093215085e-01, 2.839433724392968483e-01
3.409397931184301456e-01, 1.758962980771493489e-01, 1.992533912196142731e-01, 2.839105175848063434e-01
3.408904479896274209e-01, 1.759088647451844123e-01, 1.993230233590374545e-01, 2.838776639061507123e-01
3.408411009944569137e-01, 1.759214146820718694e-01, 1.993926729106014761e-01, 2.838448114128697686e-01
3.407917521500931080e-01, 1.759339478781044852e-01, 1.994623398573016071e-01, 2.838119601145008275e-01
3.407424014737169271e-01, 1.759464643235865156e-01, 1.995320241821183227e-01, 2.837791100205783734e-01
3.406930489825155117e-01, 1.759589640088335682e-01, 1.996017258680168882e-01, 2.837462611406340596e-01
3.406436946936826637e-01, 1.759714469241726864e-01, 1.996714448979477752e-01, 2.837134134841968192e-01
3.405943386244182913e-01, 1.759839130599423485e-01, 1.997411812548465782e-01, 2.836805670607928653e-01
3.405449807919283534e-01, 1.759963624064923293e-01, 1.998109349216336816e-01, 2.836477218799456357e-01
3.404956212134255811e-01, 1.760087949541839780e-01, 1.998807058812148152e-01, 2.836148779511755702e-01
3.404462599061285899e-01, 1.760212106933901344e-01, 1.999504941164806093e-01, 2.835820352840006109e-01
3.403968968872624901e-01, 1.760336096144949625e-01, 2.000202996103068731e-01, 2.835491938879356466e-01
3.403475321740583870e-01, 1.760459917078942282e-01, 2.000901223455544831e-01, 2.835163537724927907e-01
3.402981657837539364e-01, 1.760583569639951607e-01, 2.001599623050694110e-01, 2.834835149471815474e-01
3.402487977335926783e-01, 1.760707053732164795e-01, 2.002298194716826962e-01, 2.834506774215081459e-01
3.401994280408244808e-01, 1.760830369259883676e-01, 2.002996938282107231e-01, 2.834178412049764284e-01
3.401500567227055960e-01, 1.760953516127526652e-01, 2.003695853574546382e-01, 2.833850063070871839e-01
3.401006837964979934e-01, 1.761076494239626478e-01, 2.004394940422010996e-01, 2.833521727373382593e-01
3.400513092794704151e-01, 1.761199303500831925e-01, 2.005094198652216386e-01, 2.833193405052247260e-01
3.400019331888971541e-01, 1.761321943815907509e-01, 2.005793628092731318e-01, 2.832865096202389910e-01
3.399525555420590539e-01, 1.761444415089733484e-01, 2.006493228570976339e-01, 2.832536800918700193e-01
3.399031763562428421e-01, 1.761566717227305290e-01, 2.007192999914221843e-01, 2.832208519296045557e-01
3.398537956487413525e-01, 1.761688850133735496e-01, 2.007892941949591947e-01, 2.831880251429259032e-01
3.398044134368538027e-01, 1.761810813714251855e-01, 2.008593054504062836e-01, 2.831551997413147559e-01
3.397550297378851836e-01, 1.761932607874198975e-01, 2.009293337404461088e-01, 2.831223757342486991e-01
3.397056445691466475e-01, 1.762054232519038866e-01, 2.009993790477468123e-01, 2.830895531312027091e-01
3.396562579479552868e-01, 1.762175687554347336e-01, 2.010694413549614368e-01, 2.830567319416485428e-01
3.396068698916346884e-01, 1.762296972885819546e-01, 2.011395206447285922e-01, 2.830239121750549036e-01
3.395574804175137684e-01, 1.762418088419264728e-01, 2.012096168996719281e-01, 2.829910938408878862e-01
3.395080895429278822e-01, 1.762539034060611187e-01, 2.012797301024003560e-01, 2.829582769486105320e-01
3.394586972852184914e-01, 1.762659809715904635e-01, 2.013498602355082157e-01, 2.829254615076828294e-01
3.394093036617326642e-01, 1.762780415291305691e-01, 2.014200072815750808e-01, 2.828926475275616581e-01
3.393599086898236861e-01, 1.762900850693093213e-01, 2.014901712231655928e-01, 2.828598350177012888e-01
3.393105123868508377e-01, 1.763021115827664298e-01, 2.015603520428299600e-01, 2.828270239875526060e-01
3.392611147701792285e-01, 1.763141210601531783e-01, 2.016305497231036803e-01, 2.827942144465638852e-01
3.392117158571798519e-01, 1.763261134921327578e-01, 2.017007642465073469e-01, 2.827614064041800712e-01
3.391623156652298077e-01, 1.763380888693800441e-01, 2.017709955955470646e-01, 2.827285998698431113e-01
3.391129142117118023e-01, 1.763500471825817095e-01, 2.018412437527142833e-01, 2.826957948529922882e-01
3.390635115140148148e-01, 1.763619884224362777e-01, 2.019115087004856868e-01, 2.826629913630632207e-01
3.390141075895332645e-01, 1.763739125796539575e-01, 2.019817904213234427e-01, 2.826301894094892520e-01
3.389647024556679544e-01, 1.763858196449569760e-01, 2.020520888976750362e-01, 2.825973890017000612e-01
3.389152961298249611e-01, 1.763977096090791619e-01, 2.021224041119733528e-01, 2.825645901491226075e-01
3.388658886294165784e-01, 1.764095824627662790e-01, 2.021927360466365675e-01, 2.825317928611805751e-01
3.388164799718609843e-01, 1.764214381967759981e-01, 2.022630846840683394e-01, 2.824989971472946504e-01
3.387670701745816859e-01, 1.764332768018778419e-01, 2.023334500066578390e-01, 2.824662030168826332e-01
3.387176592550085741e-01, 1.764450982688530734e-01, 2.024038319967793598e-01, 2.824334104793589928e-01
3.386682472305768132e-01, 1.764569025884950570e-01, 2.024742306367929290e-01, 2.824006195441352007e-01
3.386188341187277295e-01, 1.764686897516088981e-01, 2.025446459090439466e-01, 2.823678302206193980e-01
3.385694199369081447e-01, 1.764804597490116367e-01, 2.026150777958630467e-01, 2.823350425182171164e-01
3.385200047025706538e-01, 1.764922125715323031e-01, 2.026855262795665968e-01, 2.823022564463304462e-01
3.384705884331737358e-01, 1.765039482100118351e-01, 2.027559913424563653e-01, 2.822694720143580915e-01
3.384211711461813654e-01, 1.765156666553030773e-01, 2.028264729668194655e-01, 2.822366892316961473e-01
3.383717528590632351e-01, 1.765273678982708649e-01, 2.028969711349286331e-01, 2.822039081077372114e-01
3.383223335892950878e-01, 1.765390519297919403e-01, 2.029674858290420603e-01, 2.821711286518708839e-01
3.382729133543577738e-01, 1.765507187407552303e-01, 2.030380170314035337e-01, 2.821383508734834900e-01
3.382234921717381382e-01, 1.765623683220613749e-01, 2.031085647242422410e-01, 2.821055747819583570e-01
3.381740700589285775e-01, 1.765740006646232263e-01, 2.031791288897729086e-01, 2.820728003866753708e-01
3.381246470334270393e-01, 1.765856157593655162e-01, 2.032497095101959417e-01, 2.820400276970114750e-01
3.380752231127373553e-01, 1.765972135972251056e-01, 2.033203065676971177e-01, 2.820072567223404492e-01
3.380257983143686862e-01, 1.766087941691509289e-01, 2.033909200444478926e-01, 2.819744874720325756e-01
3.379763726558356884e-01, 1.766203574661037445e-01, 2.034615499226053170e-01, 2.819417199554551945e-01
3.379269461546590692e-01, 1.766319034790566900e-01, 2.035321961843118976e-01, 2.819089541819723710e-01
3.378775188283645314e-01, 1.766434321989947265e-01, 2.036028588116959304e-01, 2.818761901609448395e-01
3.378280906944836071e-01, 1.766549436169149445e-01, 2.036735377868711672e-01, 2.818434279017301702e-01
3.377786617705534344e-01, 1.766664377238267303e-01, 2.037442330919369826e-01, 2.818106674136828804e-01
3.377292320741165366e-01, 1.766779145107513216e-01, 2.038149447089784294e-01, 2.817779087061537124e-01
3.376798016227207655e-01, 1.766893739687221687e-01, 2.038856726200662384e-01, 2.817451517884907997e-01
3.376303704339196909e-01, 1.767008160887849066e-01, 2.039564168072567074e-01, 2.817123966700387228e-01
3.375809385252724892e-01, 1.767122408619972718e-01, 2.040271772525917571e-01, 2.816796433601385097e-01
3.375315059143433327e-01, 1.767236482794291852e-01, 2.040979539380991525e-01, 2.816468918681283573e-01
3.374820726187022779e-01, 1.767350383321625862e-01, 2.041687468457920873e-01, 2.816141422033430763e-01
3.374326386559244884e-01, 1.767464110112917930e-01, 2.042395559576697661e-01, 2.815813943751139803e-01
3.373832040435909563e-01, 1.767577663079232253e-01, 2.043103812557167942e-01, 2.815486483927690520e-01
3.373337687992875589e-01, 1.767691042131755153e-01, 2.043812227219036215e-01, 2.815159042656332766e-01
3.372843329406058355e-01, 1.767804247181794519e-01, 2.044520803381865148e-01, 2.814831620030281978e-01
3.372348964851428210e-01, 1.767917278140781756e-01, 2.045229540865073081e-01, 2.814504216142716397e-01
3.371854594505006020e-01, 1.768030134920268726e-01, 2.045938439487935967e-01, 2.814176831086789843e-01
3.371360218542868714e-01, 1.768142817431931080e-01, 2.046647499069588760e-01, 2.813849464955611723e-01
3.370865837141144294e-01, 1.768255325587566595e-01, 2.047356719429023197e-01, 2.813522117842266468e-01
3.370371450476014608e-01, 1.768367659299095729e-01, 2.048066100385088073e-01, 2.813194789839800758e-01
3.369877058723718677e-01, 1.768479818478562449e-01, 2.048775641756491184e-01, 2.812867481041227413e-01
3.369382662060540490e-01, 1.768591803038133126e-01, 2.049485343361798495e-01, 2.812540191539527612e-01
3.368888260662821765e-01, 1.768703612890096533e-01, 2.050195205019433031e-01, 2.812212921427649226e-01
3.368393854706958068e-01, 1.768815247946864677e-01, 2.050905226547675986e-01, 2.811885670798501269e-01
3.367899444369392703e-01, 1.768926708120973357e-01, 2.051615407764668664e-01, 2.811558439744964999e-01
3.367405029826626151e-01, 1.769037993325082714e-01, 2.052325748488409152e-01, 2.811231228359883372e-01
3.366910611255205521e-01, 1.769149103471973350e-01, 2.053036248536754260e-01, 2.810904036736068257e-01
3.366416188831736211e-01, 1.769260038474552155e-01, 2.053746907727420079e-01, 2.810576864966292110e-01
3.365921762732870803e-01, 1.769370798245848420e-01, 2.054457725877981145e-01, 2.810249713143300188e-01
3.365427333135316279e-01, 1.769481382699016336e-01, 2.055168702805870717e-01, 2.809922581359797222e-01
3.364932900215828471e-01, 1.769591791747332499e-01, 2.055879838328381615e-01, 2.809595469708457971e-01
3.364438464151217056e-01, 1.769702025304198678e-01, 2.056591132262664545e-01, 2.809268378281919998e-01
3.363944025118342784e-01, 1.769812083283140436e-01, 2.057302584425731440e-01, 2.808941307172785895e-01
3.363449583294116363e-01, 1.769921965597807123e-01, 2.058014194634452398e-01, 2.808614256473623838e-01
3.362955138855500681e-01, 1.770031672161972991e-01, 2.058725962705556245e-01, 2.808287226276970361e-01
3.362460691979507477e-01, 1.770141202889536636e-01, 2.059437888455632470e-01, 2.807960216675323695e-01
3.361966242843201780e-01, 1.770250557694520999e-01, 2.060149971701130678e-01, 2.807633227761147654e-01
3.361471791623696914e-01, 1.770359736491073921e-01, 2.060862212258357806e-01, 2.807306259626870526e-01
3.360977338498160050e-01, 1.770468739193467311e-01, 2.061574609943483682e-01, 2.806979312364888401e-01
3.360482883643804430e-01, 1.770577565716099644e-01, 2.062287164572536580e-01, 2.806652386067559624e-01
3.359988427237894926e-01, 1.770686215973492628e-01, 2.062999875961405993e-01, 2.806325480827207008e-01
3.359493969457747475e-01, 1.770794689880293427e-01, 2.063712743925839310e-01, 2.805998596736119510e-01
3.358999510480727424e-01, 1.770902987351276048e-01, 2.064425768281446805e-01, 2.805671733886549446e-01
3.358505050484248411e-01, 1.771011108301337733e-01, 2.065138948843698585e-01, 2.805344892370715271e-01
3.358010589645776811e-01, 1.771119052645501735e-01, 2.065852285427923485e-01, 2.805018072280798247e-01
3.357516128142823408e-01, 1.771226820298917592e-01, 2.066565777849314889e-01, 2.804691273708944665e-01
3.357021666152952277e-01, 1.771334411176859469e-01, 2.067279425922922409e-01, 2.804364496747265845e-01
3.356527203853776897e-01, 1.771441825194728370e-01, 2.067993229463660487e-01, 2.804037741487834245e-01
3.356032741422956822e-01, 1.771549062268050478e-01, 2.068707188286302012e-01, 2.803711008022690132e-01
3.355538279038201011e-01, 1.771656122312478265e-01, 2.069421302205483593e-01, 2.803384296443836576e-01
3.355043816877270602e-01, 1.771763005243789935e-01, 2.070135571035700006e-01, 2.803057606843240013e-01
3.354549355117969478e-01, 1.771869710977889978e-01, 2.070849994591310028e-01, 2.802730939312830793e-01
3.354054893938155923e-01, 1.771976239430808897e-01, 2.071564572686531713e-01, 2.802404293944504299e-01
3.353560433515732075e-01, 1.772082590518704315e-01, 2.072279305135446836e-01, 2.802077670830117606e-01
3.353065974028647811e-01, 1.772188764157860419e-01, 2.072994191751998672e-01, 2.801751070061493376e-01
3.352571515654906298e-01, 1.772294760264686853e-01, 2.073709232349990605e-01, 2.801424491730415411e-01
3.352077058572552337e-01, 1.772400578755721767e-01, 2.074424426743089467e-01, 2.801097935928635874e-01
3.351582602959682911e-01, 1.772506219547628215e-01, 2.075139774744824972e-01, 2.800771402747864736e-01
3.351088148994438298e-01, 1.772611682557197199e-01, 2.075855276168586117e-01, 2.800444892279777553e-01
3.350593696855010406e-01, 1.772716967701347124e-01, 2.076570930827628114e-01, 2.800118404616014356e-01
3.350099246719635548e-01, 1.772822074897122402e-01, 2.077286738535064625e-01, 2.799791939848177424e-01
3.349604798766597225e-01, 1.772927004061695677e-01, 2.078002699103874973e-01, 2.799465498067831293e-01
3.349110353174227783e-01, 1.773031755112367269e-01, 2.078718812346900813e-01, 2.799139079366503857e-01
3.348615910120905093e-01, 1.773136327966564063e-01, 2.079435078076845023e-01, 2.798812683835686932e-01
3.348121469785050319e-01, 1.773240722541839787e-01, 2.080151496106273645e-01, 2.798486311566835694e-01
3.347627032345138476e-01, 1.773344938755878064e-01, 2.080868066247617831e-01, 2.798159962651365351e-01
3.347132597979683988e-01, 1.773448976526488530e-01, 2.081584788313169398e-01, 2.797833637180657806e-01
3.346638166867252351e-01, 1.773552835771609881e-01, 2.082301662115084995e-01, 2.797507335246052218e-01
3.346143739186451804e-01, 1.773656516409307660e-01, 2.083018687465385543e-01, 2.797181056938855548e-01
3.345649315115936662e-01, 1.773760018357775636e-01, 2.083735864175951247e-01, 2.796854802350335900e-01
3.345154894834409531e-01, 1.773863341535336924e-01, 2.084453192058531856e-01, 2.796528571571721411e-01
3.344660478520616320e-01, 1.773966485860442588e-01, 2.085170670924736125e-01, 2.796202364694204689e-01
3.344166066353349565e-01, 1.774069451251670537e-01, 2.085888300586039301e-01, 2.795876181808941152e-01
3.343671658511444544e-01, 1.774172237627729409e-01, 2.086606080853780354e-01, 2.795550023007045137e-01
3.343177255173785389e-01, 1.774274844907454685e-01, 2.087324011539160862e-01, 2.795223888379598787e-01
3.342682856519299528e-01, 1.774377273009811740e-01, 2.088042092453248344e-01, 2.794897778017639833e-01
3.342188462726957687e-01, 1.774479521853894459e-01, 2.088760323406974317e-01, 2.794571692012173258e-01
3.341694073975777779e-01, 1.774581591358925237e-01, 2.089478704211134297e-01, 2.794245630454162965e-01
3.341199690444821013e-01, 1.774683481444255528e-01, 2.090197234676388349e-01, 2.793919593434533999e-01
3.340705312313193009e-01, 1.774785192029367242e-01, 2.090915914613262760e-01, 2.793593581044176433e-01
3.340210939760043796e-01, 1.774886723033869407e-01, 2.091634743832146703e-01, 2.793267593373940372e-01
3.339716572964567254e-01, 1.774988074377501779e-01, 2.092353722143295014e-01, 2.792941630514635398e-01
3.339222212106001675e-01, 1.775089245980133457e-01, 2.093072849356829301e-01, 2.792615692557035567e-01
3.338727857363628648e-01, 1.775190237761762047e-01, 2.093792125282733230e-01, 2.792289779591876075e-01
3.338233508916773062e-01, 1.775291049642516716e-01, 2.094511549730858346e-01, 2.791963891709851597e-01
3.337739166944803659e-01, 1.775391681542655142e-01, 2.095231122510921307e-01, 2.791638029001619614e-01
3.337244831627134700e-01, 1.775492133382564064e-01, 2.095950843432503319e-01, 2.791312191557797084e-01
3.336750503143218194e-01, 1.775592405082761782e-01, 2.096670712305052919e-01, 2.790986379468965439e-01
3.336256181672556109e-01, 1.775692496563896217e-01, 2.097390728937882642e-01, 2.790660592825664477e-01
3.335761867394687608e-01, 1.775792407746744350e-01, 2.098110893140172628e-01, 2.790334831718396247e-01
3.335267560489196259e-01, 1.775892138552214727e-01, 2.098831204720967847e-01, 2.790009096237621167e-01
3.334773261135710598e-01, 1.775991688901345233e-01, 2.099551663489180320e-01, 2.789683386473763016e-01
3.334278969513898017e-01, 1.776091058715305593e-01, 2.100272269253588842e-01, 2.789357702517207827e-01
3.333784685803470871e-01, 1.776190247915394593e-01, 2.100993021822837592e-01, 2.789032044458297221e-01
3.333290410184180930e-01, 1.776289256423042306e-01, 2.101713921005437247e-01, 2.788706412387339517e-01
3.332796142835826592e-01, 1.776388084159810088e-01, 2.102434966609767475e-01, 2.788380806394596956e-01
3.332301883938240117e-01, 1.776486731047389189e-01, 2.103156158444071666e-01, 2.788055226570297918e-01
3.331807633671305946e-01, 1.776585197007601868e-01, 2.103877496316462203e-01, 2.787729673004629705e-01
3.331313392214941271e-01, 1.776683481962402222e-01, 2.104598980034918521e-01, 2.787404145787737986e-01
3.330819159749107694e-01, 1.776781585833875077e-01, 2.105320609407286270e-01, 2.787078645009730127e-01
3.330324936453810114e-01, 1.776879508544236541e-01, 2.106042384241278431e-01, 2.786753170760674081e-01
3.329830722509091179e-01, 1.776977250015834564e-01, 2.106764304344478367e-01, 2.786427723130596168e-01
3.329336518095035724e-01, 1.777074810171146713e-01, 2.107486369524332603e-01, 2.786102302209485515e-01
3.328842323391770774e-01, 1.777172188932784336e-01, 2.108208579588158327e-01, 2.785776908087286841e-01
3.328348138579460547e-01, 1.777269386223489511e-01, 2.108930934343139496e-01, 2.785451540853909336e-01
3.327853963838313667e-01, 1.777366401966135601e-01, 2.109653433596329897e-01, 2.785126200599220558e-01
3.327359799348577063e-01, 1.777463236083728637e-01, 2.110376077154648422e-01, 2.784800887413046433e-01
3.326865645290536522e-01, 1.777559888499405660e-01, 2.111098864824884902e-01, 2.784475601385171806e-01
3.326371501844520573e-01, 1.777656359136438047e-01, 2.111821796413696495e-01, 2.784150342605344330e-01
3.325877369190896049e-01, 1.777752647918225126e-01, 2.112544871727607687e-01, 2.783825111163270027e-01
3.325383247510069751e-01, 1.777848754768302508e-01, 2.113268090573014735e-01, 2.783499907148612174e-01
3.324889136982488447e-01, 1.777944679610336254e-01, 2.113991452756179001e-01, 2.783174730650995743e-01
3.324395037788636653e-01, 1.778040422368125650e-01, 2.114714958083233898e-01, 2.782849581760005186e-01
3.323900950109039409e-01, 1.778135982965600159e-01, 2.115438606360178775e-01, 2.782524460565181101e-01
3.323406874124262833e-01, 1.778231361326825521e-01, 2.116162397392885308e-01, 2.782199367156026892e-01
3.322912810014906904e-01, 1.778326557375997652e-01, 2.116886330987093057e-01, 2.781874301622002110e-01
3.322418757961616009e-01, 1.778421571037446525e-01, 2.117610406948410851e-01, 2.781549264052528003e-01
3.321924718145067845e-01, 1.778516402235633675e-01, 2.118334625082315958e-01, 2.781224254536982521e-01
3.321430690745983960e-01, 1.778611050895154977e-01, 2.119058985194157974e-01, 2.780899273164703089e-01
3.320936675945118655e-01, 1.778705516940739251e-01, 2.119783487089154927e-01, 2.780574320024987722e-01
3.320442673923269528e-01, 1.778799800297247435e-01, 2.120508130572393846e-01, 2.780249395207088359e-01
3.319948684861268595e-01, 1.778893900889674806e-01, 2.121232915448834078e-01, 2.779924498800223076e-01
3.319454708939988397e-01, 1.778987818643149865e-01, 2.121957841523302857e-01, 2.779599630893558881e-01
3.318960746340336443e-01, 1.779081553482934341e-01, 2.122682908600499463e-01, 2.779274791576230030e-01
3.318466797243259658e-01, 1.779175105334423745e-01, 2.123408116484992447e-01, 2.778949980937324149e-01
3.317972861829741604e-01, 1.779268474123147370e-01, 2.124133464981222130e-01, 2.778625199065889451e-01
3.317478940280803590e-01, 1.779361659774767179e-01, 2.124858953893497826e-01, 2.778300446050930850e-01
3.316985032777503006e-01, 1.779454662215081417e-01, 2.125584583026002283e-01, 2.777975721981412738e-01
3.316491139500937213e-01, 1.779547481370019335e-01, 2.126310352182787244e-01, 2.777651026946256763e-01
3.315997260632234100e-01, 1.779640117165646740e-01, 2.127036261167776221e-01, 2.777326361034342939e-01
3.315503396352565413e-01, 1.779732569528161557e-01, 2.127762309784763939e-01, 2.777001724334508537e-01
3.315009546843134536e-01, 1.779824838383897989e-01, 2.128488497837416338e-01, 2.776677116935551415e-01
3.314515712285183713e-01, 1.779916923659322636e-01, 2.129214825129271960e-01, 2.776352538926221691e-01
3.314021892859990159e-01, 1.780008825281037821e-01, 2.129941291463739172e-01, 2.776027990395233402e-01
3.313528088748865508e-01, 1.780100543175779648e-01, 2.130667896644099224e-01, 2.775703471431255620e-01
3.313034300133161358e-01, 1.780192077270419393e-01, 2.131394640473506241e-01, 2.775378982122914118e-01
3.312540527194260953e-01, 1.780283427491962389e-01, 2.132121522754984455e-01, 2.775054522558791925e-01
3.312046770113584726e-01, 1.780374593767550251e-01, 2.132848543291431254e-01, 2.774730092827433214e-01
3.311553029072590304e-01, 1.780465576024457541e-01, 2.133575701885617459e-01, 2.774405693017335528e-01
3.311059304252766955e-01, 1.780556374190094271e-01, 2.134302998340183444e-01, 2.774081323216954220e-01
3.310565595835641695e-01, 1.780646988192007008e-01, 2.135030432457646066e-01, 2.773756983514705787e-01
3.310071904002774845e-01, 1.780737417957874991e-01, 2.135758004040391733e-01, 2.773432673998958431e-01
3.309578228935763367e-01, 1.780827663415515960e-01, 2.136485712890680566e-01, 2.773108394758040940e-01
3.309084570816235860e-01, 1.780917724492878940e-01, 2.137213558810647229e-01, 2.772784145880237694e-01
3.308590929825858118e-01, 1.781007601118052563e-01, 2.137941541602297879e-01, 2.772459927453791440e-01
3.308097306146330352e-01, 1.781097293219258415e-01, 2.138669661067511829e-01, 2.772135739566899959e-01
3.307603699959384969e-01, 1.781186800724854080e-01, 2.139397917008043493e-01, 2.771811582307717736e-01
3.307110111446787681e-01, 1.781276123563333147e-01, 2.140126309225519330e-01, 2.771487455764359287e-01
3.306616540790341396e-01, 1.781365261663325483e-01, 2.140854837521439236e-01, 2.771163360024894162e-01
3.306122988171879551e-01, 1.781454214953595572e-01, 2.141583501697179037e-01, 2.770839295177345285e-01
3.305629453773272775e-01, 1.781542983363045007e-01, 2.142312301553986609e-01, 2.770515261309694499e-01
3.305135937776421118e-01, 1.781631566820711110e-01, 2.143041236892984647e-01, 2.770191258509883125e-01
3.304642440363259048e-01, 1.781719965255768034e-01, 2.143770307515169282e-01, 2.769867286865803635e-01
3.304148961715754895e-01, 1.781808178597524550e-01, 2.144499513221412301e-01, 2.769543346465308531e-01
3.303655502015908629e-01, 1.781896206775426816e-01, 2.145228853812459202e-01, 2.769219437396205907e-01
3.303162061445754638e-01, 1.781984049719058105e-01, 2.145958329088930860e-01, 2.768895559746257229e-01
3.302668640187358395e-01, 1.782071707358136303e-01, 2.146687938851321309e-01, 2.768571713603184548e-01
3.302175238422818682e-01, 1.782159179622518907e-01, 2.147417682900002178e-01, 2.768247899054661620e-01
3.301681856334264253e-01, 1.782246466442196364e-01, 2.148147561035217701e-01, 2.767924116188321682e-01
3.301188494103860505e-01, 1.782333567747298453e-01, 2.148877573057088597e-01, 2.767600365091752446e-01
3.300695151913802250e-01, 1.782420483468091510e-01, 2.149607718765610409e-01, 2.767276645852496109e-01
3.300201829946314280e-01, 1.782507213534978152e-01, 2.150337997960654335e-01, 2.766952958558052678e-01
3.299708528383655248e-01, 1.782593757878498941e-01, 2.151068410441968615e-01, 2.766629303295877751e-01
3.299215247408114338e-01, 1.782680116429329886e-01, 2.151798956009173813e-01, 2.766305680153381408e-01
3.298721987202014594e-01, 1.782766289118287162e-01, 2.152529634461770036e-01, 2.765982089217929318e-01
3.298228747947706263e-01, 1.782852275876321002e-01, 2.153260445599130823e-01, 2.765658530576841634e-01
3.297735529827571788e-01, 1.782938076634521807e-01, 2.153991389220508423e-01, 2.765335004317399648e-01
3.297242333024025807e-01, 1.783023691324114035e-01, 2.154722465125028241e-01, 2.765011510526830807e-01
3.296749157719513490e-01, 1.783109119876463977e-01, 2.155453673111695778e-01, 2.764688049292326477e-01
3.296256004096509429e-01, 1.783194362223073648e-01, 2.156185012979390248e-01, 2.764364620701027508e-01
3.295762872337519300e-01, 1.783279418295580510e-01, 2.156916484526868460e-01, 2.764041224840032562e-01
3.295269762625077647e-01, 1.783364288025763578e-01, 2.157648087552764549e-01, 2.763717861796393671e-01
3.294776675141752320e-01, 1.783448971345538425e-01, 2.158379821855589409e-01, 2.763394531657120123e-01
3.294283610070136703e-01, 1.783533468186957460e-01, 2.159111687233731813e-01, 2.763071234509174023e-01
3.293790567592857488e-01, 1.783617778482212701e-01, 2.159843683485457022e-01, 2.762747970439473066e-01
3.293297547892569677e-01, 1.783701902163633835e-01, 2.160575810408907338e-01, 2.762424739534889984e-01
3.292804551151956027e-01, 1.783785839163688214e-01, 2.161308067802103217e-01, 2.762101541882253097e-01
3.292311577553730939e-01, 1.783869589414983359e-01, 2.162040455462944100e-01, 2.761778377568341880e-01
3.291818627280637677e-01, 1.783953152850262791e-01, 2.162772973189204806e-01, 2.761455246679894171e-01
3.291325700515448371e-01, 1.784036529402409921e-01, 2.163505620778540250e-01, 2.761132149303601180e-01
3.290832797440961799e-01, 1.784119719004446936e-01, 2.164238398028482946e-01, 2.760809085526109152e-01
3.290339918240008377e-01, 1.784202721589533414e-01, 2.164971304736442448e-01, 2.760486055434016595e-01
3.289847063095445168e-01, 1.784285537090969653e-01, 2.165704340699708963e-01, 2.760163059113875939e-01
3.289354232190154770e-01, 1.784368165442193621e-01, 2.166437505715450296e-01, 2.759840096652200203e-01
3.288861425707056974e-01, 1.784450606576782339e-01, 2.167170799580711849e-01, 2.759517168135448006e-01
3.288368643829089888e-01, 1.784532860428451606e-01, 2.167904222092420785e-01, 2.759194273650037443e-01
3.287875886739223819e-01, 1.784614926931056555e-01, 2.168637773047379647e-01, 2.758871413282338869e-01
3.287383154620456271e-01, 1.784696806018592763e-01, 2.169371452242273846e-01, 2.758548587118677120e-01
3.286890447655813063e-01, 1.784778497625192362e-01, 2.170105259473664727e-01, 2.758225795245330403e-01
3.286397766028343881e-01, 1.784860001685129594e-01, 2.170839194537995120e-01, 2.757903037748531405e-01
3.285905109921130607e-01, 1.784941318132814703e-01, 2.171573257231587672e-01, 2.757580314714466185e-01
3.285412479517278994e-01, 1.785022446902803372e-01, 2.172307447350643739e-01, 2.757257626229274727e-01
3.284919874999921996e-01, 1.785103387929784235e-01, 2.173041764691244493e-01, 2.756934972379049831e-01
3.284427296552220321e-01, 1.785184141148589421e-01, 2.173776209049352037e-01, 2.756612353249838776e-01
3.283934744357360214e-01, 1.785264706494189835e-01, 2.174510780220808848e-01, 2.756289768927641104e-01
3.283442218598554008e-01, 1.785345083901696550e-01, 2.175245478001336108e-01, 2.755967219498413612e-01
3.282949719459041238e-01, 1.785425273306360250e-01, 2.175980302186537041e-01, 2.755644705048060916e-01
3.282457247122088639e-01, 1.785505274643572615e-01, 2.176715252571894965e-01, 2.755322225662443780e-01
3.281964801770984597e-01, 1.785585087848863273e-01, 2.177450328952774405e-01, 2.754999781427377448e-01
3.281472383589048025e-01, 1.785664712857904235e-01, 2.178185531124419982e-01, 2.754677372428627757e-01
3.280979992759620045e-01, 1.785744149606506292e-01, 2.178920858881958356e-01, 2.754354998751914474e-01
3.280487629466070088e-01, 1.785823398030621234e-01, 2.179656312020396558e-01, 2.754032660482912398e-01
3.279995293891789787e-01, 1.785902458066341847e-01, 2.180391890334622274e-01, 2.753710357707246370e-01
3.279502986220197980e-01, 1.785981329649899696e-01, 2.181127593619407445e-01, 2.753388090510494601e-01
3.279010706634739036e-01, 1.786060012717668732e-01, 2.181863421669402447e-01, 2.753065858978189784e-01
3.278518455318880087e-01, 1.786138507206161685e-01, 2.182599374279142190e-01, 2.752743663195816315e-01
3.278026232456113243e-01, 1.786216813052034502e-01, 2.183335451243041681e-01, 2.752421503248810297e-01
3.277534038229955038e-01, 1.786294930192082187e-01, 2.184071652355398518e-01, 2.752099379222563424e-01
3.277041872823948654e-01, 1.786372858563240462e-01, 2.184807977410393454e-01, 2.751777291202417430e-01
3.276549736421658920e-01, 1.786450598102586329e-01, 2.185544426202087331e-01, 2.751455239273666309e-01
3.276057629206676203e-01, 1.786528148747339728e-01, 2.186280998524427477e-01, 2.751133223521557425e-01
3.275565551362609740e-01, 1.786605510434858268e-01, 2.187017694171239091e-01, 2.750811244031292069e-01
3.275073503073102632e-01, 1.786682683102643332e-01, 2.187754512936233575e-01, 2.750489300888019351e-01
3.274581484521811303e-01, 1.786759666688336468e-01, 2.188491454613004927e-01, 2.750167394176847302e-01
3.274089495892419932e-01, 1.786836461129721609e-01, 2.189228518995028905e-01, 2.749845523982828444e-01
3.273597537368636567e-01, 1.786913066364723413e-01, 2.189965705875665802e-01, 2.749523690390974218e-01
3.273105609134189242e-01, 1.786989482331407531e-01, 2.190703015048158786e-01, 2.749201893486243331e-01
3.272613711372834855e-01, 1.787065708967981170e-01, 2.191440446305634726e-01, 2.748880133353548416e-01
3.272121844268344737e-01, 1.787141746212795868e-01, 2.192177999441104752e-01, 2.748558410077753811e-01
3.271630008004518531e-01, 1.787217594004341381e-01, 2.192915674247462865e-01, 2.748236723743678334e-01
3.271138202765176972e-01, 1.787293252281250411e-01, 2.193653470517487325e-01, 2.747915074436085292e-01
3.270646428734161892e-01, 1.787368720982299153e-01, 2.194391388043841484e-01, 2.747593462239697470e-01
3.270154686095338437e-01, 1.787444000046403969e-01, 2.195129426619072399e-01, 2.747271887239185473e-01
3.269662975032592844e-01, 1.787519089412623885e-01, 2.195867586035611663e-01, 2.746950349519172163e-01
3.269171295729834115e-01, 1.787593989020159757e-01, 2.196605866085775127e-01, 2.746628849164231001e-01
3.268679648370991231e-01, 1.787668698808355106e-01, 2.197344266561763459e-01, 2.746307386258889927e-01
3.268188033140015381e-01, 1.787743218716696114e-01, 2.198082787255663806e-01, 2.745985960887625255e-01
3.267696450220878845e-01, 1.787817548684809688e-01, 2.198821427959446184e-01, 2.745664573134865560e-01
3.267204899797576112e-01, 1.787891688652467059e-01, 2.199560188464966537e-01, 2.745343223084990014e-01
3.266713382054121095e-01, 1.787965638559581294e-01, 2.200299068563968674e-01, 2.745021910822329492e-01
3.266221897174547695e-01, 1.788039398346206454e-01, 2.201038068048077612e-01, 2.744700636431167684e-01
3.265730445342913679e-01, 1.788112967952542876e-01, 2.201777186708807899e-01, 2.744379399995736102e-01
3.265239026743294026e-01, 1.788186347318929670e-01, 2.202516424337556400e-01, 2.744058201600220182e-01
3.264747641559784808e-01, 1.788259536385851389e-01, 2.203255780725609236e-01, 2.743737041328754289e-01
3.264256289976503189e-01, 1.788332535093933862e-01, 2.203995255664137065e-01, 2.743415919265425051e-01
3.263764972177585211e-01, 1.788405343383947521e-01, 2.204734848944197578e-01, 2.743094835494269135e-01
3.263273688347186896e-01, 1.788477961196804911e-01, 2.205474560356734115e-01, 2.742773790099274356e-01
3.262782438669484253e-01, 1.788550388473560682e-01, 2.206214389692576772e-01, 2.742452783164378571e-01
3.262291223328673273e-01, 1.788622625155414092e-01, 2.206954336742442679e-01, 2.742131814773470788e-01
3.261800042508967157e-01, 1.788694671183707618e-01, 2.207694401296936004e-01, 2.741810885010388943e-01
3.261308896394599088e-01, 1.788766526499926124e-01, 2.208434583146548225e-01, 2.741489993958925453e-01
3.260817785169824456e-01, 1.788838191045698800e-01, 2.209174882081658131e-01, 2.741169141702819445e-01
3.260326709018911417e-01, 1.788909664762797225e-01, 2.209915297892529051e-01, 2.740848328325761751e-01
3.259835668126151442e-01, 1.788980947593137860e-01, 2.210655830369316899e-01, 2.740527553911393244e-01
3.259344662675853765e-01, 1.789052039478780110e-01, 2.211396479302061568e-01, 2.740206818543305389e-01
3.258853692852342609e-01, 1.789122940361925762e-01, 2.212137244480691378e-01, 2.739886122305039695e-01
3.258362758839965512e-01, 1.789193650184923434e-01, 2.212878125695023901e-01, 2.739565465280087708e-01
3.257871860823084442e-01, 1.789264168890261908e-01, 2.213619122734763744e-01, 2.739244847551889350e-01
3.257380998986078580e-01, 1.789334496420577347e-01, 2.214360235389503939e-01, 2.738924269203840134e-01
3.256890173513348197e-01, 1.789404632718647192e-01, 2.215101463448726771e-01, 2.738603730319277840e-01
3.256399384589308554e-01, 1.789474577727394045e-01, 2.215842806701801837e-01, 2.738283230981495842e-01
3.255908632398392677e-01, 1.789544331389884835e-01, 2.216584264937989102e-01, 2.737962771273733664e-01
3.255417917125049687e-01, 1.789613893649330267e-01, 2.217325837946436395e-01, 2.737642351279184205e-01
3.254927238953748136e-01, 1.789683264449084821e-01, 2.218067525516180805e-01, 2.737321971080985961e-01
3.254436598068971565e-01, 1.789752443732648413e-01, 2.218809327436148116e-01, 2.737001630762231352e-01
3.253945994655222385e-01, 1.789821431443664734e-01, 2.219551243495155035e-01, 2.736681330405957846e-01
3.253455428897015778e-01, 1.789890227525921529e-01, 2.220293273481906415e-01, 2.736361070095156278e-01
3.252964900978885243e-01, 1.789958831923351978e-01, 2.221035417184997751e-01, 2.736040849912765860e-01
3.252474411085380379e-01, 1.790027244580032761e-01, 2.221777674392913515e-01, 2.735720669941672512e-01
3.251983959401069657e-01, 1.790095465440185996e-01, 2.222520044894028546e-01, 2.735400530264716079e-01
3.251493546110532096e-01, 1.790163494448178960e-01, 2.223262528476608602e-01, 2.735080430964680898e-01
3.251003171398365588e-01, 1.790231331548522431e-01, 2.224005124928808141e-01, 2.734760372124304117e-01
3.250512835449182458e-01, 1.790298976685872623e-01, 2.224747834038674765e-01, 2.734440353826270154e-01
3.250022538447612241e-01, 1.790366429805031467e-01, 2.225490655594143385e-01, 2.734120376153212351e-01
3.249532280578297239e-01, 1.790433690850944393e-01, 2.226233589383042610e-01, 2.733800439187716869e-01
3.249042062025895294e-01, 1.790500759768703098e-01, 2.226976635193090859e-01, 2.733480543012311581e-01
3.248551882975081462e-01, 1.790567636503544169e-01, 2.227719792811896360e-01, 2.733160687709478287e-01
3.248061743610541896e-01, 1.790634321000849072e-01, 2.228463062026961039e-01, 2.732840873361647160e-01
3.247571644116978851e-01, 1.790700813206144437e-01, 2.229206442625677742e-01, 2.732521100051199525e-01
3.247081584679110677e-01, 1.790767113065103444e-01, 2.229949934395329403e-01, 2.732201367860456753e-01
3.246591565481666275e-01, 1.790833220523542213e-01, 2.230693537123091263e-01, 2.731881676871699138e-01
3.246101586709393971e-01, 1.790899135527425634e-01, 2.231437250596032540e-01, 2.731562027167148132e-01
3.245611648547049310e-01, 1.790964858022860706e-01, 2.232181074601111426e-01, 2.731242418828978002e-01
3.245121751179407266e-01, 1.791030387956102643e-01, 2.232925008925179533e-01, 2.730922851939309726e-01
3.244631894791252247e-01, 1.791095725273551542e-01, 2.233669053354983836e-01, 2.730603326580213208e-01
3.244142079567383652e-01, 1.791160869921752385e-01, 2.234413207677158342e-01, 2.730283842833705066e-01
3.243652305692616422e-01, 1.791225821847396427e-01, 2.235157471678232699e-01, 2.729964400781754175e-01
3.243162573351774935e-01, 1.791290580997321469e-01, 2.235901845144630806e-01, 2.729645000506272789e-01
3.242672882729696893e-01, 1.791355147318511309e-01, 2.236646327862667483e-01, 2.729325642089124315e-01
3.242183234011234982e-01, 1.791419520758094075e-01, 2.237390919618550966e-01, 2.729006325612118866e-01
3.241693627381252996e-01, 1.791483701263345274e-01, 2.238135620198384579e-01, 2.728687051157016596e-01
3.241204063024626936e-01, 1.791547688781686687e-01, 2.238880429388162563e-01, 2.728367818805524370e-01
3.240714541126245574e-01, 1.791611483260685256e-01, 2.239625346973774522e-01, 2.728048628639295203e-01
3.240225061871008783e-01, 1.791675084648055305e-01, 2.240370372741003480e-01, 2.727729480739931600e-01
3.239735625443829758e-01, 1.791738492891657153e-01, 2.241115506475526986e-01, 2.727410375188986102e-01
3.239246232029633354e-01, 1.791801707939496280e-01, 2.241860747962916012e-01, 2.727091312067954632e-01
3.238756881813354416e-01, 1.791864729739726936e-01, 2.242606096988636055e-01, 2.726772291458283703e-01
3.238267574979937780e-01, 1.791927558240647422e-01, 2.243351553338046589e-01, 2.726453313441367099e-01
3.237778311714347157e-01, 1.791990193390703978e-01, 2.244097116796403002e-01, 2.726134378098545863e-01
3.237289092201547924e-01, 1.792052635138490224e-01, 2.244842787148855212e-01, 2.725815485511107750e-01
3.236799916626521001e-01, 1.792114883432743555e-01, 2.245588564180445446e-01, 2.725496635760288888e-01
3.236310785174258409e-01, 1.792176938222351246e-01, 2.246334447676116564e-01, 2.725177828927272672e-01
3.235821698029762161e-01, 1.792238799456346565e-01, 2.247080437420701238e-01, 2.724859065093190313e-01
3.235332655378042599e-01, 1.792300467083908500e-01, 2.247826533198930277e-01, 2.724540344339119180e-01
3.234843657404122830e-01, 1.792361941054363694e-01, 2.248572734795429573e-01, 2.724221666746083348e-01
3.234354704293034843e-01, 1.792423221317185622e-01, 2.249319041994720381e-01, 2.723903032395058599e-01
3.233865796229822287e-01, 1.792484307821995693e-01, 2.250065454581221258e-01, 2.723584441366960207e-01
3.233376933399535469e-01, 1.792545200518561033e-01, 2.250811972339245570e-01, 2.723265893742656818e-01
3.232888115987236910e-01, 1.792605899356797539e-01, 2.251558595053004264e-01, 2.722947389602962120e-01
3.232399344177998013e-01, 1.792666404286765991e-01, 2.252305322506601981e-01, 2.722628929028634848e-01
3.231910618156896842e-01, 1.792726715258677050e-01, 2.253052154484042335e-01, 2.722310512100383217e-01
3.231421938109024783e-01, 1.792786832222887650e-01, 2.253799090769227076e-01, 2.721992138898861047e-01
3.230933304219478774e-01, 1.792846755129900993e-01, 2.254546131145949706e-01, 2.721673809504669417e-01
3.230444716673366856e-01, 1.792906483930370443e-01, 2.255293275397907138e-01, 2.721355523998356118e-01
3.229956175655803730e-01, 1.792966018575093690e-01, 2.256040523308688872e-01, 2.721037282460413431e-01
3.229467681351912423e-01, 1.793025359015018860e-01, 2.256787874661782822e-01, 2.720719084971285895e-01
3.228979233946827621e-01, 1.793084505201240353e-01, 2.257535329240576705e-01, 2.720400931611355877e-01
3.228490833625687340e-01, 1.793143457084999393e-01, 2.258282886828352765e-01, 2.720082822460961336e-01
3.228002480573639588e-01, 1.793202214617687085e-01, 2.259030547208293604e-01, 2.719764757600379723e-01
3.227514174975841255e-01, 1.793260777750841084e-01, 2.259778310163479131e-01, 2.719446737109837975e-01
3.227025917017455892e-01, 1.793319146436146427e-01, 2.260526175476886557e-01, 2.719128761069510292e-01
3.226537706883654266e-01, 1.793377320625437754e-01, 2.261274142931393449e-01, 2.718810829559514808e-01
3.226049544759612697e-01, 1.793435300270696253e-01, 2.262022212309773017e-01, 2.718492942659916367e-01
3.225561430830520271e-01, 1.793493085324052994e-01, 2.262770383394702156e-01, 2.718175100450725412e-01
3.225073365281566073e-01, 1.793550675737783096e-01, 2.263518655968749516e-01, 2.717857303011901871e-01
3.224585348297948073e-01, 1.793608071464314890e-01, 2.264267029814389653e-01, 2.717539550423347383e-01
3.224097380064874785e-01, 1.793665272456222148e-01, 2.265015504713991934e-01, 2.717221842764911410e-01
3.223609460767555834e-01, 1.793722278666226022e-01, 2.265764080449827744e-01, 2.716904180116390677e-01
3.223121590591209173e-01, 1.793779090047199487e-01, 2.266512756804065776e-01, 2.716586562557525286e-01
3.222633769721061081e-01, 1.793835706552160680e-01, 2.267261533558777020e-01, 2.716268990168001496e-01
3.222145998342338391e-01, 1.793892128134277897e-01, 2.268010410495929774e-01, 2.715951463027452828e-01
3.221658276640279595e-01, 1.793948354746866258e-01, 2.268759387397394356e-01, 2.715633981215458959e-01
3.221170604800125403e-01, 1.794004386343392710e-01, 2.269508464044939500e-01, 2.715316544811541832e-01
3.220682983007122635e-01, 1.794060222877468525e-01, 2.270257640220237072e-01, 2.714999153895171768e-01
3.220195411446523104e-01, 1.794115864302857077e-01, 2.271006915704856244e-01, 2.714681808545763575e-01
3.219707890303583064e-01, 1.794171310573468847e-01, 2.271756290280269319e-01, 2.714364508842679324e-01
3.219220419763565988e-01, 1.794226561643363360e-01, 2.272505763727847294e-01, 2.714047254865223358e-01
3.218733000011737566e-01, 1.794281617466749190e-01, 2.273255335828865409e-01, 2.713730046692647835e-01
3.218245631233370707e-01, 1.794336477997984236e-01, 2.274005006364497594e-01, 2.713412884404147740e-01
3.217758313613739429e-01, 1.794391143191573501e-01, 2.274754775115818695e-01, 2.713095768078868653e-01
3.217271047338124412e-01, 1.794445613002172979e-01, 2.275504641863808353e-01, 2.712778697795894534e-01
3.216783832591810222e-01, 1.794499887384587433e-01, 2.276254606389343793e-01, 2.712461673634257164e-01
3.216296669560083643e-01, 1.794553966293769842e-01, 2.277004668473208426e-01, 2.712144695672937811e-01
3.215809558428237569e-01, 1.794607849684823342e-01, 2.277754827896084078e-01, 2.711827763990855011e-01
3.215322499381567667e-01, 1.794661537512999283e-01, 2.278505084438556261e-01, 2.711510878666877344e-01
3.214835492605370160e-01, 1.794715029733698897e-01, 2.279255437881113622e-01, 2.711194039779817322e-01
3.214348538284949597e-01, 1.794768326302472461e-01, 2.280005888004145997e-01, 2.710877247408431390e-01
3.213861636605609973e-01, 1.794821427175020134e-01, 2.280756434587946357e-01, 2.710560501631422703e-01
3.213374787752659723e-01, 1.794874332307191400e-01, 2.281507077412711915e-01, 2.710243802527436130e-01
3.212887991911409502e-01, 1.794927041654983402e-01, 2.282257816258541072e-01, 2.709927150175066024e-01
3.212401249267172187e-01, 1.794979555174546215e-01, 2.283008650905436754e-01, 2.709610544652844566e-01
3.211914560005262875e-01, 1.795031872822176744e-01, 2.283759581133304739e-01, 2.709293986039256197e-01
3.211427924311000548e-01, 1.795083994554322326e-01, 2.284510606721954218e-01, 2.708977474412723185e-01
3.210941342369705298e-01, 1.795135920327580181e-01, 2.285261727451098346e-01, 2.708661009851616175e-01
3.210454814366697218e-01, 1.795187650098697407e-01, 2.286012943100355355e-01, 2.708344592434250853e-01
3.209968340487301397e-01, 1.795239183824570428e-01, 2.286764253449245499e-01, 2.708028222238882954e-01
3.209481920916841813e-01, 1.795290521462245825e-01, 2.287515658277194108e-01, 2.707711899343718254e-01
3.208995555840646885e-01, 1.795341662968918395e-01, 2.288267157363531867e-01, 2.707395623826902020e-01
3.208509245444043367e-01, 1.795392608301936976e-01, 2.289018750487493425e-01, 2.707079395766526231e-01
3.208022989912360234e-01, 1.795443357418796126e-01, 2.289770437428217120e-01, 2.706763215240626796e-01
3.207536789430925905e-01, 1.795493910277142502e-01, 2.290522217964748031e-01, 2.706447082327182452e-01
3.207050644185073240e-01, 1.795544266834772362e-01, 2.291274091876035757e-01, 2.706130997104118086e-01
3.206564554360131769e-01, 1.795594427049632125e-01, 2.292026058940934696e-01, 2.705814959649300855e-01
3.206078520141434907e-01, 1.795644390879818642e-01, 2.292778118938205156e-01, 2.705498970040541851e-01
3.205592541714310517e-01, 1.795694158283578090e-01, 2.293530271646511964e-01, 2.705183028355599428e-01
3.205106619264093681e-01, 1.795743729219307638e-01, 2.294282516844427799e-01, 2.704867134672169771e-01
3.204620752976113929e-01, 1.795793103645556832e-01, 2.295034854310430417e-01, 2.704551289067898545e-01
3.204134943035705230e-01, 1.795842281521019823e-01, 2.295787283822902369e-01, 2.704235491620372023e-01
3.203649189628195448e-01, 1.795891262804547306e-01, 2.296539805160135173e-01, 2.703919742407121518e-01
3.203163492938915780e-01, 1.795940047455137911e-01, 2.297292418100325140e-01, 2.703604041505621169e-01
3.202677853153197418e-01, 1.795988635431939595e-01, 2.298045122421573661e-01, 2.703288388993288494e-01
3.202192270456367673e-01, 1.796037026694253524e-01, 2.298797917901892474e-01, 2.702972784947487161e-01
3.201706745033753854e-01, 1.796085221201528803e-01, 2.299550804319198394e-01, 2.702657229445519782e-01
3.201221277070681048e-01, 1.796133218913366636e-01, 2.300303781451314700e-01, 2.702341722564637894e-01
3.200735866752477121e-01, 1.796181019789518940e-01, 2.301056849075974742e-01, 2.702026264382030307e-01
3.200250514264461610e-01, 1.796228623789888068e-01, 2.301810006970815281e-01, 2.701710854974835319e-01
3.199765219791958493e-01, 1.796276030874527641e-01, 2.302563254913383983e-01, 2.701395494420129606e-01
3.199279983520285087e-01, 1.796323241003640880e-01, 2.303316592681137198e-01, 2.701080182794936557e-01
3.198794805634760929e-01, 1.796370254137583389e-01, 2.304070020051434964e-01, 2.700764920176220718e-01
3.198309686320698342e-01, 1.796417070236860647e-01, 2.304823536801549888e-01, 2.700449706640890013e-01
3.197824625763411865e-01, 1.796463689262129959e-01, 2.305577142708660765e-01, 2.700134542265796855e-01
3.197339624148210491e-01, 1.796510111174197954e-01, 2.306330837549855350e-01, 2.699819427127735372e-01
3.196854681660402098e-01, 1.796556335934024473e-01, 2.307084621102129807e-01, 2.699504361303443067e-01
3.196369798485289015e-01, 1.796602363502720068e-01, 2.307838493142390646e-01, 2.699189344869600826e-01
3.195884974808173573e-01, 1.796648193841544339e-01, 2.308592453447451398e-01, 2.698874377902830690e-01
3.195400210814352548e-01, 1.796693826911909542e-01, 2.309346501794036499e-01, 2.698559460479700856e-01
3.194915506689122164e-01, 1.796739262675380588e-01, 2.310100637958779068e-01, 2.698244592676717901e-01
3.194430862617771427e-01, 1.796784501093671160e-01, 2.310854861718221742e-01, 2.697929774570335115e-01
3.193946278785586568e-01, 1.796829542128648705e-01, 2.311609172848817506e-01, 2.697615006236948054e-01
3.193461755377851041e-01, 1.796874385742328883e-01, 2.312363571126928585e-01, 2.697300287752891212e-01
3.192977292579844972e-01, 1.796919031896881958e-01, 2.313118056328827832e-01, 2.696985619194445793e-01
3.192492890576840159e-01, 1.796963480554626957e-01, 2.313872628230697892e-01, 2.696671000637834714e-01
3.192008549554106733e-01, 1.797007731678036957e-01, 2.314627286608632595e-01, 2.696356432159222605e-01
3.191524269696912053e-01, 1.797051785229734910e-01, 2.315382031238636118e-01, 2.696041913834716364e-01
3.191040051190515703e-01, 1.797095641172495595e-01, 2.316136861896622989e-01, 2.695727445740365158e-01
3.190555894220172828e-01, 1.797139299469245888e-01, 2.316891778358419751e-01, 2.695413027952162088e-01
3.190071798971133021e-01, 1.797182760083063380e-01, 2.317646780399763573e-01, 2.695098660546039748e-01
3.189587765628642546e-01, 1.797226022977178317e-01, 2.318401867796301974e-01, 2.694784343597877996e-01
3.189103794377939338e-01, 1.797269088114971936e-01, 2.319157040323596430e-01, 2.694470077183492851e-01
3.188619885404259113e-01, 1.797311955459977573e-01, 2.319912297757116271e-01, 2.694155861378647043e-01
3.188136038892829260e-01, 1.797354624975880943e-01, 2.320667639872247556e-01, 2.693841696259041685e-01
3.187652255028869952e-01, 1.797397096626519031e-01, 2.321423066444284755e-01, 2.693527581900326262e-01
3.187168533997600250e-01, 1.797439370375880918e-01, 2.322178577248435738e-01, 2.693213518378082538e-01
3.186684875984228116e-01, 1.797481446188106402e-01, 2.322934172059820668e-01, 2.692899505767844537e-01
3.186201281173957067e-01, 1.797523324027489600e-01, 2.323689850653472833e-01, 2.692585544145080778e-01
3.185717749751982297e-01, 1.797565003858474786e-01, 2.324445612804336980e-01, 2.692271633585205382e-01
3.185234281903494002e-01, 1.797606485645659447e-01, 2.325201458287273482e-01, 2.691957774163573069e-01
3.184750877813676273e-01, 1.797647769353791503e-01, 2.325957386877051669e-01, 2.691643965955480278e-01
3.184267537667702652e-01, 1.797688854947773196e-01, 2.326713398348357609e-01, 2.691330209036166266e-01
3.183784261650741687e-01, 1.797729742392657482e-01, 2.327469492475789936e-01, 2.691016503480810340e-01
3.183301049947955264e-01, 1.797770431653649692e-01, 2.328225669033860412e-01, 2.690702849364534077e-01
3.182817902744494165e-01, 1.797810922696108371e-01, 2.328981927796994755e-01, 2.690389246762402986e-01
3.182334820225504735e-01, 1.797851215485542220e-01, 2.329738268539532364e-01, 2.690075695749420404e-01
3.181851802576124433e-01, 1.797891309987614539e-01, 2.330494691035727983e-01, 2.689762196400533600e-01
3.181368849981481284e-01, 1.797931206168139895e-01, 2.331251195059749759e-01, 2.689448748790629340e-01
3.180885962626695540e-01, 1.797970903993085512e-01, 2.332007780385680351e-01, 2.689135352994538319e-01
3.180403140696879682e-01, 1.798010403428571269e-01, 2.332764446787518042e-01, 2.688822009087030729e-01
3.179920384377137865e-01, 1.798049704440868590e-01, 2.333521194039173963e-01, 2.688508717142819582e-01
3.179437693852564251e-01, 1.798088806996402667e-01, 2.334278021914477086e-01, 2.688195477236556830e-01
3.178955069308243564e-01, 1.798127711061749678e-01, 2.335034930187169233e-01, 2.687882289442837802e-01
3.178472510929253314e-01, 1.798166416603640128e-01, 2.335791918630908681e-01, 2.687569153836197877e-01
3.177990018900658797e-01, 1.798204923588955506e-01, 2.336548987019269608e-01, 2.687256070491115811e-01
3.177507593407518094e-01, 1.798243231984731350e-01, 2.337306135125740980e-01, 2.686943039482009299e-01
3.177025234634880957e-01, 1.798281341758155849e-01, 2.338063362723729888e-01, 2.686630060883234417e-01
3.176542942767781597e-01, 1.798319252876567909e-01, 2.338820669586554879e-01, 2.686317134769094506e-01
3.176060717991250892e-01, 1.798356965307461586e-01, 2.339578055487457064e-01, 2.686004261213830180e-01
3.175578560490305846e-01, 1.798394479018482761e-01, 2.340335520199589292e-01, 2.685691440291623211e-01
3.175096470449952357e-01, 1.798431793977429693e-01, 2.341093063496022808e-01, 2.685378672076595974e-01
3.174614448055189109e-01, 1.798468910152253575e-01, 2.341850685149744482e-01, 2.685065956642812002e-01
3.174132493491001461e-01, 1.798505827511059918e-01, 2.342608384933661247e-01, 2.684753294064276541e-01
3.173650606942364227e-01, 1.798542546022104949e-01, 2.343366162620594273e-01, 2.684440684414935441e-01
3.173168788594242784e-01, 1.798579065653800324e-01, 2.344124017983283403e-01, 2.684128127768674044e-01
3.172687038631588630e-01, 1.798615386374708136e-01, 2.344881950794385217e-01, 2.683815624199318850e-01
3.172205357239342716e-01, 1.798651508153545076e-01, 2.345639960826475523e-01, 2.683503173780636963e-01
3.171723744602437112e-01, 1.798687430959181044e-01, 2.346398047852044921e-01, 2.683190776586337201e-01
3.171242200905790010e-01, 1.798723154760638043e-01, 2.347156211643506296e-01, 2.682878432690066206e-01
3.170760726334305724e-01, 1.798758679527091842e-01, 2.347914451973188155e-01, 2.682566142165413448e-01
3.170279321072881906e-01, 1.798794005227870862e-01, 2.348672768613337958e-01, 2.682253905085910106e-01
3.169797985306397892e-01, 1.798829131832457018e-01, 2.349431161336122120e-01, 2.681941721525024080e-01
3.169316719219725242e-01, 1.798864059310486263e-01, 2.350189629913624900e-01, 2.681629591556164427e-01
3.168835522997720533e-01, 1.798898787631745821e-01, 2.350948174117851175e-01, 2.681317515252682471e-01
3.168354396825227570e-01, 1.798933316766178625e-01, 2.351706793720724498e-01, 2.681005492687869585e-01
3.167873340887078504e-01, 1.798967646683878874e-01, 2.352465488494086543e-01, 2.680693523934955524e-01
3.167392355368093826e-01, 1.799001777355094811e-01, 2.353224258209699882e-01, 2.680381609067110649e-01
3.166911440453076820e-01, 1.799035708750228446e-01, 2.353983102639245761e-01, 2.680069748157448695e-01
3.166430596326819114e-01, 1.799069440839835277e-01, 2.354742021554326603e-01, 2.679757941279017341e-01
3.165949823174100675e-01, 1.799102973594622901e-01, 2.355501014726464615e-01, 2.679446188504810977e-01
3.165469121179685930e-01, 1.799136306985454625e-01, 2.356260081927100958e-01, 2.679134489907757932e-01
3.164988490528324871e-01, 1.799169440983344470e-01, 2.357019222927598801e-01, 2.678822845560732135e-01
3.164507931404755836e-01, 1.799202375559462164e-01, 2.357778437499239987e-01, 2.678511255536542568e-01
3.164027443993698840e-01, 1.799235110685129813e-01, 2.358537725413229202e-01, 2.678199719907941589e-01
3.163547028479863354e-01, 1.799267646331824400e-01, 2.359297086440692581e-01, 2.677888238747618832e-01
3.163066685047943305e-01, 1.799299982471175008e-01, 2.360056520352674936e-01, 2.677576812128206751e-01
3.162586413882616521e-01, 1.799332119074965042e-01, 2.360816026920144195e-01, 2.677265440122273965e-01
3.162106215168548062e-01, 1.799364056115132227e-01, 2.361575605913989184e-01, 2.676954122802330249e-01
3.161626089090385783e-01, 1.799395793563766388e-01, 2.362335257105021014e-01, 2.676642860240826538e-01
3.161146035832764212e-01, 1.799427331393111951e-01, 2.363094980263971134e-01, 2.676331652510153813e-01
3.160666055580299560e-01, 1.799458669575567937e-01, 2.363854775161495503e-01, 2.676020499682637555e-01
3.160186148517595828e-01, 1.799489808083686027e-01, 2.364614641568170139e-01, 2.675709401830548284e-01
3.159706314829239804e-01, 1.799520746890171385e-01, 2.365374579254495013e-01, 2.675398359026094353e-01
3.159226554699802181e-01, 1.799551485967883779e-01, 2.366134587990891824e-01, 2.675087371341421938e-01
3.158746868313838663e-01, 1.799582025289837572e-01, 2.366894667547705944e-01, 2.674776438848617821e-01
3.158267255855887190e-01, 1.799612364829199229e-01, 2.367654817695204750e-01, 2.674465561619709386e-01
3.157787717510469050e-01, 1.799642504559289813e-01, 2.368415038203579015e-01, 2.674154739726662400e-01
3.157308253462089986e-01, 1.799672444453584708e-01, 2.369175328842942907e-01, 2.673843973241382121e-01
3.156828863895240200e-01, 1.799702184485714174e-01, 2.369935689383335375e-01, 2.673533262235711083e-01
3.156349548994390464e-01, 1.799731724629459184e-01, 2.370696119594717377e-01, 2.673222606781432975e-01
3.155870308943996005e-01, 1.799761064858758086e-01, 2.371456619246973818e-01, 2.672912006950272645e-01
3.155391143928493736e-01, 1.799790205147702438e-01, 2.372217188109915498e-01, 2.672601462813888329e-01
3.154912054132304466e-01, 1.799819145470537007e-01, 2.372977825953275499e-01, 2.672290974443884970e-01
3.154433039739830136e-01, 1.799847885801660885e-01, 2.373738532546712243e-01, 2.671980541911797569e-01
3.153954100935454918e-01, 1.799876426115627204e-01, 2.374499307659808656e-01, 2.671670165289109500e-01
3.153475237903547446e-01, 1.799904766387143973e-01, 2.375260151062071612e-01, 2.671359844647236970e-01
3.152996450828454700e-01, 1.799932906591072412e-01, 2.376021062522935545e-01, 2.671049580057536788e-01
3.152517739894508675e-01, 1.799960846702429729e-01, 2.376782041811757729e-01, 2.670739371591303590e-01
3.152039105286019716e-01, 1.799988586696384119e-01, 2.377543088697820772e-01, 2.670429219319774838e-01
3.151560547187283179e-01, 1.800016126548261430e-01, 2.378304202950335122e-01, 2.670119123314120824e-01
3.151082065782571107e-01, 1.800043466233538780e-01, 2.379065384338433786e-01, 2.669809083645456327e-01
3.150603661256140553e-01, 1.800070605727849826e-01, 2.379826632631177608e-01, 2.669499100384830070e-01
3.150125333792229143e-01, 1.800097545006981992e-01, 2.380587947597554710e-01, 2.669189173603234710e-01
3.149647083575051743e-01, 1.800124284046875911e-01, 2.381349329006476334e-01, 2.668879303371594625e-01
3.149168910788808784e-01, 1.800150822823627650e-01, 2.382110776626782112e-01, 2.668569489760780900e-01
3.148690815617676830e-01, 1.800177161313487317e-01, 2.382872290227238954e-01, 2.668259732841597454e-01
3.148212798245815236e-01, 1.800203299492859066e-01, 2.383633869576538833e-01, 2.667950032684787143e-01
3.147734858857361151e-01, 1.800229237338302757e-01, 2.384395514443302388e-01, 2.667640389361033426e-01
3.147256997636434517e-01, 1.800254974826531185e-01, 2.385157224596076431e-01, 2.667330802940958701e-01
3.146779214767132515e-01, 1.800280511934411187e-01, 2.385918999803335327e-01, 2.667021273495120415e-01
3.146301510433534010e-01, 1.800305848638966144e-01, 2.386680839833481560e-01, 2.666711801094018286e-01
3.145823884819693439e-01, 1.800330984917372645e-01, 2.387442744454845722e-01, 2.666402385808088193e-01
3.145346338109649698e-01, 1.800355920746961047e-01, 2.388204713435683468e-01, 2.666093027707704954e-01
3.144868870487415591e-01, 1.800380656105218802e-01, 2.388966746544183006e-01, 2.665783726863181768e-01
3.144391482136988936e-01, 1.800405190969784353e-01, 2.389728843548457604e-01, 2.665474483344768553e-01
3.143914173242339793e-01, 1.800429525318453516e-01, 2.390491004216550586e-01, 2.665165297222656382e-01
3.143436943987419907e-01, 1.800453659129175321e-01, 2.391253228316433388e-01, 2.664856168566973049e-01
3.142959794556158815e-01, 1.800477592380053948e-01, 2.392015515616005283e-01, 2.664547097447781954e-01
3.142482725132465515e-01, 1.800501325049348178e-01, 2.392777865883097266e-01, 2.664238083935088208e-01
3.142005735900226249e-01, 1.800524857115470834e-01, 2.393540278885466499e-01, 2.663929128098835308e-01
3.141528827043303385e-01, 1.800548188556990448e-01, 2.394302754390802979e-01, 2.663620230008902912e-01
3.141051998745539864e-01, 1.800571319352630151e-01, 2.395065292166722870e-01, 2.663311389735106838e-01
3.140575251190755313e-01, 1.800594249481266285e-01, 2.395827891980774893e-01, 2.663002607347204065e-01
3.140098584562744932e-01, 1.800616978921930345e-01, 2.396590553600435325e-01, 2.662693882914889953e-01
3.139621999045281719e-01, 1.800639507653810922e-01, 2.397353276793113275e-01, 2.662385216507793806e-01
3.139145494822118687e-01, 1.800661835656247600e-01, 2.398116061326145687e-01, 2.662076608195487748e-01
3.138669072076982203e-01, 1.800683962908738445e-01, 2.398878906966802060e-01, 2.661768058047477292e-01
3.138192730993577539e-01, 1.800705889390933068e-01, 2.399641813482281394e-01, 2.661459566133208554e-01
3.137716471755583880e-01, 1.800727615082637900e-01, 2.400404780639713576e-01, 2.661151132522064366e-01
3.137240294546660424e-01, 1.800749139963813972e-01, 2.401167808206160215e-01, 2.660842757283365390e-01
3.136764199550438614e-01, 1.800770464014576078e-01, 2.401930895948614642e-01, 2.660534440486370666e-01
3.136288186950529355e-01, 1.800791587215194722e-01, 2.402694043634000520e-01, 2.660226182200274847e-01
3.135812256930517461e-01, 1.800812509546095563e-01, 2.403457251029174069e-01, 2.659917982494212629e-01
3.135336409673963876e-01, 1.800833230987858302e-01, 2.404220517900922671e-01, 2.659609841437254873e-01
3.134860645364405118e-01, 1.800853751521217794e-01, 2.404983844015966266e-01, 2.659301759098410822e-01
3.134384964185353839e-01, 1.800874071127064047e-01, 2.405747229140956511e-01, 2.658993735546625881e-01
3.133909366320296042e-01, 1.800894189786442223e-01, 2.406510673042478177e-01, 2.658685770850784391e-01
3.133433851952693860e-01, 1.800914107480551529e-01, 2.407274175487048307e-01, 2.658377865079705749e-01
3.132958421265986115e-01, 1.800933824190746602e-01, 2.408037736241116222e-01, 2.658070018302151616e-01
3.132483074443583315e-01, 1.800953339898536953e-01, 2.408801355071065187e-01, 2.657762230586814822e-01
3.132007811668870434e-01, 1.800972654585587807e-01, 2.409565031743210739e-01, 2.657454502002331020e-01
3.131532633125209686e-01, 1.800991768233718704e-01, 2.410328766023801805e-01, 2.657146832617269805e-01
3.131057538995934419e-01, 1.801010680824904064e-01, 2.411092557679022363e-01, 2.656839222500138042e-01
3.130582529464354669e-01, 1.801029392341272906e-01, 2.411856406474988945e-01, 2.656531671719383203e-01
3.130107604713753822e-01, 1.801047902765111064e-01, 2.412620312177751192e-01, 2.656224180343383923e-01
3.129632764927386956e-01, 1.801066212078857587e-01, 2.413384274553293518e-01, 2.655916748440462771e-01
3.129158010288483061e-01, 1.801084320265106398e-01, 2.414148293367535392e-01, 2.655609376078874595e-01
3.128683340980247252e-01, 1.801102227306608794e-01, 2.414912368386330221e-01, 2.655302063326813733e-01
3.128208757185854672e-01, 1.801119933186268729e-01, 2.415676499375465358e-01, 2.654994810252411241e-01
3.127734259088455482e-01, 1.801137437887146697e-01, 2.416440686100664592e-01, 2.654687616923734339e-01
3.127259846871170423e-01, 1.801154741392457237e-01, 2.417204928327584823e-01, 2.654380483408786406e-01
3.126785520717098033e-01, 1.801171843685571150e-01, 2.417969225821820223e-01, 2.654073409775510872e-01
3.126311280809302984e-01, 1.801188744750013004e-01, 2.418733578348897517e-01, 2.653766396091785662e-01
3.125837127330824972e-01, 1.801205444569464187e-01, 2.419497985674284313e-01, 2.653459442425427639e-01
3.125363060464677045e-01, 1.801221943127759295e-01, 2.420262447563376329e-01, 2.653152548844187053e-01
3.124889080393843388e-01, 1.801238240408889746e-01, 2.421026963781512109e-01, 2.652845715415754757e-01
3.124415187301279873e-01, 1.801254336397001277e-01, 2.421791534093963583e-01, 2.652538942207756101e-01
3.123941381369913506e-01, 1.801270231076395056e-01, 2.422556158265938286e-01, 2.652232229287752596e-01
3.123467662782643539e-01, 1.801285924431527130e-01, 2.423320836062582695e-01, 2.651925576723246358e-01
3.122994031722341468e-01, 1.801301416447009252e-01, 2.424085567248976669e-01, 2.651618984581673444e-01
3.122520488371847702e-01, 1.801316707107607495e-01, 2.424850351590140118e-01, 2.651312452930403851e-01
3.122047032913976561e-01, 1.801331796398245033e-01, 2.425615188851028559e-01, 2.651005981836750403e-01
3.121573665531510722e-01, 1.801346684303997414e-01, 2.426380078796534778e-01, 2.650699571367957086e-01
3.121100386407204552e-01, 1.801361370810097839e-01, 2.427145021191489671e-01, 2.650393221591208492e-01
3.120627195723782443e-01, 1.801375855901933276e-01, 2.427910015800661125e-01, 2.650086932573623155e-01
3.120154093663940476e-01, 1.801390139565047510e-01, 2.428675062388756523e-01, 2.649780704382255769e-01
3.119681080410342533e-01, 1.801404221785137816e-01, 2.429440160720418296e-01, 2.649474537084100523e-01
3.119208156145626964e-01, 1.801418102548057731e-01, 2.430205310560230314e-01, 2.649168430746084990e-01
3.118735321052396592e-01, 1.801431781839815949e-01, 2.430970511672712608e-01, 2.648862385435075684e-01
3.118262575313225371e-01, 1.801445259646576036e-01, 2.431735763822324425e-01, 2.648556401217873058e-01
3.117789919110661723e-01, 1.801458535954657547e-01, 2.432501066773465059e-01, 2.648250478161215948e-01
3.117317352627215765e-01, 1.801471610750534635e-01, 2.433266420290471910e-01, 2.647944616331778245e-01
3.116844876045373192e-01, 1.801484484020836885e-01, 2.434031824137619926e-01, 2.647638815796170553e-01
3.116372489547583613e-01, 1.801497155752349311e-01, 2.434797278079125771e-01, 2.647333076620940195e-01
3.115900193316271105e-01, 1.801509625932013470e-01, 2.435562781879146432e-01, 2.647027398872570103e-01
3.115427987533822551e-01, 1.801521894546923019e-01, 2.436328335301774228e-01, 2.646721782617481034e-01
3.114955872382597080e-01, 1.801533961584330379e-01, 2.437093938111046798e-01, 2.646416227922026021e-01
3.114483848044922176e-01, 1.801545827031641178e-01, 2.437859590070939053e-01, 2.646110734852498703e-01
3.114011914703091466e-01, 1.801557490876416756e-01, 2.438625290945365953e-01, 2.645805303475126102e-01
3.113540072539367487e-01, 1.801568953106374715e-01, 2.439391040498183616e-01, 2.645499933856073072e-01
3.113068321735982802e-01, 1.801580213709387535e-01, 2.440156838493190150e-01, 2.645194626061440069e-01
3.112596662475134446e-01, 1.801591272673482014e-01, 2.440922684694122047e-01, 2.644889380157261494e-01
3.112125094938988923e-01, 1.801602129986841494e-01, 2.441688578864658621e-01, 2.644584196209511240e-01
3.111653619309678875e-01, 1.801612785637804193e-01, 2.442454520768419790e-01, 2.644279074284096587e-01
3.111182235769305304e-01, 1.801623239614864314e-01, 2.443220510168968296e-01, 2.643974014446862641e-01
3.110710944499936459e-01, 1.801633491906670104e-01, 2.443986546829805540e-01, 2.643669016763587343e-01
3.110239745683605617e-01, 1.801643542502026352e-01, 2.444752630514379077e-01, 2.643364081299988677e-01
3.109768639502314413e-01, 1.801653391389892722e-01, 2.445518760986074014e-01, 2.643059208121718018e-01
3.109297626138031734e-01, 1.801663038559384311e-01, 2.446284938008221610e-01, 2.642754397294362900e-01
3.108826705772689825e-01, 1.801672483999771646e-01, 2.447051161344092340e-01, 2.642449648883447022e-01
3.108355878588189847e-01, 1.801681727700480684e-01, 2.447817430756900892e-01, 2.642144962954429688e-01
3.107885144766397989e-01, 1.801690769651092261e-01, 2.448583746009805329e-01, 2.641840339572705254e-01
3.107414504489147689e-01, 1.801699609841343197e-01, 2.449350106865904875e-01, 2.641535778803604240e-01
3.106943957938235745e-01, 1.801708248261124912e-01, 2.450116513088244352e-01, 2.641231280712395546e-01
3.106473505295426207e-01, 1.801716684900485921e-01, 2.450882964439809464e-01, 2.640926845364278686e-01
3.106003146742447596e-01, 1.801724919749627396e-01, 2.451649460683530957e-01, 2.640622472824393219e-01
3.105532882460995681e-01, 1.801732952798909548e-01, 2.452416001582283234e-01, 2.640318163157812092e-01
3.105062712632726263e-01, 1.801740784038843857e-01, 2.453182586898884354e-01, 2.640013916429544971e-01
3.104592637439266833e-01, 1.801748413460100284e-01, 2.453949216396096311e-01, 2.639709732704535461e-01
3.104122657062206025e-01, 1.801755841053502005e-01, 2.454715889836626974e-01, 2.639405612047664995e-01
3.103652771683096945e-01, 1.801763066810029290e-01, 2.455482606983125926e-01, 2.639101554523747839e-01
3.103182981483456060e-01, 1.801770090720817841e-01, 2.456249367598189737e-01, 2.638797560197536085e-01
3.102713286644767643e-01, 1.801776912777156570e-01, 2.457016171444358354e-01, 2.638493629133717433e-01
3.102243687348476553e-01, 1.801783532970492319e-01, 2.457783018284119270e-01, 2.638189761396912414e-01
3.101774183775992677e-01, 1.801789951292425696e-01, 2.458549907879902796e-01, 2.637885957051678831e-01
3.101304776108689820e-01, 1.801796167734713017e-01, 2.459316839994084569e-01, 2.637582216162512316e-01
3.100835464527907925e-01, 1.801802182289266585e-01, 2.460083814388988599e-01, 2.637278538793837446e-01
3.100366249214945302e-01, 1.801807994948153580e-01, 2.460850830826881719e-01, 2.636974925010019399e-01
3.099897130351066399e-01, 1.801813605703596333e-01, 2.461617889069979415e-01, 2.636671374875358409e-01
3.099428108117499581e-01, 1.801819014547972608e-01, 2.462384988880440273e-01, 2.636367888454086983e-01
3.098959182695434356e-01, 1.801824221473816157e-01, 2.463152130020373476e-01, 2.636064465810375457e-01
3.098490354266023594e-01, 1.801829226473815881e-01, 2.463919312251831584e-01, 2.635761107008329218e-01
3.098021623010383530e-01, 1.801834029540815285e-01, 2.464686535336814421e-01, 2.635457812111987597e-01
3.097552989109589872e-01, 1.801838630667813856e-01, 2.465453799037269633e-01, 2.635154581185326084e-01
3.097084452744685024e-01, 1.801843029847966793e-01, 2.466221103115092961e-01, 2.634851414292255778e-01
3.096616014096671976e-01, 1.801847227074583058e-01, 2.466988447332124357e-01, 2.634548311496620054e-01
3.096147673346513196e-01, 1.801851222341129821e-01, 2.467755831450154369e-01, 2.634245272862201781e-01
3.095679430675136179e-01, 1.801855015641226632e-01, 2.468523255230921365e-01, 2.633942298452716102e-01
3.095211286263426786e-01, 1.801858606968650134e-01, 2.469290718436109033e-01, 2.633639388331814324e-01
3.094743240292235353e-01, 1.801861996317331294e-01, 2.470058220827351936e-01, 2.633336542563080585e-01
3.094275292942373357e-01, 1.801865183681357341e-01, 2.470825762166231343e-01, 2.633033761210037960e-01
3.093807444394610084e-01, 1.801868169054970381e-01, 2.471593342214278011e-01, 2.632731044336141801e-01
3.093339694829679298e-01, 1.801870952432567952e-01, 2.472360960732970514e-01, 2.632428392004782514e-01
3.092872044428274791e-01, 1.801873533808702188e-01, 2.473128617483737468e-01, 2.632125804279284997e-01
3.092404493371049279e-01, 1.801875913178081490e-01, 2.473896312227956418e-01, 2.631823281222911981e-01
3.091937041838619948e-01, 1.801878090535569410e-01, 2.474664044726953283e-01, 2.631520822898858469e-01
3.091469690011557359e-01, 1.801880065876184378e-01, 2.475431814742004022e-01, 2.631218429370255074e-01
3.091002438070398206e-01, 1.801881839195100532e-01, 2.476199622034334358e-01, 2.630916100700166349e-01
3.090535286195639775e-01, 1.801883410487646608e-01, 2.476967466365120052e-01, 2.630613836951593565e-01
3.090068234567733274e-01, 1.801884779749307885e-01, 2.477735347495486629e-01, 2.630311638187472489e-01
3.089601283367094386e-01, 1.801885946975723130e-01, 2.478503265186511040e-01, 2.630009504470670612e-01
3.089134432774098826e-01, 1.801886912162688203e-01, 2.479271219199218335e-01, 2.629707435863994358e-01
3.088667682969076234e-01, 1.801887675306153014e-01, 2.480039209294587210e-01, 2.629405432430184097e-01
3.088201034132321277e-01, 1.801888236402223176e-01, 2.480807235233544183e-01, 2.629103494231911919e-01
3.087734486444085324e-01, 1.801888595447158903e-01, 2.481575296776968309e-01, 2.628801621331786631e-01
3.087268040084577558e-01, 1.801888752437377228e-01, 2.482343393685690902e-01, 2.628499813792353756e-01
3.086801695233967191e-01, 1.801888707369448950e-01, 2.483111525720493595e-01, 2.628198071676090541e-01
3.086335452072381802e-01, 1.801888460240100298e-01, 2.483879692642108616e-01, 2.627896395045408728e-01
3.085869310779908448e-01, 1.801888011046212379e-01, 2.484647894211222119e-01, 2.627594783962657887e-01
3.085403271536588110e-01, 1.801887359784822840e-01, 2.485416130188471406e-01, 2.627293238490117644e-01
3.084937334522425134e-01, 1.801886506453123926e-01, 2.486184400334444655e-01, 2.626991758690006562e-01
3.084471499917377790e-01, 1.801885451048461928e-01, 2.486952704409684800e-01, 2.626690344624475482e-01
3.084005767901366046e-01, 1.801884193568339676e-01, 2.487721042174685926e-01, 2.626388996355609184e-01
3.083540138654262130e-01, 1.801882734010414877e-01, 2.488489413389894933e-01, 2.626087713945428059e-01
3.083074612355899968e-01, 1.801881072372499837e-01, 2.489257817815711815e-01, 2.625786497455887547e-01
3.082609189186069631e-01, 1.801879208652562014e-01, 2.490026255212491046e-01, 2.625485346948877030e-01
3.082143869324517338e-01, 1.801877142848725410e-01, 2.490794725340537974e-01, 2.625184262486219833e-01
3.081678652950947117e-01, 1.801874874959266681e-01, 2.491563227960113258e-01, 2.624883244129673776e-01
3.081213540245018034e-01, 1.801872404982619857e-01, 2.492331762831431485e-01, 2.624582291940931178e-01
3.080748531386348077e-01, 1.801869732917373290e-01, 2.493100329714660057e-01, 2.624281405981619408e-01
3.080283626554510823e-01, 1.801866858762269652e-01, 2.493868928369920579e-01, 2.623980586313298669e-01
3.079818825929035442e-01, 1.801863782516207324e-01, 2.494637558557289692e-01, 2.623679832997466987e-01
3.079354129689408914e-01, 1.801860504178240951e-01, 2.495406220036799627e-01, 2.623379146095551340e-01
3.078889538015069927e-01, 1.801857023747577558e-01, 2.496174912568433768e-01, 2.623078525668919858e-01
3.078425051085418307e-01, 1.801853341223580984e-01, 2.496943635912134418e-01, 2.622777971778866291e-01
3.077960669079806144e-01, 1.801849456605769950e-01, 2.497712389827795865e-01, 2.622477484486627208e-01
3.077496392177542228e-01, 1.801845369893818882e-01, 2.498481174075271316e-01, 2.622177063853368129e-01
3.077032220557890940e-01, 1.801841081087554308e-01, 2.499249988414364854e-01, 2.621876709940190731e-01
3.076568154400068922e-01, 1.801836590186961240e-01, 2.500018832604838925e-01, 2.621576422808130080e-01
3.076104193883252846e-01, 1.801831897192177345e-01, 2.500787706406412680e-01, 2.621276202518156295e-01
3.075640339186569427e-01, 1.801827002103497388e-01, 2.501556609578760026e-01, 2.620976049131174546e-01
3.075176590489100970e-01, 1.801821904921368234e-01, 2.502325541881510462e-01, 2.620675962708020612e-01
3.074712947969887589e-01, 1.801816605646393565e-01, 2.503094503074250743e-01, 2.620375943309468658e-01
3.074249411807919996e-01, 1.801811104279331943e-01, 2.503863492916525435e-01, 2.620075990996222903e-01
3.073785982182143384e-01, 1.801805400821096248e-01, 2.504632511167834141e-01, 2.619776105828925949e-01
3.073322659271459090e-01, 1.801799495272754237e-01, 2.505401557587633721e-01, 2.619476287868151565e-01
3.072859443254722378e-01, 1.801793387635529098e-01, 2.506170631935339399e-01, 2.619176537174408570e-01
3.072396334310738553e-01, 1.801787077910798618e-01, 2.506939733970323103e-01, 2.618876853808139171e-01
3.071933332618269064e-01, 1.801780566100094905e-01, 2.507708863451914572e-01, 2.618577237829721183e-01
3.071470438356030397e-01, 1.801773852205105220e-01, 2.508478020139400244e-01, 2.618277689299463584e-01
3.071007651702687968e-01, 1.801766936227671978e-01, 2.509247203792026593e-01, 2.617978208277613184e-01
3.070544972836863340e-01, 1.801759818169792193e-01, 2.510016414168997900e-01, 2.617678794824346844e-01
3.070082401937129779e-01, 1.801752498033617478e-01, 2.510785651029474597e-01, 2.617379448999778702e-01
3.069619939182014479e-01, 1.801744975821454320e-01, 2.511554914132577698e-01, 2.617080170863954058e-01
3.069157584749995227e-01, 1.801737251535762974e-01, 2.512324203237387699e-01, 2.616780960476855489e-01
3.068695338819503737e-01, 1.801729325179160512e-01, 2.513093518102940682e-01, 2.616481817898395068e-01
3.068233201568923985e-01, 1.801721196754417498e-01, 2.513862858488236651e-01, 2.616182743188422144e-01
3.067771173176589983e-01, 1.801712866264458257e-01, 2.514632224152231199e-01, 2.615883736406720006e-01
3.067309253820791337e-01, 1.801704333712363382e-01, 2.515401614853841061e-01, 2.615584797613004220e-01
3.066847443679764917e-01, 1.801695599101367506e-01, 2.516171030351942450e-01, 2.615285926866924848e-01
3.066385742931702629e-01, 1.801686662434859865e-01, 2.516940470405371610e-01, 2.614987124228066451e-01
3.065924151754746418e-01, 1.801677523716383733e-01, 2.517709934772924818e-01, 2.614688389755944753e-01
3.065462670326990491e-01, 1.801668182949637820e-01, 2.518479423213358936e-01, 2.614389723510012198e-01
3.065001298826477982e-01, 1.801658640138475709e-01, 2.519248935485389751e-01, 2.614091125549655170e-01
3.064540037431206509e-01, 1.801648895286903640e-01, 2.520018471347697520e-01, 2.613792595934192331e-01
3.064078886319120398e-01, 1.801638948399084950e-01, 2.520788030558919757e-01, 2.613494134722875173e-01
3.063617845668116790e-01, 1.801628799479335630e-01, 2.521557612877656229e-01, 2.613195741974891906e-01
3.063156915656042867e-01, 1.801618448532126548e-01, 2.522327218062468401e-01, 2.612897417749361906e-01
3.062696096460698070e-01, 1.801607895562083450e-01, 2.523096845871878879e-01, 2.612599162105339046e-01
3.062235388259830215e-01, 1.801597140573986400e-01, 2.523866496064371967e-01, 2.612300975101812250e-01
3.061774791231133830e-01, 1.801586183572769784e-01, 2.524636168398394775e-01, 2.612002856797701611e-01
3.061314305552260695e-01, 1.801575024563522587e-01, 2.525405862632353893e-01, 2.611704807251862825e-01
3.060853931400805972e-01, 1.801563663551487560e-01, 2.526175578524622045e-01, 2.611406826523084423e-01
3.060393668954317636e-01, 1.801552100542062607e-01, 2.526945315833530881e-01, 2.611108914670088876e-01
3.059933518390289819e-01, 1.801540335540799953e-01, 2.527715074317377075e-01, 2.610811071751532597e-01
3.059473479886171687e-01, 1.801528368553405313e-01, 2.528484853734418447e-01, 2.610513297826005386e-01
3.059013553619353565e-01, 1.801516199585739553e-01, 2.529254653842877287e-01, 2.610215592952029873e-01
3.058553739767181368e-01, 1.801503828643817029e-01, 2.530024474400939805e-01, 2.609917957188062076e-01
3.058094038506946610e-01, 1.801491255733807528e-01, 2.530794315166751129e-01, 2.609620390592494177e-01
3.057634450015890848e-01, 1.801478480862034326e-01, 2.531564175898425861e-01, 2.609322893223648965e-01
3.057174974471202344e-01, 1.801465504034974185e-01, 2.532334056354039187e-01, 2.609025465139784283e-01
3.056715612050017739e-01, 1.801452325259259857e-01, 2.533103956291630765e-01, 2.608728106399091917e-01
3.056256362929423709e-01, 1.801438944541677023e-01, 2.533873875469205283e-01, 2.608430817059695372e-01
3.055797227286451978e-01, 1.801425361889164578e-01, 2.534643813644729682e-01, 2.608133597179652652e-01
3.055338205298085974e-01, 1.801411577308818512e-01, 2.535413770576139258e-01, 2.607836446816956255e-01
3.054879297141253058e-01, 1.801397590807885807e-01, 2.536183746021330454e-01, 2.607539366029530958e-01
3.054420502992830078e-01, 1.801383402393768596e-01, 2.536953739738165292e-01, 2.607242354875235479e-01
3.053961823029640033e-01, 1.801369012074023890e-01, 2.537723751484474710e-01, 2.606945413411861368e-01
3.053503257428453188e-01, 1.801354419856362743e-01, 2.538493781018050233e-01, 2.606648541697134114e-01
3.053044806365989294e-01, 1.801339625748648587e-01, 2.539263828096650077e-01, 2.606351739788712596e-01
3.052586470018909814e-01, 1.801324629758899454e-01, 2.540033892478001376e-01, 2.606055007744189633e-01
3.052128248563828472e-01, 1.801309431895287694e-01, 2.540803973919792957e-01, 2.605758345621090322e-01
3.051670142177301814e-01, 1.801294032166140813e-01, 2.541574072179683119e-01, 2.605461753476873699e-01
3.051212151035834208e-01, 1.801278430579937861e-01, 2.542344187015294632e-01, 2.605165231368933854e-01
3.050754275315875619e-01, 1.801262627145313322e-01, 2.543114318184216960e-01, 2.604868779354594932e-01
3.050296515193823277e-01, 1.801246621871054054e-01, 2.543884465444006815e-01, 2.604572397491116131e-01
3.049838870846017236e-01, 1.801230414766103183e-01, 2.544654628552187603e-01, 2.604276085835691701e-01
3.049381342448748144e-01, 1.801214005839554821e-01, 2.545424807266251088e-01, 2.603979844445446501e-01
3.048923930178247810e-01, 1.801197395100658238e-01, 2.546195001343653508e-01, 2.603683673377439889e-01
3.048466634210695303e-01, 1.801180582558817855e-01, 2.546965210541822233e-01, 2.603387572688664053e-01
3.048009454722216405e-01, 1.801163568223588529e-01, 2.547735434618149108e-01, 2.603091542436046235e-01
3.047552391888877499e-01, 1.801146352104681658e-01, 2.548505673329996002e-01, 2.602795582676444841e-01
3.047095445886695564e-01, 1.801128934211960742e-01, 2.549275926434692030e-01, 2.602499693466652220e-01
3.046638616891629292e-01, 1.801111314555443321e-01, 2.550046193689534113e-01, 2.602203874863394661e-01
3.046181905079579644e-01, 1.801093493145300983e-01, 2.550816474851789195e-01, 2.601908126923330733e-01
3.045725310626398730e-01, 1.801075469991857692e-01, 2.551586769678690914e-01, 2.601612449703052943e-01
3.045268833707875933e-01, 1.801057245105592286e-01, 2.552357077927443485e-01, 2.601316843259087186e-01
3.044812474499750121e-01, 1.801038818497137095e-01, 2.553127399355219485e-01, 2.601021307647892744e-01
3.044356233177701321e-01, 1.801020190177276270e-01, 2.553897733719162066e-01, 2.600725842925860620e-01
3.043900109917352936e-01, 1.801001360156949394e-01, 2.554668080776380523e-01, 2.600430449149316869e-01
3.043444104894275082e-01, 1.800982328447248149e-01, 2.555438440283957502e-01, 2.600135126374519823e-01
3.042988218283976809e-01, 1.800963095059418262e-01, 2.556208811998944008e-01, 2.599839874657661198e-01
3.042532450261916654e-01, 1.800943660004858116e-01, 2.556979195678359407e-01, 2.599544694054866101e-01
3.042076801003490982e-01, 1.800924023295121246e-01, 2.557749591079195861e-01, 2.599249584622192466e-01
3.041621270684041201e-01, 1.800904184941911623e-01, 2.558519997958415004e-01, 2.598954546415631062e-01
3.041165859478853761e-01, 1.800884144957089206e-01, 2.559290416072949603e-01, 2.598659579491106597e-01
3.040710567563153499e-01, 1.800863903352665496e-01, 2.560060845179702449e-01, 2.598364683904477168e-01
3.040255395112111958e-01, 1.800843460140806040e-01, 2.560831285035548022e-01, 2.598069859711534813e-01
3.039800342300839620e-01, 1.800822815333828208e-01, 2.561601735397330271e-01, 2.597775106968001069e-01
3.039345409304393675e-01, 1.800801968944205078e-01, 2.562372196021867610e-01, 2.597480425729533637e-01
3.038890596297768587e-01, 1.800780920984560995e-01, 2.563142666665947367e-01, 2.597185816051723606e-01
3.038435903455903309e-01, 1.800759671467672685e-01, 2.563913147086330779e-01, 2.596891277990093783e-01
3.037981330953680725e-01, 1.800738220406471746e-01, 2.564683637039748554e-01, 2.596596811600100918e-01
3.037526878965920440e-01, 1.800716567814041602e-01, 2.565454136282904751e-01, 2.596302416937132373e-01
3.037072547667386546e-01, 1.800694713703619443e-01, 2.566224644572479008e-01, 2.596008094056514448e-01
3.036618337232786513e-01, 1.800672658088595113e-01, 2.566995161665117653e-01, 2.595713843013500721e-01
3.036164247836763974e-01, 1.800650400982511390e-01, 2.567765687317444256e-01, 2.595419663863280935e-01
3.035710279653908161e-01, 1.800627942399062875e-01, 2.568536221286052967e-01, 2.595125556660975441e-01
3.035256432858747244e-01, 1.800605282352098768e-01, 2.569306763327513510e-01, 2.594831521461640755e-01
3.034802707625749996e-01, 1.800582420855620092e-01, 2.570077313198364521e-01, 2.594537558320264559e-01
3.034349104129326902e-01, 1.800559357923781356e-01, 2.570847870655125211e-01, 2.594243667291766808e-01
3.033895622543826831e-01, 1.800536093570888618e-01, 2.571618435454280926e-01, 2.593949848431004734e-01
3.033442263043542586e-01, 1.800512627811401145e-01, 2.572389007352295365e-01, 2.593656101792761737e-01
3.032989025802702576e-01, 1.800488960659931692e-01, 2.573159586105605023e-01, 2.593362427431759598e-01
3.032535910995479145e-01, 1.800465092131244838e-01, 2.573930171470623085e-01, 2.593068825402652933e-01
3.032082918795981352e-01, 1.800441022240258371e-01, 2.574700763203733866e-01, 2.592775295760026411e-01
3.031630049378261638e-01, 1.800416751002041349e-01, 2.575471361061297260e-01, 2.592481838558399754e-01
3.031177302916306937e-01, 1.800392278431817150e-01, 2.576241964799650397e-01, 2.592188453852225516e-01
3.030724679584048675e-01, 1.800367604544959865e-01, 2.577012574175101545e-01, 2.591895141695890192e-01
3.030272179555353329e-01, 1.800342729356997906e-01, 2.577783188943938431e-01, 2.591601902143709779e-01
3.029819803004031309e-01, 1.800317652883610398e-01, 2.578553808862421026e-01, 2.591308735249937545e-01
3.029367550103826412e-01, 1.800292375140630508e-01, 2.579324433686786544e-01, 2.591015641068756814e-01
3.028915421028424704e-01, 1.800266896144042117e-01, 2.580095063173247771e-01, 2.590722619654285408e-01
3.028463415951449522e-01, 1.800241215909982873e-01, 2.580865697077994736e-01, 2.590429671060573424e-01
3.028011535046463698e-01, 1.800215334454740856e-01, 2.581636335157191930e-01, 2.590136795341604348e-01
3.027559778486966779e-01, 1.800189251794759027e-01, 2.582406977166978868e-01, 2.589843992551295049e-01
3.027108146446399473e-01, 1.800162967946630221e-01, 2.583177622863476741e-01, 2.589551262743493565e-01
3.026656639098136425e-01, 1.800136482927100490e-01, 2.583948272002779545e-01, 2.589258605971984095e-01
3.026205256615494554e-01, 1.800109796753067426e-01, 2.584718924340959068e-01, 2.588966022290479230e-01
3.025753999171723052e-01, 1.800082909441582113e-01, 2.585489579634065449e-01, 2.588673511752629386e-01
3.025302866940013935e-01, 1.800055821009845791e-01, 2.586260237638125514e-01, 2.588381074412014482e-01
3.024851860093494826e-01, 1.800028531475212634e-01, 2.587030898109142774e-01, 2.588088710322148933e-01
3.024400978805228957e-01, 1.800001040855189471e-01, 2.587801560803099643e-01, 2.587796419536481096e-01
3.023950223248219049e-01, 1.799973349167434677e-01, 2.588572225475958000e-01, 2.587504202108388829e-01
3.023499593595402324e-01, 1.799945456429757062e-01, 2.589342891883654185e-01, 2.587212058091186151e-01
3.023049090019654939e-01, 1.799917362660119202e-01, 2.590113559782106778e-01, 2.586919987538119359e-01
3.022598712693789214e-01, 1.799889067876634385e-01, 2.590884228927210486e-01, 2.586627990502365915e-01
3.022148461790554186e-01, 1.799860572097568001e-01, 2.591654899074839480e-01, 2.586336067037038888e-01
3.021698337482632835e-01, 1.799831875341338094e-01, 2.592425569980846833e-01, 2.586044217195181960e-01
3.021248339942647076e-01, 1.799802977626513145e-01, 2.593196241401065083e-01, 2.585752441029773308e-01
3.020798469343155546e-01, 1.799773878971813179e-01, 2.593966913091306781e-01, 2.585460738593724495e-01
3.020348725856649152e-01, 1.799744579396110600e-01, 2.594737584807363384e-01, 2.585169109939877141e-01
3.019899109655558300e-01, 1.799715078918429079e-01, 2.595508256305004702e-01, 2.584877555121008474e-01
3.019449620912244003e-01, 1.799685377557944388e-01, 2.596278927339982778e-01, 2.584586074189827998e-01
3.019000259799010100e-01, 1.799655475333983290e-01, 2.597049597668029119e-01, 2.584294667198976936e-01
3.018551026488089373e-01, 1.799625372266023815e-01, 2.597820267044854137e-01, 2.584003334201032676e-01
3.018101921151653544e-01, 1.799595068373694984e-01, 2.598590935226151588e-01, 2.583712075248500439e-01
3.017652943961806056e-01, 1.799564563676778195e-01, 2.599361601967591917e-01, 2.583420890393823277e-01
3.017204095090588178e-01, 1.799533858195206393e-01, 2.600132267024831689e-01, 2.583129779689374295e-01
3.016755374709974569e-01, 1.799502951949062957e-01, 2.600902930153503601e-01, 2.582838743187459984e-01
3.016306782991872715e-01, 1.799471844958582534e-01, 2.601673591109224248e-01, 2.582547780940321891e-01
3.015858320108127932e-01, 1.799440537244150484e-01, 2.602444249647591912e-01, 2.582256893000129394e-01
3.015409986230518924e-01, 1.799409028826305101e-01, 2.603214905524185441e-01, 2.581966079418990812e-01
3.014961781530755558e-01, 1.799377319725734559e-01, 2.603985558494566477e-01, 2.581675340248943962e-01
3.014513706180484975e-01, 1.799345409963277465e-01, 2.604756208314278343e-01, 2.581384675541958940e-01
3.014065760351287704e-01, 1.799313299559925361e-01, 2.605526854738846598e-01, 2.581094085349940892e-01
3.013617944214673772e-01, 1.799280988536818837e-01, 2.606297497523778484e-01, 2.580803569724727797e-01
3.013170257942094366e-01, 1.799248476915250583e-01, 2.607068136424566251e-01, 2.580513128718088245e-01
3.012722701704926842e-01, 1.799215764716664556e-01, 2.607838771196682726e-01, 2.580222762381726431e-01
3.012275275674485830e-01, 1.799182851962652929e-01, 2.608609401595584076e-01, 2.579932470767277164e-01
3.011827980022017126e-01, 1.799149738674961918e-01, 2.609380027376710931e-01, 2.579642253926310302e-01
3.011380814918699356e-01, 1.799116424875486786e-01, 2.610150648295486708e-01, 2.579352111910326872e-01
3.010933780535646753e-01, 1.799082910586274620e-01, 2.610921264107317064e-01, 2.579062044770761286e-01
3.010486877043902498e-01, 1.799049195829521552e-01, 2.611691874567594884e-01, 2.578772052558981343e-01
3.010040104614443712e-01, 1.799015280627575264e-01, 2.612462479431692519e-01, 2.578482135326287672e-01
3.009593463418180348e-01, 1.798981165002934701e-01, 2.613233078454971769e-01, 2.578192293123913181e-01
3.009146953625955190e-01, 1.798946848978247859e-01, 2.614003671392773342e-01, 2.577902526003024164e-01
3.008700575408539413e-01, 1.798912332576314277e-01, 2.614774258000426843e-01, 2.577612834014719190e-01
3.008254328936638688e-01, 1.798877615820083653e-01, 2.615544838033245223e-01, 2.577323217210032436e-01
3.007808214380892631e-01, 1.798842698732655843e-01, 2.616315411246524225e-01, 2.577033675639926469e-01
3.007362231911867578e-01, 1.798807581337281414e-01, 2.617085977395550156e-01, 2.576744209355300574e-01
3.006916381700064922e-01, 1.798772263657361092e-01, 2.617856536235588782e-01, 2.576454818406985203e-01
3.006470663915916663e-01, 1.798736745716445762e-01, 2.618627087521893659e-01, 2.576165502845743638e-01
3.006025078729784306e-01, 1.798701027538236186e-01, 2.619397631009705574e-01, 2.575876262722273102e-01
3.005579626311961627e-01, 1.798665109146584673e-01, 2.620168166454250880e-01, 2.575587098087203097e-01
3.005134306832673574e-01, 1.798628990565491470e-01, 2.620938693610739834e-01, 2.575298008991095955e-01
3.004689120462074592e-01, 1.798592671819108368e-01, 2.621709212234371034e-01, 2.575008995484446284e-01
3.004244067370250293e-01, 1.798556152931737040e-01, 2.622479722080328646e-01, 2.574720057617683744e-01
3.003799147727216345e-01, 1.798519433927828759e-01, 2.623250222903783513e-01, 2.574431195441170273e-01
3.003354361702921249e-01, 1.798482514831984680e-01, 2.624020714459896486e-01, 2.574142409005197307e-01
3.002909709467239119e-01, 1.798445395668956392e-01, 2.624791196503810098e-01, 2.573853698359994668e-01
3.002465191189976346e-01, 1.798408076463644534e-01, 2.625561668790657444e-01, 2.573565063555721677e-01
3.002020807040869377e-01, 1.798370557241100454e-01, 2.626332131075558851e-01, 2.573276504642471041e-01
3.001576557189584715e-01, 1.798332838026523717e-01, 2.627102583113622991e-01, 2.572988021670268299e-01
3.001132441805716700e-01, 1.798294918845265156e-01, 2.627873024659944656e-01, 2.572699614689072933e-01
3.000688461058791390e-01, 1.798256799722824373e-01, 2.628643455469606427e-01, 2.572411283748777810e-01
3.000244615118261016e-01, 1.798218480684850018e-01, 2.629413875297683112e-01, 2.572123028899205854e-01
2.999800904153508974e-01, 1.798179961757142009e-01, 2.630184283899232867e-01, 2.571834850190116706e-01
2.999357328333847605e-01, 1.798141242965647368e-01, 2.630954681029304965e-01, 2.571546747671200062e-01
2.998913887828518199e-01, 1.798102324336464664e-01, 2.631725066442937577e-01, 2.571258721392080671e-01
2.998470582806687657e-01, 1.798063205895840955e-01, 2.632495439895157774e-01, 2.570970771402313892e-01
2.998027413437455158e-01, 1.798023887670172349e-01, 2.633265801140982076e-01, 2.570682897751390139e-01
2.997584379889847161e-01, 1.797984369686004003e-01, 2.634036149935415905e-01, 2.570395100488732099e-01
2.997141482332817963e-01, 1.797944651970031504e-01, 2.634806486033453021e-01, 2.570107379663696401e-01
2.996698720935250804e-01, 1.797904734549098382e-01, 2.635576809190079972e-01, 2.569819735325570842e-01
2.996256095865953983e-01, 1.797864617450198044e-01, 2.636347119160271646e-01, 2.569532167523576605e-01
2.995813607293666969e-01, 1.797824300700471833e-01, 2.637117415698992384e-01, 2.569244676306868813e-01
2.995371255387054843e-01, 1.797783784327211254e-01, 2.637887698561197647e-01, 2.568957261724535424e-01
2.994929040314710522e-01, 1.797743068357856855e-01, 2.638657967501834567e-01, 2.568669923825597223e-01
2.994486962245157535e-01, 1.797702152819996846e-01, 2.639428222275839175e-01, 2.568382662659007831e-01
2.994045021346838920e-01, 1.797661037741369039e-01, 2.640198462638138621e-01, 2.568095478273654253e-01
2.993603217788131654e-01, 1.797619723149860571e-01, 2.640968688343652837e-01, 2.567808370718355215e-01
2.993161551737338333e-01, 1.797578209073505684e-01, 2.641738899147291209e-01, 2.567521340041864497e-01
2.992720023362685500e-01, 1.797536495540489054e-01, 2.642509094803957015e-01, 2.567234386292868153e-01
2.992278632832330310e-01, 1.797494582579143296e-01, 2.643279275068542433e-01, 2.566947509519984516e-01
2.991837380314352757e-01, 1.797452470217949239e-01, 2.644049439695932979e-01, 2.566660709771765858e-01
2.991396265976760671e-01, 1.797410158485536202e-01, 2.644819588441005842e-01, 2.566373987096697284e-01
2.990955289987489163e-01, 1.797367647410683111e-01, 2.645589721058632104e-01, 2.566087341543196176e-01
2.990514452514397292e-01, 1.797324937022315716e-01, 2.646359837303671747e-01, 2.565800773159614967e-01
2.990073753725271399e-01, 1.797282027349508815e-01, 2.647129936930982530e-01, 2.565514281994237256e-01
2.989633193787825105e-01, 1.797238918421486253e-01, 2.647900019695409446e-01, 2.565227868095280028e-01
2.989192772869690429e-01, 1.797195610267618704e-01, 2.648670085351795822e-01, 2.564941531510895323e-01
2.988752491138436107e-01, 1.797152102917425609e-01, 2.649440133654974439e-01, 2.564655272289164678e-01
2.988312348761546500e-01, 1.797108396400575459e-01, 2.650210164359771969e-01, 2.564369090478105795e-01
2.987872345906436578e-01, 1.797064490746882737e-01, 2.650980177221012313e-01, 2.564082986125668095e-01
2.987432482740444706e-01, 1.797020385986312363e-01, 2.651750171993507710e-01, 2.563796959279734944e-01
2.986992759430834310e-01, 1.796976082148974974e-01, 2.652520148432068736e-01, 2.563511009988123091e-01
2.986553176144792210e-01, 1.796931579265131085e-01, 2.653290106291496531e-01, 2.563225138298579342e-01
2.986113733049432506e-01, 1.796886877365187485e-01, 2.654060045326592787e-01, 2.562939344258787777e-01
2.985674430311792138e-01, 1.796841976479699177e-01, 2.654829965292144212e-01, 2.562653627916364196e-01
2.985235268098831440e-01, 1.796796876639369933e-01, 2.655599865942942506e-01, 2.562367989318856121e-01
2.984796246577436363e-01, 1.796751577875049521e-01, 2.656369747033767159e-01, 2.562082428513745569e-01
2.984357365914417914e-01, 1.796706080217737034e-01, 2.657139608319395996e-01, 2.561796945548449056e-01
2.983918626276508279e-01, 1.796660383698577279e-01, 2.657909449554600734e-01, 2.561511540470313153e-01
2.983480027830365811e-01, 1.796614488348864114e-01, 2.658679270494150870e-01, 2.561226213326620038e-01
2.983041570742570592e-01, 1.796568394200037944e-01, 2.659449070892808686e-01, 2.560940964164583611e-01
2.982603255179627211e-01, 1.796522101283686557e-01, 2.660218850505334243e-01, 2.560655793031352268e-01
2.982165081307964205e-01, 1.796475609631545678e-01, 2.660988609086482048e-01, 2.560370699974008346e-01
2.981727049293932397e-01, 1.796428919275497860e-01, 2.661758346391006058e-01, 2.560085685039563685e-01
2.981289159303806002e-01, 1.796382030247572481e-01, 2.662528062173654120e-01, 2.559800748274966287e-01
2.980851411503782078e-01, 1.796334942579947969e-01, 2.663297756189171306e-01, 2.559515889727098648e-01
2.980413806059979964e-01, 1.796287656304946245e-01, 2.664067428192299913e-01, 2.559231109442773877e-01
2.979976343138442396e-01, 1.796240171455040502e-01, 2.664837077937778353e-01, 2.558946407468737916e-01
2.979539022905134393e-01, 1.796192488062846870e-01, 2.665606705180343927e-01, 2.558661783851674532e-01
2.979101845525943260e-01, 1.796144606161131640e-01, 2.666376309674730050e-01, 2.558377238638194773e-01
2.978664811166678028e-01, 1.796096525782805431e-01, 2.667145891175667916e-01, 2.558092771874848625e-01
2.978227919993070572e-01, 1.796048246960927630e-01, 2.667915449437888165e-01, 2.557808383608113356e-01
2.977791172170775602e-01, 1.795999769728703899e-01, 2.668684984216114775e-01, 2.557524073884405169e-01
2.977354567865367896e-01, 1.795951094119484504e-01, 2.669454495265077276e-01, 2.557239842750071435e-01
2.976918107242342848e-01, 1.795902220166769592e-01, 2.670223982339496871e-01, 2.556955690251391244e-01
2.976481790467120914e-01, 1.795853147904203084e-01, 2.670993445194096427e-01, 2.556671616434579297e-01
2.976045617705042057e-01, 1.795803877365577395e-01, 2.671762883583598813e-01, 2.556387621345782013e-01
2.975609589121365750e-01, 1.795754408584829820e-01, 2.672532297262722456e-01, 2.556103705031082529e-01
2.975173704881276526e-01, 1.795704741596044762e-01, 2.673301685986187448e-01, 2.555819867536491818e-01
2.974737965149876207e-01, 1.795654876433453173e-01, 2.674071049508712217e-01, 2.555536108907959791e-01
2.974302370092187786e-01, 1.795604813131431166e-01, 2.674840387585014634e-01, 2.555252429191365859e-01
2.973866919873159320e-01, 1.795554551724501680e-01, 2.675609699969814237e-01, 2.554968828432525041e-01
2.973431614657653377e-01, 1.795504092247335037e-01, 2.676378986417826678e-01, 2.554685306677184631e-01
2.972996454610456474e-01, 1.795453434734744780e-01, 2.677148246683772048e-01, 2.554401863971026976e-01
2.972561439896275193e-01, 1.795402579221692663e-01, 2.677917480522367111e-01, 2.554118500359665034e-01
2.972126570679735624e-01, 1.795351525743285603e-01, 2.678686687688330847e-01, 2.553835215888649035e-01
2.971691847125382258e-01, 1.795300274334775681e-01, 2.679455867936382796e-01, 2.553552010603458156e-01
2.971257269397684642e-01, 1.795248825031562634e-01, 2.680225021021241938e-01, 2.553268884549509954e-01
2.970822837661025173e-01, 1.795197177869190253e-01, 2.680994146697633362e-01, 2.552985837772150934e-01
2.970388552079711308e-01, 1.795145332883348321e-01, 2.681763244720276052e-01, 2.552702870316664874e-01
2.969954412817966127e-01, 1.795093290109872064e-01, 2.682532314843894539e-01, 2.552419982228267270e-01
2.969520420039934994e-01, 1.795041049584743809e-01, 2.683301356823215023e-01, 2.552137173552107008e-01
2.969086573909680005e-01, 1.794988611344088547e-01, 2.684070370412964812e-01, 2.551854444333266914e-01
2.968652874591185542e-01, 1.794935975424178931e-01, 2.684839355367872327e-01, 2.551571794616763200e-01
2.968219322248351610e-01, 1.794883141861432496e-01, 2.685608311442668761e-01, 2.551289224447547133e-01
2.967785917044997168e-01, 1.794830110692410829e-01, 2.686377238392090860e-01, 2.551006733870500587e-01
2.967352659144861793e-01, 1.794776881953822623e-01, 2.687146135970872596e-01, 2.550724322930442156e-01
2.966919548711604571e-01, 1.794723455682520064e-01, 2.687915003933754043e-01, 2.550441991672122710e-01
2.966486585908797435e-01, 1.794669831915501612e-01, 2.688683842035475835e-01, 2.550159740140225395e-01
2.966053770899936270e-01, 1.794616010689909502e-01, 2.689452650030784708e-01, 2.549877568379369519e-01
2.965621103848433138e-01, 1.794561992043031129e-01, 2.690221427674429067e-01, 2.549595476434107222e-01
2.965188584917616277e-01, 1.794507776012300715e-01, 2.690990174721159534e-01, 2.549313464348922365e-01
2.964756214270734547e-01, 1.794453362635294869e-01, 2.691758890925733949e-01, 2.549031532168237191e-01
2.964323992070951874e-01, 1.794398751949735915e-01, 2.692527576042909598e-01, 2.548749679936401780e-01
2.963891918481352805e-01, 1.794343943993490231e-01, 2.693296229827452648e-01, 2.548467907697705148e-01
2.963459993664935288e-01, 1.794288938804570188e-01, 2.694064852034128710e-01, 2.548186215496365814e-01
2.963028217784619001e-01, 1.794233736421131098e-01, 2.694833442417711167e-01, 2.547904603376539012e-01
2.962596591003237023e-01, 1.794178336881474267e-01, 2.695602000732976733e-01, 2.547623071382312254e-01
2.962165113483541945e-01, 1.794122740224042833e-01, 2.696370526734706563e-01, 2.547341619557708103e-01
2.961733785388200868e-01, 1.794066946487427872e-01, 2.697139020177688473e-01, 2.547060247946681955e-01
2.961302606879800958e-01, 1.794010955710362565e-01, 2.697907480816714165e-01, 2.546778956593122589e-01
2.960871578120842229e-01, 1.793954767931723593e-01, 2.698675908406579782e-01, 2.546497745540854396e-01
2.960440699273743648e-01, 1.793898383190533075e-01, 2.699444302702089793e-01, 2.546216614833633485e-01
2.960009970500840359e-01, 1.793841801525956903e-01, 2.700212663458050888e-01, 2.545935564515152127e-01
2.959579391964382578e-01, 1.793785022977305021e-01, 2.700980990429279194e-01, 2.545654594629032652e-01
2.959148963826536693e-01, 1.793728047584031426e-01, 2.701749283370595278e-01, 2.545373705218837990e-01
2.958718686249386387e-01, 1.793670875385732777e-01, 2.702517542036824705e-01, 2.545092896328057241e-01
2.958288559394929296e-01, 1.793613506422151449e-01, 2.703285766182801364e-01, 2.544812168000117336e-01
2.957858583425079790e-01, 1.793555940733171372e-01, 2.704053955563366363e-01, 2.544531520278382475e-01
2.957428758501669530e-01, 1.793498178358822193e-01, 2.704822109933365248e-01, 2.544250953206142474e-01
2.956999084786440801e-01, 1.793440219339275665e-01, 2.705590229047654116e-01, 2.543970466826629417e-01
2.956569562441055399e-01, 1.793382063714847596e-01, 2.706358312661092946e-01, 2.543690061183004891e-01
2.956140191627089076e-01, 1.793323711525996733e-01, 2.707126360528548936e-01, 2.543409736318365533e-01
2.955710972506032097e-01, 1.793265162813326430e-01, 2.707894372404900385e-01, 2.543129492275740811e-01
2.955281905239288687e-01, 1.793206417617581594e-01, 2.708662348045031143e-01, 2.542849329098097466e-01
2.954852989988180911e-01, 1.793147475979651462e-01, 2.709430287203833942e-01, 2.542569246828332852e-01
2.954424226913943130e-01, 1.793088337940568766e-01, 2.710198189636207622e-01, 2.542289245509281037e-01
2.953995616177724215e-01, 1.793029003541507516e-01, 2.710966055097061567e-01, 2.542009325183707258e-01
2.953567157940585886e-01, 1.792969472823787158e-01, 2.711733883341312379e-01, 2.541729485894314577e-01
2.953138852363508815e-01, 1.792909745828867862e-01, 2.712501674123886097e-01, 2.541449727683737225e-01
2.952710699607383193e-01, 1.792849822598353571e-01, 2.713269427199717088e-01, 2.541170050594545038e-01
2.952282699833014834e-01, 1.792789703173992000e-01, 2.714037142323751928e-01, 2.540890454669241794e-01
2.951854853201123507e-01, 1.792729387597671586e-01, 2.714804819250939971e-01, 2.540610939950264657e-01
2.951427159872342387e-01, 1.792668875911424820e-01, 2.715572457736247225e-01, 2.540331506479985846e-01
2.950999620007218605e-01, 1.792608168157426018e-01, 2.716340057534643582e-01, 2.540052154300712073e-01
2.950572233766209918e-01, 1.792547264377992444e-01, 2.717107618401112257e-01, 2.539772883454684549e-01
2.950145001309693593e-01, 1.792486164615584021e-01, 2.717875140090645902e-01, 2.539493693984076761e-01
2.949717922797953640e-01, 1.792424868912801950e-01, 2.718642622358245498e-01, 2.539214585930998358e-01
2.949290998391190799e-01, 1.792363377312391204e-01, 2.719410064958925899e-01, 2.538935559337492376e-01
2.948864228249516994e-01, 1.792301689857236646e-01, 2.720177467647708625e-01, 2.538656614245538012e-01
2.948437612532956997e-01, 1.792239806590368301e-01, 2.720944830179629070e-01, 2.538377750697045632e-01
2.948011151401449537e-01, 1.792177727554956079e-01, 2.721712152309731514e-01, 2.538098968733862315e-01
2.947584845014844523e-01, 1.792115452794312003e-01, 2.722479433793073000e-01, 2.537820268397770196e-01
2.947158693532905271e-01, 1.792052982351890755e-01, 2.723246674384721122e-01, 2.537541649730483129e-01
2.946732697115305166e-01, 1.791990316271288575e-01, 2.724013873839753463e-01, 2.537263112773652241e-01
2.946306855921633772e-01, 1.791927454596242975e-01, 2.724781031913263152e-01, 2.536984657568859269e-01
2.945881170111388503e-01, 1.791864397370634132e-01, 2.725548148360351641e-01, 2.536706284157626001e-01
2.945455639843980178e-01, 1.791801144638482945e-01, 2.726315222936133709e-01, 2.536427992581403168e-01
2.945030265278731907e-01, 1.791737696443951866e-01, 2.727082255395736343e-01, 2.536149782881579884e-01
2.944605046574877427e-01, 1.791674052831345176e-01, 2.727849245494298747e-01, 2.535871655099477540e-01
2.944179983891563879e-01, 1.791610213845108712e-01, 2.728616192986973998e-01, 2.535593609276354243e-01
2.943755077387845698e-01, 1.791546179529828753e-01, 2.729383097628925725e-01, 2.535315645453399824e-01
2.943330327222692944e-01, 1.791481949930233686e-01, 2.730149959175332541e-01, 2.535037763671740829e-01
2.942905733554985193e-01, 1.791417525091192064e-01, 2.730916777381385274e-01, 2.534759963972437746e-01
2.942481296543510982e-01, 1.791352905057715106e-01, 2.731683552002287518e-01, 2.534482246396486116e-01
2.942057016346972809e-01, 1.791288089874952527e-01, 2.732450282793257856e-01, 2.534204610984815975e-01
2.941632893123982129e-01, 1.791223079588198097e-01, 2.733216969509528749e-01, 2.533927057778291858e-01
2.941208927033059917e-01, 1.791157874242883252e-01, 2.733983611906344313e-01, 2.533649586817712240e-01
2.940785118232641104e-01, 1.791092473884582370e-01, 2.734750209738964766e-01, 2.533372198143812315e-01
2.940361466881066810e-01, 1.791026878559009994e-01, 2.735516762762663645e-01, 2.533094891797259551e-01
2.939937973136591554e-01, 1.790961088312020555e-01, 2.736283270732729478e-01, 2.532817667818657581e-01
2.939514637157377153e-01, 1.790895103189609761e-01, 2.737049733404465779e-01, 2.532540526248547308e-01
2.939091459101497716e-01, 1.790828923237914039e-01, 2.737816150533189385e-01, 2.532263467127398582e-01
2.938668439126936316e-01, 1.790762548503208595e-01, 2.738582521874233788e-01, 2.531986490495621300e-01
2.938245577391584984e-01, 1.790695979031910468e-01, 2.739348847182946356e-01, 2.531709596393557082e-01
2.937822874053247491e-01, 1.790629214870576302e-01, 2.740115126214691665e-01, 2.531432784861484819e-01
2.937400329269634347e-01, 1.790562256065903468e-01, 2.740881358724846506e-01, 2.531156055939616234e-01
2.936977943198363916e-01, 1.790495102664728111e-01, 2.741647544468807096e-01, 2.530879409668100322e-01
2.936555715996970739e-01, 1.790427754714028208e-01, 2.742413683201984087e-01, 2.530602846087018354e-01
2.936133647822891102e-01, 1.790360212260918849e-01, 2.743179774679803118e-01, 2.530326365236387209e-01
2.935711738833473583e-01, 1.790292475352658619e-01, 2.743945818657708147e-01, 2.530049967156159929e-01
2.935289989185974058e-01, 1.790224544036642107e-01, 2.744711814891157564e-01, 2.529773651886225716e-01
2.934868399037560138e-01, 1.790156418360406010e-01, 2.745477763135628080e-01, 2.529497419466405495e-01
2.934446968545304513e-01, 1.790088098371626080e-01, 2.746243663146611946e-01, 2.529221269936456906e-01
2.934025697866188831e-01, 1.790019584118117679e-01, 2.747009514679620845e-01, 2.528945203336074310e-01
2.933604587157104815e-01, 1.789950875647834116e-01, 2.747775317490179225e-01, 2.528669219704882676e-01
2.933183636574850373e-01, 1.789881973008869698e-01, 2.748541071333833186e-01, 2.528393319082447577e-01
2.932762846276133484e-01, 1.789812876249456952e-01, 2.749306775966143812e-01, 2.528117501508265197e-01
2.932342216417566649e-01, 1.789743585417969685e-01, 2.750072431142692730e-01, 2.527841767021770658e-01
2.931921747155675773e-01, 1.789674100562917147e-01, 2.750838036619075999e-01, 2.527566115662331914e-01
2.931501438646888502e-01, 1.789604421732950423e-01, 2.751603592150908550e-01, 2.527290547469252524e-01
2.931081291047543114e-01, 1.789534548976859096e-01, 2.752369097493826411e-01, 2.527015062481771657e-01
2.930661304513883514e-01, 1.789464482343570972e-01, 2.753134552403481150e-01, 2.526739660739064641e-01
2.930241479202064236e-01, 1.789394221882151803e-01, 2.753899956635543766e-01, 2.526464342280240194e-01
2.929821815268144336e-01, 1.789323767641808893e-01, 2.754665309945704132e-01, 2.526189107144343193e-01
2.929402312868089608e-01, 1.789253119671884718e-01, 2.755430612089672104e-01, 2.525913955370354125e-01
2.928982972157773701e-01, 1.789182278021862471e-01, 2.756195862823175302e-01, 2.525638886997189081e-01
2.928563793292976447e-01, 1.789111242741363295e-01, 2.756961061901960219e-01, 2.525363902063699206e-01
2.928144776429386087e-01, 1.789040013880145996e-01, 2.757726209081796664e-01, 2.525089000608670697e-01
2.927725921722595381e-01, 1.788968591488108162e-01, 2.758491304118469434e-01, 2.524814182670827578e-01
2.927307229328103277e-01, 1.788896975615286156e-01, 2.759256346767785528e-01, 2.524539448288824484e-01
2.926888699401318239e-01, 1.788825166311853732e-01, 2.760021336785571378e-01, 2.524264797501256652e-01
2.926470332097549920e-01, 1.788753163628122034e-01, 2.760786273927674506e-01, 2.523990230346653263e-01
2.926052127572018602e-01, 1.788680967614541539e-01, 2.761551157949962976e-01, 2.523715746863476328e-01
2.925634085979847421e-01, 1.788608578321700115e-01, 2.762315988608324835e-01, 2.523441347090128462e-01
2.925216207476066810e-01, 1.788535995800322187e-01, 2.763080765658668669e-01, 2.523167031064942334e-01
2.924798492215613388e-01, 1.788463220101271511e-01, 2.763845488856923605e-01, 2.522892798826190108e-01
2.924380940353328295e-01, 1.788390251275549236e-01, 2.764610157959043191e-01, 2.522618650412079555e-01
2.923963552043957193e-01, 1.788317089374292235e-01, 2.765374772720997076e-01, 2.522344585860753496e-01
2.923546327442153592e-01, 1.788243734448776989e-01, 2.766139332898781555e-01, 2.522070605210287586e-01
2.923129266702473306e-01, 1.788170186550416818e-01, 2.766903838248411240e-01, 2.521796708498698636e-01
2.922712369979379998e-01, 1.788096445730760764e-01, 2.767668288525924059e-01, 2.521522895763934624e-01
2.922295637427240189e-01, 1.788022512041497480e-01, 2.768432683487379586e-01, 2.521249167043883022e-01
2.921879069200327139e-01, 1.787948385534449958e-01, 2.769197022888859605e-01, 2.520975522376363021e-01
2.921462665452816410e-01, 1.787874066261580797e-01, 2.769961306486469210e-01, 2.520701961799133861e-01
2.921046426338789748e-01, 1.787799554274988045e-01, 2.770725534036334037e-01, 2.520428485349887615e-01
2.920630352012233422e-01, 1.787724849626906587e-01, 2.771489705294605255e-01, 2.520155093066254182e-01
2.920214442627037110e-01, 1.787649952369708140e-01, 2.772253820017455683e-01, 2.519881784985799067e-01
2.919798698336996123e-01, 1.787574862555902644e-01, 2.773017877961079791e-01, 2.519608561146021719e-01
2.919383119295808071e-01, 1.787499580238133268e-01, 2.773781878881697027e-01, 2.519335421584361079e-01
2.918967705657076750e-01, 1.787424105469183067e-01, 2.774545822535551265e-01, 2.519062366338189474e-01
2.918552457574307146e-01, 1.787348438301969156e-01, 2.775309708678907472e-01, 2.518789395444815393e-01
2.918137375200911543e-01, 1.787272578789546318e-01, 2.776073537068056707e-01, 2.518516508941486265e-01
2.917722458690200638e-01, 1.787196526985105061e-01, 2.776837307459312232e-01, 2.518243706865381237e-01
2.917307708195394089e-01, 1.787120282941971894e-01, 2.777601019609014510e-01, 2.517970989253619507e-01
2.916893123869612192e-01, 1.787043846713609330e-01, 2.778364673273524543e-01, 2.517698356143254212e-01
2.916478705865877541e-01, 1.786967218353616715e-01, 2.779128268209229979e-01, 2.517425807571275764e-01
2.916064454337118916e-01, 1.786890397915727458e-01, 2.779891804172543446e-01, 2.517153343574609625e-01
2.915650369436167400e-01, 1.786813385453812353e-01, 2.780655280919901995e-01, 2.516880964190118530e-01
2.915236451315753041e-01, 1.786736181021877368e-01, 2.781418698207766549e-01, 2.516608669454602487e-01
2.914822700128513189e-01, 1.786658784674064748e-01, 2.782182055792626896e-01, 2.516336459404796000e-01
2.914409116026985269e-01, 1.786581196464650800e-01, 2.782945353430993918e-01, 2.516064334077370290e-01
2.913995699163613451e-01, 1.786503416448047832e-01, 2.783708590879407363e-01, 2.515792293508932187e-01
2.913582449690737541e-01, 1.786425444678804708e-01, 2.784471767894429739e-01, 2.515520337736027456e-01
2.913169367760605200e-01, 1.786347281211603244e-01, 2.785234884232654085e-01, 2.515248466795137472e-01
2.912756453525364164e-01, 1.786268926101262922e-01, 2.785997939650695088e-01, 2.514976680722678659e-01
2.912343707137065030e-01, 1.786190379402735895e-01, 2.786760933905194082e-01, 2.514704979555004161e-01
2.911931128747657915e-01, 1.786111641171111153e-01, 2.787523866752824042e-01, 2.514433363328405502e-01
2.911518718508999126e-01, 1.786032711461612577e-01, 2.788286737950279037e-01, 2.514161832079109260e-01
2.911106476572843937e-01, 1.785953590329596441e-01, 2.789049547254281447e-01, 2.513890385843278175e-01
2.910694403090847704e-01, 1.785874277830556967e-01, 2.789812294421581407e-01, 2.513619024657013923e-01
2.910282498214570857e-01, 1.785794774020120768e-01, 2.790574979208956807e-01, 2.513347748556351569e-01
2.909870762095472241e-01, 1.785715078954049906e-01, 2.791337601373211075e-01, 2.513076557577265668e-01
2.909459194884915223e-01, 1.785635192688240225e-01, 2.792100160671178166e-01, 2.512805451755665831e-01
2.909047796734161584e-01, 1.785555115278723293e-01, 2.792862656859714798e-01, 2.512534431127399492e-01
2.908636567794372629e-01, 1.785474846781662794e-01, 2.793625089695712660e-01, 2.512263495728250806e-01
2.908225508216616406e-01, 1.785394387253359250e-01, 2.794387458936084534e-01, 2.511992645593940088e-01
2.907814618151855490e-01, 1.785313736750244185e-01, 2.795149764337775400e-01, 2.511721880760124370e-01
2.907403897750956423e-01, 1.785232895328885960e-01, 2.795912005657758548e-01, 2.511451201262399069e-01
2.906993347164686936e-01, 1.785151863045984777e-01, 2.796674182653033913e-01, 2.511180607136293541e-01
2.906582966543713176e-01, 1.785070639958376282e-01, 2.797436295080633073e-01, 2.510910098417277747e-01
2.906172756038601368e-01, 1.784989226123028239e-01, 2.798198342697614249e-01, 2.510639675140757254e-01
2.905762715799820595e-01, 1.784907621597043026e-01, 2.798960325261063975e-01, 2.510369337342071572e-01
2.905352845977738352e-01, 1.784825826437655971e-01, 2.799722242528102090e-01, 2.510099085056503032e-01
2.904943146722621661e-01, 1.784743840702237017e-01, 2.800484094255874523e-01, 2.509828918319267355e-01
2.904533618184638732e-01, 1.784661664448287666e-01, 2.801245880201557736e-01, 2.509558837165515865e-01
2.904124260513855638e-01, 1.784579297733444037e-01, 2.802007600122358166e-01, 2.509288841630341604e-01
2.903715073860240747e-01, 1.784496740615474641e-01, 2.802769253775512781e-01, 2.509018931748772108e-01
2.903306058373659182e-01, 1.784413993152281497e-01, 2.803530840918286859e-01, 2.508749107555772184e-01
2.902897214203877252e-01, 1.784331055401900124e-01, 2.804292361307979542e-01, 2.508479369086243360e-01
2.902488541500560237e-01, 1.784247927422497326e-01, 2.805053814701917170e-01, 2.508209716375025544e-01
2.902080040413274054e-01, 1.784164609272373692e-01, 2.805815200857457170e-01, 2.507940149456895362e-01
2.901671711091478589e-01, 1.784081101009963033e-01, 2.806576519531990832e-01, 2.507670668366567268e-01
2.901263553684539365e-01, 1.783997402693830725e-01, 2.807337770482936645e-01, 2.507401273138692988e-01
2.900855568341715318e-01, 1.783913514382675369e-01, 2.808098953467746961e-01, 2.507131963807862629e-01
2.900447755212168799e-01, 1.783829436135326574e-01, 2.808860068243902997e-01, 2.506862740408599688e-01
2.900040114444957240e-01, 1.783745168010748561e-01, 2.809621114568922051e-01, 2.506593602975371593e-01
2.899632646189038154e-01, 1.783660710068035726e-01, 2.810382092200348070e-01, 2.506324551542577495e-01
2.899225350593265804e-01, 1.783576062366415971e-01, 2.811143000895759969e-01, 2.506055586144557701e-01
2.898818227806395642e-01, 1.783491224965248478e-01, 2.811903840412767752e-01, 2.505786706815588127e-01
2.898411277977078759e-01, 1.783406197924024550e-01, 2.812664610509014729e-01, 2.505517913589883072e-01
2.898004501253865217e-01, 1.783320981302367048e-01, 2.813425310942174185e-01, 2.505249206501594106e-01
2.897597897785201826e-01, 1.783235575160030395e-01, 2.814185941469954932e-01, 2.504980585584811736e-01
2.897191467719438251e-01, 1.783149979556903075e-01, 2.814946501850096872e-01, 2.504712050873562634e-01
2.896785211204814248e-01, 1.783064194553000692e-01, 2.815706991840373208e-01, 2.504443602401810742e-01
2.896379128389472979e-01, 1.782978220208474573e-01, 2.816467411198591009e-01, 2.504175240203462272e-01
2.895973219421452693e-01, 1.782892056583604556e-01, 2.817227759682589538e-01, 2.503906964312354044e-01
2.895567484448687834e-01, 1.782805703738803149e-01, 2.817988037050241923e-01, 2.503638774762267372e-01
2.895161923619014033e-01, 1.782719161734613589e-01, 2.818748243059455150e-01, 2.503370671586916396e-01
2.894756537080160896e-01, 1.782632430631710119e-01, 2.819508377468170068e-01, 2.503102654819958084e-01
2.894351324979757556e-01, 1.782545510490897989e-01, 2.820268440034360835e-01, 2.502834724494983343e-01
2.893946287465326561e-01, 1.782458401373114287e-01, 2.821028430516037688e-01, 2.502566880645522573e-01
2.893541424684288876e-01, 1.782371103339424889e-01, 2.821788348671241398e-01, 2.502299123305044559e-01
2.893136736783963880e-01, 1.782283616451028341e-01, 2.822548194258052145e-01, 2.502031452506955356e-01
2.892732223911567702e-01, 1.782195940769251974e-01, 2.823307967034580090e-01, 2.501763868284600512e-01
2.892327886214207666e-01, 1.782108076355555237e-01, 2.824067666758974249e-01, 2.501496370671261738e-01
2.891923723838895621e-01, 1.782020023271527753e-01, 2.824827293189416388e-01, 2.501228959700161347e-01
2.891519736932532392e-01, 1.781931781578887652e-01, 2.825586846084122694e-01, 2.500961635404457817e-01
2.891115925641919437e-01, 1.781843351339486015e-01, 2.826346325201347653e-01, 2.500694397817247450e-01
2.890712290113753857e-01, 1.781754732615300763e-01, 2.827105730299377395e-01, 2.500427246971567152e-01
2.890308830494625614e-01, 1.781665925468443323e-01, 2.827865061136538571e-01, 2.500160182900392214e-01
2.889905546931024749e-01, 1.781576929961152522e-01, 2.828624317471188920e-01, 2.499893205636633531e-01
2.889502439569334169e-01, 1.781487746155797358e-01, 2.829383499061724483e-01, 2.499626315213142325e-01
2.889099508555832974e-01, 1.781398374114878946e-01, 2.830142605666579603e-01, 2.499359511662708200e-01
2.888696754036696457e-01, 1.781308813901023580e-01, 2.830901637044220820e-01, 2.499092795018059143e-01
2.888294176157995552e-01, 1.781219065576991056e-01, 2.831660592953151867e-01, 2.498826165311861802e-01
2.887891775065695166e-01, 1.781129129205668293e-01, 2.832419473151916445e-01, 2.498559622576720374e-01
2.887489550905655844e-01, 1.781039004850072660e-01, 2.833178277399093226e-01, 2.498293166845177993e-01
2.887087503823634327e-01, 1.780948692573350312e-01, 2.833937005453296964e-01, 2.498026798149718952e-01
2.886685633965280773e-01, 1.780858192438776189e-01, 2.834695657073181274e-01, 2.497760516522761487e-01
2.886283941476141535e-01, 1.780767504509754851e-01, 2.835454232017435849e-01, 2.497494321996666655e-01
2.885882426501656384e-01, 1.780676628849819920e-01, 2.836212730044788688e-01, 2.497228214603733343e-01
2.885481089187163506e-01, 1.780585565522632419e-01, 2.836971150914006645e-01, 2.496962194376198263e-01
2.885079929677888955e-01, 1.780494314591983818e-01, 2.837729494383889328e-01, 2.496696261346236234e-01
2.884678948118959974e-01, 1.780402876121793543e-01, 2.838487760213283528e-01, 2.496430415545963233e-01
2.884278144655392784e-01, 1.780311250176109250e-01, 2.839245948161064903e-01, 2.496164657007434173e-01
2.883877519432101466e-01, 1.780219436819106549e-01, 2.840004057986153518e-01, 2.495898985762637634e-01
2.883477072593892410e-01, 1.780127436115090667e-01, 2.840762089447504968e-01, 2.495633401843510568e-01
2.883076804285468198e-01, 1.780035248128494785e-01, 2.841520042304117033e-01, 2.495367905281919985e-01
2.882676714651423167e-01, 1.779942872923879205e-01, 2.842277916315020803e-01, 2.495102496109677104e-01
2.882276803836244516e-01, 1.779850310565933014e-01, 2.843035711239291219e-01, 2.494837174358530418e-01
2.881877071984315641e-01, 1.779757561119473253e-01, 2.843793426836042637e-01, 2.494571940060168747e-01
2.881477519239915019e-01, 1.779664624649443250e-01, 2.844551062864423829e-01, 2.494306793246217624e-01
2.881078145747207886e-01, 1.779571501220916507e-01, 2.845308619083629642e-01, 2.494041733948246242e-01
2.880678951650261221e-01, 1.779478190899093371e-01, 2.846066095252888783e-01, 2.493776762197757180e-01
2.880279937093028209e-01, 1.779384693749299640e-01, 2.846823491131475481e-01, 2.493511878026197504e-01
2.879881102219360445e-01, 1.779291009836991844e-01, 2.847580806478697268e-01, 2.493247081464950998e-01
2.879482447172999060e-01, 1.779197139227750857e-01, 2.848338041053908309e-01, 2.492982372545341774e-01
2.879083972097579713e-01, 1.779103081987286339e-01, 2.849095194616501070e-01, 2.492717751298632045e-01
2.878685677136632592e-01, 1.779008838181434793e-01, 2.849852266925906874e-01, 2.492453217756025741e-01
2.878287562433576863e-01, 1.778914407876159565e-01, 2.850609257741599234e-01, 2.492188771948663784e-01
2.877889628131728439e-01, 1.778819791137550843e-01, 2.851366166823093296e-01, 2.491924413907628533e-01
2.877491874374290548e-01, 1.778724988031825383e-01, 2.852122993929941397e-01, 2.491660143663941285e-01
2.877094301304365387e-01, 1.778629998625327613e-01, 2.852879738821744726e-01, 2.491395961248563107e-01
2.876696909064941354e-01, 1.778534822984527142e-01, 2.853636401258137778e-01, 2.491131866692394004e-01
2.876299697798904154e-01, 1.778439461176020697e-01, 2.854392980998801121e-01, 2.490867860026274305e-01
2.875902667649027911e-01, 1.778343913266531295e-01, 2.855149477803455293e-01, 2.490603941280984945e-01
2.875505818757980725e-01, 1.778248179322909073e-01, 2.855905891431865240e-01, 2.490340110487245240e-01
2.875109151268321894e-01, 1.778152259412129343e-01, 2.856662221643833655e-01, 2.490076367675714830e-01
2.874712665322504135e-01, 1.778056153601293432e-01, 2.857418468199209860e-01, 2.489812712876992573e-01
2.874316361062869141e-01, 1.777959861957629228e-01, 2.858174630857883702e-01, 2.489549146121618484e-01
2.873920238631652579e-01, 1.777863384548489523e-01, 2.858930709379784996e-01, 2.489285667440072902e-01
2.873524298170979652e-01, 1.777766721441353670e-01, 2.859686703524891849e-01, 2.489022276862773442e-01
2.873128539822868976e-01, 1.777669872703827314e-01, 2.860442613053221228e-01, 2.488758974420081926e-01
2.872732963729230926e-01, 1.777572838403639610e-01, 2.861198437724833399e-01, 2.488495760142296620e-01
2.872337570031862630e-01, 1.777475618608646835e-01, 2.861954177299834146e-01, 2.488232634059656112e-01
2.871942358872458523e-01, 1.777378213386830441e-01, 2.862709831538369221e-01, 2.487969596202341815e-01
2.871547330392599795e-01, 1.777280622806296229e-01, 2.863465400200631006e-01, 2.487706646600473803e-01
2.871152484733758836e-01, 1.777182846935275728e-01, 2.864220883046852961e-01, 2.487443785284112197e-01
2.870757822037302565e-01, 1.777084885842125650e-01, 2.864976279837315176e-01, 2.487181012283257164e-01
2.870363342444482990e-01, 1.776986739595327047e-01, 2.865731590332340484e-01, 2.486918327627849201e-01
2.869969046096447762e-01, 1.776888408263486152e-01, 2.866486814292295016e-01, 2.486655731347770792e-01
2.869574933134232952e-01, 1.776789891915333819e-01, 2.867241951477590423e-01, 2.486393223472843361e-01
2.869181003698761945e-01, 1.776691190619725247e-01, 2.867997001648682209e-01, 2.486130804032829489e-01
2.868787257930855428e-01, 1.776592304445641091e-01, 2.868751964566071400e-01, 2.485868473057432082e-01
2.868393695971219737e-01, 1.776493233462184684e-01, 2.869506839990302871e-01, 2.485606230576293540e-01
2.868000317960449630e-01, 1.776393977738584817e-01, 2.870261627681966465e-01, 2.485344076618998255e-01
2.867607124039034394e-01, 1.776294537344195179e-01, 2.871016327401699209e-01, 2.485082011215070663e-01
2.867214114347351739e-01, 1.776194912348491306e-01, 2.871770938910180870e-01, 2.484820034393976917e-01
2.866821289025666131e-01, 1.776095102821074467e-01, 2.872525461968137295e-01, 2.484558146185122385e-01
2.866428648214135455e-01, 1.775995108831669167e-01, 2.873279896336341510e-01, 2.484296346617854423e-01
2.866036192052806575e-01, 1.775894930450123976e-01, 2.874034241775610399e-01, 2.484034635721458495e-01
2.865643920681614776e-01, 1.775794567746409869e-01, 2.874788498046809138e-01, 2.483773013525166218e-01
2.865251834240385431e-01, 1.775694020790623828e-01, 2.875542664910846202e-01, 2.483511480058144261e-01
2.864859932868832892e-01, 1.775593289652983020e-01, 2.876296742128678363e-01, 2.483250035349505447e-01
2.864468216706561043e-01, 1.775492374403831730e-01, 2.877050729461308465e-01, 2.482988679428299594e-01
2.864076685893062746e-01, 1.775391275113633593e-01, 2.877804626669784871e-01, 2.482727412323518790e-01
2.863685340567719284e-01, 1.775289991852977423e-01, 2.878558433515205350e-01, 2.482466234064096833e-01
2.863294180869803696e-01, 1.775188524692574987e-01, 2.879312149758712081e-01, 2.482205144678908681e-01
2.862903206938473555e-01, 1.775086873703261015e-01, 2.880065775161494979e-01, 2.481944144196771285e-01
2.862512418912778744e-01, 1.774985038955991523e-01, 2.880819309484790591e-01, 2.481683232646439419e-01
2.862121816931654794e-01, 1.774883020521847432e-01, 2.881572752489885425e-01, 2.481422410056612349e-01
2.861731401133928987e-01, 1.774780818472030119e-01, 2.882326103938110951e-01, 2.481161676455930221e-01
2.861341171658314253e-01, 1.774678432877865308e-01, 2.883079363590848043e-01, 2.480901031872973506e-01
2.860951128643414165e-01, 1.774575863810798626e-01, 2.883832531209523653e-01, 2.480640476336263833e-01
2.860561272227717944e-01, 1.774473111342401432e-01, 2.884585606555614135e-01, 2.480380009874267044e-01
2.860171602549606562e-01, 1.774370175544363604e-01, 2.885338589390644137e-01, 2.480119632515385975e-01
2.859782119747344420e-01, 1.774267056488498528e-01, 2.886091479476187716e-01, 2.479859344287968503e-01
2.859392823959089891e-01, 1.774163754246742830e-01, 2.886844276573863333e-01, 2.479599145220303946e-01
2.859003715322882000e-01, 1.774060268891152481e-01, 2.887596980445343298e-01, 2.479339035340621944e-01
2.858614793976653745e-01, 1.773956600493906965e-01, 2.888349590852344884e-01, 2.479079014677093573e-01
2.858226060058223217e-01, 1.773852749127305950e-01, 2.889102107556636434e-01, 2.478819083257833567e-01
2.857837513705295263e-01, 1.773748714863772336e-01, 2.889854530320035697e-01, 2.478559241110895595e-01
2.857449155055464263e-01, 1.773644497775848095e-01, 2.890606858904408716e-01, 2.478299488264278649e-01
2.857060984246209689e-01, 1.773540097936198712e-01, 2.891359093071670938e-01, 2.478039824745919550e-01
2.856673001414901103e-01, 1.773435515417609298e-01, 2.892111232583788882e-01, 2.477780250583701271e-01
2.856285206698793711e-01, 1.773330750292986258e-01, 2.892863277202775141e-01, 2.477520765805445169e-01
2.855897600235028921e-01, 1.773225802635357007e-01, 2.893615226690697262e-01, 2.477261370438915977e-01
2.855510182160634902e-01, 1.773120672517870255e-01, 2.894367080809671089e-01, 2.477002064511822366e-01
2.855122952612531573e-01, 1.773015360013795172e-01, 2.895118839321861315e-01, 2.476742848051812218e-01
2.854735911727518394e-01, 1.772909865196520829e-01, 2.895870501989484813e-01, 2.476483721086476519e-01
2.854349059642289355e-01, 1.772804188139556758e-01, 2.896622068574805642e-01, 2.476224683643348523e-01
2.853962396493415765e-01, 1.772698328916534616e-01, 2.897373538840145035e-01, 2.475965735749904306e-01
2.853575922417364574e-01, 1.772592287601204020e-01, 2.898124912547869192e-01, 2.475706877433561381e-01
2.853189637550484492e-01, 1.772486064267436434e-01, 2.898876189460398711e-01, 2.475448108721680640e-01
2.852803542029010986e-01, 1.772379658989222118e-01, 2.899627369340202487e-01, 2.475189429641564687e-01
2.852417635989066280e-01, 1.772273071840671232e-01, 2.900378451949804370e-01, 2.474930840220457562e-01
2.852031919566660467e-01, 1.772166302896015788e-01, 2.901129437051776505e-01, 2.474672340485547795e-01
2.851646392897684845e-01, 1.772059352229604645e-01, 2.901880324408745992e-01, 2.474413930463964795e-01
2.851261056117922466e-01, 1.771952219915907678e-01, 2.902631113783388783e-01, 2.474155610182781628e-01
2.850875909363036476e-01, 1.771844906029514666e-01, 2.903381804938433564e-01, 2.473897379669014185e-01
2.850490952768582886e-01, 1.771737410645134458e-01, 2.904132397636662866e-01, 2.473639238949618957e-01
2.850106186469998915e-01, 1.771629733837593035e-01, 2.904882891640909737e-01, 2.473381188051498591e-01
2.849721610602605204e-01, 1.771521875681839886e-01, 2.905633286714060515e-01, 2.473123227001494950e-01
2.849337225301613041e-01, 1.771413836252938301e-01, 2.906383582619052608e-01, 2.472865355826395495e-01
2.848953030702117140e-01, 1.771305615626075081e-01, 2.907133779118879491e-01, 2.472607574552928844e-01
2.848569026939096194e-01, 1.771197213876552490e-01, 2.907883875976584043e-01, 2.472349883207766719e-01
2.848185214147415656e-01, 1.771088631079794085e-01, 2.908633872955265209e-01, 2.472092281817525050e-01
2.847801592461826070e-01, 1.770979867311340550e-01, 2.909383769818073007e-01, 2.471834770408761484e-01
2.847418162016961962e-01, 1.770870922646849699e-01, 2.910133566328211296e-01, 2.471577349007977042e-01
2.847034922947345725e-01, 1.770761797162100915e-01, 2.910883262248938341e-01, 2.471320017641616129e-01
2.846651875387380959e-01, 1.770652490932988765e-01, 2.911632857343563474e-01, 2.471062776336066247e-01
2.846269019471356909e-01, 1.770543004035528001e-01, 2.912382351375455980e-01, 2.470805625117659388e-01
2.845886355333450135e-01, 1.770433336545850223e-01, 2.913131744108032883e-01, 2.470548564012667592e-01
2.845503883107719512e-01, 1.770323488540205270e-01, 2.913881035304767275e-01, 2.470291593047308776e-01
2.845121602928107896e-01, 1.770213460094960667e-01, 2.914630224729187202e-01, 2.470034712247743125e-01
2.844739514928444901e-01, 1.770103251286601898e-01, 2.915379312144875112e-01, 2.469777921640076424e-01
2.844357619242443569e-01, 1.769992862191732130e-01, 2.916128297315469520e-01, 2.469521221250355336e-01
2.843975916003699256e-01, 1.769882292887070829e-01, 2.916877180004659453e-01, 2.469264611104570739e-01
2.843594405345695186e-01, 1.769771543449456253e-01, 2.917625959976193339e-01, 2.469008091228656332e-01
2.843213087401794126e-01, 1.769660613955841844e-01, 2.918374636993872340e-01, 2.468751661648491691e-01
2.842831962305247817e-01, 1.769549504483300395e-01, 2.919123210821553127e-01, 2.468495322389898938e-01
2.842451030189188099e-01, 1.769438215109020718e-01, 2.919871681223148441e-01, 2.468239073478643020e-01
2.842070291186632458e-01, 1.769326745910307641e-01, 2.920620047962625421e-01, 2.467982914940433092e-01
2.841689745430481806e-01, 1.769215096964584233e-01, 2.921368310804009494e-01, 2.467726846800923635e-01
2.841309393053520482e-01, 1.769103268349389579e-01, 2.922116469511378822e-01, 2.467470869085710283e-01
2.840929234188416808e-01, 1.768991260142378508e-01, 2.922864523848868190e-01, 2.467214981820336217e-01
2.840549268967721419e-01, 1.768879072421323251e-01, 2.923612473580670668e-01, 2.466959185030284107e-01
2.840169497523870046e-01, 1.768766705264112060e-01, 2.924360318471033171e-01, 2.466703478740985001e-01
2.839789919989179623e-01, 1.768654158748748373e-01, 2.925108058284260903e-01, 2.466447862977811101e-01
2.839410536495853843e-01, 1.768541432953353310e-01, 2.925855692784713469e-01, 2.466192337766079379e-01
2.839031347175974829e-01, 1.768428527956163732e-01, 2.926603221736808758e-01, 2.465936903131052405e-01
2.838652352161510906e-01, 1.768315443835530298e-01, 2.927350644905023502e-01, 2.465681559097934739e-01
2.838273551584314380e-01, 1.768202180669921075e-01, 2.928097962053887171e-01, 2.465426305691877096e-01
2.837894945576114880e-01, 1.768088738537920424e-01, 2.928845172947989739e-01, 2.465171142937974402e-01
2.837516534268533230e-01, 1.767975117518226502e-01, 2.929592277351976692e-01, 2.464916070861264408e-01
2.837138317793063691e-01, 1.767861317689652378e-01, 2.930339275030551804e-01, 2.464661089486731016e-01
2.836760296281091720e-01, 1.767747339131129358e-01, 2.931086165748477135e-01, 2.464406198839301232e-01
2.836382469863878431e-01, 1.767633181921700880e-01, 2.931832949270573030e-01, 2.464151398943847937e-01
2.836004838672572248e-01, 1.767518846140526678e-01, 2.932579625361713682e-01, 2.463896689825187947e-01
2.835627402838201139e-01, 1.767404331866880285e-01, 2.933326193786836011e-01, 2.463642071508081732e-01
2.835250162491675385e-01, 1.767289639180152638e-01, 2.934072654310934669e-01, 2.463387544017237585e-01
2.834873117763789807e-01, 1.767174768159845144e-01, 2.934819006699059818e-01, 2.463133107377304953e-01
2.834496268785219319e-01, 1.767059718885578279e-01, 2.935565250716322128e-01, 2.462878761612880552e-01
2.834119615686521709e-01, 1.766944491437082987e-01, 2.936311386127891110e-01, 2.462624506748503916e-01
2.833743158598135414e-01, 1.766829085894207341e-01, 2.937057412698996228e-01, 2.462370342808661017e-01
2.833366897650381189e-01, 1.766713502336912933e-01, 2.937803330194921902e-01, 2.462116269817784253e-01
2.832990832973462658e-01, 1.766597740845273212e-01, 2.938549138381016945e-01, 2.461862287800247462e-01
2.832614964697465765e-01, 1.766481801499479032e-01, 2.939294837022684570e-01, 2.461608396780370078e-01
2.832239292952355436e-01, 1.766365684379833101e-01, 2.940040425885391828e-01, 2.461354596782421300e-01
2.831863817867978916e-01, 1.766249389566751371e-01, 2.940785904734661282e-01, 2.461100887830609540e-01
2.831488539574064656e-01, 1.766132917140764147e-01, 2.941531273336078223e-01, 2.460847269949092697e-01
2.831113458200226751e-01, 1.766016267182516364e-01, 2.942276531455287336e-01, 2.460593743161970937e-01
2.830738573875953290e-01, 1.765899439772763702e-01, 2.943021678857991597e-01, 2.460340307493291689e-01
2.830363886730618561e-01, 1.765782434992376748e-01, 2.943766715309956705e-01, 2.460086962967047985e-01
2.829989396893478615e-01, 1.765665252922339612e-01, 2.944511640577005540e-01, 2.459833709607176788e-01
2.829615104493664601e-01, 1.765547893643748256e-01, 2.945256454425024817e-01, 2.459580547437561493e-01
2.829241009660194983e-01, 1.765430357237812997e-01, 2.946001156619960648e-01, 2.459327476482032204e-01
2.828867112521966654e-01, 1.765312643785854341e-01, 2.946745746927818543e-01, 2.459074496764361295e-01
2.828493413207756046e-01, 1.765194753369307146e-01, 2.947490225114665630e-01, 2.458821608308270623e-01
2.828119911846224133e-01, 1.765076686069719514e-01, 2.948234590946631206e-01, 2.458568811137425703e-01
2.827746608565905873e-01, 1.764958441968750569e-01, 2.948978844189905635e-01, 2.458316105275437369e-01
2.827373503495223539e-01, 1.764840021148172677e-01, 2.949722984610738674e-01, 2.458063490745864832e-01
2.827000596762476170e-01, 1.764721423689868951e-01, 2.950467011975443921e-01, 2.457810967572210126e-01
2.826627888495845120e-01, 1.764602649675836021e-01, 2.951210926050395478e-01, 2.457558535777922826e-01
2.826255378823389619e-01, 1.764483699188182098e-01, 2.951954726602029067e-01, 2.457306195386399217e-01
2.825883067873050658e-01, 1.764364572309126966e-01, 2.952698413396843136e-01, 2.457053946420980073e-01
2.825510955772649324e-01, 1.764245269121001158e-01, 2.953441986201396641e-01, 2.456801788904953154e-01
2.825139042649886800e-01, 1.764125789706248726e-01, 2.954185444782312375e-01, 2.456549722861552099e-01
2.824767328632342700e-01, 1.764006134147423910e-01, 2.954928788906275305e-01, 2.456297748313958085e-01
2.824395813847479508e-01, 1.763886302527192251e-01, 2.955672018340033125e-01, 2.456045865285294838e-01
2.824024498422637031e-01, 1.763766294928331424e-01, 2.956415132850393479e-01, 2.455794073798637234e-01
2.823653382485035168e-01, 1.763646111433729013e-01, 2.957158132204231182e-01, 2.455542373877003803e-01
2.823282466161775583e-01, 1.763525752126383628e-01, 2.957901016168481556e-01, 2.455290765543359233e-01
2.822911749579834484e-01, 1.763405217089406563e-01, 2.958643784510142649e-01, 2.455039248820617137e-01
2.822541232866073724e-01, 1.763284506406016527e-01, 2.959386436996275793e-01, 2.454787823731633678e-01
2.822170916147230257e-01, 1.763163620159546030e-01, 2.960128973394006158e-01, 2.454536490299216722e-01
2.821800799549922245e-01, 1.763042558433436935e-01, 2.960871393470523860e-01, 2.454285248546116682e-01
2.821430883200647388e-01, 1.762921321311240186e-01, 2.961613696993080080e-01, 2.454034098495032346e-01
2.821061167225780153e-01, 1.762799908876618582e-01, 2.962355883728992612e-01, 2.453783040168609209e-01
2.820691651751577878e-01, 1.762678321213344834e-01, 2.963097953445639754e-01, 2.453532073589438367e-01
2.820322336904173000e-01, 1.762556558405300455e-01, 2.963839905910465311e-01, 2.453281198780061512e-01
2.819953222809578608e-01, 1.762434620536478813e-01, 2.964581740890980810e-01, 2.453030415762962879e-01
2.819584309593687887e-01, 1.762312507690980967e-01, 2.965323458154756064e-01, 2.452779724560575914e-01
2.819215597382270233e-01, 1.762190219953018444e-01, 2.966065057469429722e-01, 2.452529125195280768e-01
2.818847086300976246e-01, 1.762067757406912683e-01, 2.966806538602704268e-01, 2.452278617689405971e-01
2.818478776475334957e-01, 1.761945120137094756e-01, 2.967547901322346027e-01, 2.452028202065224260e-01
2.818110668030751054e-01, 1.761822308228104539e-01, 2.968289145396185713e-01, 2.451777878344958417e-01
2.817742761092510428e-01, 1.761699321764588766e-01, 2.969030270592121767e-01, 2.451527646550777928e-01
2.817375055785776850e-01, 1.761576160831307691e-01, 2.969771276678115357e-01, 2.451277506704798714e-01
2.817007552235591961e-01, 1.761452825513127596e-01, 2.970512163422194818e-01, 2.451027458829085903e-01
2.816640250566876391e-01, 1.761329315895023007e-01, 2.971252930592452324e-01, 2.450777502945648278e-01
2.816273150904428091e-01, 1.761205632062079474e-01, 2.971993577957045551e-01, 2.450527639076446329e-01
2.815906253372922330e-01, 1.761081774099489128e-01, 2.972734105284201567e-01, 2.450277867243386976e-01
2.815539558096915029e-01, 1.760957742092552902e-01, 2.973474512342207943e-01, 2.450028187468324681e-01
2.815173065200838320e-01, 1.760833536126680532e-01, 2.974214798899422196e-01, 2.449778599773059229e-01
2.814806774809000545e-01, 1.760709156287389998e-01, 2.974954964724266793e-01, 2.449529104179342109e-01
2.814440687045591805e-01, 1.760584602660306419e-01, 2.975695009585229700e-01, 2.449279700708871521e-01
2.814074802034677303e-01, 1.760459875331163715e-01, 2.976434933250868831e-01, 2.449030389383290984e-01
2.813709119900199562e-01, 1.760334974385802942e-01, 2.977174735489803714e-01, 2.448781170224194337e-01
2.813343640765980092e-01, 1.760209899910172571e-01, 2.977914416070724379e-01, 2.448532043253122958e-01
2.812978364755717720e-01, 1.760084651990329874e-01, 2.978653974762385803e-01, 2.448283008491566604e-01
2.812613291992986375e-01, 1.759959230712438982e-01, 2.979393411333610686e-01, 2.448034065960962291e-01
2.812248422601242304e-01, 1.759833636162770887e-01, 2.980132725553290007e-01, 2.447785215682697357e-01
2.811883756703812409e-01, 1.759707868427704269e-01, 2.980871917190379694e-01, 2.447536457678103350e-01
2.811519294423907023e-01, 1.759581927593724116e-01, 2.981610986013905062e-01, 2.447287791968464077e-01
2.811155035884608799e-01, 1.759455813747422825e-01, 2.982349931792958042e-01, 2.447039218575010056e-01
2.810790981208879935e-01, 1.759329526975500491e-01, 2.983088754296698841e-01, 2.446790737518919345e-01
2.810427130519561612e-01, 1.759203067364762119e-01, 2.983827453294355392e-01, 2.446542348821320878e-01
2.810063483939365669e-01, 1.759076435002120409e-01, 2.984566028555223904e-01, 2.446294052503289462e-01
2.809700041590886821e-01, 1.758949629974594364e-01, 2.985304479848668868e-01, 2.446045848585850224e-01
2.809336803596594323e-01, 1.758822652369308737e-01, 2.986042806944119721e-01, 2.445797737089976942e-01
2.808973770078833088e-01, 1.758695502273495970e-01, 2.986781009611080284e-01, 2.445549718036590658e-01
2.808610941159825347e-01, 1.758568179774492035e-01, 2.987519087619118774e-01, 2.445301791446563011e-01
2.808248316961671764e-01, 1.758440684959741984e-01, 2.988257040737872794e-01, 2.445053957340713735e-01
2.807885897606346992e-01, 1.758313017916793008e-01, 2.988994868737049893e-01, 2.444806215739810384e-01
2.807523683215702448e-01, 1.758185178733301379e-01, 2.989732571386425342e-01, 2.444558566664571386e-01
2.807161673911465760e-01, 1.758057167497027173e-01, 2.990470148455843247e-01, 2.444311010135663265e-01
2.806799869815242987e-01, 1.757928984295835939e-01, 2.991207599715219878e-01, 2.444063546173701751e-01
2.806438271048514732e-01, 1.757800629217699251e-01, 2.991944924934535899e-01, 2.443816174799250118e-01
2.806076877732636143e-01, 1.757672102350692767e-01, 2.992682123883845802e-01, 2.443568896032824178e-01
2.805715689988840245e-01, 1.757543403782999003e-01, 2.993419196333274024e-01, 2.443321709894886173e-01
2.805354707938237935e-01, 1.757414533602902895e-01, 2.994156142053009950e-01, 2.443074616405848665e-01
2.804993931701811882e-01, 1.757285491898796514e-01, 2.994892960813317351e-01, 2.442827615586073697e-01
2.804633361400422631e-01, 1.757156278759175461e-01, 2.995629652384528829e-01, 2.442580707455873079e-01
2.804272997154808045e-01, 1.757026894272639972e-01, 2.996366216537045823e-01, 2.442333892035506715e-01
2.803912839085576647e-01, 1.756897338527895203e-01, 2.997102653041342490e-01, 2.442087169345186215e-01
2.803552887313218722e-01, 1.756767611613749280e-01, 2.997838961667961821e-01, 2.441840539405071009e-01
2.803193141958096879e-01, 1.756637713619116081e-01, 2.998575142187516751e-01, 2.441594002235269734e-01
2.802833603140449381e-01, 1.756507644633013565e-01, 2.999311194370692935e-01, 2.441347557855844119e-01
2.802474270980390147e-01, 1.756377404744562387e-01, 3.000047117988245970e-01, 2.441101206286801495e-01
2.802115145597907642e-01, 1.756246994042987286e-01, 3.000782912811002512e-01, 2.440854947548102283e-01
2.801756227112868758e-01, 1.756116412617617639e-01, 3.001518578609859156e-01, 2.440608781659655835e-01
2.801397515645011049e-01, 1.755985660557885242e-01, 3.002254115155784664e-01, 2.440362708641319600e-01
2.801039011313948279e-01, 1.755854737953325972e-01, 3.002989522219821072e-01, 2.440116728512904121e-01
2.800680714239174862e-01, 1.755723644893578683e-01, 3.003724799573078141e-01, 2.439870841294168313e-01
2.800322624540050875e-01, 1.755592381468385754e-01, 3.004459946986741126e-01, 2.439625047004822245e-01
2.799964742335819268e-01, 1.755460947767592261e-01, 3.005194964232063559e-01, 2.439379345664524634e-01
2.799607067745593647e-01, 1.755329343881146531e-01, 3.005929851080373916e-01, 2.439133737292885906e-01
2.799249600888362721e-01, 1.755197569899099586e-01, 3.006664607303071168e-01, 2.438888221909466247e-01
2.798892341882991408e-01, 1.755065625911604310e-01, 3.007399232671626454e-01, 2.438642799533777272e-01
2.798535290848219725e-01, 1.754933512008917396e-01, 3.008133726957583076e-01, 2.438397470185280080e-01
2.798178447902658905e-01, 1.754801228281397119e-01, 3.008868089932557610e-01, 2.438152233883385533e-01
2.797821813164798055e-01, 1.754668774819504451e-01, 3.009602321368240463e-01, 2.437907090647457586e-01
2.797465386752999716e-01, 1.754536151713801950e-01, 3.010336421036388654e-01, 2.437662040496808291e-01
2.797109168785501532e-01, 1.754403359054955702e-01, 3.011070388708840806e-01, 2.437417083450701960e-01
2.796753159380412357e-01, 1.754270396933731435e-01, 3.011804224157502707e-01, 2.437172219528352668e-01
2.796397358655718923e-01, 1.754137265440998406e-01, 3.012537927154354533e-01, 2.436927448748928415e-01
2.796041766729281952e-01, 1.754003964667726345e-01, 3.013271497471449734e-01, 2.436682771131543079e-01
2.795686383718832269e-01, 1.753870494704987404e-01, 3.014004934880915587e-01, 2.436438186695265296e-01
2.795331209741979128e-01, 1.753736855643955039e-01, 3.014738239154952648e-01, 2.436193695459113184e-01
2.794976244916204666e-01, 1.753603047575903462e-01, 3.015471410065834190e-01, 2.435949297442057404e-01
2.794621489358863897e-01, 1.753469070592208467e-01, 3.016204447385909537e-01, 2.435704992663018931e-01
2.794266943187187491e-01, 1.753334924784346327e-01, 3.016937350887599623e-01, 2.435460781140867392e-01
2.793912606518276220e-01, 1.753200610243894342e-01, 3.017670120343399209e-01, 2.435216662894429396e-01
2.793558479469108735e-01, 1.753066127062531676e-01, 3.018402755525879666e-01, 2.434972637942478813e-01
2.793204562156537119e-01, 1.752931475332036859e-01, 3.019135256207684526e-01, 2.434728706303741497e-01
2.792850854697283003e-01, 1.752796655144288063e-01, 3.019867622161532816e-01, 2.434484867996895008e-01
2.792497357207944786e-01, 1.752661666591267264e-01, 3.020599853160216841e-01, 2.434241123040570831e-01
2.792144069804995410e-01, 1.752526509765052198e-01, 3.021331948976605508e-01, 2.433997471453347161e-01
2.791790992604779031e-01, 1.752391184757823572e-01, 3.022063909383639890e-01, 2.433753913253757506e-01
2.791438125723511576e-01, 1.752255691661862569e-01, 3.022795734154337666e-01, 2.433510448460287912e-01
2.791085469277285736e-01, 1.752120030569548070e-01, 3.023527423061793118e-01, 2.433267077091373076e-01
2.790733023382066524e-01, 1.751984201573359712e-01, 3.024258975879172140e-01, 2.433023799165402179e-01
2.790380788153690728e-01, 1.751848204765877048e-01, 3.024990392379717785e-01, 2.432780614700714994e-01
2.790028763707869675e-01, 1.751712040239778168e-01, 3.025721672336749157e-01, 2.432537523715603001e-01
2.789676950160187574e-01, 1.751575708087841632e-01, 3.026452815523658635e-01, 2.432294526228311327e-01
2.789325347626100404e-01, 1.751439208402944814e-01, 3.027183821713918532e-01, 2.432051622257036805e-01
2.788973956220937023e-01, 1.751302541278063618e-01, 3.027914690681072218e-01, 2.431808811819926586e-01
2.788622776059903052e-01, 1.751165706806273037e-01, 3.028645422198740778e-01, 2.431566094935082856e-01
2.788271807258069779e-01, 1.751028705080747705e-01, 3.029376016040623565e-01, 2.431323471620558119e-01
2.787921049930387474e-01, 1.750891536194760234e-01, 3.030106471980493210e-01, 2.431080941894358805e-01
2.787570504191676513e-01, 1.750754200241682323e-01, 3.030836789792198949e-01, 2.430838505774442770e-01
2.787220170156628485e-01, 1.750616697314983095e-01, 3.031566969249667731e-01, 2.430596163278720967e-01
2.786870047939811190e-01, 1.750479027508230756e-01, 3.032297010126903114e-01, 2.430353914425056050e-01
2.786520137655661977e-01, 1.750341190915091216e-01, 3.033026912197982483e-01, 2.430111759231264879e-01
2.786170439418490519e-01, 1.750203187629329471e-01, 3.033756675237064826e-01, 2.429869697715114352e-01
2.785820953342482142e-01, 1.750065017744807661e-01, 3.034486299018382960e-01, 2.429627729894327515e-01
2.785471679541688950e-01, 1.749926681355484792e-01, 3.035215783316245752e-01, 2.429385855786579673e-01
2.785122618130040362e-01, 1.749788178555420071e-01, 3.035945127905043117e-01, 2.429144075409496450e-01
2.784773769221336459e-01, 1.749649509438767070e-01, 3.036674332559238243e-01, 2.428902388780658228e-01
2.784425132929247981e-01, 1.749510674099779006e-01, 3.037403397053373699e-01, 2.428660795917599591e-01
2.784076709367317992e-01, 1.749371672632805963e-01, 3.038132321162070881e-01, 2.428419296837805719e-01
2.783728498648962990e-01, 1.749232505132294890e-01, 3.038861104660025569e-01, 2.428177891558717383e-01
2.783380500887470688e-01, 1.749093171692788495e-01, 3.039589747322013480e-01, 2.427936580097727615e-01
2.783032716195999456e-01, 1.748953672408929405e-01, 3.040318248922889710e-01, 2.427695362472181706e-01
2.782685144687582213e-01, 1.748814007375453783e-01, 3.041046609237583187e-01, 2.427454238699380262e-01
2.782337786475121977e-01, 1.748674176687196047e-01, 3.041774828041106660e-01, 2.427213208796576427e-01
2.781990641671391318e-01, 1.748534180439087482e-01, 3.042502905108543931e-01, 2.426972272780975881e-01
2.781643710389039015e-01, 1.748394018726154853e-01, 3.043230840215065403e-01, 2.426731430669740730e-01
2.781296992740582286e-01, 1.748253691643521512e-01, 3.043958633135913083e-01, 2.426490682479984229e-01
2.780950488838407897e-01, 1.748113199286406017e-01, 3.044686283646412805e-01, 2.426250028228773281e-01
2.780604198794780491e-01, 1.747972541750123787e-01, 3.045413791521964786e-01, 2.426009467933130381e-01
2.780258122721830927e-01, 1.747831719130087391e-01, 3.046141156538051953e-01, 2.425769001610030284e-01
2.779912260731562390e-01, 1.747690731521801544e-01, 3.046868378470233840e-01, 2.425528629276403336e-01
2.779566612935848724e-01, 1.747549579020869492e-01, 3.047595457094149918e-01, 2.425288350949131311e-01
2.779221179446437762e-01, 1.747408261722989686e-01, 3.048322392185519591e-01, 2.425048166645053238e-01
2.778875960374946330e-01, 1.747266779723953833e-01, 3.049049183520140538e-01, 2.424808076380958743e-01
2.778530955832861915e-01, 1.747125133119651619e-01, 3.049775830873890370e-01, 2.424568080173596096e-01
2.778186165931543772e-01, 1.746983322006065709e-01, 3.050502334022726081e-01, 2.424328178039663328e-01
2.777841590782224590e-01, 1.746841346479274248e-01, 3.051228692742686266e-01, 2.424088369995815173e-01
2.777497230496002167e-01, 1.746699206635450030e-01, 3.051954906809887791e-01, 2.423848656058660567e-01
2.777153085183851067e-01, 1.746556902570861047e-01, 3.052680976000525237e-01, 2.423609036244762371e-01
2.776809154956613734e-01, 1.746414434381869385e-01, 3.053406900090877563e-01, 2.423369510570639318e-01
2.776465439925002721e-01, 1.746271802164931775e-01, 3.054132678857303107e-01, 2.423130079052762953e-01
2.776121940199603455e-01, 1.746129006016598761e-01, 3.054858312076237925e-01, 2.422890741707560969e-01
2.775778655890870361e-01, 1.745986046033515260e-01, 3.055583799524200783e-01, 2.422651498551413318e-01
2.775435587109129632e-01, 1.745842922312420276e-01, 3.056309140977790384e-01, 2.422412349600659709e-01
2.775092733964577563e-01, 1.745699634950146628e-01, 3.057034336213687586e-01, 2.422173294871589055e-01
2.774750096567279445e-01, 1.745556184043620118e-01, 3.057759385008651520e-01, 2.421934334380447806e-01
2.774407675027175113e-01, 1.745412569689862303e-01, 3.058484287139523472e-01, 2.421695468143439389e-01
2.774065469454068955e-01, 1.745268791985985501e-01, 3.059209042383226329e-01, 2.421456696176718937e-01
2.773723479957639348e-01, 1.745124851029196678e-01, 3.059933650516764581e-01, 2.421218018496398838e-01
2.773381706647435885e-01, 1.744980746916796333e-01, 3.060658111317222652e-01, 2.420979435118544854e-01
2.773040149632875484e-01, 1.744836479746177393e-01, 3.061382424561766569e-01, 2.420740946059180276e-01
2.772698809023246835e-01, 1.744692049614826046e-01, 3.062106590027644515e-01, 2.420502551334282326e-01
2.772357684927708732e-01, 1.744547456620320625e-01, 3.062830607492185719e-01, 2.420264250959783814e-01
2.772016777455288961e-01, 1.744402700860333832e-01, 3.063554476732803789e-01, 2.420026044951573696e-01
2.771676086714885967e-01, 1.744257782432628578e-01, 3.064278197526990044e-01, 2.419787933325495688e-01
2.771335612815268301e-01, 1.744112701435061030e-01, 3.065001769652320185e-01, 2.419549916097350206e-01
2.770995355865074616e-01, 1.743967457965581447e-01, 3.065725192886452066e-01, 2.419311993282891593e-01
2.770655315972812560e-01, 1.743822052122229460e-01, 3.066448467007126255e-01, 2.419074164897831170e-01
2.770315493246860994e-01, 1.743676484003138794e-01, 3.067171591792163809e-01, 2.418836430957837236e-01
2.769975887795466662e-01, 1.743530753706533099e-01, 3.067894567019469609e-01, 2.418598791478530907e-01
2.769636499726746415e-01, 1.743384861330729285e-01, 3.068617392467031801e-01, 2.418361246475491944e-01
2.769297329148687759e-01, 1.743238806974136412e-01, 3.069340067912920134e-01, 2.418123795964255973e-01
2.768958376169146640e-01, 1.743092590735252634e-01, 3.070062593135287066e-01, 2.417886439960313383e-01
2.768619640895850220e-01, 1.742946212712669640e-01, 3.070784967912368324e-01, 2.417649178479111538e-01
2.768281123436392432e-01, 1.742799673005069883e-01, 3.071507192022483457e-01, 2.417412011536054228e-01
2.767942823898238425e-01, 1.742652971711225462e-01, 3.072229265244034169e-01, 2.417174939146501111e-01
2.767604742388722894e-01, 1.742506108930001463e-01, 3.072951187355506542e-01, 2.416937961325769380e-01
2.767266879015050085e-01, 1.742359084760352061e-01, 3.073672958135468258e-01, 2.416701078089129873e-01
2.766929233884289907e-01, 1.742211899301323308e-01, 3.074394577362572489e-01, 2.416464289451813741e-01
2.766591807103387368e-01, 1.742064552652051734e-01, 3.075116044815555116e-01, 2.416227595429005781e-01
2.766254598779151475e-01, 1.741917044911762691e-01, 3.075837360273236953e-01, 2.415990996035849991e-01
2.765917609018262446e-01, 1.741769376179774231e-01, 3.076558523514519305e-01, 2.415754491287443739e-01
2.765580837927270608e-01, 1.741621546555492672e-01, 3.077279534318391740e-01, 2.415518081198844147e-01
2.765244285612594166e-01, 1.741473556138415091e-01, 3.078000392463925428e-01, 2.415281765785065593e-01
2.764907952180519768e-01, 1.741325405028128492e-01, 3.078721097730276468e-01, 2.415045545061075827e-01
2.764571837737202498e-01, 1.741177093324308700e-01, 3.079441649896684785e-01, 2.414809419041803462e-01
2.764235942388669209e-01, 1.741028621126722853e-01, 3.080162048742476344e-01, 2.414573387742132426e-01
2.763900266240810755e-01, 1.740879988535226630e-01, 3.080882294047058712e-01, 2.414337451176903626e-01
2.763564809399392530e-01, 1.740731195649764251e-01, 3.081602385589927162e-01, 2.414101609360916334e-01
2.763229571970043930e-01, 1.740582242570370419e-01, 3.082322323150660237e-01, 2.413865862308925414e-01
2.762894554058265006e-01, 1.740433129397168655e-01, 3.083042106508920854e-01, 2.413630210035645762e-01
2.762559755769423697e-01, 1.740283856230370185e-01, 3.083761735444459084e-01, 2.413394652555746478e-01
2.762225177208758597e-01, 1.740134423170277000e-01, 3.084481209737107155e-01, 2.413159189883856970e-01
2.761890818481372856e-01, 1.739984830317278519e-01, 3.085200529166786110e-01, 2.412923822034563626e-01
2.761556679692241389e-01, 1.739835077771852700e-01, 3.085919693513498041e-01, 2.412688549022408147e-01
2.761222760946206445e-01, 1.739685165634566322e-01, 3.086638702557333858e-01, 2.412453370861893376e-01
2.760889062347977596e-01, 1.739535094006073868e-01, 3.087357556078469401e-01, 2.412218287567478303e-01
2.760555584002134522e-01, 1.739384862987119196e-01, 3.088076253857165998e-01, 2.411983299153579452e-01
2.760222326013126448e-01, 1.739234472678532484e-01, 3.088794795673768800e-01, 2.411748405634572268e-01
2.759889288485264935e-01, 1.739083923181232727e-01, 3.089513181308711776e-01, 2.411513607024790284e-01
2.759556471522734977e-01, 1.738933214596227184e-01, 3.090231410542513824e-01, 2.411278903338522905e-01
2.759223875229589451e-01, 1.738782347024609432e-01, 3.090949483155780442e-01, 2.411044294590021231e-01
2.758891499709745787e-01, 1.738631320567561034e-01, 3.091667398929200949e-01, 2.410809780793491952e-01
2.758559345066993740e-01, 1.738480135326351261e-01, 3.092385157643554039e-01, 2.410575361963101237e-01
2.758227411404987617e-01, 1.738328791402336260e-01, 3.093102759079703890e-01, 2.410341038112972789e-01
2.757895698827250719e-01, 1.738177288896958494e-01, 3.093820203018599613e-01, 2.410106809257190341e-01
2.757564207437177561e-01, 1.738025627911749249e-01, 3.094537489241279138e-01, 2.409872675409794329e-01
2.757232937338023326e-01, 1.737873808548324739e-01, 3.095254617528867547e-01, 2.409638636584785221e-01
2.756901888632916631e-01, 1.737721830908388609e-01, 3.095971587662574298e-01, 2.409404692796121017e-01
2.756571061424852864e-01, 1.737569695093730548e-01, 3.096688399423697668e-01, 2.409170844057719474e-01
2.756240455816694190e-01, 1.737417401206227674e-01, 3.097405052593621977e-01, 2.408937090383455326e-01
2.755910071911170656e-01, 1.737264949347842591e-01, 3.098121546953820360e-01, 2.408703431787167226e-01
2.755579909810879635e-01, 1.737112339620623946e-01, 3.098837882285851442e-01, 2.408469868282644699e-01
2.755249969618287498e-01, 1.736959572126706708e-01, 3.099554058371362664e-01, 2.408236399883643963e-01
2.754920251435725720e-01, 1.736806646968310774e-01, 3.100270074992086955e-01, 2.408003026603875718e-01
2.754590755365396437e-01, 1.736653564247743475e-01, 3.100985931929848283e-01, 2.407769748457011527e-01
2.754261481509365228e-01, 1.736500324067395962e-01, 3.101701628966555546e-01, 2.407536565456682154e-01
2.753932429969567774e-01, 1.736346926529746260e-01, 3.102417165884207573e-01, 2.407303477616477561e-01
2.753603600847807087e-01, 1.736193371737355939e-01, 3.103132542464888677e-01, 2.407070484949948019e-01
2.753274994245751839e-01, 1.736039659792874279e-01, 3.103847758490773656e-01, 2.406837587470601059e-01
2.752946610264940253e-01, 1.735885790799031880e-01, 3.104562813744122241e-01, 2.406604785191905627e-01
2.752618449006775658e-01, 1.735731764858648996e-01, 3.105277708007285753e-01, 2.406372078127288761e-01
2.752290510572528714e-01, 1.735577582074626368e-01, 3.105992441062705445e-01, 2.406139466290140028e-01
2.751962795063339073e-01, 1.735423242549951894e-01, 3.106707012692903613e-01, 2.405906949693805141e-01
2.751635302580210940e-01, 1.735268746387696737e-01, 3.107421422680499146e-01, 2.405674528351592623e-01
2.751308033224018623e-01, 1.735114093691016712e-01, 3.108135670808195306e-01, 2.405442202276769081e-01
2.750980987095499319e-01, 1.734959284563152848e-01, 3.108849756858785840e-01, 2.405209971482561992e-01
2.750654164295260329e-01, 1.734804319107428328e-01, 3.109563680615152204e-01, 2.404977835982159140e-01
2.750327564923774615e-01, 1.734649197427252099e-01, 3.110277441860265779e-01, 2.404745795788706952e-01
2.750001189081383579e-01, 1.734493919626114988e-01, 3.110991040377187322e-01, 2.404513850915314388e-01
2.749675036868292621e-01, 1.734338485807593588e-01, 3.111704475949065851e-01, 2.404282001375048217e-01
2.749349108384576135e-01, 1.734182896075347202e-01, 3.112417748359139757e-01, 2.404050247180937183e-01
2.749023403730173620e-01, 1.734027150533118400e-01, 3.113130857390737916e-01, 2.403818588345970897e-01
2.748697923004893018e-01, 1.733871249284732186e-01, 3.113843802827278018e-01, 2.403587024883097056e-01
2.748372666308407930e-01, 1.733715192434097940e-01, 3.114556584452267685e-01, 2.403355556805227000e-01
2.748047633740258178e-01, 1.733558980085207757e-01, 3.115269202049303909e-01, 2.403124184125230156e-01
2.747722825399851465e-01, 1.733402612342136440e-01, 3.115981655402072503e-01, 2.402892906855938204e-01
2.747398241386460049e-01, 1.733246089309041782e-01, 3.116693944294353646e-01, 2.402661725010143967e-01
2.747073881799225736e-01, 1.733089411090163734e-01, 3.117406068510011341e-01, 2.402430638600599466e-01
2.746749746737151554e-01, 1.732932577789824402e-01, 3.118118027833004513e-01, 2.402199647640018698e-01
2.746425836299113410e-01, 1.732775589512428605e-01, 3.118829822047380351e-01, 2.401968752141076802e-01
2.746102150583848989e-01, 1.732618446362464704e-01, 3.119541450937277083e-01, 2.401737952116409225e-01
2.745778689689963303e-01, 1.732461148444500443e-01, 3.120252914286922308e-01, 2.401507247578614501e-01
2.745455453715927030e-01, 1.732303695863187110e-01, 3.120964211880634664e-01, 2.401276638540250086e-01
2.745132442760080393e-01, 1.732146088723257316e-01, 3.121675343502824940e-01, 2.401046125013837074e-01
2.744809656920625396e-01, 1.731988327129526384e-01, 3.122386308937993293e-01, 2.400815707011854094e-01
2.744487096295633033e-01, 1.731830411186889296e-01, 3.123097107970730368e-01, 2.400585384546746193e-01
2.744164760983039963e-01, 1.731672341000323745e-01, 3.123807740385719511e-01, 2.400355157630917058e-01
2.743842651080647954e-01, 1.731514116674887360e-01, 3.124518205967731777e-01, 2.400125026276732354e-01
2.743520766686123880e-01, 1.731355738315721038e-01, 3.125228504501634808e-01, 2.399894990496519165e-01
2.743199107897004718e-01, 1.731197206028043944e-01, 3.125938635772382845e-01, 2.399665050302568770e-01
2.742877674810689226e-01, 1.731038519917157958e-01, 3.126648599565022280e-01, 2.399435205707129981e-01
2.742556467524444042e-01, 1.730879680088445172e-01, 3.127358395664692758e-01, 2.399205456722417473e-01
2.742235486135400357e-01, 1.730720686647368167e-01, 3.128068023856624968e-01, 2.398975803360605952e-01
2.741914730740558359e-01, 1.730561539699469742e-01, 3.128777483926139524e-01, 2.398746245633832652e-01
2.741594201436778899e-01, 1.730402239350372628e-01, 3.129486775658651965e-01, 2.398516783554196508e-01
2.741273898320792934e-01, 1.730242785705780051e-01, 3.130195898839666646e-01, 2.398287417133760646e-01
2.740953821489195419e-01, 1.730083178871476557e-01, 3.130904853254780629e-01, 2.398058146384547673e-01
2.740633971038446415e-01, 1.729923418953324132e-01, 3.131613638689685342e-01, 2.397828971318544944e-01
2.740314347064873868e-01, 1.729763506057265532e-01, 3.132322254930161032e-01, 2.397599891947699569e-01
2.739994949664669166e-01, 1.729603440289324279e-01, 3.133030701762082870e-01, 2.397370908283924240e-01
2.739675778933889361e-01, 1.729443221755601334e-01, 3.133738978971416511e-01, 2.397142020339092516e-01
2.739356834968458831e-01, 1.729282850562277873e-01, 3.134447086344221978e-01, 2.396913228125041595e-01
2.739038117864165400e-01, 1.729122326815614175e-01, 3.135155023666650331e-01, 2.396684531653570094e-01
2.738719627716662552e-01, 1.728961650621950452e-01, 3.135862790724945892e-01, 2.396455930936440826e-01
2.738401364621471656e-01, 1.728800822087704359e-01, 3.136570387305445129e-01, 2.396227425985378301e-01
2.738083328673976968e-01, 1.728639841319372927e-01, 3.137277813194577769e-01, 2.395999016812071503e-01
2.737765519969428962e-01, 1.728478708423531740e-01, 3.137985068178868464e-01, 2.395770703428171111e-01
2.737447938602941000e-01, 1.728317423506835482e-01, 3.138692152044932349e-01, 2.395542485845290614e-01
2.737130584669497657e-01, 1.728155986676015998e-01, 3.139399064579476706e-01, 2.395314364075009639e-01
2.736813458263941401e-01, 1.727994398037884516e-01, 3.140105805569305963e-01, 2.395086338128868120e-01
2.736496559480986468e-01, 1.727832657699329144e-01, 3.140812374801314477e-01, 2.394858408018369911e-01
2.736179888415207762e-01, 1.727670765767317096e-01, 3.141518772062492637e-01, 2.394630573754983061e-01
2.735863445161047514e-01, 1.727508722348892745e-01, 3.142224997139922427e-01, 2.394402835350138425e-01
2.735547229812811398e-01, 1.727346527551177624e-01, 3.142931049820779088e-01, 2.394175192815231334e-01
2.735231242464672419e-01, 1.727184181481372927e-01, 3.143636929892333898e-01, 2.393947646161620479e-01
2.734915483210668130e-01, 1.727021684246753952e-01, 3.144342637141951391e-01, 2.393720195400627360e-01
2.734599952144696200e-01, 1.726859035954676491e-01, 3.145048171357088806e-01, 2.393492840543538502e-01
2.734284649360528285e-01, 1.726696236712570720e-01, 3.145753532325297197e-01, 2.393265581601604630e-01
2.733969574951793935e-01, 1.726533286627945640e-01, 3.146458719834221429e-01, 2.393038418586038163e-01
2.733654729011988915e-01, 1.726370185808386304e-01, 3.147163733671605179e-01, 2.392811351508019047e-01
2.733340111634476877e-01, 1.726206934361554923e-01, 3.147868573625279831e-01, 2.392584380378688647e-01
2.733025722912481026e-01, 1.726043532395189484e-01, 3.148573239483175579e-01, 2.392357505209152524e-01
2.732711562939094674e-01, 1.725879980017105964e-01, 3.149277731033316430e-01, 2.392130726010482933e-01
2.732397631807274019e-01, 1.725716277335193616e-01, 3.149982048063817985e-01, 2.391904042793714658e-01
2.732083929609837591e-01, 1.725552424457421907e-01, 3.150686190362894656e-01, 2.391677455569846400e-01
2.731770456439471251e-01, 1.725388421491832192e-01, 3.151390157718853557e-01, 2.391450964349843000e-01
2.731457212388725408e-01, 1.725224268546544926e-01, 3.152093949920097282e-01, 2.391224569144632384e-01
2.731144197550014474e-01, 1.725059965729754952e-01, 3.152797566755121683e-01, 2.390998269965109724e-01
2.730831412015615189e-01, 1.724895513149732884e-01, 3.153501008012520312e-01, 2.390772066822131336e-01
2.730518855877673845e-01, 1.724730910914824000e-01, 3.154204273480980536e-01, 2.390545959726521064e-01
2.730206529228198509e-01, 1.724566159133450183e-01, 3.154907362949284644e-01, 2.390319948689067220e-01
2.729894432159060691e-01, 1.724401257914107977e-01, 3.155610276206310405e-01, 2.390094033720521483e-01
2.729582564761998120e-01, 1.724236207365368034e-01, 3.156313013041031623e-01, 2.389868214831602777e-01
2.729270927128610857e-01, 1.724071007595878169e-01, 3.157015573242516471e-01, 2.389642492032993670e-01
2.728959519350366292e-01, 1.723905658714358635e-01, 3.157717956599930820e-01, 2.389416865335343421e-01
2.728648341518594700e-01, 1.723740160829606016e-01, 3.158420162902534356e-01, 2.389191334749264928e-01
2.728337393724488691e-01, 1.723574514050489892e-01, 3.159122191939683355e-01, 2.388965900285337507e-01
2.728026676059110422e-01, 1.723408718485955338e-01, 3.159824043500829016e-01, 2.388740561954104946e-01
2.727716188613379389e-01, 1.723242774245021258e-01, 3.160525717375519683e-01, 2.388515319766080225e-01
2.727405931478085188e-01, 1.723076681436780389e-01, 3.161227213353398069e-01, 2.388290173731735522e-01
2.727095904743879196e-01, 1.722910440170399848e-01, 3.161928531224206806e-01, 2.388065123861513317e-01
2.726786108501277339e-01, 1.722744050555120865e-01, 3.162629670777780677e-01, 2.387840170165821396e-01
2.726476542840658435e-01, 1.722577512700256830e-01, 3.163330631804052162e-01, 2.387615312655032296e-01
2.726167207852266960e-01, 1.722410826715196908e-01, 3.164031414093050887e-01, 2.387390551339485245e-01
2.725858103626211393e-01, 1.722243992709401039e-01, 3.164732017434902511e-01, 2.387165886229484779e-01
2.725549230252463651e-01, 1.722077010792404661e-01, 3.165432441619828730e-01, 2.386941317335302959e-01
2.725240587820859650e-01, 1.721909881073815651e-01, 3.166132686438148935e-01, 2.386716844667175763e-01
2.724932176421098751e-01, 1.721742603663314053e-01, 3.166832751680279667e-01, 2.386492468235307529e-01
2.724623996142747639e-01, 1.721575178670653739e-01, 3.167532637136730722e-01, 2.386268188049868177e-01
2.724316047075231451e-01, 1.721407606205660468e-01, 3.168232342598114593e-01, 2.386044004120992656e-01
2.724008329307843757e-01, 1.721239886378233830e-01, 3.168931867855137030e-01, 2.385819916458785384e-01
2.723700842929741017e-01, 1.721072019298344191e-01, 3.169631212698600375e-01, 2.385595925073314416e-01
2.723393588029940915e-01, 1.720904005076035193e-01, 3.170330376919408000e-01, 2.385372029974615615e-01
2.723086564697328460e-01, 1.720735843821422917e-01, 3.171029360308555978e-01, 2.385148231172692090e-01
2.722779773020651550e-01, 1.720567535644694224e-01, 3.171728162657140304e-01, 2.384924528677513922e-01
2.722473213088519306e-01, 1.720399080656108970e-01, 3.172426783756355229e-01, 2.384700922499016496e-01
2.722166884989407065e-01, 1.720230478965998899e-01, 3.173125223397491035e-01, 2.384477412647103001e-01
2.721860788811655274e-01, 1.720061730684765977e-01, 3.173823481371935706e-01, 2.384253999131644153e-01
2.721554924643462825e-01, 1.719892835922884611e-01, 3.174521557471174926e-01, 2.384030681962477638e-01
2.721249292572898715e-01, 1.719723794790901095e-01, 3.175219451486793742e-01, 2.383807461149407281e-01
2.720943892687889276e-01, 1.719554607399431112e-01, 3.175917163210473237e-01, 2.383584336702205264e-01
2.720638725076230391e-01, 1.719385273859163621e-01, 3.176614692433994414e-01, 2.383361308630610742e-01
2.720333789825576942e-01, 1.719215794280856413e-01, 3.177312038949234863e-01, 2.383138376944332060e-01
2.720029087023450587e-01, 1.719046168775339167e-01, 3.178009202548170431e-01, 2.382915541653040092e-01
2.719724616757234203e-01, 1.718876397453512339e-01, 3.178706183022874110e-01, 2.382692802766380458e-01
2.719420379114173558e-01, 1.718706480426345773e-01, 3.179402980165521586e-01, 2.382470160293959638e-01
2.719116374181381746e-01, 1.718536417804880645e-01, 3.180099593768380695e-01, 2.382247614245356360e-01
2.718812602045830862e-01, 1.718366209700229186e-01, 3.180796023623825297e-01, 2.382025164630115488e-01
2.718509062794359221e-01, 1.718195856223571349e-01, 3.181492269524320293e-01, 2.381802811457748859e-01
2.718205756513668025e-01, 1.718025357486158700e-01, 3.182188331262434389e-01, 2.381580554737739441e-01
2.717902683290320809e-01, 1.717854713599311356e-01, 3.182884208630832878e-01, 2.381358394479534957e-01
2.717599843210744548e-01, 1.717683924674421325e-01, 3.183579901422280423e-01, 2.381136330692553149e-01
2.717297236361231882e-01, 1.717512990822947505e-01, 3.184275409429641601e-01, 2.380914363386178734e-01
2.716994862827935009e-01, 1.717341912156420403e-01, 3.184970732445877584e-01, 2.380692492569766450e-01
2.716692722696872342e-01, 1.717170688786438248e-01, 3.185665870264051680e-01, 2.380470718252638007e-01
2.716390816053924628e-01, 1.716999320824668662e-01, 3.186360822677324345e-01, 2.380249040444084030e-01
2.716089142984834948e-01, 1.716827808382848375e-01, 3.187055589478954287e-01, 2.380027459153362945e-01
2.715787703575209822e-01, 1.716656151572783506e-01, 3.187750170462304022e-01, 2.379805974389704037e-01
2.715486497910521435e-01, 1.716484350506347623e-01, 3.188444565420829879e-01, 2.379584586162301896e-01
2.715185526076101530e-01, 1.716312405295484234e-01, 3.189138774148091438e-01, 2.379363294480323909e-01
2.714884788157145845e-01, 1.716140316052204018e-01, 3.189832796437747642e-01, 2.379142099352903050e-01
2.714584284238714118e-01, 1.715968082888587321e-01, 3.190526632083555691e-01, 2.378921000789142870e-01
2.714284014405730083e-01, 1.715795705916780822e-01, 3.191220280879373261e-01, 2.378699998798115556e-01
2.713983978742978698e-01, 1.715623185249001148e-01, 3.191913742619158501e-01, 2.378479093388862764e-01
2.713684177335107250e-01, 1.715450520997531259e-01, 3.192607017096967259e-01, 2.378258284570393954e-01
2.713384610266629249e-01, 1.715277713274722116e-01, 3.193300104106959747e-01, 2.378037572351689166e-01
2.713085277621917757e-01, 1.715104762192992682e-01, 3.193993003443391099e-01, 2.377816956741698740e-01
2.712786179485210947e-01, 1.714931667864829645e-01, 3.194685714900619700e-01, 2.377596437749339986e-01
2.712487315940607657e-01, 1.714758430402786027e-01, 3.195378238273104410e-01, 2.377376015383501351e-01
2.712188687072072946e-01, 1.714585049919482573e-01, 3.196070573355402900e-01, 2.377155689653041581e-01
2.711890292963431426e-01, 1.714411526527607477e-01, 3.196762719942174980e-01, 2.376935460566786118e-01
2.711592133698373375e-01, 1.714237860339914432e-01, 3.197454677828178160e-01, 2.376715328133534033e-01
2.711294209360449736e-01, 1.714064051469225691e-01, 3.198146446808273757e-01, 2.376495292362050815e-01
2.710996520033075452e-01, 1.713890100028429009e-01, 3.198838026677421897e-01, 2.376275353261073919e-01
2.710699065799526686e-01, 1.713716006130478475e-01, 3.199529417230684292e-01, 2.376055510839310547e-01
2.710401846742943599e-01, 1.713541769888395350e-01, 3.200220618263223127e-01, 2.375835765105438757e-01
2.710104862946330351e-01, 1.713367391415265284e-01, 3.200911629570300510e-01, 2.375616116068103578e-01
2.709808114492552877e-01, 1.713192870824242764e-01, 3.201602450947281242e-01, 2.375396563735923117e-01
2.709511601464337782e-01, 1.713018208228546113e-01, 3.202293082189629492e-01, 2.375177108117485780e-01
2.709215323944275111e-01, 1.712843403741460546e-01, 3.202983523092914342e-01, 2.374957749221349723e-01
2.708919282014821683e-01, 1.712668457476335671e-01, 3.203673773452800910e-01, 2.374738487056043679e-01
2.708623475758289989e-01, 1.712493369546586874e-01, 3.204363833065057010e-01, 2.374519321630065571e-01
2.708327905256860402e-01, 1.712318140065696714e-01, 3.205053701725554816e-01, 2.374300252951888068e-01
2.708032570592574517e-01, 1.712142769147209920e-01, 3.205743379230265311e-01, 2.374081281029949142e-01
2.707737471847336264e-01, 1.711967256904740053e-01, 3.206432865375261620e-01, 2.373862405872661785e-01
2.707442609102913011e-01, 1.711791603451962018e-01, 3.207122159956717899e-01, 2.373643627488407903e-01
2.707147982440930578e-01, 1.711615808902617331e-01, 3.207811262770912109e-01, 2.373424945885540538e-01
2.706853591942883219e-01, 1.711439873370511622e-01, 3.208500173614220463e-01, 2.373206361072384973e-01
2.706559437690123637e-01, 1.711263796969515749e-01, 3.209188892283124650e-01, 2.372987873057236241e-01
2.706265519763868532e-01, 1.711087579813564408e-01, 3.209877418574205721e-01, 2.372769481848361894e-01
2.705971838245196937e-01, 1.710911222016656685e-01, 3.210565752284146868e-01, 2.372551187453998955e-01
2.705678393215049660e-01, 1.710734723692856063e-01, 3.211253893209737309e-01, 2.372332989882356691e-01
2.705385184754231509e-01, 1.710558084956288749e-01, 3.211941841147861743e-01, 2.372114889141617999e-01
2.705092212943406293e-01, 1.710381305921146455e-01, 3.212629595895512558e-01, 2.371896885239934416e-01
2.704799477863105150e-01, 1.710204386701684176e-01, 3.213317157249781508e-01, 2.371678978185429720e-01
2.704506979593717109e-01, 1.710027327412219356e-01, 3.214004525007863600e-01, 2.371461167986200491e-01
2.704214718215495195e-01, 1.709850128167133831e-01, 3.214691698967057643e-01, 2.371243454650314164e-01
2.703922693808555322e-01, 1.709672789080872446e-01, 3.215378678924761813e-01, 2.371025838185810142e-01
2.703630906452874627e-01, 1.709495310267943602e-01, 3.216065464678480312e-01, 2.370808318600701181e-01
2.703339356228294799e-01, 1.709317691842918430e-01, 3.216752056025818374e-01, 2.370590895902969786e-01
2.703048043214514862e-01, 1.709139933920430232e-01, 3.217438452764483370e-01, 2.370373570100571259e-01
2.702756967491102835e-01, 1.708962036615175872e-01, 3.218124654692286479e-01, 2.370156341201435368e-01
2.702466129137482964e-01, 1.708784000041915496e-01, 3.218810661607141022e-01, 2.369939209213460796e-01
2.702175528232945156e-01, 1.708605824315468924e-01, 3.219496473307065232e-01, 2.369722174144521243e-01
2.701885164856638877e-01, 1.708427509550721757e-01, 3.220182089590178376e-01, 2.369505236002460713e-01
2.701595039087579253e-01, 1.708249055862619548e-01, 3.220867510254701860e-01, 2.369288394795099340e-01
2.701305151004641525e-01, 1.708070463366170855e-01, 3.221552735098963671e-01, 2.369071650530224504e-01
2.701015500686561599e-01, 1.707891732176445299e-01, 3.222237763921392828e-01, 2.368855003215600830e-01
2.700726088211940490e-01, 1.707712862408574117e-01, 3.222922596520521044e-01, 2.368638452858964072e-01
2.700436913659238769e-01, 1.707533854177752664e-01, 3.223607232694986613e-01, 2.368421999468023342e-01
2.700147977106781005e-01, 1.707354707599233745e-01, 3.224291672243527196e-01, 2.368205643050458609e-01
2.699859278632752435e-01, 1.707175422788334840e-01, 3.224975914964986479e-01, 2.367989383613925969e-01
2.699570818315201182e-01, 1.706995999860433100e-01, 3.225659960658313063e-01, 2.367773221166053210e-01
2.699282596232037701e-01, 1.706816438930967017e-01, 3.226343809122554362e-01, 2.367557155714440642e-01
2.698994612461032561e-01, 1.706636740115436146e-01, 3.227027460156867145e-01, 2.367341187266663871e-01
2.698706867079821436e-01, 1.706456903529400826e-01, 3.227710913560509209e-01, 2.367125315830269638e-01
2.698419360165898451e-01, 1.706276929288481070e-01, 3.228394169132841607e-01, 2.366909541412778872e-01
2.698132091796622278e-01, 1.706096817508359342e-01, 3.229077226673330858e-01, 2.366693864021686966e-01
2.697845062049212816e-01, 1.705916568304776948e-01, 3.229760085981547846e-01, 2.366478283664461557e-01
2.697558271000751740e-01, 1.705736181793535700e-01, 3.230442746857166703e-01, 2.366262800348545858e-01
2.697271718728181944e-01, 1.705555658090497362e-01, 3.231125209099964812e-01, 2.366047414081354772e-01
2.696985405308309769e-01, 1.705374997311585317e-01, 3.231807472509826695e-01, 2.365832124870278774e-01
2.696699330817801665e-01, 1.705194199572779845e-01, 3.232489536886737902e-01, 2.365616932722680310e-01
2.696413495333189192e-01, 1.705013264990122845e-01, 3.233171402030790564e-01, 2.365401837645898786e-01
2.696127898930861244e-01, 1.704832193679715890e-01, 3.233853067742180065e-01, 2.365186839647243355e-01
2.695842541687071270e-01, 1.704650985757718562e-01, 3.234534533821207813e-01, 2.364971938734002910e-01
2.695557423677934494e-01, 1.704469641340351505e-01, 3.235215800068278469e-01, 2.364757134913435810e-01
2.695272544979427365e-01, 1.704288160543892539e-01, 3.235896866283901607e-01, 2.364542428192777657e-01
2.694987905667388661e-01, 1.704106543484680270e-01, 3.236577732268692831e-01, 2.364327818579238794e-01
2.694703505817517275e-01, 1.703924790279110757e-01, 3.237258397823371547e-01, 2.364113306080000421e-01
2.694419345505377206e-01, 1.703742901043639735e-01, 3.237938862748760416e-01, 2.363898890702222089e-01
2.694135424806391454e-01, 1.703560875894780946e-01, 3.238619126845790341e-01, 2.363684572453037258e-01
2.693851743795843690e-01, 1.703378714949106698e-01, 3.239299189915496036e-01, 2.363470351339553299e-01
2.693568302548884907e-01, 1.703196418323247030e-01, 3.239979051759014905e-01, 2.363256227368852602e-01
2.693285101140520665e-01, 1.703013986133891378e-01, 3.240658712177593714e-01, 2.363042200547993688e-01
2.693002139645623849e-01, 1.702831418497786908e-01, 3.241338170972580812e-01, 2.362828270884008153e-01
2.692719418138925236e-01, 1.702648715531737411e-01, 3.242017427945432240e-01, 2.362614438383904281e-01
2.692436936695020155e-01, 1.702465877352606349e-01, 3.242696482897708399e-01, 2.362400703054665929e-01
2.692154695388363495e-01, 1.702282904077311865e-01, 3.243375335631074607e-01, 2.362187064903250311e-01
2.691872694293272472e-01, 1.702099795822833439e-01, 3.244053985947302765e-01, 2.361973523936591324e-01
2.691590933483926640e-01, 1.701916552706204122e-01, 3.244732433648270242e-01, 2.361760080161598996e-01
2.691309413034366216e-01, 1.701733174844516916e-01, 3.245410678535959881e-01, 2.361546733585156987e-01
2.691028133018494306e-01, 1.701549662354920611e-01, 3.246088720412458883e-01, 2.361333484214126477e-01
2.690747093510072463e-01, 1.701366015354621175e-01, 3.246766559079963255e-01, 2.361120332055342552e-01
2.690466294582729567e-01, 1.701182233960880641e-01, 3.247444194340771140e-01, 2.360907277115618375e-01
2.690185736309950726e-01, 1.700998318291019051e-01, 3.248121625997288930e-01, 2.360694319401741015e-01
2.689905418765085043e-01, 1.700814268462411405e-01, 3.248798853852030155e-01, 2.360481458920473952e-01
2.689625342021341181e-01, 1.700630084592490987e-01, 3.249475877707610483e-01, 2.360268695678556794e-01
2.689345506151793463e-01, 1.700445766798745206e-01, 3.250152697366755494e-01, 2.360056029682706391e-01
2.689065911229373551e-01, 1.700261315198718370e-01, 3.250829312632293466e-01, 2.359843460939614612e-01
2.688786557326875992e-01, 1.700076729910011131e-01, 3.251505723307163143e-01, 2.359630989455948902e-01
2.688507444516957667e-01, 1.699892011050280205e-01, 3.252181929194407073e-01, 2.359418615238354777e-01
2.688228572872136679e-01, 1.699707158737236712e-01, 3.252857930097172723e-01, 2.359206338293454441e-01
2.687949942464791797e-01, 1.699522173088647559e-01, 3.253533725818715805e-01, 2.358994158627844007e-01
2.687671553367163568e-01, 1.699337054222337384e-01, 3.254209316162400278e-01, 2.358782076248099602e-01
2.687393405651355427e-01, 1.699151802256181898e-01, 3.254884700931692243e-01, 2.358570091160771265e-01
2.687115499389330364e-01, 1.698966417308114818e-01, 3.255559879930167710e-01, 2.358358203372387663e-01
2.686837834652913148e-01, 1.698780899496125374e-01, 3.256234852961509274e-01, 2.358146412889453314e-01
2.686560411513791435e-01, 1.698595248938254698e-01, 3.256909619829504443e-01, 2.357934719718449701e-01
2.686283230043512438e-01, 1.698409465752601377e-01, 3.257584180338048974e-01, 2.357723123865837767e-01
2.686006290313486811e-01, 1.698223550057316733e-01, 3.258258534291144648e-01, 2.357511625338050976e-01
2.685729592394983656e-01, 1.698037501970609542e-01, 3.258932681492902605e-01, 2.357300224141505030e-01
2.685453136359136628e-01, 1.697851321610737707e-01, 3.259606621747537236e-01, 2.357088920282588707e-01
2.685176922276938383e-01, 1.697665009096017419e-01, 3.260280354859371177e-01, 2.356877713767672189e-01
2.684900950219246130e-01, 1.697478564544818713e-01, 3.260953880632836421e-01, 2.356666604603099013e-01
2.684625220256774969e-01, 1.697291988075562419e-01, 3.261627198872469324e-01, 2.356455592795192733e-01
2.684349732460103444e-01, 1.697105279806726819e-01, 3.262300309382915042e-01, 2.356244678350255528e-01
2.684074486899669099e-01, 1.696918439856840988e-01, 3.262973211968925868e-01, 2.356033861274565155e-01
2.683799483645772921e-01, 1.696731468344488958e-01, 3.263645906435361788e-01, 2.355823141574377444e-01
2.683524722768578785e-01, 1.696544365388307218e-01, 3.264318392587187700e-01, 2.355612519255926851e-01
2.683250204338108458e-01, 1.696357131106986105e-01, 3.264990670229478975e-01, 2.355401994325425630e-01
2.682975928424247702e-01, 1.696169765619269520e-01, 3.265662739167418671e-01, 2.355191566789064939e-01
2.682701895096741285e-01, 1.695982269043952440e-01, 3.266334599206293654e-01, 2.354981236653013454e-01
2.682428104425196858e-01, 1.695794641499883404e-01, 3.267006250151504587e-01, 2.354771003923416262e-01
2.682154556479082186e-01, 1.695606883105964802e-01, 3.267677691808552609e-01, 2.354560868606400126e-01
2.681881251327729032e-01, 1.695418993981150368e-01, 3.268348923983053211e-01, 2.354350830708067666e-01
2.681608189040326495e-01, 1.695230974244446021e-01, 3.269019946480725136e-01, 2.354140890234501238e-01
2.681335369685928782e-01, 1.695042824014910410e-01, 3.269690759107398148e-01, 2.353931047191762660e-01
2.681062793333448546e-01, 1.694854543411654368e-01, 3.270361361669007483e-01, 2.353721301585889880e-01
2.680790460051660773e-01, 1.694666132553839522e-01, 3.271031753971597733e-01, 2.353511653422901695e-01
2.680518369909202780e-01, 1.694477591560680507e-01, 3.271701935821322293e-01, 2.353302102708794419e-01
2.680246522974571444e-01, 1.694288920551443589e-01, 3.272371907024440585e-01, 2.353092649449543827e-01
2.679974919316125415e-01, 1.694100119645445546e-01, 3.273041667387321940e-01, 2.352883293651106267e-01
2.679703559002084567e-01, 1.693911188962056447e-01, 3.273711216716444494e-01, 2.352674035319414214e-01
2.679432442100531109e-01, 1.693722128620695488e-01, 3.274380554818392408e-01, 2.352464874460381272e-01
2.679161568679405692e-01, 1.693532938740833771e-01, 3.275049681499858645e-01, 2.352255811079900782e-01
2.678890938806515187e-01, 1.693343619441993464e-01, 3.275718596567647189e-01, 2.352046845183844437e-01
2.678620552549521028e-01, 1.693154170843747808e-01, 3.276387299828668054e-01, 2.351837976778063388e-01
2.678350409975951418e-01, 1.692964593065720558e-01, 3.277055791089940051e-01, 2.351629205868387418e-01
2.678080511153194121e-01, 1.692774886227585984e-01, 3.277724070158591907e-01, 2.351420532460627988e-01
2.677810856148496454e-01, 1.692585050449068873e-01, 3.278392136841858928e-01, 2.351211956560575467e-01
2.677541445028969180e-01, 1.692395085849943692e-01, 3.279059990947087444e-01, 2.351003478173998851e-01
2.677272277861583172e-01, 1.692204992550035980e-01, 3.279727632281730920e-01, 2.350795097306650205e-01
2.677003354713169969e-01, 1.692014770669220958e-01, 3.280395060653352735e-01, 2.350586813964256061e-01
2.676734675650424000e-01, 1.691824420327423251e-01, 3.281062275869623956e-01, 2.350378628152529070e-01
2.676466240739899805e-01, 1.691633941644617722e-01, 3.281729277738325012e-01, 2.350170539877157461e-01
2.676198050048010924e-01, 1.691443334740828919e-01, 3.282396066067346241e-01, 2.349962549143813362e-01
2.675930103641037117e-01, 1.691252599736130235e-01, 3.283062640664687337e-01, 2.349754655958145588e-01
2.675662401585115480e-01, 1.691061736750645583e-01, 3.283729001338454023e-01, 2.349546860325785469e-01
2.675394943946245441e-01, 1.690870745904546335e-01, 3.284395147896863598e-01, 2.349339162252343793e-01
2.675127730790287095e-01, 1.690679627318054656e-01, 3.285061080148243828e-01, 2.349131561743414698e-01
2.674860762182961760e-01, 1.690488381111440175e-01, 3.285726797901029617e-01, 2.348924058804568726e-01
2.674594038189853640e-01, 1.690297007405022756e-01, 3.286392300963764668e-01, 2.348716653441360325e-01
2.674327558876404831e-01, 1.690105506319168893e-01, 3.287057589145103709e-01, 2.348509345659322567e-01
2.674061324307920873e-01, 1.689913877974296152e-01, 3.287722662253811379e-01, 2.348302135463971319e-01
2.673795334549569080e-01, 1.689722122490868172e-01, 3.288387520098760564e-01, 2.348095022860802461e-01
2.673529589666376327e-01, 1.689530239989397442e-01, 3.289052162488932396e-01, 2.347888007855293835e-01
2.673264089723229597e-01, 1.689338230590445578e-01, 3.289716589233420696e-01, 2.347681090452902741e-01
2.672998834784881539e-01, 1.689146094414622212e-01, 3.290380800141427531e-01, 2.347474270659069273e-01
2.672733824915939915e-01, 1.688953831582581944e-01, 3.291044795022263769e-01, 2.347267548479213817e-01
2.672469060180878708e-01, 1.688761442215030717e-01, 3.291708573685350747e-01, 2.347060923918739828e-01
2.672204540644029236e-01, 1.688568926432720274e-01, 3.292372135940220823e-01, 2.346854396983031055e-01
2.671940266369587369e-01, 1.688376284356448431e-01, 3.293035481596512937e-01, 2.346647967677451541e-01
2.671676237421606315e-01, 1.688183516107063797e-01, 3.293698610463980381e-01, 2.346441636007349785e-01
2.671412453864005498e-01, 1.687990621805458280e-01, 3.294361522352484140e-01, 2.346235401978053470e-01
2.671148915760559461e-01, 1.687797601572573192e-01, 3.295024217071992889e-01, 2.346029265594874180e-01
2.670885623174907297e-01, 1.687604455529397030e-01, 3.295686694432589658e-01, 2.345823226863105737e-01
2.670622576170550988e-01, 1.687411183796963532e-01, 3.296348954244465168e-01, 2.345617285788020312e-01
2.670359774810848186e-01, 1.687217786496352512e-01, 3.297010996317921161e-01, 2.345411442374877031e-01
2.670097219159024426e-01, 1.687024263748692909e-01, 3.297672820463368737e-01, 2.345205696628914205e-01
2.669834909278159807e-01, 1.686830615675156686e-01, 3.298334426491330018e-01, 2.345000048555352379e-01
2.669572845231200642e-01, 1.686636842396965208e-01, 3.298995814212438149e-01, 2.344794498159396279e-01
2.669311027080951138e-01, 1.686442944035383418e-01, 3.299656983437433966e-01, 2.344589045446232312e-01
2.669049454890078388e-01, 1.686248920711722610e-01, 3.300317933977172102e-01, 2.344383690421028010e-01
2.668788128721108488e-01, 1.686054772547341540e-01, 3.300978665642613774e-01, 2.344178433088935087e-01
2.668527048636431531e-01, 1.685860499663642542e-01, 3.301639178244837325e-01, 2.343973273455089434e-01
2.668266214698297722e-01, 1.685666102182074300e-01, 3.302299471595023239e-01, 2.343768211524605571e-01
2.668005626968815713e-01, 1.685471580224131016e-01, 3.302959545504469685e-01, 2.343563247302583585e-01
2.667745285509959263e-01, 1.685276933911352693e-01, 3.303619399784580302e-01, 2.343358380794108020e-01
2.667485190383561688e-01, 1.685082163365321517e-01, 3.304279034246873636e-01, 2.343153612004243713e-01
2.667225341651316417e-01, 1.684887268707668806e-01, 3.304938448702975928e-01, 2.342948940938038571e-01
2.666965739374779210e-01, 1.684692250060067786e-01, 3.305597642964626659e-01, 2.342744367600526900e-01
2.666706383615365938e-01, 1.684497107544236927e-01, 3.306256616843674667e-01, 2.342539891996722190e-01
2.666447274434354808e-01, 1.684301841281939938e-01, 3.306915370152079814e-01, 2.342335514131625718e-01
2.666188411892883581e-01, 1.684106451394984660e-01, 3.307573902701914093e-01, 2.342131234010217666e-01
2.665929796051952350e-01, 1.683910938005222790e-01, 3.308232214305358299e-01, 2.341927051637465729e-01
2.665671426972422986e-01, 1.683715301234550710e-01, 3.308890304774707580e-01, 2.341722967018319002e-01
2.665413304715016918e-01, 1.683519541204908376e-01, 3.309548173922364223e-01, 2.341518980157711594e-01
2.665155429340315685e-01, 1.683323658038278769e-01, 3.310205821560845418e-01, 2.341315091060559572e-01
2.664897800908764824e-01, 1.683127651856691775e-01, 3.310863247502776607e-01, 2.341111299731765683e-01
2.664640419480669986e-01, 1.682931522782216971e-01, 3.311520451560897582e-01, 2.340907606176215738e-01
2.664383285116198596e-01, 1.682735270936969174e-01, 3.312177433548056382e-01, 2.340704010398776680e-01
2.664126397875375418e-01, 1.682538896443107335e-01, 3.312834193277213735e-01, 2.340500512404304068e-01
2.663869757818090322e-01, 1.682342399422831480e-01, 3.313490730561441944e-01, 2.340297112197635143e-01
2.663613365004094402e-01, 1.682145779998386881e-01, 3.314147045213924891e-01, 2.340093809783592993e-01
2.663357219492997197e-01, 1.681949038292060994e-01, 3.314803137047958592e-01, 2.339890605166984050e-01
2.663101321344271133e-01, 1.681752174426182633e-01, 3.315459005876947862e-01, 2.339687498352598927e-01
2.662845670617249305e-01, 1.681555188523124744e-01, 3.316114651514411871e-01, 2.339484489345213525e-01
2.662590267371126584e-01, 1.681358080705303015e-01, 3.316770073773980254e-01, 2.339281578149589869e-01
2.662335111664957954e-01, 1.681160851095174769e-01, 3.317425272469395336e-01, 2.339078764770473329e-01
2.662080203557660174e-01, 1.680963499815239237e-01, 3.318080247414508244e-01, 2.338876049212592345e-01
2.661825543108009562e-01, 1.680766026988038397e-01, 3.318734998423287230e-01, 2.338673431480663700e-01
2.661571130374648098e-01, 1.680568432736156692e-01, 3.319389525309806577e-01, 2.338470911579387801e-01
2.661316965416073432e-01, 1.680370717182219642e-01, 3.320043827888257137e-01, 2.338268489513449788e-01
2.661063048290647770e-01, 1.680172880448893291e-01, 3.320697905972938568e-01, 2.338066165287521203e-01
2.660809379056591761e-01, 1.679974922658888092e-01, 3.321351759378263213e-01, 2.337863938906257211e-01
2.660555957771990609e-01, 1.679776843934953079e-01, 3.322005387918754993e-01, 2.337661810374300209e-01
2.660302784494789075e-01, 1.679578644399880583e-01, 3.322658791409053847e-01, 2.337459779696276496e-01
2.660049859282792029e-01, 1.679380324176503181e-01, 3.323311969663905185e-01, 2.337257846876799605e-01
2.659797182193666676e-01, 1.679181883387694807e-01, 3.323964922498170993e-01, 2.337056011920467524e-01
2.659544753284941998e-01, 1.678983322156369640e-01, 3.324617649726825386e-01, 2.336854274831863809e-01
2.659292572614005978e-01, 1.678784640605483491e-01, 3.325270151164951837e-01, 2.336652635615559526e-01
2.659040640238110598e-01, 1.678585838858031587e-01, 3.325922426627749284e-01, 2.336451094276108253e-01
2.658788956214364618e-01, 1.678386917037050785e-01, 3.326574475930528241e-01, 2.336249650818055523e-01
2.658537520599744686e-01, 1.678187875265618467e-01, 3.327226298888709688e-01, 2.336048305245926326e-01
2.658286333451083117e-01, 1.677988713666851428e-01, 3.327877895317828960e-01, 2.335847057564237328e-01
2.658035394825075115e-01, 1.677789432363906152e-01, 3.328529265033531859e-01, 2.335645907777486319e-01
2.657784704778277662e-01, 1.677590031479979649e-01, 3.329180407851579093e-01, 2.335444855890163041e-01
2.657534263367106742e-01, 1.677390511138309726e-01, 3.329831323587844061e-01, 2.335243901906738639e-01
2.657284070647843999e-01, 1.677190871462172217e-01, 3.330482012058309516e-01, 2.335043045831675101e-01
2.657034126676626751e-01, 1.676991112574883203e-01, 3.331132473079072565e-01, 2.334842287669417205e-01
2.656784431509458533e-01, 1.676791234599797897e-01, 3.331782706466344113e-01, 2.334641627424398902e-01
2.656534985202200216e-01, 1.676591237660311484e-01, 3.332432712036447198e-01, 2.334441065101039992e-01
2.656285787810576671e-01, 1.676391121879858004e-01, 3.333082489605816434e-01, 2.334240600703749169e-01
2.656036839390172877e-01, 1.676190887381908967e-01, 3.333732038990999680e-01, 2.334040234236918199e-01
2.655788139996435038e-01, 1.675990534289977241e-01, 3.334381360008658035e-01, 2.333839965704929964e-01
2.655539689684670024e-01, 1.675790062727612884e-01, 3.335030452475565843e-01, 2.333639795112152360e-01
2.655291488510047593e-01, 1.675589472818404813e-01, 3.335679316208607914e-01, 2.333439722462939125e-01
2.655043536527595949e-01, 1.675388764685981080e-01, 3.336327951024787297e-01, 2.333239747761636507e-01
2.654795833792208404e-01, 1.675187938454006376e-01, 3.336976356741214733e-01, 2.333039871012570488e-01
2.654548380358636717e-01, 1.674986994246185634e-01, 3.337624533175114760e-01, 2.332840092220062889e-01
2.654301176281494978e-01, 1.674785932186260984e-01, 3.338272480143826271e-01, 2.332640411388417767e-01
2.654054221615257392e-01, 1.674584752398010912e-01, 3.338920197464804174e-01, 2.332440828521927523e-01
2.653807516414262713e-01, 1.674383455005254706e-01, 3.339567684955608851e-01, 2.332241343624873176e-01
2.653561060732706478e-01, 1.674182040131847460e-01, 3.340214942433921697e-01, 2.332041956701524366e-01
2.653314854624647667e-01, 1.673980507901682013e-01, 3.340861969717532909e-01, 2.331842667756137133e-01
2.653068898144008148e-01, 1.673778858438688399e-01, 3.341508766624347038e-01, 2.331643476792956970e-01
2.652823191344568232e-01, 1.673577091866833844e-01, 3.342155332972380766e-01, 2.331444383816216603e-01
2.652577734279971677e-01, 1.673375208310124707e-01, 3.342801668579767349e-01, 2.331245388830135989e-01
2.652332527003723461e-01, 1.673173207892600378e-01, 3.343447773264750511e-01, 2.331046491838925649e-01
2.652087569569188119e-01, 1.672971090738341049e-01, 3.344093646845687218e-01, 2.330847692846783892e-01
2.651842862029591963e-01, 1.672768856971461326e-01, 3.344739289141051009e-01, 2.330648991857895980e-01
2.651598404438026413e-01, 1.672566506716112733e-01, 3.345384699969423670e-01, 2.330450388876436907e-01
2.651354196847438005e-01, 1.672364040096484261e-01, 3.346029879149505781e-01, 2.330251883906570842e-01
2.651110239310640049e-01, 1.672161457236800985e-01, 3.346674826500110611e-01, 2.330053476952449465e-01
2.650866531880304300e-01, 1.671958758261321565e-01, 3.347319541840160784e-01, 2.329855168018214462e-01
2.650623074608964291e-01, 1.671755943294344626e-01, 3.347964024988696052e-01, 2.329656957107995585e-01
2.650379867549015889e-01, 1.671553012460201826e-01, 3.348608275764871078e-01, 2.329458844225911207e-01
2.650136910752716179e-01, 1.671349965883262845e-01, 3.349252293987950435e-01, 2.329260829376070541e-01
2.649894204272181253e-01, 1.671146803687931504e-01, 3.349896079477315269e-01, 2.329062912562570864e-01
2.649651748159393971e-01, 1.670943525998646872e-01, 3.350539632052460526e-01, 2.328865093789498630e-01
2.649409542466193423e-01, 1.670740132939884381e-01, 3.351182951532992726e-01, 2.328667373060929746e-01
2.649167587244282140e-01, 1.670536624636154710e-01, 3.351826037738633857e-01, 2.328469750380929570e-01
2.648925882545224431e-01, 1.670333001212002955e-01, 3.352468890489220255e-01, 2.328272225753552360e-01
2.648684428420444159e-01, 1.670129262792009739e-01, 3.353111509604700946e-01, 2.328074799182844323e-01
2.648443224921231964e-01, 1.669925409500789826e-01, 3.353753894905139865e-01, 2.327877470672839177e-01
2.648202272098731935e-01, 1.669721441462994338e-01, 3.354396046210713633e-01, 2.327680240227559261e-01
2.647961570003956044e-01, 1.669517358803307150e-01, 3.355037963341714335e-01, 2.327483107851021638e-01
2.647721118687775821e-01, 1.669313161646447108e-01, 3.355679646118548409e-01, 2.327286073547228384e-01
2.647480918200922906e-01, 1.669108850117167475e-01, 3.356321094361734980e-01, 2.327089137320174084e-01
2.647240968593992938e-01, 1.668904424340256487e-01, 3.356962307891907527e-01, 2.326892299173843048e-01
2.647001269917441668e-01, 1.668699884440535408e-01, 3.357603286529814435e-01, 2.326695559112209044e-01
2.646761822221585514e-01, 1.668495230542860197e-01, 3.358244030096317334e-01, 2.326498917139237232e-01
2.646522625556603781e-01, 1.668290462772119287e-01, 3.358884538412393872e-01, 2.326302373258883061e-01
2.646283679972537550e-01, 1.668085581253236083e-01, 3.359524811299133273e-01, 2.326105927475093094e-01
2.646044985519289128e-01, 1.667880586111167851e-01, 3.360164848577742447e-01, 2.325909579791800852e-01
2.645806542246620929e-01, 1.667675477470904055e-01, 3.360804650069538213e-01, 2.325713330212936525e-01
2.645568350204158814e-01, 1.667470255457467188e-01, 3.361444215595957852e-01, 2.325517178742416424e-01
2.645330409441390418e-01, 1.667264920195914157e-01, 3.362083544978546334e-01, 2.325321125384148535e-01
2.645092720007664044e-01, 1.667059471811334626e-01, 3.362722638038967427e-01, 2.325125170142033904e-01
2.644855281952189774e-01, 1.666853910428850172e-01, 3.363361494598998691e-01, 2.324929313019961641e-01
2.644618095324038354e-01, 1.666648236173615405e-01, 3.364000114480531489e-01, 2.324733554021814752e-01
2.644381160172144529e-01, 1.666442449170818518e-01, 3.364638497505570980e-01, 2.324537893151464862e-01
2.644144476545302602e-01, 1.666236549545679624e-01, 3.365276643496239450e-01, 2.324342330412778324e-01
2.643908044492169762e-01, 1.666030537423450752e-01, 3.365914552274770766e-01, 2.324146865809608997e-01
2.643671864061264420e-01, 1.665824412929416132e-01, 3.366552223663515919e-01, 2.323951499345804084e-01
2.643435935300966211e-01, 1.665618176188892186e-01, 3.367189657484938592e-01, 2.323756231025202734e-01
2.643200258259517654e-01, 1.665411827327228644e-01, 3.367826853561618483e-01, 2.323561060851635773e-01
2.642964832985021384e-01, 1.665205366469804382e-01, 3.368463811716249645e-01, 2.323365988828924034e-01
2.642729659525444030e-01, 1.664998793742032135e-01, 3.369100531771641038e-01, 2.323171014960882796e-01
2.642494737928611226e-01, 1.664792109269355724e-01, 3.369737013550714866e-01, 2.322976139251317074e-01
2.642260068242212045e-01, 1.664585313177250336e-01, 3.370373256876512680e-01, 2.322781361704024661e-01
2.642025650513798452e-01, 1.664378405591221410e-01, 3.371009261572184279e-01, 2.322586682322795859e-01
2.641791484790780298e-01, 1.664171386636806582e-01, 3.371645027460999922e-01, 2.322392101111413198e-01
2.641557571120434211e-01, 1.663964256439574574e-01, 3.372280554366341998e-01, 2.322197618073649217e-01
2.641323909549894711e-01, 1.663757015125124916e-01, 3.372915842111707807e-01, 2.322003233213272844e-01
2.641090500126159202e-01, 1.663549662819086838e-01, 3.373550890520711776e-01, 2.321808946534042184e-01
2.640857342896087978e-01, 1.663342199647122321e-01, 3.374185699417080464e-01, 2.321614758039708959e-01
2.640624437906402000e-01, 1.663134625734921657e-01, 3.374820268624658115e-01, 2.321420667734019061e-01
2.640391785203685115e-01, 1.662926941208206499e-01, 3.375454597967401660e-01, 2.321226675620706448e-01
2.640159384834383505e-01, 1.662719146192729314e-01, 3.376088687269384048e-01, 2.321032781703503411e-01
2.639927236844801239e-01, 1.662511240814271707e-01, 3.376722536354794801e-01, 2.320838985986132252e-01
2.639695341281108609e-01, 1.662303225198644985e-01, 3.377356145047936686e-01, 2.320645288472308887e-01
2.639463698189337681e-01, 1.662095099471691817e-01, 3.377989513173230152e-01, 2.320451689165741183e-01
2.639232307615379525e-01, 1.661886863759283184e-01, 3.378622640555205003e-01, 2.320258188070132011e-01
2.639001169604989760e-01, 1.661678518187320319e-01, 3.379255527018513172e-01, 2.320064785189176748e-01
2.638770284203784122e-01, 1.661470062881733600e-01, 3.379888172387918721e-01, 2.319871480526563001e-01
2.638539651457242341e-01, 1.661261497968482825e-01, 3.380520576488301177e-01, 2.319678274085974212e-01
2.638309271410704260e-01, 1.661052823573556658e-01, 3.381152739144654418e-01, 2.319485165871084109e-01
2.638079144109372609e-01, 1.660844039822974016e-01, 3.381784660182091118e-01, 2.319292155885561979e-01
2.637849269598311897e-01, 1.660635146842781573e-01, 3.382416339425833307e-01, 2.319099244133072391e-01
2.637619647922448962e-01, 1.660426144759054590e-01, 3.383047776701226250e-01, 2.318906430617271031e-01
2.637390279126572423e-01, 1.660217033697898303e-01, 3.383678971833722349e-01, 2.318713715341807202e-01
2.637161163255332119e-01, 1.660007813785444875e-01, 3.384309924648897794e-01, 2.318521098310325490e-01
2.636932300353241887e-01, 1.659798485147856439e-01, 3.384940634972435913e-01, 2.318328579526464928e-01
2.636703690464676231e-01, 1.659589047911322612e-01, 3.385571102630142715e-01, 2.318136158993858997e-01
2.636475333633871987e-01, 1.659379502202060486e-01, 3.386201327447934672e-01, 2.317943836716132577e-01
2.636247229904927769e-01, 1.659169848146316850e-01, 3.386831309251847055e-01, 2.317751612696907493e-01
2.636019379321805078e-01, 1.658960085870364864e-01, 3.387461047868029484e-01, 2.317559486939799740e-01
2.635791781928328859e-01, 1.658750215500506553e-01, 3.388090543122747045e-01, 2.317367459448418376e-01
2.635564437768180834e-01, 1.658540237163070308e-01, 3.388719794842380284e-01, 2.317175530226368019e-01
2.635337346884911724e-01, 1.658330150984413387e-01, 3.389348802853426323e-01, 2.316983699277248010e-01
2.635110509321930694e-01, 1.658119957090919416e-01, 3.389977566982497192e-01, 2.316791966604652142e-01
2.634883925122509796e-01, 1.657909655608999777e-01, 3.390606087056321494e-01, 2.316600332212170044e-01
2.634657594329781749e-01, 1.657699246665092774e-01, 3.391234362901741628e-01, 2.316408796103383849e-01
2.634431516986744937e-01, 1.657488730385664188e-01, 3.391862394345718235e-01, 2.316217358281872640e-01
2.634205693136257298e-01, 1.657278106897205894e-01, 3.392490181215326306e-01, 2.316026018751211057e-01
2.633980122821040215e-01, 1.657067376326235852e-01, 3.393117723337757408e-01, 2.315834777514966525e-01
2.633754806083675737e-01, 1.656856538799300893e-01, 3.393745020540317459e-01, 2.315643634576705079e-01
2.633529742966610465e-01, 1.656645594442972269e-01, 3.394372072650431171e-01, 2.315452589939985817e-01
2.633304933512152779e-01, 1.656434543383849267e-01, 3.394998879495634836e-01, 2.315261643608363396e-01
2.633080377762471169e-01, 1.656223385748555044e-01, 3.395625440903585757e-01, 2.315070795585388308e-01
2.632856075759600345e-01, 1.656012121663740511e-01, 3.396251756702052260e-01, 2.314880045874606329e-01
2.632632027545434017e-01, 1.655800751256082670e-01, 3.396877826718923132e-01, 2.314689394479560181e-01
2.632408233161728783e-01, 1.655589274652284060e-01, 3.397503650782198736e-01, 2.314498841403787865e-01
2.632184692650105795e-01, 1.655377691979071642e-01, 3.398129228719999895e-01, 2.314308386650822946e-01
2.631961406052046315e-01, 1.655166003363200411e-01, 3.398754560360559007e-01, 2.314118030224194267e-01
2.631738373408895604e-01, 1.654954208931447845e-01, 3.399379645532228378e-01, 2.313927772127428450e-01
2.631515594761859034e-01, 1.654742308810619733e-01, 3.400004484063474108e-01, 2.313737612364047125e-01
2.631293070152008196e-01, 1.654530303127544344e-01, 3.400629075782879429e-01, 2.313547550937568309e-01
2.631070799620273681e-01, 1.654318192009077426e-01, 3.401253420519142479e-01, 2.313357587851506136e-01
2.630848783207450636e-01, 1.654105975582097765e-01, 3.401877518101080189e-01, 2.313167723109371965e-01
2.630627020954195427e-01, 1.653893653973509403e-01, 3.402501368357621625e-01, 2.312977956714672712e-01
2.630405512901028420e-01, 1.653681227310241642e-01, 3.403124971117816311e-01, 2.312788288670913628e-01
2.630184259088330090e-01, 1.653468695719248482e-01, 3.403748326210827013e-01, 2.312598718981594415e-01
2.629963259556347688e-01, 1.653256059327506966e-01, 3.404371433465933627e-01, 2.312409247650213107e-01
2.629742514345185800e-01, 1.653043318262018835e-01, 3.404994292712532622e-01, 2.312219874680262743e-01
2.629522023494815786e-01, 1.652830472649811644e-01, 3.405616903780135929e-01, 2.312030600075236086e-01
2.629301787045069116e-01, 1.652617522617935153e-01, 3.406239266498374274e-01, 2.311841423838621457e-01
2.629081805035641817e-01, 1.652404468293463824e-01, 3.406861380696991071e-01, 2.311652345973904121e-01
2.628862077506091133e-01, 1.652191309803494601e-01, 3.407483246205847416e-01, 2.311463366484566018e-01
2.628642604495837753e-01, 1.651978047275150241e-01, 3.408104862854922645e-01, 2.311274485374088250e-01
2.628423386044165255e-01, 1.651764680835575705e-01, 3.408726230474310448e-01, 2.311085702645948314e-01
2.628204422190218437e-01, 1.651551210611939269e-01, 3.409347348894221641e-01, 2.310897018303620654e-01
2.627985712973006094e-01, 1.651337636731432801e-01, 3.409968217944981950e-01, 2.310708432350578323e-01
2.627767258431402131e-01, 1.651123959321271484e-01, 3.410588837457037004e-01, 2.310519944790290214e-01
2.627549058604137233e-01, 1.650910178508692705e-01, 3.411209207260945675e-01, 2.310331555626225775e-01
2.627331113529809414e-01, 1.650696294420957166e-01, 3.411829327187383964e-01, 2.310143264861849732e-01
2.627113423246879576e-01, 1.650482307185348330e-01, 3.412449197067145001e-01, 2.309955072500627371e-01
2.626895987793668175e-01, 1.650268216929173526e-01, 3.413068816731140154e-01, 2.309766978546018146e-01
2.626678807208362998e-01, 1.650054023779760348e-01, 3.413688186010393477e-01, 2.309578983001484009e-01
2.626461881529010278e-01, 1.649839727864459982e-01, 3.414307304736047266e-01, 2.309391085870482196e-01
2.626245210793523577e-01, 1.649625329310646094e-01, 3.414926172739362609e-01, 2.309203287156467999e-01
2.626028795039674901e-01, 1.649410828245712890e-01, 3.415544789851714391e-01, 2.309015586862898650e-01
2.625812634305101922e-01, 1.649196224797078725e-01, 3.416163155904594073e-01, 2.308827984993224725e-01
2.625596728627304643e-01, 1.648981519092182768e-01, 3.416781270729611908e-01, 2.308640481550899570e-01
2.625381078043647620e-01, 1.648766711258485562e-01, 3.417399134158493612e-01, 2.308453076539373483e-01
2.625165682591353855e-01, 1.648551801423470409e-01, 3.418016746023080921e-01, 2.308265769962093983e-01
2.624950542307515344e-01, 1.648336789714640316e-01, 3.418634106155332697e-01, 2.308078561822511365e-01
2.624735657229081975e-01, 1.648121676259521051e-01, 3.419251214387326598e-01, 2.307891452124070930e-01
2.624521027392868744e-01, 1.647906461185659199e-01, 3.419868070551252970e-01, 2.307704440870218532e-01
2.624306652835555753e-01, 1.647691144620623271e-01, 3.420484674479421505e-01, 2.307517528064399470e-01
2.624092533593682663e-01, 1.647475726692000375e-01, 3.421101026004259582e-01, 2.307330713710058212e-01
2.623878669703653133e-01, 1.647260207527401210e-01, 3.421717124958307821e-01, 2.307143997810637837e-01
2.623665061201735926e-01, 1.647044587254455628e-01, 3.422332971174227856e-01, 2.306957380369580313e-01
2.623451708124062143e-01, 1.646828866000814295e-01, 3.422948564484795120e-01, 2.306770861390328720e-01
2.623238610506625212e-01, 1.646613043894148976e-01, 3.423563904722902729e-01, 2.306584440876323638e-01
2.623025768385280343e-01, 1.646397121062150581e-01, 3.424178991721561482e-01, 2.306398118831007038e-01
2.622813181795749515e-01, 1.646181097632532231e-01, 3.424793825313897644e-01, 2.306211895257820887e-01
2.622600850773615933e-01, 1.645964973733024805e-01, 3.425408405333155715e-01, 2.306025770160203825e-01
2.622388775354326240e-01, 1.645748749491380003e-01, 3.426022731612695660e-01, 2.305839743541598374e-01
2.622176955573189971e-01, 1.645532425035371171e-01, 3.426636803985996238e-01, 2.305653815405443174e-01
2.621965391465381767e-01, 1.645316000492787756e-01, 3.427250622286650561e-01, 2.305467985755180749e-01
2.621754083065935825e-01, 1.645099475991442239e-01, 3.427864186348371089e-01, 2.305282254594251123e-01
2.621543030409754782e-01, 1.644882851659164869e-01, 3.428477496004985192e-01, 2.305096621926095435e-01
2.621332233531600275e-01, 1.644666127623805041e-01, 3.429090551090440142e-01, 2.304911087754155374e-01
2.621121692466099051e-01, 1.644449304013232416e-01, 3.429703351438797010e-01, 2.304725652081870968e-01
2.620911407247742408e-01, 1.644232380955334694e-01, 3.430315896884235660e-01, 2.304540314912686960e-01
2.620701377910882868e-01, 1.644015358578019559e-01, 3.430928187261052531e-01, 2.304355076250044765e-01
2.620491604489738058e-01, 1.643798237009213015e-01, 3.431540222403660634e-01, 2.304169936097388571e-01
2.620282087018387940e-01, 1.643581016376858550e-01, 3.432152002146591219e-01, 2.303984894458161459e-01
2.620072825530775362e-01, 1.643363696808921581e-01, 3.432763526324492109e-01, 2.303799951335810670e-01
2.619863820060711612e-01, 1.643146278433382235e-01, 3.433374794772127148e-01, 2.303615106733780116e-01
2.619655070641863648e-01, 1.642928761378240898e-01, 3.433985807324377859e-01, 2.303430360655518150e-01
2.619446577307769086e-01, 1.642711145771516001e-01, 3.434596563816244563e-01, 2.303245713104471737e-01
2.619238340091823991e-01, 1.642493431741243737e-01, 3.435207064082840267e-01, 2.303061164084091728e-01
2.619030359027290089e-01, 1.642275619415478893e-01, 3.435817307959401767e-01, 2.302876713597829250e-01
2.618822634147295325e-01, 1.642057708922293746e-01, 3.436427295281276884e-01, 2.302692361649133768e-01
2.618615165484825535e-01, 1.641839700389777501e-01, 3.437037025883935004e-01, 2.302508108241461682e-01
2.618407953072737215e-01, 1.641621593946038515e-01, 3.437646499602958206e-01, 2.302323953378266064e-01
2.618200996943743641e-01, 1.641403389719200967e-01, 3.438255716274049578e-01, 2.302139897063005258e-01
2.617994297130425974e-01, 1.641185087837408185e-01, 3.438864675733028231e-01, 2.301955939299137610e-01
2.617787853665228814e-01, 1.640966688428819042e-01, 3.439473377815829847e-01, 2.301772080090122019e-01
2.617581666580460764e-01, 1.640748191621609897e-01, 3.440081822358507790e-01, 2.301588319439421548e-01
2.617375735908290535e-01, 1.640529597543975426e-01, 3.440690009197233667e-01, 2.301404657350500926e-01
2.617170061680755833e-01, 1.640310906324125295e-01, 3.441297938168293435e-01, 2.301221093826825714e-01
2.616964643929753920e-01, 1.640092118090286377e-01, 3.441905609108092956e-01, 2.301037628871865082e-01
2.616759482687051053e-01, 1.639873232970703865e-01, 3.442513021853156330e-01, 2.300854262489089030e-01
2.616554577984270269e-01, 1.639654251093636828e-01, 3.443120176240121455e-01, 2.300670994681971449e-01
2.616349929852905265e-01, 1.639435172587362377e-01, 3.443727072105745579e-01, 2.300487825453987334e-01
2.616145538324309294e-01, 1.639215997580173445e-01, 3.444333709286902523e-01, 2.300304754808615015e-01
2.615941403429702383e-01, 1.638996726200378506e-01, 3.444940087620583791e-01, 2.300121782749335042e-01
2.615737525200166336e-01, 1.638777358576303245e-01, 3.445546206943899126e-01, 2.299938909279630184e-01
2.615533903666648063e-01, 1.638557894836288331e-01, 3.446152067094075400e-01, 2.299756134402988483e-01
2.615330538859958476e-01, 1.638338335108690258e-01, 3.446757667908454392e-01, 2.299573458122897707e-01
2.615127430810772480e-01, 1.638118679521880783e-01, 3.447363009224497232e-01, 2.299390880442848950e-01
2.614924579549628980e-01, 1.637898928204248039e-01, 3.447968090879783287e-01, 2.299208401366339971e-01
2.614721985106931434e-01, 1.637679081284195148e-01, 3.448572912712007388e-01, 2.299026020896865474e-01
2.614519647512946188e-01, 1.637459138890140498e-01, 3.449177474558983159e-01, 2.298843739037930156e-01
2.614317566797804138e-01, 1.637239101150517462e-01, 3.449781776258640242e-01, 2.298661555793038158e-01
2.614115742991502955e-01, 1.637018968193774127e-01, 3.450385817649027076e-01, 2.298479471165696120e-01
2.613914176123900424e-01, 1.636798740148373843e-01, 3.450989598568308669e-01, 2.298297485159417064e-01
2.613712866224719988e-01, 1.636578417142795228e-01, 3.451593118854769382e-01, 2.298115597777715680e-01
2.613511813323551869e-01, 1.636357999305530775e-01, 3.452196378346805705e-01, 2.297933809024111096e-01
2.613311017449847506e-01, 1.636137486765087412e-01, 3.452799376882939586e-01, 2.297752118902126328e-01
2.613110478632924560e-01, 1.635916879649987332e-01, 3.453402114301801218e-01, 2.297570527415287445e-01
2.612910196901961912e-01, 1.635696178088765496e-01, 3.454004590442146805e-01, 2.297389034567125510e-01
2.612710172286007437e-01, 1.635475382209973239e-01, 3.454606805142845238e-01, 2.297207640361174086e-01
2.612510404813969678e-01, 1.635254492142173555e-01, 3.455208758242883649e-01, 2.297026344800972564e-01
2.612310894514622284e-01, 1.635033508013945813e-01, 3.455810449581367405e-01, 2.296845147890064776e-01
2.612111641416606234e-01, 1.634812429953879653e-01, 3.456411878997517895e-01, 2.296664049631996218e-01
2.611912645548422063e-01, 1.634591258090581922e-01, 3.457013046330676964e-01, 2.296483050030318496e-01
2.611713906938438745e-01, 1.634369992552671957e-01, 3.457613951420299703e-01, 2.296302149088589040e-01
2.611515425614889252e-01, 1.634148633468780754e-01, 3.458214594105963324e-01, 2.296121346810367225e-01
2.611317201605868887e-01, 1.633927180967555404e-01, 3.458814974227358285e-01, 2.295940643199217979e-01
2.611119234939338618e-01, 1.633705635177653270e-01, 3.459415091624296057e-01, 2.295760038258711777e-01
2.610921525643125074e-01, 1.633483996227748092e-01, 3.460014946136703573e-01, 2.295579531992423816e-01
2.610724073744918328e-01, 1.633262264246522766e-01, 3.460614537604624896e-01, 2.295399124403932900e-01
2.610526879272273559e-01, 1.633040439362676566e-01, 3.461213865868225659e-01, 2.295218815496823939e-01
2.610329942252611612e-01, 1.632818521704918757e-01, 3.461812930767783070e-01, 2.295038605274686005e-01
2.610133262713215108e-01, 1.632596511401973594e-01, 3.462411732143696463e-01, 2.294858493741115391e-01
2.609936840681233439e-01, 1.632374408582574210e-01, 3.463010269836480637e-01, 2.294678480899711437e-01
2.609740676183681662e-01, 1.632152213375470673e-01, 3.463608543686768626e-01, 2.294498566754078761e-01
2.609544769247437723e-01, 1.631929925909421653e-01, 3.464206553535311151e-01, 2.294318751307830306e-01
2.609349119899244673e-01, 1.631707546313198587e-01, 3.464804299222976058e-01, 2.294139034564580126e-01
2.609153728165711228e-01, 1.631485074715587069e-01, 3.465401780590749437e-01, 2.293959416527951989e-01
2.608958594073310655e-01, 1.631262511245381297e-01, 3.465998997479734500e-01, 2.293779897201572715e-01
2.608763717648380775e-01, 1.631039856031390456e-01, 3.466595949731152149e-01, 2.293600476589077175e-01
2.608569098917124518e-01, 1.630817109202432058e-01, 3.467192637186341519e-01, 2.293421154694103015e-01
2.608374737905609364e-01, 1.630594270887337771e-01, 3.467789059686756659e-01, 2.293241931520296206e-01
2.608180634639768458e-01, 1.630371341214948977e-01, 3.468385217073974292e-01, 2.293062807071307718e-01
2.607986789145400053e-01, 1.630148320314119270e-01, 3.468981109189684386e-01, 2.292883781350796291e-01
2.607793201448165843e-01, 1.629925208313713070e-01, 3.469576735875695706e-01, 2.292704854362425382e-01
2.607599871573594852e-01, 1.629702005342605065e-01, 3.470172096973935250e-01, 2.292526026109864001e-01
2.607406799547078435e-01, 1.629478711529682711e-01, 3.470767192326448813e-01, 2.292347296596789485e-01
2.607213985393876943e-01, 1.629255327003842069e-01, 3.471362021775397100e-01, 2.292168665826884166e-01
2.607021429139111390e-01, 1.629031851893991134e-01, 3.471956585163058495e-01, 2.291990133803838148e-01
2.606829130807770123e-01, 1.628808286329048172e-01, 3.472550882331834066e-01, 2.291811700531347917e-01
2.606637090424707703e-01, 1.628584630437941716e-01, 3.473144913124235900e-01, 2.291633366013115236e-01
2.606445308014642137e-01, 1.628360884349610571e-01, 3.473738677382897655e-01, 2.291455130252850469e-01
2.606253783602157093e-01, 1.628137048193003256e-01, 3.474332174950568453e-01, 2.291276993254269811e-01
2.606062517211703566e-01, 1.627913122097080501e-01, 3.474925405670117318e-01, 2.291098955021098338e-01
2.605871508867593778e-01, 1.627689106190809976e-01, 3.475518369384530404e-01, 2.290921015557065288e-01
2.605680758594007274e-01, 1.627465000603170731e-01, 3.476111065936912103e-01, 2.290743174865909060e-01
2.605490266414990375e-01, 1.627240805463151530e-01, 3.476703495170481162e-01, 2.290565432951376101e-01
2.605300032354453954e-01, 1.627016520899751129e-01, 3.477295656928577894e-01, 2.290387789817217579e-01
2.605110056436172328e-01, 1.626792147041976055e-01, 3.477887551054657522e-01, 2.290210245467194372e-01
2.604920338683788250e-01, 1.626567684018843385e-01, 3.478479177392295729e-01, 2.290032799905072636e-01
2.604730879120806808e-01, 1.626343131959379906e-01, 3.479070535785183660e-01, 2.289855453134629626e-01
2.604541677770603192e-01, 1.626118490992620458e-01, 3.479661626077131253e-01, 2.289678205159646485e-01
2.604352734656411039e-01, 1.625893761247609315e-01, 3.480252448112064467e-01, 2.289501055983914901e-01
2.604164049801336867e-01, 1.625668942853399079e-01, 3.480843001734030273e-01, 2.289324005611232948e-01
2.603975623228348968e-01, 1.625444035939052900e-01, 3.481433286787189441e-01, 2.289147054045408691e-01
2.603787454960280745e-01, 1.625219040633640311e-01, 3.482023303115823754e-01, 2.288970201290254913e-01
2.603599545019833483e-01, 1.624993957066240280e-01, 3.482613050564331014e-01, 2.288793447349594667e-01
2.603411893429572466e-01, 1.624768785365940105e-01, 3.483202528977227819e-01, 2.288616792227259333e-01
2.603224500211928638e-01, 1.624543525661835408e-01, 3.483791738199146226e-01, 2.288440235927089728e-01
2.603037365389199165e-01, 1.624318178083031250e-01, 3.484380678074838755e-01, 2.288263778452930275e-01
2.602850488983547983e-01, 1.624092742758637686e-01, 3.484969348449173387e-01, 2.288087419808640666e-01
2.602663871017003583e-01, 1.623867219817775598e-01, 3.485557749167137453e-01, 2.287911159998083643e-01
2.602477511511459562e-01, 1.623641609389571971e-01, 3.486145880073835968e-01, 2.287734999025133331e-01
2.602291410488677403e-01, 1.623415911603162398e-01, 3.486733741014489962e-01, 2.287558936893671346e-01
2.602105567970281474e-01, 1.623190126587689963e-01, 3.487321331834438709e-01, 2.287382973607589853e-01
2.601919983977765694e-01, 1.622964254472304413e-01, 3.487908652379141383e-01, 2.287207109170788233e-01
2.601734658532487976e-01, 1.622738295386162988e-01, 3.488495702494173178e-01, 2.287031343587175303e-01
2.601549591655670790e-01, 1.622512249458431532e-01, 3.489082482025228082e-01, 2.286855676860670705e-01
2.601364783368405598e-01, 1.622286116818281443e-01, 3.489668990818113326e-01, 2.286680108995199356e-01
2.601180233691647303e-01, 1.622059897594892164e-01, 3.490255228718760483e-01, 2.286504639994700050e-01
2.600995942646219250e-01, 1.621833591917448691e-01, 3.490841195573214928e-01, 2.286329269863117131e-01
2.600811910252808223e-01, 1.621607199915143793e-01, 3.491426891227640272e-01, 2.286153998604407156e-01
2.600628136531968337e-01, 1.621380721717177453e-01, 3.492012315528318922e-01, 2.285978826222535287e-01
2.600444621504121590e-01, 1.621154157452754097e-01, 3.492597468321649856e-01, 2.285803752721475568e-01
2.600261365189551754e-01, 1.620927507251086752e-01, 3.493182349454149183e-01, 2.285628778105212033e-01
2.600078367608412711e-01, 1.620700771241393168e-01, 3.493766958772454578e-01, 2.285453902377739821e-01
2.599895628780724000e-01, 1.620473949552897752e-01, 3.494351296123315298e-01, 2.285279125543062395e-01
2.599713148726370271e-01, 1.620247042314832409e-01, 3.494935361353603276e-01, 2.285104447605192934e-01
2.599530927465102947e-01, 1.620020049656432926e-01, 3.495519154310306464e-01, 2.284929868568157663e-01
2.599348965016539670e-01, 1.619792971706940921e-01, 3.496102674840530500e-01, 2.284755388435988355e-01
2.599167261400164852e-01, 1.619565808595605505e-01, 3.496685922791498702e-01, 2.284581007212731218e-01
2.598985816635327462e-01, 1.619338560451679676e-01, 3.497268898010552074e-01, 2.284406724902439956e-01
2.598804630741246013e-01, 1.619111227404423370e-01, 3.497851600345150413e-01, 2.284232541509181313e-01
2.598623703737003576e-01, 1.618883809583099853e-01, 3.498434029642867871e-01, 2.284058457037028700e-01
2.598443035641548882e-01, 1.618656307116979887e-01, 3.499016185751401276e-01, 2.283884471490069679e-01
2.598262626473699100e-01, 1.618428720135338117e-01, 3.499598068518561811e-01, 2.283710584872402083e-01
2.598082476252136508e-01, 1.618201048767454187e-01, 3.500179677792277788e-01, 2.283536797188130962e-01
2.597902584995409603e-01, 1.617973293142613289e-01, 3.500761013420599088e-01, 2.283363108441378020e-01
2.597722952721936984e-01, 1.617745453390104227e-01, 3.501342075251687724e-01, 2.283189518636270787e-01
2.597543579449997919e-01, 1.617517529639221630e-01, 3.501922863133830055e-01, 2.283016027776950674e-01
2.597364465197743999e-01, 1.617289522019264569e-01, 3.502503376915422906e-01, 2.282842635867567971e-01
2.597185609983189147e-01, 1.617061430659536281e-01, 3.503083616444987447e-01, 2.282669342912287680e-01
2.597007013824217392e-01, 1.616833255689343329e-01, 3.503663581571156982e-01, 2.282496148915281464e-01
2.596828676738576758e-01, 1.616604997237998942e-01, 3.504243272142688048e-01, 2.282323053880736252e-01
2.596650598743884264e-01, 1.616376655434818010e-01, 3.504822688008448761e-01, 2.282150057812848964e-01
2.596472779857623148e-01, 1.616148230409119868e-01, 3.505401829017429360e-01, 2.281977160715827069e-01
2.596295220097142309e-01, 1.615919722290229399e-01, 3.505980695018736104e-01, 2.281804362593891355e-01
2.596117919479659086e-01, 1.615691131207473707e-01, 3.506559285861593489e-01, 2.281631663451273440e-01
2.595940878022256482e-01, 1.615462457290183784e-01, 3.507137601395343696e-01, 2.281459063292216871e-01
2.595764095741883715e-01, 1.615233700667693395e-01, 3.507715641469445478e-01, 2.281286562120977135e-01
2.595587572655360109e-01, 1.615004861469341857e-01, 3.508293405933476383e-01, 2.281114159941821651e-01
2.595411308779368986e-01, 1.614775939824469875e-01, 3.508870894637131643e-01, 2.280941856759029496e-01
2.595235304130462106e-01, 1.614546935862421484e-01, 3.509448107430223063e-01, 2.280769652576892792e-01
2.595059558725058557e-01, 1.614317849712544883e-01, 3.510025044162681240e-01, 2.280597547399715319e-01
2.594884072579443091e-01, 1.614088681504190215e-01, 3.510601704684553903e-01, 2.280425541231813069e-01
2.594708845709767786e-01, 1.613859431366711228e-01, 3.511178088846005907e-01, 2.280253634077514802e-01
2.594533878132054272e-01, 1.613630099429463338e-01, 3.511754196497320346e-01, 2.280081825941160656e-01
2.594359169862188175e-01, 1.613400685821805847e-01, 3.512330027488899664e-01, 2.279910116827105482e-01
2.594184720915923559e-01, 1.613171190673099997e-01, 3.512905581671260657e-01, 2.279738506739715787e-01
2.594010531308883483e-01, 1.612941614112708144e-01, 3.513480858895037806e-01, 2.279566995683369179e-01
2.593836601056555557e-01, 1.612711956269998470e-01, 3.514055859010988825e-01, 2.279395583662458535e-01
2.593662930174295278e-01, 1.612482217274336660e-01, 3.514630581869980230e-01, 2.279224270681388387e-01
2.593489518677327133e-01, 1.612252397255093395e-01, 3.515205027323002884e-01, 2.279053056744576589e-01
2.593316366580741827e-01, 1.612022496341641853e-01, 3.515779195221162556e-01, 2.278881941856453486e-01
2.593143473899497398e-01, 1.611792514663353826e-01, 3.516353085415683810e-01, 2.278710926021463856e-01
2.592970840648420316e-01, 1.611562452349606933e-01, 3.516926697757908338e-01, 2.278540009244064968e-01
2.592798466842202165e-01, 1.611332309529776574e-01, 3.517500032099293850e-01, 2.278369191528727133e-01
2.592626352495405184e-01, 1.611102086333242311e-01, 3.518073088291417405e-01, 2.278198472879934267e-01
2.592454497622457277e-01, 1.610871782889384263e-01, 3.518645866185974302e-01, 2.278027853302184991e-01
2.592282902237653119e-01, 1.610641399327583101e-01, 3.519218365634774748e-01, 2.277857332799989309e-01
2.592111566355158603e-01, 1.610410935777221164e-01, 3.519790586489748296e-01, 2.277686911377872769e-01
2.591940489989001950e-01, 1.610180392367681901e-01, 3.520362528602941632e-01, 2.277516589040373962e-01
2.591769673153082598e-01, 1.609949769228350425e-01, 3.520934191826520232e-01, 2.277346365792045357e-01
2.591599115861168978e-01, 1.609719066488611572e-01, 3.521505576012765593e-01, 2.277176241637454412e-01
2.591428818126893519e-01, 1.609488284277850179e-01, 3.522076681014076893e-01, 2.277006216581179410e-01
2.591258779963757641e-01, 1.609257422725454134e-01, 3.522647506682969887e-01, 2.276836290627818060e-01
2.591089001385133428e-01, 1.609026481960809662e-01, 3.523218052872080230e-01, 2.276666463781977512e-01
2.590919482404255847e-01, 1.608795462113304375e-01, 3.523788319434158489e-01, 2.276496736048280733e-01
2.590750223034232191e-01, 1.608564363312325329e-01, 3.524358306222076798e-01, 2.276327107431365404e-01
2.590581223288035417e-01, 1.608333185687260969e-01, 3.524928013088819423e-01, 2.276157577935885024e-01
2.590412483178506919e-01, 1.608101929367498073e-01, 3.525497439887491091e-01, 2.275988147566504194e-01
2.590244002718355976e-01, 1.607870594482425086e-01, 3.526066586471314213e-01, 2.275818816327905003e-01
2.590075781920159748e-01, 1.607639181161428787e-01, 3.526635452693628325e-01, 2.275649584224783695e-01
2.589907820796363835e-01, 1.607407689533897899e-01, 3.527204038407888431e-01, 2.275480451261850667e-01
2.589740119359281723e-01, 1.607176119729216701e-01, 3.527772343467671101e-01, 2.275311417443830475e-01
2.589572677621094776e-01, 1.606944471876773639e-01, 3.528340367726666149e-01, 2.275142482775466268e-01
2.589405495593852247e-01, 1.606712746105953271e-01, 3.528908111038682183e-01, 2.274973647261511189e-01
2.589238573289474044e-01, 1.606480942546140711e-01, 3.529475573257647714e-01, 2.274804910906737809e-01
2.589071910719743519e-01, 1.606249061326719962e-01, 3.530042754237603941e-01, 2.274636273715931467e-01
2.588905507896316904e-01, 1.606017102577074196e-01, 3.530609653832715300e-01, 2.274467735693894155e-01
2.588739364830716094e-01, 1.605785066426585750e-01, 3.531176271897257246e-01, 2.274299296845441465e-01
2.588573481534332532e-01, 1.605552953004634187e-01, 3.531742608285626805e-01, 2.274130957175407031e-01
2.588407858018425545e-01, 1.605320762440599902e-01, 3.532308662852337577e-01, 2.273962716688637253e-01
2.588242494294121787e-01, 1.605088494863861626e-01, 3.532874435452020290e-01, 2.273794575389996853e-01
2.588077390372418018e-01, 1.604856150403794479e-01, 3.533439925939421689e-01, 2.273626533284364426e-01
2.587912546264179436e-01, 1.604623729189774695e-01, 3.534005134169409534e-01, 2.273458590376636057e-01
2.587747961980137457e-01, 1.604391231351174896e-01, 3.534570059996964830e-01, 2.273290746671722262e-01
2.587583637530895819e-01, 1.604158657017366874e-01, 3.535134703277188484e-01, 2.273123002174549934e-01
2.587419572926922817e-01, 1.603926006317719644e-01, 3.535699063865296310e-01, 2.272955356890062062e-01
2.587255768178557402e-01, 1.603693279381600556e-01, 3.536263141616624028e-01, 2.272787810823218013e-01
2.587092223296007520e-01, 1.603460476338375851e-01, 3.536826936386623932e-01, 2.272620363978993252e-01
2.586928938289348445e-01, 1.603227597317407327e-01, 3.537390448030863777e-01, 2.272453016362380174e-01
2.586765913168526110e-01, 1.602994642448055951e-01, 3.537953676405031778e-01, 2.272285767978386439e-01
2.586603147943352665e-01, 1.602761611859679636e-01, 3.538516621364929393e-01, 2.272118618832037196e-01
2.586440642623510366e-01, 1.602528505681634630e-01, 3.539079282766480206e-01, 2.271951568928374798e-01
2.586278397218551017e-01, 1.602295324043273017e-01, 3.539641660465720485e-01, 2.271784618272455758e-01
2.586116411737893750e-01, 1.602062067073944107e-01, 3.540203754318806406e-01, 2.271617766869355182e-01
2.585954686190826135e-01, 1.601828734902996931e-01, 3.540765564182010716e-01, 2.271451014724166217e-01
2.585793220586507513e-01, 1.601595327659773305e-01, 3.541327089911722736e-01, 2.271284361841997002e-01
2.585632014933963441e-01, 1.601361845473614764e-01, 3.541888331364448361e-01, 2.271117808227972323e-01
2.585471069242089581e-01, 1.601128288473859795e-01, 3.542449288396814500e-01, 2.270951353887235291e-01
2.585310383519651145e-01, 1.600894656789841886e-01, 3.543009960865560193e-01, 2.270784998824947054e-01
2.585149957775280116e-01, 1.600660950550891193e-01, 3.543570348627544941e-01, 2.270618743046283750e-01
2.584989792017479693e-01, 1.600427169886335654e-01, 3.544130451539744264e-01, 2.270452586556440111e-01
2.584829886254622067e-01, 1.600193314925498766e-01, 3.544690269459250809e-01, 2.270286529360627803e-01
2.584670240494947313e-01, 1.599959385797700140e-01, 3.545249802243273796e-01, 2.270120571464078474e-01
2.584510854746565611e-01, 1.599725382632255777e-01, 3.545809049749140685e-01, 2.269954712872037372e-01
2.584351729017456689e-01, 1.599491305558476406e-01, 3.546368011834296619e-01, 2.269788953589770286e-01
2.584192863315468158e-01, 1.599257154705671091e-01, 3.546926688356301094e-01, 2.269623293622559657e-01
2.584034257648318289e-01, 1.599022930203141679e-01, 3.547485079172833511e-01, 2.269457732975705966e-01
2.583875912023593791e-01, 1.598788632180189184e-01, 3.548043184141688178e-01, 2.269292271654528015e-01
2.583717826448752031e-01, 1.598554260766107404e-01, 3.548601003120777642e-01, 2.269126909664362368e-01
2.583560000931118261e-01, 1.598319816090186252e-01, 3.549158535968131578e-01, 2.268961647010563909e-01
2.583402435477886727e-01, 1.598085298281711475e-01, 3.549715782541896791e-01, 2.268796483698505284e-01
2.583245130096123443e-01, 1.597850707469963272e-01, 3.550272742700335549e-01, 2.268631419733577459e-01
2.583088084792761752e-01, 1.597616043784218787e-01, 3.550829416301828911e-01, 2.268466455121190828e-01
2.582931299574606765e-01, 1.597381307353747393e-01, 3.551385803204873404e-01, 2.268301589866773549e-01
2.582774774448330368e-01, 1.597146498307815965e-01, 3.551941903268083789e-01, 2.268136823975770433e-01
2.582618509420476216e-01, 1.596911616775684717e-01, 3.552497716350190848e-01, 2.267972157453648496e-01
2.582462504497455846e-01, 1.596676662886609421e-01, 3.553053242310043602e-01, 2.267807590305891685e-01
2.582306759685552566e-01, 1.596441636769838912e-01, 3.553608481006606534e-01, 2.267643122538001155e-01
2.582151274990918677e-01, 1.596206538554619248e-01, 3.554163432298961811e-01, 2.267478754155500820e-01
2.581996050419574917e-01, 1.595971368370188159e-01, 3.554718096046308728e-01, 2.267314485163928750e-01
2.581841085977413242e-01, 1.595736126345779216e-01, 3.555272472107961490e-01, 2.267150315568846330e-01
2.581686381670194597e-01, 1.595500812610619601e-01, 3.555826560343354759e-01, 2.266986245375831599e-01
2.581531937503549479e-01, 1.595265427293930394e-01, 3.556380360612035885e-01, 2.266822274590483133e-01
2.581377753482981263e-01, 1.595029970524927676e-01, 3.556933872773673233e-01, 2.266658403218418105e-01
2.581223829613858434e-01, 1.594794442432820314e-01, 3.557487096688048411e-01, 2.266494631265272841e-01
2.581070165901423463e-01, 1.594558843146811067e-01, 3.558040032215061266e-01, 2.266330958736703649e-01
2.580916762350787264e-01, 1.594323172796097143e-01, 3.558592679214730436e-01, 2.266167385638385712e-01
2.580763618966929740e-01, 1.594087431509867980e-01, 3.559145037547186696e-01, 2.266003911976014751e-01
2.580610735754703677e-01, 1.593851619417307741e-01, 3.559697107072681832e-01, 2.265840537755305917e-01
2.580458112718828079e-01, 1.593615736647593095e-01, 3.560248887651583649e-01, 2.265677262981994622e-01
2.580305749863895937e-01, 1.593379783329895161e-01, 3.560800379144373751e-01, 2.265514087661835430e-01
2.580153647194368127e-01, 1.593143759593376174e-01, 3.561351581411653644e-01, 2.265351011800601777e-01
2.580001804714577296e-01, 1.592907665567192821e-01, 3.561902494314140855e-01, 2.265188035404089584e-01
2.579850222428723971e-01, 1.592671501380494570e-01, 3.562453117712667816e-01, 2.265025158478114198e-01
2.579698900340880452e-01, 1.592435267162423673e-01, 3.563003451468186866e-01, 2.264862381028509841e-01
2.579547838454990805e-01, 1.592198963042114612e-01, 3.563553495441762475e-01, 2.264699703061131553e-01
2.579397036774866980e-01, 1.591962589148694929e-01, 3.564103249494581238e-01, 2.264537124581857130e-01
2.579246495304193254e-01, 1.591726145611284393e-01, 3.564652713487942437e-01, 2.264374645596580471e-01
2.579096214046521784e-01, 1.591489632558995559e-01, 3.565201887283263038e-01, 2.264212266111220173e-01
2.578946193005278720e-01, 1.591253050120932933e-01, 3.565750770742075471e-01, 2.264049986131712877e-01
2.578796432183757537e-01, 1.591016398426193801e-01, 3.566299363726030958e-01, 2.263887805664017150e-01
2.578646931585124036e-01, 1.590779677603865738e-01, 3.566847666096896741e-01, 2.263725724714112375e-01
2.578497691212415233e-01, 1.590542887783031878e-01, 3.567395677716555524e-01, 2.263563743287997920e-01
2.578348711068536026e-01, 1.590306029092762863e-01, 3.567943398447006587e-01, 2.263401861391694525e-01
2.578199991156264193e-01, 1.590069101662124618e-01, 3.568490828150366334e-01, 2.263240079031245411e-01
2.578051531478248726e-01, 1.589832105620172520e-01, 3.569037966688867192e-01, 2.263078396212712395e-01
2.577903332037005946e-01, 1.589595041095955286e-01, 3.569584813924859268e-01, 2.262916812942179223e-01
2.577755392834928383e-01, 1.589357908218511362e-01, 3.570131369720807579e-01, 2.262755329225753786e-01
2.577607713874273121e-01, 1.589120707116871145e-01, 3.570677633939293161e-01, 2.262593945069560908e-01
2.577460295157174008e-01, 1.588883437920057817e-01, 3.571223606443016951e-01, 2.262432660479751223e-01
2.577313136685631112e-01, 1.588646100757083734e-01, 3.571769287094791467e-01, 2.262271475462493131e-01
2.577166238461517933e-01, 1.588408695756952649e-01, 3.572314675757550240e-01, 2.262110390023978346e-01
2.577019600486579187e-01, 1.588171223048660263e-01, 3.572859772294338931e-01, 2.261949404170421063e-01
2.576873222762428584e-01, 1.587933682761192011e-01, 3.573404576568323110e-01, 2.261788517908056573e-01
2.576727105290552711e-01, 1.587696075023525000e-01, 3.573949088442781585e-01, 2.261627731243140427e-01
2.576581248072307706e-01, 1.587458399964626621e-01, 3.574493307781111406e-01, 2.261467044181953712e-01
2.576435651108922587e-01, 1.587220657713454830e-01, 3.575037234446826195e-01, 2.261306456730796388e-01
2.576290314401496473e-01, 1.586982848398956758e-01, 3.575580868303554483e-01, 2.261145968895991731e-01
2.576145237950998035e-01, 1.586744972150072874e-01, 3.576124209215042482e-01, 2.260985580683886609e-01
2.576000421758271597e-01, 1.586507029095730881e-01, 3.576667257045150761e-01, 2.260825292100846762e-01
2.575855865824028257e-01, 1.586269019364850708e-01, 3.577210011657857569e-01, 2.260665103153263189e-01
2.575711570148851992e-01, 1.586030943086340628e-01, 3.577752472917257176e-01, 2.260505013847549094e-01
2.575567534733200215e-01, 1.585792800389100032e-01, 3.578294640687560424e-01, 2.260345024190139607e-01
2.575423759577397664e-01, 1.585554591402018043e-01, 3.578836514833093618e-01, 2.260185134187492062e-01
2.575280244681643071e-01, 1.585316316253972679e-01, 3.579378095218297418e-01, 2.260025343846086554e-01
2.575136990046007490e-01, 1.585077975073832801e-01, 3.579919381707732939e-01, 2.259865653172427324e-01
2.574993995670429858e-01, 1.584839567990455889e-01, 3.580460374166073434e-01, 2.259706062173040264e-01
2.574851261554725323e-01, 1.584601095132689430e-01, 3.581001072458111500e-01, 2.259546570854474579e-01
2.574708787698576362e-01, 1.584362556629369256e-01, 3.581541476448752981e-01, 2.259387179223301956e-01
2.574566574101539995e-01, 1.584123952609321484e-01, 3.582081586003020290e-01, 2.259227887286118508e-01
2.574424620763042237e-01, 1.583885283201361682e-01, 3.582621400986052973e-01, 2.259068695049542552e-01
2.574282927682384203e-01, 1.583646548534293208e-01, 3.583160921263107701e-01, 2.258909602520215720e-01
2.574141494858734891e-01, 1.583407748736908593e-01, 3.583700146699553279e-01, 2.258750609704803514e-01
2.574000322291137843e-01, 1.583168883937990101e-01, 3.584239077160877307e-01, 2.258591716609993083e-01
2.573859409978507817e-01, 1.582929954266307504e-01, 3.584777712512684511e-01, 2.258432923242500723e-01
2.573718757919630784e-01, 1.582690959850620860e-01, 3.585316052620690641e-01, 2.258274229609057437e-01
2.573578366113165039e-01, 1.582451900819677459e-01, 3.585854097350733016e-01, 2.258115635716425040e-01
2.573438234557640092e-01, 1.582212777302212103e-01, 3.586391846568761088e-01, 2.257957141571386994e-01
2.573298363251456666e-01, 1.581973589426950433e-01, 3.586929300140842547e-01, 2.257798747180750076e-01
2.573158752192891696e-01, 1.581734337322604766e-01, 3.587466457933158881e-01, 2.257640452551344379e-01
2.573019401380089444e-01, 1.581495021117876043e-01, 3.588003319812007597e-01, 2.257482257690027749e-01
2.572880310811067606e-01, 1.581255640941451601e-01, 3.588539885643803884e-01, 2.257324162603676909e-01
2.572741480483715093e-01, 1.581016196922009898e-01, 3.589076155295078396e-01, 2.257166167299196891e-01
2.572602910395797582e-01, 1.580776689188214124e-01, 3.589612128632474475e-01, 2.257008271783513542e-01
2.572464600544945856e-01, 1.580537117868717201e-01, 3.590147805522755364e-01, 2.256850476063581301e-01
2.572326550928668576e-01, 1.580297483092158450e-01, 3.590683185832798108e-01, 2.256692780146373756e-01
2.572188761544343394e-01, 1.580057784987166092e-01, 3.591218269429594656e-01, 2.256535184038895581e-01
2.572051232389222508e-01, 1.579818023682353356e-01, 3.591753056180252424e-01, 2.256377687748170047e-01
2.571913963460428221e-01, 1.579578199306325148e-01, 3.592287545951998173e-01, 2.256220291281247903e-01
2.571776954754957933e-01, 1.579338311987668053e-01, 3.592821738612170246e-01, 2.256062994645204045e-01
2.571640206269677487e-01, 1.579098361854960331e-01, 3.593355634028224110e-01, 2.255905797847138627e-01
2.571503718001328931e-01, 1.578858349036764974e-01, 3.593889232067729589e-01, 2.255748700894177061e-01
2.571367489946524976e-01, 1.578618273661632487e-01, 3.594422532598374742e-01, 2.255591703793468072e-01
2.571231522101751210e-01, 1.578378135858099773e-01, 3.594955535487962539e-01, 2.255434806552187033e-01
2.571095814463364992e-01, 1.578137935754692078e-01, 3.595488240604407526e-01, 2.255278009177534293e-01
2.570960367027599336e-01, 1.577897673479919660e-01, 3.596020647815745264e-01, 2.255121311676735463e-01
2.570825179790555692e-01, 1.577657349162279732e-01, 3.596552756990124555e-01, 2.254964714057040853e-01
2.570690252748208948e-01, 1.577416962930255906e-01, 3.597084567995807447e-01, 2.254808216325726589e-01
2.570555585896410200e-01, 1.577176514912318472e-01, 3.597616080701176444e-01, 2.254651818490095161e-01
2.570421179230880648e-01, 1.576936005236924399e-01, 3.598147294974723409e-01, 2.254495520557472654e-01
2.570287032747212708e-01, 1.576695434032515386e-01, 3.598678210685060663e-01, 2.254339322535211243e-01
2.570153146440874448e-01, 1.576454801427520369e-01, 3.599208827700913216e-01, 2.254183224430691135e-01
2.570019520307206817e-01, 1.576214107550354404e-01, 3.599739145891122094e-01, 2.254027226251317240e-01
2.569886154341420315e-01, 1.575973352529417837e-01, 3.600269165124644899e-01, 2.253871328004516950e-01
2.569753048538603313e-01, 1.575732536493096025e-01, 3.600798885270551919e-01, 2.253715529697749020e-01
2.569620202893712069e-01, 1.575491659569762115e-01, 3.601328306198031126e-01, 2.253559831338495245e-01
2.569487617401579604e-01, 1.575250721887772876e-01, 3.601857427776383735e-01, 2.253404232934264340e-01
2.569355292056910711e-01, 1.575009723575470921e-01, 3.602386249875028090e-01, 2.253248734492590277e-01
2.569223226854283060e-01, 1.574768664761185544e-01, 3.602914772363496332e-01, 2.253093336021035065e-01
2.569091421788147200e-01, 1.574527545573229936e-01, 3.603442995111437730e-01, 2.252938037527184856e-01
2.568959876852827673e-01, 1.574286366139903970e-01, 3.603970917988613687e-01, 2.252782839018654393e-01
2.568828592042522452e-01, 1.574045126589489751e-01, 3.604498540864903844e-01, 2.252627740503084230e-01
2.568697567351301281e-01, 1.573803827050257176e-01, 3.605025863610300529e-01, 2.252472741988141569e-01
2.568566802773107893e-01, 1.573562467650460039e-01, 3.605552886094913756e-01, 2.252317843481519144e-01
2.568436298301760012e-01, 1.573321048518337428e-01, 3.606079608188964558e-01, 2.252163044990937724e-01
2.568306053930948796e-01, 1.573079569782112608e-01, 3.606606029762793875e-01, 2.252008346524145277e-01
2.568176069654236615e-01, 1.572838031569993023e-01, 3.607132150686854222e-01, 2.251853748088915586e-01
2.568046345465062608e-01, 1.572596434010171962e-01, 3.607657970831714134e-01, 2.251699249693051297e-01
2.567916881356736569e-01, 1.572354777230825507e-01, 3.608183490068058163e-01, 2.251544851344379761e-01
2.567787677322443396e-01, 1.572113061360115860e-01, 3.608708708266684106e-01, 2.251390553050756915e-01
2.567658733355240863e-01, 1.571871286526188571e-01, 3.609233625298505221e-01, 2.251236354820065066e-01
2.567530049448060736e-01, 1.571629452857172815e-01, 3.609758241034550230e-01, 2.251082256660216219e-01
2.567401625593708214e-01, 1.571387560481182222e-01, 3.610282555345963873e-01, 2.250928258579145691e-01
2.567273461784862487e-01, 1.571145609526314879e-01, 3.610806568104002467e-01, 2.250774360584821276e-01
2.567145558014075624e-01, 1.570903600120651944e-01, 3.611330279180038905e-01, 2.250620562685233805e-01
2.567017914273773682e-01, 1.570661532392259030e-01, 3.611853688445561539e-01, 2.250466864888404916e-01
2.566890530556257821e-01, 1.570419406469185652e-01, 3.612376795772174187e-01, 2.250313267202381506e-01
2.566763406853702079e-01, 1.570177222479463564e-01, 3.612899601031591690e-01, 2.250159769635242391e-01
2.566636543158152262e-01, 1.569934980551109249e-01, 3.613422104095649345e-01, 2.250006372195089421e-01
2.566509939461532053e-01, 1.569692680812121710e-01, 3.613944304836290700e-01, 2.249853074890054427e-01
2.566383595755638014e-01, 1.569450323390484126e-01, 3.614466203125579757e-01, 2.249699877728298381e-01
2.566257512032137922e-01, 1.569207908414161634e-01, 3.614987798835690436e-01, 2.249546780718009176e-01
2.566131688282576317e-01, 1.568965436011104386e-01, 3.615509091838916556e-01, 2.249393783867403018e-01
2.566006124498371177e-01, 1.568722906309243381e-01, 3.616030082007660740e-01, 2.249240887184724702e-01
2.565880820670812801e-01, 1.568480319436494630e-01, 3.616550769214443850e-01, 2.249088090678248164e-01
2.565755776791070475e-01, 1.568237675520755547e-01, 3.617071153331901101e-01, 2.248935394356273709e-01
2.565630992850181924e-01, 1.567994974689905507e-01, 3.617591234232780395e-01, 2.248782798227131896e-01
2.565506468839062193e-01, 1.567752217071809451e-01, 3.618111011789947318e-01, 2.248630302299181871e-01
2.565382204748499206e-01, 1.567509402794312057e-01, 3.618630485876378478e-01, 2.248477906580810259e-01
2.565258200569158209e-01, 1.567266531985241629e-01, 3.619149656365164835e-01, 2.248325611080434494e-01
2.565134456291575660e-01, 1.567023604772408429e-01, 3.619668523129516147e-01, 2.248173415806499487e-01
2.565010971906162007e-01, 1.566780621283605790e-01, 3.620187086042753188e-01, 2.248021320767477627e-01
2.564887747403205576e-01, 1.566537581646608723e-01, 3.620705344978311646e-01, 2.247869325971875165e-01
2.564764782772865903e-01, 1.566294485989173368e-01, 3.621223299809740448e-01, 2.247717431428220280e-01
2.564642078005177628e-01, 1.566051334439039489e-01, 3.621740950410706206e-01, 2.247565637145077511e-01
2.564519633090051043e-01, 1.565808127123927695e-01, 3.622258296654985443e-01, 2.247413943131036096e-01
2.564397448017269876e-01, 1.565564864171540838e-01, 3.622775338416472368e-01, 2.247262349394716641e-01
2.564275522776495175e-01, 1.565321545709563444e-01, 3.623292075569173321e-01, 2.247110855944767505e-01
2.564153857357258093e-01, 1.565078171865661449e-01, 3.623808507987211769e-01, 2.246959462789868689e-01
2.564032451748967101e-01, 1.564834742767482190e-01, 3.624324635544821649e-01, 2.246808169938728228e-01
2.563911305940906882e-01, 1.564591258542654684e-01, 3.624840458116354025e-01, 2.246656977400083299e-01
2.563790419922234443e-01, 1.564347719318789909e-01, 3.625355975576272094e-01, 2.246505885182703555e-01
2.563669793681980780e-01, 1.564104125223478858e-01, 3.625871187799155071e-01, 2.246354893295385013e-01
2.563549427209056430e-01, 1.563860476384294484e-01, 3.626386094659692638e-01, 2.246204001746956169e-01
2.563429320492241481e-01, 1.563616772928790311e-01, 3.626900696032694382e-01, 2.246053210546274104e-01
2.563309473520193893e-01, 1.563373014984501541e-01, 3.627414991793078136e-01, 2.245902519702226152e-01
2.563189886281446173e-01, 1.563129202678944507e-01, 3.627928981815879417e-01, 2.245751929223730736e-01
2.563070558764404816e-01, 1.562885336139614445e-01, 3.628442665976245873e-01, 2.245601439119735143e-01
2.562951490957353640e-01, 1.562641415493988828e-01, 3.628956044149440618e-01, 2.245451049399216914e-01
2.562832682848448784e-01, 1.562397440869525700e-01, 3.629469116210840562e-01, 2.245300760071185786e-01
2.562714134425723156e-01, 1.562153412393663676e-01, 3.629981882035933083e-01, 2.245150571144679530e-01
2.562595845677084205e-01, 1.561909330193821110e-01, 3.630494341500323796e-01, 2.245000482628770055e-01
2.562477816590316704e-01, 1.561665194397397760e-01, 3.631006494479731561e-01, 2.244850494532553975e-01
2.562360047153077192e-01, 1.561421005131771733e-01, 3.631518340849987370e-01, 2.244700606865163983e-01
2.562242537352898419e-01, 1.561176762524303652e-01, 3.632029880487036011e-01, 2.244550819635761640e-01
2.562125287177192123e-01, 1.560932466702333044e-01, 3.632541113266936073e-01, 2.244401132853539316e-01
2.562008296613240144e-01, 1.560688117793178342e-01, 3.633052039065862160e-01, 2.244251546527719354e-01
2.561891565648203306e-01, 1.560443715924140773e-01, 3.633562657760099901e-01, 2.244102060667556575e-01
2.561775094269116426e-01, 1.560199261222497691e-01, 3.634072969226050387e-01, 2.243952675282336329e-01
2.561658882462888864e-01, 1.559954753815509798e-01, 3.634582973340226286e-01, 2.243803390381374219e-01
2.561542930216308966e-01, 1.559710193830415037e-01, 3.635092669979256841e-01, 2.243654205974019711e-01
2.561427237516036848e-01, 1.559465581394430811e-01, 3.635602059019882315e-01, 2.243505122069648916e-01
2.561311804348612720e-01, 1.559220916634755927e-01, 3.636111140338957881e-01, 2.243356138677675415e-01
2.561196630700445231e-01, 1.558976199678566432e-01, 3.636619913813450844e-01, 2.243207255807538048e-01
2.561081716557825350e-01, 1.558731430653018668e-01, 3.637128379320443416e-01, 2.243058473468712566e-01
2.560967061906918585e-01, 1.558486609685248159e-01, 3.637636536737132165e-01, 2.242909791670701647e-01
2.560852666733762772e-01, 1.558241736902369334e-01, 3.638144385940824677e-01, 2.242761210423043772e-01
2.560738531024275288e-01, 1.557996812431475531e-01, 3.638651926808942894e-01, 2.242612729735306010e-01
2.560624654764248609e-01, 1.557751836399639545e-01, 3.639159159219022555e-01, 2.242464349617089292e-01
2.560511037939348644e-01, 1.557506808933911968e-01, 3.639666083048713752e-01, 2.242316070078025358e-01
2.560397680535121401e-01, 1.557261730161323132e-01, 3.640172698175778154e-01, 2.242167891127778423e-01
2.560284582536984654e-01, 1.557016600208881441e-01, 3.640679004478089564e-01, 2.242019812776044618e-01
2.560171743930234056e-01, 1.556771419203573648e-01, 3.641185001833638912e-01, 2.241871835032553106e-01
2.560059164700043133e-01, 1.556526187272365969e-01, 3.641690690120528706e-01, 2.241723957907062748e-01
2.559946844831457735e-01, 1.556280904542201859e-01, 3.642196069216971921e-01, 2.241576181409367097e-01
2.559834784309403810e-01, 1.556035571140003959e-01, 3.642701139001299215e-01, 2.241428505549292738e-01
2.559722983118680184e-01, 1.555790187192672147e-01, 3.643205899351951160e-01, 2.241280930336695676e-01
2.559611441243963559e-01, 1.555544752827085764e-01, 3.643710350147483235e-01, 2.241133455781466333e-01
2.559500158669806846e-01, 1.555299268170101112e-01, 3.644214491266563605e-01, 2.240986081893528159e-01
2.559389135380637503e-01, 1.555053733348552292e-01, 3.644718322587972570e-01, 2.240838808682837358e-01
2.559278371360762527e-01, 1.554808148489252306e-01, 3.645221843990604227e-01, 2.240691636159379829e-01
2.559167866594363461e-01, 1.554562513718990846e-01, 3.645725055353466471e-01, 2.240544564333179500e-01
2.559057621065498056e-01, 1.554316829164535674e-01, 3.646227956555678218e-01, 2.240397593214288330e-01
2.558947634758099721e-01, 1.554071094952632903e-01, 3.646730547476472739e-01, 2.240250722812794915e-01
2.558837907655980848e-01, 1.553825311210004778e-01, 3.647232827995196547e-01, 2.240103953138818382e-01
2.558728439742827265e-01, 1.553579478063351615e-01, 3.647734797991308286e-01, 2.239957284202512555e-01
2.558619231002205452e-01, 1.553333595639352083e-01, 3.648236457344379291e-01, 2.239810716014063174e-01
2.558510281417554211e-01, 1.553087664064659590e-01, 3.648737805934094691e-01, 2.239664248583691231e-01
2.558401590972191331e-01, 1.552841683465907563e-01, 3.649238843640252306e-01, 2.239517881921649356e-01
2.558293159649312476e-01, 1.552595653969704448e-01, 3.649739570342760420e-01, 2.239371616038223212e-01
2.558184987431986190e-01, 1.552349575702636486e-01, 3.650239985921643338e-01, 2.239225450943734541e-01
2.558077074303160559e-01, 1.552103448791266604e-01, 3.650740090257036385e-01, 2.239079386648536452e-01
2.557969420245660985e-01, 1.551857273362134970e-01, 3.651239883229188132e-01, 2.238933423163015635e-01
2.557862025242187420e-01, 1.551611049541757881e-01, 3.651739364718459280e-01, 2.238787560497595697e-01
2.557754889275319354e-01, 1.551364777456628596e-01, 3.652238534605323217e-01, 2.238641798662728832e-01
2.557648012327511378e-01, 1.551118457233217340e-01, 3.652737392770366576e-01, 2.238496137668905539e-01
2.557541394381095401e-01, 1.550872088997969633e-01, 3.653235939094287565e-01, 2.238350577526648233e-01
2.557435035418278990e-01, 1.550625672877308792e-01, 3.653734173457897638e-01, 2.238205118246514580e-01
2.557328935421150917e-01, 1.550379208997633429e-01, 3.654232095742120379e-01, 2.238059759839095830e-01
2.557223094371672834e-01, 1.550132697485318567e-01, 3.654729705827992614e-01, 2.237914502315016541e-01
2.557117512251685376e-01, 1.549886138466715357e-01, 3.655227003596662749e-01, 2.237769345684936795e-01
2.557012189042906503e-01, 1.549639532068151915e-01, 3.655723988929391877e-01, 2.237624289959550261e-01
2.556907124726929825e-01, 1.549392878415930819e-01, 3.656220661707553221e-01, 2.237479335149586412e-01
2.556802319285228497e-01, 1.549146177636331057e-01, 3.656717021812632140e-01, 2.237334481265806918e-01
2.556697772699151883e-01, 1.548899429855608301e-01, 3.657213069126229454e-01, 2.237189728319010362e-01
2.556593484949925554e-01, 1.548652635199992411e-01, 3.657708803530052566e-01, 2.237045076320028913e-01
2.556489456018655182e-01, 1.548405793795690488e-01, 3.658204224905926005e-01, 2.236900525279729157e-01
2.556385685886319314e-01, 1.548158905768883820e-01, 3.658699333135782550e-01, 2.236756075209013761e-01
2.556282174533779927e-01, 1.547911971245729268e-01, 3.659194128101672105e-01, 2.236611726118818699e-01
2.556178921941772431e-01, 1.547664990352360659e-01, 3.659688609685752270e-01, 2.236467478020114641e-01
2.556075928090909555e-01, 1.547417963214884340e-01, 3.660182777770294438e-01, 2.236323330923910835e-01
2.555973192961684126e-01, 1.547170889959385565e-01, 3.660676632237683248e-01, 2.236179284841247061e-01
2.555870716534464071e-01, 1.546923770711920720e-01, 3.661170172970413250e-01, 2.236035339783201958e-01
2.555768498789497967e-01, 1.546676605598523435e-01, 3.661663399851092238e-01, 2.235891495760886361e-01
2.555666539706908935e-01, 1.546429394745202357e-01, 3.662156312762440136e-01, 2.235747752785449405e-01
2.555564839266699084e-01, 1.546182138277940599e-01, 3.662648911587287337e-01, 2.235604110868072703e-01
2.555463397448748952e-01, 1.545934836322695738e-01, 3.663141196208580253e-01, 2.235460570019975612e-01
2.555362214232816953e-01, 1.545687489005400372e-01, 3.663633166509371319e-01, 2.235317130252412188e-01
2.555261289598536600e-01, 1.545440096451961287e-01, 3.664124822372828993e-01, 2.235173791576672842e-01
2.555160623525423724e-01, 1.545192658788261120e-01, 3.664616163682233863e-01, 2.235030554004082126e-01
2.555060215992868700e-01, 1.544945176140155862e-01, 3.665107190320973651e-01, 2.234887417546002064e-01
2.554960066980140887e-01, 1.544697648633474585e-01, 3.665597902172553768e-01, 2.234744382213829372e-01
2.554860176466389188e-01, 1.544450076394024429e-01, 3.666088299120588423e-01, 2.234601448018998238e-01
2.554760544430637048e-01, 1.544202459547582840e-01, 3.666578381048804514e-01, 2.234458614972976431e-01
2.554661170851789675e-01, 1.543954798219903668e-01, 3.667068147841036629e-01, 2.234315883087270305e-01
2.554562055708627932e-01, 1.543707092536713843e-01, 3.667557599381237599e-01, 2.234173252373420349e-01
2.554463198979811667e-01, 1.543459342623714481e-01, 3.668046735553467941e-01, 2.234030722843005634e-01
2.554364600643880823e-01, 1.543211548606580330e-01, 3.668535556241899753e-01, 2.233888294507637984e-01
2.554266260679250444e-01, 1.542963710610961159e-01, 3.669024061330818931e-01, 2.233745967378970021e-01
2.554168179064215116e-01, 1.542715828762478703e-01, 3.669512250704619061e-01, 2.233603741468687398e-01
2.554070355776948409e-01, 1.542467903186728884e-01, 3.670000124247809192e-01, 2.233461616788513515e-01
2.553972790795502323e-01, 1.542219934009282367e-01, 3.670487681845007177e-01, 2.233319593350208687e-01
2.553875484097804516e-01, 1.541971921355681230e-01, 3.670974923380944110e-01, 2.233177671165569589e-01
2.553778435661666069e-01, 1.541723865351442568e-01, 3.671461848740460998e-01, 2.233035850246428977e-01
2.553681645464772054e-01, 1.541475766122056557e-01, 3.671948457808511534e-01, 2.232894130604659300e-01
2.553585113484689306e-01, 1.541227623792985890e-01, 3.672434750470159881e-01, 2.232752512252164645e-01
2.553488839698860313e-01, 1.540979438489666897e-01, 3.672920726610581221e-01, 2.232610995200891568e-01
2.553392824084608215e-01, 1.540731210337508983e-01, 3.673406386115061761e-01, 2.232469579462821319e-01
2.553297066619134581e-01, 1.540482939461893797e-01, 3.673891728869000950e-01, 2.232328265049970117e-01
2.553201567279519413e-01, 1.540234625988177175e-01, 3.674376754757908148e-01, 2.232187051974395819e-01
2.553106326042720586e-01, 1.539986270041686922e-01, 3.674861463667402073e-01, 2.232045940248189864e-01
2.553011342885576074e-01, 1.539737871747723641e-01, 3.675345855483217461e-01, 2.231904929883483102e-01
2.552916617784802833e-01, 1.539489431231561012e-01, 3.675829930091193964e-01, 2.231764020892442746e-01
2.552822150716994587e-01, 1.539240948618444405e-01, 3.676313687377286143e-01, 2.231623213287274032e-01
2.552727941658626820e-01, 1.538992424033593098e-01, 3.676797127227560136e-01, 2.231482507080220223e-01
2.552633990586051227e-01, 1.538743857602196952e-01, 3.677280249528189771e-01, 2.231341902283562051e-01
2.552540297475501263e-01, 1.538495249449420010e-01, 3.677763054165463230e-01, 2.231201398909615496e-01
2.552446862303086594e-01, 1.538246599700397177e-01, 3.678245541025778054e-01, 2.231060996970737897e-01
2.552353685044798093e-01, 1.537997908480236708e-01, 3.678727709995642803e-01, 2.230920696479322951e-01
2.552260765676503396e-01, 1.537749175914017719e-01, 3.679209560961675396e-01, 2.230780497447802935e-01
2.552168104173953012e-01, 1.537500402126792398e-01, 3.679691093810607549e-01, 2.230640399888646208e-01
2.552075700512773659e-01, 1.537251587243584350e-01, 3.680172308429282002e-01, 2.230500403814361099e-01
2.551983554668471044e-01, 1.537002731389388588e-01, 3.680653204704646964e-01, 2.230360509237492572e-01
2.551891666616431520e-01, 1.536753834689173481e-01, 3.681133782523767217e-01, 2.230220716170626671e-01
2.551800036331921540e-01, 1.536504897267877701e-01, 3.681614041773815238e-01, 2.230081024626384689e-01
2.551708663790084319e-01, 1.536255919250411328e-01, 3.682093982342076743e-01, 2.229941434617427332e-01
2.551617548965944282e-01, 1.536006900761657523e-01, 3.682573604115944033e-01, 2.229801946156455272e-01
2.551526691834404836e-01, 1.535757841926468914e-01, 3.683052906982922092e-01, 2.229662559256203880e-01
2.551436092370249487e-01, 1.535508742869671761e-01, 3.683531890830628597e-01, 2.229523273929450711e-01
2.551345750548139613e-01, 1.535259603716061516e-01, 3.684010555546788357e-01, 2.229384090189011625e-01
2.551255666342616690e-01, 1.535010424590406153e-01, 3.684488901019238316e-01, 2.229245008047739118e-01
2.551165839728102847e-01, 1.534761205617444224e-01, 3.684966927135925885e-01, 2.229106027518527045e-01
2.551076270678900859e-01, 1.534511946921885972e-01, 3.685444633784907831e-01, 2.228967148614305060e-01
2.550986959169188051e-01, 1.534262648628411940e-01, 3.685922020854354164e-01, 2.228828371348045845e-01
2.550897905173027391e-01, 1.534013310861673807e-01, 3.686399088232541477e-01, 2.228689695732757048e-01
2.550809108664358060e-01, 1.533763933746294383e-01, 3.686875835807859048e-01, 2.228551121781488231e-01
2.550720569617001554e-01, 1.533514517406867339e-01, 3.687352263468804958e-01, 2.228412649507326704e-01
2.550632288004655024e-01, 1.533265061967955811e-01, 3.687828371103989422e-01, 2.228274278923398910e-01
2.550544263800900158e-01, 1.533015567554095460e-01, 3.688304158602132010e-01, 2.228136010042872650e-01
2.550456496979195964e-01, 1.532766034289790580e-01, 3.688779625852061095e-01, 2.227997842878952084e-01
2.550368987512882102e-01, 1.532516462299517435e-01, 3.689254772742717736e-01, 2.227859777444883005e-01
2.550281735375177217e-01, 1.532266851707722310e-01, 3.689729599163150686e-01, 2.227721813753950342e-01
2.550194740539181715e-01, 1.532017202638820685e-01, 3.690204105002520829e-01, 2.227583951819477881e-01
2.550108002977873323e-01, 1.531767515217200004e-01, 3.690678290150097296e-01, 2.227446191654829377e-01
2.550021522664114859e-01, 1.531517789567215515e-01, 3.691152154495260240e-01, 2.227308533273408830e-01
2.549935299570643688e-01, 1.531268025813196099e-01, 3.691625697927500283e-01, 2.227170976688660209e-01
2.549849333670081153e-01, 1.531018224079437051e-01, 3.692098920336416845e-01, 2.227033521914065506e-01
2.549763624934925366e-01, 1.530768384490205913e-01, 3.692571821611720373e-01, 2.226896168963149458e-01
2.549678173337557863e-01, 1.530518507169738029e-01, 3.693044401643229002e-01, 2.226758917849475661e-01
2.549592978850240832e-01, 1.530268592242240711e-01, 3.693516660320873002e-01, 2.226621768586645178e-01
2.549508041445113227e-01, 1.530018639831889349e-01, 3.693988597534692553e-01, 2.226484721188304872e-01
2.549423361094197982e-01, 1.529768650062829916e-01, 3.694460213174836083e-01, 2.226347775668136297e-01
2.549338937769395352e-01, 1.529518623059177573e-01, 3.694931507131561932e-01, 2.226210932039864587e-01
2.549254771442489020e-01, 1.529268558945017231e-01, 3.695402479295239462e-01, 2.226074190317254564e-01
2.549170862085141098e-01, 1.529018457844401879e-01, 3.695873129556345726e-01, 2.225937550514110463e-01
2.549087209668895460e-01, 1.528768319881355919e-01, 3.696343457805471022e-01, 2.225801012644278709e-01
2.549003814165174964e-01, 1.528518145179871002e-01, 3.696813463933309452e-01, 2.225664576721644861e-01
2.548920675545284786e-01, 1.528267933863909356e-01, 3.697283147830670025e-01, 2.225528242760136666e-01
2.548837793780410199e-01, 1.528017686057401014e-01, 3.697752509388467779e-01, 2.225392010773720730e-01
2.548755168841617125e-01, 1.527767401884247700e-01, 3.698221548497730438e-01, 2.225255880776406125e-01
2.548672800699851582e-01, 1.527517081468315885e-01, 3.698690265049591752e-01, 2.225119852782240226e-01
2.548590689325941905e-01, 1.527266724933444286e-01, 3.699158658935297050e-01, 2.224983926805316481e-01
2.548508834690595415e-01, 1.527016332403439425e-01, 3.699626730046201573e-01, 2.224848102859764420e-01
2.548427236764400639e-01, 1.526765904002075624e-01, 3.700094478273767695e-01, 2.224712380959756597e-01
2.548345895517828974e-01, 1.526515439853097234e-01, 3.700561903509568817e-01, 2.224576761119506085e-01
2.548264810921229695e-01, 1.526264940080216126e-01, 3.701029005645284364e-01, 2.224441243353268427e-01
2.548183982944836057e-01, 1.526014404807114200e-01, 3.701495784572711445e-01, 2.224305827675338854e-01
2.548103411558759746e-01, 1.525763834157439214e-01, 3.701962240183745423e-01, 2.224170514100055618e-01
2.548023096732994763e-01, 1.525513228254809783e-01, 3.702428372370397680e-01, 2.224035302641796941e-01
2.547943038437416874e-01, 1.525262587222811217e-01, 3.702894181024787845e-01, 2.223900193314983786e-01
2.547863236641781937e-01, 1.525011911184997460e-01, 3.703359666039143239e-01, 2.223765186134077920e-01
2.547783691315726462e-01, 1.524761200264890537e-01, 3.703824827305800538e-01, 2.223630281113583018e-01
2.547704402428768722e-01, 1.524510454585981112e-01, 3.704289664717205777e-01, 2.223495478268043557e-01
2.547625369950310414e-01, 1.524259674271727649e-01, 3.704754178165914347e-01, 2.223360777612049255e-01
2.547546593849630003e-01, 1.524008859445554753e-01, 3.705218367544590441e-01, 2.223226179160225635e-01
2.547468074095891044e-01, 1.523758010230857607e-01, 3.705682232746006499e-01, 2.223091682927245682e-01
2.547389810658137188e-01, 1.523507126750997531e-01, 3.706145773663042653e-01, 2.222957288927822350e-01
2.547311803505292738e-01, 1.523256209129303373e-01, 3.706608990188692832e-01, 2.222822997176710225e-01
2.547234052606164867e-01, 1.523005257489072617e-01, 3.707071882216055325e-01, 2.222688807688706913e-01
2.547156557929441401e-01, 1.522754271953569993e-01, 3.707534449638335561e-01, 2.222554720478651935e-01
2.547079319443691925e-01, 1.522503252646026650e-01, 3.707996692348854983e-01, 2.222420735561425886e-01
2.547002337117367787e-01, 1.522252199689642649e-01, 3.708458610241034958e-01, 2.222286852951954328e-01
2.546925610918800986e-01, 1.522001113207583911e-01, 3.708920203208412869e-01, 2.222153072665201679e-01
2.546849140816206392e-01, 1.521749993322984995e-01, 3.709381471144629905e-01, 2.222019394716178431e-01
2.546772926777678969e-01, 1.521498840158946320e-01, 3.709842413943437167e-01, 2.221885819119936434e-01
2.546696968771197667e-01, 1.521247653838536940e-01, 3.710303031498696225e-01, 2.221752345891568892e-01
2.546621266764621527e-01, 1.520996434484790938e-01, 3.710763323704374672e-01, 2.221618975046211752e-01
2.546545820725691356e-01, 1.520745182220711311e-01, 3.711223290454551127e-01, 2.221485706599046761e-01
2.546470630622030829e-01, 1.520493897169266917e-01, 3.711682931643407457e-01, 2.221352540565295630e-01
2.546395696421143162e-01, 1.520242579453393583e-01, 3.712142247165242104e-01, 2.221219476960221706e-01
2.546321018090417221e-01, 1.519991229195993554e-01, 3.712601236914453429e-01, 2.221086515799135241e-01
2.546246595597120854e-01, 1.519739846519937154e-01, 3.713059900785553591e-01, 2.220953657097388123e-01
2.546172428908404783e-01, 1.519488431548058627e-01, 3.713518238673162997e-01, 2.220820900870372760e-01
2.546098517991302601e-01, 1.519236984403161683e-01, 3.713976250472006413e-01, 2.220688247133529025e-01
2.546024862812727996e-01, 1.518985505208015063e-01, 3.714433936076921294e-01, 2.220555695902335647e-01
2.545951463339479748e-01, 1.518733994085353367e-01, 3.714891295382848346e-01, 2.220423247192317984e-01
2.545878319538234513e-01, 1.518482451157879276e-01, 3.715348328284842627e-01, 2.220290901019043583e-01
2.545805431375555705e-01, 1.518230876548259389e-01, 3.715805034678061891e-01, 2.220158657398123569e-01
2.545732798817885723e-01, 1.517979270379128665e-01, 3.716261414457774359e-01, 2.220026516345212086e-01
2.545660421831551501e-01, 1.517727632773086255e-01, 3.716717467519356499e-01, 2.219894477876006855e-01
2.545588300382758407e-01, 1.517475963852699394e-01, 3.717173193758292471e-01, 2.219762542006250561e-01
2.545516434437599118e-01, 1.517224263740499790e-01, 3.717628593070174126e-01, 2.219630708751727244e-01
2.545444823962046410e-01, 1.516972532558985287e-01, 3.718083665350700451e-01, 2.219498978128268130e-01
2.545373468921954818e-01, 1.516720770430619591e-01, 3.718538410495679791e-01, 2.219367350151745522e-01
2.545302369283062305e-01, 1.516468977477832825e-01, 3.718992828401028183e-01, 2.219235824838075855e-01
2.545231525010989704e-01, 1.516217153823019859e-01, 3.719446918962769355e-01, 2.219104402203221083e-01
2.545160936071237945e-01, 1.515965299588541981e-01, 3.719900682077034171e-01, 2.218973082263186736e-01
2.545090602429193605e-01, 1.515713414896724953e-01, 3.720354117640061187e-01, 2.218841865034020255e-01
2.545020524050123911e-01, 1.515461499869862061e-01, 3.720807225548197206e-01, 2.218710750531817100e-01
2.544950700899180074e-01, 1.515209554630208844e-01, 3.721260005697897277e-01, 2.218579738772713528e-01
2.544881132941395063e-01, 1.514957579299989476e-01, 3.721712457985723033e-01, 2.218448829772892705e-01
2.544811820141684722e-01, 1.514705574001391220e-01, 3.722164582308344349e-01, 2.218318023548580264e-01
2.544742762464846098e-01, 1.514453538856566917e-01, 3.722616378562538797e-01, 2.218187320116047911e-01
2.544673959875563551e-01, 1.514201473987635549e-01, 3.723067846645189416e-01, 2.218056719491610651e-01
2.544605412338400430e-01, 1.513949379516681126e-01, 3.723518986453290824e-01, 2.217926221691627620e-01
2.544537119817802950e-01, 1.513697255565749911e-01, 3.723969797883940891e-01, 2.217795826732505970e-01
2.544469082278101868e-01, 1.513445102256856800e-01, 3.724420280834347952e-01, 2.217665534630692825e-01
2.544401299683510254e-01, 1.513192919711979778e-01, 3.724870435201826369e-01, 2.217535345402683322e-01
2.544333771998124050e-01, 1.512940708053061856e-01, 3.725320260883796530e-01, 2.217405259065017287e-01
2.544266499185922625e-01, 1.512688467402009684e-01, 3.725769757777789293e-01, 2.217275275634278120e-01
2.544199481210768221e-01, 1.512436197880697164e-01, 3.726218925781440428e-01, 2.217145395127093910e-01
2.544132718036405949e-01, 1.512183899610959337e-01, 3.726667764792493398e-01, 2.217015617560141594e-01
2.544066209626463793e-01, 1.511931572714599326e-01, 3.727116274708800470e-01, 2.216885942950137245e-01
2.543999955944453717e-01, 1.511679217313381951e-01, 3.727564455428317158e-01, 2.216756371313846896e-01
2.543933956953771114e-01, 1.511426833529038172e-01, 3.728012306849110002e-01, 2.216626902668081267e-01
2.543868212617692581e-01, 1.511174421483262309e-01, 3.728459828869351567e-01, 2.216497537029693821e-01
2.543802722899381474e-01, 1.510921981297712879e-01, 3.728907021387320442e-01, 2.216368274415585482e-01
2.543737487761881244e-01, 1.510669513094013705e-01, 3.729353884301402910e-01, 2.216239114842703251e-01
2.543672507168119878e-01, 1.510417016993750305e-01, 3.729800417510091837e-01, 2.216110058328037147e-01
2.543607781080909902e-01, 1.510164493118476003e-01, 3.730246620911988886e-01, 2.215981104888625208e-01
2.543543309462945601e-01, 1.509911941589704154e-01, 3.730692494405800641e-01, 2.215852254541550437e-01
2.543479092276805242e-01, 1.509659362528915361e-01, 3.731138037890338599e-01, 2.215723507303940520e-01
2.543415129484951076e-01, 1.509406756057550814e-01, 3.731583251264526946e-01, 2.215594863192970332e-01
2.543351421049729333e-01, 1.509154122297018952e-01, 3.732028134427393118e-01, 2.215466322225859430e-01
2.543287966933368005e-01, 1.508901461368689079e-01, 3.732472687278067802e-01, 2.215337884419874559e-01
2.543224767097980732e-01, 1.508648773393896081e-01, 3.732916909715795484e-01, 2.215209549792327703e-01
2.543161821505563469e-01, 1.508396058493936820e-01, 3.733360801639922788e-01, 2.215081318360576645e-01
2.543099130117996709e-01, 1.508143316790073463e-01, 3.733804362949902922e-01, 2.214953190142026906e-01
2.543036692897045481e-01, 1.507890548403529041e-01, 3.734247593545298449e-01, 2.214825165154127029e-01
2.542974509804354910e-01, 1.507637753455493002e-01, 3.734690493325776295e-01, 2.214697243414375516e-01
2.542912580801459099e-01, 1.507384932067116490e-01, 3.735133062191109965e-01, 2.214569424940315556e-01
2.542850905849772247e-01, 1.507132084359513180e-01, 3.735575300041180657e-01, 2.214441709749534748e-01
2.542789484910593090e-01, 1.506879210453762052e-01, 3.736017206775974486e-01, 2.214314097859670094e-01
2.542728317945107674e-01, 1.506626310470903507e-01, 3.736458782295585257e-01, 2.214186589288403839e-01
2.542667404914380480e-01, 1.506373384531941029e-01, 3.736900026500212801e-01, 2.214059184053465690e-01
2.542606745779363298e-01, 1.506120432757842575e-01, 3.737340939290162978e-01, 2.213931882172630872e-01
2.542546340500892454e-01, 1.505867455269537247e-01, 3.737781520565848781e-01, 2.213804683663721795e-01
2.542486189039687150e-01, 1.505614452187917784e-01, 3.738221770227787011e-01, 2.213677588544607500e-01
2.542426291356351120e-01, 1.505361423633840567e-01, 3.738661688176603826e-01, 2.213550596833203932e-01
2.542366647411371527e-01, 1.505108369728122841e-01, 3.739101274313030854e-01, 2.213423708547474777e-01
2.542307257165121182e-01, 1.504855290591546602e-01, 3.739540528537904085e-01, 2.213296923705428687e-01
2.542248120577855208e-01, 1.504602186344853598e-01, 3.739979450752166645e-01, 2.213170242325123716e-01
2.542189237609714936e-01, 1.504349057108752274e-01, 3.740418040856869353e-01, 2.213043664424663437e-01
2.542130608220725119e-01, 1.504095903003909995e-01, 3.740856298753165721e-01, 2.212917190022199443e-01
2.542072232370794493e-01, 1.503842724150957766e-01, 3.741294224342318619e-01, 2.212790819135929954e-01
2.542014110019716333e-01, 1.503589520670489121e-01, 3.741731817525695281e-01, 2.212664551784099265e-01
2.541956241127170668e-01, 1.503336292683058739e-01, 3.742169078204767296e-01, 2.212538387985003574e-01
2.541898625652717625e-01, 1.503083040309186047e-01, 3.742606006281115061e-01, 2.212412327756981545e-01
2.541841263555805197e-01, 1.502829763669349672e-01, 3.743042601656424440e-01, 2.212286371118421247e-01
2.541784154795765360e-01, 1.502576462883992714e-01, 3.743478864232483994e-01, 2.212160518087758487e-01
2.541727299331812961e-01, 1.502323138073519138e-01, 3.743914793911191641e-01, 2.212034768683476538e-01
2.541670697123049605e-01, 1.502069789358294327e-01, 3.744350390594550215e-01, 2.211909122924106130e-01
2.541614348128460321e-01, 1.501816416858646752e-01, 3.744785654184666357e-01, 2.211783580828225459e-01
2.541558252306916343e-01, 1.501563020694866857e-01, 3.745220584583754397e-01, 2.211658142414462125e-01
2.541502409617171776e-01, 1.501309600987204840e-01, 3.745655181694133584e-01, 2.211532807701489245e-01
2.541446820017865260e-01, 1.501056157855875095e-01, 3.746089445418228636e-01, 2.211407576708030454e-01
2.541391483467522194e-01, 1.500802691421052326e-01, 3.746523375658569743e-01, 2.211282449452854626e-01
2.541336399924551959e-01, 1.500549201802872934e-01, 3.746956972317793677e-01, 2.211157425954780875e-01
2.541281569347248470e-01, 1.500295689121435572e-01, 3.747390235298640460e-01, 2.211032506232675499e-01
2.541226991693789627e-01, 1.500042153496798925e-01, 3.747823164503957805e-01, 2.210907690305453366e-01
2.541172666922241197e-01, 1.499788595048984485e-01, 3.748255759836697232e-01, 2.210782978192076531e-01
2.541118594990550150e-01, 1.499535013897974889e-01, 3.748688021199916842e-01, 2.210658369911557564e-01
2.541064775856552993e-01, 1.499281410163713080e-01, 3.749119948496779098e-01, 2.210533865482954274e-01
2.541011209477966881e-01, 1.499027783966103700e-01, 3.749551541630552487e-01, 2.210409464925376932e-01
2.540957895812395728e-01, 1.498774135425013643e-01, 3.749982800504609859e-01, 2.210285168257981048e-01
2.540904834817331315e-01, 1.498520464660269003e-01, 3.750413725022428979e-01, 2.210160975499971536e-01
2.540852026450143852e-01, 1.498266771791657848e-01, 3.750844315087595859e-01, 2.210036886670601330e-01
2.540799470668098636e-01, 1.498013056938930221e-01, 3.751274570603797542e-01, 2.209912901789174711e-01
2.540747167428334952e-01, 1.497759320221795365e-01, 3.751704491474828762e-01, 2.209789020875041199e-01
2.540695116687886612e-01, 1.497505561759923665e-01, 3.752134077604587503e-01, 2.209665243947602498e-01
2.540643318403668083e-01, 1.497251781672947479e-01, 3.752563328897079442e-01, 2.209541571026306106e-01
2.540591772532478920e-01, 1.496997980080458091e-01, 3.752992245256411286e-01, 2.209418002130650593e-01
2.540540479031008214e-01, 1.496744157102009587e-01, 3.753420826586797987e-01, 2.209294537280183102e-01
2.540489437855825150e-01, 1.496490312857115534e-01, 3.753849072792560526e-01, 2.209171176494499067e-01
2.540438648963387891e-01, 1.496236447465248975e-01, 3.754276983778118137e-01, 2.209047919793244164e-01
2.540388112310039692e-01, 1.495982561045845760e-01, 3.754704559448003298e-01, 2.208924767196112082e-01
2.540337827852007790e-01, 1.495728653718299273e-01, 3.755131799706846740e-01, 2.208801718722845919e-01
2.540287795545405625e-01, 1.495474725601966537e-01, 3.755558704459386887e-01, 2.208678774393239563e-01
2.540238015346234501e-01, 1.495220776816162667e-01, 3.755985273610468189e-01, 2.208555934227134643e-01
2.540188487210376933e-01, 1.494966807480162807e-01, 3.756411507065036126e-01, 2.208433198244424134e-01
2.540139211093605520e-01, 1.494712817713204356e-01, 3.756837404728143315e-01, 2.208310566465047087e-01
2.540090186951575735e-01, 1.494458807634482522e-01, 3.757262966504945623e-01, 2.208188038908995843e-01
2.540041414739830361e-01, 1.494204777363153658e-01, 3.757688192300704944e-01, 2.208065615596309927e-01
2.539992894413796720e-01, 1.493950727018334979e-01, 3.758113082020788087e-01, 2.207943296547080492e-01
2.539944625928789446e-01, 1.493696656719100679e-01, 3.758537635570662894e-01, 2.207821081781446704e-01
2.539896609240007153e-01, 1.493442566584489151e-01, 3.758961852855906005e-01, 2.207698971319597692e-01
2.539848844302536324e-01, 1.493188456733495206e-01, 3.759385733782195094e-01, 2.207576965181774209e-01
2.539801331071347978e-01, 1.492934327285074247e-01, 3.759809278255313303e-01, 2.207455063388265026e-01
2.539754069501299893e-01, 1.492680178358141707e-01, 3.760232486181148692e-01, 2.207333265959408597e-01
2.539707059547135493e-01, 1.492426010071573605e-01, 3.760655357465694792e-01, 2.207211572915597220e-01
2.539660301163483291e-01, 1.492171822544202942e-01, 3.761077892015045054e-01, 2.207089984277268713e-01
2.539613794304860783e-01, 1.491917615894824967e-01, 3.761500089735401731e-01, 2.206968500064912797e-01
2.539567538925667778e-01, 1.491663390242193576e-01, 3.761921950533069769e-01, 2.206847120299069709e-01
2.539521534980193618e-01, 1.491409145705021033e-01, 3.762343474314455150e-01, 2.206725845000330199e-01
2.539475782422611627e-01, 1.491154882401979631e-01, 3.762764660986074317e-01, 2.206604674189334703e-01
2.539430281206981888e-01, 1.490900600451700864e-01, 3.763185510454541971e-01, 2.206483607886774723e-01
2.539385031287251793e-01, 1.490646299972776534e-01, 3.763606022626579950e-01, 2.206362646113391446e-01
2.539340032617252163e-01, 1.490391981083755701e-01, 3.764026197409012786e-01, 2.206241788889978239e-01
2.539295285150705017e-01, 1.490137643903148290e-01, 3.764446034708769373e-01, 2.206121036237377042e-01
2.539250788841214135e-01, 1.489883288549422591e-01, 3.764865534432881855e-01, 2.206000388176481142e-01
2.539206543642272274e-01, 1.489628915141004706e-01, 3.765284696488487293e-01, 2.205879844728235173e-01
2.539162549507256172e-01, 1.489374523796282157e-01, 3.765703520782827107e-01, 2.205759405913634286e-01
2.539118806389432104e-01, 1.489120114633599168e-01, 3.766122007223244861e-01, 2.205639071753723868e-01
2.539075314241951431e-01, 1.488865687771259994e-01, 3.766540155717187921e-01, 2.205518842269600654e-01
2.539032073017851165e-01, 1.488611243327527256e-01, 3.766957966172208572e-01, 2.205398717482413840e-01
2.538989082670055630e-01, 1.488356781420622221e-01, 3.767375438495962348e-01, 2.205278697413359801e-01
2.538946343151377572e-01, 1.488102302168725077e-01, 3.767792572596208034e-01, 2.205158782083690705e-01
2.538903854414512051e-01, 1.487847805689974101e-01, 3.768209368380807667e-01, 2.205038971514705903e-01
2.538861616412045330e-01, 1.487593292102467046e-01, 3.768625825757728753e-01, 2.204919265727758870e-01
2.538819629096448205e-01, 1.487338761524259201e-01, 3.769041944635039831e-01, 2.204799664744252208e-01
2.538777892420078786e-01, 1.487084214073364219e-01, 3.769457724920916020e-01, 2.204680168585642086e-01
2.538736406335179718e-01, 1.486829649867755510e-01, 3.769873166523631802e-01, 2.204560777273432692e-01
2.538695170793885403e-01, 1.486575069025363738e-01, 3.770288269351567689e-01, 2.204441490829182615e-01
2.538654185748212000e-01, 1.486320471664077103e-01, 3.770703033313208552e-01, 2.204322309274502067e-01
2.538613451150065758e-01, 1.486065857901743559e-01, 3.771117458317139737e-01, 2.204203232631050946e-01
2.538572966951238019e-01, 1.485811227856168315e-01, 3.771531544272052061e-01, 2.204084260920541605e-01
2.538532733103409100e-01, 1.485556581645114949e-01, 3.771945291086739038e-01, 2.203965394164738023e-01
2.538492749558142747e-01, 1.485301919386305125e-01, 3.772358698670096322e-01, 2.203846632385455528e-01
2.538453016266894458e-01, 1.485047241197417767e-01, 3.772771766931124482e-01, 2.203727975604563294e-01
2.538413533181003712e-01, 1.484792547196090995e-01, 3.773184495778925118e-01, 2.203609423843979065e-01
2.538374300251697857e-01, 1.484537837499919355e-01, 3.773596885122707523e-01, 2.203490977125675820e-01
2.538335317430090443e-01, 1.484283112226456869e-01, 3.774008934871776466e-01, 2.203372635471675667e-01
2.538296584667183442e-01, 1.484028371493213982e-01, 3.774420644935548297e-01, 2.203254398904055111e-01
2.538258101913866138e-01, 1.483773615417658676e-01, 3.774832015223534287e-01, 2.203136267444940066e-01
2.538219869120914018e-01, 1.483518844117218127e-01, 3.775243045645355067e-01, 2.203018241116512232e-01
2.538181886238989882e-01, 1.483264057709275663e-01, 3.775653736110730629e-01, 2.202900319941002716e-01
2.538144153218646060e-01, 1.483009256311173252e-01, 3.776064086529485886e-01, 2.202782503940695080e-01
2.538106670010318311e-01, 1.482754440040208732e-01, 3.776474096811546222e-01, 2.202664793137927290e-01
2.538069436564334147e-01, 1.482499609013638031e-01, 3.776883766866941938e-01, 2.202547187555086439e-01
2.538032452830905061e-01, 1.482244763348676553e-01, 3.777293096605803813e-01, 2.202429687214614573e-01
2.537995718760130415e-01, 1.481989903162493627e-01, 3.777702085938369758e-01, 2.202312292139005645e-01
2.537959234301999101e-01, 1.481735028572218615e-01, 3.778110734774975943e-01, 2.202195002350806896e-01
2.537922999406385660e-01, 1.481480139694936193e-01, 3.778519043026062341e-01, 2.202077817872615806e-01
2.537887014023053611e-01, 1.481225236647689125e-01, 3.778927010602171066e-01, 2.201960738727085365e-01
2.537851278101652119e-01, 1.480970319547477432e-01, 3.779334637413950815e-01, 2.201843764936919634e-01
2.537815791591720438e-01, 1.480715388511257835e-01, 3.779741923372147427e-01, 2.201726896524875410e-01
2.537780554442682357e-01, 1.480460443655943203e-01, 3.780148868387611105e-01, 2.201610133513763612e-01
2.537745566603851755e-01, 1.480205485098405327e-01, 3.780555472371295855e-01, 2.201493475926447618e-01
2.537710828024430376e-01, 1.479950512955470754e-01, 3.780961735234257826e-01, 2.201376923785841877e-01
2.537676338653505614e-01, 1.479695527343924399e-01, 3.781367656887652529e-01, 2.201260477114916070e-01
2.537642098440056060e-01, 1.479440528380507602e-01, 3.781773237242743724e-01, 2.201144135936693169e-01
2.537608107332943175e-01, 1.479185516181917848e-01, 3.782178476210890650e-01, 2.201027900274248050e-01
2.537574365280921285e-01, 1.478930490864810432e-01, 3.782583373703559682e-01, 2.200911770150708602e-01
2.537540872232629252e-01, 1.478675452545795688e-01, 3.782987929632317670e-01, 2.200795745589257113e-01
2.537507628136594917e-01, 1.478420401341442036e-01, 3.783392143908834160e-01, 2.200679826613128054e-01
2.537474632941235653e-01, 1.478165337368272936e-01, 3.783796016444879173e-01, 2.200564013245611128e-01
2.537441886594853924e-01, 1.477910260742770210e-01, 3.784199547152329313e-01, 2.200448305510046554e-01
2.537409389045641728e-01, 1.477655171581370164e-01, 3.784602735943157215e-01, 2.200332703429831172e-01
2.537377140241680040e-01, 1.477400070000466081e-01, 3.785005582729442097e-01, 2.200217207028412891e-01
2.537345140130934373e-01, 1.477144956116408503e-01, 3.785408087423361989e-01, 2.200101816329294024e-01
2.537313388661264213e-01, 1.476889830045503005e-01, 3.785810249937200944e-01, 2.199986531356031561e-01
2.537281885780411361e-01, 1.476634691904012697e-01, 3.786212070183341272e-01, 2.199871352132234947e-01
2.537250631436009929e-01, 1.476379541808155171e-01, 3.786613548074267976e-01, 2.199756278681566646e-01
2.537219625575579673e-01, 1.476124379874105275e-01, 3.787014683522569869e-01, 2.199641311027746293e-01
2.537188868146529885e-01, 1.475869206217993168e-01, 3.787415476440934015e-01, 2.199526449194543209e-01
2.537158359096157167e-01, 1.475614020955905437e-01, 3.787815926742154060e-01, 2.199411693205783891e-01
2.537128098371647655e-01, 1.475358824203884811e-01, 3.788216034339120242e-01, 2.199297043085346737e-01
2.537098085920075907e-01, 1.475103616077929336e-01, 3.788615799144828822e-01, 2.199182498857166490e-01
2.537068321688402683e-01, 1.474848396693994590e-01, 3.789015221072374873e-01, 2.199068060545228964e-01
2.537038805623479942e-01, 1.474593166167988134e-01, 3.789414300034955607e-01, 2.198953728173576594e-01
2.537009537672045845e-01, 1.474337924615777562e-01, 3.789813035945872599e-01, 2.198839501766304272e-01
2.536980517780729749e-01, 1.474082672153183560e-01, 3.790211428718524012e-01, 2.198725381347562957e-01
2.536951745896044996e-01, 1.473827408895983793e-01, 3.790609478266414589e-01, 2.198611366941557455e-01
2.536923221964399455e-01, 1.473572134959910129e-01, 3.791007184503146776e-01, 2.198497458572544194e-01
2.536894945932083867e-01, 1.473316850460651417e-01, 3.791404547342425713e-01, 2.198383656264839559e-01
2.536866917745281280e-01, 1.473061555513850152e-01, 3.791801566698059234e-01, 2.198269960042809057e-01
2.536839137350063167e-01, 1.472806250235106640e-01, 3.792198242483954540e-01, 2.198156369930875931e-01
2.536811604692386646e-01, 1.472550934739975392e-01, 3.792594574614122083e-01, 2.198042885953516434e-01
2.536784319718101144e-01, 1.472295609143965123e-01, 3.792990563002672233e-01, 2.197929508135262056e-01
2.536757282372942846e-01, 1.472040273562541801e-01, 3.793386207563815837e-01, 2.197816236500699794e-01
2.536730492602537468e-01, 1.471784928111124768e-01, 3.793781508211868103e-01, 2.197703071074470493e-01
2.536703950352398040e-01, 1.471529572905090344e-01, 3.794176464861241937e-01, 2.197590011881269678e-01
2.536677655567929346e-01, 1.471274208059769051e-01, 3.794571077426453498e-01, 2.197477058945847828e-01
2.536651608194422924e-01, 1.471018833690446725e-01, 3.794965345822119973e-01, 2.197364212293010932e-01
2.536625808177058738e-01, 1.470763449912363130e-01, 3.795359269962958471e-01, 2.197251471947619661e-01
2.536600255460907949e-01, 1.470508056840714728e-01, 3.795752849763788239e-01, 2.197138837934589917e-01
2.536574949990927919e-01, 1.470252654590652464e-01, 3.796146085139528448e-01, 2.197026310278891725e-01
2.536549891711967764e-01, 1.469997243277280929e-01, 3.796538976005199295e-01, 2.196913889005552012e-01
2.536525080568763912e-01, 1.469741823015660864e-01, 3.796931522275923676e-01, 2.196801574139651547e-01
2.536500516505941216e-01, 1.469486393920807765e-01, 3.797323723866924405e-01, 2.196689365706327446e-01
2.536476199468015169e-01, 1.469230956107690222e-01, 3.797715580693524773e-01, 2.196577263730769003e-01
2.536452129399390798e-01, 1.468975509691234638e-01, 3.798107092671147988e-01, 2.196465268238226576e-01
2.536428306244360442e-01, 1.468720054786318563e-01, 3.798498259715320513e-01, 2.196353379254000482e-01
2.536404729947108194e-01, 1.468464591507777084e-01, 3.798889081741665952e-01, 2.196241596803449603e-01
2.536381400451702683e-01, 1.468209119970396992e-01, 3.799279558665913381e-01, 2.196129920911986944e-01
2.536358317702107068e-01, 1.467953640288922890e-01, 3.799669690403887912e-01, 2.196018351605082686e-01
2.536335481642170708e-01, 1.467698152578050530e-01, 3.800059476871517350e-01, 2.195906888908260857e-01
2.536312892215634718e-01, 1.467442656952431812e-01, 3.800448917984831643e-01, 2.195795532847102383e-01
2.536290549366126412e-01, 1.467187153526673393e-01, 3.800838013659957881e-01, 2.195684283447242591e-01
2.536268453037163750e-01, 1.466931642415335024e-01, 3.801226763813126408e-01, 2.195573140734374540e-01
2.536246603172155334e-01, 1.466676123732931214e-01, 3.801615168360667485e-01, 2.195462104734245412e-01
2.536224999714398187e-01, 1.466420597593930675e-01, 3.802003227219011294e-01, 2.195351175472659289e-01
2.536203642607078312e-01, 1.466165064112756600e-01, 3.802390940304688494e-01, 2.195240352975477149e-01
2.536182531793272910e-01, 1.465909523403785553e-01, 3.802778307534329105e-01, 2.195129637268612433e-01
2.536161667215946491e-01, 1.465653975581349133e-01, 3.803165328824665292e-01, 2.195019028378038528e-01
2.536141048817955324e-01, 1.465398420759732034e-01, 3.803552004092529693e-01, 2.194908526329783782e-01
2.536120676542042984e-01, 1.465142859053172875e-01, 3.803938333254852644e-01, 2.194798131149930109e-01
2.536100550330845360e-01, 1.464887290575865308e-01, 3.804324316228669400e-01, 2.194687842864621319e-01
2.536080670126886205e-01, 1.464631715441955251e-01, 3.804709952931107364e-01, 2.194577661500050902e-01
2.536061035872578251e-01, 1.464376133765544763e-01, 3.805095243279403294e-01, 2.194467587082473137e-01
2.536041647510225983e-01, 1.464120545660686779e-01, 3.805480187190889985e-01, 2.194357619638197532e-01
2.536022504982022863e-01, 1.463864951241390100e-01, 3.805864784582996818e-01, 2.194247759193589942e-01
2.536003608230051887e-01, 1.463609350621616623e-01, 3.806249035373259204e-01, 2.194138005775072287e-01
2.535984957196285028e-01, 1.463353743915281613e-01, 3.806632939479308586e-01, 2.194028359409124218e-01
2.535966551822585457e-01, 1.463098131236253985e-01, 3.807016496818879658e-01, 2.193918820122280622e-01
2.535948392050706990e-01, 1.462842512698357134e-01, 3.807399707309802595e-01, 2.193809387941133837e-01
2.535930477822290197e-01, 1.462586888415365327e-01, 3.807782570870011929e-01, 2.193700062892331437e-01
2.535912809078869623e-01, 1.462331258501010367e-01, 3.808165087417539896e-01, 2.193590845002580669e-01
2.535895385761865461e-01, 1.462075623068973540e-01, 3.808547256870518094e-01, 2.193481734298643460e-01
2.535878207812591878e-01, 1.461819982232891724e-01, 3.808929079147178043e-01, 2.193372730807338356e-01
2.535861275172250906e-01, 1.461564336106354611e-01, 3.809310554165851737e-01, 2.193263834555542469e-01
2.535844587781934667e-01, 1.461308684802905267e-01, 3.809691681844972200e-01, 2.193155045570187589e-01
2.535828145582625925e-01, 1.461053028436039292e-01, 3.810072462103069602e-01, 2.193046363878265181e-01
2.535811948515198644e-01, 1.460797367119205659e-01, 3.810452894858773476e-01, 2.192937789506821666e-01
2.535795996520414652e-01, 1.460541700965807821e-01, 3.810832980030817163e-01, 2.192829322482961751e-01
2.535780289538925314e-01, 1.460286030089200382e-01, 3.811212717538027817e-01, 2.192720962833845932e-01
2.535764827511277075e-01, 1.460030354602692426e-01, 3.811592107299336396e-01, 2.192612710586694102e-01
2.535749610377902030e-01, 1.459774674619545298e-01, 3.811971149233771561e-01, 2.192504565768781666e-01
2.535734638079122916e-01, 1.459518990252973158e-01, 3.812349843260461890e-01, 2.192396528407441481e-01
2.535719910555155887e-01, 1.459263301616144093e-01, 3.812728189298635884e-01, 2.192288598530065247e-01
2.535705427746103857e-01, 1.459007608822177338e-01, 3.813106187267619185e-01, 2.192180776164099620e-01
2.535691189591962602e-01, 1.458751911984146887e-01, 3.813483837086839023e-01, 2.192073061337051210e-01
2.535677196032616876e-01, 1.458496211215078164e-01, 3.813861138675821993e-01, 2.191965454076482134e-01
2.535663447007842075e-01, 1.458240506627949684e-01, 3.814238091954193499e-01, 2.191857954410014742e-01
2.535649942457304795e-01, 1.457984798335693055e-01, 3.814614696841677755e-01, 2.191750562365324673e-01
2.535636682320561164e-01, 1.457729086451192146e-01, 3.814990953258097228e-01, 2.191643277970150017e-01
2.535623666537058507e-01, 1.457473371087282532e-01, 3.815366861123375419e-01, 2.191536101252284097e-01
2.535610895046133684e-01, 1.457217652356753990e-01, 3.815742420357535192e-01, 2.191429032239576857e-01
2.535598367787015306e-01, 1.456961930372347724e-01, 3.816117630880696554e-01, 2.191322070959939305e-01
2.535586084698822629e-01, 1.456706205246758867e-01, 3.816492492613081100e-01, 2.191215217441337682e-01
2.535574045720564995e-01, 1.456450477092632034e-01, 3.816867005475005903e-01, 2.191108471711797900e-01
2.535562250791141281e-01, 1.456194746022567432e-01, 3.817241169386890176e-01, 2.191001833799401388e-01
2.535550699849343781e-01, 1.455939012149115031e-01, 3.817614984269250833e-01, 2.190895303732290356e-01
2.535539392833852657e-01, 1.455683275584779002e-01, 3.817988450042703596e-01, 2.190788881538663913e-01
2.535528329683240933e-01, 1.455427536442015224e-01, 3.818361566627965220e-01, 2.190682567246779455e-01
2.535517510335971170e-01, 1.455171794833230725e-01, 3.818734333945846271e-01, 2.190576360884951279e-01
2.535506934730397677e-01, 1.454916050870786459e-01, 3.819106751917261122e-01, 2.190470262481555019e-01
2.535496602804763744e-01, 1.454660304666993420e-01, 3.819478820463221846e-01, 2.190364272065020990e-01
2.535486514497206634e-01, 1.454404556334116527e-01, 3.819850539504836551e-01, 2.190258389663840288e-01
2.535476669745750922e-01, 1.454148805984372406e-01, 3.820221908963316593e-01, 2.190152615306560357e-01
2.535467068488314046e-01, 1.453893053729928553e-01, 3.820592928759966589e-01, 2.190046949021789702e-01
2.535457710662705755e-01, 1.453637299682905559e-01, 3.820963598816195517e-01, 2.189941390838194002e-01
2.535448596206624217e-01, 1.453381543955374888e-01, 3.821333919053505057e-01, 2.189835940784495560e-01
2.535439725057658800e-01, 1.453125786659361096e-01, 3.821703889393500142e-01, 2.189730598889479685e-01
2.535431097153292290e-01, 1.452870027906840167e-01, 3.822073509757883403e-01, 2.189625365181984418e-01
2.535422712430896452e-01, 1.452614267809738402e-01, 3.822442780068452950e-01, 2.189520239690911918e-01
2.535414570827734249e-01, 1.452358506479936584e-01, 3.822811700247108480e-01, 2.189415222445220688e-01
2.535406672280959284e-01, 1.452102744029264425e-01, 3.823180270215847387e-01, 2.189310313473928071e-01
2.535399016727619137e-01, 1.451846980569505008e-01, 3.823548489896765323e-01, 2.189205512806109977e-01
2.535391604104649810e-01, 1.451591216212393121e-01, 3.823916359212057303e-01, 2.189100820470900044e-01
2.535384434348878502e-01, 1.451335451069613314e-01, 3.824283878084012156e-01, 2.188996236497494641e-01
2.535377507397025276e-01, 1.451079685252804063e-01, 3.824651046435023627e-01, 2.188891760915146201e-01
2.535370823185700839e-01, 1.450823918873553331e-01, 3.825017864187579830e-01, 2.188787393753166000e-01
2.535364381651406540e-01, 1.450568152043401615e-01, 3.825384331264266025e-01, 2.188683135040925265e-01
2.535358182730534926e-01, 1.450312384873840565e-01, 3.825750447587769609e-01, 2.188578984807855177e-01
2.535352226359371408e-01, 1.450056617476313536e-01, 3.826116213080872352e-01, 2.188474943083443536e-01
2.535346512474090930e-01, 1.449800849962213922e-01, 3.826481627666455387e-01, 2.188371009897239761e-01
2.535341041010761298e-01, 1.449545082442887933e-01, 3.826846691267499767e-01, 2.188267185278851557e-01
2.535335811905340409e-01, 1.449289315029632652e-01, 3.827211403807081469e-01, 2.188163469257945470e-01
2.535330825093679019e-01, 1.449033547833695479e-01, 3.827575765208378056e-01, 2.188059861864248001e-01
2.535326080511518532e-01, 1.448777780966275797e-01, 3.827939775394660349e-01, 2.187956363127545045e-01
2.535321578094492101e-01, 1.448522014538524416e-01, 3.828303434289300755e-01, 2.187852973077682728e-01
2.535317317778124080e-01, 1.448266248661541633e-01, 3.828666741815770491e-01, 2.187749691744564629e-01
2.535313299497830575e-01, 1.448010483446380836e-01, 3.829029697897634033e-01, 2.187646519158154834e-01
2.535309523188918890e-01, 1.447754719004045176e-01, 3.829392302458557995e-01, 2.187543455348478216e-01
2.535305988786589193e-01, 1.447498955445488678e-01, 3.829754555422304474e-01, 2.187440500345618211e-01
2.535302696225932295e-01, 1.447243192881617069e-01, 3.830116456712734929e-01, 2.187337654179715707e-01
2.535299645441930205e-01, 1.446987431423286119e-01, 3.830478006253806855e-01, 2.187234916880977098e-01
2.535296836369458351e-01, 1.446731671181302747e-01, 3.830839203969576001e-01, 2.187132288479662068e-01
2.535294268943282803e-01, 1.446475912266425023e-01, 3.831200049784196926e-01, 2.187029769006095248e-01
2.535291943098060274e-01, 1.446220154789361334e-01, 3.831560543621920778e-01, 2.186927358490657336e-01
2.535289858768341453e-01, 1.445964398860770939e-01, 3.831920685407095850e-01, 2.186825056963791480e-01
2.535288015888567115e-01, 1.445708644591263692e-01, 3.832280475064169800e-01, 2.186722864455999393e-01
2.535286414393070897e-01, 1.445452892091400876e-01, 3.832639912517685210e-01, 2.186620780997843849e-01
2.535285054216077638e-01, 1.445197141471692148e-01, 3.832998997692282916e-01, 2.186518806619947297e-01
2.535283935291704482e-01, 1.444941392842600814e-01, 3.833357730512705341e-01, 2.186416941352990473e-01
2.535283057553959774e-01, 1.444685646314537719e-01, 3.833716110903785945e-01, 2.186315185227716840e-01
2.535282420936745829e-01, 1.444429901997866528e-01, 3.834074138790458108e-01, 2.186213538274928980e-01
2.535282025373855053e-01, 1.444174160002900664e-01, 3.834431814097755131e-01, 2.186112000525490262e-01
2.535281870798971049e-01, 1.443918420439902484e-01, 3.834789136750803018e-01, 2.186010572010323449e-01
2.535281957145671949e-01, 1.443662683419086878e-01, 3.835146106674829358e-01, 2.185909252760412369e-01
2.535282284347425974e-01, 1.443406949050617671e-01, 3.835502723795155555e-01, 2.185808042806800522e-01
2.535282852337594761e-01, 1.443151217444610390e-01, 3.835858988037203487e-01, 2.185706942180592194e-01
2.535283661049430037e-01, 1.442895488711127827e-01, 3.836214899326489403e-01, 2.185605950912952455e-01
2.535284710416079168e-01, 1.442639762960187255e-01, 3.836570457588627803e-01, 2.185505069035106052e-01
2.535286000370576276e-01, 1.442384040301752379e-01, 3.836925662749330890e-01, 2.185404296578339345e-01
2.535287530845855009e-01, 1.442128320845738887e-01, 3.837280514734406900e-01, 2.185303633573999205e-01
2.535289301774734105e-01, 1.441872604702012506e-01, 3.837635013469761769e-01, 2.185203080053491342e-01
2.535291313089927945e-01, 1.441616891980388726e-01, 3.837989158881398577e-01, 2.185102636048284475e-01
2.535293564724043769e-01, 1.441361182790632522e-01, 3.838342950895416994e-01, 2.185002301589907270e-01
2.535296056609578907e-01, 1.441105477242460298e-01, 3.838696389438011614e-01, 2.184902076709948904e-01
2.535298788678925774e-01, 1.440849775445535996e-01, 3.839049474435479725e-01, 2.184801961440058504e-01
2.535301760864365206e-01, 1.440594077509476656e-01, 3.839402205814210767e-01, 2.184701955811947927e-01
2.535304973098074233e-01, 1.440338383543846856e-01, 3.839754583500689100e-01, 2.184602059857389533e-01
2.535308425312120528e-01, 1.440082693658160939e-01, 3.840106607421503448e-01, 2.184502273608214529e-01
2.535312117438464075e-01, 1.439827007961885230e-01, 3.840458277503331908e-01, 2.184402597096318510e-01
2.535316049408957717e-01, 1.439571326564433318e-01, 3.840809593672953048e-01, 2.184303030353656194e-01
2.535320221155346609e-01, 1.439315649575169942e-01, 3.841160555857240921e-01, 2.184203573412242250e-01
2.535324632609269324e-01, 1.439059977103408772e-01, 3.841511163983167831e-01, 2.184104226304154350e-01
2.535329283702255077e-01, 1.438804309258414349e-01, 3.841861417977799342e-01, 2.184004989061531232e-01
2.535334174365726501e-01, 1.438548646149398480e-01, 3.842211317768302048e-01, 2.183905861716573249e-01
2.535339304530998539e-01, 1.438292987885526064e-01, 3.842560863281935801e-01, 2.183806844301538763e-01
2.535344674129279552e-01, 1.438037334575908432e-01, 3.842910054446060375e-01, 2.183707936848752196e-01
2.535350283091670209e-01, 1.437781686329606956e-01, 3.843258891188126025e-01, 2.183609139390596254e-01
2.535356131349164044e-01, 1.437526043255634711e-01, 3.843607373435686259e-01, 2.183510451959515264e-01
2.535362218832645786e-01, 1.437270405462950373e-01, 3.843955501116386730e-01, 2.183411874588016832e-01
2.535368545472894697e-01, 1.437014773060466544e-01, 3.844303274157971906e-01, 2.183313407308666854e-01
2.535375111200580678e-01, 1.436759146157041422e-01, 3.844650692488281174e-01, 2.183215050154096726e-01
2.535381915946268161e-01, 1.436503524861484082e-01, 3.844997756035250513e-01, 2.183116803156996133e-01
2.535388959640415552e-01, 1.436247909282553359e-01, 3.845344464726913047e-01, 2.183018666350117765e-01
2.535396242213370788e-01, 1.435992299528956462e-01, 3.845690818491397378e-01, 2.182920639766275928e-01
2.535403763595375781e-01, 1.435736695709349531e-01, 3.846036817256928142e-01, 2.182822723438346546e-01
2.535411523716566418e-01, 1.435481097932339578e-01, 3.846382460951827675e-01, 2.182724917399267162e-01
2.535419522506969781e-01, 1.435225506306480325e-01, 3.846727749504512128e-01, 2.182627221682038043e-01
2.535427759896506927e-01, 1.434969920940277477e-01, 3.847072682843495905e-01, 2.182529636319718580e-01
2.535436235814992889e-01, 1.434714341942183446e-01, 3.847417260897389446e-01, 2.182432161345433941e-01
2.535444950192132785e-01, 1.434458769420600688e-01, 3.847761483594898113e-01, 2.182334796792368414e-01
2.535453902957527372e-01, 1.434203203483880307e-01, 3.848105350864825525e-01, 2.182237542693768462e-01
2.535463094040668053e-01, 1.433947644240322616e-01, 3.848448862636066337e-01, 2.182140399082943272e-01
2.535472523370941311e-01, 1.433692091798177137e-01, 3.848792018837617346e-01, 2.182043365993264206e-01
2.535482190877625386e-01, 1.433436546265641764e-01, 3.849134819398568053e-01, 2.181946443458165075e-01
2.535492096489891378e-01, 1.433181007750864155e-01, 3.849477264248103991e-01, 2.181849631511140197e-01
2.535502240136804919e-01, 1.432925476361939510e-01, 3.849819353315507842e-01, 2.181752930185747730e-01
2.535512621747324502e-01, 1.432669952206912234e-01, 3.850161086530156096e-01, 2.181656339515606335e-01
2.535523241250300375e-01, 1.432414435393777052e-01, 3.850502463821524612e-01, 2.181559859534399626e-01
2.535534098574476203e-01, 1.432158926030474566e-01, 3.850843485119180287e-01, 2.181463490275869499e-01
2.535545193648489626e-01, 1.431903424224896526e-01, 3.851184150352789382e-01, 2.181367231773824189e-01
2.535556526400871147e-01, 1.431647930084882225e-01, 3.851524459452113636e-01, 2.181271084062132992e-01
2.535568096760044687e-01, 1.431392443718219609e-01, 3.851864412347009714e-01, 2.181175047174725434e-01
2.535579904654327033e-01, 1.431136965232646663e-01, 3.852204008967428650e-01, 2.181079121145597655e-01
2.535591950011928941e-01, 1.430881494735847526e-01, 3.852543249243420287e-01, 2.180983306008804357e-01
2.535604232760951815e-01, 1.430626032335455822e-01, 3.852882133105127171e-01, 2.180887601798464914e-01
2.535616752829395470e-01, 1.430370578139054938e-01, 3.853220660482788995e-01, 2.180792008548760597e-01
2.535629510145147036e-01, 1.430115132254175248e-01, 3.853558831306740928e-01, 2.180696526293936510e-01
2.535642504635993166e-01, 1.429859694788296054e-01, 3.853896645507413066e-01, 2.180601155068297714e-01
2.535655736229608936e-01, 1.429604265848845590e-01, 3.854234103015332091e-01, 2.180505894906215325e-01
2.535669204853564507e-01, 1.429348845543198798e-01, 3.854571203761116283e-01, 2.180410745842119857e-01
2.535682910435324011e-01, 1.429093433978680661e-01, 3.854907947675487723e-01, 2.180315707910507883e-01
2.535696852902243892e-01, 1.428838031262564257e-01, 3.855244334689254537e-01, 2.180220781145937037e-01
2.535711032181575675e-01, 1.428582637502069652e-01, 3.855580364733326992e-01, 2.180125965583027681e-01
2.535725448200463750e-01, 1.428327252804366954e-01, 3.855916037738705837e-01, 2.180031261256463737e-01
2.535740100885945369e-01, 1.428071877276573531e-01, 3.856251353636490631e-01, 2.179936668200991301e-01
2.535754990164950651e-01, 1.427816511025754576e-01, 3.856586312357875301e-01, 2.179842186451420305e-01
2.535770115964305904e-01, 1.427561154158923373e-01, 3.856920913834148146e-01, 2.179747816042623410e-01
2.535785478210728083e-01, 1.427305806783041864e-01, 3.857255157996693495e-01, 2.179653557009536280e-01
2.535801076830830336e-01, 1.427050469005020639e-01, 3.857589044776990606e-01, 2.179559409387158142e-01
2.535816911751117564e-01, 1.426795140931718109e-01, 3.857922574106613101e-01, 2.179465373210550116e-01
2.535832982897989751e-01, 1.426539822669938562e-01, 3.858255745917233415e-01, 2.179371448514837994e-01
2.535849290197738082e-01, 1.426284514326437158e-01, 3.858588560140613355e-01, 2.179277635335211127e-01
2.535865833576550488e-01, 1.426029216007915490e-01, 3.858921016708615204e-01, 2.179183933706918541e-01
2.535882612960507210e-01, 1.425773927821023523e-01, 3.859253115553191171e-01, 2.179090343665278096e-01
2.535899628275582462e-01, 1.425518649872358767e-01, 3.859584856606391723e-01, 2.178996865245665937e-01
2.535916879447643879e-01, 1.425263382268466550e-01, 3.859916239800363913e-01, 2.178903498483525381e-01
2.535934366402451401e-01, 1.425008125115840574e-01, 3.860247265067346389e-01, 2.178810243414361358e-01
2.535952089065662829e-01, 1.424752878520921806e-01, 3.860577932339673279e-01, 2.178717100073741253e-01
2.535970047362825497e-01, 1.424497642590099866e-01, 3.860908241549775299e-01, 2.178624068497299060e-01
2.535988241219384598e-01, 1.424242417429710250e-01, 3.861238192630176980e-01, 2.178531148720729005e-01
2.536006670560674858e-01, 1.423987203146038216e-01, 3.861567785513496109e-01, 2.178438340779791094e-01
2.536025335311927753e-01, 1.423731999845315177e-01, 3.861897020132448732e-01, 2.178345644710307782e-01
2.536044235398268731e-01, 1.423476807633720920e-01, 3.862225896419843041e-01, 2.178253060548166475e-01
2.536063370744716661e-01, 1.423221626617383606e-01, 3.862554414308584372e-01, 2.178160588329316194e-01
2.536082741276182717e-01, 1.422966456902377275e-01, 3.862882573731667990e-01, 2.178068228089771741e-01
2.536102346917474826e-01, 1.422711298594723783e-01, 3.863210374622189636e-01, 2.177975979865611200e-01
2.536122187593292665e-01, 1.422456151800394197e-01, 3.863537816913336642e-01, 2.177883843692975940e-01
2.536142263228230997e-01, 1.422201016625305459e-01, 3.863864900538391822e-01, 2.177791819608071444e-01
2.536162573746779114e-01, 1.421945893175322051e-01, 3.864191625430731802e-01, 2.177699907647166755e-01
2.536183119073319170e-01, 1.421690781556256833e-01, 3.864517991523828133e-01, 2.177608107846595586e-01
2.536203899132128403e-01, 1.421435681873869095e-01, 3.864843998751246734e-01, 2.177516420242756046e-01
2.536224913847377471e-01, 1.421180594233865668e-01, 3.865169647046649559e-01, 2.177424844872107024e-01
2.536246163143131005e-01, 1.420925518741901761e-01, 3.865494936343790711e-01, 2.177333381771175969e-01
2.536267646943349274e-01, 1.420670455503577900e-01, 3.865819866576521435e-01, 2.177242030976551113e-01
2.536289365171883747e-01, 1.420415404624444378e-01, 3.866144437678783463e-01, 2.177150792524887302e-01
2.536311317752484862e-01, 1.420160366209996250e-01, 3.866468649584617334e-01, 2.177059666452901276e-01
2.536333504608791478e-01, 1.419905340365677227e-01, 3.866792502228155182e-01, 2.176968652797375281e-01
2.536355925664340871e-01, 1.419650327196878281e-01, 3.867115995543625173e-01, 2.176877751595155119e-01
2.536378580842563735e-01, 1.419395326808936819e-01, 3.867439129465348180e-01, 2.176786962883151266e-01
2.536401470066783626e-01, 1.419140339307137788e-01, 3.867761903927739997e-01, 2.176696286698338312e-01
2.536424593260219185e-01, 1.418885364796713677e-01, 3.868084318865311344e-01, 2.176605723077755516e-01
2.536447950345983027e-01, 1.418630403382842853e-01, 3.868406374212666199e-01, 2.176515272058506811e-01
2.536471541247085071e-01, 1.418375455170652333e-01, 3.868728069904502909e-01, 2.176424933677759688e-01
2.536495365886425324e-01, 1.418120520265213624e-01, 3.869049405875614744e-01, 2.176334707972745752e-01
2.536519424186799432e-01, 1.417865598771548552e-01, 3.869370382060888791e-01, 2.176244594980762115e-01
2.536543716070898680e-01, 1.417610690794623429e-01, 3.869690998395306503e-01, 2.176154594739171388e-01
2.536568241461307771e-01, 1.417355796439352111e-01, 3.870011254813941481e-01, 2.176064707285397803e-01
2.536593000280506494e-01, 1.417100915810595441e-01, 3.870331151251965029e-01, 2.175974932656933036e-01
2.536617992450867498e-01, 1.416846049013161801e-01, 3.870650687644639487e-01, 2.175885270891331214e-01
2.536643217894660185e-01, 1.416591196151805732e-01, 3.870969863927322119e-01, 2.175795722026212797e-01
2.536668676534046263e-01, 1.416336357331228202e-01, 3.871288680035464003e-01, 2.175706286099261533e-01
2.536694368291083634e-01, 1.416081532656077169e-01, 3.871607135904610031e-01, 2.175616963148228056e-01
2.536720293087725286e-01, 1.415826722230948409e-01, 3.871925231470401130e-01, 2.175527753210925452e-01
2.536746450845814849e-01, 1.415571926160383298e-01, 3.872242966668568154e-01, 2.175438656325232312e-01
2.536772841487095476e-01, 1.415317144548870476e-01, 3.872560341434940212e-01, 2.175349672529093559e-01
2.536799464933202075e-01, 1.415062377500844459e-01, 3.872877355705436897e-01, 2.175260801860516291e-01
2.536826321105664639e-01, 1.414807625120687584e-01, 3.873194009416073280e-01, 2.175172044357574497e-01
2.536853409925907687e-01, 1.414552887512728063e-01, 3.873510302502957137e-01, 2.175083400058407668e-01
2.536880731315249715e-01, 1.414298164781240541e-01, 3.873826234902291166e-01, 2.174994869001217468e-01
2.536908285194907076e-01, 1.414043457030446926e-01, 3.874141806550371880e-01, 2.174906451224273840e-01
2.536936071485986210e-01, 1.413788764364514727e-01, 3.874457017383589053e-01, 2.174818146765910287e-01
2.536964090109491976e-01, 1.413534086887559826e-01, 3.874771867338424047e-01, 2.174729955664524983e-01
2.536992340986320982e-01, 1.413279424703641762e-01, 3.875086356351455930e-01, 2.174641877958581881e-01
2.537020824037266586e-01, 1.413024777916768726e-01, 3.875400484359354247e-01, 2.174553913686609330e-01
2.537049539183017788e-01, 1.412770146630894785e-01, 3.875714251298884028e-01, 2.174466062887203122e-01
2.537078486344155892e-01, 1.412515530949920994e-01, 3.876027657106903002e-01, 2.174378325599020945e-01
2.537107665441157844e-01, 1.412260930977692619e-01, 3.876340701720362159e-01, 2.174290701860788211e-01
2.537137076394396229e-01, 1.412006346818003300e-01, 3.876653385076307412e-01, 2.174203191711294170e-01
2.537166719124136494e-01, 1.411751778574592830e-01, 3.876965707111875159e-01, 2.174115795189394962e-01
2.537196593550542500e-01, 1.411497226351146606e-01, 3.877277667764299496e-01, 2.174028512334011398e-01
2.537226699593668755e-01, 1.411242690251297005e-01, 3.877589266970905002e-01, 2.173941343184129515e-01
2.537257037173468177e-01, 1.410988170378622009e-01, 3.877900504669110071e-01, 2.173854287778800298e-01
2.537287606209785995e-01, 1.410733666836646027e-01, 3.878211380796428021e-01, 2.173767346157141345e-01
2.537318406622362521e-01, 1.410479179728839905e-01, 3.878521895290462651e-01, 2.173680518358334646e-01
2.537349438330837037e-01, 1.410224709158620360e-01, 3.878832048088914353e-01, 2.173593804421628806e-01
2.537380701254738358e-01, 1.409970255229350267e-01, 3.879141839129574554e-01, 2.173507204386336822e-01
2.537412195313493157e-01, 1.409715818044338931e-01, 3.879451268350329052e-01, 2.173420718291838305e-01
2.537443920426420974e-01, 1.409461397706841812e-01, 3.879760335689157458e-01, 2.173334346177578924e-01
2.537475876512740869e-01, 1.409206994320059969e-01, 3.880069041084130976e-01, 2.173248088083067631e-01
2.537508063491561994e-01, 1.408952607987140337e-01, 3.880377384473414626e-01, 2.173161944047882488e-01
2.537540481281891358e-01, 1.408698238811176839e-01, 3.880685365795267794e-01, 2.173075914111664009e-01
2.537573129802629390e-01, 1.408443886895208164e-01, 3.880992984988041461e-01, 2.172989998314121540e-01
2.537606008972572713e-01, 1.408189552342219986e-01, 3.881300241990179867e-01, 2.172904196695027157e-01
2.537639118710413033e-01, 1.407935235255143580e-01, 3.881607136740222175e-01, 2.172818509294221767e-01
2.537672458934735475e-01, 1.407680935736856376e-01, 3.881913669176798587e-01, 2.172732936151609007e-01
2.537706029564024135e-01, 1.407426653890180290e-01, 3.882219839238633674e-01, 2.172647477307160790e-01
2.537739830516654860e-01, 1.407172389817885338e-01, 3.882525646864543600e-01, 2.172562132800916479e-01
2.537773861710898582e-01, 1.406918143622686024e-01, 3.882831091993439454e-01, 2.172476902672975940e-01
2.537808123064922983e-01, 1.406663915407242171e-01, 3.883136174564324472e-01, 2.172391786963510374e-01
2.537842614496790272e-01, 1.406409705274161148e-01, 3.883440894516293485e-01, 2.172306785712754262e-01
2.537877335924459410e-01, 1.406155513325995088e-01, 3.883745251788537356e-01, 2.172221898961008979e-01
2.537912287265781108e-01, 1.405901339665240890e-01, 3.884049246320335769e-01, 2.172137126748641678e-01
2.537947468438504495e-01, 1.405647184394342719e-01, 3.884352878051064994e-01, 2.172052469116086681e-01
2.537982879360273225e-01, 1.405393047615690338e-01, 3.884656146920193454e-01, 2.171967926103842705e-01
2.538018519948625484e-01, 1.405138929431618000e-01, 3.884959052867280049e-01, 2.171883497752476466e-01
2.538054390120994541e-01, 1.404884829944406943e-01, 3.885261595831979164e-01, 2.171799184102619074e-01
2.538090489794710969e-01, 1.404630749256282340e-01, 3.885563775754036775e-01, 2.171714985194969361e-01
2.538126818886997649e-01, 1.404376687469416907e-01, 3.885865592573291560e-01, 2.171630901070292774e-01
2.538163377314976987e-01, 1.404122644685927845e-01, 3.886167046229676014e-01, 2.171546931769418598e-01
2.538200164995661479e-01, 1.403868621007878514e-01, 3.886468136663214223e-01, 2.171463077333246339e-01
2.538237181845963142e-01, 1.403614616537277038e-01, 3.886768863814021868e-01, 2.171379337802737397e-01
2.538274427782687970e-01, 1.403360631376077416e-01, 3.887069227622311218e-01, 2.171295713218923951e-01
2.538311902722535929e-01, 1.403106665626179250e-01, 3.887369228028383361e-01, 2.171212203622900627e-01
2.538349606582107620e-01, 1.402852719389426905e-01, 3.887668864972633753e-01, 2.171128809055832276e-01
2.538387539277891514e-01, 1.402598792767611735e-01, 3.887968138395550000e-01, 2.171045529558947584e-01
2.538425700726276713e-01, 1.402344885862469026e-01, 3.888267048237711854e-01, 2.170962365173542130e-01
2.538464090843547405e-01, 1.402090998775679664e-01, 3.888565594439792328e-01, 2.170879315940979770e-01
2.538502709545881753e-01, 1.401837131608871245e-01, 3.888863776942558803e-01, 2.170796381902688477e-01
2.538541556749353001e-01, 1.401583284463614465e-01, 3.889161595686867479e-01, 2.170713563100165611e-01
2.538580632369932255e-01, 1.401329457441427284e-01, 3.889459050613667812e-01, 2.170630859574972371e-01
2.538619936323484594e-01, 1.401075650643772430e-01, 3.889756141664004740e-01, 2.170548271368738791e-01
2.538659468525771290e-01, 1.400821864172056841e-01, 3.890052868779012019e-01, 2.170465798523159573e-01
2.538699228892447035e-01, 1.400568098127634165e-01, 3.890349231899917770e-01, 2.170383441080000197e-01
2.538739217339066045e-01, 1.400314352611802815e-01, 3.890645230968043933e-01, 2.170301199081087762e-01
2.538779433781075401e-01, 1.400060627725806250e-01, 3.890940865924801262e-01, 2.170219072568318752e-01
2.538819878133816710e-01, 1.399806923570832973e-01, 3.891236136711693216e-01, 2.170137061583657101e-01
2.538860550312531106e-01, 1.399553240248017083e-01, 3.891531043270319845e-01, 2.170055166169131966e-01
2.538901450232351475e-01, 1.399299577858436894e-01, 3.891825585542370569e-01, 2.169973386366841617e-01
2.538942577808309675e-01, 1.399045936503117149e-01, 3.892119763469624738e-01, 2.169891722218948715e-01
2.538983932955329870e-01, 1.398792316283027637e-01, 3.892413576993958291e-01, 2.169810173767684480e-01
2.539025515588235193e-01, 1.398538717299081524e-01, 3.892707026057337094e-01, 2.169728741055346743e-01
2.539067325621741089e-01, 1.398285139652138409e-01, 3.893000110601819719e-01, 2.169647424124299673e-01
2.539109362970463080e-01, 1.398031583443003767e-01, 3.893292830569557439e-01, 2.169566223016974882e-01
2.539151627548908441e-01, 1.397778048772425896e-01, 3.893585185902793122e-01, 2.169485137775873373e-01
2.539194119271481198e-01, 1.397524535741099527e-01, 3.893877176543860674e-01, 2.169404168443559155e-01
2.539236838052481571e-01, 1.397271044449664157e-01, 3.894168802435188370e-01, 2.169323315062665625e-01
2.539279783806106527e-01, 1.397017574998704048e-01, 3.894460063519296078e-01, 2.169242577675893624e-01
2.539322956446448121e-01, 1.396764127488748231e-01, 3.894750959738793039e-01, 2.169161956326009499e-01
2.539366355887492377e-01, 1.396510702020271610e-01, 3.895041491036385084e-01, 2.169081451055850096e-01
2.539409982043124292e-01, 1.396257298693693305e-01, 3.895331657354866861e-01, 2.169001061908315819e-01
2.539453834827121725e-01, 1.396003917609375533e-01, 3.895621458637126278e-01, 2.168920788926376186e-01
2.539497914153162061e-01, 1.395750558867628888e-01, 3.895910894826141724e-01, 2.168840632153067050e-01
2.539542219934814438e-01, 1.395497222568706508e-01, 3.896199965864987069e-01, 2.168760591631492818e-01
2.539586752085545851e-01, 1.395243908812805744e-01, 3.896488671696822781e-01, 2.168680667404825346e-01
2.539631510518720048e-01, 1.394990617700071489e-01, 3.896777012264905915e-01, 2.168600859516301715e-01
2.539676495147594748e-01, 1.394737349330590903e-01, 3.897064987512585121e-01, 2.168521168009228672e-01
2.539721705885324976e-01, 1.394484103804397024e-01, 3.897352597383298423e-01, 2.168441592926979855e-01
2.539767142644961395e-01, 1.394230881221465712e-01, 3.897639841820575990e-01, 2.168362134312996348e-01
2.539812805339450308e-01, 1.393977681681721759e-01, 3.897926720768043474e-01, 2.168282792210785570e-01
2.539858693881633100e-01, 1.393724505285029724e-01, 3.898213234169413122e-01, 2.168203566663923498e-01
2.539904808184250129e-01, 1.393471352131202545e-01, 3.898499381968493216e-01, 2.168124457716054942e-01
2.539951148159935168e-01, 1.393218222319995148e-01, 3.898785164109181411e-01, 2.168045465410888828e-01
2.539997713721217076e-01, 1.392965115951109167e-01, 3.899070580535468067e-01, 2.167966589792204857e-01
2.540044504780524237e-01, 1.392712033124189341e-01, 3.899355631191436244e-01, 2.167887830903849899e-01
2.540091521250178452e-01, 1.392458973938825728e-01, 3.899640316021257824e-01, 2.167809188789737163e-01
2.540138763042398273e-01, 1.392205938494553430e-01, 3.899924634969201276e-01, 2.167730663493847576e-01
2.540186230069297335e-01, 1.391952926890850928e-01, 3.900208587979620556e-01, 2.167652255060230904e-01
2.540233922242887132e-01, 1.391699939227141747e-01, 3.900492174996966765e-01, 2.167573963533004910e-01
2.540281839475074244e-01, 1.391446975602794178e-01, 3.900775395965778158e-01, 2.167495788956352587e-01
2.540329981677661442e-01, 1.391194036117121280e-01, 3.901058250830690133e-01, 2.167417731374527978e-01
2.540378348762346583e-01, 1.390941120869378655e-01, 3.901340739536423574e-01, 2.167339790831851465e-01
2.540426940640726494e-01, 1.390688229958768896e-01, 3.901622862027794292e-01, 2.167261967372709486e-01
2.540475757224290865e-01, 1.390435363484437969e-01, 3.901904618249711909e-01, 2.167184261041560089e-01
2.540524798424426689e-01, 1.390182521545475502e-01, 3.902186008147171536e-01, 2.167106671882925994e-01
2.540574064152418265e-01, 1.389929704240916997e-01, 3.902467031665264874e-01, 2.167029199941399031e-01
2.540623554319446087e-01, 1.389676911669740222e-01, 3.902747688749173549e-01, 2.166951845261640142e-01
2.540673268836583509e-01, 1.389424143930870492e-01, 3.903027979344170229e-01, 2.166874607888375215e-01
2.540723207614803969e-01, 1.389171401123174554e-01, 3.903307903395619727e-01, 2.166797487866402305e-01
2.540773370564975431e-01, 1.388918683345464200e-01, 3.903587460848978452e-01, 2.166720485240582472e-01
2.540823757597861499e-01, 1.388665990696496544e-01, 3.903866651649792741e-01, 2.166643600055849217e-01
2.540874368624124191e-01, 1.388413323274971245e-01, 3.904145475743702187e-01, 2.166566832357201822e-01
2.540925203554318390e-01, 1.388160681179534672e-01, 3.904423933076437425e-01, 2.166490182189708402e-01
2.540976262298899613e-01, 1.387908064508775186e-01, 3.904702023593820126e-01, 2.166413649598505076e-01
2.541027544768214574e-01, 1.387655473361226188e-01, 3.904979747241763555e-01, 2.166337234628796238e-01
2.541079050872510070e-01, 1.387402907835365018e-01, 3.905257103966272014e-01, 2.166260937325853453e-01
2.541130780521928534e-01, 1.387150368029614056e-01, 3.905534093713440291e-01, 2.166184757735016841e-01
2.541182733626507484e-01, 1.386897854042339340e-01, 3.905810716429455876e-01, 2.166108695901696746e-01
2.541234910096181743e-01, 1.386645365971850563e-01, 3.906086972060598406e-01, 2.166032751871369011e-01
2.541287309840781217e-01, 1.386392903916402464e-01, 3.906362860553236893e-01, 2.165956925689579426e-01
2.541339932770034782e-01, 1.386140467974192603e-01, 3.906638381853830833e-01, 2.165881217401941228e-01
2.541392778793563623e-01, 1.385888058243364418e-01, 3.906913535908935198e-01, 2.165805627054135651e-01
2.541445847820889004e-01, 1.385635674822004171e-01, 3.907188322665192115e-01, 2.165730154691913600e-01
2.541499139761427273e-01, 1.385383317808142611e-01, 3.907462742069336414e-01, 2.165654800361093146e-01
2.541552654524491528e-01, 1.385130987299754701e-01, 3.907736794068192854e-01, 2.165579564107562027e-01
2.541606392019288840e-01, 1.384878683394758225e-01, 3.908010478608679450e-01, 2.165504445977273762e-01
2.541660352154924696e-01, 1.384626406191016568e-01, 3.908283795637804148e-01, 2.165429446016253479e-01
2.541714534840402440e-01, 1.384374155786336769e-01, 3.908556745102667040e-01, 2.165354564270593196e-01
2.541768939984620501e-01, 1.384121932278468969e-01, 3.908829326950457039e-01, 2.165279800786453768e-01
2.541823567496371838e-01, 1.383869735765108633e-01, 3.909101541128456314e-01, 2.165205155610062937e-01
2.541878417284347824e-01, 1.383617566343894045e-01, 3.909373387584038073e-01, 2.165130628787719502e-01
2.541933489257137135e-01, 1.383365424112407704e-01, 3.909644866264666008e-01, 2.165056220365789708e-01
2.541988783323222423e-01, 1.383113309168175487e-01, 3.909915977117895403e-01, 2.164981930390706966e-01
2.542044299390984752e-01, 1.382861221608669144e-01, 3.910186720091370915e-01, 2.164907758908976299e-01
2.542100037368700827e-01, 1.382609161531302144e-01, 3.910457095132828242e-01, 2.164833705967168787e-01
2.542155997164544101e-01, 1.382357129033432996e-01, 3.910727102190098003e-01, 2.164759771611924344e-01
2.542212178686585333e-01, 1.382105124212363589e-01, 3.910996741211096861e-01, 2.164685955889953661e-01
2.542268581842788699e-01, 1.381853147165339468e-01, 3.911266012143838067e-01, 2.164612258848033211e-01
2.542325206541020122e-01, 1.381601197989551499e-01, 3.911534914936417029e-01, 2.164538680533010517e-01
2.542382052689036720e-01, 1.381349276782131152e-01, 3.911803449537030741e-01, 2.164465220991800554e-01
2.542439120194496804e-01, 1.381097383640157439e-01, 3.912071615893959464e-01, 2.164391880271386848e-01
2.542496408964950438e-01, 1.380845518660650528e-01, 3.912339413955575607e-01, 2.164318658418823427e-01
2.542553918907847765e-01, 1.380593681940575634e-01, 3.912606843670345946e-01, 2.164245555481230376e-01
2.542611649930535123e-01, 1.380341873576841072e-01, 3.912873904986824414e-01, 2.164172571505798559e-01
2.542669601940254487e-01, 1.380090093666299089e-01, 3.913140597853658753e-01, 2.164099706539787671e-01
2.542727774844144029e-01, 1.379838342305745313e-01, 3.913406922219584971e-01, 2.164026960630525409e-01
2.542786168549240333e-01, 1.379586619591920416e-01, 3.913672878033430114e-01, 2.163954333825409415e-01
2.542844782962474515e-01, 1.379334925621507058e-01, 3.913938465244115039e-01, 2.163881826171903944e-01
2.542903617990676102e-01, 1.379083260491132390e-01, 3.914203683800646094e-01, 2.163809437717544859e-01
2.542962673540570262e-01, 1.378831624297366387e-01, 3.914468533652127324e-01, 2.163737168509935471e-01
2.543021949518778912e-01, 1.378580017136724067e-01, 3.914733014747747153e-01, 2.163665018596749035e-01
2.543081445831820164e-01, 1.378328439105663827e-01, 3.914997127036790037e-01, 2.163592988025725972e-01
2.543141162386109988e-01, 1.378076890300586055e-01, 3.915260870468625920e-01, 2.163521076844677482e-01
2.543201099087961103e-01, 1.377825370817836736e-01, 3.915524244992719116e-01, 2.163449285101483321e-01
2.543261255843580759e-01, 1.377573880753703572e-01, 3.915787250558623867e-01, 2.163377612844091247e-01
2.543321632559074619e-01, 1.377322420204419584e-01, 3.916049887115986006e-01, 2.163306060120520069e-01
2.543382229140444539e-01, 1.377070989266160617e-01, 3.916312154614538521e-01, 2.163234626978855768e-01
2.543443045493590238e-01, 1.376819588035045616e-01, 3.916574053004109324e-01, 2.163163313467254267e-01
2.543504081524306515e-01, 1.376568216607137185e-01, 3.916835582234615143e-01, 2.163092119633941712e-01
2.543565337138284366e-01, 1.376316875078442137e-01, 3.917096742256063746e-01, 2.163021045527210307e-01
2.543626812241114865e-01, 1.376065563544910109e-01, 3.917357533018551163e-01, 2.162950091195423585e-01
2.543688506738281396e-01, 1.375814282102434394e-01, 3.917617954472268349e-01, 2.162879256687015306e-01
2.543750420535169088e-01, 1.375563030846851387e-01, 3.917878006567493410e-01, 2.162808542050486116e-01
2.543812553537054266e-01, 1.375311809873941971e-01, 3.918137689254597156e-01, 2.162737947334406607e-01
2.543874905649114448e-01, 1.375060619279429019e-01, 3.918397002484038105e-01, 2.162667472587418149e-01
2.543937476776421680e-01, 1.374809459158980174e-01, 3.918655946206369700e-01, 2.162597117858227891e-01
2.544000266823945311e-01, 1.374558329608205343e-01, 3.918914520372232535e-01, 2.162526883195616534e-01
2.544063275696552551e-01, 1.374307230722659201e-01, 3.919172724932357688e-01, 2.162456768648430838e-01
2.544126503299004582e-01, 1.374056162597837305e-01, 3.919430559837569494e-01, 2.162386774265587785e-01
2.544189949535963224e-01, 1.373805125329182475e-01, 3.919688025038780554e-01, 2.162316900096074856e-01
2.544253614311982603e-01, 1.373554119012076746e-01, 3.919945120486993950e-01, 2.162247146188946423e-01
2.544317497531518590e-01, 1.373303143741848031e-01, 3.920201846133304913e-01, 2.162177512593329298e-01
2.544381599098919922e-01, 1.373052199613767066e-01, 3.920458201928896935e-01, 2.162107999358416910e-01
2.544445918918434857e-01, 1.372801286723047409e-01, 3.920714187825043995e-01, 2.162038606533473184e-01
2.544510456894206740e-01, 1.372550405164846832e-01, 3.920969803773114437e-01, 2.161969334167832824e-01
2.544575212930275110e-01, 1.372299555034264817e-01, 3.921225049724562095e-01, 2.161900182310896590e-01
2.544640186930580694e-01, 1.372048736426345616e-01, 3.921479925630935170e-01, 2.161831151012139074e-01
2.544705378798954309e-01, 1.371797949436076580e-01, 3.921734431443867908e-01, 2.161762240321100925e-01
2.544770788439129627e-01, 1.371547194158387606e-01, 3.921988567115091140e-01, 2.161693450287392460e-01
2.544836415754734849e-01, 1.371296470688151692e-01, 3.922242332596418413e-01, 2.161624780960695880e-01
2.544902260649293813e-01, 1.371045779120185770e-01, 3.922495727839759305e-01, 2.161556232390760834e-01
2.544968323026229329e-01, 1.370795119549250152e-01, 3.922748752797113325e-01, 2.161487804627407194e-01
2.545034602788859290e-01, 1.370544492070047971e-01, 3.923001407420567688e-01, 2.161419497720524219e-01
2.545101099840401671e-01, 1.370293896777224629e-01, 3.923253691662302312e-01, 2.161351311720071666e-01
2.545167814083967306e-01, 1.370043333765370575e-01, 3.923505605474585378e-01, 2.161283246676076741e-01
2.545234745422566558e-01, 1.369792803129017134e-01, 3.923757148809778328e-01, 2.161215302638638258e-01
2.545301893759105427e-01, 1.369542304962641510e-01, 3.924008321620328643e-01, 2.161147479657924697e-01
2.545369258996388329e-01, 1.369291839360661511e-01, 3.924259123858778175e-01, 2.161079777784171707e-01
2.545436841037115316e-01, 1.369041406417438878e-01, 3.924509555477758149e-01, 2.161012197067687934e-01
2.545504639783882639e-01, 1.368791006227279561e-01, 3.924759616429986941e-01, 2.160944737558850304e-01
2.545572655139186069e-01, 1.368540638884431504e-01, 3.925009306668278408e-01, 2.160877399308103741e-01
2.545640887005417019e-01, 1.368290304483085473e-01, 3.925258626145530783e-01, 2.160810182365966170e-01
2.545709335284861985e-01, 1.368040003117376724e-01, 3.925507574814738887e-01, 2.160743086783021849e-01
2.545777999879708098e-01, 1.367789734881381669e-01, 3.925756152628983031e-01, 2.160676112609927479e-01
2.545846880692036462e-01, 1.367539499869121211e-01, 3.926004359541434008e-01, 2.160609259897407763e-01
2.545915977623826598e-01, 1.367289298174558798e-01, 3.926252195505355314e-01, 2.160542528696259013e-01
2.545985290576954219e-01, 1.367039129891600979e-01, 3.926499660474100373e-01, 2.160475919057344429e-01
2.546054819453192897e-01, 1.366788995114097127e-01, 3.926746754401109762e-01, 2.160409431031599936e-01
2.546124564154213510e-01, 1.366538893935839438e-01, 3.926993477239917874e-01, 2.160343064670029456e-01
2.546194524581580909e-01, 1.366288826450563765e-01, 3.927239828944146804e-01, 2.160276820023708244e-01
2.546264700636761691e-01, 1.366038792751949060e-01, 3.927485809467508582e-01, 2.160210697143780667e-01
2.546335092221115315e-01, 1.365788792933615992e-01, 3.927731418763808491e-01, 2.160144696081459648e-01
2.546405699235900766e-01, 1.365538827089129714e-01, 3.927976656786938969e-01, 2.160078816888029440e-01
2.546476521582274333e-01, 1.365288895311996820e-01, 3.928221523490884604e-01, 2.160013059614844522e-01
2.546547559161285723e-01, 1.365038997695668110e-01, 3.928466018829717687e-01, 2.159947424313328479e-01
2.546618811873886390e-01, 1.364789134333536935e-01, 3.928710142757602108e-01, 2.159881911034975399e-01
2.546690279620921205e-01, 1.364539305318938356e-01, 3.928953895228791682e-01, 2.159816519831347925e-01
2.546761962303134563e-01, 1.364289510745152756e-01, 3.929197276197631261e-01, 2.159751250754080587e-01
2.546833859821167056e-01, 1.364039750705401677e-01, 3.929440285618554518e-01, 2.159686103854877026e-01
2.546905972075555469e-01, 1.363790025292849484e-01, 3.929682923446085607e-01, 2.159621079185509718e-01
2.546978298966735554e-01, 1.363540334600604198e-01, 3.929925189634836946e-01, 2.159556176797823024e-01
2.547050840395036486e-01, 1.363290678721716664e-01, 3.930167084139515876e-01, 2.159491396743730418e-01
2.547123596260689182e-01, 1.363041057749179441e-01, 3.930408606914915781e-01, 2.159426739075216428e-01
2.547196566463818534e-01, 1.362791471775929575e-01, 3.930649757915918863e-01, 2.159362203844333028e-01
2.547269750904446739e-01, 1.362541920894845826e-01, 3.930890537097502246e-01, 2.159297791103203801e-01
2.547343149482495517e-01, 1.362292405198750611e-01, 3.931130944414729655e-01, 2.159233500904024494e-01
2.547416762097781118e-01, 1.362042924780408060e-01, 3.931370979822753631e-01, 2.159169333299057747e-01
2.547490588650017096e-01, 1.361793479732525403e-01, 3.931610643276820527e-01, 2.159105288340637252e-01
2.547564629038814865e-01, 1.361544070147753804e-01, 3.931849934732263852e-01, 2.159041366081166924e-01
2.547638883163683698e-01, 1.361294696118685865e-01, 3.932088854144509260e-01, 2.158977566573121731e-01
2.547713350924027953e-01, 1.361045357737857564e-01, 3.932327401469070671e-01, 2.158913889869044644e-01
2.547788032219150955e-01, 1.360796055097746593e-01, 3.932565576661551376e-01, 2.158850336021551353e-01
2.547862926948251672e-01, 1.360546788290775966e-01, 3.932803379677646261e-01, 2.158786905083325547e-01
2.547938035010426927e-01, 1.360297557409309299e-01, 3.933040810473140692e-01, 2.158723597107123082e-01
2.548013356304672516e-01, 1.360048362545652201e-01, 3.933277869003908300e-01, 2.158660412145767538e-01
2.548088890729875988e-01, 1.359799203792056155e-01, 3.933514555225912646e-01, 2.158597350252154656e-01
2.548164638184828856e-01, 1.359550081240712138e-01, 3.933750869095209435e-01, 2.158534411479249293e-01
2.548240598568214943e-01, 1.359300994983755340e-01, 3.933986810567941528e-01, 2.158471595880088190e-01
2.548316771778616485e-01, 1.359051945113264326e-01, 3.934222379600343378e-01, 2.158408903507775811e-01
2.548393157714514690e-01, 1.358802931721258545e-01, 3.934457576148737146e-01, 2.158346334415489065e-01
2.548469756274284181e-01, 1.358553954899701655e-01, 3.934692400169541027e-01, 2.158283888656473137e-01
2.548546567356200776e-01, 1.358305014740498473e-01, 3.934926851619255372e-01, 2.158221566284045656e-01
2.548623590858433707e-01, 1.358056111335498861e-01, 3.935160930454475459e-01, 2.158159367351592528e-01
2.548700826679052844e-01, 1.357807244776492450e-01, 3.935394636631883714e-01, 2.158097291912571269e-01
2.548778274716022585e-01, 1.357558415155213916e-01, 3.935627970108254159e-01, 2.158035340020509341e-01
2.548855934867206297e-01, 1.357309622563339091e-01, 3.935860930840450744e-01, 2.157973511729004423e-01
2.548933807030362986e-01, 1.357060867092487466e-01, 3.936093518785425682e-01, 2.157911807091723866e-01
2.549011891103148963e-01, 1.356812148834220244e-01, 3.936325733900223334e-01, 2.157850226162408014e-01
2.549090186983120621e-01, 1.356563467880041174e-01, 3.936557576141975767e-01, 2.157788768994862716e-01
2.549168694567727211e-01, 1.356314824321398216e-01, 3.936789045467905535e-01, 2.157727435642968761e-01
2.549247413754318070e-01, 1.356066218249680211e-01, 3.937020141835327336e-01, 2.157666226160674661e-01
2.549326344440138170e-01, 1.355817649756218546e-01, 3.937250865201641914e-01, 2.157605140602001648e-01
2.549405486522329789e-01, 1.355569118932288264e-01, 3.937481215524342160e-01, 2.157544179021039232e-01
2.549484839897935284e-01, 1.355320625869106677e-01, 3.937711192761012002e-01, 2.157483341471946869e-01
2.549564404463889322e-01, 1.355072170657833641e-01, 3.937940796869320303e-01, 2.157422628008956178e-01
2.549644180117028314e-01, 1.354823753389571006e-01, 3.938170027807030849e-01, 2.157362038686369554e-01
2.549724166754082089e-01, 1.354575374155363165e-01, 3.938398885531996241e-01, 2.157301573558557395e-01
2.549804364271681112e-01, 1.354327033046199003e-01, 3.938627370002156791e-01, 2.157241232679963649e-01
2.549884772566349267e-01, 1.354078730153006616e-01, 3.938855481175544404e-01, 2.157181016105099158e-01
2.549965391534511627e-01, 1.353830465566659425e-01, 3.939083219010280912e-01, 2.157120923888548036e-01
2.550046221072488351e-01, 1.353582239377972007e-01, 3.939310583464576410e-01, 2.157060956084963788e-01
2.550127261076496343e-01, 1.353334051677701766e-01, 3.939537574496731476e-01, 2.157001112749069582e-01
2.550208511442650372e-01, 1.353085902556548648e-01, 3.939764192065139392e-01, 2.156941393935662421e-01
2.550289972066963617e-01, 1.352837792105155423e-01, 3.939990436128277262e-01, 2.156881799699603974e-01
2.550371642845343234e-01, 1.352589720414106578e-01, 3.940216306644717670e-01, 2.156822330095833073e-01
2.550453523673597567e-01, 1.352341687573929419e-01, 3.940441803573119239e-01, 2.156762985179353498e-01
2.550535614447429489e-01, 1.352093693675093800e-01, 3.940666926872232745e-01, 2.156703765005242857e-01
2.550617915062440844e-01, 1.351845738808012398e-01, 3.940891676500897778e-01, 2.156644669628648425e-01
2.550700425414128558e-01, 1.351597823063040715e-01, 3.941116052418043303e-01, 2.156585699104787424e-01
2.550783145397887419e-01, 1.351349946530474022e-01, 3.941340054582689878e-01, 2.156526853488948403e-01
2.550866074909012293e-01, 1.351102109300553467e-01, 3.941563682953944103e-01, 2.156468132836489859e-01
2.550949213842690910e-01, 1.350854311463461077e-01, 3.941786937491006948e-01, 2.156409537202840232e-01
2.551032562094011080e-01, 1.350606553109321151e-01, 3.942009818153165424e-01, 2.156351066643501235e-01
2.551116119557957918e-01, 1.350358834328200530e-01, 3.942232324899799245e-01, 2.156292721214042307e-01
2.551199886129411620e-01, 1.350111155210108327e-01, 3.942454457690374725e-01, 2.156234500970105050e-01
2.551283861703151357e-01, 1.349863515844997031e-01, 3.942676216484451990e-01, 2.156176405967399901e-01
2.551368046173853044e-01, 1.349615916322760567e-01, 3.942897601241676098e-01, 2.156118436261709737e-01
2.551452439436089348e-01, 1.349368356733235685e-01, 3.943118611921787031e-01, 2.156060591908888213e-01
2.551537041384331905e-01, 1.349120837166200848e-01, 3.943339248484609705e-01, 2.156002872964857542e-01
2.551621851912946881e-01, 1.348873357711378174e-01, 3.943559510890061182e-01, 2.155945279485612931e-01
2.551706870916200520e-01, 1.348625918458431217e-01, 3.943779399098149563e-01, 2.155887811527218423e-01
2.551792098288253596e-01, 1.348378519496965799e-01, 3.943998913068970658e-01, 2.155830469145809947e-01
2.551877533923166408e-01, 1.348131160916531124e-01, 3.944218052762710758e-01, 2.155773252397591710e-01
2.551963177714895448e-01, 1.347883842806617549e-01, 3.944436818139643863e-01, 2.155716161338842585e-01
2.552049029557295068e-01, 1.347636565256658259e-01, 3.944655209160138343e-01, 2.155659196025909163e-01
2.552135089344115260e-01, 1.347389328356028981e-01, 3.944873225784646942e-01, 2.155602356515209095e-01
2.552221356969004984e-01, 1.347142132194047437e-01, 3.945090867973716220e-01, 2.155545642863231082e-01
2.552307832325509396e-01, 1.346894976859974724e-01, 3.945308135687982110e-01, 2.155489055126534048e-01
2.552394515307071510e-01, 1.346647862443012267e-01, 3.945525028888166585e-01, 2.155432593361748805e-01
2.552481405807031090e-01, 1.346400789032306256e-01, 3.945741547535085991e-01, 2.155376257625575553e-01
2.552568503718626869e-01, 1.346153756716942929e-01, 3.945957691589644378e-01, 2.155320047974786379e-01
2.552655808934991555e-01, 1.345906765585952458e-01, 3.946173461012834061e-01, 2.155263964466222482e-01
2.552743321349157379e-01, 1.345659815728306452e-01, 3.946388855765740056e-01, 2.155208007156796113e-01
2.552831040854053324e-01, 1.345412907232919342e-01, 3.946603875809534534e-01, 2.155152176103493078e-01
2.552918967342506229e-01, 1.345166040188647827e-01, 3.946818521105481814e-01, 2.155096471363364408e-01
2.553007100707238575e-01, 1.344919214684290043e-01, 3.947032791614933367e-01, 2.155040892993537738e-01
2.553095440840872921e-01, 1.344672430808587227e-01, 3.947246687299332257e-01, 2.154985441051207595e-01
2.553183987635925245e-01, 1.344425688650223716e-01, 3.947460208120210923e-01, 2.154930115593640116e-01
2.553272740984812161e-01, 1.344178988297823896e-01, 3.947673354039191729e-01, 2.154874916678172214e-01
2.553361700779844812e-01, 1.343932329839956918e-01, 3.947886125017985304e-01, 2.154819844362212966e-01
2.553450866913233308e-01, 1.343685713365131984e-01, 3.948098521018393869e-01, 2.154764898703240283e-01
2.553540239277085622e-01, 1.343439138961802504e-01, 3.948310542002308465e-01, 2.154710079758803409e-01
2.553629817763404253e-01, 1.343192606718362214e-01, 3.948522187931710614e-01, 2.154655387586522086e-01
2.553719602264092337e-01, 1.342946116723149341e-01, 3.948733458768671212e-01, 2.154600822244087943e-01
2.553809592670946982e-01, 1.342699669064442158e-01, 3.948944354475349416e-01, 2.154546383789262276e-01
2.553899788875664822e-01, 1.342453263830462040e-01, 3.949154875013994870e-01, 2.154492072279877435e-01
2.553990190769839796e-01, 1.342206901109374295e-01, 3.949365020346949917e-01, 2.154437887773837379e-01
2.554080798244959816e-01, 1.341960580989283447e-01, 3.949574790436642391e-01, 2.154383830329114624e-01
2.554171611192415092e-01, 1.341714303558238508e-01, 3.949784185245592827e-01, 2.154329900003754683e-01
2.554262629503488702e-01, 1.341468068904228816e-01, 3.949993204736409469e-01, 2.154276096855872735e-01
2.554353853069362690e-01, 1.341221877115189032e-01, 3.950201848871792709e-01, 2.154222420943655847e-01
2.554445281781117516e-01, 1.340975728278992474e-01, 3.950410117614528982e-01, 2.154168872325360196e-01
2.554536915529729280e-01, 1.340729622483457228e-01, 3.950618010927499091e-01, 2.154115451059314401e-01
2.554628754206071384e-01, 1.340483559816341985e-01, 3.950825528773669881e-01, 2.154062157203916750e-01
2.554720797700914536e-01, 1.340237540365349089e-01, 3.951032671116100348e-01, 2.154008990817636304e-01
2.554813045904927304e-01, 1.339991564218121489e-01, 3.951239437917937192e-01, 2.153955951959014015e-01
2.554905498708675005e-01, 1.339745631462246067e-01, 3.951445829142417598e-01, 2.153903040686661330e-01
2.554998156002619702e-01, 1.339499742185250863e-01, 3.951651844752870901e-01, 2.153850257059259088e-01
2.555091017677122434e-01, 1.339253896474605632e-01, 3.951857484712711366e-01, 2.153797601135560014e-01
2.555184083622439872e-01, 1.339008094417723782e-01, 3.952062748985448182e-01, 2.153745072974388997e-01
2.555277353728724887e-01, 1.338762336101959327e-01, 3.952267637534676581e-01, 2.153692672634638372e-01
2.555370827886030982e-01, 1.338516621614610214e-01, 3.952472150324084499e-01, 2.153640400175274860e-01
2.555464505984304524e-01, 1.338270951042914714e-01, 3.952676287317446469e-01, 2.153588255655333461e-01
2.555558387913394180e-01, 1.338025324474055311e-01, 3.952880048478629171e-01, 2.153536239133921615e-01
2.555652473563040372e-01, 1.337779741995153981e-01, 3.953083433771587551e-01, 2.153484350670216707e-01
2.555746762822885820e-01, 1.337534203693278301e-01, 3.953286443160368702e-01, 2.153432590323467177e-01
2.555841255582466109e-01, 1.337288709655434782e-01, 3.953489076609106867e-01, 2.153380958152991964e-01
2.555935951731217459e-01, 1.337043259968574149e-01, 3.953691334082026776e-01, 2.153329454218180783e-01
2.556030851158470618e-01, 1.336797854719588285e-01, 3.953893215543444750e-01, 2.153278078578496069e-01
2.556125953753454749e-01, 1.336552493995311897e-01, 3.954094720957764819e-01, 2.153226831293468535e-01
2.556221259405296875e-01, 1.336307177882521124e-01, 3.954295850289480940e-01, 2.153175712422700228e-01
2.556316768003020212e-01, 1.336061906467935212e-01, 3.954496603503179220e-01, 2.153124722025864801e-01
2.556412479435545282e-01, 1.335816679838214838e-01, 3.954696980563532360e-01, 2.153073860162708075e-01
2.556508393591689354e-01, 1.335571498079962949e-01, 3.954896981435304659e-01, 2.153023126893042483e-01
2.556604510360168669e-01, 1.335326361279724483e-01, 3.955096606083350896e-01, 2.152972522276755396e-01
2.556700829629594551e-01, 1.335081269523987479e-01, 3.955295854472614114e-01, 2.152922046373803577e-01
2.556797351288476738e-01, 1.334836222899181413e-01, 3.955494726568127284e-01, 2.152871699244214565e-01
2.556894075225222829e-01, 1.334591221491676916e-01, 3.955693222335014414e-01, 2.152821480948086119e-01
2.556991001328134394e-01, 1.334346265387788832e-01, 3.955891341738489442e-01, 2.152771391545587887e-01
2.557088129485413641e-01, 1.334101354673772333e-01, 3.956089084743854567e-01, 2.152721431096959737e-01
2.557185459585158971e-01, 1.333856489435826242e-01, 3.956286451316503028e-01, 2.152671599662512869e-01
2.557282991515363868e-01, 1.333611669760089713e-01, 3.956483441421917435e-01, 2.152621897302629261e-01
2.557380725163923008e-01, 1.333366895732645829e-01, 3.956680055025670328e-01, 2.152572324077760557e-01
2.557478660418624483e-01, 1.333122167439519112e-01, 3.956876292093425840e-01, 2.152522880048430565e-01
2.557576797167155913e-01, 1.332877484966675796e-01, 3.957072152590934699e-01, 2.152473565275233591e-01
2.557675135297100555e-01, 1.332632848400024383e-01, 3.957267636484040341e-01, 2.152424379818834443e-01
2.557773674695938970e-01, 1.332388257825415923e-01, 3.957462743738675015e-01, 2.152375323739969537e-01
2.557872415251050691e-01, 1.332143713328644286e-01, 3.957657474320859792e-01, 2.152326397099445232e-01
2.557971356849709221e-01, 1.331899214995443115e-01, 3.957851828196709554e-01, 2.152277599958138388e-01
2.558070499379089258e-01, 1.331654762911490264e-01, 3.958045805332422451e-01, 2.152228932376998582e-01
2.558169842726257248e-01, 1.331410357162405300e-01, 3.958239405694293223e-01, 2.152180394417043952e-01
2.558269386778181942e-01, 1.331165997833749504e-01, 3.958432629248703205e-01, 2.152131986139365072e-01
2.558369131421726617e-01, 1.330921685011026423e-01, 3.958625475962123663e-01, 2.152083707605123020e-01
2.558469076543653520e-01, 1.330677418779681043e-01, 3.958817945801116900e-01, 2.152035558875548260e-01
2.558569222030619428e-01, 1.330433199225102558e-01, 3.959010038732333481e-01, 2.151987540011944811e-01
2.558669567769178421e-01, 1.330189026432619659e-01, 3.959201754722517785e-01, 2.151939651075684412e-01
2.558770113645784106e-01, 1.329944900487505244e-01, 3.959393093738498015e-01, 2.151891892128212636e-01
2.558870859546786281e-01, 1.329700821474972816e-01, 3.959584055747198961e-01, 2.151844263231042775e-01
2.558971805358429830e-01, 1.329456789480178702e-01, 3.959774640715629790e-01, 2.151796764445761401e-01
2.559072950966859716e-01, 1.329212804588221775e-01, 3.959964848610894039e-01, 2.151749395834025025e-01
2.559174296258115433e-01, 1.328968866884142064e-01, 3.960154679400181843e-01, 2.151702157457561215e-01
2.559275841118134331e-01, 1.328724976452922146e-01, 3.960344133050776039e-01, 2.151655049378167206e-01
2.559377585432753288e-01, 1.328481133379486590e-01, 3.960533209530047172e-01, 2.151608071657712951e-01
2.559479529087702598e-01, 1.328237337748702229e-01, 3.960721908805457381e-01, 2.151561224358136959e-01
2.559581671968612082e-01, 1.327993589645378725e-01, 3.960910230844558733e-01, 2.151514507541450738e-01
2.559684013961006088e-01, 1.327749889154266061e-01, 3.961098175614992667e-01, 2.151467921269734906e-01
2.559786554950309045e-01, 1.327506236360057601e-01, 3.961285743084491107e-01, 2.151421465605141692e-01
2.559889294821841021e-01, 1.327262631347388977e-01, 3.961472933220875903e-01, 2.151375140609894099e-01
2.559992233460818833e-01, 1.327019074200836701e-01, 3.961659745992058279e-01, 2.151328946346286186e-01
2.560095370752356603e-01, 1.326775565004920665e-01, 3.961846181366041608e-01, 2.151282882876681124e-01
2.560198706581465755e-01, 1.326532103844103028e-01, 3.962032239310917525e-01, 2.151236950263514247e-01
2.560302240833054466e-01, 1.326288690802785997e-01, 3.962217919794866483e-01, 2.151191148569293332e-01
2.560405973391928214e-01, 1.326045325965316546e-01, 3.962403222786163304e-01, 2.151145477856592214e-01
2.560509904142788673e-01, 1.325802009415981697e-01, 3.962588148253169407e-01, 2.151099938188060223e-01
2.560614032970236487e-01, 1.325558741239011851e-01, 3.962772696164336694e-01, 2.151054529626414968e-01
2.560718359758767382e-01, 1.325315521518578565e-01, 3.962956866488208663e-01, 2.151009252234445113e-01
2.560822884392774945e-01, 1.325072350338796501e-01, 3.963140659193417625e-01, 2.150964106075010651e-01
2.560927606756548403e-01, 1.324829227783721475e-01, 3.963324074248687490e-01, 2.150919091211042355e-01
2.561032526734276504e-01, 1.324586153937352129e-01, 3.963507111622830426e-01, 2.150874207705540664e-01
2.561137644210043640e-01, 1.324343128883628540e-01, 3.963689771284750751e-01, 2.150829455621577346e-01
2.561242959067830394e-01, 1.324100152706433609e-01, 3.963872053203440493e-01, 2.150784835022295782e-01
2.561348471191515208e-01, 1.323857225489591949e-01, 3.964053957347984380e-01, 2.150740345970907630e-01
2.561454180464873831e-01, 1.323614347316870166e-01, 3.964235483687557071e-01, 2.150695988530699765e-01
2.561560086771578204e-01, 1.323371518271976854e-01, 3.964416632191421486e-01, 2.150651762765023733e-01
2.561666189995198128e-01, 1.323128738438563712e-01, 3.964597402828931583e-01, 2.150607668737306299e-01
2.561772490019199044e-01, 1.322886007900223038e-01, 3.964777795569532914e-01, 2.150563706511044171e-01
2.561878986726945362e-01, 1.322643326740490788e-01, 3.964957810382760961e-01, 2.150519876149802889e-01
2.561985680001695465e-01, 1.322400695042842966e-01, 3.965137447238240576e-01, 2.150476177717220994e-01
2.562092569726607816e-01, 1.322158112890700343e-01, 3.965316706105686539e-01, 2.150432611277006134e-01
2.562199655784735963e-01, 1.321915580367423459e-01, 3.965495586954904672e-01, 2.150389176892936738e-01
2.562306938059030759e-01, 1.321673097556316512e-01, 3.965674089755790721e-01, 2.150345874628862008e-01
2.562414416432339803e-01, 1.321430664540625133e-01, 3.965852214478332027e-01, 2.150302704548703592e-01
2.562522090787408002e-01, 1.321188281403536946e-01, 3.966029961092604750e-01, 2.150259666716450857e-01
2.562629961006878121e-01, 1.320945948228181566e-01, 3.966207329568774975e-01, 2.150216761196164783e-01
2.562738026973287453e-01, 1.320703665097631707e-01, 3.966384319877102049e-01, 2.150173988051979068e-01
2.562846288569071151e-01, 1.320461432094901244e-01, 3.966560931987932470e-01, 2.150131347348095412e-01
2.562954745676563340e-01, 1.320219249302946596e-01, 3.966737165871703774e-01, 2.150088839148787123e-01
2.563063398177990448e-01, 1.319977116804665895e-01, 3.966913021498945646e-01, 2.150046463518397455e-01
2.563172245955481210e-01, 1.319735034682899821e-01, 3.967088498840276034e-01, 2.150004220521341824e-01
2.563281288891058329e-01, 1.319493003020431043e-01, 3.967263597866405034e-01, 2.149962110222104483e-01
2.563390526866640706e-01, 1.319251021899984500e-01, 3.967438318548132115e-01, 2.149920132685242125e-01
2.563499959764044545e-01, 1.319009091404226841e-01, 3.967612660856348339e-01, 2.149878287975380275e-01
2.563609587464984463e-01, 1.318767211615766710e-01, 3.967786624762033587e-01, 2.149836576157216073e-01
2.563719409851070719e-01, 1.318525382617156128e-01, 3.967960210236257113e-01, 2.149794997295515764e-01
2.563829426803810874e-01, 1.318283604490887717e-01, 3.968133417250183093e-01, 2.149753551455118317e-01
2.563939638204608129e-01, 1.318041877319396926e-01, 3.968306245775062302e-01, 2.149712238700932920e-01
2.564050043934763545e-01, 1.317800201185061471e-01, 3.968478695782238219e-01, 2.149671059097937043e-01
2.564160643875474932e-01, 1.317558576170200779e-01, 3.968650767243143140e-01, 2.149630012711180316e-01
2.564271437907836848e-01, 1.317317002357077382e-01, 3.968822460129302065e-01, 2.149589099605784537e-01
2.564382425912840602e-01, 1.317075479827893858e-01, 3.968993774412326592e-01, 2.149548319846938116e-01
2.564493607771374806e-01, 1.316834008664797828e-01, 3.969164710063924906e-01, 2.149507673499903293e-01
2.564604983364223156e-01, 1.316592588949876130e-01, 3.969335267055890126e-01, 2.149467160630010587e-01
2.564716552572067765e-01, 1.316351220765160090e-01, 3.969505445360108631e-01, 2.149426781302663514e-01
2.564828315275486936e-01, 1.316109904192621638e-01, 3.969675244948557835e-01, 2.149386535583333591e-01
2.564940271354956836e-01, 1.315868639314175803e-01, 3.969844665793302863e-01, 2.149346423537563666e-01
2.565052420690847046e-01, 1.315627426211679329e-01, 3.970013707866504871e-01, 2.149306445230968199e-01
2.565164763163428896e-01, 1.315386264966931229e-01, 3.970182371140409949e-01, 2.149266600729229926e-01
2.565277298652866578e-01, 1.315145155661671950e-01, 3.970350655587358557e-01, 2.149226890098103748e-01
2.565390027039222143e-01, 1.314904098377586150e-01, 3.970518561179779415e-01, 2.149187313403413402e-01
2.565502948202454392e-01, 1.314663093196297705e-01, 3.970686087890192284e-01, 2.149147870711055341e-01
2.565616062022418875e-01, 1.314422140199374978e-01, 3.970853235691211847e-01, 2.149108562086993190e-01
2.565729368378869557e-01, 1.314181239468328322e-01, 3.971020004555537164e-01, 2.149069387597265790e-01
2.565842867151452156e-01, 1.313940391084608694e-01, 3.971186394455962221e-01, 2.149030347307976652e-01
2.565956558219714689e-01, 1.313699595129610154e-01, 3.971352405365371485e-01, 2.148991441285303672e-01
2.566070441463098040e-01, 1.313458851684669859e-01, 3.971518037256737688e-01, 2.148952669595494414e-01
2.566184516760943168e-01, 1.313218160831065295e-01, 3.971683290103126263e-01, 2.148914032304864719e-01
2.566298783992483901e-01, 1.312977522650018158e-01, 3.971848163877694238e-01, 2.148875529479803426e-01
2.566413243036853586e-01, 1.312736937222690470e-01, 3.972012658553688014e-01, 2.148837161186768485e-01
2.566527893773080105e-01, 1.312496404630187630e-01, 3.972176774104445030e-01, 2.148798927492287791e-01
2.566642736080089748e-01, 1.312255924953555919e-01, 3.972340510503393762e-01, 2.148760828462959738e-01
2.566757769836704450e-01, 1.312015498273786385e-01, 3.972503867724054283e-01, 2.148722864165454050e-01
2.566872994921645112e-01, 1.311775124671809289e-01, 3.972666845740037145e-01, 2.148685034666508453e-01
2.566988411213523835e-01, 1.311534804228499107e-01, 3.972829444525042830e-01, 2.148647340032934505e-01
2.567104018590854464e-01, 1.311294537024671192e-01, 3.972991664052863414e-01, 2.148609780331610375e-01
2.567219816932045928e-01, 1.311054323141083999e-01, 3.973153504297383121e-01, 2.148572355629486952e-01
2.567335806115402796e-01, 1.310814162658438253e-01, 3.973314965232574991e-01, 2.148535065993583126e-01
2.567451986019127497e-01, 1.310574055657375836e-01, 3.973476046832506992e-01, 2.148497911490990786e-01
2.567568356521316986e-01, 1.310334002218482563e-01, 3.973636749071330909e-01, 2.148460892188869265e-01
2.567684917499968300e-01, 1.310094002422284576e-01, 3.973797071923297342e-01, 2.148424008154449505e-01
2.567801668832971340e-01, 1.309854056349251950e-01, 3.973957015362743483e-01, 2.148387259455033782e-01
2.567918610398114421e-01, 1.309614164079795084e-01, 3.974116579364098678e-01, 2.148350646157991539e-01
2.568035742073083161e-01, 1.309374325694269148e-01, 3.974275763901882752e-01, 2.148314168330765217e-01
2.568153063735457153e-01, 1.309134541272968799e-01, 3.974434568950708235e-01, 2.148277826040864702e-01
2.568270575262715516e-01, 1.308894810896133187e-01, 3.974592994485278141e-01, 2.148241619355872600e-01
2.568388276532230785e-01, 1.308655134643941786e-01, 3.974751040480385411e-01, 2.148205548343440907e-01
2.568506167421275022e-01, 1.308415512596518004e-01, 3.974908706910916245e-01, 2.148169613071291006e-01
2.568624247807014815e-01, 1.308175944833926685e-01, 3.975065993751846216e-01, 2.148133813607213949e-01
2.568742517566512396e-01, 1.307936431436174940e-01, 3.975222900978240825e-01, 2.148098150019072117e-01
2.568860976576729516e-01, 1.307696972483212150e-01, 3.975379428565261053e-01, 2.148062622374797836e-01
2.568979624714521903e-01, 1.307457568054929964e-01, 3.975535576488155587e-01, 2.148027230742392268e-01
2.569098461856642590e-01, 1.307218218231162576e-01, 3.975691344722265819e-01, 2.147991975189927627e-01
2.569217487879741912e-01, 1.306978923091686173e-01, 3.975846733243025288e-01, 2.147956855785546071e-01
2.569336702660363625e-01, 1.306739682716219486e-01, 3.976001742025957464e-01, 2.147921872597459703e-01
2.569456106074951007e-01, 1.306500497184422127e-01, 3.976156371046675742e-01, 2.147887025693950569e-01
2.569575697999842978e-01, 1.306261366575899030e-01, 3.976310620280887886e-01, 2.147852315143369550e-01
2.569695478311274650e-01, 1.306022290970194621e-01, 3.976464489704391592e-01, 2.147817741014138859e-01
2.569815446885377330e-01, 1.305783270446796152e-01, 3.976617979293075034e-01, 2.147783303374751762e-01
2.569935603598177964e-01, 1.305544305085133971e-01, 3.976771089022920203e-01, 2.147749002293767584e-01
2.570055948325600803e-01, 1.305305394964580701e-01, 3.976923818869999572e-01, 2.147714837839819479e-01
2.570176480943466846e-01, 1.305066540164450395e-01, 3.977076168810473877e-01, 2.147680810081608327e-01
2.570297201327493286e-01, 1.304827740764000210e-01, 3.977228138820599890e-01, 2.147646919087906059e-01
2.570418109353292957e-01, 1.304588996842429571e-01, 3.977379728876724307e-01, 2.147613164927553719e-01
2.570539204896374330e-01, 1.304350308478879616e-01, 3.977530938955284312e-01, 2.147579547669461464e-01
2.570660487832144847e-01, 1.304111675752434030e-01, 3.977681769032809234e-01, 2.147546067382611057e-01
2.570781958035905368e-01, 1.303873098742119596e-01, 3.977832219085921661e-01, 2.147512724136052542e-01
2.570903615382855167e-01, 1.303634577526903982e-01, 3.977982289091333556e-01, 2.147479517998906740e-01
2.571025459748088604e-01, 1.303396112185699340e-01, 3.978131979025846809e-01, 2.147446449040364969e-01
2.571147491006596786e-01, 1.303157702797357598e-01, 3.978281288866360454e-01, 2.147413517329684329e-01
2.571269709033267570e-01, 1.302919349440674890e-01, 3.978430218589861234e-01, 2.147380722936197139e-01
2.571392113702882232e-01, 1.302681052194389066e-01, 3.978578768173428037e-01, 2.147348065929302052e-01
2.571514704890123237e-01, 1.302442811137179968e-01, 3.978726937594229685e-01, 2.147315546378466833e-01
2.571637482469564251e-01, 1.302204626347670813e-01, 3.978874726829533248e-01, 2.147283164353231966e-01
2.571760446315678461e-01, 1.301966497904426256e-01, 3.979022135856689069e-01, 2.147250919923205381e-01
2.571883596302834696e-01, 1.301728425885954332e-01, 3.979169164653145185e-01, 2.147218813158066064e-01
2.572006932305296867e-01, 1.301490410370703954e-01, 3.979315813196438456e-01, 2.147186844127559890e-01
2.572130454197226745e-01, 1.301252451437067970e-01, 3.979462081464200107e-01, 2.147155012901505455e-01
2.572254161852679522e-01, 1.301014549163380385e-01, 3.979607969434150738e-01, 2.147123319549789633e-01
2.572378055145609910e-01, 1.300776703627918029e-01, 3.979753477084103652e-01, 2.147091764142369241e-01
2.572502133949865488e-01, 1.300538914908901111e-01, 3.979898604391964301e-01, 2.147060346749268822e-01
2.572626398139193360e-01, 1.300301183084490997e-01, 3.980043351335729729e-01, 2.147029067440586192e-01
2.572750847587234602e-01, 1.300063508232791321e-01, 3.980187717893489685e-01, 2.146997926286484948e-01
2.572875482167525929e-01, 1.299825890431849373e-01, 3.980331704043425511e-01, 2.146966923357199741e-01
2.573000301753501362e-01, 1.299588329759653604e-01, 3.980475309763808478e-01, 2.146936058723034890e-01
2.573125306218492225e-01, 1.299350826294136396e-01, 3.980618535033005334e-01, 2.146905332454364934e-01
2.573250495435723262e-01, 1.299113380113171290e-01, 3.980761379829473312e-01, 2.146874744621632136e-01
2.573375869278316519e-01, 1.298875991294573817e-01, 3.980903844131761238e-01, 2.146844295295348981e-01
2.573501427619289683e-01, 1.298638659916103999e-01, 3.981045927918509530e-01, 2.146813984546097342e-01
2.573627170331557745e-01, 1.298401386055462181e-01, 3.981187631168451868e-01, 2.146783812444528483e-01
2.573753097287929670e-01, 1.298164169790292366e-01, 3.981328953860415187e-01, 2.146753779061361944e-01
2.573879208361113946e-01, 1.297927011198181102e-01, 3.981469895973315798e-01, 2.146723884467389709e-01
2.574005503423710817e-01, 1.297689910356656373e-01, 3.981610457486163823e-01, 2.146694128733470375e-01
2.574131982348218384e-01, 1.297452867343190097e-01, 3.981750638378060980e-01, 2.146664511930531094e-01
2.574258645007031499e-01, 1.297215882235195350e-01, 3.981890438628201134e-01, 2.146635034129571185e-01
2.574385491272440096e-01, 1.296978955110028864e-01, 3.982029858215873630e-01, 2.146605695401657965e-01
2.574512521016630862e-01, 1.296742086044989084e-01, 3.982168897120453299e-01, 2.146576495817926755e-01
2.574639734111685008e-01, 1.296505275117316724e-01, 3.982307555321414339e-01, 2.146547435449584207e-01
2.574767130429581607e-01, 1.296268522404195600e-01, 3.982445832798318652e-01, 2.146518514367903863e-01
2.574894709842193152e-01, 1.296031827982752349e-01, 3.982583729530821959e-01, 2.146489732644231430e-01
2.575022472221291658e-01, 1.295795191930055601e-01, 3.982721245498674345e-01, 2.146461090349978118e-01
2.575150417438540895e-01, 1.295558614323115976e-01, 3.982858380681714716e-01, 2.146432587556627303e-01
2.575278545365504157e-01, 1.295322095238888582e-01, 3.982995135059877456e-01, 2.146404224335730637e-01
2.575406855873637602e-01, 1.295085634754268300e-01, 3.983131508613187433e-01, 2.146376000758907776e-01
2.575535348834294691e-01, 1.294849232946094220e-01, 3.983267501321762216e-01, 2.146347916897848040e-01
2.575664024118726747e-01, 1.294612889891149088e-01, 3.983403113165812082e-01, 2.146319972824311806e-01
2.575792881598076844e-01, 1.294376605666155700e-01, 3.983538344125642783e-01, 2.146292168610124951e-01
2.575921921143385918e-01, 1.294140380347781061e-01, 3.983673194181648336e-01, 2.146264504327184686e-01
2.576051142625592760e-01, 1.293904214012634724e-01, 3.983807663314316017e-01, 2.146236980047456500e-01
2.576180545915527365e-01, 1.293668106737267676e-01, 3.983941751504228579e-01, 2.146209595842975548e-01
2.576310130883919802e-01, 1.293432058598175116e-01, 3.984075458732059816e-01, 2.146182351785844711e-01
2.576439897401394674e-01, 1.293196069671793680e-01, 3.984208784978575113e-01, 2.146155247948236255e-01
2.576569845338470555e-01, 1.292960140034503103e-01, 3.984341730224634226e-01, 2.146128284402392949e-01
2.576699974565564433e-01, 1.292724269762624834e-01, 3.984474294451187948e-01, 2.146101461220623341e-01
2.576830284952986716e-01, 1.292488458932424533e-01, 3.984606477639281996e-01, 2.146074778475306477e-01
2.576960776370944561e-01, 1.292252707620109853e-01, 3.984738279770053127e-01, 2.146048236238892182e-01
2.577091448689541875e-01, 1.292017015901830157e-01, 3.984869700824733019e-01, 2.146021834583895227e-01
2.577222301778776536e-01, 1.291781383853678744e-01, 3.985000740784643836e-01, 2.145995573582901439e-01
2.577353335508542620e-01, 1.291545811551690903e-01, 3.985131399631201554e-01, 2.145969453308565478e-01
2.577484549748630394e-01, 1.291310299071844747e-01, 3.985261677345914855e-01, 2.145943473833609727e-01
2.577615944368725764e-01, 1.291074846490060934e-01, 3.985391573910386787e-01, 2.145917635230825959e-01
2.577747519238409724e-01, 1.290839453882202947e-01, 3.985521089306311993e-01, 2.145891937573075336e-01
2.577879274227160011e-01, 1.290604121324077092e-01, 3.985650223515477264e-01, 2.145866380933285911e-01
2.578011209204347787e-01, 1.290368848891431663e-01, 3.985778976519765426e-01, 2.145840965384455401e-01
2.578143324039242068e-01, 1.290133636659958893e-01, 3.985907348301149233e-01, 2.145815690999649528e-01
2.578275618601006403e-01, 1.289898484705292170e-01, 3.986035338841696918e-01, 2.145790557852004510e-01
2.578408092758701087e-01, 1.289663393103009092e-01, 3.986162948123567751e-01, 2.145765566014721792e-01
2.578540746381279836e-01, 1.289428361928628974e-01, 3.986290176129016483e-01, 2.145740715561074430e-01
2.578673579337592559e-01, 1.289193391257614507e-01, 3.986417022840387792e-01, 2.145716006564403477e-01
2.578806591496387024e-01, 1.288958481165370651e-01, 3.986543488240125721e-01, 2.145691439098116882e-01
2.578939782726303864e-01, 1.288723631727245467e-01, 3.986669572310758136e-01, 2.145667013235691423e-01
2.579073152895880461e-01, 1.288488843018529562e-01, 3.986795275034915598e-01, 2.145642729050673547e-01
2.579206701873549834e-01, 1.288254115114456089e-01, 3.986920596395316374e-01, 2.145618586616677703e-01
2.579340429527639533e-01, 1.288019448090200747e-01, 3.987045536374773658e-01, 2.145594586007385784e-01
2.579474335726372747e-01, 1.287784842020883724e-01, 3.987170094956194455e-01, 2.145570727296549352e-01
2.579608420337868857e-01, 1.287550296981566089e-01, 3.987294272122579031e-01, 2.145547010557986578e-01
2.579742683230142331e-01, 1.287315813047252289e-01, 3.987418067857019799e-01, 2.145523435865585860e-01
2.579877124271104383e-01, 1.287081390292889871e-01, 3.987541482142704097e-01, 2.145500003293302205e-01
2.580011743328557983e-01, 1.286847028793368930e-01, 3.987664514962912521e-01, 2.145476712915160289e-01
2.580146540270205069e-01, 1.286612728623522661e-01, 3.987787166301019481e-01, 2.145453564805251678e-01
2.580281514963641554e-01, 1.286378489858126806e-01, 3.987909436140492647e-01, 2.145430559037738438e-01
2.580416667276360099e-01, 1.286144312571899373e-01, 3.988031324464893501e-01, 2.145407695686847305e-01
2.580551997075746229e-01, 1.285910196839502861e-01, 3.988152831257874564e-01, 2.145384974826875513e-01
2.580687504229082774e-01, 1.285676142735541483e-01, 3.988273956503187168e-01, 2.145362396532188576e-01
2.580823188603547091e-01, 1.285442150334562272e-01, 3.988394700184672570e-01, 2.145339960877219176e-01
2.580959050066212179e-01, 1.285208219711054256e-01, 3.988515062286266954e-01, 2.145317667936466610e-01
2.581095088484046118e-01, 1.284974350939452059e-01, 3.988635042791999208e-01, 2.145295517784502337e-01
2.581231303723913739e-01, 1.284740544094131187e-01, 3.988754641685993696e-01, 2.145273510495962488e-01
2.581367695652571626e-01, 1.284506799249409692e-01, 3.988873858952467488e-01, 2.145251646145551472e-01
2.581504264136675331e-01, 1.284273116479549559e-01, 3.988992694575733133e-01, 2.145229924808042532e-01
2.581641009042772716e-01, 1.284039495858755875e-01, 3.989111148540193663e-01, 2.145208346558276913e-01
2.581777930237310614e-01, 1.283805937461175994e-01, 3.989229220830349809e-01, 2.145186911471163305e-01
2.581915027586627609e-01, 1.283572441360900096e-01, 3.989346911430795561e-01, 2.145165619621676734e-01
2.582052300956957924e-01, 1.283339007631961737e-01, 3.989464220326215393e-01, 2.145144471084864113e-01
2.582189750214433643e-01, 1.283105636348337297e-01, 3.989581147501393699e-01, 2.145123465935835916e-01
2.582327375225078048e-01, 1.282872327583945982e-01, 3.989697692941204243e-01, 2.145102604249772560e-01
2.582465175854812278e-01, 1.282639081412650650e-01, 3.989813856630615718e-01, 2.145081886101921909e-01
2.582603151969452560e-01, 1.282405897908255599e-01, 3.989929638554692848e-01, 2.145061311567598716e-01
2.582741303434710201e-01, 1.282172777144509612e-01, 3.990045038698593616e-01, 2.145040880722186571e-01
2.582879630116189373e-01, 1.281939719195104299e-01, 3.990160057047568709e-01, 2.145020593641136786e-01
2.583018131879393775e-01, 1.281706724133673259e-01, 3.990274693586966515e-01, 2.145000450399967007e-01
2.583156808589716635e-01, 1.281473792033794301e-01, 3.990388948302225902e-01, 2.144980451074263161e-01
2.583295660112451264e-01, 1.281240922968987783e-01, 3.990502821178881776e-01, 2.144960595739678899e-01
2.583434686312782724e-01, 1.281008117012716607e-01, 3.990616312202565075e-01, 2.144940884471935871e-01
2.583573887055792828e-01, 1.280775374238387609e-01, 3.990729421358997220e-01, 2.144921317346822065e-01
2.583713262206457917e-01, 1.280542694719350172e-01, 3.990842148633998998e-01, 2.144901894440192636e-01
2.583852811629649970e-01, 1.280310078528896778e-01, 3.990954494013481124e-01, 2.144882615827972405e-01
2.583992535190134943e-01, 1.280077525740263011e-01, 3.991066457483450902e-01, 2.144863481586151699e-01
2.584132432752573316e-01, 1.279845036426627836e-01, 3.991178039030010560e-01, 2.144844491790788843e-01
2.584272504181522323e-01, 1.279612610661112204e-01, 3.991289238639355585e-01, 2.144825646518009887e-01
2.584412749341433169e-01, 1.279380248516781837e-01, 3.991400056297778054e-01, 2.144806945844006940e-01
2.584553168096652143e-01, 1.279147950066644168e-01, 3.991510491991663301e-01, 2.144788389845040388e-01
2.584693760311420063e-01, 1.278915715383651397e-01, 3.991620545707491030e-01, 2.144769978597437787e-01
2.584834525849873388e-01, 1.278683544540696326e-01, 3.991730217431836425e-01, 2.144751712177594138e-01
2.584975464576043103e-01, 1.278451437610617358e-01, 3.991839507151370148e-01, 2.144733590661970501e-01
2.585116576353854723e-01, 1.278219394666194608e-01, 3.991948414852853899e-01, 2.144715614127096492e-01
2.585257861047128292e-01, 1.277987415780151847e-01, 3.992056940523150410e-01, 2.144697782649568063e-01
2.585399318519581713e-01, 1.277755501025156226e-01, 3.992165084149213450e-01, 2.144680096306048334e-01
2.585540948634822978e-01, 1.277523650473817995e-01, 3.992272845718090601e-01, 2.144662555173267593e-01
2.585682751256359047e-01, 1.277291864198689952e-01, 3.992380225216927703e-01, 2.144645159328023853e-01
2.585824726247588079e-01, 1.277060142272268550e-01, 3.992487222632963295e-01, 2.144627908847179520e-01
2.585966873471806649e-01, 1.276828484766993621e-01, 3.992593837953531954e-01, 2.144610803807668054e-01
2.586109192792203637e-01, 1.276596891755248098e-01, 3.992700071166062070e-01, 2.144593844286486195e-01
2.586251684071863566e-01, 1.276365363309358292e-01, 3.992805922258079177e-01, 2.144577030360699799e-01
2.586394347173763819e-01, 1.276133899501593338e-01, 3.992911391217202066e-01, 2.144560362107439666e-01
2.586537181960781306e-01, 1.275902500404166307e-01, 3.993016478031147232e-01, 2.144543839603905711e-01
2.586680188295683025e-01, 1.275671166089232533e-01, 3.993121182687722204e-01, 2.144527462927362516e-01
2.586823366041131611e-01, 1.275439896628891290e-01, 3.993225505174834433e-01, 2.144511232155143499e-01
2.586966715059684785e-01, 1.275208692095185503e-01, 3.993329445480482964e-01, 2.144495147364646748e-01
2.587110235213796461e-01, 1.274977552560100369e-01, 3.993433003592764541e-01, 2.144479208633338352e-01
2.587253926365813417e-01, 1.274746478095565572e-01, 3.993536179499871386e-01, 2.144463416038750458e-01
2.587397788377976959e-01, 1.274515468773453064e-01, 3.993638973190088426e-01, 2.144447769658481551e-01
2.587541821112424034e-01, 1.274284524665578733e-01, 3.993741384651798842e-01, 2.144432269570197558e-01
2.587686024431185006e-01, 1.274053645843701288e-01, 3.993843413873481296e-01, 2.144416915851631578e-01
2.587830398196185877e-01, 1.273822832379523928e-01, 3.993945060843707706e-01, 2.144401708580581656e-01
2.587974942269247181e-01, 1.273592084344691844e-01, 3.994046325551147691e-01, 2.144386647834912729e-01
2.588119656512082867e-01, 1.273361401810794435e-01, 3.994147207984566350e-01, 2.144371733692556070e-01
2.588264540786303636e-01, 1.273130784849364205e-01, 3.994247708132823704e-01, 2.144356966231509287e-01
2.588409594953411386e-01, 1.272900233531876202e-01, 3.994347825984874145e-01, 2.144342345529838267e-01
2.588554818874805319e-01, 1.272669747929751072e-01, 3.994447561529771429e-01, 2.144327871665671348e-01
2.588700212411778612e-01, 1.272439328114351176e-01, 3.994546914756662015e-01, 2.144313544717208198e-01
2.588845775425517859e-01, 1.272208974156982531e-01, 3.994645885654790063e-01, 2.144299364762710103e-01
2.588991507777105849e-01, 1.271978686128893976e-01, 3.994744474213493546e-01, 2.144285331880506351e-01
2.589137409327516570e-01, 1.271748464101279952e-01, 3.994842680422208692e-01, 2.144271446148994231e-01
2.589283479937622978e-01, 1.271518308145276055e-01, 3.994940504270467208e-01, 2.144257707646634592e-01
2.589429719468187563e-01, 1.271288218331962649e-01, 3.995037945747894614e-01, 2.144244116451954896e-01
2.589576127779871784e-01, 1.271058194732362923e-01, 3.995135004844215243e-01, 2.144230672643550051e-01
2.589722704733229408e-01, 1.270828237417443995e-01, 3.995231681549247238e-01, 2.144217376300080191e-01
2.589869450188706512e-01, 1.270598346458115813e-01, 3.995327975852906999e-01, 2.144204227500270676e-01
2.590016364006647032e-01, 1.270368521925232808e-01, 3.995423887745205849e-01, 2.144191226322913757e-01
2.590163446047287210e-01, 1.270138763889593070e-01, 3.995519417216251701e-01, 2.144178372846867187e-01
2.590310696170758376e-01, 1.269909072421936402e-01, 3.995614564256249057e-01, 2.144165667151055887e-01
2.590458114237085829e-01, 1.269679447592948207e-01, 3.995709328855497344e-01, 2.144153109314468064e-01
2.590605700106188847e-01, 1.269449889473256432e-01, 3.995803711004394243e-01, 2.144140699416160478e-01
2.590753453637880677e-01, 1.269220398133432681e-01, 3.995897710693432359e-01, 2.144128437535253451e-01
2.590901374691871872e-01, 1.268990973643992215e-01, 3.995991327913200331e-01, 2.144116323750935860e-01
2.591049463127761410e-01, 1.268761616075393950e-01, 3.996084562654386163e-01, 2.144104358142458477e-01
2.591197718805048344e-01, 1.268532325498040736e-01, 3.996177414907771119e-01, 2.144092540789140355e-01
2.591346141583121820e-01, 1.268303101982277969e-01, 3.996269884664234162e-01, 2.144080871770365770e-01
2.591494731321268286e-01, 1.268073945598396091e-01, 3.996361971914751399e-01, 2.144069351165584780e-01
2.591643487878664831e-01, 1.267844856416627808e-01, 3.996453676650395526e-01, 2.144057979054311835e-01
2.591792411114384742e-01, 1.267615834507150319e-01, 3.996544998862335829e-01, 2.144046755516128278e-01
2.591941500887397498e-01, 1.267386879940084476e-01, 3.996635938541837629e-01, 2.144035680630679563e-01
2.592090757056563222e-01, 1.267157992785495346e-01, 3.996726495680263391e-01, 2.144024754477678596e-01
2.592240179480636009e-01, 1.266929173113389984e-01, 3.996816670269072724e-01, 2.144013977136901838e-01
2.592389768018267815e-01, 1.266700420993719933e-01, 3.996906462299821827e-01, 2.144003348688190147e-01
2.592539522528001239e-01, 1.266471736496381506e-01, 3.996995871764164043e-01, 2.143992869211453767e-01
2.592689442868273408e-01, 1.266243119691213559e-01, 3.997084898653848750e-01, 2.143982538786663727e-01
2.592839528897415979e-01, 1.266014570647998605e-01, 3.997173542960725245e-01, 2.143972357493859338e-01
2.592989780473655137e-01, 1.265786089436464201e-01, 3.997261804676736641e-01, 2.143962325413144299e-01
2.593140197455109930e-01, 1.265557676126279618e-01, 3.997349683793923747e-01, 2.143952442624685595e-01
2.593290779699795046e-01, 1.265329330787060558e-01, 3.997437180304426185e-01, 2.143942709208717379e-01
2.593441527065616370e-01, 1.265101053488363603e-01, 3.997524294200480721e-01, 2.143933125245539584e-01
2.593592439410376538e-01, 1.264872844299691212e-01, 3.997611025474417379e-01, 2.143923690815515426e-01
2.593743516591769938e-01, 1.264644703290488670e-01, 3.997697374118666658e-01, 2.143914405999073347e-01
2.593894758467388262e-01, 1.264416630530145469e-01, 3.997783340125759532e-01, 2.143905270876707292e-01
2.594046164894712181e-01, 1.264188626087995038e-01, 3.997868923488317461e-01, 2.143896285528974210e-01
2.594197735731120225e-01, 1.263960690033314183e-01, 3.997954124199065151e-01, 2.143887450036500164e-01
2.594349470833882676e-01, 1.263732822435324199e-01, 3.998038942250821681e-01, 2.143878764479972276e-01
2.594501370060163237e-01, 1.263505023363189483e-01, 3.998123377636503828e-01, 2.143870228940143452e-01
2.594653433267022358e-01, 1.263277292886018643e-01, 3.998207430349126623e-01, 2.143861843497832098e-01
2.594805660311411133e-01, 1.263049631072864776e-01, 3.998291100381803909e-01, 2.143853608233920460e-01
2.594958051050175740e-01, 1.262822037992723800e-01, 3.998374387727744450e-01, 2.143845523229355454e-01
2.595110605340056886e-01, 1.262594513714536404e-01, 3.998457292380258044e-01, 2.143837588565148389e-01
2.595263323037686476e-01, 1.262367058307186929e-01, 3.998539814332748854e-01, 2.143829804322377464e-01
2.595416203999593163e-01, 1.262139671839503652e-01, 3.998621953578720412e-01, 2.143822170582181941e-01
2.595569248082198466e-01, 1.261912354380259060e-01, 3.998703710111776166e-01, 2.143814687425767140e-01
2.595722455141815654e-01, 1.261685105998168743e-01, 3.998785083925612271e-01, 2.143807354934403331e-01
2.595875825034653639e-01, 1.261457926761893333e-01, 3.998866075014028132e-01, 2.143800173189424618e-01
2.596029357616814748e-01, 1.261230816740036564e-01, 3.998946683370918631e-01, 2.143793142272229502e-01
2.596183052744294728e-01, 1.261003776001147492e-01, 3.999026908990276352e-01, 2.143786262264281428e-01
2.596336910272983300e-01, 1.260776804613717161e-01, 3.999106751866193243e-01, 2.143779533247106850e-01
2.596490930058661939e-01, 1.260549902646182219e-01, 3.999186211992858397e-01, 2.143772955302296612e-01
2.596645111957007757e-01, 1.260323070166923520e-01, 3.999265289364561382e-01, 2.143766528511506786e-01
2.596799455823591285e-01, 1.260096307244265024e-01, 3.999343983975686134e-01, 2.143760252956457280e-01
2.596953961513875364e-01, 1.259869613946474898e-01, 3.999422295820717621e-01, 2.143754128718932117e-01
2.597108628883217918e-01, 1.259642990341765800e-01, 3.999500224894237399e-01, 2.143748155880777773e-01
2.597263457786869179e-01, 1.259416436498294878e-01, 3.999577771190929165e-01, 2.143742334523907889e-01
2.597418448079973352e-01, 1.259189952484161545e-01, 3.999654934705569320e-01, 2.143736664730295782e-01
2.597573599617568063e-01, 1.258963538367411650e-01, 3.999731715433036960e-01, 2.143731146581982772e-01
2.597728912254584355e-01, 1.258737194216033584e-01, 3.999808113368309992e-01, 2.143725780161072070e-01
2.597884385845846134e-01, 1.258510920097960784e-01, 3.999884128506461800e-01, 2.143720565549731283e-01
2.598040020246072945e-01, 1.258284716081070342e-01, 3.999959760842666245e-01, 2.143715502830190744e-01
2.598195815309874424e-01, 1.258058582233183564e-01, 4.000035010372195998e-01, 2.143710592084746014e-01
2.598351770891756396e-01, 1.257832518622066797e-01, 4.000109877090422539e-01, 2.143705833395755100e-01
2.598507886846115333e-01, 1.257606525315428936e-01, 4.000184360992815047e-01, 2.143701226845640406e-01
2.598664163027245566e-01, 1.257380602380924473e-01, 4.000258462074942623e-01, 2.143696772516887339e-01
2.598820599289328181e-01, 1.257154749886151279e-01, 4.000332180332474841e-01, 2.143692470492045976e-01
2.598977195486444902e-01, 1.256928967898652549e-01, 4.000405515761175090e-01, 2.143688320853727181e-01
2.599133951472565318e-01, 1.256703256485914300e-01, 4.000478468356911121e-01, 2.143684323684608983e-01
2.599290867101553548e-01, 1.256477615715368978e-01, 4.000551038115647273e-01, 2.143680479067430200e-01
2.599447942227168795e-01, 1.256252045654389637e-01, 4.000623225033447250e-01, 2.143676787084993762e-01
2.599605176703061460e-01, 1.256026546370297148e-01, 4.000695029106473566e-01, 2.143673247820167271e-01
2.599762570382777027e-01, 1.255801117930355759e-01, 4.000766450330989765e-01, 2.143669861355877726e-01
2.599920123119750515e-01, 1.255575760401773100e-01, 4.000837488703355427e-01, 2.143666627775120681e-01
2.600077834767315910e-01, 1.255350473851702120e-01, 4.000908144220031715e-01, 2.143663547160949701e-01
2.600235705178695067e-01, 1.255125258347239425e-01, 4.000978416877579713e-01, 2.143660619596485517e-01
2.600393734207006036e-01, 1.254900113955426111e-01, 4.001048306672658206e-01, 2.143657845164908815e-01
2.600551921705259173e-01, 1.254675040743248593e-01, 4.001117813602027007e-01, 2.143655223949465782e-01
2.600710267526356589e-01, 1.254450038777635834e-01, 4.001186937662543075e-01, 2.143652756033464779e-01
2.600868771523096590e-01, 1.254225108125463228e-01, 4.001255678851165509e-01, 2.143650441500275228e-01
2.601027433548167012e-01, 1.254000248853548993e-01, 4.001324037164952774e-01, 2.143648280433331221e-01
2.601186253454151887e-01, 1.253775461028656668e-01, 4.001392012601059922e-01, 2.143646272916131246e-01
2.601345231093525889e-01, 1.253550744717493726e-01, 4.001459605156746924e-01, 2.143644419032233461e-01
2.601504366318658223e-01, 1.253326099986712683e-01, 4.001526814829368672e-01, 2.143642718865260977e-01
2.601663658981810956e-01, 1.253101526902910545e-01, 4.001593641616381647e-01, 2.143641172498896574e-01
2.601823108935136797e-01, 1.252877025532627697e-01, 4.001660085515344467e-01, 2.143639780016890761e-01
2.601982716030685205e-01, 1.252652595942350400e-01, 4.001726146523912897e-01, 2.143638541503051775e-01
2.602142480120396839e-01, 1.252428238198508292e-01, 4.001791824639843176e-01, 2.143637457041252248e-01
2.602302401056104109e-01, 1.252203952367476059e-01, 4.001857119860991463e-01, 2.143636526715427537e-01
2.602462478689535064e-01, 1.251979738515573426e-01, 4.001922032185315503e-01, 2.143635750609576285e-01
2.602622712872307842e-01, 1.251755596709064333e-01, 4.001986561610871296e-01, 2.143635128807756807e-01
2.602783103455934000e-01, 1.251531527014156098e-01, 4.002050708135818091e-01, 2.143634661394092922e-01
2.602943650291820732e-01, 1.251307529497001914e-01, 4.002114471758410619e-01, 2.143634348452766736e-01
2.603104353231264212e-01, 1.251083604223700019e-01, 4.002177852477007969e-01, 2.143634190068028356e-01
2.603265212125455141e-01, 1.250859751260292030e-01, 4.002240850290068597e-01, 2.143634186324183677e-01
2.603426226825478196e-01, 1.250635970672765163e-01, 4.002303465196150323e-01, 2.143634337305605764e-01
2.603587397182308694e-01, 1.250412262527050011e-01, 4.002365697193913663e-01, 2.143634643096727077e-01
2.603748723046817037e-01, 1.250188626889023324e-01, 4.002427546282116277e-01, 2.143635103782043083e-01
2.603910204269763717e-01, 1.249965063824505646e-01, 4.002489012459620188e-01, 2.143635719446110033e-01
2.604071840701804308e-01, 1.249741573399262423e-01, 4.002550095725386226e-01, 2.143636490173548292e-01
2.604233632193484471e-01, 1.249518155679003456e-01, 4.002610796078474587e-01, 2.143637416049037070e-01
2.604395578595246064e-01, 1.249294810729384003e-01, 4.002671113518048163e-01, 2.143638497157321354e-01
2.604557679757421029e-01, 1.249071538616003257e-01, 4.002731048043371431e-01, 2.143639733583204143e-01
2.604719935530235286e-01, 1.248848339404406010e-01, 4.002790599653807679e-01, 2.143641125411551718e-01
2.604882345763805396e-01, 1.248625213160080710e-01, 4.002849768348821224e-01, 2.143642672727292808e-01
2.605044910308143002e-01, 1.248402159948461126e-01, 4.002908554127979635e-01, 2.143644375615416375e-01
2.605207629013150394e-01, 1.248179179834926211e-01, 4.002966956990949843e-01, 2.143646234160972719e-01
2.605370501728623833e-01, 1.247956272884798989e-01, 4.003024976937499813e-01, 2.143648248449076255e-01
2.605533528304252444e-01, 1.247733439163348362e-01, 4.003082613967499648e-01, 2.143650418564899407e-01
2.605696708589616550e-01, 1.247510678735786749e-01, 4.003139868080919372e-01, 2.143652744593677884e-01
2.605860042434188784e-01, 1.247287991667271750e-01, 4.003196739277830596e-01, 2.143655226620709009e-01
2.606023529687335194e-01, 1.247065378022906984e-01, 4.003253227558407068e-01, 2.143657864731350338e-01
2.606187170198315251e-01, 1.246842837867739445e-01, 4.003309332922923014e-01, 2.143660659011021319e-01
2.606350963816279065e-01, 1.246620371266761451e-01, 4.003365055371756465e-01, 2.143663609545202742e-01
2.606514910390269613e-01, 1.246397978284911057e-01, 4.003420394905384816e-01, 2.143666716419435625e-01
2.606679009769223843e-01, 1.246175658987069557e-01, 4.003475351524384829e-01, 2.143669979719321772e-01
2.606843261801968237e-01, 1.245953413438065094e-01, 4.003529925229440400e-01, 2.143673399530526824e-01
2.607007666337223251e-01, 1.245731241702669467e-01, 4.003584116021333683e-01, 2.143676975938773877e-01
2.607172223223604424e-01, 1.245509143845599659e-01, 4.003637923900946749e-01, 2.143680709029849307e-01
2.607336932309614053e-01, 1.245287119931517833e-01, 4.003691348869269362e-01, 2.143684598889598614e-01
2.607501793443651739e-01, 1.245065170025031059e-01, 4.003744390927387320e-01, 2.143688645603929466e-01
2.607666806474006616e-01, 1.244843294190691591e-01, 4.003797050076491337e-01, 2.143692849258811151e-01
2.607831971248861236e-01, 1.244621492492996445e-01, 4.003849326317872603e-01, 2.143697209940269299e-01
2.607997287616288795e-01, 1.244399764996387964e-01, 4.003901219652927224e-01, 2.143701727734396156e-01
2.608162755424258128e-01, 1.244178111765253114e-01, 4.003952730083149003e-01, 2.143706402727339477e-01
2.608328374520627602e-01, 1.243956532863924186e-01, 4.004003857610138328e-01, 2.143711235005310300e-01
2.608494144753146782e-01, 1.243735028356678235e-01, 4.004054602235595506e-01, 2.143716224654580171e-01
2.608660065969461428e-01, 1.243513598307738471e-01, 4.004104963961322428e-01, 2.143721371761477812e-01
2.608826138017106278e-01, 1.243292242781270929e-01, 4.004154942789224791e-01, 2.143726676412398002e-01
2.608992360743508931e-01, 1.243070961841389738e-01, 4.004204538721310991e-01, 2.143732138693790201e-01
2.609158733995989299e-01, 1.242849755552152130e-01, 4.004253751759689894e-01, 2.143737758692167705e-01
2.609325257621759597e-01, 1.242628623977561353e-01, 4.004302581906576952e-01, 2.143743536494102930e-01
2.609491931467924353e-01, 1.242407567181564865e-01, 4.004351029164283093e-01, 2.143749472186227412e-01
2.609658755381479844e-01, 1.242186585228056556e-01, 4.004399093535230270e-01, 2.143755565855233469e-01
2.609825729209315215e-01, 1.241965678180874944e-01, 4.004446775021936467e-01, 2.143761817587874485e-01
2.609992852798208030e-01, 1.241744846103803035e-01, 4.004494073627026252e-01, 2.143768227470961851e-01
2.610160125994833713e-01, 1.241524089060570685e-01, 4.004540989353227443e-01, 2.143774795591368298e-01
2.610327548645755558e-01, 1.241303407114851681e-01, 4.004587522203365557e-01, 2.143781522036026510e-01
2.610495120597431384e-01, 1.241082800330264996e-01, 4.004633672180376025e-01, 2.143788406891927456e-01
2.610662841696206882e-01, 1.240862268770376170e-01, 4.004679439287293086e-01, 2.143795450246122891e-01
2.610830711788325598e-01, 1.240641812498694957e-01, 4.004724823527254784e-01, 2.143802652185725632e-01
2.610998730719917282e-01, 1.240421431578676431e-01, 4.004769824903501307e-01, 2.143810012797904285e-01
2.611166898337007880e-01, 1.240201126073721266e-01, 4.004814443419379977e-01, 2.143817532169891016e-01
2.611335214485512868e-01, 1.239980896047175596e-01, 4.004858679078336370e-01, 2.143825210388974611e-01
2.611503679011241696e-01, 1.239760741562330876e-01, 4.004902531883922645e-01, 2.143833047542504089e-01
2.611672291759892794e-01, 1.239540662682423744e-01, 4.004946001839794212e-01, 2.143841043717889805e-01
2.611841052577058009e-01, 1.239320659470636438e-01, 4.004989088949707510e-01, 2.143849199002598460e-01
2.612009961308221495e-01, 1.239100731990096099e-01, 4.005031793217525560e-01, 2.143857513484157540e-01
2.612179017798759717e-01, 1.238880880303875470e-01, 4.005074114647212413e-01, 2.143865987250152816e-01
2.612348221893937561e-01, 1.238661104474993169e-01, 4.005116053242838148e-01, 2.143874620388231678e-01
2.612517573438915552e-01, 1.238441404566413273e-01, 4.005157609008573871e-01, 2.143883412986097581e-01
2.612687072278744860e-01, 1.238221780641044212e-01, 4.005198781948697273e-01, 2.143892365131512545e-01
2.612856718258367295e-01, 1.238002232761741678e-01, 4.005239572067589293e-01, 2.143901476912301596e-01
2.613026511222616977e-01, 1.237782760991305575e-01, 4.005279979369731902e-01, 2.143910748416345824e-01
2.613196451016219779e-01, 1.237563365392481268e-01, 4.005320003859714206e-01, 2.143920179731584053e-01
2.613366537483793883e-01, 1.237344046027960554e-01, 4.005359645542228564e-01, 2.143929770946016722e-01
2.613536770469849224e-01, 1.237124802960379716e-01, 4.005398904422070583e-01, 2.143939522147700616e-01
2.613707149818784714e-01, 1.236905636252321472e-01, 4.005437780504141343e-01, 2.143949433424752749e-01
2.613877675374894349e-01, 1.236686545966313860e-01, 4.005476273793444619e-01, 2.143959504865348142e-01
2.614048346982361104e-01, 1.236467532164829131e-01, 4.005514384295090213e-01, 2.143969736557718719e-01
2.614219164485262481e-01, 1.236248594910288323e-01, 4.005552112014290622e-01, 2.143980128590158019e-01
2.614390127727564406e-01, 1.236029734265054747e-01, 4.005589456956364369e-01, 2.143990681051015923e-01
2.614561236553126222e-01, 1.235810950291439392e-01, 4.005626419126732674e-01, 2.144001394028700602e-01
2.614732490805698473e-01, 1.235592243051698291e-01, 4.005662998530923891e-01, 2.144012267611679623e-01
2.614903890328922342e-01, 1.235373612608032801e-01, 4.005699195174566851e-01, 2.144023301888477451e-01
2.615075434966331325e-01, 1.235155059022590845e-01, 4.005735009063399743e-01, 2.144034496947678226e-01
2.615247124561350667e-01, 1.234936582357465396e-01, 4.005770440203262339e-01, 2.144045852877922154e-01
2.615418958957296258e-01, 1.234718182674694464e-01, 4.005805488600099884e-01, 2.144057369767909116e-01
2.615590937997376297e-01, 1.234499860036263191e-01, 4.005840154259964203e-01, 2.144069047706396447e-01
2.615763061524690736e-01, 1.234281614504102176e-01, 4.005874437189009263e-01, 2.144080886782198658e-01
2.615935329382227392e-01, 1.234063446140086923e-01, 4.005908337393496721e-01, 2.144092887084188825e-01
2.616107741412870280e-01, 1.233845355006039091e-01, 4.005941854879792041e-01, 2.144105048701298866e-01
2.616280297459392945e-01, 1.233627341163726493e-01, 4.005974989654363383e-01, 2.144117371722516208e-01
2.616452997364458466e-01, 1.233409404674863236e-01, 4.006007741723791593e-01, 2.144129856236886844e-01
2.616625840970623895e-01, 1.233191545601107775e-01, 4.006040111094752443e-01, 2.144142502333515055e-01
2.616798828120336373e-01, 1.232973764004065692e-01, 4.006072097774036611e-01, 2.144155310101561740e-01
2.616971958655933683e-01, 1.232756059945287475e-01, 4.006103701768533587e-01, 2.144168279630245255e-01
2.617145232419646472e-01, 1.232538433486270180e-01, 4.006134923085241661e-01, 2.144181411008841132e-01
2.617318649253595475e-01, 1.232320884688456880e-01, 4.006165761731264041e-01, 2.144194704326684020e-01
2.617492208999793180e-01, 1.232103413613235832e-01, 4.006196217713807739e-01, 2.144208159673163250e-01
2.617665911500142162e-01, 1.231886020321941999e-01, 4.006226291040189125e-01, 2.144221777137726159e-01
2.617839756596437861e-01, 1.231668704875855391e-01, 4.006255981717827264e-01, 2.144235556809879484e-01
2.618013744130366360e-01, 1.231451467336202865e-01, 4.006285289754248358e-01, 2.144249498779183249e-01
2.618187873943503829e-01, 1.231234307764156460e-01, 4.006314215157083525e-01, 2.144263603135256879e-01
2.618362145877318192e-01, 1.231017226220835065e-01, 4.006342757934069909e-01, 2.144277869967775862e-01
2.618536559773170791e-01, 1.230800222767303165e-01, 4.006370918093054567e-01, 2.144292299366472865e-01
2.618711115472308615e-01, 1.230583297464570708e-01, 4.006398695641982255e-01, 2.144306891421138006e-01
2.618885812815874847e-01, 1.230366450373594905e-01, 4.006426090588913191e-01, 2.144321646221616362e-01
2.619060651644903315e-01, 1.230149681555278013e-01, 4.006453102942006961e-01, 2.144336563857811850e-01
2.619235631800315156e-01, 1.229932991070468717e-01, 4.006479732709534169e-01, 2.144351644419682512e-01
2.619410753122925484e-01, 1.229716378979961722e-01, 4.006505979899868120e-01, 2.144366887997244120e-01
2.619586015453440608e-01, 1.229499845344498160e-01, 4.006531844521490360e-01, 2.144382294680571011e-01
2.619761418632456373e-01, 1.229283390224764350e-01, 4.006557326582989020e-01, 2.144397864559789979e-01
2.619936962500460931e-01, 1.229067013681394149e-01, 4.006582426093059368e-01, 2.144413597725086384e-01
2.620112646897831410e-01, 1.228850715774966462e-01, 4.006607143060501586e-01, 2.144429494266701375e-01
2.620288471664838359e-01, 1.228634496566007178e-01, 4.006631477494222993e-01, 2.144445554274932164e-01
2.620464436641640749e-01, 1.228418356114987092e-01, 4.006655429403238600e-01, 2.144461777840133698e-01
2.620640541668290413e-01, 1.228202294482324819e-01, 4.006678998796669999e-01, 2.144478165052713936e-01
2.620816786584730940e-01, 1.227986311728384156e-01, 4.006702185683745365e-01, 2.144494716003139123e-01
2.620993171230792673e-01, 1.227770407913475748e-01, 4.006724990073800563e-01, 2.144511430781931294e-01
2.621169695446199932e-01, 1.227554583097855562e-01, 4.006747411976278039e-01, 2.144528309479666051e-01
2.621346359070567678e-01, 1.227338837341727384e-01, 4.006769451400726822e-01, 2.144545352186978115e-01
2.621523161943402069e-01, 1.227123170705239491e-01, 4.006791108356803632e-01, 2.144562558994554946e-01
2.621700103904096579e-01, 1.226907583248487837e-01, 4.006812382854273991e-01, 2.144579929993141731e-01
2.621877184791940874e-01, 1.226692075031513840e-01, 4.006833274903007225e-01, 2.144597465273538339e-01
2.622054404446110820e-01, 1.226476646114306041e-01, 4.006853784512984240e-01, 2.144615164926599593e-01
2.622231762705675706e-01, 1.226261296556798580e-01, 4.006873911694288637e-01, 2.144633029043237216e-01
2.622409259409593241e-01, 1.226046026418872725e-01, 4.006893656457118369e-01, 2.144651057714416498e-01
2.622586894396713997e-01, 1.225830835760354925e-01, 4.006913018811770755e-01, 2.144669251031159907e-01
2.622764667505778080e-01, 1.225615724641020005e-01, 4.006931998768657466e-01, 2.144687609084544033e-01
2.622942578575417349e-01, 1.225400693120587553e-01, 4.006950596338296755e-01, 2.144706131965699036e-01
2.623120627444152086e-01, 1.225185741258724009e-01, 4.006968811531310126e-01, 2.144724819765813362e-01
2.623298813950394881e-01, 1.224970869115041966e-01, 4.006986644358433436e-01, 2.144743672576128468e-01
2.623477137932448966e-01, 1.224756076749101835e-01, 4.007004094830506902e-01, 2.144762690487941603e-01
2.623655599228508772e-01, 1.224541364220409073e-01, 4.007021162958478433e-01, 2.144781873592603583e-01
2.623834197676654933e-01, 1.224326731588415984e-01, 4.007037848753406406e-01, 2.144801221981522399e-01
2.624012933114865387e-01, 1.224112178912521998e-01, 4.007054152226454669e-01, 2.144820735746156837e-01
2.624191805381003717e-01, 1.223897706252072698e-01, 4.007070073388898090e-01, 2.144840414978025078e-01
2.624370814312825817e-01, 1.223683313666359823e-01, 4.007085612252119233e-01, 2.144860259768695543e-01
2.624549959747977113e-01, 1.223469001214622515e-01, 4.007100768827605575e-01, 2.144880270209794937e-01
2.624729241523994783e-01, 1.223254768956045652e-01, 4.007115543126959500e-01, 2.144900446393000204e-01
2.624908659478304984e-01, 1.223040616949761933e-01, 4.007129935161887202e-01, 2.144920788410046852e-01
2.625088213448224517e-01, 1.222826545254848685e-01, 4.007143944944204228e-01, 2.144941296352722848e-01
2.625267903270963044e-01, 1.222612553930332302e-01, 4.007157572485836039e-01, 2.144961970312868615e-01
2.625447728783616985e-01, 1.222398643035183946e-01, 4.007170817798817453e-01, 2.144982810382382310e-01
2.625627689823175626e-01, 1.222184812628322598e-01, 4.007183680895288203e-01, 2.145003816653213158e-01
2.625807786226518337e-01, 1.221971062768613114e-01, 4.007196161787502930e-01, 2.145024989217365619e-01
2.625988017830412358e-01, 1.221757393514867895e-01, 4.007208260487821749e-01, 2.145046328166898275e-01
2.626168384471520012e-01, 1.221543804925845633e-01, 4.007219977008712464e-01, 2.145067833593922446e-01
2.626348885986389270e-01, 1.221330297060251591e-01, 4.007231311362755566e-01, 2.145089505590604684e-01
2.626529522211459855e-01, 1.221116869976737462e-01, 4.007242263562638684e-01, 2.145111344249164553e-01
2.626710292983063244e-01, 1.220903523733903595e-01, 4.007252833621159915e-01, 2.145133349661873801e-01
2.626891198137418781e-01, 1.220690258390294547e-01, 4.007263021551225601e-01, 2.145155521921060238e-01
2.627072237510639785e-01, 1.220477074004404361e-01, 4.007272827365851997e-01, 2.145177861119104412e-01
2.627253410938724110e-01, 1.220263970634670875e-01, 4.007282251078165825e-01, 2.145200367348438775e-01
2.627434718257565249e-01, 1.220050948339481689e-01, 4.007291292701400942e-01, 2.145223040701550454e-01
2.627616159302942900e-01, 1.219838007177169725e-01, 4.007299952248906116e-01, 2.145245881270979871e-01
2.627797733910531286e-01, 1.219625147206015309e-01, 4.007308229734133365e-01, 2.145268889149320457e-01
2.627979441915889725e-01, 1.219412368484244641e-01, 4.007316125170648502e-01, 2.145292064429217271e-01
2.628161283154470396e-01, 1.219199671070032576e-01, 4.007323638572125590e-01, 2.145315407203371438e-01
2.628343257461616123e-01, 1.218987055021499566e-01, 4.007330769952350824e-01, 2.145338917564533210e-01
2.628525364672558151e-01, 1.218774520396713884e-01, 4.007337519325218644e-01, 2.145362595605509737e-01
2.628707604622418370e-01, 1.218562067253689957e-01, 4.007343886704734515e-01, 2.145386441419157852e-01
2.628889977146208756e-01, 1.218349695650389891e-01, 4.007349872105013255e-01, 2.145410455098388236e-01
2.629072482078831929e-01, 1.218137405644722226e-01, 4.007355475540281819e-01, 2.145434636736164302e-01
2.629255119255080042e-01, 1.217925197294543599e-01, 4.007360697024874296e-01, 2.145458986425501924e-01
2.629437888509635335e-01, 1.217713070657656244e-01, 4.007365536573238018e-01, 2.145483504259469987e-01
2.629620789677069581e-01, 1.217501025791810770e-01, 4.007369994199932450e-01, 2.145508190331187892e-01
2.629803822591845752e-01, 1.217289062754703527e-01, 4.007374069919621418e-01, 2.145533044733829442e-01
2.629986987088314687e-01, 1.217077181603979374e-01, 4.007377763747086430e-01, 2.145558067560619508e-01
2.630170283000718423e-01, 1.216865382397229189e-01, 4.007381075697215023e-01, 2.145583258904836532e-01
2.630353710163189085e-01, 1.216653665191992501e-01, 4.007384005785009085e-01, 2.145608618859809191e-01
2.630537268409749441e-01, 1.216442030045753742e-01, 4.007386554025578751e-01, 2.145634147518920010e-01
2.630720957574308461e-01, 1.216230477015945444e-01, 4.007388720434144069e-01, 2.145659844975601194e-01
2.630904777490670199e-01, 1.216019006159949067e-01, 4.007390505026042216e-01, 2.145685711323339351e-01
2.631088727992525467e-01, 1.215807617535090701e-01, 4.007391907816714172e-01, 2.145711746655669938e-01
2.631272808913454053e-01, 1.215596311198645085e-01, 4.007392928821717493e-01, 2.145737951066183091e-01
2.631457020086927501e-01, 1.215385087207833947e-01, 4.007393568056717981e-01, 2.145764324648520294e-01
2.631641361346306329e-01, 1.215173945619826695e-01, 4.007393825537495791e-01, 2.145790867496371046e-01
2.631825832524842257e-01, 1.214962886491738475e-01, 4.007393701279938769e-01, 2.145817579703480638e-01
2.632010433455674314e-01, 1.214751909880634057e-01, 4.007393195300048006e-01, 2.145844461363643207e-01
2.632195163971832175e-01, 1.214541015843523392e-01, 4.007392307613939497e-01, 2.145871512570705353e-01
2.632380023906236155e-01, 1.214330204437364669e-01, 4.007391038237835823e-01, 2.145898733418563908e-01
2.632565013091695549e-01, 1.214119475719064173e-01, 4.007389387188072805e-01, 2.145926124001167612e-01
2.632750131360909185e-01, 1.213908829745474344e-01, 4.007387354481100616e-01, 2.145953684412516549e-01
2.632935378546464866e-01, 1.213698266573394746e-01, 4.007384940133479345e-01, 2.145981414746660210e-01
2.633120754480841597e-01, 1.213487786259574430e-01, 4.007382144161881765e-01, 2.146009315097701375e-01
2.633306258996408467e-01, 1.213277388860708045e-01, 4.007378966583091673e-01, 2.146037385559792510e-01
2.633491891925421879e-01, 1.213067074433438058e-01, 4.007375407414006663e-01, 2.146065626227134371e-01
2.633677653100028326e-01, 1.212856843034354204e-01, 4.007371466671635352e-01, 2.146094037193982951e-01
2.633863542352264941e-01, 1.212646694719994173e-01, 4.007367144373099044e-01, 2.146122618554641703e-01
2.634049559514058947e-01, 1.212436629546843753e-01, 4.007362440535632286e-01, 2.146151370403465430e-01
2.634235704417224877e-01, 1.212226647571334331e-01, 4.007357355176581204e-01, 2.146180292834859726e-01
2.634421976893469575e-01, 1.212016748849845948e-01, 4.007351888313404609e-01, 2.146209385943279591e-01
2.634608376774386640e-01, 1.211806933438707851e-01, 4.007346039963676221e-01, 2.146238649823230538e-01
2.634794903891459206e-01, 1.211597201394193357e-01, 4.007339810145076897e-01, 2.146268084569269707e-01
2.634981558076063823e-01, 1.211387552772525827e-01, 4.007333198875407954e-01, 2.146297690276001979e-01
2.635168339159462136e-01, 1.211177987629876024e-01, 4.007326206172577288e-01, 2.146327467038084413e-01
2.635355246972806986e-01, 1.210968506022361696e-01, 4.007318832054608260e-01, 2.146357414950222364e-01
2.635542281347140747e-01, 1.210759108006048551e-01, 4.007311076539639139e-01, 2.146387534107171147e-01
2.635729442113394216e-01, 1.210549793636949423e-01, 4.007302939645917550e-01, 2.146417824603737423e-01
2.635916729102389944e-01, 1.210340562971026213e-01, 4.007294421391808248e-01, 2.146448286534775873e-01
2.636104142144835571e-01, 1.210131416064186977e-01, 4.007285521795786454e-01, 2.146478919995191414e-01
2.636291681071333270e-01, 1.209922352972287868e-01, 4.007276240876440632e-01, 2.146509725079938091e-01
2.636479345712370304e-01, 1.209713373751133830e-01, 4.007266578652475819e-01, 2.146540701884020741e-01
2.636667135898325687e-01, 1.209504478456475546e-01, 4.007256535142708076e-01, 2.146571850502490553e-01
2.636855051459466859e-01, 1.209295667144013597e-01, 4.007246110366068370e-01, 2.146603171030451451e-01
2.637043092225950791e-01, 1.209086939869395416e-01, 4.007235304341600357e-01, 2.146634663563054546e-01
2.637231258027822878e-01, 1.208878296688215420e-01, 4.007224117088460935e-01, 2.146666328195500351e-01
2.637419548695019156e-01, 1.208669737656018067e-01, 4.007212548625923576e-01, 2.146698165023039062e-01
2.637607964057364085e-01, 1.208461262828292582e-01, 4.007200598973374439e-01, 2.146730174140968062e-01
2.637796503944572213e-01, 1.208252872260479477e-01, 4.007188268150313482e-01, 2.146762355644635523e-01
2.637985168186244844e-01, 1.208044566007963894e-01, 4.007175556176353348e-01, 2.146794709629437081e-01
2.638173956611876148e-01, 1.207836344126081013e-01, 4.007162463071224368e-01, 2.146827236190817501e-01
2.638362869050847048e-01, 1.207628206670113141e-01, 4.007148988854769001e-01, 2.146859935424270949e-01
2.638551905332427450e-01, 1.207420153695290960e-01, 4.007135133546943506e-01, 2.146892807425339333e-01
2.638741065285776233e-01, 1.207212185256792691e-01, 4.007120897167819606e-01, 2.146925852289611192e-01
2.638930348739944032e-01, 1.207004301409744518e-01, 4.007106279737585042e-01, 2.146959070112725854e-01
2.639119755523868238e-01, 1.206796502209220440e-01, 4.007091281276539685e-01, 2.146992460990370666e-01
2.639309285466375776e-01, 1.206588787710243527e-01, 4.007075901805100537e-01, 2.147026025018280437e-01
2.639498938396181993e-01, 1.206381157967783696e-01, 4.007060141343796178e-01, 2.147059762292237439e-01
2.639688714141892878e-01, 1.206173613036759240e-01, 4.007043999913273979e-01, 2.147093672908073625e-01
2.639878612532002844e-01, 1.205966152972037103e-01, 4.007027477534294002e-01, 2.147127756961666467e-01
2.640068633394893616e-01, 1.205758777828430939e-01, 4.007010574227731770e-01, 2.147162014548943398e-01
2.640258776558839227e-01, 1.205551487660704163e-01, 4.006993290014578268e-01, 2.147196445765879591e-01
2.640449041851999912e-01, 1.205344282523567179e-01, 4.006975624915938838e-01, 2.147231050708494904e-01
2.640639429102425995e-01, 1.205137162471678902e-01, 4.006957578953035393e-01, 2.147265829472860266e-01
2.640829938138056221e-01, 1.204930127559645930e-01, 4.006939152147204752e-01, 2.147300782155092125e-01
2.641020568786719980e-01, 1.204723177842024068e-01, 4.006920344519900867e-01, 2.147335908851354669e-01
2.641211320876132862e-01, 1.204516313373316799e-01, 4.006901156092689265e-01, 2.147371209657860658e-01
2.641402194233902212e-01, 1.204309534207975707e-01, 4.006881586887255930e-01, 2.147406684670866983e-01
2.641593188687521021e-01, 1.204102840400400054e-01, 4.006861636925398984e-01, 2.147442333986679941e-01
2.641784304064375144e-01, 1.203896232004938727e-01, 4.006841306229033672e-01, 2.147478157701652457e-01
2.641975540191735528e-01, 1.203689709075887043e-01, 4.006820594820191817e-01, 2.147514155912184919e-01
2.642166896896764872e-01, 1.203483271667490778e-01, 4.006799502721020700e-01, 2.147550328714723511e-01
2.642358374006512634e-01, 1.203276919833942138e-01, 4.006778029953785292e-01, 2.147586676205761325e-01
2.642549971347917803e-01, 1.203070653629382675e-01, 4.006756176540862691e-01, 2.147623198481836970e-01
2.642741688747807793e-01, 1.202864473107901899e-01, 4.006733942504751012e-01, 2.147659895639539296e-01
2.642933526032901770e-01, 1.202658378323537836e-01, 4.006711327868061057e-01, 2.147696767775499060e-01
2.643125483029802880e-01, 1.202452369330276744e-01, 4.006688332653522977e-01, 2.147733814986397261e-01
2.643317559565006580e-01, 1.202246446182053674e-01, 4.006664956883982387e-01, 2.147771037368957914e-01
2.643509755464894528e-01, 1.202040608932751775e-01, 4.006641200582399809e-01, 2.147808435019954443e-01
2.643702070555739581e-01, 1.201834857636202153e-01, 4.006617063771854559e-01, 2.147846008036204124e-01
2.643894504663701350e-01, 1.201629192346185121e-01, 4.006592546475544192e-01, 2.147883756514568643e-01
2.644087057614830649e-01, 1.201423613116429645e-01, 4.006567648716778951e-01, 2.147921680551961032e-01
2.644279729235063381e-01, 1.201218120000611816e-01, 4.006542370518989538e-01, 2.147959780245335404e-01
2.644472519350227202e-01, 1.201012713052358044e-01, 4.006516711905722117e-01, 2.147998055691692776e-01
2.644665427786036527e-01, 1.200807392325241862e-01, 4.006490672900641647e-01, 2.148036506988080518e-01
2.644858454368095857e-01, 1.200602157872786013e-01, 4.006464253527527442e-01, 2.148075134231591243e-01
2.645051598921895897e-01, 1.200397009748461752e-01, 4.006437453810279270e-01, 2.148113937519362249e-01
2.645244861272820769e-01, 1.200191948005688986e-01, 4.006410273772912922e-01, 2.148152916948578017e-01
2.645438241246137467e-01, 1.199986972697835302e-01, 4.006382713439560206e-01, 2.148192072616466330e-01
2.645631738667005295e-01, 1.199782083878218469e-01, 4.006354772834473943e-01, 2.148231404620301599e-01
2.645825353360470866e-01, 1.199577281600103656e-01, 4.006326451982022974e-01, 2.148270913057401810e-01
2.646019085151469219e-01, 1.199372565916705796e-01, 4.006297750906693822e-01, 2.148310598025132134e-01
2.646212933864823813e-01, 1.199167936881187224e-01, 4.006268669633089585e-01, 2.148350459620899933e-01
2.646406899325247641e-01, 1.198963394546659483e-01, 4.006239208185933265e-01, 2.148390497942159472e-01
2.646600981357341009e-01, 1.198758938966183185e-01, 4.006209366590064991e-01, 2.148430713086409150e-01
2.646795179785595420e-01, 1.198554570192768148e-01, 4.006179144870444242e-01, 2.148471105151192051e-01
2.646989494434385803e-01, 1.198350288279370901e-01, 4.006148543052148181e-01, 2.148511674234094559e-01
2.647183925127981063e-01, 1.198146093278898844e-01, 4.006117561160371099e-01, 2.148552420432749133e-01
2.647378471690533530e-01, 1.197941985244207197e-01, 4.006086199220426636e-01, 2.148593343844832915e-01
2.647573133946088952e-01, 1.197737964228100110e-01, 4.006054457257745560e-01, 2.148634444568064683e-01
2.647767911718576506e-01, 1.197534030283331080e-01, 4.006022335297882986e-01, 2.148675722700210955e-01
2.647962804831817119e-01, 1.197330183462601699e-01, 4.005989833366503938e-01, 2.148717178339078215e-01
2.648157813109519032e-01, 1.197126423818562352e-01, 4.005956951489397788e-01, 2.148758811582520689e-01
2.648352936375280020e-01, 1.196922751403813601e-01, 4.005923689692470480e-01, 2.148800622528434512e-01
2.648548174452585169e-01, 1.196719166270903550e-01, 4.005890048001752302e-01, 2.148842611274759395e-01
2.648743527164806322e-01, 1.196515668472329791e-01, 4.005856026443384010e-01, 2.148884777919479461e-01
2.648938994335207631e-01, 1.196312258060538564e-01, 4.005821625043631262e-01, 2.148927122560622682e-01
2.649134575786937784e-01, 1.196108935087925179e-01, 4.005786843828877952e-01, 2.148969645296259501e-01
2.649330271343035559e-01, 1.195905699606834294e-01, 4.005751682825626214e-01, 2.149012346224503656e-01
2.649526080826428154e-01, 1.195702551669559077e-01, 4.005716142060498641e-01, 2.149055225443513850e-01
2.649722004059930636e-01, 1.195499491328342184e-01, 4.005680221560237175e-01, 2.149098283051490699e-01
2.649918040866245939e-01, 1.195296518635375060e-01, 4.005643921351702552e-01, 2.149141519146677559e-01
2.650114191067965419e-01, 1.195093633642797665e-01, 4.005607241461875412e-01, 2.149184933827361921e-01
2.650310454487569412e-01, 1.194890836402699996e-01, 4.005570181917857409e-01, 2.149228527191872906e-01
2.650506830947426673e-01, 1.194688126967120845e-01, 4.005532742746868990e-01, 2.149272299338583214e-01
2.650703320269792163e-01, 1.194485505388047791e-01, 4.005494923976251620e-01, 2.149316250365909398e-01
2.650899922276812037e-01, 1.194282971717417902e-01, 4.005456725633463888e-01, 2.149360380372306589e-01
2.651096636790516436e-01, 1.194080526007116894e-01, 4.005418147746088176e-01, 2.149404689456277939e-01
2.651293463632828917e-01, 1.193878168308980386e-01, 4.005379190341825102e-01, 2.149449177716364900e-01
2.651490402625557019e-01, 1.193675898674792651e-01, 4.005339853448496301e-01, 2.149493845251153057e-01
2.651687453590398369e-01, 1.193473717156287167e-01, 4.005300137094044977e-01, 2.149538692159268793e-01
2.651884616348939017e-01, 1.193271623805147452e-01, 4.005260041306530350e-01, 2.149583718539382904e-01
2.652081890722650659e-01, 1.193069618673004428e-01, 4.005219566114138208e-01, 2.149628924490206150e-01
2.652279276532896746e-01, 1.192867701811440584e-01, 4.005178711545171466e-01, 2.149674310110491759e-01
2.652476773600925264e-01, 1.192665873271986365e-01, 4.005137477628053500e-01, 2.149719875499034871e-01
2.652674381747875398e-01, 1.192464133106121149e-01, 4.005095864391331473e-01, 2.149765620754672812e-01
2.652872100794771426e-01, 1.192262481365274490e-01, 4.005053871863669679e-01, 2.149811545976283711e-01
2.653069930562528267e-01, 1.192060918100825290e-01, 4.005011500073858421e-01, 2.149857651262787606e-01
2.653267870871948153e-01, 1.191859443364101656e-01, 4.004968749050804022e-01, 2.149903936713145891e-01
2.653465921543720629e-01, 1.191658057206381183e-01, 4.004925618823538258e-01, 2.149950402426360485e-01
2.653664082398424218e-01, 1.191456759678889143e-01, 4.004882109421208924e-01, 2.149997048501477714e-01
2.653862353256523088e-01, 1.191255550832803350e-01, 4.004838220873093158e-01, 2.150043875037579710e-01
2.654060733938374272e-01, 1.191054430719249158e-01, 4.004793953208582447e-01, 2.150090882133794679e-01
2.654259224264217121e-01, 1.190853399389300848e-01, 4.004749306457193181e-01, 2.150138069889289127e-01
2.654457824054182735e-01, 1.190652456893983996e-01, 4.004704280648563874e-01, 2.150185438403269533e-01
2.654656533128288975e-01, 1.190451603284271992e-01, 4.004658875812453500e-01, 2.150232987774985671e-01
2.654855351306441569e-01, 1.190250838611088824e-01, 4.004613091978743711e-01, 2.150280718103726729e-01
2.655054278408434665e-01, 1.190050162925307270e-01, 4.004566929177437173e-01, 2.150328629488821308e-01
2.655253314253948616e-01, 1.189849576277750426e-01, 4.004520387438660345e-01, 2.150376722029641030e-01
2.655452458662554971e-01, 1.189649078719189762e-01, 4.004473466792659586e-01, 2.150424995825594432e-01
2.655651711453710928e-01, 1.189448670300348593e-01, 4.004426167269807268e-01, 2.150473450976133072e-01
2.655851072446760996e-01, 1.189248351071896526e-01, 4.004378488900594002e-01, 2.150522087580747366e-01
2.656050541460939773e-01, 1.189048121084456261e-01, 4.004330431715636962e-01, 2.150570905738966865e-01
2.656250118315368058e-01, 1.188847980388597486e-01, 4.004281995745671008e-01, 2.150619905550363864e-01
2.656449802829053963e-01, 1.188647929034841039e-01, 4.004233181021557564e-01, 2.150669087114547295e-01
2.656649594820894578e-01, 1.188447967073657102e-01, 4.004183987574280179e-01, 2.150718450531168002e-01
2.656849494109677634e-01, 1.188248094555465206e-01, 4.004134415434944527e-01, 2.150767995899913743e-01
2.657049500514070406e-01, 1.188048311530634782e-01, 4.004084464634778961e-01, 2.150817723320515851e-01
2.657249613852637471e-01, 1.187848618049485716e-01, 4.004034135205136180e-01, 2.150867632892740910e-01
2.657449833943824613e-01, 1.187649014162286548e-01, 4.003983427177491006e-01, 2.150917724716397694e-01
2.657650160605969925e-01, 1.187449499919255858e-01, 4.003932340583440941e-01, 2.150967998891331889e-01
2.657850593657296034e-01, 1.187250075370563096e-01, 4.003880875454711163e-01, 2.151018455517429984e-01
2.658051132915914549e-01, 1.187050740566326229e-01, 4.003829031823141760e-01, 2.151069094694617323e-01
2.658251778199824389e-01, 1.186851495556613401e-01, 4.003776809720706598e-01, 2.151119916522856446e-01
2.658452529326913449e-01, 1.186652340391442934e-01, 4.003724209179493343e-01, 2.151170921102149303e-01
2.658653386114955275e-01, 1.186453275120783052e-01, 4.003671230231722888e-01, 2.151222108532539201e-01
2.658854348381613497e-01, 1.186254299794551603e-01, 4.003617872909731590e-01, 2.151273478914103587e-01
2.659055415944437395e-01, 1.186055414462616336e-01, 4.003564137245985144e-01, 2.151325032346960708e-01
2.659256588620866335e-01, 1.185856619174795318e-01, 4.003510023273071927e-01, 2.151376768931267669e-01
2.659457866228223111e-01, 1.185657913980855543e-01, 4.003455531023702996e-01, 2.151428688767219044e-01
2.659659248583724489e-01, 1.185459298930515715e-01, 4.003400660530714306e-01, 2.151480791955045491e-01
2.659860735504467888e-01, 1.185260774073443324e-01, 4.003345411827068934e-01, 2.151533078595020410e-01
2.660062326807444144e-01, 1.185062339459255626e-01, 4.003289784945849306e-01, 2.151585548787450231e-01
2.660264022309530851e-01, 1.184863995137521026e-01, 4.003233779920267188e-01, 2.151638202632681907e-01
2.660465821827487365e-01, 1.184665741157757274e-01, 4.003177396783654807e-01, 2.151691040231099583e-01
2.660667725177969789e-01, 1.184467577569431884e-01, 4.003120635569473729e-01, 2.151744061683124321e-01
2.660869732177514879e-01, 1.184269504421963243e-01, 4.003063496311305980e-01, 2.151797267089216037e-01
2.661071842642550034e-01, 1.184071521764719359e-01, 4.003005979042860707e-01, 2.151850656549869900e-01
2.661274056389389964e-01, 1.183873629647018699e-01, 4.002948083797971401e-01, 2.151904230165620213e-01
2.661476373234236137e-01, 1.183675828118129075e-01, 4.002889810610597010e-01, 2.151957988037037361e-01
2.661678792993176779e-01, 1.183478117227269727e-01, 4.002831159514822490e-01, 2.152011930264729755e-01
2.661881315482191868e-01, 1.183280497023609240e-01, 4.002772130544857698e-01, 2.152066056949341055e-01
2.662083940517143699e-01, 1.183082967556266796e-01, 4.002712723735035172e-01, 2.152120368191553501e-01
2.662286667913785765e-01, 1.182885528874311198e-01, 4.002652939119817344e-01, 2.152174864092085693e-01
2.662489497487757761e-01, 1.182688181026762264e-01, 4.002592776733788771e-01, 2.152229544751691204e-01
2.662692429054585586e-01, 1.182490924062589571e-01, 4.002532236611661687e-01, 2.152284410271161630e-01
2.662895462429686888e-01, 1.182293758030713293e-01, 4.002471318788273225e-01, 2.152339460751326594e-01
2.663098597428361081e-01, 1.182096682980003782e-01, 4.002410023298589303e-01, 2.152394696293047360e-01
2.663301833865798773e-01, 1.181899698959280876e-01, 4.002348350177695191e-01, 2.152450116997224883e-01
2.663505171557078444e-01, 1.181702806017316809e-01, 4.002286299460808827e-01, 2.152505722964796475e-01
2.663708610317164216e-01, 1.181506004202832472e-01, 4.002223871183271386e-01, 2.152561514296732204e-01
2.663912149960908082e-01, 1.181309293564499485e-01, 4.002161065380550053e-01, 2.152617491094042101e-01
2.664115790303051567e-01, 1.181112674150940206e-01, 4.002097882088240244e-01, 2.152673653457768121e-01
2.664319531158217957e-01, 1.180916146010726892e-01, 4.002034321342063383e-01, 2.152730001488991352e-01
2.664523372340926177e-01, 1.180719709192383365e-01, 4.001970383177866908e-01, 2.152786535288823411e-01
2.664727313665576913e-01, 1.180523363744382520e-01, 4.001906067631623154e-01, 2.152843254958417551e-01
2.664931354946459829e-01, 1.180327109715148537e-01, 4.001841374739434909e-01, 2.152900160598957557e-01
2.665135495997750792e-01, 1.180130947153055498e-01, 4.001776304537529860e-01, 2.152957252311664127e-01
2.665339736633515200e-01, 1.179934876106428637e-01, 4.001710857062262261e-01, 2.153014530197793763e-01
2.665544076667704654e-01, 1.179738896623543920e-01, 4.001645032350115150e-01, 2.153071994358636276e-01
2.665748515914159733e-01, 1.179543008752626659e-01, 4.001578830437695911e-01, 2.153129644895516726e-01
2.665953054186605553e-01, 1.179347212541854567e-01, 4.001512251361743489e-01, 2.153187481909795420e-01
2.666157691298656762e-01, 1.179151508039354146e-01, 4.001445295159121729e-01, 2.153245505502867641e-01
2.666362427063814211e-01, 1.178955895293203604e-01, 4.001377961866820487e-01, 2.153303715776161698e-01
2.666567261295467173e-01, 1.178760374351431328e-01, 4.001310251521959516e-01, 2.153362112831141706e-01
2.666772193806891678e-01, 1.178564945262016855e-01, 4.001242164161786241e-01, 2.153420696769305365e-01
2.666977224411252179e-01, 1.178369608072889624e-01, 4.001173699823674101e-01, 2.153479467692183125e-01
2.667182352921598221e-01, 1.178174362831930638e-01, 4.001104858545127541e-01, 2.153538425701343739e-01
2.667387579150868326e-01, 1.177979209586970805e-01, 4.001035640363774792e-01, 2.153597570898385660e-01
2.667592902911889441e-01, 1.177784148385792734e-01, 4.000966045317375652e-01, 2.153656903384941201e-01
2.667798324017371936e-01, 1.177589179276128384e-01, 4.000896073443818146e-01, 2.153716423262680701e-01
2.668003842279918492e-01, 1.177394302305662110e-01, 4.000825724781116310e-01, 2.153776130633303088e-01
2.668209457512015770e-01, 1.177199517522027894e-01, 4.000754999367414633e-01, 2.153836025598542536e-01
2.668415169526037189e-01, 1.177004824972810865e-01, 4.000683897240984721e-01, 2.153896108260167919e-01
2.668620978134246258e-01, 1.176810224705546887e-01, 4.000612418440226414e-01, 2.153956378719979747e-01
2.668826883148792684e-01, 1.176615716767723252e-01, 4.000540563003671113e-01, 2.154016837079812396e-01
2.669032884381712933e-01, 1.176421301206777986e-01, 4.000468330969976782e-01, 2.154077483441532714e-01
2.669238981644930231e-01, 1.176226978070098461e-01, 4.000395722377930174e-01, 2.154138317907040856e-01
2.669445174750256777e-01, 1.176032747405025419e-01, 4.000322737266448492e-01, 2.154199340578269173e-01
2.669651463509391531e-01, 1.175838609258849227e-01, 4.000249375674576613e-01, 2.154260551557183601e-01
2.669857847733917988e-01, 1.175644563678810567e-01, 4.000175637641488757e-01, 2.154321950945782549e-01
2.670064327235311397e-01, 1.175450610712102106e-01, 4.000101523206490151e-01, 2.154383538846095514e-01
2.670270901824931542e-01, 1.175256750405867662e-01, 4.000027032409015915e-01, 2.154445315360185575e-01
2.670477571314025522e-01, 1.175062982807200951e-01, 3.999952165288625516e-01, 2.154507280590148011e-01
2.670684335513728302e-01, 1.174869307963147952e-01, 3.999876921885014980e-01, 2.154569434638109182e-01
2.670891194235062716e-01, 1.174675725920704822e-01, 3.999801302238004674e-01, 2.154631777606227927e-01
2.671098147288936686e-01, 1.174482236726819701e-01, 3.999725306387548196e-01, 2.154694309596695001e-01
2.671305194486147117e-01, 1.174288840428390213e-01, 3.999648934373729037e-01, 2.154757030711733634e-01
2.671512335637378222e-01, 1.174095537072266937e-01, 3.999572186236757809e-01, 2.154819941053597587e-01
2.671719570553200973e-01, 1.173902326705249938e-01, 3.999495062016977798e-01, 2.154883040724571153e-01
2.671926899044072545e-01, 1.173709209374092510e-01, 3.999417561754861627e-01, 2.154946329826974150e-01
2.672134320920338535e-01, 1.173516185125496047e-01, 3.999339685491013485e-01, 2.155009808463151377e-01
2.672341835992231296e-01, 1.173323254006116284e-01, 3.999261433266168009e-01, 2.155073476735484828e-01
2.672549444069871050e-01, 1.173130416062558162e-01, 3.999182805121188067e-01, 2.155137334746382582e-01
2.672757144963264220e-01, 1.172937671341378746e-01, 3.999103801097068644e-01, 2.155201382598287974e-01
2.672964938482305652e-01, 1.172745019889086110e-01, 3.999024421234937399e-01, 2.155265620393671533e-01
2.673172824436775286e-01, 1.172552461752138925e-01, 3.998944665576049107e-01, 2.155330048235036544e-01
2.673380802636340925e-01, 1.172359996976948676e-01, 3.998864534161793993e-01, 2.155394666224915989e-01
2.673588872890561019e-01, 1.172167625609876751e-01, 3.998784027033689403e-01, 2.155459474465873382e-01
2.673797035008875222e-01, 1.171975347697236242e-01, 3.998703144233386464e-01, 2.155524473060502211e-01
2.674005288800614388e-01, 1.171783163285291668e-01, 3.998621885802666198e-01, 2.155589662111427607e-01
2.674213634074995571e-01, 1.171591072420259116e-01, 3.998540251783441746e-01, 2.155655041721302734e-01
2.674422070641124249e-01, 1.171399075148306101e-01, 3.998458242217758363e-01, 2.155720611992811564e-01
2.674630598307989326e-01, 1.171207171515550871e-01, 3.998375857147791756e-01, 2.155786373028668879e-01
2.674839216884470350e-01, 1.171015361568063518e-01, 3.998293096615849196e-01, 2.155852324931617214e-01
2.675047926179332514e-01, 1.170823645351865977e-01, 3.998209960664371176e-01, 2.155918467804430194e-01
2.675256726001228880e-01, 1.170632022912930781e-01, 3.998126449335929200e-01, 2.155984801749910307e-01
2.675465616158699822e-01, 1.170440494297182860e-01, 3.998042562673228550e-01, 2.156051326870888907e-01
2.675674596460171362e-01, 1.170249059550497600e-01, 3.997958300719103852e-01, 2.156118043270227602e-01
2.675883666713957387e-01, 1.170057718718703343e-01, 3.997873663516522402e-01, 2.156184951050817145e-01
2.676092826728258545e-01, 1.169866471847578054e-01, 3.997788651108586944e-01, 2.156252050315575208e-01
2.676302076311164457e-01, 1.169675318982853623e-01, 3.997703263538530671e-01, 2.156319341167451387e-01
2.676511415270650396e-01, 1.169484260170210593e-01, 3.997617500849717787e-01, 2.156386823709420808e-01
2.676720843414577833e-01, 1.169293295455284404e-01, 3.997531363085648493e-01, 2.156454498044489410e-01
2.676930360550697219e-01, 1.169102424883658731e-01, 3.997444850289952889e-01, 2.156522364275691439e-01
2.677139966486644096e-01, 1.168911648500872286e-01, 3.997357962506395412e-01, 2.156590422506088067e-01
2.677349661029942429e-01, 1.168720966352412710e-01, 3.997270699778873171e-01, 2.156658672838770996e-01
2.677559443988005161e-01, 1.168530378483720322e-01, 3.997183062151418720e-01, 2.156727115376856907e-01
2.677769315168127551e-01, 1.168339884940187562e-01, 3.997095049668191735e-01, 2.156795750223493013e-01
2.677979274377495500e-01, 1.168149485767157741e-01, 3.997006662373492891e-01, 2.156864577481854006e-01
2.678189321423182223e-01, 1.167959181009926434e-01, 3.996917900311751093e-01, 2.156933597255140944e-01
2.678399456112144916e-01, 1.167768970713741195e-01, 3.996828763527530692e-01, 2.157002809646583752e-01
2.678609678251230308e-01, 1.167578854923800868e-01, 3.996739252065528714e-01, 2.157072214759440387e-01
2.678819987647173551e-01, 1.167388833685256144e-01, 3.996649365970576517e-01, 2.157141812696993510e-01
2.679030384106593221e-01, 1.167198907043209694e-01, 3.996559105287640357e-01, 2.157211603562556035e-01
2.679240867435997986e-01, 1.167009075042715616e-01, 3.996468470061819711e-01, 2.157281587459467798e-01
2.679451437441781603e-01, 1.166819337728780548e-01, 3.996377460338346177e-01, 2.157351764491091395e-01
2.679662093930225142e-01, 1.166629695146362972e-01, 3.996286076162590128e-01, 2.157422134760821342e-01
2.679872836707498651e-01, 1.166440147340371686e-01, 3.996194317580051836e-01, 2.157492698372077411e-01
2.680083665579657271e-01, 1.166250694355670109e-01, 3.996102184636368682e-01, 2.157563455428304078e-01
2.680294580352644007e-01, 1.166061336237071283e-01, 3.996009677377309610e-01, 2.157634406032975793e-01
2.680505580832288071e-01, 1.165872073029341066e-01, 3.995916795848781233e-01, 2.157705550289588936e-01
2.680716666824306538e-01, 1.165682904777197576e-01, 3.995823540096825610e-01, 2.157776888301669860e-01
2.680927838134304908e-01, 1.165493831525310497e-01, 3.995729910167615251e-01, 2.157848420172769344e-01
2.681139094567772663e-01, 1.165304853318301220e-01, 3.995635906107461999e-01, 2.157920146006464535e-01
2.681350435930088261e-01, 1.165115970200743811e-01, 3.995541527962810369e-01, 2.157992065906358392e-01
2.681561862026518028e-01, 1.164927182217164320e-01, 3.995446775780239768e-01, 2.158064179976078578e-01
2.681773372662211719e-01, 1.164738489412040084e-01, 3.995351649606468381e-01, 2.158136488319279955e-01
2.681984967642210838e-01, 1.164549891829801676e-01, 3.995256149488344288e-01, 2.158208991039642366e-01
2.682196646771441984e-01, 1.164361389514831646e-01, 3.995160275472856570e-01, 2.158281688240870078e-01
2.682408409854716291e-01, 1.164172982511462590e-01, 3.995064027607126422e-01, 2.158354580026695391e-01
2.682620256696735539e-01, 1.163984670863982274e-01, 3.994967405938411042e-01, 2.158427666500870590e-01
2.682832187102088262e-01, 1.163796454616628784e-01, 3.994870410514105852e-01, 2.158500947767177380e-01
2.683044200875247531e-01, 1.163608333813592466e-01, 3.994773041381738943e-01, 2.158574423929420505e-01
2.683256297820575398e-01, 1.163420308499017175e-01, 3.994675298588977741e-01, 2.158648095091430241e-01
2.683468477742321223e-01, 1.163232378716997500e-01, 3.994577182183621789e-01, 2.158721961357059071e-01
2.683680740444620016e-01, 1.163044544511580430e-01, 3.994478692213612181e-01, 2.158796022830187511e-01
2.683893085731495209e-01, 1.162856805926766185e-01, 3.994379828727021020e-01, 2.158870279614717724e-01
2.684105513406855326e-01, 1.162669163006506412e-01, 3.994280591772060296e-01, 2.158944731814577689e-01
2.684318023274499532e-01, 1.162481615794705297e-01, 3.994180981397078001e-01, 2.159019379533718419e-01
2.684530615138109311e-01, 1.162294164335219288e-01, 3.994080997650558129e-01, 2.159094222876113689e-01
2.684743288801257899e-01, 1.162106808671857366e-01, 3.993980640581121788e-01, 2.159169261945763085e-01
2.684956044067401404e-01, 1.161919548848380779e-01, 3.993879910237527198e-01, 2.159244496846690065e-01
2.685168880739887132e-01, 1.161732384908503446e-01, 3.993778806668670800e-01, 2.159319927682939733e-01
2.685381798621945260e-01, 1.161545316895890995e-01, 3.993677329923582264e-01, 2.159395554558581898e-01
2.685594797516696053e-01, 1.161358344854161589e-01, 3.993575480051433368e-01, 2.159471377577709128e-01
2.685807877227146534e-01, 1.161171468826886349e-01, 3.993473257101530227e-01, 2.159547396844437028e-01
2.686021037556188817e-01, 1.160984688857588931e-01, 3.993370661123317178e-01, 2.159623612462904518e-01
2.686234278306603995e-01, 1.160798004989744558e-01, 3.993267692166376781e-01, 2.159700024537274388e-01
2.686447599281060472e-01, 1.160611417266781686e-01, 3.993164350280428709e-01, 2.159776633171729132e-01
2.686661000282111744e-01, 1.160424925732080892e-01, 3.993060635515330303e-01, 2.159853438470477338e-01
2.686874481112199176e-01, 1.160238530428976400e-01, 3.992956547921077126e-01, 2.159930440537747576e-01
2.687088041573652553e-01, 1.160052231400752615e-01, 3.992852087547802964e-01, 2.160007639477792007e-01
2.687301681468687864e-01, 1.159866028690649115e-01, 3.992747254445777605e-01, 2.160085035394884723e-01
2.687515400599407300e-01, 1.159679922341856489e-01, 3.992642048665413501e-01, 2.160162628393322015e-01
2.687729198767802030e-01, 1.159493912397518561e-01, 3.992536470257259107e-01, 2.160240418577420718e-01
2.687943075775747204e-01, 1.159307998900731412e-01, 3.992430519271999434e-01, 2.160318406051522089e-01
2.688157031425009169e-01, 1.159122181894544218e-01, 3.992324195760459937e-01, 2.160396590919986815e-01
2.688371065517237146e-01, 1.158936461421958275e-01, 3.992217499773607070e-01, 2.160474973287197786e-01
2.688585177853971553e-01, 1.158750837525928112e-01, 3.992110431362540512e-01, 2.160553553257560377e-01
2.688799368236637344e-01, 1.158565310249360242e-01, 3.992002990578504273e-01, 2.160632330935498835e-01
2.689013636466546786e-01, 1.158379879635114545e-01, 3.991895177472877809e-01, 2.160711306425461553e-01
2.689227982344898904e-01, 1.158194545726004138e-01, 3.991786992097182685e-01, 2.160790479831914968e-01
2.689442405672781700e-01, 1.158009308564793283e-01, 3.991678434503077022e-01, 2.160869851259347996e-01
2.689656906251168267e-01, 1.157824168194200865e-01, 3.991569504742359942e-01, 2.160949420812270927e-01
2.689871483880920677e-01, 1.157639124656896917e-01, 3.991460202866968787e-01, 2.161029188595212924e-01
2.690086138362786095e-01, 1.157454177995505540e-01, 3.991350528928983565e-01, 2.161109154712725078e-01
2.690300869497400105e-01, 1.157269328252603230e-01, 3.991240482980619730e-01, 2.161189319269376519e-01
2.690515677085285606e-01, 1.157084575470719162e-01, 3.991130065074234845e-01, 2.161269682369760525e-01
2.690730560926851700e-01, 1.156899919692335743e-01, 3.991019275262326360e-01, 2.161350244118486752e-01
2.690945520822394799e-01, 1.156715360959887640e-01, 3.990908113597531615e-01, 2.161431004620185947e-01
2.691160556572099183e-01, 1.156530899315763583e-01, 3.990796580132627835e-01, 2.161511963979509121e-01
2.691375667976036445e-01, 1.156346534802304010e-01, 3.990684674920533248e-01, 2.161593122301126435e-01
2.691590854834163271e-01, 1.156162267461803145e-01, 3.990572398014305411e-01, 2.161674479689728590e-01
2.691806116946325877e-01, 1.155978097336507748e-01, 3.990459749467144546e-01, 2.161756036250022939e-01
2.692021454112257239e-01, 1.155794024468617814e-01, 3.990346729332385767e-01, 2.161837792086739596e-01
2.692236866131575423e-01, 1.155610048900286568e-01, 3.990233337663513513e-01, 2.161919747304625605e-01
2.692452352803789140e-01, 1.155426170673619218e-01, 3.990119574514145451e-01, 2.162001902008446330e-01
2.692667913928290524e-01, 1.155242389830675453e-01, 3.990005439938045795e-01, 2.162084256302987950e-01
2.692883549304361801e-01, 1.155058706413467640e-01, 3.989890933989116428e-01, 2.162166810293054686e-01
2.693099258731170842e-01, 1.154875120463960542e-01, 3.989776056721400788e-01, 2.162249564083468245e-01
2.693315042007773941e-01, 1.154691632024072573e-01, 3.989660808189083308e-01, 2.162332517779070318e-01
2.693530898933112483e-01, 1.154508241135674546e-01, 3.989545188446492752e-01, 2.162415671484720081e-01
2.693746829306018498e-01, 1.154324947840592308e-01, 3.989429197548095551e-01, 2.162499025305292810e-01
2.693962832925206885e-01, 1.154141752180602998e-01, 3.989312835548503577e-01, 2.162582579345687095e-01
2.694178909589283188e-01, 1.153958654197437955e-01, 3.989196102502466923e-01, 2.162666333710812627e-01
2.694395059096738598e-01, 1.153775653932780365e-01, 3.989078998464878345e-01, 2.162750288505602414e-01
2.694611281245952727e-01, 1.153592751428268864e-01, 3.988961523490774375e-01, 2.162834443835004727e-01
2.694827575835190836e-01, 1.153409946725493240e-01, 3.988843677635333096e-01, 2.162918799803983660e-01
2.695043942662606051e-01, 1.153227239865997900e-01, 3.988725460953872481e-01, 2.163003356517523568e-01
2.695260381526239368e-01, 1.153044630891279926e-01, 3.988606873501854833e-01, 2.163088114080624902e-01
2.695476892224018539e-01, 1.152862119842790051e-01, 3.988487915334886225e-01, 2.163173072598304492e-01
2.695693474553759739e-01, 1.152679706761932099e-01, 3.988368586508712621e-01, 2.163258232175595264e-01
2.695910128313163123e-01, 1.152497391690063405e-01, 3.988248887079223204e-01, 2.163343592917549574e-01
2.696126853299821713e-01, 1.152315174668493980e-01, 3.988128817102450374e-01, 2.163429154929233933e-01
2.696343649311208068e-01, 1.152133055738488177e-01, 3.988008376634570862e-01, 2.163514918315732893e-01
2.696560516144689279e-01, 1.151951034941263302e-01, 3.987887565731901285e-01, 2.163600883182145440e-01
2.696777453597516416e-01, 1.151769112317990312e-01, 3.987766384450904256e-01, 2.163687049633588877e-01
2.696994461466828419e-01, 1.151587287909793672e-01, 3.987644832848183940e-01, 2.163773417775195218e-01
2.697211539549650428e-01, 1.151405561757750384e-01, 3.987522910980487723e-01, 2.163859987712112576e-01
2.697428687642896561e-01, 1.151223933902891378e-01, 3.987400618904707317e-01, 2.163946759549504606e-01
2.697645905543368805e-01, 1.151042404386202755e-01, 3.987277956677878765e-01, 2.164033733392549674e-01
2.697863193047754238e-01, 1.150860973248621494e-01, 3.987154924357179109e-01, 2.164120909346445021e-01
2.698080549952628360e-01, 1.150679640531040021e-01, 3.987031521999931383e-01, 2.164208287516399265e-01
2.698297976054453984e-01, 1.150498406274303442e-01, 3.986907749663605172e-01, 2.164295868007637957e-01
2.698515471149581790e-01, 1.150317270519210372e-01, 3.986783607405805507e-01, 2.164383650925402192e-01
2.698733035034250327e-01, 1.150136233306513489e-01, 3.986659095284290633e-01, 2.164471636374945551e-01
2.698950667504581014e-01, 1.149955294676919121e-01, 3.986534213356958123e-01, 2.164559824461539939e-01
2.699168368356592018e-01, 1.149774454671086549e-01, 3.986408961681853214e-01, 2.164648215290468913e-01
2.699386137386178275e-01, 1.149593713329629119e-01, 3.986283340317159918e-01, 2.164736808967032688e-01
2.699603974389129801e-01, 1.149413070693114242e-01, 3.986157349321213794e-01, 2.164825605596541469e-01
2.699821879161120042e-01, 1.149232526802062837e-01, 3.986030988752491400e-01, 2.164914605284326554e-01
2.700039851497711973e-01, 1.149052081696948641e-01, 3.985904258669613065e-01, 2.165003808135726737e-01
2.700257891194354221e-01, 1.148871735418200701e-01, 3.985777159131346781e-01, 2.165093214256098020e-01
2.700475998046384940e-01, 1.148691488006200467e-01, 3.985649690196605421e-01, 2.165182823750809171e-01
2.700694171849027936e-01, 1.148511339501284007e-01, 3.985521851924445080e-01, 2.165272636725243394e-01
2.700912412397395990e-01, 1.148331289943740341e-01, 3.985393644374067290e-01, 2.165362653284796657e-01
2.701130719486487530e-01, 1.148151339373812696e-01, 3.985265067604822353e-01, 2.165452873534877420e-01
2.701349092911189964e-01, 1.147971487831699056e-01, 3.985136121676201570e-01, 2.165543297580909410e-01
2.701567532466279120e-01, 1.147791735357549386e-01, 3.985006806647846123e-01, 2.165633925528326620e-01
2.701786037946415364e-01, 1.147612081991468969e-01, 3.984877122579537634e-01, 2.165724757482578033e-01
2.702004609146149150e-01, 1.147432527773516869e-01, 3.984747069531209829e-01, 2.165815793549124291e-01
2.702223245859917133e-01, 1.147253072743705249e-01, 3.984616647562937430e-01, 2.165907033833439355e-01
2.702441947882044393e-01, 1.147073716942001442e-01, 3.984485856734946152e-01, 2.165998478441008845e-01
2.702660715006742764e-01, 1.146894460408324490e-01, 3.984354697107602150e-01, 2.166090127477329763e-01
2.702879547028112506e-01, 1.146715303182550411e-01, 3.984223168741422016e-01, 2.166181981047914373e-01
2.703098443740141743e-01, 1.146536245304506374e-01, 3.984091271697067782e-01, 2.166274039258283823e-01
2.703317404936704804e-01, 1.146357286813975973e-01, 3.983959006035347472e-01, 2.166366302213971196e-01
2.703536430411564440e-01, 1.146178427750695061e-01, 3.983826371817215661e-01, 2.166458770020524838e-01
2.703755519958370157e-01, 1.145999668154354112e-01, 3.983693369103776249e-01, 2.166551442783498371e-01
2.703974673370661552e-01, 1.145821008064597940e-01, 3.983559997956276910e-01, 2.166644320608463459e-01
2.704193890441863868e-01, 1.145642447521024593e-01, 3.983426258436113532e-01, 2.166737403600997314e-01
2.704413170965289659e-01, 1.145463986563187986e-01, 3.983292150604829662e-01, 2.166830691866692693e-01
2.704632514734140458e-01, 1.145285625230593463e-01, 3.983157674524115399e-01, 2.166924185511149570e-01
2.704851921541504001e-01, 1.145107363562703345e-01, 3.983022830255810165e-01, 2.167017884639982628e-01
2.705071391180358664e-01, 1.144929201598931662e-01, 3.982887617861896601e-01, 2.167111789358813212e-01
2.705290923443566808e-01, 1.144751139378648169e-01, 3.982752037404509449e-01, 2.167205899773275157e-01
2.705510518123880881e-01, 1.144573176941176551e-01, 3.982616088945929445e-01, 2.167300215989012568e-01
2.705730175013940086e-01, 1.144395314325794694e-01, 3.982479772548584984e-01, 2.167394738111680375e-01
2.705949893906272608e-01, 1.144217551571733715e-01, 3.982343088275053788e-01, 2.167489466246940444e-01
2.706169674593293939e-01, 1.144039888718180326e-01, 3.982206036188057352e-01, 2.167584400500469077e-01
2.706389516867305223e-01, 1.143862325804274327e-01, 3.982068616350470935e-01, 2.167679540977948405e-01
2.706609420520498799e-01, 1.143684862869111668e-01, 3.981930828825317459e-01, 2.167774887785072768e-01
2.706829385344952654e-01, 1.143507499951740558e-01, 3.981792673675763061e-01, 2.167870441027543726e-01
2.707049411132633199e-01, 1.143330237091164103e-01, 3.981654150965128758e-01, 2.167966200811073940e-01
2.707269497675395264e-01, 1.143153074326340446e-01, 3.981515260756879893e-01, 2.168062167241383842e-01
2.707489644764980996e-01, 1.142976011696181654e-01, 3.981376003114633910e-01, 2.168158340424203578e-01
2.707709852193019850e-01, 1.142799049239553999e-01, 3.981236378102154250e-01, 2.168254720465272734e-01
2.707930119751029707e-01, 1.142622186995278094e-01, 3.981096385783354785e-01, 2.168351307470337275e-01
2.708150447230416868e-01, 1.142445425002129727e-01, 3.980956026222299271e-01, 2.168448101545153717e-01
2.708370834422474949e-01, 1.142268763298837919e-01, 3.980815299483199121e-01, 2.168545102795487456e-01
2.708591281118386540e-01, 1.142092201924087280e-01, 3.980674205630417850e-01, 2.168642311327108885e-01
2.708811787109218772e-01, 1.141915740916515931e-01, 3.980532744728463856e-01, 2.168739727245801163e-01
2.709032352185932746e-01, 1.141739380314717722e-01, 3.980390916841999305e-01, 2.168837350657350505e-01
2.709252976139371882e-01, 1.141563120157239458e-01, 3.980248722035835129e-01, 2.168935181667553391e-01
2.709473658760269688e-01, 1.141386960482583951e-01, 3.980106160374931035e-01, 2.169033220382214633e-01
2.709694399839249757e-01, 1.141210901329207106e-01, 3.979963231924398270e-01, 2.169131466907144312e-01
2.709915199166820221e-01, 1.141034942735521251e-01, 3.979819936749497411e-01, 2.169229921348161949e-01
2.710136056533379301e-01, 1.140859084739891255e-01, 3.979676274915637246e-01, 2.169328583811092059e-01
2.710356971729213083e-01, 1.140683327380637990e-01, 3.979532246488380887e-01, 2.169427454401767486e-01
2.710577944544496076e-01, 1.140507670696036674e-01, 3.979387851533439102e-01, 2.169526533226027731e-01
2.710798974769290104e-01, 1.140332114724316448e-01, 3.979243090116675319e-01, 2.169625820389718407e-01
2.711020062193543745e-01, 1.140156659503661768e-01, 3.979097962304100622e-01, 2.169725315998692339e-01
2.711241206607097332e-01, 1.139981305072212819e-01, 3.978952468161879863e-01, 2.169825020158809570e-01
2.711462407799677399e-01, 1.139806051468061909e-01, 3.978806607756326663e-01, 2.169924932975933474e-01
2.711683665560897794e-01, 1.139630898729258324e-01, 3.978660381153908410e-01, 2.170025054555935751e-01
2.711904979680261896e-01, 1.139455846893805135e-01, 3.978513788421240149e-01, 2.170125385004692820e-01
2.712126349947160953e-01, 1.139280895999659621e-01, 3.978366829625090695e-01, 2.170225924428088593e-01
2.712347776150873524e-01, 1.139106046084735757e-01, 3.978219504832379849e-01, 2.170326672932010315e-01
2.712569258080568813e-01, 1.138931297186900615e-01, 3.978071814110180071e-01, 2.170427630622351334e-01
2.712790795525302223e-01, 1.138756649343976163e-01, 3.977923757525710369e-01, 2.170528797605011107e-01
2.713012388274017028e-01, 1.138582102593739542e-01, 3.977775335146347957e-01, 2.170630173985895195e-01
2.713234036115547143e-01, 1.138407656973923210e-01, 3.977626547039619376e-01, 2.170731759870909716e-01
2.713455738838613240e-01, 1.138233312522213964e-01, 3.977477393273202710e-01, 2.170833555365970780e-01
2.713677496231823305e-01, 1.138059069276253360e-01, 3.977327873914928147e-01, 2.170935560576995327e-01
2.713899308083675965e-01, 1.137884927273638269e-01, 3.977177989032779082e-01, 2.171037775609906406e-01
2.714121174182558272e-01, 1.137710886551920320e-01, 3.977027738694889347e-01, 2.171140200570632339e-01
2.714343094316742366e-01, 1.137536947148606037e-01, 3.976877122969548206e-01, 2.171242835565103946e-01
2.714565068274393256e-01, 1.137363109101156844e-01, 3.976726141925195357e-01, 2.171345680699255098e-01
2.714787095843561038e-01, 1.137189372446989200e-01, 3.976574795630423709e-01, 2.171448736079026054e-01
2.715009176812185898e-01, 1.137015737223474737e-01, 3.976423084153978826e-01, 2.171552001810359844e-01
2.715231310968096445e-01, 1.136842203467939849e-01, 3.976271007564760041e-01, 2.171655477999203387e-01
2.715453498099009710e-01, 1.136668771217666518e-01, 3.976118565931818782e-01, 2.171759164751504989e-01
2.715675737992530592e-01, 1.136495440509890792e-01, 3.975965759324360804e-01, 2.171863062173217951e-01
2.715898030436152411e-01, 1.136322211381804448e-01, 3.975812587811743959e-01, 2.171967170370298905e-01
2.716120375217259131e-01, 1.136149083870554299e-01, 3.975659051463479865e-01, 2.172071489448705317e-01
2.716342772123120919e-01, 1.135976058013242612e-01, 3.975505150349235572e-01, 2.172176019514400758e-01
2.716565220940897474e-01, 1.135803133846925578e-01, 3.975350884538828566e-01, 2.172280760673347966e-01
2.716787721457637472e-01, 1.135630311408616228e-01, 3.975196254102232318e-01, 2.172385713031514398e-01
2.717010273460278569e-01, 1.135457590735280964e-01, 3.975041259109573510e-01, 2.172490876694866679e-01
2.717232876735645730e-01, 1.135284971863843029e-01, 3.974885899631133146e-01, 2.172596251769377818e-01
2.717455531070454011e-01, 1.135112454831179868e-01, 3.974730175737345439e-01, 2.172701838361019988e-01
2.717678236251306889e-01, 1.134940039674124795e-01, 3.974574087498801700e-01, 2.172807636575767587e-01
2.717900992064694043e-01, 1.134767726429465190e-01, 3.974417634986243675e-01, 2.172913646519596120e-01
2.718123798296999127e-01, 1.134595515133945270e-01, 3.974260818270570761e-01, 2.173019868298484425e-01
2.718346654734490886e-01, 1.134423405824262765e-01, 3.974103637422836122e-01, 2.173126302018410227e-01
2.718569561163327042e-01, 1.134251398537072936e-01, 3.973946092514246686e-01, 2.173232947785353752e-01
2.718792517369555406e-01, 1.134079493308983583e-01, 3.973788183616164260e-01, 2.173339805705295780e-01
2.719015523139112211e-01, 1.133907690176560873e-01, 3.973629910800108300e-01, 2.173446875884219032e-01
2.719238578257822669e-01, 1.133735989176323927e-01, 3.973471274137750919e-01, 2.173554158428103456e-01
2.719461682511399858e-01, 1.133564390344748291e-01, 3.973312273700917441e-01, 2.173661653442933439e-01
2.719684835685448054e-01, 1.133392893718264405e-01, 3.973152909561595836e-01, 2.173769361034692260e-01
2.719908037565457182e-01, 1.133221499333258997e-01, 3.972993181791920625e-01, 2.173877281309362364e-01
2.720131287936810582e-01, 1.133050207226073552e-01, 3.972833090464188976e-01, 2.173985414372927305e-01
2.720354586584775580e-01, 1.132879017433004731e-01, 3.972672635650849049e-01, 2.174093760331369529e-01
2.720577933294514028e-01, 1.132707929990305340e-01, 3.972511817424508873e-01, 2.174202319290672036e-01
2.720801327851071205e-01, 1.132536944934183221e-01, 3.972350635857928580e-01, 2.174311091356816994e-01
2.721024770039386920e-01, 1.132366062300801529e-01, 3.972189091024025953e-01, 2.174420076635785459e-01
2.721248259644285517e-01, 1.132195282126279706e-01, 3.972027182995876982e-01, 2.174529275233557934e-01
2.721471796450482539e-01, 1.132024604446692090e-01, 3.971864911846711976e-01, 2.174638687256114644e-01
2.721695380242583062e-01, 1.131854029298068470e-01, 3.971702277649915014e-01, 2.174748312809433037e-01
2.721919010805081141e-01, 1.131683556716394784e-01, 3.971539280479032819e-01, 2.174858151999490286e-01
2.722142687922359805e-01, 1.131513186737612420e-01, 3.971375920407765325e-01, 2.174968204932263005e-01
2.722366411378690509e-01, 1.131342919397618080e-01, 3.971212197509967901e-01, 2.175078471713723094e-01
2.722590180958235351e-01, 1.131172754732263919e-01, 3.971048111859656338e-01, 2.175188952449843838e-01
2.722813996445044848e-01, 1.131002692777357960e-01, 3.970883663531001861e-01, 2.175299647246595469e-01
2.723037857623060165e-01, 1.130832733568665066e-01, 3.970718852598330018e-01, 2.175410556209944613e-01
2.723261764276110886e-01, 1.130662877141903194e-01, 3.970553679136128444e-01, 2.175521679445857615e-01
2.723485716187915018e-01, 1.130493123532748251e-01, 3.970388143219040211e-01, 2.175633017060296659e-01
2.723709713142080657e-01, 1.130323472776831040e-01, 3.970222244921864374e-01, 2.175744569159223651e-01
2.723933754922107098e-01, 1.130153924909738233e-01, 3.970055984319560416e-01, 2.175856335848593559e-01
2.724157841311380945e-01, 1.129984479967011818e-01, 3.969889361487243806e-01, 2.175968317234363569e-01
2.724381972093178339e-01, 1.129815137984150342e-01, 3.969722376500188221e-01, 2.176080513422482821e-01
2.724606147050667171e-01, 1.129645898996607389e-01, 3.969555029433825544e-01, 2.176192924518899896e-01
2.724830365966901535e-01, 1.129476763039792830e-01, 3.969387320363745864e-01, 2.176305550629559493e-01
2.725054628624827835e-01, 1.129307730149072264e-01, 3.969219249365696922e-01, 2.176418391860402424e-01
2.725278934807281450e-01, 1.129138800359766465e-01, 3.969050816515586333e-01, 2.176531448317364781e-01
2.725503284296987294e-01, 1.128969973707154156e-01, 3.968882021889478251e-01, 2.176644720106381270e-01
2.725727676876559258e-01, 1.128801250226466601e-01, 3.968712865563596703e-01, 2.176758207333377715e-01
2.725952112328501320e-01, 1.128632629952893984e-01, 3.968543347614323924e-01, 2.176871910104281327e-01
2.726176590435206992e-01, 1.128464112921580831e-01, 3.968373468118201464e-01, 2.176985828525010436e-01
2.726401110978960429e-01, 1.128295699167628091e-01, 3.968203227151930745e-01, 2.177099962701480318e-01
2.726625673741935874e-01, 1.128127388726093139e-01, 3.968032624792369734e-01, 2.177214312739601532e-01
2.726850278506194325e-01, 1.127959181631987828e-01, 3.967861661116538485e-01, 2.177328878745280194e-01
2.727074925053691867e-01, 1.127791077920281826e-01, 3.967690336201611934e-01, 2.177443660824414651e-01
2.727299613166268566e-01, 1.127623077625898723e-01, 3.967518650124931545e-01, 2.177558659082899917e-01
2.727524342625660125e-01, 1.127455180783720479e-01, 3.967346602963993107e-01, 2.177673873626626844e-01
2.727749113213486232e-01, 1.127287387428583532e-01, 3.967174194796451725e-01, 2.177789304561477401e-01
2.727973924711262765e-01, 1.127119697595281023e-01, 3.967001425700126815e-01, 2.177904951993330507e-01
2.728198776900390143e-01, 1.126952111318561683e-01, 3.966828295752992672e-01, 2.178020816028055640e-01
2.728423669562162757e-01, 1.126784628633130669e-01, 3.966654805033187348e-01, 2.178136896771518394e-01
2.728648602477762863e-01, 1.126617249573649421e-01, 3.966480953619007654e-01, 2.178253194329580200e-01
2.728873575428263365e-01, 1.126449974174734414e-01, 3.966306741588910278e-01, 2.178369708808091665e-01
2.729098588194627806e-01, 1.126282802470960354e-01, 3.966132169021513443e-01, 2.178486440312898398e-01
2.729323640557709263e-01, 1.126115734496855730e-01, 3.965957235995595798e-01, 2.178603388949839348e-01
2.729548732298252012e-01, 1.125948770286907819e-01, 3.965781942590094755e-01, 2.178720554824745970e-01
2.729773863196888750e-01, 1.125781909875556847e-01, 3.965606288884111486e-01, 2.178837938043442501e-01
2.729999033034143929e-01, 1.125615153297202520e-01, 3.965430274956905921e-01, 2.178955538711747353e-01
2.730224241590431533e-01, 1.125448500586199163e-01, 3.965253900887900640e-01, 2.179073356935468664e-01
2.730449488646057299e-01, 1.125281951776856831e-01, 3.965077166756678095e-01, 2.179191392820407358e-01
2.730674773981215386e-01, 1.125115506903443113e-01, 3.964900072642982276e-01, 2.179309646472359641e-01
2.730900097375991153e-01, 1.124949166000181328e-01, 3.964722618626719264e-01, 2.179428117997108394e-01
2.731125458610361156e-01, 1.124782929101250661e-01, 3.964544804787955012e-01, 2.179546807500433170e-01
2.731350857464190374e-01, 1.124616796240787558e-01, 3.964366631206920899e-01, 2.179665715088101030e-01
2.731576293717236648e-01, 1.124450767452884470e-01, 3.964188097964005397e-01, 2.179784840865873763e-01
2.731801767149147908e-01, 1.124284842771589160e-01, 3.964009205139761294e-01, 2.179904184939500944e-01
2.732027277539461063e-01, 1.124119022230908038e-01, 3.963829952814904023e-01, 2.180023747414726598e-01
2.732252824667604774e-01, 1.123953305864801300e-01, 3.963650341070311112e-01, 2.180143528397283925e-01
2.732478408312897233e-01, 1.123787693707187924e-01, 3.963470369987019404e-01, 2.180263527992895300e-01
2.732704028254551720e-01, 1.123622185791941092e-01, 3.963290039646230611e-01, 2.180383746307276716e-01
2.732929684271664383e-01, 1.123456782152892491e-01, 3.963109350129309649e-01, 2.180504183446132782e-01
2.733155376143229232e-01, 1.123291482823829540e-01, 3.962928301517782970e-01, 2.180624839515157565e-01
2.733381103648128696e-01, 1.123126287838494691e-01, 3.962746893893340228e-01, 2.180745714620036801e-01
2.733606866565134186e-01, 1.122961197230589181e-01, 3.962565127337832060e-01, 2.180866808866444573e-01
2.733832664672909973e-01, 1.122796211033769281e-01, 3.962383001933273974e-01, 2.180988122360046355e-01
2.734058497750010419e-01, 1.122631329281649076e-01, 3.962200517761846341e-01, 2.181109655206494302e-01
2.734284365574882192e-01, 1.122466552007797269e-01, 3.962017674905888853e-01, 2.181231407511431963e-01
2.734510267925860383e-01, 1.122301879245741207e-01, 3.961834473447906624e-01, 2.181353379380491508e-01
2.734736204581173502e-01, 1.122137311028963691e-01, 3.961650913470569080e-01, 2.181475570919294282e-01
2.734962175318940147e-01, 1.121972847390903666e-01, 3.961466995056706630e-01, 2.181597982233449973e-01
2.735188179917168450e-01, 1.121808488364958445e-01, 3.961282718289316218e-01, 2.181720613428556610e-01
2.735414218153761068e-01, 1.121644233984480377e-01, 3.961098083251556878e-01, 2.181843464610201122e-01
2.735640289806509640e-01, 1.121480084282779482e-01, 3.960913090026753625e-01, 2.181966535883958502e-01
2.735866394653096445e-01, 1.121316039293121236e-01, 3.960727738698391343e-01, 2.182089827355389866e-01
2.736092532471096073e-01, 1.121152099048728923e-01, 3.960542029350125337e-01, 2.182213339130048557e-01
2.736318703037974864e-01, 1.120988263582782668e-01, 3.960355962065770230e-01, 2.182337071313473209e-01
2.736544906131088140e-01, 1.120824532928418188e-01, 3.960169536929306622e-01, 2.182461024011186357e-01
2.736771141527685747e-01, 1.120660907118729149e-01, 3.959982754024879981e-01, 2.182585197328705262e-01
2.736997409004907067e-01, 1.120497386186765088e-01, 3.959795613436800088e-01, 2.182709591371527758e-01
2.737223708339782680e-01, 1.120333970165532933e-01, 3.959608115249542148e-01, 2.182834206245142239e-01
2.737450039309234917e-01, 1.120170659087996456e-01, 3.959420259547745680e-01, 2.182959042055022392e-01
2.737676401690078420e-01, 1.120007452987075158e-01, 3.959232046416216733e-01, 2.183084098906629689e-01
2.737902795259019029e-01, 1.119844351895647044e-01, 3.959043475939924006e-01, 2.183209376905410060e-01
2.738129219792652669e-01, 1.119681355846546267e-01, 3.958854548204003843e-01, 2.183334876156798054e-01
2.738355675067468131e-01, 1.119518464872562291e-01, 3.958665263293756897e-01, 2.183460596766211570e-01
2.738582160859847625e-01, 1.119355679006444892e-01, 3.958475621294649249e-01, 2.183586538839057678e-01
2.738808676946062337e-01, 1.119192998280897217e-01, 3.958285622292314065e-01, 2.183712702480727075e-01
2.739035223102274652e-01, 1.119030422728581886e-01, 3.958095266372547716e-01, 2.183839087796596579e-01
2.739261799104542039e-01, 1.118867952382116698e-01, 3.957904553621314769e-01, 2.183965694892027187e-01
2.739488404728811499e-01, 1.118705587274077540e-01, 3.957713484124745218e-01, 2.184092523872364910e-01
2.739715039750922898e-01, 1.118543327436996998e-01, 3.957522057969135587e-01, 2.184219574842944933e-01
2.739941703946606189e-01, 1.118381172903364362e-01, 3.957330275240946715e-01, 2.184346847909081624e-01
2.740168397091486407e-01, 1.118219123705626178e-01, 3.957138136026809860e-01, 2.184474343176077971e-01
2.740395118961076459e-01, 1.118057179876186247e-01, 3.956945640413519483e-01, 2.184602060749218089e-01
2.740621869330785443e-01, 1.117895341447404933e-01, 3.956752788488036576e-01, 2.184730000733773603e-01
2.740848647975912544e-01, 1.117733608451599719e-01, 3.956559580337489779e-01, 2.184858163234998374e-01
2.741075454671648703e-01, 1.117571980921045760e-01, 3.956366016049175927e-01, 2.184986548358130720e-01
2.741302289193077169e-01, 1.117410458887974078e-01, 3.956172095710556169e-01, 2.185115156208391474e-01
2.741529151315174606e-01, 1.117249042384574620e-01, 3.955977819409263185e-01, 2.185243986890986756e-01
2.741756040812809436e-01, 1.117087731442992643e-01, 3.955783187233092302e-01, 2.185373040511105480e-01
2.741982957460740167e-01, 1.116926526095331912e-01, 3.955588199270008154e-01, 2.185502317173918796e-01
2.742209901033622055e-01, 1.116765426373652476e-01, 3.955392855608143576e-01, 2.185631816984582032e-01
2.742436871305997670e-01, 1.116604432309972056e-01, 3.955197156335796271e-01, 2.185761540048233031e-01
2.742663868052306886e-01, 1.116443543936265492e-01, 3.955001101541436581e-01, 2.185891486469990763e-01
2.742890891046877999e-01, 1.116282761284464464e-01, 3.954804691313698051e-01, 2.186021656354959486e-01
2.743117940063934945e-01, 1.116122084386458324e-01, 3.954607925741384089e-01, 2.186152049808222642e-01
2.743345014877591748e-01, 1.115961513274093958e-01, 3.954410804913467414e-01, 2.186282666934848129e-01
2.743572115261855848e-01, 1.115801047979174399e-01, 3.954213328919085058e-01, 2.186413507839884141e-01
2.743799240990629218e-01, 1.115640688533461045e-01, 3.954015497847547245e-01, 2.186544572628361938e-01
2.744026391837703360e-01, 1.115480434968672135e-01, 3.953817311788331290e-01, 2.186675861405292520e-01
2.744253567576765418e-01, 1.115320287316483583e-01, 3.953618770831081042e-01, 2.186807374275669957e-01
2.744480767981393177e-01, 1.115160245608527723e-01, 3.953419875065610767e-01, 2.186939111344468334e-01
2.744707992825057841e-01, 1.115000309876395673e-01, 3.953220624581902931e-01, 2.187071072716643694e-01
2.744935241881124588e-01, 1.114840480151634700e-01, 3.953021019470110420e-01, 2.187203258497130987e-01
2.745162514922849240e-01, 1.114680756465749184e-01, 3.952821059820552096e-01, 2.187335668790847953e-01
2.745389811723383811e-01, 1.114521138850203402e-01, 3.952620745723721130e-01, 2.187468303702691796e-01
2.745617132055771514e-01, 1.114361627336416249e-01, 3.952420077270273890e-01, 2.187601163337539456e-01
2.745844475692947317e-01, 1.114202221955764294e-01, 3.952219054551042166e-01, 2.187734247800247334e-01
2.746071842407741825e-01, 1.114042922739583580e-01, 3.952017677657020944e-01, 2.187867557195654344e-01
2.746299231972876842e-01, 1.113883729719165605e-01, 3.951815946679381186e-01, 2.188001091628576089e-01
2.746526644160969255e-01, 1.113724642925760927e-01, 3.951613861709459830e-01, 2.188134851203809572e-01
2.746754078744527150e-01, 1.113565662390575695e-01, 3.951411422838766452e-01, 2.188268836026129871e-01
2.746981535495954252e-01, 1.113406788144775950e-01, 3.951208630158977719e-01, 2.188403046200292357e-01
2.747209014187545484e-01, 1.113248020219483048e-01, 3.951005483761941828e-01, 2.188537481831029363e-01
2.747436514591490297e-01, 1.113089358645777266e-01, 3.950801983739677947e-01, 2.188672143023054073e-01
2.747664036479871563e-01, 1.112930803454696138e-01, 3.950598130184376222e-01, 2.188807029881056632e-01
2.747891579624665570e-01, 1.112772354677234454e-01, 3.950393923188393330e-01, 2.188942142509707200e-01
2.748119143797741470e-01, 1.112614012344344816e-01, 3.950189362844261920e-01, 2.189077481013651794e-01
2.748346728770863501e-01, 1.112455776486937914e-01, 3.949984449244682838e-01, 2.189213045497515608e-01
2.748574334315688761e-01, 1.112297647135881556e-01, 3.949779182482528461e-01, 2.189348836065902471e-01
2.748801960203766104e-01, 1.112139624322000808e-01, 3.949573562650839920e-01, 2.189484852823392613e-01
2.749029606206543908e-01, 1.111981708076079378e-01, 3.949367589842833759e-01, 2.189621095874543233e-01
2.749257272095357307e-01, 1.111823898428858370e-01, 3.949161264151894168e-01, 2.189757565323890709e-01
2.749484957641438743e-01, 1.111666195411035590e-01, 3.948954585671579087e-01, 2.189894261275946163e-01
2.749712662615916847e-01, 1.111508599053268459e-01, 3.948747554495616319e-01, 2.190031183835199624e-01
2.749940386789808122e-01, 1.111351109386170266e-01, 3.948540170717906306e-01, 2.190168333106115306e-01
2.750168129934030814e-01, 1.111193726440313084e-01, 3.948332434432520466e-01, 2.190305709193135497e-01
2.750395891819389371e-01, 1.111036450246226520e-01, 3.948124345733703411e-01, 2.190443312200679726e-01
2.750623672216587767e-01, 1.110879280834397853e-01, 3.947915904715872393e-01, 2.190581142233141154e-01
2.750851470896224504e-01, 1.110722218235273007e-01, 3.947707111473612862e-01, 2.190719199394890460e-01
2.751079287628786507e-01, 1.110565262479254606e-01, 3.947497966101686795e-01, 2.190857483790273341e-01
2.751307122184661891e-01, 1.110408413596702532e-01, 3.947288468695024921e-01, 2.190995995523611906e-01
2.751534974334128858e-01, 1.110251671617936836e-01, 3.947078619348733386e-01, 2.191134734699200226e-01
2.751762843847361251e-01, 1.110095036573233718e-01, 3.946868418158092084e-01, 2.191273701421313225e-01
2.751990730494427440e-01, 1.109938508492827186e-01, 3.946657865218549111e-01, 2.191412895794195848e-01
2.752218634045289769e-01, 1.109782087406910728e-01, 3.946446960625728528e-01, 2.191552317922070836e-01
2.752446554269805667e-01, 1.109625773345633004e-01, 3.946235704475428152e-01, 2.191691967909132621e-01
2.752674490937728202e-01, 1.109469566339103819e-01, 3.946024096863616215e-01, 2.191831845859552319e-01
2.752902443818702749e-01, 1.109313466417388427e-01, 3.945812137886434701e-01, 2.191971951877474400e-01
2.753130412682270323e-01, 1.109157473610511424e-01, 3.945599827640201562e-01, 2.192112286067016691e-01
2.753358397297868132e-01, 1.109001587948454798e-01, 3.945387166221405173e-01, 2.192252848532272036e-01
2.753586397434825139e-01, 1.108845809461158766e-01, 3.945174153726709321e-01, 2.192393639377305525e-01
2.753814412862370387e-01, 1.108690138178521217e-01, 3.944960790252952099e-01, 2.192534658706156436e-01
2.754042443349621894e-01, 1.108534574130399103e-01, 3.944747075897143129e-01, 2.192675906622836568e-01
2.754270488665596095e-01, 1.108379117346605658e-01, 3.944533010756465785e-01, 2.192817383231332184e-01
2.754498548579204509e-01, 1.108223767856913594e-01, 3.944318594928281074e-01, 2.192959088635600684e-01
2.754726622859251517e-01, 1.108068525691053713e-01, 3.944103828510122089e-01, 2.193101022939573097e-01
2.754954711274439361e-01, 1.107913390878713933e-01, 3.943888711599694563e-01, 2.193243186247151311e-01
2.755182813593364255e-01, 1.107758363449541233e-01, 3.943673244294881863e-01, 2.193385578662211954e-01
2.755410929584518054e-01, 1.107603443433140128e-01, 3.943457426693739998e-01, 2.193528200288601959e-01
2.755639059016286585e-01, 1.107448630859073774e-01, 3.943241258894499834e-01, 2.193671051230140223e-01
2.755867201656951870e-01, 1.107293925756863140e-01, 3.943024740995566546e-01, 2.193814131590617333e-01
2.756095357274694346e-01, 1.107139328155987562e-01, 3.942807873095522941e-01, 2.193957441473795844e-01
2.756323525637584537e-01, 1.106984838085884187e-01, 3.942590655293123914e-01, 2.194100980983407778e-01
2.756551706513591937e-01, 1.106830455575948391e-01, 3.942373087687299771e-01, 2.194244750223159346e-01
2.756779899670582790e-01, 1.106676180655535024e-01, 3.942155170377157347e-01, 2.194388749296725116e-01
2.757008104876314536e-01, 1.106522013353955086e-01, 3.941936903461980002e-01, 2.194532978307751347e-01
2.757236321898444142e-01, 1.106367953700479606e-01, 3.941718287041222624e-01, 2.194677437359852934e-01
2.757464550504524214e-01, 1.106214001724337287e-01, 3.941499321214519957e-01, 2.194822126556618958e-01
2.757692790462001886e-01, 1.106060157454714366e-01, 3.941280006081679388e-01, 2.194967046001603805e-01
2.757921041538220486e-01, 1.105906420920756972e-01, 3.941060341742687045e-01, 2.195112195798335775e-01
2.758149303500419536e-01, 1.105752792151568492e-01, 3.940840328297702255e-01, 2.195257576050310411e-01
2.758377576115734753e-01, 1.105599271176210263e-01, 3.940619965847064199e-01, 2.195403186860992450e-01
2.758605859151196382e-01, 1.105445858023703237e-01, 3.940399254491280812e-01, 2.195549028333818598e-01
2.758834152373735860e-01, 1.105292552723025762e-01, 3.940178194331047656e-01, 2.195695100572190861e-01
2.759062455550174153e-01, 1.105139355303115106e-01, 3.939956785467226275e-01, 2.195841403679483772e-01
2.759290768447232312e-01, 1.104986265792866074e-01, 3.939735028000861394e-01, 2.195987937759039665e-01
2.759519090831527577e-01, 1.104833284221133638e-01, 3.939512922033172604e-01, 2.196134702914166736e-01
2.759747422469573386e-01, 1.104680410616728364e-01, 3.939290467665554352e-01, 2.196281699248143482e-01
2.759975763127778259e-01, 1.104527645008422654e-01, 3.939067664999580942e-01, 2.196428926864217868e-01
2.760204112572448576e-01, 1.104374987424945054e-01, 3.938844514137002650e-01, 2.196576385865602887e-01
2.760432470569788577e-01, 1.104222437894983033e-01, 3.938621015179746276e-01, 2.196724076355481281e-01
2.760660836885896474e-01, 1.104069996447183261e-01, 3.938397168229918477e-01, 2.196871998437003037e-01
2.760889211286767786e-01, 1.103917663110150355e-01, 3.938172973389798548e-01, 2.197020152213283173e-01
2.761117593538297554e-01, 1.103765437912447300e-01, 3.937948430761848417e-01, 2.197168537787407283e-01
2.761345983406274240e-01, 1.103613320882596005e-01, 3.937723540448704873e-01, 2.197317155262425437e-01
2.761574380656384164e-01, 1.103461312049076742e-01, 3.937498302553184559e-01, 2.197466004741354950e-01
2.761802785054212617e-01, 1.103309411440328708e-01, 3.937272717178278425e-01, 2.197615086327180667e-01
2.762031196365239416e-01, 1.103157619084748770e-01, 3.937046784427160051e-01, 2.197764400122851902e-01
2.762259614354842241e-01, 1.103005935010693689e-01, 3.936820504403178433e-01, 2.197913946231286053e-01
2.762488038788297184e-01, 1.102854359246477761e-01, 3.936593877209860204e-01, 2.198063724755364157e-01
2.762716469430776534e-01, 1.102702891820375175e-01, 3.936366902950912960e-01, 2.198213735797935331e-01
2.762944906047348770e-01, 1.102551532760616682e-01, 3.936139581730221382e-01, 2.198363979461812612e-01
2.763173348402982454e-01, 1.102400282095394313e-01, 3.935911913651848892e-01, 2.198514455849775173e-01
2.763401796262540677e-01, 1.102249139852856941e-01, 3.935683898820037108e-01, 2.198665165064565552e-01
2.763630249390786608e-01, 1.102098106061112220e-01, 3.935455537339207499e-01, 2.198816107208893256e-01
2.763858707552379057e-01, 1.101947180748228117e-01, 3.935226829313960839e-01, 2.198967282385432542e-01
2.764087170511875247e-01, 1.101796363942228602e-01, 3.934997774849076091e-01, 2.199118690696820200e-01
2.764315638033730815e-01, 1.101645655671099205e-01, 3.934768374049512074e-01, 2.199270332245658044e-01
2.764544109882299261e-01, 1.101495055962782438e-01, 3.934538627020405244e-01, 2.199422207134513196e-01
2.764772585821828610e-01, 1.101344564845180563e-01, 3.934308533867074131e-01, 2.199574315465916141e-01
2.765001065616469744e-01, 1.101194182346153932e-01, 3.934078094695016570e-01, 2.199726657342359615e-01
2.765229549030267520e-01, 1.101043908493521961e-01, 3.933847309609909138e-01, 2.199879232866301659e-01
2.765458035827167427e-01, 1.100893743315062706e-01, 3.933616178717606049e-01, 2.200032042140162847e-01
2.765686525771012261e-01, 1.100743686838514118e-01, 3.933384702124147481e-01, 2.200185085266326834e-01
2.765915018625541566e-01, 1.100593739091571543e-01, 3.933152879935746249e-01, 2.200338362347139809e-01
2.766143514154396632e-01, 1.100443900101889527e-01, 3.932920712258802798e-01, 2.200491873484910488e-01
2.766372012121113277e-01, 1.100294169897083341e-01, 3.932688199199892987e-01, 2.200645618781911506e-01
2.766600512289127400e-01, 1.100144548504723846e-01, 3.932455340865773641e-01, 2.200799598340375529e-01
2.766829014421773314e-01, 1.099995035952343186e-01, 3.932222137363384218e-01, 2.200953812262500253e-01
2.767057518282284301e-01, 1.099845632267432149e-01, 3.931988588799842921e-01, 2.201108260650441462e-01
2.767286023633790948e-01, 1.099696337477439195e-01, 3.931754695282448919e-01, 2.201262943606320244e-01
2.767514530239325032e-01, 1.099547151609774481e-01, 3.931520456918684570e-01, 2.201417861232215778e-01
2.767743037861813971e-01, 1.099398074691803895e-01, 3.931285873816209864e-01, 2.201573013630171161e-01
2.767971546264086924e-01, 1.099249106750854882e-01, 3.931050946082868536e-01, 2.201728400902190352e-01
2.768200055208867583e-01, 1.099100247814212006e-01, 3.930815673826685286e-01, 2.201884023150235958e-01
2.768428564458784158e-01, 1.098951497909119862e-01, 3.930580057155863560e-01, 2.202039880476232836e-01
2.768657073776360500e-01, 1.098802857062781968e-01, 3.930344096178792213e-01, 2.202195972982065597e-01
2.768885582924019984e-01, 1.098654325302361040e-01, 3.930107791004038287e-01, 2.202352300769580273e-01
2.769114091664086064e-01, 1.098505902654978994e-01, 3.929871141740353679e-01, 2.202508863940581540e-01
2.769342599758779500e-01, 1.098357589147714863e-01, 3.929634148496670143e-01, 2.202665662596834106e-01
2.769571106970223906e-01, 1.098209384807610489e-01, 3.929396811382102617e-01, 2.202822696840063266e-01
2.769799613060438537e-01, 1.098061289661663442e-01, 3.929159130505945341e-01, 2.202979966771952125e-01
2.770028117791344391e-01, 1.097913303736832297e-01, 3.928921105977679074e-01, 2.203137472494144378e-01
2.770256620924760882e-01, 1.097765427060033716e-01, 3.928682737906963318e-01, 2.203295214108242084e-01
2.770485122222408059e-01, 1.097617659658144812e-01, 3.928444026403641320e-01, 2.203453191715805393e-01
2.770713621445903829e-01, 1.097470001557999952e-01, 3.928204971577740623e-01, 2.203611405418355318e-01
2.770942118356768957e-01, 1.097322452786395064e-01, 3.927965573539468624e-01, 2.203769855317367632e-01
2.771170612716420956e-01, 1.097175013370082913e-01, 3.927725832399216466e-01, 2.203928541514280082e-01
2.771399104286179083e-01, 1.097027683335777548e-01, 3.927485748267558474e-01, 2.204087464110484618e-01
2.771627592827261566e-01, 1.096880462710150966e-01, 3.927245321255252719e-01, 2.204246623207334610e-01
2.771856078100787824e-01, 1.096733351519834226e-01, 3.927004551473239902e-01, 2.204406018906137632e-01
2.772084559867776798e-01, 1.096586349791419113e-01, 3.926763439032642800e-01, 2.204565651308161012e-01
2.772313037889148069e-01, 1.096439457551454805e-01, 3.926521984044769598e-01, 2.204725520514627946e-01
2.772541511925719626e-01, 1.096292674826451485e-01, 3.926280186621110002e-01, 2.204885626626718609e-01
2.772769981738212319e-01, 1.096146001642877982e-01, 3.926038046873339127e-01, 2.205045969745570711e-01
2.772998447087246521e-01, 1.095999438027161627e-01, 3.925795564913315272e-01, 2.205206549972276719e-01
2.773226907733342683e-01, 1.095852984005690200e-01, 3.925552740853079370e-01, 2.205367367407887469e-01
2.773455363436923005e-01, 1.095706639604810684e-01, 3.925309574804857760e-01, 2.205528422153408830e-01
2.773683813958308653e-01, 1.095560404850828562e-01, 3.925066066881061078e-01, 2.205689714309801708e-01
2.773912259057723095e-01, 1.095414279770010324e-01, 3.924822217194283147e-01, 2.205851243977983156e-01
2.774140698495289326e-01, 1.095268264388580132e-01, 3.924578025857302643e-01, 2.206013011258827761e-01
2.774369132031032636e-01, 1.095122358732722456e-01, 3.924333492983081983e-01, 2.206175016253162091e-01
2.774597559424879512e-01, 1.094976562828581107e-01, 3.924088618684769547e-01, 2.206337259061769418e-01
2.774825980436655959e-01, 1.094830876702259509e-01, 3.923843403075696901e-01, 2.206499739785387770e-01
2.775054394826089177e-01, 1.094685300379819870e-01, 3.923597846269381573e-01, 2.206662458524709658e-01
2.775282802352808664e-01, 1.094539833887284430e-01, 3.923351948379524834e-01, 2.206825415380380684e-01
2.775511202776345665e-01, 1.094394477250634906e-01, 3.923105709520014472e-01, 2.206988610453003985e-01
2.775739595856132058e-01, 1.094249230495812769e-01, 3.922859129804923128e-01, 2.207152043843132183e-01
2.775967981351500358e-01, 1.094104093648717857e-01, 3.922612209348505519e-01, 2.207315715651275156e-01
2.776196359021686488e-01, 1.093959066735210872e-01, 3.922364948265207873e-01, 2.207479625977895599e-01
2.776424728625825900e-01, 1.093814149781111300e-01, 3.922117346669655724e-01, 2.207643774923407631e-01
2.776653089922957451e-01, 1.093669342812198797e-01, 3.921869404676663895e-01, 2.207808162588180689e-01
2.776881442672020639e-01, 1.093524645854211247e-01, 3.921621122401231507e-01, 2.207972789072535635e-01
2.777109786631858923e-01, 1.093380058932847815e-01, 3.921372499958544755e-01, 2.208137654476747536e-01
2.777338121561215289e-01, 1.093235582073766171e-01, 3.921123537463974684e-01, 2.208302758901042884e-01
2.777566447218736689e-01, 1.093091215302584573e-01, 3.920874235033078858e-01, 2.208468102445599879e-01
2.777794763362969599e-01, 1.092946958644879923e-01, 3.920624592781600803e-01, 2.208633685210550646e-01
2.778023069752366125e-01, 1.092802812126188322e-01, 3.920374610825469452e-01, 2.208799507295977071e-01
2.778251366145276791e-01, 1.092658775772007429e-01, 3.920124289280801921e-01, 2.208965568801913026e-01
2.778479652299958857e-01, 1.092514849607792993e-01, 3.919873628263900733e-01, 2.209131869828345751e-01
2.778707927974569114e-01, 1.092371033658960794e-01, 3.919622627891256039e-01, 2.209298410475212526e-01
2.778936192927168314e-01, 1.092227327950887200e-01, 3.919371288279544507e-01, 2.209465190842399840e-01
2.779164446915717845e-01, 1.092083732508906530e-01, 3.919119609545627103e-01, 2.209632211029748106e-01
2.779392689698084173e-01, 1.091940247358315075e-01, 3.918867591806555195e-01, 2.209799471137045279e-01
2.779620921032036063e-01, 1.091796872524366385e-01, 3.918615235179566114e-01, 2.209966971264031854e-01
2.779849140675242913e-01, 1.091653608032275846e-01, 3.918362539782084819e-01, 2.210134711510396976e-01
2.780077348385280311e-01, 1.091510453907217348e-01, 3.918109505731721676e-01, 2.210302691975780665e-01
2.780305543919625033e-01, 1.091367410174325092e-01, 3.917856133146276343e-01, 2.210470912759773254e-01
2.780533727035658376e-01, 1.091224476858693448e-01, 3.917602422143734997e-01, 2.210639373961913456e-01
2.780761897490662826e-01, 1.091081653985375849e-01, 3.917348372842273663e-01, 2.210808075681688079e-01
2.780990055041825393e-01, 1.090938941579386035e-01, 3.917093985360253217e-01, 2.210977018018535634e-01
2.781218199446236494e-01, 1.090796339665697223e-01, 3.916839259816223828e-01, 2.211146201071841344e-01
2.781446330460891625e-01, 1.090653848269242665e-01, 3.916584196328924961e-01, 2.211315624940941305e-01
2.781674447842686360e-01, 1.090511467414915503e-01, 3.916328795017280928e-01, 2.211485289725117487e-01
2.781902551348421904e-01, 1.090369197127569190e-01, 3.916073056000406449e-01, 2.211655195523601902e-01
2.782130640734804539e-01, 1.090227037432016377e-01, 3.915816979397606090e-01, 2.211825342435573549e-01
2.782358715758441736e-01, 1.090084988353030027e-01, 3.915560565328370379e-01, 2.211995730560158413e-01
2.782586776175847709e-01, 1.089943049915342438e-01, 3.915303813912376363e-01, 2.212166359996432519e-01
2.782814821743437306e-01, 1.089801222143647053e-01, 3.915046725269497041e-01, 2.212337230843417490e-01
2.783042852217533225e-01, 1.089659505062596373e-01, 3.914789299519788046e-01, 2.212508343200082772e-01
2.783270867354359357e-01, 1.089517898696802933e-01, 3.914531536783494858e-01, 2.212679697165343407e-01
2.783498866910045222e-01, 1.089376403070838745e-01, 3.914273437181053916e-01, 2.212851292838062256e-01
2.783726850640625416e-01, 1.089235018209237793e-01, 3.914015000833088731e-01, 2.213023130317049447e-01
2.783954818302036838e-01, 1.089093744136491598e-01, 3.913756227860413217e-01, 2.213195209701059041e-01
2.784182769650123679e-01, 1.088952580877053100e-01, 3.913497118384030582e-01, 2.213367531088792639e-01
2.784410704440632434e-01, 1.088811528455335548e-01, 3.913237672525134436e-01, 2.213540094578897166e-01
2.784638622429216337e-01, 1.088670586895710973e-01, 3.912977890405106574e-01, 2.213712900269966533e-01
2.784866523371432034e-01, 1.088529756222512551e-01, 3.912717772145518080e-01, 2.213885948260537750e-01
2.785094407022741803e-01, 1.088389036460033071e-01, 3.912457317868130446e-01, 2.214059238649093986e-01
2.785322273138512994e-01, 1.088248427632525911e-01, 3.912196527694897230e-01, 2.214232771534064836e-01
2.785550121474016927e-01, 1.088107929764203369e-01, 3.911935401747957952e-01, 2.214406547013822169e-01
2.785777951784431106e-01, 1.087967542879239441e-01, 3.911673940149645867e-01, 2.214580565186683170e-01
2.786005763824839221e-01, 1.087827267001767462e-01, 3.911412143022483523e-01, 2.214754826150910072e-01
2.786233557350228929e-01, 1.087687102155880520e-01, 3.911150010489181650e-01, 2.214929330004709040e-01
2.786461332115492961e-01, 1.087547048365632291e-01, 3.910887542672644157e-01, 2.215104076846229342e-01
2.786689087875432458e-01, 1.087407105655037315e-01, 3.910624739695967023e-01, 2.215279066773564454e-01
2.786916824384750857e-01, 1.087267274048069055e-01, 3.910361601682429966e-01, 2.215454299884750677e-01
2.787144541398060005e-01, 1.087127553568661836e-01, 3.910098128755511993e-01, 2.215629776277767138e-01
2.787372238669875157e-01, 1.086987944240709741e-01, 3.909834321038876404e-01, 2.215805496050538281e-01
2.787599915954620533e-01, 1.086848446088068271e-01, 3.909570178656382455e-01, 2.215981459300927769e-01
2.787827573006623205e-01, 1.086709059134552124e-01, 3.909305701732078142e-01, 2.216157666126745973e-01
2.788055209580119209e-01, 1.086569783403935896e-01, 3.909040890390202971e-01, 2.216334116625742756e-01
2.788282825429247991e-01, 1.086430618919955876e-01, 3.908775744755186299e-01, 2.216510810895608030e-01
2.788510420308059068e-01, 1.086291565706307000e-01, 3.908510264951654545e-01, 2.216687749033979249e-01
2.788737993970505369e-01, 1.086152623786646038e-01, 3.908244451104417316e-01, 2.216864931138430861e-01
2.788965546170447118e-01, 1.086013793184588960e-01, 3.907978303338483506e-01, 2.217042357306480416e-01
2.789193076661650728e-01, 1.085875073923712464e-01, 3.907711821779049077e-01, 2.217220027635587731e-01
2.789420585197792124e-01, 1.085736466027553970e-01, 3.907445006551503730e-01, 2.217397942223150453e-01
2.789648071532450091e-01, 1.085597969519610240e-01, 3.907177857781429786e-01, 2.217576101166510161e-01
2.789875535419112929e-01, 1.085459584423339729e-01, 3.906910375594601637e-01, 2.217754504562947093e-01
2.790102976611174013e-01, 1.085321310762159402e-01, 3.906642560116983520e-01, 2.217933152509683203e-01
2.790330394861938457e-01, 1.085183148559448613e-01, 3.906374411474733410e-01, 2.218112045103879104e-01
2.790557789924612009e-01, 1.085045097838546191e-01, 3.906105929794204679e-01, 2.218291182442636567e-01
2.790785161552312155e-01, 1.084907158622751555e-01, 3.905837115201939991e-01, 2.218470564622996577e-01
2.791012509498062011e-01, 1.084769330935324155e-01, 3.905567967824674636e-01, 2.218650191741938504e-01
2.791239833514794211e-01, 1.084631614799484584e-01, 3.905298487789337636e-01, 2.218830063896382043e-01
2.791467133355348684e-01, 1.084494010238413048e-01, 3.905028675223052859e-01, 2.219010181183186103e-01
2.791694408772468217e-01, 1.084356517275251036e-01, 3.904758530253132909e-01, 2.219190543699148255e-01
2.791921659518811216e-01, 1.084219135933099654e-01, 3.904488053007086901e-01, 2.219371151541002229e-01
2.792148885346937837e-01, 1.084081866235021563e-01, 3.904217243612616017e-01, 2.219552004805424306e-01
2.792376086009319969e-01, 1.083944708204039320e-01, 3.903946102197615176e-01, 2.219733103589025536e-01
2.792603261258335690e-01, 1.083807661863135791e-01, 3.903674628890173026e-01, 2.219914447988356465e-01
2.792830410846271483e-01, 1.083670727235254705e-01, 3.903402823818569733e-01, 2.220096038099903801e-01
2.793057534525323904e-01, 1.083533904343299964e-01, 3.903130687111281971e-01, 2.220277874020092912e-01
2.793284632047596250e-01, 1.083397193210137444e-01, 3.902858218896979592e-01, 2.220459955845287825e-01
2.793511703165100224e-01, 1.083260593858591386e-01, 3.902585419304523406e-01, 2.220642283671785122e-01
2.793738747629756491e-01, 1.083124106311448009e-01, 3.902312288462972956e-01, 2.220824857595823099e-01
2.793965765193396344e-01, 1.082987730591453979e-01, 3.902038826501578184e-01, 2.221007677713571216e-01
2.794192755607756151e-01, 1.082851466721316686e-01, 3.901765033549784989e-01, 2.221190744121141480e-01
2.794419718624485682e-01, 1.082715314723703831e-01, 3.901490909737233559e-01, 2.221374056914577622e-01
2.794646653995139784e-01, 1.082579274621243565e-01, 3.901216455193757260e-01, 2.221557616189859252e-01
2.794873561471185042e-01, 1.082443346436525178e-01, 3.900941670049384857e-01, 2.221741422042904646e-01
2.795100440803997000e-01, 1.082307530192098133e-01, 3.900666554434340516e-01, 2.221925474569564629e-01
2.795327291744860165e-01, 1.082171825910472757e-01, 3.900391108479042690e-01, 2.222109773865624804e-01
2.795554114044966343e-01, 1.082036233614121074e-01, 3.900115332314103012e-01, 2.222294320026808601e-01
2.795780907455421294e-01, 1.081900753325473752e-01, 3.899839226070331288e-01, 2.222479113148772556e-01
2.796007671727238075e-01, 1.081765385066924406e-01, 3.899562789878729951e-01, 2.222664153327108261e-01
2.796234406611339263e-01, 1.081630128860825296e-01, 3.899286023870496276e-01, 2.222849440657339304e-01
2.796461111858558057e-01, 1.081494984729490655e-01, 3.899008928177024602e-01, 2.223034975234925992e-01
2.796687787219637178e-01, 1.081359952695195997e-01, 3.898731502929905224e-01, 2.223220757155261740e-01
2.796914432445229970e-01, 1.081225032780175899e-01, 3.898453748260921614e-01, 2.223406786513673072e-01
2.797141047285899851e-01, 1.081090225006627187e-01, 3.898175664302053200e-01, 2.223593063405420178e-01
2.797367631492120310e-01, 1.080955529396707138e-01, 3.897897251185476475e-01, 2.223779587925696910e-01
2.797594184814276574e-01, 1.080820945972532504e-01, 3.897618509043562773e-01, 2.223966360169627454e-01
2.797820707002662832e-01, 1.080686474756183263e-01, 3.897339438008880497e-01, 2.224153380232272437e-01
2.798047197807484454e-01, 1.080552115769698590e-01, 3.897060038214192890e-01, 2.224340648208623650e-01
2.798273656978857993e-01, 1.080417869035078665e-01, 3.896780309792460262e-01, 2.224528164193603774e-01
2.798500084266810628e-01, 1.080283734574285087e-01, 3.896500252876837211e-01, 2.224715928282068045e-01
2.798726479421279612e-01, 1.080149712409239626e-01, 3.896219867600676512e-01, 2.224903940568803695e-01
2.798952842192115043e-01, 1.080015802561825194e-01, 3.895939154097528001e-01, 2.225092201148531346e-01
2.799179172329078202e-01, 1.079882005053885846e-01, 3.895658112501136361e-01, 2.225280710115899729e-01
2.799405469581839334e-01, 1.079748319907226639e-01, 3.895376742945443338e-01, 2.225469467565490134e-01
2.799631733699984304e-01, 1.079614747143612941e-01, 3.895095045564588854e-01, 2.225658473591814457e-01
2.799857964433004609e-01, 1.079481286784771538e-01, 3.894813020492907674e-01, 2.225847728289316874e-01
2.800084161530309035e-01, 1.079347938852390082e-01, 3.894530667864932738e-01, 2.226037231752368284e-01
2.800310324741215884e-01, 1.079214703368116535e-01, 3.894247987815392942e-01, 2.226226984075274362e-01
2.800536453814955196e-01, 1.079081580353560971e-01, 3.893964980479217020e-01, 2.226416985352267508e-01
2.800762548500668192e-01, 1.078948569830293774e-01, 3.893681645991527995e-01, 2.226607235677509899e-01
2.800988608547411163e-01, 1.078815671819846056e-01, 3.893397984487647623e-01, 2.226797735145094881e-01
2.801214633704149359e-01, 1.078682886343710762e-01, 3.893113996103096386e-01, 2.226988483849044187e-01
2.801440623719761991e-01, 1.078550213423341286e-01, 3.892829680973587947e-01, 2.227179481883309053e-01
2.801666578343040559e-01, 1.078417653080152028e-01, 3.892545039235039694e-01, 2.227370729341767719e-01
2.801892497322689413e-01, 1.078285205335518526e-01, 3.892260071023562196e-01, 2.227562226318229588e-01
2.802118380407326304e-01, 1.078152870210777325e-01, 3.891974776475466968e-01, 2.227753972906430791e-01
2.802344227345478500e-01, 1.078020647727226528e-01, 3.891689155727260374e-01, 2.227945969200035015e-01
2.802570037885590004e-01, 1.077888537906124128e-01, 3.891403208915650280e-01, 2.228138215292635727e-01
2.802795811776017110e-01, 1.077756540768690513e-01, 3.891116936177541064e-01, 2.228330711277752563e-01
2.803021548765026183e-01, 1.077624656336106934e-01, 3.890830337650034165e-01, 2.228523457248832995e-01
2.803247248600800878e-01, 1.077492884629514258e-01, 3.890543413470431422e-01, 2.228716453299252331e-01
2.803472911031437143e-01, 1.077361225670016853e-01, 3.890256163776233400e-01, 2.228909699522311771e-01
2.803698535804942660e-01, 1.077229679478678703e-01, 3.889968588705138841e-01, 2.229103196011240628e-01
2.803924122669239627e-01, 1.077098246076524796e-01, 3.889680688395043551e-01, 2.229296942859192443e-01
2.804149671372165309e-01, 1.076966925484542370e-01, 3.889392462984043175e-01, 2.229490940159249146e-01
2.804375181661470373e-01, 1.076835717723678976e-01, 3.889103912610433755e-01, 2.229685188004416896e-01
2.804600653284817224e-01, 1.076704622814843443e-01, 3.888815037412708953e-01, 2.229879686487629964e-01
2.804826085989785556e-01, 1.076573640778906299e-01, 3.888525837529562268e-01, 2.230074435701746294e-01
2.805051479523866798e-01, 1.076442771636698659e-01, 3.888236313099884267e-01, 2.230269435739549722e-01
2.805276833634468558e-01, 1.076312015409013473e-01, 3.887946464262768687e-01, 2.230464686693749143e-01
2.805502148068912405e-01, 1.076181372116603585e-01, 3.887656291157504662e-01, 2.230660188656979348e-01
2.805727422574433305e-01, 1.076050841780185341e-01, 3.887365793923583945e-01, 2.230855941721797131e-01
2.805952656898181852e-01, 1.075920424420434701e-01, 3.887074972700697018e-01, 2.231051945980687123e-01
2.806177850787224259e-01, 1.075790120057988769e-01, 3.886783827628732535e-01, 2.231248201526054575e-01
2.806403003988539036e-01, 1.075659928713446900e-01, 3.886492358847781770e-01, 2.231444708450232017e-01
2.806628116249024196e-01, 1.075529850407369453e-01, 3.886200566498133613e-01, 2.231641466845473709e-01
2.806853187315487275e-01, 1.075399885160277375e-01, 3.885908450720278462e-01, 2.231838476803956750e-01
2.807078216934656978e-01, 1.075270032992653862e-01, 3.885616011654904334e-01, 2.232035738417784687e-01
2.807303204853172640e-01, 1.075140293924942564e-01, 3.885323249442904636e-01, 2.232233251778980299e-01
2.807528150817592549e-01, 1.075010667977549655e-01, 3.885030164225367066e-01, 2.232431016979490590e-01
2.807753054574387286e-01, 1.074881155170841901e-01, 3.884736756143583047e-01, 2.232629034111187072e-01
2.807977915869948049e-01, 1.074751755525146651e-01, 3.884443025339045508e-01, 2.232827303265860486e-01
2.808202734450576665e-01, 1.074622469060753788e-01, 3.884148971953444440e-01, 2.233025824535225246e-01
2.808427510062493915e-01, 1.074493295797915166e-01, 3.883854596128675229e-01, 2.233224598010916384e-01
2.808652242451836201e-01, 1.074364235756841840e-01, 3.883559898006828104e-01, 2.233423623784493439e-01
2.808876931364657770e-01, 1.074235288957708506e-01, 3.883264877730200348e-01, 2.233622901947433514e-01
2.809101576546925161e-01, 1.074106455420649198e-01, 3.882969535441287978e-01, 2.233822432591137941e-01
2.809326177744526642e-01, 1.073977735165762143e-01, 3.882673871282784628e-01, 2.234022215806925893e-01
2.809550734703264441e-01, 1.073849128213103798e-01, 3.882377885397590989e-01, 2.234222251686041327e-01
2.809775247168855294e-01, 1.073720634582694677e-01, 3.882081577928805372e-01, 2.234422540319644657e-01
2.809999714886936562e-01, 1.073592254294515047e-01, 3.881784949019728148e-01, 2.234623081798819411e-01
2.810224137603063443e-01, 1.073463987368508121e-01, 3.881487998813862306e-01, 2.234823876214566407e-01
2.810448515062703434e-01, 1.073335833824577146e-01, 3.881190727454910672e-01, 2.235024923657808471e-01
2.810672847011245201e-01, 1.073207793682587757e-01, 3.880893135086778689e-01, 2.235226224219387936e-01
2.810897133193994701e-01, 1.073079866962366735e-01, 3.880595221853575527e-01, 2.235427777990063314e-01
2.811121373356174069e-01, 1.072952053683702833e-01, 3.880296987899609085e-01, 2.235629585060515401e-01
2.811345567242922727e-01, 1.072824353866345809e-01, 3.879998433369389321e-01, 2.235831645521343114e-01
2.811569714599299608e-01, 1.072696767530007256e-01, 3.879699558407631033e-01, 2.236033959463062382e-01
2.811793815170279820e-01, 1.072569294694360326e-01, 3.879400363159251075e-01, 2.236236526976109473e-01
2.812017868700759093e-01, 1.072441935379039590e-01, 3.879100847769363369e-01, 2.236439348150838502e-01
2.812241874935548780e-01, 1.072314689603641735e-01, 3.878801012383290558e-01, 2.236642423077519759e-01
2.812465833619379740e-01, 1.072187557387723339e-01, 3.878500857146555125e-01, 2.236845751846341934e-01
2.812689744496901789e-01, 1.072060538750804898e-01, 3.878200382204881613e-01, 2.237049334547411006e-01
2.812913607312681474e-01, 1.071933633712367356e-01, 3.877899587704199957e-01, 2.237253171270751351e-01
2.813137421811205408e-01, 1.071806842291852940e-01, 3.877598473790637712e-01, 2.237457262106303246e-01
2.813361187736880265e-01, 1.071680164508666266e-01, 3.877297040610530043e-01, 2.237661607143922315e-01
2.813584904834028899e-01, 1.071553600382173371e-01, 3.876995288310414733e-01, 2.237866206473383135e-01
2.813808572846894784e-01, 1.071427149931701572e-01, 3.876693217037027739e-01, 2.238071060184374794e-01
2.814032191519641457e-01, 1.071300813176540162e-01, 3.876390826937314849e-01, 2.238276168366503949e-01
2.814255760596351408e-01, 1.071174590135940408e-01, 3.876088118158420026e-01, 2.238481531109288991e-01
2.814479279821023860e-01, 1.071048480829114302e-01, 3.875785090847692627e-01, 2.238687148502168101e-01
2.814702748937582544e-01, 1.070922485275236785e-01, 3.875481745152685731e-01, 2.238893020634493691e-01
2.814926167689867365e-01, 1.070796603493443522e-01, 3.875178081221157256e-01, 2.239099147595532968e-01
2.815149535821639959e-01, 1.070670835502832291e-01, 3.874874099201062738e-01, 2.239305529474464873e-01
2.815372853076579251e-01, 1.070545181322462985e-01, 3.874569799240568657e-01, 2.239512166360388967e-01
2.815596119198288672e-01, 1.070419640971356362e-01, 3.874265181488041887e-01, 2.239719058342312663e-01
2.815819333930288382e-01, 1.070294214468495431e-01, 3.873960246092052473e-01, 2.239926205509163160e-01
2.816042497016020829e-01, 1.070168901832825592e-01, 3.873654993201376961e-01, 2.240133607949776340e-01
2.816265608198849635e-01, 1.070043703083252556e-01, 3.873349422964992850e-01, 2.240341265752905375e-01
2.816488667222055153e-01, 1.069918618238645119e-01, 3.873043535532084691e-01, 2.240549179007214620e-01
2.816711673828843909e-01, 1.069793647317833218e-01, 3.872737331052039655e-01, 2.240757347801282939e-01
2.816934627762340826e-01, 1.069668790339609044e-01, 3.872430809674450303e-01, 2.240965772223600661e-01
2.817157528765590890e-01, 1.069544047322725511e-01, 3.872123971549110699e-01, 2.241174452362571512e-01
2.817380376581563040e-01, 1.069419418285899731e-01, 3.871816816826024743e-01, 2.241383388306513180e-01
2.817603170953144054e-01, 1.069294903247807599e-01, 3.871509345655395617e-01, 2.241592580143650926e-01
2.817825911623146884e-01, 1.069170502227089065e-01, 3.871201558187635228e-01, 2.241802027962127297e-01
2.818048598334302879e-01, 1.069046215242345360e-01, 3.870893454573358095e-01, 2.242011731849993250e-01
2.818271230829265672e-01, 1.068922042312139414e-01, 3.870585034963384130e-01, 2.242221691895211477e-01
2.818493808850611182e-01, 1.068797983454996131e-01, 3.870276299508737528e-01, 2.242431908185655021e-01
2.818716332140837610e-01, 1.068674038689401973e-01, 3.869967248360648426e-01, 2.242642380809112268e-01
2.818938800442364334e-01, 1.068550208033805793e-01, 3.869657881670552357e-01, 2.242853109853276961e-01
2.819161213497536345e-01, 1.068426491506618142e-01, 3.869348199590090243e-01, 2.243064095405755132e-01
2.819383571048617032e-01, 1.068302889126211686e-01, 3.869038202271107840e-01, 2.243275337554064275e-01
2.819605872837793181e-01, 1.068179400910921339e-01, 3.868727889865654634e-01, 2.243486836385630567e-01
2.819828118607178302e-01, 1.068056026879042886e-01, 3.868417262525988831e-01, 2.243698591987789981e-01
2.820050308098804304e-01, 1.067932767048834358e-01, 3.868106320404571807e-01, 2.243910604447788282e-01
2.820272441054627599e-01, 1.067809621438517292e-01, 3.867795063654073662e-01, 2.244122873852781030e-01
2.820494517216529662e-01, 1.067686590066272978e-01, 3.867483492427365999e-01, 2.244335400289830806e-01
2.820716536326311474e-01, 1.067563672950245790e-01, 3.867171606877529144e-01, 2.244548183845912481e-01
2.820938498125701854e-01, 1.067440870108542494e-01, 3.866859407157848816e-01, 2.244761224607905448e-01
2.821160402356350794e-01, 1.067318181559231277e-01, 3.866546893421818343e-01, 2.244974522662599448e-01
2.821382248759832234e-01, 1.067195607320342021e-01, 3.866234065823132560e-01, 2.245188078096692907e-01
2.821604037077643512e-01, 1.067073147409867695e-01, 3.865920924515697799e-01, 2.245401890996790439e-01
2.821825767051208689e-01, 1.066950801845762548e-01, 3.865607469653623562e-01, 2.245615961449405062e-01
2.822047438421873555e-01, 1.066828570645942664e-01, 3.865293701391226966e-01, 2.245830289540957370e-01
2.822269050930907852e-01, 1.066706453828286938e-01, 3.864979619883031625e-01, 2.246044875357774417e-01
2.822490604319508600e-01, 1.066584451410635681e-01, 3.864665225283766548e-01, 2.246259718986089449e-01
2.822712098328795105e-01, 1.066462563410791875e-01, 3.864350517748368907e-01, 2.246474820512044390e-01
2.822933532699812287e-01, 1.066340789846519643e-01, 3.864035497431982380e-01, 2.246690180021685412e-01
2.823154907173530681e-01, 1.066219130735546611e-01, 3.863720164489957143e-01, 2.246905797600965704e-01
2.823376221490844218e-01, 1.066097586095561267e-01, 3.863404519077849875e-01, 2.247121673335745473e-01
2.823597475392573553e-01, 1.065976155944215048e-01, 3.863088561351424310e-01, 2.247337807311788060e-01
2.823818668619464400e-01, 1.065854840299120532e-01, 3.862772291466650687e-01, 2.247554199614763548e-01
2.824039800912188092e-01, 1.065733639177853659e-01, 3.862455709579710739e-01, 2.247770850330247649e-01
2.824260872011341017e-01, 1.065612552597951512e-01, 3.862138815846987705e-01, 2.247987759543719211e-01
2.824481881657446292e-01, 1.065491580576914260e-01, 3.861821610425075213e-01, 2.248204927340563819e-01
2.824702829590952091e-01, 1.065370723132203767e-01, 3.861504093470773391e-01, 2.248422353806070750e-01
2.824923715552233316e-01, 1.065249980281243597e-01, 3.861186265141090534e-01, 2.248640039025432968e-01
2.825144539281591594e-01, 1.065129352041419980e-01, 3.860868125593241995e-01, 2.248857983083746848e-01
2.825365300519254164e-01, 1.065008838430081123e-01, 3.860549674984651292e-01, 2.249076186066013006e-01
2.825585999005374438e-01, 1.064888439464538594e-01, 3.860230913472948999e-01, 2.249294648057137136e-01
2.825806634480034218e-01, 1.064768155162064273e-01, 3.859911841215974970e-01, 2.249513369141926122e-01
2.826027206683241477e-01, 1.064647985539893954e-01, 3.859592458371774448e-01, 2.249732349405089149e-01
2.826247715354930912e-01, 1.064527930615224299e-01, 3.859272765098604729e-01, 2.249951588931240198e-01
2.826468160234962834e-01, 1.064407990405215332e-01, 3.858952761554926836e-01, 2.250171087804894721e-01
2.826688541063128168e-01, 1.064288164926988495e-01, 3.858632447899412732e-01, 2.250390846110469634e-01
2.826908857579143453e-01, 1.064168454197628177e-01, 3.858311824290941994e-01, 2.250610863932285821e-01
2.827129109522654171e-01, 1.064048858234181022e-01, 3.857990890888602364e-01, 2.250831141354563414e-01
2.827349296633230868e-01, 1.063929377053655090e-01, 3.857669647851689199e-01, 2.251051678461425398e-01
2.827569418650374700e-01, 1.063810010673021250e-01, 3.857348095339707683e-01, 2.251272475336896506e-01
2.827789475313512990e-01, 1.063690759109213457e-01, 3.857026233512372837e-01, 2.251493532064900438e-01
2.828009466362004232e-01, 1.063571622379126946e-01, 3.856704062529605070e-01, 2.251714848729264862e-01
2.828229391535130866e-01, 1.063452600499619483e-01, 3.856381582551534626e-01, 2.251936425413714471e-01
2.828449250572109275e-01, 1.063333693487511916e-01, 3.856058793738502688e-01, 2.252158262201876537e-01
2.828669043212079237e-01, 1.063214901359586101e-01, 3.855735696251057498e-01, 2.252380359177277025e-01
2.828888769194112807e-01, 1.063096224132587253e-01, 3.855412290249957685e-01, 2.252602716423342533e-01
2.829108428257211538e-01, 1.062977661823222703e-01, 3.855088575896166714e-01, 2.252825334023398907e-01
2.829328020140302602e-01, 1.062859214448162448e-01, 3.854764553350863987e-01, 2.253048212060670963e-01
2.829547544582245444e-01, 1.062740882024038325e-01, 3.854440222775433189e-01, 2.253271350618282209e-01
2.829767001321830677e-01, 1.062622664567444836e-01, 3.854115584331468947e-01, 2.253494749779256234e-01
2.829986390097772309e-01, 1.062504562094938459e-01, 3.853790638180775163e-01, 2.253718409626513930e-01
2.830205710648720507e-01, 1.062386574623039315e-01, 3.853465384485365020e-01, 2.253942330242876269e-01
2.830424962713252723e-01, 1.062268702168228107e-01, 3.853139823407461528e-01, 2.254166511711058474e-01
2.830644146029874242e-01, 1.062150944746950154e-01, 3.852813955109497535e-01, 2.254390954113677514e-01
2.830863260337027065e-01, 1.062033302375611499e-01, 3.852487779754115160e-01, 2.254615657533247108e-01
2.831082305373078256e-01, 1.061915775070580575e-01, 3.852161297504166360e-01, 2.254840622052175503e-01
2.831301280876326043e-01, 1.061798362848189875e-01, 3.851834508522713474e-01, 2.255065847752771024e-01
2.831520186585001486e-01, 1.061681065724732892e-01, 3.851507412973027566e-01, 2.255291334717238194e-01
2.831739022237264036e-01, 1.061563883716466344e-01, 3.851180011018593419e-01, 2.255517083027677727e-01
2.831957787571206531e-01, 1.061446816839608093e-01, 3.850852302823099538e-01, 2.255743092766085423e-01
2.832176482324852418e-01, 1.061329865110341025e-01, 3.850524288550450924e-01, 2.255969364014355216e-01
2.832395106236155202e-01, 1.061213028544808618e-01, 3.850195968364758525e-01, 2.256195896854277239e-01
2.832613659043002885e-01, 1.061096307159117430e-01, 3.849867342430345896e-01, 2.256422691367533651e-01
2.832832140483211858e-01, 1.060979700969335721e-01, 3.849538410911746422e-01, 2.256649747635705305e-01
2.833050550294531900e-01, 1.060863209991495804e-01, 3.849209173973703879e-01, 2.256877065740267863e-01
2.833268888214645620e-01, 1.060746834241591413e-01, 3.848879631781172983e-01, 2.257104645762590123e-01
2.833487153981167350e-01, 1.060630573735579230e-01, 3.848549784499318838e-01, 2.257332487783935415e-01
2.833705347331641478e-01, 1.060514428489378186e-01, 3.848219632293515824e-01, 2.257560591885464374e-01
2.833923468003549107e-01, 1.060398398518870439e-01, 3.847889175329352041e-01, 2.257788958148227720e-01
2.834141515734300287e-01, 1.060282483839900258e-01, 3.847558413772625419e-01, 2.258017586653173758e-01
2.834359490261241787e-01, 1.060166684468274167e-01, 3.847227347789344276e-01, 2.258246477481140879e-01
2.834577391321648210e-01, 1.060051000419761774e-01, 3.846895977545725653e-01, 2.258475630712863114e-01
2.834795218652732540e-01, 1.059935431710096188e-01, 3.846564303208203639e-01, 2.258705046428967911e-01
2.835012971991638930e-01, 1.059819978354970688e-01, 3.846232324943417158e-01, 2.258934724709973363e-01
2.835230651075442143e-01, 1.059704640370043305e-01, 3.845900042918221073e-01, 2.259164665636292368e-01
2.835448255641158655e-01, 1.059589417770933906e-01, 3.845567457299678971e-01, 2.259394869288229024e-01
2.835665785425728891e-01, 1.059474310573225303e-01, 3.845234568255065932e-01, 2.259625335745979735e-01
2.835883240166034436e-01, 1.059359318792462978e-01, 3.844901375951870759e-01, 2.259856065089631549e-01
2.836100619598888595e-01, 1.059244442444154111e-01, 3.844567880557790418e-01, 2.260087057399166599e-01
2.836317923461038615e-01, 1.059129681543770074e-01, 3.844234082240737815e-01, 2.260318312754454328e-01
2.836535151489166240e-01, 1.059015036106743662e-01, 3.843899981168831803e-01, 2.260549831235257323e-01
2.836752303419890486e-01, 1.058900506148470894e-01, 3.843565577510407727e-01, 2.260781612921230477e-01
2.836969378989761537e-01, 1.058786091684311148e-01, 3.843230871434012430e-01, 2.261013657891915163e-01
2.837186377935267401e-01, 1.058671792729584810e-01, 3.842895863108400922e-01, 2.261245966226747561e-01
2.837403299992830030e-01, 1.058557609299576457e-01, 3.842560552702544152e-01, 2.261478538005050609e-01
2.837620144898805319e-01, 1.058443541409532784e-01, 3.842224940385623455e-01, 2.261711373306037609e-01
2.837836912389488098e-01, 1.058329589074663568e-01, 3.841889026327033330e-01, 2.261944472208815282e-01
2.838053602201106584e-01, 1.058215752310140700e-01, 3.841552810696379772e-01, 2.262177834792374054e-01
2.838270214069824604e-01, 1.058102031131099574e-01, 3.841216293663478609e-01, 2.262411461135596935e-01
2.838486747731744364e-01, 1.057988425552637696e-01, 3.840879475398362164e-01, 2.262645351317255638e-01
2.838703202922903124e-01, 1.057874935589815518e-01, 3.840542356071273145e-01, 2.262879505416008907e-01
2.838919579379270974e-01, 1.057761561257656718e-01, 3.840204935852666313e-01, 2.263113923510405301e-01
2.839135876836761940e-01, 1.057648302571147086e-01, 3.839867214913210147e-01, 2.263348605678881242e-01
2.839352095031220102e-01, 1.057535159545235498e-01, 3.839529193423784625e-01, 2.263583551999760468e-01
2.839568233698429589e-01, 1.057422132194834191e-01, 3.839190871555483997e-01, 2.263818762551253472e-01
2.839784292574110136e-01, 1.057309220534816685e-01, 3.838852249479612344e-01, 2.264054237411461112e-01
2.840000271393920972e-01, 1.057196424580021249e-01, 3.838513327367689132e-01, 2.264289976658368508e-01
2.840216169893457487e-01, 1.057083744345247711e-01, 3.838174105391447544e-01, 2.264525980369848646e-01
2.840431987808251235e-01, 1.056971179845258152e-01, 3.837834583722830040e-01, 2.264762248623661267e-01
2.840647724873774371e-01, 1.056858731094779541e-01, 3.837494762533994463e-01, 2.264998781497452318e-01
2.840863380825433548e-01, 1.056746398108499713e-01, 3.837154641997312376e-01, 2.265235579068753669e-01
2.841078955398577688e-01, 1.056634180901070696e-01, 3.836814222285365727e-01, 2.265472641414984223e-01
2.841294448328491318e-01, 1.056522079487107191e-01, 3.836473503570954624e-01, 2.265709968613446035e-01
2.841509859350398459e-01, 1.056410093881185175e-01, 3.836132486027086785e-01, 2.265947560741328748e-01
2.841725188199459295e-01, 1.056298224097846489e-01, 3.835791169826986979e-01, 2.266185417875706543e-01
2.841940434610777388e-01, 1.056186470151592449e-01, 3.835449555144093137e-01, 2.266423540093537858e-01
2.842155598319390797e-01, 1.056074832056889956e-01, 3.835107642152053020e-01, 2.266661927471666504e-01
2.842370679060279848e-01, 1.055963309828167745e-01, 3.834765431024733662e-01, 2.266900580086819716e-01
2.842585676568362141e-01, 1.055851903479817083e-01, 3.834422921936210815e-01, 2.267139498015610100e-01
2.842800590578498099e-01, 1.055740613026192876e-01, 3.834080115060776173e-01, 2.267378681334532853e-01
2.843015420825482642e-01, 1.055629438481613114e-01, 3.833737010572935144e-01, 2.267618130119968267e-01
2.843230167044057399e-01, 1.055518379860357486e-01, 3.833393608647407413e-01, 2.267857844448178117e-01
2.843444828968896276e-01, 1.055407437176670432e-01, 3.833049909459125271e-01, 2.268097824395308160e-01
2.843659406334619333e-01, 1.055296610444757394e-01, 3.832705913183234725e-01, 2.268338070037388132e-01
2.843873898875785011e-01, 1.055185899678788425e-01, 3.832361619995097723e-01, 2.268578581450327869e-01
2.844088306326893467e-01, 1.055075304892895832e-01, 3.832017030070288821e-01, 2.268819358709922573e-01
2.844302628422382129e-01, 1.054964826101174868e-01, 3.831672143584595736e-01, 2.269060401891846990e-01
2.844516864896634578e-01, 1.054854463317683316e-01, 3.831326960714022678e-01, 2.269301711071658179e-01
2.844731015483972780e-01, 1.054744216556443709e-01, 3.830981481634788133e-01, 2.269543286324797182e-01
2.844945079918657083e-01, 1.054634085831439166e-01, 3.830635706523320971e-01, 2.269785127726582086e-01
2.845159057934896762e-01, 1.054524071156617560e-01, 3.830289635556270444e-01, 2.270027235352216344e-01
2.845372949266835594e-01, 1.054414172545889566e-01, 3.829943268910494525e-01, 2.270269609276781564e-01
2.845586753648563505e-01, 1.054304390013127563e-01, 3.829596606763068789e-01, 2.270512249575240005e-01
2.845800470814111027e-01, 1.054194723572168674e-01, 3.829249649291283641e-01, 2.270755156322435964e-01
2.846014100497451516e-01, 1.054085173236812278e-01, 3.828902396672643205e-01, 2.270998329593093557e-01
2.846227642432499483e-01, 1.053975739020820979e-01, 3.828554849084865319e-01, 2.271241769461813942e-01
2.846441096353113931e-01, 1.053866420937920462e-01, 3.828207006705884874e-01, 2.271485476003082260e-01
2.846654461993093355e-01, 1.053757219001798806e-01, 3.827858869713848811e-01, 2.271729449291257641e-01
2.846867739086185178e-01, 1.053648133226108147e-01, 3.827510438287122230e-01, 2.271973689400584862e-01
2.847080927366074654e-01, 1.053539163624463287e-01, 3.827161712604282284e-01, 2.272218196405181023e-01
2.847294026566391523e-01, 1.053430310210441284e-01, 3.826812692844120956e-01, 2.272462970379045544e-01
2.847507036420711124e-01, 1.053321572997584082e-01, 3.826463379185648939e-01, 2.272708011396055716e-01
2.847719956662549401e-01, 1.053212951999395464e-01, 3.826113771808088426e-01, 2.272953319529966154e-01
2.847932787025370116e-01, 1.053104447229342711e-01, 3.825763870890876439e-01, 2.273198894854409902e-01
2.848145527242577080e-01, 1.052996058700855775e-01, 3.825413676613669822e-01, 2.273444737442897046e-01
2.848358177047522477e-01, 1.052887786427328665e-01, 3.825063189156334698e-01, 2.273690847368814438e-01
2.848570736173498541e-01, 1.052779630422117363e-01, 3.824712408698957011e-01, 2.273937224705427640e-01
2.848783204353745324e-01, 1.052671590698541493e-01, 3.824361335421835872e-01, 2.274183869525877866e-01
2.848995581321447368e-01, 1.052563667269884456e-01, 3.824009969505485773e-01, 2.274430781903182541e-01
2.849207866809733702e-01, 1.052455860149392047e-01, 3.823658311130638254e-01, 2.274677961910236135e-01
2.849420060551678402e-01, 1.052348169350273421e-01, 3.823306360478239130e-01, 2.274925409619809324e-01
2.849632162280301140e-01, 1.052240594885700542e-01, 3.822954117729450152e-01, 2.275173125104547334e-01
2.849844171728567743e-01, 1.052133136768809707e-01, 3.822601583065649566e-01, 2.275421108436973539e-01
2.850056088629389084e-01, 1.052025795012698772e-01, 3.822248756668429337e-01, 2.275669359689482529e-01
2.850267912715623297e-01, 1.051918569630430761e-01, 3.821895638719600141e-01, 2.275917878934347049e-01
2.850479643720072453e-01, 1.051811460635029422e-01, 3.821542229401184709e-01, 2.276166666243713832e-01
2.850691281375488106e-01, 1.051704468039484086e-01, 3.821188528895423375e-01, 2.276415721689603877e-01
2.850902825414565189e-01, 1.051597591856745922e-01, 3.820834537384775742e-01, 2.276665045343913008e-01
2.851114275569947565e-01, 1.051490832099729461e-01, 3.820480255051912910e-01, 2.276914637278409648e-01
2.851325631574225805e-01, 1.051384188781313428e-01, 3.820125682079723028e-01, 2.277164497564738432e-01
2.851536893159936636e-01, 1.051277661914338524e-01, 3.819770818651311295e-01, 2.277414626274413545e-01
2.851748060059564049e-01, 1.051171251511609228e-01, 3.819415664949999401e-01, 2.277665023478827877e-01
2.851959132005542630e-01, 1.051064957585892967e-01, 3.819060221159322199e-01, 2.277915689249241926e-01
2.852170108730250342e-01, 1.050958780149920807e-01, 3.818704487463036035e-01, 2.278166623656792678e-01
2.852380989966015745e-01, 1.050852719216388148e-01, 3.818348464045109303e-01, 2.278417826772487775e-01
2.852591775445114108e-01, 1.050746774797951116e-01, 3.817992151089728003e-01, 2.278669298667206911e-01
2.852802464899771295e-01, 1.050640946907230727e-01, 3.817635548781294075e-01, 2.278921039411704041e-01
2.853013058062159879e-01, 1.050535235556811914e-01, 3.817278657304428169e-01, 2.279173049076600732e-01
2.853223554664400807e-01, 1.050429640759241307e-01, 3.816921476843965211e-01, 2.279425327732393647e-01
2.853433954438563958e-01, 1.050324162527029731e-01, 3.816564007584955509e-01, 2.279677875449450941e-01
2.853644257116670913e-01, 1.050218800872651514e-01, 3.816206249712669751e-01, 2.279930692298007822e-01
2.853854462430689964e-01, 1.050113555808543098e-01, 3.815848203412594009e-01, 2.280183778348173762e-01
2.854064570112538335e-01, 1.050008427347106088e-01, 3.815489868870428070e-01, 2.280437133669926952e-01
2.854274579894085506e-01, 1.049903415500704207e-01, 3.815131246272092658e-01, 2.280690758333117629e-01
2.854484491507149335e-01, 1.049798520281664538e-01, 3.814772335803722214e-01, 2.280944652407463080e-01
2.854694304683498829e-01, 1.049693741702277666e-01, 3.814413137651670449e-01, 2.281198815962552917e-01
2.854904019154850814e-01, 1.049589079774797817e-01, 3.814053652002505901e-01, 2.281453249067844913e-01
2.855113634652875487e-01, 1.049484534511442718e-01, 3.813693879043015822e-01, 2.281707951792665834e-01
2.855323150909191421e-01, 1.049380105924392487e-01, 3.813333818960203958e-01, 2.281962924206212828e-01
2.855532567655370557e-01, 1.049275794025791297e-01, 3.812973471941290549e-01, 2.282218166377548985e-01
2.855741884622932658e-01, 1.049171598827746965e-01, 3.812612838173711771e-01, 2.282473678375608606e-01
2.855951101543352522e-01, 1.049067520342329557e-01, 3.812251917845124738e-01, 2.282729460269192767e-01
2.856160218148055541e-01, 1.048963558581574307e-01, 3.811890711143399169e-01, 2.282985512126971539e-01
2.856369234168414928e-01, 1.048859713557478424e-01, 3.811529218256626272e-01, 2.283241834017480376e-01
2.856578149335760597e-01, 1.048755985282003172e-01, 3.811167439373111532e-01, 2.283498426009123172e-01
2.856786963381373057e-01, 1.048652373767072765e-01, 3.810805374681380253e-01, 2.283755288170172815e-01
2.856995676036484522e-01, 1.048548879024575053e-01, 3.810443024370172016e-01, 2.284012420568767576e-01
2.857204287032280021e-01, 1.048445501066361946e-01, 3.810080388628447889e-01, 2.284269823272910560e-01
2.857412796099897401e-01, 1.048342239904247186e-01, 3.809717467645380440e-01, 2.284527496350474696e-01
2.857621202970426211e-01, 1.048239095550009686e-01, 3.809354261610367054e-01, 2.284785439869197465e-01
2.857829507374911593e-01, 1.048136068015390610e-01, 3.808990770713016616e-01, 2.285043653896680071e-01
2.858037709044349839e-01, 1.048033157312095731e-01, 3.808626995143160054e-01, 2.285302138500393543e-01
2.858245807709693387e-01, 1.047930363451793079e-01, 3.808262935090842571e-01, 2.285560893747670408e-01
2.858453803101845825e-01, 1.047827686446114875e-01, 3.807898590746328638e-01, 2.285819919705710246e-01
2.858661694951663557e-01, 1.047725126306656429e-01, 3.807533962300101438e-01, 2.286079216441578854e-01
2.858869482989961353e-01, 1.047622683044976827e-01, 3.807169049942857875e-01, 2.286338784022202419e-01
2.859077166947506243e-01, 1.047520356672598657e-01, 3.806803853865519116e-01, 2.286598622514376122e-01
2.859284746555019185e-01, 1.047418147201007732e-01, 3.806438374259218937e-01, 2.286858731984754700e-01
2.859492221543176171e-01, 1.047316054641652949e-01, 3.806072611315310383e-01, 2.287119112499860218e-01
2.859699591642607674e-01, 1.047214079005947956e-01, 3.805706565225365767e-01, 2.287379764126077908e-01
2.859906856583902535e-01, 1.047112220305269209e-01, 3.805340236181174451e-01, 2.287640686929654499e-01
2.860114016097599632e-01, 1.047010478550956247e-01, 3.804973624374742847e-01, 2.287901880976700997e-01
2.860321069914198433e-01, 1.046908853754312668e-01, 3.804606729998297188e-01, 2.288163346333190185e-01
2.860528017764151221e-01, 1.046807345926605709e-01, 3.804239553244282424e-01, 2.288425083064959675e-01
2.860734859377869199e-01, 1.046705955079065969e-01, 3.803872094305358331e-01, 2.288687091237706639e-01
2.860941594485716388e-01, 1.046604681222887134e-01, 3.803504353374404512e-01, 2.288949370916992521e-01
2.861148222818012954e-01, 1.046503524369227084e-01, 3.803136330644520391e-01, 2.289211922168238600e-01
2.861354744105040204e-01, 1.046402484529207338e-01, 3.802768026309022442e-01, 2.289474745056728211e-01
2.861561158077034484e-01, 1.046301561713912504e-01, 3.802399440561445854e-01, 2.289737839647607576e-01
2.861767464464186062e-01, 1.046200755934390547e-01, 3.802030573595542307e-01, 2.290001206005881640e-01
2.861973662996644685e-01, 1.046100067201654049e-01, 3.801661425605284972e-01, 2.290264844196417682e-01
2.862179753404519023e-01, 1.045999495526677425e-01, 3.801291996784861849e-01, 2.290528754283942536e-01
2.862385735417873334e-01, 1.045899040920400674e-01, 3.800922287328681870e-01, 2.290792936333043150e-01
2.862591608766731910e-01, 1.045798703393726464e-01, 3.800552297431374349e-01, 2.291057390408167416e-01
2.862797373181075189e-01, 1.045698482957520548e-01, 3.800182027287781761e-01, 2.291322116573622780e-01
2.863003028390842530e-01, 1.045598379622613150e-01, 3.799811477092969181e-01, 2.291587114893574861e-01
2.863208574125932770e-01, 1.045498393399797443e-01, 3.799440647042219288e-01, 2.291852385432049943e-01
2.863414010116201447e-01, 1.045398524299830934e-01, 3.799069537331034030e-01, 2.292117928252933312e-01
2.863619336091465239e-01, 1.045298772333434212e-01, 3.798698148155132404e-01, 2.292383743419968145e-01
2.863824551781500305e-01, 1.045199137511291648e-01, 3.798326479710453230e-01, 2.292649830996755511e-01
2.864029656916039501e-01, 1.045099619844050698e-01, 3.797954532193153487e-01, 2.292916191046755203e-01
2.864234651224778494e-01, 1.045000219342323983e-01, 3.797582305799611091e-01, 2.293182823633286849e-01
2.864439534437370760e-01, 1.044900936016685683e-01, 3.797209800726418227e-01, 2.293449728819523803e-01
2.864644306283429809e-01, 1.044801769877675562e-01, 3.796837017170391904e-01, 2.293716906668501754e-01
2.864848966492530846e-01, 1.044702720935796053e-01, 3.796463955328563955e-01, 2.293984357243109007e-01
2.865053514794209111e-01, 1.044603789201513089e-01, 3.796090615398184376e-01, 2.294252080606093702e-01
2.865257950917959318e-01, 1.044504974685256937e-01, 3.795716997576725205e-01, 2.294520076820058541e-01
2.865462274593239544e-01, 1.044406277397420812e-01, 3.795343102061875529e-01, 2.294788345947464114e-01
2.865666485549466236e-01, 1.044307697348361985e-01, 3.794968929051545370e-01, 2.295056888050626132e-01
2.865870583516019754e-01, 1.044209234548401921e-01, 3.794594478743859023e-01, 2.295325703191719025e-01
2.866074568222239383e-01, 1.044110889007825033e-01, 3.794219751337166713e-01, 2.295594791432768456e-01
2.866278439397429989e-01, 1.044012660736879788e-01, 3.793844747030032938e-01, 2.295864152835657701e-01
2.866482196770854252e-01, 1.043914549745777604e-01, 3.793469466021242020e-01, 2.296133787462125431e-01
2.866685840071740432e-01, 1.043816556044695337e-01, 3.793093908509799772e-01, 2.296403695373764597e-01
2.866889369029278489e-01, 1.043718679643771269e-01, 3.792718074694927943e-01, 2.296673876632022437e-01
2.867092783372618414e-01, 1.043620920553109538e-01, 3.792341964776069774e-01, 2.296944331298202691e-01
2.867296082830877446e-01, 1.043523278782776814e-01, 3.791965578952886107e-01, 2.297215059433459217e-01
2.867499267133132301e-01, 1.043425754342803824e-01, 3.791588917425259830e-01, 2.297486061098803212e-01
2.867702336008426389e-01, 1.043328347243184656e-01, 3.791211980393290881e-01, 2.297757336355098212e-01
2.867905289185764262e-01, 1.043231057493877734e-01, 3.790834768057297910e-01, 2.298028885263060650e-01
2.868108126394113833e-01, 1.043133885104804842e-01, 3.790457280617820501e-01, 2.298300707883260963e-01
2.868310847362409155e-01, 1.043036830085852379e-01, 3.790079518275618065e-01, 2.298572804276119985e-01
2.868513451819548199e-01, 1.042939892446868300e-01, 3.789701481231667057e-01, 2.298845174501914779e-01
2.868715939494392853e-01, 1.042843072197667392e-01, 3.789323169687167647e-01, 2.299117818620772802e-01
2.868918310115768366e-01, 1.042746369348025171e-01, 3.788944583843533165e-01, 2.299390736692673021e-01
2.869120563412467795e-01, 1.042649783907683286e-01, 3.788565723902401761e-01, 2.299663928777448407e-01
2.869322699113246999e-01, 1.042553315886346338e-01, 3.788186590065629189e-01, 2.299937394934777612e-01
2.869524716946828535e-01, 1.042456965293681453e-01, 3.787807182535291028e-01, 2.300211135224198011e-01
2.869726616641900541e-01, 1.042360732139322732e-01, 3.787427501513682127e-01, 2.300485149705094878e-01
2.869928397927115071e-01, 1.042264616432864721e-01, 3.787047547203318265e-01, 2.300759438436703053e-01
2.870130060531093097e-01, 1.042168618183866857e-01, 3.786667319806931165e-01, 2.301034001478108049e-01
2.870331604182421170e-01, 1.042072737401853882e-01, 3.786286819527476810e-01, 2.301308838888247721e-01
2.870533028609650872e-01, 1.041976974096312097e-01, 3.785906046568127126e-01, 2.301583950725908378e-01
2.870734333541301586e-01, 1.041881328276692831e-01, 3.785525001132277745e-01, 2.301859337049726451e-01
2.870935518705859946e-01, 1.041785799952412023e-01, 3.785143683423541350e-01, 2.302134997918186821e-01
2.871136583831778721e-01, 1.041690389132847450e-01, 3.784762093645748227e-01, 2.302410933389625325e-01
2.871337528647480153e-01, 1.041595095827341361e-01, 3.784380232002952926e-01, 2.302687143522224866e-01
2.871538352881352063e-01, 1.041499920045201588e-01, 3.783998098699428159e-01, 2.302963628374019023e-01
2.871739056261750078e-01, 1.041404861795697800e-01, 3.783615693939663682e-01, 2.303240388002888162e-01
2.871939638517000959e-01, 1.041309921088064278e-01, 3.783233017928372410e-01, 2.303517422466561659e-01
2.872140099375395939e-01, 1.041215097931498940e-01, 3.782850070870487635e-01, 2.303794731822617070e-01
2.872340438565197385e-01, 1.041120392335164041e-01, 3.782466852971160254e-01, 2.304072316128477904e-01
2.872540655814636024e-01, 1.041025804308184921e-01, 3.782083364435761541e-01, 2.304350175441418624e-01
2.872740750851910385e-01, 1.040931333859651808e-01, 3.781699605469882042e-01, 2.304628309818555765e-01
2.872940723405190133e-01, 1.040836980998617461e-01, 3.781315576279334900e-01, 2.304906719316857366e-01
2.873140573202613846e-01, 1.040742745734100083e-01, 3.780931277070150309e-01, 2.305185403993136040e-01
2.873340299972289014e-01, 1.040648628075080268e-01, 3.780546708048580506e-01, 2.305464363904050906e-01
2.873539903442293153e-01, 1.040554628030503775e-01, 3.780161869421094778e-01, 2.305743599106107600e-01
2.873739383340676579e-01, 1.040460745609279591e-01, 3.779776761394386675e-01, 2.306023109655656600e-01
2.873938739395455744e-01, 1.040366980820280757e-01, 3.779391384175367352e-01, 2.306302895608896009e-01
2.874137971334622121e-01, 1.040273333672343953e-01, 3.779005737971165568e-01, 2.306582957021868496e-01
2.874337078886134433e-01, 1.040179804174270611e-01, 3.778619822989136012e-01, 2.306863293950458804e-01
2.874536061777925866e-01, 1.040086392334824555e-01, 3.778233639436848756e-01, 2.307143906450401238e-01
2.874734919737897965e-01, 1.039993098162734914e-01, 3.777847187522094807e-01, 2.307424794577272453e-01
2.874933652493926184e-01, 1.039899921666694455e-01, 3.777460467452886661e-01, 2.307705958386492839e-01
2.875132259773856558e-01, 1.039806862855360003e-01, 3.777073479437454973e-01, 2.307987397933329021e-01
2.875330741305508475e-01, 1.039713921737350916e-01, 3.776686223684251886e-01, 2.308269113272888862e-01
2.875529096816672459e-01, 1.039621098321252685e-01, 3.776298700401950481e-01, 2.308551104460124237e-01
2.875727326035110720e-01, 1.039528392615612779e-01, 3.775910909799442550e-01, 2.308833371549832980e-01
2.875925428688562158e-01, 1.039435804628944943e-01, 3.775522852085840264e-01, 2.309115914596652774e-01
2.876123404504734027e-01, 1.039343334369723787e-01, 3.775134527470476731e-01, 2.309398733655065317e-01
2.876321253211310824e-01, 1.039250981846390753e-01, 3.774745936162903215e-01, 2.309681828779396595e-01
2.876518974535946516e-01, 1.039158747067348981e-01, 3.774357078372893581e-01, 2.309965200023809950e-01
2.876716568206273417e-01, 1.039066630040967609e-01, 3.773967954310442074e-01, 2.310248847442317455e-01
2.876914033949893867e-01, 1.038974630775578167e-01, 3.773578564185760542e-01, 2.310532771088767423e-01
2.877111371494388004e-01, 1.038882749279477491e-01, 3.773188908209283432e-01, 2.310816971016852461e-01
2.877308580567307095e-01, 1.038790985560924945e-01, 3.772798986591663351e-01, 2.311101447280104748e-01
2.877505660896179096e-01, 1.038699339628145341e-01, 3.772408799543776614e-01, 2.311386199931899643e-01
2.877702612208506983e-01, 1.038607811489325738e-01, 3.772018347276715478e-01, 2.311671229025451524e-01
2.877899434231767084e-01, 1.038516401152619478e-01, 3.771627630001797571e-01, 2.311956534613816561e-01
2.878096126693414636e-01, 1.038425108626141596e-01, 3.771236647930554242e-01, 2.312242116749889109e-01
2.878292689320878228e-01, 1.038333933917972990e-01, 3.770845401274744435e-01, 2.312527975486405596e-01
2.878489121841560361e-01, 1.038242877036157363e-01, 3.770453890246341366e-01, 2.312814110875940909e-01
2.878685423982845215e-01, 1.038151937988703311e-01, 3.770062115057541963e-01, 2.313100522970910622e-01
2.878881595472089217e-01, 1.038061116783582094e-01, 3.769670075920761865e-01, 2.313387211823567380e-01
2.879077636036624921e-01, 1.037970413428730837e-01, 3.769277773048638758e-01, 2.313674177486005346e-01
2.879273545403766010e-01, 1.037879827932049609e-01, 3.768885206654029041e-01, 2.313961420010155756e-01
2.879469323300798411e-01, 1.037789360301402258e-01, 3.768492376950011158e-01, 2.314248939447788589e-01
2.879664969454989731e-01, 1.037699010544617523e-01, 3.768099284149881156e-01, 2.314536735850512561e-01
2.879860483593582599e-01, 1.037608778669487225e-01, 3.767705928467157683e-01, 2.314824809269772909e-01
2.880055865443798546e-01, 1.037518664683768077e-01, 3.767312310115579765e-01, 2.315113159756854166e-01
2.880251114732836903e-01, 1.037428668595180847e-01, 3.766918429309104588e-01, 2.315401787362877106e-01
2.880446231187874795e-01, 1.037338790411409528e-01, 3.766524286261914156e-01, 2.315690692138800966e-01
2.880641214536069361e-01, 1.037249030140103279e-01, 3.766129881188405304e-01, 2.315979874135421501e-01
2.880836064504555538e-01, 1.037159387788873788e-01, 3.765735214303200240e-01, 2.316269333403369879e-01
2.881030780820448278e-01, 1.037069863365299022e-01, 3.765340285821137667e-01, 2.316559069993113784e-01
2.881225363210841994e-01, 1.036980456876918644e-01, 3.764945095957279442e-01, 2.316849083954960198e-01
2.881419811402808340e-01, 1.036891168331238039e-01, 3.764549644926907246e-01, 2.317139375339046514e-01
2.881614125123401760e-01, 1.036801997735726094e-01, 3.764153932945520364e-01, 2.317429944195351366e-01
2.881808304099657825e-01, 1.036712945097815891e-01, 3.763757960228842347e-01, 2.317720790573683798e-01
2.882002348058587127e-01, 1.036624010424904707e-01, 3.763361726992814904e-01, 2.318011914523692985e-01
2.882196256727186379e-01, 1.036535193724353321e-01, 3.762965233453603453e-01, 2.318303316094858513e-01
2.882390029832428979e-01, 1.036446495003487261e-01, 3.762568479827586576e-01, 2.318594995336496212e-01
2.882583667101274449e-01, 1.036357914269595976e-01, 3.762171466331371006e-01, 2.318886952297757598e-01
2.882777168260658995e-01, 1.036269451529933244e-01, 3.761774193181779968e-01, 2.319179187027626265e-01
2.882970533037502170e-01, 1.036181106791716350e-01, 3.761376660595859289e-01, 2.319471699574921775e-01
2.883163761158706317e-01, 1.036092880062127186e-01, 3.760978868790871843e-01, 2.319764489988293821e-01
2.883356852351153798e-01, 1.036004771348311843e-01, 3.760580817984304214e-01, 2.320057558316230006e-01
2.883549806341711985e-01, 1.035916780657380049e-01, 3.760182508393860590e-01, 2.320350904607046683e-01
2.883742622857229376e-01, 1.035828907996406284e-01, 3.759783940237467759e-01, 2.320644528908895887e-01
2.883935301624537262e-01, 1.035741153372428669e-01, 3.759385113733272332e-01, 2.320938431269761459e-01
2.884127842370449724e-01, 1.035653516792449241e-01, 3.758986029099641302e-01, 2.321232611737458762e-01
2.884320244821766410e-01, 1.035565998263435483e-01, 3.758586686555162593e-01, 2.321527070359636069e-01
2.884512508705266987e-01, 1.035478597792316990e-01, 3.758187086318642289e-01, 2.321821807183773734e-01
2.884704633747720015e-01, 1.035391315385989219e-01, 3.757787228609108521e-01, 2.322116822257181690e-01
2.884896619675873519e-01, 1.035304151051311128e-01, 3.757387113645810905e-01, 2.322412115627004447e-01
2.885088466216463310e-01, 1.035217104795105869e-01, 3.756986741648217776e-01, 2.322707687340213878e-01
2.885280173096205769e-01, 1.035130176624160792e-01, 3.756586112836017288e-01, 2.323003537443616151e-01
2.885471740041807842e-01, 1.035043366545227023e-01, 3.756185227429119644e-01, 2.323299665983844520e-01
2.885663166779957600e-01, 1.034956674565020995e-01, 3.755784085647656534e-01, 2.323596073007365426e-01
2.885854453037328127e-01, 1.034870100690221811e-01, 3.755382687711975587e-01, 2.323892758560473226e-01
2.886045598540583068e-01, 1.034783644927474017e-01, 3.754981033842648697e-01, 2.324189722689294357e-01
2.886236603016366642e-01, 1.034697307283385104e-01, 3.754579124260466472e-01, 2.324486965439782060e-01
2.886427466191310853e-01, 1.034611087764528425e-01, 3.754176959186440454e-01, 2.324784486857720267e-01
2.886618187792036605e-01, 1.034524986377439726e-01, 3.753774538841801456e-01, 2.325082286988722768e-01
2.886808767545147592e-01, 1.034439003128619777e-01, 3.753371863448002332e-01, 2.325380365878230160e-01
2.886999205177238625e-01, 1.034353138024534380e-01, 3.752968933226714654e-01, 2.325678723571511508e-01
2.887189500414888976e-01, 1.034267391071611863e-01, 3.752565748399831480e-01, 2.325977360113667680e-01
2.887379652984665701e-01, 1.034181762276245586e-01, 3.752162309189465139e-01, 2.326276275549622741e-01
2.887569662613125865e-01, 1.034096251644793241e-01, 3.751758615817949449e-01, 2.326575469924131168e-01
2.887759529026810990e-01, 1.034010859183577130e-01, 3.751354668507838053e-01, 2.326874943281773689e-01
2.887949251952252605e-01, 1.033925584898882366e-01, 3.750950467481903861e-01, 2.327174695666960891e-01
2.888138831115974470e-01, 1.033840428796960059e-01, 3.750546012963139608e-01, 2.327474727123926279e-01
2.888328266244481468e-01, 1.033755390884023850e-01, 3.750141305174761741e-01, 2.327775037696733218e-01
2.888517557064274599e-01, 1.033670471166252824e-01, 3.749736344340202643e-01, 2.328075627429270211e-01
2.888706703301840428e-01, 1.033585669649789152e-01, 3.749331130683118962e-01, 2.328376496365252291e-01
2.888895704683655530e-01, 1.033500986340741140e-01, 3.748925664427382731e-01, 2.328677644548219350e-01
2.889084560936188706e-01, 1.033416421245179351e-01, 3.748519945797092467e-01, 2.328979072021539476e-01
2.889273271785896546e-01, 1.033331974369138956e-01, 3.748113975016560961e-01, 2.329280778828403675e-01
2.889461836959226204e-01, 1.033247645718620988e-01, 3.747707752310323048e-01, 2.329582765011829759e-01
2.889650256182617061e-01, 1.033163435299588873e-01, 3.747301277903135053e-01, 2.329885030614659569e-01
2.889838529182497395e-01, 1.033079343117970783e-01, 3.746894552019972013e-01, 2.330187575679559531e-01
2.890026655685287715e-01, 1.032995369179659090e-01, 3.746487574886031569e-01, 2.330490400249021210e-01
2.890214635417401867e-01, 1.032911513490511329e-01, 3.746080346726727295e-01, 2.330793504365359925e-01
2.890402468105240930e-01, 1.032827776056348124e-01, 3.745672867767694258e-01, 2.331096888070716133e-01
2.890590153475202095e-01, 1.032744156882954706e-01, 3.745265138234791791e-01, 2.331400551407051269e-01
2.890777691253674231e-01, 1.032660655976081476e-01, 3.744857158354093496e-01, 2.331704494416152185e-01
2.890965081167035655e-01, 1.032577273341441088e-01, 3.744448928351895578e-01, 2.332008717139626708e-01
2.891152322941662467e-01, 1.032494008984712885e-01, 3.744040448454714620e-01, 2.332313219618911138e-01
2.891339416303916887e-01, 1.032410862911538191e-01, 3.743631718889287030e-01, 2.332618001895257476e-01
2.891526360980164467e-01, 1.032327835127524879e-01, 3.743222739882566263e-01, 2.332923064009744529e-01
2.891713156696753551e-01, 1.032244925638242938e-01, 3.742813511661731152e-01, 2.333228406003272082e-01
2.891899803180034145e-01, 1.032162134449228358e-01, 3.742404034454175910e-01, 2.333534027916560338e-01
2.892086300156347378e-01, 1.032079461565980627e-01, 3.741994308487518461e-01, 2.333839929790154366e-01
2.892272647352027160e-01, 1.031996906993963153e-01, 3.741584333989592115e-01, 2.334146111664416601e-01
2.892458844493407399e-01, 1.031914470738604928e-01, 3.741174111188453333e-01, 2.334452573579534618e-01
2.892644891306810906e-01, 1.031832152805297192e-01, 3.740763640312377292e-01, 2.334759315575513916e-01
2.892830787518559932e-01, 1.031749953199397885e-01, 3.740352921589860657e-01, 2.335066337692182359e-01
2.893016532854968959e-01, 1.031667871926227470e-01, 3.739941955249616590e-01, 2.335373639969187121e-01
2.893202127042352467e-01, 1.031585908991071582e-01, 3.739530741520581403e-01, 2.335681222445995242e-01
2.893387569807016613e-01, 1.031504064399179771e-01, 3.739119280631906794e-01, 2.335989085161895851e-01
2.893572860875266994e-01, 1.031422338155765922e-01, 3.738707572812971502e-01, 2.336297228155995720e-01
2.893757999973402550e-01, 1.031340730266008809e-01, 3.738295618293367428e-01, 2.336605651467220657e-01
2.893942986827724440e-01, 1.031259240735050847e-01, 3.737883417302908517e-01, 2.336914355134316335e-01
2.894127821164524939e-01, 1.031177869567998784e-01, 3.737470970071626875e-01, 2.337223339195849126e-01
2.894312502710097990e-01, 1.031096616769923840e-01, 3.737058276829777759e-01, 2.337532603690199995e-01
2.894497031190732539e-01, 1.031015482345863099e-01, 3.736645337807834033e-01, 2.337842148655571439e-01
2.894681406332717533e-01, 1.030934466300814228e-01, 3.736232153236484499e-01, 2.338151974129983324e-01
2.894865627862338586e-01, 1.030853568639743395e-01, 3.735818723346644998e-01, 2.338462080151272049e-01
2.895049695505881870e-01, 1.030772789367578185e-01, 3.735405048369445091e-01, 2.338772466757094992e-01
2.895233608989629670e-01, 1.030692128489212184e-01, 3.734991128536235272e-01, 2.339083133984923013e-01
2.895417368039864825e-01, 1.030611586009502201e-01, 3.734576964078588079e-01, 2.339394081872045450e-01
2.895600972382868510e-01, 1.030531161933270629e-01, 3.734162555228291436e-01, 2.339705310455569010e-01
2.895784421744925230e-01, 1.030450856265302806e-01, 3.733747902217354753e-01, 2.340016819772418599e-01
2.895967715852314495e-01, 1.030370669010349516e-01, 3.733333005278006711e-01, 2.340328609859329556e-01
2.896150854431316923e-01, 1.030290600173125182e-01, 3.732917864642695815e-01, 2.340640680752862079e-01
2.896333837208216466e-01, 1.030210649758309255e-01, 3.732502480544090950e-01, 2.340953032489383467e-01
2.896516663909295963e-01, 1.030130817770545243e-01, 3.732086853215075828e-01, 2.341265665105083105e-01
2.896699334260839365e-01, 1.030051104214440988e-01, 3.731670982888757870e-01, 2.341578578635962748e-01
2.896881847989130621e-01, 1.029971509094568111e-01, 3.731254869798461549e-01, 2.341891773117839859e-01
2.897064204820457012e-01, 1.029892032415463815e-01, 3.730838514177733933e-01, 2.342205248586345934e-01
2.897246404481108040e-01, 1.029812674181628807e-01, 3.730421916260334148e-01, 2.342519005076928729e-01
2.897428446697373761e-01, 1.029733434397528680e-01, 3.730005076280248910e-01, 2.342833042624849760e-01
2.897610331195546451e-01, 1.029654313067592947e-01, 3.729587994471677548e-01, 2.343147361265182915e-01
2.897792057701923385e-01, 1.029575310196215454e-01, 3.729170671069042542e-01, 2.343461961032818341e-01
2.897973625942802389e-01, 1.029496425787755215e-01, 3.728753106306982867e-01, 2.343776841962459112e-01
2.898155035644486288e-01, 1.029417659846534744e-01, 3.728335300420358434e-01, 2.344092004088620396e-01
2.898336286533280126e-01, 1.029339012376841167e-01, 3.727917253644247308e-01, 2.344407447445631676e-01
2.898517378335493389e-01, 1.029260483382926777e-01, 3.727498966213945719e-01, 2.344723172067634531e-01
2.898698310777440001e-01, 1.029182072869006814e-01, 3.727080438364968606e-01, 2.345039177988584300e-01
2.898879083585437222e-01, 1.029103780839262378e-01, 3.726661670333052956e-01, 2.345355465242248139e-01
2.899059696485807303e-01, 1.029025607297837930e-01, 3.726242662354150026e-01, 2.345672033862205019e-01
2.899240149204877492e-01, 1.028947552248843378e-01, 3.725823414664433675e-01, 2.345988883881844900e-01
2.899420441468982812e-01, 1.028869615696351159e-01, 3.725403927500294810e-01, 2.346306015334371220e-01
2.899600573004459392e-01, 1.028791797644400402e-01, 3.724984201098341940e-01, 2.346623428252797294e-01
2.899780543537651134e-01, 1.028714098096993185e-01, 3.724564235695405623e-01, 2.346941122669949642e-01
2.899960352794909157e-01, 1.028636517058096195e-01, 3.724144031528531795e-01, 2.347259098618462436e-01
2.900140000502590132e-01, 1.028559054531641287e-01, 3.723723588834985665e-01, 2.347577356130783055e-01
2.900319486387056278e-01, 1.028481710521524234e-01, 3.723302907852252264e-01, 2.347895895239167086e-01
2.900498810174678144e-01, 1.028404485031604587e-01, 3.722881988818033672e-01, 2.348214715975683320e-01
2.900677971591833493e-01, 1.028327378065707481e-01, 3.722460831970253459e-01, 2.348533818372206261e-01
2.900856970364906195e-01, 1.028250389627621414e-01, 3.722039437547048357e-01, 2.348853202460424450e-01
2.901035806220288449e-01, 1.028173519721100188e-01, 3.721617805786777700e-01, 2.349172868271832415e-01
2.901214478884384107e-01, 1.028096768349861800e-01, 3.721195936928018422e-01, 2.349492815837735393e-01
2.901392988083598690e-01, 1.028020135517588168e-01, 3.720773831209565619e-01, 2.349813045189248217e-01
2.901571333544351039e-01, 1.027943621227926374e-01, 3.720351488870431433e-01, 2.350133556357290321e-01
2.901749514993069989e-01, 1.027867225484487557e-01, 3.719928910149848389e-01, 2.350454349372595175e-01
2.901927532156188816e-01, 1.027790948290846773e-01, 3.719506095287263836e-01, 2.350775424265700853e-01
2.902105384760154116e-01, 1.027714789650545080e-01, 3.719083044522347170e-01, 2.351096781066953634e-01
2.902283072531421371e-01, 1.027638749567086202e-01, 3.718659758094984280e-01, 2.351418419806508564e-01
2.902460595196454940e-01, 1.027562828043939586e-01, 3.718236236245278103e-01, 2.351740340514326677e-01
2.902637952481732508e-01, 1.027487025084538597e-01, 3.717812479213550292e-01, 2.352062543220177770e-01
2.902815144113741197e-01, 1.027411340692281072e-01, 3.717388487240341766e-01, 2.352385027953637076e-01
2.902992169818976453e-01, 1.027335774870528629e-01, 3.716964260566408274e-01, 2.352707794744086089e-01
2.903169029323947603e-01, 1.027260327622609021e-01, 3.716539799432728164e-01, 2.353030843620715629e-01
2.903345722355176739e-01, 1.027184998951813089e-01, 3.716115104080491283e-01, 2.353354174612519167e-01
2.903522248639193171e-01, 1.027109788861396700e-01, 3.715690174751111186e-01, 2.353677787748298389e-01
2.903698607902543971e-01, 1.027034697354579917e-01, 3.715265011686216812e-01, 2.354001683056658745e-01
2.903874799871785650e-01, 1.026959724434547694e-01, 3.714839615127652483e-01, 2.354325860566013895e-01
2.904050824273487486e-01, 1.026884870104448483e-01, 3.714413985317485123e-01, 2.354650320304578215e-01
2.904226680834232632e-01, 1.026810134367396460e-01, 3.713988122497994815e-01, 2.354975062300377342e-01
2.904402369280615903e-01, 1.026735517226469163e-01, 3.713562026911680913e-01, 2.355300086581235131e-01
2.904577889339247654e-01, 1.026661018684710130e-01, 3.713135698801259266e-01, 2.355625393174783644e-01
2.904753240736752673e-01, 1.026586638745125013e-01, 3.712709138409664988e-01, 2.355950982108457881e-01
2.904928423199766852e-01, 1.026512377410686155e-01, 3.712282345980050247e-01, 2.356276853409497440e-01
2.905103436454943844e-01, 1.026438234684329126e-01, 3.711855321755782033e-01, 2.356603007104944303e-01
2.905278280228950072e-01, 1.026364210568954938e-01, 3.711428065980448276e-01, 2.356929443221646714e-01
2.905452954248468611e-01, 1.026290305067427966e-01, 3.711000578897850066e-01, 2.357256161786252524e-01
2.905627458240196415e-01, 1.026216518182578030e-01, 3.710572860752009983e-01, 2.357583162825215017e-01
2.905801791930847089e-01, 1.026142849917199007e-01, 3.710144911787164879e-01, 2.357910446364789026e-01
2.905975955047150339e-01, 1.026069300274048968e-01, 3.709716732247767546e-01, 2.358238012431032316e-01
2.906149947315851967e-01, 1.025995869255851706e-01, 3.709288322378492264e-01, 2.358565861049804757e-01
2.906323768463712764e-01, 1.025922556865293406e-01, 3.708859682424225368e-01, 2.358893992246767768e-01
2.906497418217513506e-01, 1.025849363105026668e-01, 3.708430812630073570e-01, 2.359222406047386533e-01
2.906670896304049956e-01, 1.025776287977668011e-01, 3.708001713241358410e-01, 2.359551102476924733e-01
2.906844202450135084e-01, 1.025703331485798148e-01, 3.707572384503617369e-01, 2.359880081560448151e-01
2.907017336382602402e-01, 1.025630493631962126e-01, 3.707142826662609969e-01, 2.360209343322824671e-01
2.907190297828300407e-01, 1.025557774418670437e-01, 3.706713039964304457e-01, 2.360538887788724560e-01
2.907363086514097583e-01, 1.025485173848397491e-01, 3.706283024654891678e-01, 2.360868714982612970e-01
2.907535702166880176e-01, 1.025412691923582031e-01, 3.705852780980776751e-01, 2.361198824928760764e-01
2.907708144513554416e-01, 1.025340328646627830e-01, 3.705422309188581842e-01, 2.361529217651235912e-01
2.907880413281044851e-01, 1.025268084019902159e-01, 3.704991609525145058e-01, 2.361859893173908209e-01
2.908052508196297126e-01, 1.025195958045738293e-01, 3.704560682237519886e-01, 2.362190851520444279e-01
2.908224428986275756e-01, 1.025123950726432448e-01, 3.704129527572979086e-01, 2.362522092714312572e-01
2.908396175377965243e-01, 1.025052062064246844e-01, 3.703698145779008022e-01, 2.362853616778779475e-01
2.908567747098370071e-01, 1.024980292061407477e-01, 3.703266537103312439e-01, 2.363185423736909596e-01
2.908739143874518041e-01, 1.024908640720104819e-01, 3.702834701793809025e-01, 2.363517513611567977e-01
2.908910365433454159e-01, 1.024837108042493533e-01, 3.702402640098635400e-01, 2.363849886425416491e-01
2.909081411502248971e-01, 1.024765694030693453e-01, 3.701970352266142350e-01, 2.364182542200915227e-01
2.909252281807992446e-01, 1.024694398686789021e-01, 3.701537838544896597e-01, 2.364515480960321658e-01
2.909422976077795653e-01, 1.024623222012828738e-01, 3.701105099183682468e-01, 2.364848702725693141e-01
2.909593494038795192e-01, 1.024552164010825994e-01, 3.700672134431496896e-01, 2.365182207518881086e-01
2.909763835418147093e-01, 1.024481224682758512e-01, 3.700238944537557750e-01, 2.365515995361536783e-01
2.909933999943031258e-01, 1.024410404030568073e-01, 3.699805529751293287e-01, 2.365850066275106689e-01
2.910103987340652010e-01, 1.024339702056162177e-01, 3.699371890322350476e-01, 2.366184420280835476e-01
2.910273797338236990e-01, 1.024269118761411690e-01, 3.698938026500589449e-01, 2.366519057399762149e-01
2.910443429663036041e-01, 1.024198654148153198e-01, 3.698503938536087943e-01, 2.366853977652722818e-01
2.910612884042323989e-01, 1.024128308218186512e-01, 3.698069626679139077e-01, 2.367189181060350700e-01
2.910782160203401192e-01, 1.024058080973276746e-01, 3.697635091180249134e-01, 2.367524667643071679e-01
2.910951257873591325e-01, 1.023987972415153352e-01, 3.697200332290142555e-01, 2.367860437421111519e-01
2.911120176780245261e-01, 1.023917982545510807e-01, 3.696765350259756389e-01, 2.368196490414487543e-01
2.911288916650735525e-01, 1.023848111366007507e-01, 3.696330145340244178e-01, 2.368532826643013067e-01
2.911457477212464062e-01, 1.023778358878266737e-01, 3.695894717782973737e-01, 2.368869446126294909e-01
2.911625858192856686e-01, 1.023708725083875976e-01, 3.695459067839528822e-01, 2.369206348883737823e-01
2.911794059319366967e-01, 1.023639209984387871e-01, 3.695023195761708013e-01, 2.369543534934536733e-01
2.911962080319474566e-01, 1.023569813581318849e-01, 3.694587101801523610e-01, 2.369881004297682836e-01
2.912129920920685233e-01, 1.023500535876151057e-01, 3.694150786211202742e-01, 2.370218756991961939e-01
2.912297580850531364e-01, 1.023431376870329590e-01, 3.693714249243189029e-01, 2.370556793035950294e-01
2.912465059836575887e-01, 1.023362336565265679e-01, 3.693277491150138703e-01, 2.370895112448019593e-01
2.912632357606407818e-01, 1.023293414962333919e-01, 3.692840512184923374e-01, 2.371233715246334472e-01
2.912799473887644486e-01, 1.023224612062873934e-01, 3.692403312600630039e-01, 2.371572601448851125e-01
2.912966408407930419e-01, 1.023155927868190790e-01, 3.691965892650558301e-01, 2.371911771073320629e-01
2.913133160894941787e-01, 1.023087362379552362e-01, 3.691528252588222592e-01, 2.372251224137283676e-01
2.913299731076380850e-01, 1.023018915598192385e-01, 3.691090392667351616e-01, 2.372590960658075288e-01
2.913466118679980399e-01, 1.022950587525308652e-01, 3.690652313141890017e-01, 2.372930980652820654e-01
2.913632323433505977e-01, 1.022882378162063843e-01, 3.690214014265994491e-01, 2.373271284138436243e-01
2.913798345064746997e-01, 1.022814287509584835e-01, 3.689775496294035451e-01, 2.373611871131632856e-01
2.913964183301530064e-01, 1.022746315568962977e-01, 3.689336759480598693e-01, 2.373952741648908960e-01
2.914129837871706208e-01, 1.022678462341255201e-01, 3.688897804080482068e-01, 2.374293895706555690e-01
2.914295308503162540e-01, 1.022610727827482219e-01, 3.688458630348699918e-01, 2.374635333320655184e-01
2.914460594923815040e-01, 1.022543112028628798e-01, 3.688019238540479194e-01, 2.374977054507077523e-01
2.914625696861609661e-01, 1.022475614945645012e-01, 3.687579628911258900e-01, 2.375319059281485734e-01
2.914790614044528994e-01, 1.022408236579446239e-01, 3.687139801716692866e-01, 2.375661347659332456e-01
2.914955346200583941e-01, 1.022340976930910666e-01, 3.686699757212647532e-01, 2.376003919655858276e-01
2.915119893057818157e-01, 1.022273836000882064e-01, 3.686259495655204166e-01, 2.376346775286094226e-01
2.915284254344311932e-01, 1.022206813790169089e-01, 3.685819017300657197e-01, 2.376689914564862893e-01
2.915448429788172757e-01, 1.022139910299544596e-01, 3.685378322405511997e-01, 2.377033337506770372e-01
2.915612419117547538e-01, 1.022073125529745774e-01, 3.684937411226490434e-01, 2.377377044126216810e-01
2.915776222060613709e-01, 1.022006459481474977e-01, 3.684496284020524759e-01, 2.377721034437386416e-01
2.915939838345582569e-01, 1.021939912155398200e-01, 3.684054941044760945e-01, 2.378065308454257176e-01
2.916103267700704271e-01, 1.021873483552147438e-01, 3.683613382556558125e-01, 2.378409866190590305e-01
2.916266509854256173e-01, 1.021807173672318048e-01, 3.683171608813489151e-01, 2.378754707659936629e-01
2.916429564534557262e-01, 1.021740982516471385e-01, 3.682729620073337817e-01, 2.379099832875634923e-01
2.916592431469958724e-01, 1.021674910085130505e-01, 3.682287416594100526e-01, 2.379445241850810522e-01
2.916755110388850047e-01, 1.021608956378786820e-01, 3.681844998633988508e-01, 2.379790934598375318e-01
2.916917601019654027e-01, 1.021543121397893855e-01, 3.681402366451422270e-01, 2.380136911131030819e-01
2.917079903090831761e-01, 1.021477405142870026e-01, 3.680959520305036592e-01, 2.380483171461261482e-01
2.917242016330878762e-01, 1.021411807614099609e-01, 3.680516460453681082e-01, 2.380829715601340546e-01
2.917403940468331625e-01, 1.021346328811929688e-01, 3.680073187156411296e-01, 2.381176543563327530e-01
2.917565675231760802e-01, 1.021280968736673761e-01, 3.679629700672499837e-01, 2.381523655359065739e-01
2.917727220349775052e-01, 1.021215727388608274e-01, 3.679186001261429140e-01, 2.381871051000187256e-01
2.917888575551021990e-01, 1.021150604767975395e-01, 3.678742089182895358e-01, 2.382218730498106840e-01
2.918049740564187533e-01, 1.021085600874981486e-01, 3.678297964696805034e-01, 2.382566693864026364e-01
2.918210715117994236e-01, 1.021020715709797105e-01, 3.677853628063275648e-01, 2.382914941108931484e-01
2.918371498941207953e-01, 1.020955949272559088e-01, 3.677409079542640069e-01, 2.383263472243593584e-01
2.918532091762628955e-01, 1.020891301563366521e-01, 3.676964319395438219e-01, 2.383612287278567277e-01
2.918692493311100811e-01, 1.020826772582284492e-01, 3.676519347882421518e-01, 2.383961386224193457e-01
2.918852703315503727e-01, 1.020762362329342698e-01, 3.676074165264558435e-01, 2.384310769090594029e-01
2.919012721504761765e-01, 1.020698070804534896e-01, 3.675628771803022277e-01, 2.384660435887679397e-01
2.919172547607837287e-01, 1.020633898007820423e-01, 3.675183167759203395e-01, 2.385010386625139034e-01
2.919332181353733180e-01, 1.020569843939121840e-01, 3.674737353394696981e-01, 2.385360621312448137e-01
2.919491622471494519e-01, 1.020505908598327294e-01, 3.674291328971313053e-01, 2.385711139958865135e-01
2.919650870690208566e-01, 1.020442091985289679e-01, 3.673845094751072571e-01, 2.386061942573429739e-01
2.919809925739004219e-01, 1.020378394099825115e-01, 3.673398650996205217e-01, 2.386413029164965172e-01
2.919968787347052008e-01, 1.020314814941716691e-01, 3.672951997969153282e-01, 2.386764399742077325e-01
2.920127455243564096e-01, 1.020251354510710168e-01, 3.672505135932570552e-01, 2.387116054313155600e-01
2.920285929157797611e-01, 1.020188012806515637e-01, 3.672058065149317874e-01, 2.387467992886368462e-01
2.920444208819050758e-01, 1.020124789828810580e-01, 3.671610785882468697e-01, 2.387820215469668994e-01
2.920602293956667816e-01, 1.020061685577233479e-01, 3.671163298395308527e-01, 2.388172722070790455e-01
2.920760184300034146e-01, 1.019998700051390622e-01, 3.670715602951329370e-01, 2.388525512697246000e-01
2.920917879578580623e-01, 1.019935833250850410e-01, 3.670267699814235285e-01, 2.388878587356332850e-01
2.921075379521784199e-01, 1.019873085175147659e-01, 3.669819589247941272e-01, 2.389231946055126454e-01
2.921232683859163459e-01, 1.019810455823780548e-01, 3.669371271516570499e-01, 2.389585588800485216e-01
2.921389792320283618e-01, 1.019747945196212979e-01, 3.668922746884457076e-01, 2.389939515599046049e-01
2.921546704634756519e-01, 1.019685553291872493e-01, 3.668474015616143835e-01, 2.390293726457226875e-01
2.921703420532237860e-01, 1.019623280110151936e-01, 3.668025077976384551e-01, 2.390648221381224958e-01
2.921859939742431633e-01, 1.019561125650408628e-01, 3.667575934230142276e-01, 2.391003000377017740e-01
2.922016261995085684e-01, 1.019499089911964224e-01, 3.667126584642588227e-01, 2.391358063450362836e-01
2.922172387019996709e-01, 1.019437172894105265e-01, 3.666677029479102901e-01, 2.391713410606795265e-01
2.922328314547008588e-01, 1.019375374596082767e-01, 3.666227269005278844e-01, 2.392069041851629663e-01
2.922484044306011275e-01, 1.019313695017112914e-01, 3.665777303486914551e-01, 2.392424957189961676e-01
2.922639576026943020e-01, 1.019252134156375528e-01, 3.665327133190018905e-01, 2.392781156626661299e-01
2.922794909439792588e-01, 1.019190692013016569e-01, 3.664876758380809507e-01, 2.393137640166380919e-01
2.922950044274592041e-01, 1.019129368586144530e-01, 3.664426179325712685e-01, 2.393494407813549774e-01
2.923104980261426733e-01, 1.019068163874834870e-01, 3.663975396291364039e-01, 2.393851459572372831e-01
2.923259717130430868e-01, 1.019007077878125722e-01, 3.663524409544606786e-01, 2.394208795446836624e-01
2.923414254611786389e-01, 1.018946110595020937e-01, 3.663073219352492305e-01, 2.394566415440700924e-01
2.923568592435723534e-01, 1.018885262024488703e-01, 3.662621825982282919e-01, 2.394924319557505954e-01
2.923722730332526387e-01, 1.018824532165461816e-01, 3.662170229701445234e-01, 2.395282507800566008e-01
2.923876668032528992e-01, 1.018763921016837964e-01, 3.661718430777657907e-01, 2.395640980172976109e-01
2.924030405266112576e-01, 1.018703428577478892e-01, 3.661266429478803874e-01, 2.395999736677604242e-01
2.924183941763714434e-01, 1.018643054846211787e-01, 3.660814226072977573e-01, 2.396358777317095790e-01
2.924337277255819600e-01, 1.018582799821827756e-01, 3.660361820828479940e-01, 2.396718102093872149e-01
2.924490411472967510e-01, 1.018522663503083625e-01, 3.659909214013816747e-01, 2.397077711010132117e-01
2.924643344145746449e-01, 1.018462645888698614e-01, 3.659456405897708042e-01, 2.397437604067846895e-01
2.924796075004800211e-01, 1.018402746977359191e-01, 3.659003396749074266e-01, 2.397797781268766470e-01
2.924948603780824774e-01, 1.018342966767715463e-01, 3.658550186837046247e-01, 2.398158242614413238e-01
2.925100930204567740e-01, 1.018283305258381594e-01, 3.658096776430964647e-01, 2.398518988106086991e-01
2.925253054006832776e-01, 1.018223762447936637e-01, 3.657643165800370522e-01, 2.398880017744859927e-01
2.925404974918476286e-01, 1.018164338334924673e-01, 3.657189355215019755e-01, 2.399241331531579979e-01
2.925556692670405745e-01, 1.018105032917854674e-01, 3.656735344944868626e-01, 2.399602929466869983e-01
2.925708206993588578e-01, 1.018045846195199666e-01, 3.656281135260085469e-01, 2.399964811551125732e-01
2.925859517619043282e-01, 1.017986778165397427e-01, 3.655826726431041784e-01, 2.400326977784517091e-01
2.926010624277845529e-01, 1.017927828826850206e-01, 3.655372118728316133e-01, 2.400689428166987160e-01
2.926161526701123172e-01, 1.017868998177925838e-01, 3.654917312422696352e-01, 2.401052162698254777e-01
2.926312224620065128e-01, 1.017810286216955240e-01, 3.654462307785171782e-01, 2.401415181377807018e-01
2.926462717765913046e-01, 1.017751692942236025e-01, 3.654007105086942153e-01, 2.401778484204909747e-01
2.926613005869964645e-01, 1.017693218352028056e-01, 3.653551704599410921e-01, 2.402142071178597627e-01
2.926763088663574819e-01, 1.017634862444558169e-01, 3.653096106594188042e-01, 2.402505942297677999e-01
2.926912965878160078e-01, 1.017576625218015868e-01, 3.652640311343090529e-01, 2.402870097560733664e-01
2.927062637245187449e-01, 1.017518506670556516e-01, 3.652184319118139677e-01, 2.403234536966115942e-01
2.927212102496186685e-01, 1.017460506800300507e-01, 3.651728130191563837e-01, 2.403599260511948277e-01
2.927361361362745273e-01, 1.017402625605331179e-01, 3.651271744835793420e-01, 2.403964268196129572e-01
2.927510413576506765e-01, 1.017344863083698425e-01, 3.650815163323470336e-01, 2.404329560016325029e-01
2.927659258869175773e-01, 1.017287219233414947e-01, 3.650358385927434668e-01, 2.404695135969973918e-01
2.927807896972515755e-01, 1.017229694052460276e-01, 3.649901412920737442e-01, 2.405060996054286249e-01
2.927956327618350119e-01, 1.017172287538776893e-01, 3.649444244576630636e-01, 2.405427140266242492e-01
2.928104550538561113e-01, 1.017114999690271748e-01, 3.648986881168574947e-01, 2.405793568602592747e-01
2.928252565465092050e-01, 1.017057830504817934e-01, 3.648529322970230360e-01, 2.406160281059859241e-01
2.928400372129947304e-01, 1.017000779980252734e-01, 3.648071570255467244e-01, 2.406527277634332718e-01
2.928547970265191758e-01, 1.016943848114376520e-01, 3.647613623298358032e-01, 2.406894558322074384e-01
2.928695359602950243e-01, 1.016887034904956355e-01, 3.647155482373178881e-01, 2.407262123118914521e-01
2.928842539875410877e-01, 1.016830340349723361e-01, 3.646697147754410784e-01, 2.407629972020454701e-01
2.928989510814825059e-01, 1.016773764446372713e-01, 3.646238619716738460e-01, 2.407998105022063628e-01
2.929136272153502474e-01, 1.016717307192564895e-01, 3.645779898535052577e-01, 2.408366522118879638e-01
2.929282823623820531e-01, 1.016660968585924724e-01, 3.645320984484444193e-01, 2.408735223305810691e-01
2.929429164958215481e-01, 1.016604748624042043e-01, 3.644861877840211428e-01, 2.409104208577531603e-01
2.929575295889188524e-01, 1.016548647304470337e-01, 3.644402578877854459e-01, 2.409473477928487373e-01
2.929721216149305807e-01, 1.016492664624729231e-01, 3.643943087873077191e-01, 2.409843031352889575e-01
2.929866925471194539e-01, 1.016436800582301986e-01, 3.643483405101786143e-01, 2.410212868844718304e-01
2.930012423587548542e-01, 1.016381055174636616e-01, 3.643023530840091562e-01, 2.410582990397722447e-01
2.930157710231127699e-01, 1.016325428399146164e-01, 3.642563465364308528e-01, 2.410953396005416360e-01
2.930302785134755172e-01, 1.016269920253208697e-01, 3.642103208950951965e-01, 2.411324085661083472e-01
2.930447648031319074e-01, 1.016214530734165511e-01, 3.641642761876742740e-01, 2.411695059357773507e-01
2.930592298653773575e-01, 1.016159259839324175e-01, 3.641182124418600452e-01, 2.412066317088301659e-01
2.930736736735140013e-01, 1.016104107565955622e-01, 3.640721296853652311e-01, 2.412437858845252470e-01
2.930880962008505231e-01, 1.016049073911296369e-01, 3.640260279459223702e-01, 2.412809684620975115e-01
2.931024974207024902e-01, 1.015994158872547126e-01, 3.639799072512842626e-01, 2.413181794407585068e-01
2.931168773063918542e-01, 1.015939362446873495e-01, 3.639337676292243584e-01, 2.413554188196964101e-01
2.931312358312476718e-01, 1.015884684631405827e-01, 3.638876091075356478e-01, 2.413926865980760006e-01
2.931455729686054945e-01, 1.015830125423238528e-01, 3.638414317140320486e-01, 2.414299827750385763e-01
2.931598886918079239e-01, 1.015775684819431729e-01, 3.637952354765469076e-01, 2.414673073497019817e-01
2.931741829742042227e-01, 1.015721362817008783e-01, 3.637490204229343327e-01, 2.415046603211604970e-01
2.931884557891508147e-01, 1.015667159412959319e-01, 3.637027865810681937e-01, 2.415420416884850596e-01
2.932027071100106741e-01, 1.015613074604236332e-01, 3.636565339788427331e-01, 2.415794514507229596e-01
2.932169369101542689e-01, 1.015559108387758258e-01, 3.636102626441721775e-01, 2.416168896068978111e-01
2.932311451629584509e-01, 1.015505260760407175e-01, 3.635639726049906817e-01, 2.416543561560101083e-01
2.932453318418073995e-01, 1.015451531719032269e-01, 3.635176638892530510e-01, 2.416918510970362532e-01
2.932594969200927881e-01, 1.015397921260443870e-01, 3.634713365249336303e-01, 2.417293744289291946e-01
2.932736403712126738e-01, 1.015344429381419694e-01, 3.634249905400269709e-01, 2.417669261506183165e-01
2.932877621685725522e-01, 1.015291056078701237e-01, 3.633786259625478854e-01, 2.418045062610094387e-01
2.933018622855852464e-01, 1.015237801348995161e-01, 3.633322428205309484e-01, 2.418421147589843445e-01
2.933159406956705184e-01, 1.015184665188970659e-01, 3.632858411420308853e-01, 2.418797516434014749e-01
2.933299973722557352e-01, 1.015131647595264724e-01, 3.632394209551222941e-01, 2.419174169130954566e-01
2.933440322887750362e-01, 1.015078748564477301e-01, 3.631929822879001457e-01, 2.419551105668771018e-01
2.933580454186703879e-01, 1.015025968093172942e-01, 3.631465251684788953e-01, 2.419928326035334920e-01
2.933720367353908065e-01, 1.014973306177880813e-01, 3.631000496249931486e-01, 2.420305830218279497e-01
2.933860062123928025e-01, 1.014920762815095939e-01, 3.630535556855975510e-01, 2.420683618205000387e-01
2.933999538231403803e-01, 1.014868338001276155e-01, 3.630070433784666206e-01, 2.421061689982653142e-01
2.934138795411045941e-01, 1.014816031732846263e-01, 3.629605127317949709e-01, 2.421440045538157948e-01
2.934277833397647139e-01, 1.014763844006193322e-01, 3.629139637737966440e-01, 2.421818684858192960e-01
2.934416651926069486e-01, 1.014711774817670803e-01, 3.628673965327061102e-01, 2.422197607929199581e-01
2.934555250731251674e-01, 1.014659824163595819e-01, 3.628208110367772687e-01, 2.422576814737380235e-01
2.934693629548210114e-01, 1.014607992040250650e-01, 3.627742073142842250e-01, 2.422956305268696708e-01
2.934831788112038375e-01, 1.014556278443882603e-01, 3.627275853935207350e-01, 2.423336079508872087e-01
2.934969726157903303e-01, 1.014504683370702487e-01, 3.626809453028004837e-01, 2.423716137443389929e-01
2.935107443421050566e-01, 1.014453206816886832e-01, 3.626342870704568067e-01, 2.424096479057493980e-01
2.935244939636805217e-01, 1.014401848778576642e-01, 3.625876107248432456e-01, 2.424477104336186239e-01
2.935382214540566692e-01, 1.014350609251877533e-01, 3.625409162943324382e-01, 2.424858013264231671e-01
2.935519267867814364e-01, 1.014299488232859037e-01, 3.624942038073174500e-01, 2.425239205826152378e-01
2.935656099354106985e-01, 1.014248485717557380e-01, 3.624474732922107201e-01, 2.425620682006229267e-01
2.935792708735079359e-01, 1.014197601701970763e-01, 3.624007247774446161e-01, 2.426002441788504271e-01
2.935929095746449002e-01, 1.014146836182063804e-01, 3.623539582914711010e-01, 2.426384485156777016e-01
2.936065260124010035e-01, 1.014096189153765593e-01, 3.623071738627620664e-01, 2.426766812094604819e-01
2.936201201603638178e-01, 1.014045660612969690e-01, 3.622603715198086660e-01, 2.427149422585306027e-01
2.936336919921290201e-01, 1.013995250555534272e-01, 3.622135512911221489e-01, 2.427532316611955010e-01
2.936472414813000031e-01, 1.013944958977282124e-01, 3.621667132052332483e-01, 2.427915494157385223e-01
2.936607686014886531e-01, 1.013894785874001059e-01, 3.621198572906924595e-01, 2.428298955204187815e-01
2.936742733263149607e-01, 1.013844731241442393e-01, 3.620729835760695958e-01, 2.428682699734711903e-01
2.936877556294066882e-01, 1.013794795075324967e-01, 3.620260920899543988e-01, 2.429066727731063469e-01
2.937012154844002021e-01, 1.013744977371328210e-01, 3.619791828609563722e-01, 2.429451039175105354e-01
2.937146528649401400e-01, 1.013695278125099769e-01, 3.619322559177040044e-01, 2.429835634048458926e-01
2.937280677446789667e-01, 1.013645697332250240e-01, 3.618853112888457679e-01, 2.430220512332501581e-01
2.937414600972782508e-01, 1.013596234988355521e-01, 3.618383490030496752e-01, 2.430605674008366468e-01
2.937548298964069438e-01, 1.013546891088955154e-01, 3.617913690890031120e-01, 2.430991119056944150e-01
2.937681771157431565e-01, 1.013497665629554539e-01, 3.617443715754131706e-01, 2.431376847458882606e-01
2.937815017289731601e-01, 1.013448558605622996e-01, 3.616973564910062056e-01, 2.431762859194583071e-01
2.937948037097915521e-01, 1.013399570012595285e-01, 3.616503238645283336e-01, 2.432149154244205302e-01
2.938080830319017012e-01, 1.013350699845869812e-01, 3.616032737247449336e-01, 2.432535732587663146e-01
2.938213396690152468e-01, 1.013301948100810979e-01, 3.615562061004410355e-01, 2.432922594204625644e-01
2.938345735948526549e-01, 1.013253314772746411e-01, 3.615091210204207650e-01, 2.433309739074519251e-01
2.938477847831427736e-01, 1.013204799856969179e-01, 3.614620185135080654e-01, 2.433697167176522291e-01
2.938609732076232772e-01, 1.013156403348736967e-01, 3.614148986085459203e-01, 2.434084878489570780e-01
2.938741388420403333e-01, 1.013108125243272345e-01, 3.613677613343970196e-01, 2.434472872992352599e-01
2.938872816601489912e-01, 1.013059965535761942e-01, 3.613206067199434268e-01, 2.434861150663313045e-01
2.939004016357129601e-01, 1.013011924221357968e-01, 3.612734347940861346e-01, 2.435249711480651780e-01
2.939134987425047751e-01, 1.012964001295176136e-01, 3.612262455857457311e-01, 2.435638555422318940e-01
2.939265729543057981e-01, 1.012916196752297326e-01, 3.611790391238623443e-01, 2.436027682466020416e-01
2.939396242449062724e-01, 1.012868510587768139e-01, 3.611318154373952538e-01, 2.436417092589217015e-01
2.939526525881052121e-01, 1.012820942796598400e-01, 3.610845745553227237e-01, 2.436806785769121408e-01
2.939656579577107909e-01, 1.012773493373762684e-01, 3.610373165066427803e-01, 2.437196761982701187e-01
2.939786403275400084e-01, 1.012726162314201289e-01, 3.609900413203724345e-01, 2.437587021206674975e-01
2.939915996714188018e-01, 1.012678949612818013e-01, 3.609427490255477933e-01, 2.437977563417515203e-01
2.940045359631823230e-01, 1.012631855264482239e-01, 3.608954396512245588e-01, 2.438368388591447833e-01
2.940174491766748277e-01, 1.012584879264027959e-01, 3.608481132264773628e-01, 2.438759496704450136e-01
2.940303392857492870e-01, 1.012538021606253086e-01, 3.608007697804000435e-01, 2.439150887732252637e-01
2.940432062642684974e-01, 1.012491282285920696e-01, 3.607534093421056465e-01, 2.439542561650337171e-01
2.940560500861038595e-01, 1.012444661297758758e-01, 3.607060319407265347e-01, 2.439934518433936328e-01
2.940688707251362666e-01, 1.012398158636459572e-01, 3.606586376054137788e-01, 2.440326758058039003e-01
2.940816681552558820e-01, 1.012351774296680051e-01, 3.606112263653381000e-01, 2.440719280497379295e-01
2.940944423503620841e-01, 1.012305508273041860e-01, 3.605637982496888716e-01, 2.441112085726448167e-01
2.941071932843636327e-01, 1.012259360560131688e-01, 3.605163532876748400e-01, 2.441505173719483168e-01
2.941199209311786134e-01, 1.012213331152500562e-01, 3.604688915085235146e-01, 2.441898544450477604e-01
2.941326252647347150e-01, 1.012167420044663702e-01, 3.604214129414817225e-01, 2.442292197893171923e-01
2.941453062589688416e-01, 1.012121627231102189e-01, 3.603739176158152757e-01, 2.442686134021056221e-01
2.941579638878275005e-01, 1.012075952706260468e-01, 3.603264055608089711e-01, 2.443080352807375510e-01
2.941705981252664692e-01, 1.012030396464548843e-01, 3.602788768057663682e-01, 2.443474854225121395e-01
2.941832089452517396e-01, 1.011984958500341814e-01, 3.602313313800104000e-01, 2.443869638247037068e-01
2.941957963217581851e-01, 1.011939638807977659e-01, 3.601837693128825957e-01, 2.444264704845614533e-01
2.942083602287706712e-01, 1.011894437381761075e-01, 3.601361906337436913e-01, 2.444660053993095161e-01
2.942209006402836668e-01, 1.011849354215959840e-01, 3.600885953719732413e-01, 2.445055685661471634e-01
2.942334175303013555e-01, 1.011804389304807317e-01, 3.600409835569696182e-01, 2.445451599822483779e-01
2.942459108728376904e-01, 1.011759542642501064e-01, 3.599933552181500684e-01, 2.445847796447621902e-01
2.942583806419162284e-01, 1.011714814223204084e-01, 3.599457103849510453e-01, 2.446244275508123733e-01
2.942708268115706294e-01, 1.011670204041042742e-01, 3.598980490868273763e-01, 2.446641036974977201e-01
2.942832493558442675e-01, 1.011625712090109402e-01, 3.598503713532529291e-01, 2.447038080818918770e-01
2.942956482487903425e-01, 1.011581338364459653e-01, 3.598026772137205009e-01, 2.447435407010431496e-01
2.943080234644720461e-01, 1.011537082858115638e-01, 3.597549666977415406e-01, 2.447833015519748356e-01
2.943203749769626731e-01, 1.011492945565062723e-01, 3.597072398348460931e-01, 2.448230906316848920e-01
2.943327027603453994e-01, 1.011448926479251442e-01, 3.596594966545833549e-01, 2.448629079371461292e-01
2.943450067887132260e-01, 1.011405025594596385e-01, 3.596117371865210077e-01, 2.449027534653061278e-01
2.943572870361696459e-01, 1.011361242904978142e-01, 3.595639614602455514e-01, 2.449426272130870719e-01
2.943695434768279218e-01, 1.011317578404240664e-01, 3.595161695053620265e-01, 2.449825291773860825e-01
2.943817760848117526e-01, 1.011274032086193486e-01, 3.594683613514942366e-01, 2.450224593550746899e-01
2.943939848342548848e-01, 1.011230603944609369e-01, 3.594205370282846923e-01, 2.450624177429993888e-01
2.944061696993012234e-01, 1.011187293973227902e-01, 3.593726965653946115e-01, 2.451024043379813055e-01
2.944183306541052203e-01, 1.011144102165751762e-01, 3.593248399925036973e-01, 2.451424191368159755e-01
2.944304676728311532e-01, 1.011101028515849071e-01, 3.592769673393102492e-01, 2.451824621362737600e-01
2.944425807296540132e-01, 1.011058073017151726e-01, 3.592290786355312737e-01, 2.452225333330995405e-01
2.944546697987591721e-01, 1.011015235663256934e-01, 3.591811739109020962e-01, 2.452626327240130244e-01
2.944667348543422158e-01, 1.010972516447727204e-01, 3.591332531951770823e-01, 2.453027603057079675e-01
2.944787758706093883e-01, 1.010929915364088411e-01, 3.590853165181283613e-01, 2.453429160748533122e-01
2.944907928217772586e-01, 1.010887432405831315e-01, 3.590373639095474911e-01, 2.453831000280920771e-01
2.945027856820730539e-01, 1.010845067566412819e-01, 3.589893953992437381e-01, 2.454233121620419955e-01
2.945147544257343264e-01, 1.010802820839252353e-01, 3.589414110170451866e-01, 2.454635524732952101e-01
2.945266990270096197e-01, 1.010760692217735485e-01, 3.588934107927984063e-01, 2.455038209584184672e-01
2.945386194601578578e-01, 1.010718681695211840e-01, 3.588453947563681745e-01, 2.455441176139528392e-01
2.945505156994485119e-01, 1.010676789264996073e-01, 3.587973629376379758e-01, 2.455844424364138912e-01
2.945623877191622664e-01, 1.010635014920367170e-01, 3.587493153665093915e-01, 2.456247954222915975e-01
2.945742354935899643e-01, 1.010593358654568730e-01, 3.587012520729025988e-01, 2.456651765680505362e-01
2.945860589970336618e-01, 1.010551820460810213e-01, 3.586531730867559831e-01, 2.457055858701293616e-01
2.945978582038060734e-01, 1.010510400332263331e-01, 3.586050784380263035e-01, 2.457460233249412762e-01
2.946096330882307379e-01, 1.010469098262066906e-01, 3.585569681566886380e-01, 2.457864889288738919e-01
2.946213836246421858e-01, 1.010427914243322567e-01, 3.585088422727364943e-01, 2.458269826782889522e-01
2.946331097873860494e-01, 1.010386848269098498e-01, 3.584607008161813102e-01, 2.458675045695227490e-01
2.946448115508186194e-01, 1.010345900332425551e-01, 3.584125438170531197e-01, 2.459080545988857058e-01
2.946564888893073442e-01, 1.010305070426300578e-01, 3.583643713054000535e-01, 2.459486327626626001e-01
2.946681417772306633e-01, 1.010264358543684349e-01, 3.583161833112883388e-01, 2.459892390571126186e-01
2.946797701889783405e-01, 1.010223764677503355e-01, 3.582679798648025216e-01, 2.460298734784688579e-01
2.946913740989510200e-01, 1.010183288820647174e-01, 3.582197609960453000e-01, 2.460705360229389627e-01
2.947029534815606699e-01, 1.010142930965971658e-01, 3.581715267351376353e-01, 2.461112266867045151e-01
2.947145083112303054e-01, 1.010102691106295747e-01, 3.581232771122184189e-01, 2.461519454659216455e-01
2.947260385623943213e-01, 1.010062569234404933e-01, 3.580750121574447498e-01, 2.461926923567204495e-01
2.947375442094984366e-01, 1.010022565343047379e-01, 3.580267319009917126e-01, 2.462334673552051822e-01
2.947490252269994171e-01, 1.009982679424937524e-01, 3.579784363730527108e-01, 2.462742704574542030e-01
2.947604815893657415e-01, 1.009942911472753169e-01, 3.579301256038389112e-01, 2.463151016595200582e-01
2.947719132710769907e-01, 1.009903261479138115e-01, 3.578817996235796883e-01, 2.463559609574293985e-01
2.947833202466245139e-01, 1.009863729436699387e-01, 3.578334584625223469e-01, 2.463968483471831450e-01
2.947947024905108182e-01, 1.009824315338009731e-01, 3.577851021509322327e-01, 2.464377638247559066e-01
2.948060599772500678e-01, 1.009785019175606369e-01, 3.577367307190925660e-01, 2.464787073860967570e-01
2.948173926813678625e-01, 1.009745840941990713e-01, 3.576883441973046085e-01, 2.465196790271284855e-01
2.948287005774015146e-01, 1.009706780629628931e-01, 3.576399426158874406e-01, 2.465606787437480962e-01
2.948399836398999940e-01, 1.009667838230953324e-01, 3.575915260051781841e-01, 2.466017065318265034e-01
2.948512418434237059e-01, 1.009629013738358311e-01, 3.575430943955317242e-01, 2.466427623872087249e-01
2.948624751625450457e-01, 1.009590307144204585e-01, 3.574946478173207653e-01, 2.466838463057136888e-01
2.948736835718480664e-01, 1.009551718440817591e-01, 3.574461863009359974e-01, 2.467249582831342047e-01
2.948848670459282562e-01, 1.009513247620486692e-01, 3.573977098767859850e-01, 2.467660983152371312e-01
2.948960255593935376e-01, 1.009474894675466417e-01, 3.573492185752967787e-01, 2.468072663977630976e-01
2.949071590868631576e-01, 1.009436659597975766e-01, 3.573007124269123591e-01, 2.468484625264269483e-01
2.949182676029684647e-01, 1.009398542380197938e-01, 3.572521914620946926e-01, 2.468896866969170767e-01
2.949293510823527975e-01, 1.009360543014281852e-01, 3.572036557113231203e-01, 2.469309389048958969e-01
2.949404094996713743e-01, 1.009322661492340761e-01, 3.571551052050947472e-01, 2.469722191459997607e-01
2.949514428295914592e-01, 1.009284897806451420e-01, 3.571065399739247748e-01, 2.470135274158386518e-01
2.949624510467921956e-01, 1.009247251948656721e-01, 3.570579600483455018e-01, 2.470548637099965195e-01
2.949734341259652726e-01, 1.009209723910964168e-01, 3.570093654589072685e-01, 2.470962280240311393e-01
2.949843920418139254e-01, 1.009172313685344491e-01, 3.569607562361776787e-01, 2.471376203534740024e-01
2.949953247690537683e-01, 1.009135021263734278e-01, 3.569121324107424331e-01, 2.471790406938303708e-01
2.950062322824128502e-01, 1.009097846638034590e-01, 3.568634940132044409e-01, 2.472204890405793054e-01
2.950171145566312658e-01, 1.009060789800111241e-01, 3.568148410741842080e-01, 2.472619653891734992e-01
2.950279715664611557e-01, 1.009023850741794098e-01, 3.567661736243198378e-01, 2.473034697350395550e-01
2.950388032866673726e-01, 1.008987029454878476e-01, 3.567174916942670859e-01, 2.473450020735776800e-01
2.950496096920270372e-01, 1.008950325931123604e-01, 3.566687953146988055e-01, 2.473865624001617414e-01
2.950603907573294826e-01, 1.008913740162254158e-01, 3.566200845163058353e-01, 2.474281507101394051e-01
2.950711464573764209e-01, 1.008877272139958453e-01, 3.565713593297960005e-01, 2.474697669988317195e-01
2.950818767669823872e-01, 1.008840921855891082e-01, 3.565226197858948898e-01, 2.475114112615336981e-01
2.950925816609740737e-01, 1.008804689301669305e-01, 3.564738659153451894e-01, 2.475530834935137647e-01
2.951032611141909401e-01, 1.008768574468876245e-01, 3.564250977489073491e-01, 2.475947836900140309e-01
2.951139151014849360e-01, 1.008732577349059772e-01, 3.563763153173588050e-01, 2.476365118462502679e-01
2.951245435977207232e-01, 1.008696697933731817e-01, 3.563275186514945347e-01, 2.476782679574116575e-01
2.951351465777753424e-01, 1.008660936214369613e-01, 3.562787077821267245e-01, 2.477200520186610688e-01
2.951457240165388796e-01, 1.008625292182414035e-01, 3.562298827400848245e-01, 2.477618640251349202e-01
2.951562758889141325e-01, 1.008589765829271678e-01, 3.561810435562157151e-01, 2.478037039719430124e-01
2.951668021698161670e-01, 1.008554357146313196e-01, 3.561321902613836521e-01, 2.478455718541689168e-01
2.951773028341735938e-01, 1.008519066124874269e-01, 3.560833228864695443e-01, 2.478874676668694765e-01
2.951877778569275135e-01, 1.008483892756255051e-01, 3.560344414623718978e-01, 2.479293914050750003e-01
2.951982272130319052e-01, 1.008448837031720446e-01, 3.559855460200065935e-01, 2.479713430637894844e-01
2.952086508774535711e-01, 1.008413898942499692e-01, 3.559366365903062213e-01, 2.480133226379902522e-01
2.952190488251726919e-01, 1.008379078479786500e-01, 3.558877132042207458e-01, 2.480553301226280094e-01
2.952294210311819378e-01, 1.008344375634740581e-01, 3.558387758927170075e-01, 2.480973655126269550e-01
2.952397674704875241e-01, 1.008309790398485006e-01, 3.557898246867794989e-01, 2.481394288028845596e-01
2.952500881181083781e-01, 1.008275322762107185e-01, 3.557408596174090332e-01, 2.481815199882718426e-01
2.952603829490767495e-01, 1.008240972716660799e-01, 3.556918807156240203e-01, 2.482236390636331502e-01
2.952706519384379336e-01, 1.008206740253162897e-01, 3.556428880124595238e-01, 2.482657860237861280e-01
2.952808950612505479e-01, 1.008172625362595415e-01, 3.555938815389679819e-01, 2.483079608635218594e-01
2.952911122925863663e-01, 1.008138628035905038e-01, 3.555448613262184865e-01, 2.483501635776046712e-01
2.953013036075304854e-01, 1.008104748264003342e-01, 3.554958274052969491e-01, 2.483923941607721897e-01
2.953114689811812688e-01, 1.008070986037766237e-01, 3.554467798073067120e-01, 2.484346526077354234e-01
2.953216083886504584e-01, 1.008037341348034244e-01, 3.553977185633675484e-01, 2.484769389131786244e-01
2.953317218050632853e-01, 1.008003814185613328e-01, 3.553486437046162183e-01, 2.485192530717592052e-01
2.953418092055583033e-01, 1.007970404541272680e-01, 3.552995552622064679e-01, 2.485615950781080163e-01
2.953518705652875553e-01, 1.007937112405747071e-01, 3.552504532673088078e-01, 2.486039649268288743e-01
2.953619058594166291e-01, 1.007903937769736163e-01, 3.552013377511105130e-01, 2.486463626124992554e-01
2.953719150631247126e-01, 1.007870880623903814e-01, 3.551522087448156784e-01, 2.486887881296693248e-01
2.953818981516044828e-01, 1.007837940958878353e-01, 3.551030662796448856e-01, 2.487312414728627408e-01
2.953918551000622172e-01, 1.007805118765253416e-01, 3.550539103868360913e-01, 2.487737226365763221e-01
2.954017858837181265e-01, 1.007772414033586278e-01, 3.550047410976432949e-01, 2.488162316152799369e-01
2.954116904778057995e-01, 1.007739826754400353e-01, 3.549555584433373157e-01, 2.488587684034167524e-01
2.954215688575728138e-01, 1.007707356918182279e-01, 3.549063624552060148e-01, 2.489013329954028186e-01
2.954314209982804029e-01, 1.007675004515384415e-01, 3.548571531645536847e-01, 2.489439253856275680e-01
2.954412468752035670e-01, 1.007642769536422622e-01, 3.548079306027008273e-01, 2.489865455684534545e-01
2.954510464636314060e-01, 1.007610651971678761e-01, 3.547586948009850416e-01, 2.490291935382157318e-01
2.954608197388666757e-01, 1.007578651811497500e-01, 3.547094457907602472e-01, 2.490718692892232577e-01
2.954705666762262317e-01, 1.007546769046190893e-01, 3.546601836033970723e-01, 2.491145728157574679e-01
2.954802872510409184e-01, 1.007515003666033110e-01, 3.546109082702825765e-01, 2.491573041120731524e-01
2.954899814386554580e-01, 1.007483355661264318e-01, 3.545616198228200844e-01, 2.492000631723978732e-01
2.954996492144287834e-01, 1.007451825022089020e-01, 3.545123182924297955e-01, 2.492428499909324080e-01
2.955092905537339276e-01, 1.007420411738675775e-01, 3.544630037105480080e-01, 2.492856645618505285e-01
2.955189054319578013e-01, 1.007389115801158863e-01, 3.544136761086275622e-01, 2.493285068792987502e-01
2.955284938245018589e-01, 1.007357937199636622e-01, 3.543643355181376187e-01, 2.493713769373968325e-01
2.955380557067815994e-01, 1.007326875924172138e-01, 3.543149819705639358e-01, 2.494142747302373619e-01
2.955475910542267326e-01, 1.007295931964792696e-01, 3.542656154974082039e-01, 2.494572002518858078e-01
2.955570998422813456e-01, 1.007265105311491021e-01, 3.542162361301887663e-01, 2.495001534963807999e-01
2.955665820464037918e-01, 1.007234395954224176e-01, 3.541668439004402313e-01, 2.495431344577335453e-01
2.955760376420668578e-01, 1.007203803882913973e-01, 3.541174388397132500e-01, 2.495861431299285227e-01
2.955854666047578738e-01, 1.007173329087446556e-01, 3.540680209795749600e-01, 2.496291795069226771e-01
2.955948689099781590e-01, 1.007142971557672406e-01, 3.540185903516084309e-01, 2.496722435826460862e-01
2.956042445332441315e-01, 1.007112731283408141e-01, 3.539691469874132745e-01, 2.497153353510017382e-01
2.956135934500863649e-01, 1.007082608254433326e-01, 3.539196909186050344e-01, 2.497584548058653653e-01
2.956229156360499766e-01, 1.007052602460493246e-01, 3.538702221768151857e-01, 2.498016019410854160e-01
2.956322110666949610e-01, 1.007022713891297244e-01, 3.538207407936920235e-01, 2.498447767504833050e-01
2.956414797175956899e-01, 1.006992942536520247e-01, 3.537712468008990530e-01, 2.498879792278531631e-01
2.956507215643414122e-01, 1.006963288385799848e-01, 3.537217402301164881e-01, 2.499312093669620038e-01
2.956599365825360315e-01, 1.006933751428741031e-01, 3.536722211130403082e-01, 2.499744671615495850e-01
2.956691247477982176e-01, 1.006904331654911305e-01, 3.536226894813824795e-01, 2.500177526053282695e-01
2.956782860357614062e-01, 1.006875029053843351e-01, 3.535731453668709556e-01, 2.500610656919832753e-01
2.956874204220739100e-01, 1.006845843615034874e-01, 3.535235888012499550e-01, 2.501044064151726753e-01
2.956965278823990295e-01, 1.006816775327948471e-01, 3.534740198162790725e-01, 2.501477747685270647e-01
2.957056083924148870e-01, 1.006787824182010654e-01, 3.534244384437342790e-01, 2.501911707456498379e-01
2.957146619278144817e-01, 1.006758990166612550e-01, 3.533748447154071992e-01, 2.502345943401170780e-01
2.957236884643059671e-01, 1.006730273271110726e-01, 3.533252386631054454e-01, 2.502780455454775010e-01
2.957326879776125406e-01, 1.006701673484826087e-01, 3.532756203186523392e-01, 2.503215243552525116e-01
2.957416604434724428e-01, 1.006673190797043593e-01, 3.532259897138870230e-01, 2.503650307629362581e-01
2.957506058376389024e-01, 1.006644825197013648e-01, 3.531763468806645156e-01, 2.504085647619952448e-01
2.957595241358805249e-01, 1.006616576673950714e-01, 3.531266918508553787e-01, 2.504521263458688862e-01
2.957684153139811256e-01, 1.006588445217034833e-01, 3.530770246563462722e-01, 2.504957155079691744e-01
2.957772793477394524e-01, 1.006560430815409551e-01, 3.530273453290390107e-01, 2.505393322416806234e-01
2.957861162129698518e-01, 1.006532533458183443e-01, 3.529776539008516179e-01, 2.505829765403601583e-01
2.957949258855017693e-01, 1.006504753134430663e-01, 3.529279504037173831e-01, 2.506266483973377257e-01
2.958037083411804158e-01, 1.006477089833188315e-01, 3.528782348695854720e-01, 2.506703478059152945e-01
2.958124635558657123e-01, 1.006449543543459640e-01, 3.528285073304204822e-01, 2.507140747593678554e-01
2.958211915054336782e-01, 1.006422114254211797e-01, 3.527787678182024433e-01, 2.507578292509425322e-01
2.958298921657755987e-01, 1.006394801954376556e-01, 3.527290163649273724e-01, 2.508016112738593595e-01
2.958385655127979130e-01, 1.006367606632851130e-01, 3.526792530026062744e-01, 2.508454208213106162e-01
2.958472115224232701e-01, 1.006340528278496238e-01, 3.526294777632661970e-01, 2.508892578864609368e-01
2.958558301705892513e-01, 1.006313566880138177e-01, 3.525796906789490648e-01, 2.509331224624478662e-01
2.958644214332496469e-01, 1.006286722426567581e-01, 3.525298917817125677e-01, 2.509770145423810828e-01
2.958729852863735688e-01, 1.006259994906539140e-01, 3.524800811036297166e-01, 2.510209341193427313e-01
2.958815217059460601e-01, 1.006233384308773404e-01, 3.524302586767889545e-01, 2.510648811863877006e-01
2.958900306679675407e-01, 1.006206890621955258e-01, 3.523804245332941010e-01, 2.511088557365429574e-01
2.958985121484546954e-01, 1.006180513834732809e-01, 3.523305787052641302e-01, 2.511528577628079906e-01
2.959069661234398074e-01, 1.006154253935720999e-01, 3.522807212248334485e-01, 2.511968872581547552e-01
2.959153925689709808e-01, 1.006128110913497714e-01, 3.522308521241516721e-01, 2.512409442155276174e-01
2.959237914611123621e-01, 1.006102084756606285e-01, 3.521809714353836829e-01, 2.512850286278432432e-01
2.959321627759441409e-01, 1.006076175453554933e-01, 3.521310791907096838e-01, 2.513291404879907098e-01
2.959405064895622717e-01, 1.006050382992816072e-01, 3.520811754223248657e-01, 2.513732797888313386e-01
2.959488225780787518e-01, 1.006024707362826592e-01, 3.520312601624395743e-01, 2.514174465231991396e-01
2.959571110176217879e-01, 1.005999148551988270e-01, 3.519813334432794760e-01, 2.514616406838998675e-01
2.959653717843357401e-01, 1.005973706548668051e-01, 3.519313952970852810e-01, 2.515058622637121877e-01
2.959736048543808451e-01, 1.005948381341196518e-01, 3.518814457561127429e-01, 2.515501112553867324e-01
2.959818102039338261e-01, 1.005923172917870395e-01, 3.518314848526325478e-01, 2.515943876516466005e-01
2.959899878091876158e-01, 1.005898081266949212e-01, 3.517815126189305919e-01, 2.516386914451869128e-01
2.959981376463511338e-01, 1.005873106376658499e-01, 3.517315290873076483e-01, 2.516830226286753125e-01
2.960062596916498978e-01, 1.005848248235188258e-01, 3.516815342900795893e-01, 2.517273811947516871e-01
2.960143539213258013e-01, 1.005823506830692271e-01, 3.516315282595769420e-01, 2.517717671360280574e-01
2.960224203116367803e-01, 1.005798882151290319e-01, 3.515815110281454992e-01, 2.518161804450887997e-01
2.960304588388574243e-01, 1.005774374185065545e-01, 3.515314826281455973e-01, 2.518606211144903129e-01
2.960384694792790317e-01, 1.005749982920066676e-01, 3.514814430919527832e-01, 2.519050891367614620e-01
2.960464522092090545e-01, 1.005725708344307745e-01, 3.514313924519570365e-01, 2.519495845044030791e-01
2.960544070049715981e-01, 1.005701550445764619e-01, 3.513813307405634356e-01, 2.519941072098884072e-01
2.960623338429074214e-01, 1.005677509212381110e-01, 3.513312579901917698e-01, 2.520386572456627117e-01
2.960702326993738254e-01, 1.005653584632063835e-01, 3.512811742332764275e-01, 2.520832346041434469e-01
2.960781035507448200e-01, 1.005629776692684718e-01, 3.512310795022665633e-01, 2.521278392777201449e-01
2.960859463734111796e-01, 1.005606085382079878e-01, 3.511809738296261529e-01, 2.521724712587547490e-01
2.960937611437802208e-01, 1.005582510688050463e-01, 3.511308572478336054e-01, 2.522171305395810581e-01
2.961015478382764132e-01, 1.005559052598362368e-01, 3.510807297893823176e-01, 2.522618171125051156e-01
2.961093064333407687e-01, 1.005535711100745688e-01, 3.510305914867797306e-01, 2.523065309698048764e-01
2.961170369054312301e-01, 1.005512486182895543e-01, 3.509804423725482736e-01, 2.523512721037309281e-01
2.961247392310225601e-01, 1.005489377832472220e-01, 3.509302824792249753e-01, 2.523960405065053259e-01
2.961324133866066743e-01, 1.005466386037099091e-01, 3.508801118393609642e-01, 2.524408361703223691e-01
2.961400593486924193e-01, 1.005443510784366223e-01, 3.508299304855221901e-01, 2.524856590873487683e-01
2.961476770938055725e-01, 1.005420752061826628e-01, 3.507797384502889249e-01, 2.525305092497227566e-01
2.961552665984890087e-01, 1.005398109856998901e-01, 3.507295357662560398e-01, 2.525753866495550892e-01
2.961628278393027003e-01, 1.005375584157366109e-01, 3.506793224660325059e-01, 2.526202912789282107e-01
2.961703607928238280e-01, 1.005353174950375933e-01, 3.506290985822419493e-01, 2.526652231298967544e-01
2.961778654356467255e-01, 1.005330882223440525e-01, 3.505788641475218737e-01, 2.527101821944872651e-01
2.961853417443830461e-01, 1.005308705963937205e-01, 3.505286191945248264e-01, 2.527551684646983654e-01
2.961927896956614847e-01, 1.005286646159208042e-01, 3.504783637559169551e-01, 2.528001819325006450e-01
2.962002092661282227e-01, 1.005264702796558746e-01, 3.504280978643791178e-01, 2.528452225898368266e-01
2.962076004324468159e-01, 1.005242875863260887e-01, 3.503778215526059947e-01, 2.528902904286212117e-01
2.962149631712980291e-01, 1.005221165346549539e-01, 3.503275348533067546e-01, 2.529353854407402347e-01
2.962222974593801683e-01, 1.005199571233625633e-01, 3.502772377992047770e-01, 2.529805076180524637e-01
2.962296032734091367e-01, 1.005178093511654158e-01, 3.502269304230370972e-01, 2.530256569523882670e-01
2.962368805901181568e-01, 1.005156732167764855e-01, 3.501766127575555165e-01, 2.530708334355499245e-01
2.962441293862578817e-01, 1.005135487189051657e-01, 3.501262848355253254e-01, 2.531160370593115161e-01
2.962513496385968947e-01, 1.005114358562574500e-01, 3.500759466897262473e-01, 2.531612678154192553e-01
2.962585413239212095e-01, 1.005093346275356819e-01, 3.500255983529519943e-01, 2.532065256955911559e-01
2.962657044190344924e-01, 1.005072450314386523e-01, 3.499752398580098789e-01, 2.532518106915169209e-01
2.962728389007580621e-01, 1.005051670666617519e-01, 3.499248712377216464e-01, 2.532971227948586090e-01
2.962799447459311120e-01, 1.005031007318966524e-01, 3.498744925249226423e-01, 2.533424619972494130e-01
2.962870219314108211e-01, 1.005010460258317223e-01, 3.498241037524623676e-01, 2.533878282902952139e-01
2.962940704340716325e-01, 1.004990029471515972e-01, 3.497737049532038678e-01, 2.534332216655729719e-01
2.963010902308063077e-01, 1.004969714945374848e-01, 3.497232961600242329e-01, 2.534786421146320023e-01
2.963080812985254275e-01, 1.004949516666669984e-01, 3.496728774058143752e-01, 2.535240896289932544e-01
2.963150436141573363e-01, 1.004929434622142681e-01, 3.496224487234788070e-01, 2.535695642001494776e-01
2.963219771546486969e-01, 1.004909468798499267e-01, 3.495720101459361961e-01, 2.536150658195652774e-01
2.963288818969637695e-01, 1.004889619182409294e-01, 3.495215617061183111e-01, 2.536605944786768374e-01
2.963357578180853547e-01, 1.004869885760509007e-01, 3.494711034369710201e-01, 2.537061501688926413e-01
2.963426048950140723e-01, 1.004850268519397599e-01, 3.494206353714538471e-01, 2.537517328815923068e-01
2.963494231047685834e-01, 1.004830767445640122e-01, 3.493701575425397499e-01, 2.537973426081276962e-01
2.963562124243860341e-01, 1.004811382525764851e-01, 3.493196699832152863e-01, 2.538429793398221945e-01
2.963629728309216116e-01, 1.004792113746267174e-01, 3.492691727264807811e-01, 2.538886430679708761e-01
2.963697043014488219e-01, 1.004772961093604589e-01, 3.492186658053499371e-01, 2.539343337838408377e-01
2.963764068130594898e-01, 1.004753924554200317e-01, 3.491681492528498909e-01, 2.539800514786705876e-01
2.963830803428637028e-01, 1.004735004114443025e-01, 3.491176231020213794e-01, 2.540257961436705458e-01
2.963897248679900898e-01, 1.004716199760684742e-01, 3.490670873859185730e-01, 2.540715677700228770e-01
2.963963403655854312e-01, 1.004697511479243771e-01, 3.490165421376090205e-01, 2.541173663488811574e-01
2.964029268128154371e-01, 1.004678939256400672e-01, 3.489659873901735931e-01, 2.541631918713709304e-01
2.964094841868636365e-01, 1.004660483078403665e-01, 3.489154231767065961e-01, 2.542090443285892620e-01
2.964160124649329875e-01, 1.004642142931462812e-01, 3.488648495303155461e-01, 2.542549237116051297e-01
2.964225116242442670e-01, 1.004623918801755555e-01, 3.488142664841213381e-01, 2.543008300114589226e-01
2.964289816420372370e-01, 1.004605810675421179e-01, 3.487636740712580785e-01, 2.543467632191625527e-01
2.964354224955701445e-01, 1.004587818538566768e-01, 3.487130723248731412e-01, 2.543927233257000653e-01
2.964418341621202213e-01, 1.004569942377261105e-01, 3.486624612781269450e-01, 2.544387103220266400e-01
2.964482166189832957e-01, 1.004552182177539943e-01, 3.486118409641933424e-01, 2.544847241990694231e-01
2.964545698434738474e-01, 1.004534537925402399e-01, 3.485612114162588981e-01, 2.545307649477270839e-01
2.964608938129253413e-01, 1.004517009606812478e-01, 3.485105726675236659e-01, 2.545768325588697034e-01
2.964671885046901156e-01, 1.004499597207699768e-01, 3.484599247512006892e-01, 2.546229270233392183e-01
2.964734538961392718e-01, 1.004482300713957360e-01, 3.484092677005158345e-01, 2.546690483319490328e-01
2.964796899646631734e-01, 1.004465120111444204e-01, 3.483586015487081244e-01, 2.547151964754841846e-01
2.964858966876707802e-01, 1.004448055385982891e-01, 3.483079263290296268e-01, 2.547613714447013455e-01
2.964920740425902035e-01, 1.004431106523361178e-01, 3.482572420747451769e-01, 2.548075732303284879e-01
2.964982220068688723e-01, 1.004414273509331434e-01, 3.482065488191325997e-01, 2.548538018230654401e-01
2.965043405579729230e-01, 1.004397556329610919e-01, 3.481558465954825432e-01, 2.549000572135834419e-01
2.965104296733880318e-01, 1.004380954969881640e-01, 3.481051354370985340e-01, 2.549463393925252008e-01
2.965164893306185823e-01, 1.004364469415790079e-01, 3.480544153772971994e-01, 2.549926483505051689e-01
2.965225195071888309e-01, 1.004348099652946774e-01, 3.480036864494072679e-01, 2.550389840781090989e-01
2.965285201806418525e-01, 1.004331845666928680e-01, 3.479529486867707910e-01, 2.550853465658944885e-01
2.965344913285397621e-01, 1.004315707443275696e-01, 3.479022021227424211e-01, 2.551317358043900807e-01
2.965404329284649365e-01, 1.004299684967493722e-01, 3.478514467906893559e-01, 2.551781517840963076e-01
2.965463449580182376e-01, 1.004283778225052715e-01, 3.478006827239915610e-01, 2.552245944954849577e-01
2.965522273948203447e-01, 1.004267987201386964e-01, 3.477499099560415474e-01, 2.552710639289994532e-01
2.965580802165114216e-01, 1.004252311881896342e-01, 3.476991285202443716e-01, 2.553175600750544616e-01
2.965639034007510610e-01, 1.004236752251945058e-01, 3.476483384500178575e-01, 2.553640829240366728e-01
2.965696969252184512e-01, 1.004221308296861792e-01, 3.475975397787920418e-01, 2.554106324663033556e-01
2.965754607676122090e-01, 1.004205980001940668e-01, 3.475467325400098395e-01, 2.554572086921839125e-01
2.965811949056508801e-01, 1.004190767352439173e-01, 3.474959167671261562e-01, 2.555038115919790465e-01
2.965868993170724388e-01, 1.004175670333581211e-01, 3.474450924936086094e-01, 2.555504411559607059e-01
2.965925739796346217e-01, 1.004160688930554324e-01, 3.473942597529374177e-01, 2.555970973743725838e-01
2.965982188711149825e-01, 1.004145823128510251e-01, 3.473434185786046791e-01, 2.556437802374293411e-01
2.966038339693107817e-01, 1.004131072912567146e-01, 3.472925690041150926e-01, 2.556904897353175499e-01
2.966094192520389861e-01, 1.004116438267806249e-01, 3.472417110629855697e-01, 2.557372258581948055e-01
2.966149746971367684e-01, 1.004101919179274660e-01, 3.471908447887452898e-01, 2.557839885961903925e-01
2.966205002824610082e-01, 1.004087515631983812e-01, 3.471399702149358668e-01, 2.558307779394047299e-01
2.966259959858883466e-01, 1.004073227610909336e-01, 3.470890873751107386e-01, 2.558775938779098702e-01
2.966314617853159641e-01, 1.004059055100992165e-01, 3.470381963028357775e-01, 2.559244364017490003e-01
2.966368976586603590e-01, 1.004044998087138263e-01, 3.469872970316889571e-01, 2.559713055009367744e-01
2.966423035838586797e-01, 1.004031056554217233e-01, 3.469363895952602417e-01, 2.560182011654593137e-01
2.966476795388678367e-01, 1.004017230487064399e-01, 3.468854740271517523e-01, 2.560651233852739850e-01
2.966530255016651130e-01, 1.004003519870479560e-01, 3.468345503609773783e-01, 2.561120721503095110e-01
2.966583414502477756e-01, 1.003989924689227126e-01, 3.467836186303635548e-01, 2.561590474504659709e-01
2.966636273626334086e-01, 1.003976444928035699e-01, 3.467326788689482076e-01, 2.562060492756148555e-01
2.966688832168599133e-01, 1.003963080571600164e-01, 3.466817311103813082e-01, 2.562530776155987344e-01
2.966741089909856188e-01, 1.003949831604578347e-01, 3.466307753883247078e-01, 2.563001324602318665e-01
2.966793046630888386e-01, 1.003936698011594353e-01, 3.465798117364523590e-01, 2.563472137992994226e-01
2.966844702112684806e-01, 1.003923679777235511e-01, 3.465288401884496494e-01, 2.563943216225583188e-01
2.966896056136439919e-01, 1.003910776886055845e-01, 3.464778607780141240e-01, 2.564414559197364385e-01
2.966947108483550255e-01, 1.003897989322571349e-01, 3.464268735388548182e-01, 2.564886166805330214e-01
2.966997858935620513e-01, 1.003885317071265687e-01, 3.463758785046927025e-01, 2.565358038946187191e-01
2.967048307274459118e-01, 1.003872760116585189e-01, 3.463248757092602381e-01, 2.565830175516353173e-01
2.967098453282080439e-01, 1.003860318442941907e-01, 3.462738651863017103e-01, 2.566302576411960690e-01
2.967148296740703683e-01, 1.003847992034712644e-01, 3.462228469695731170e-01, 2.566775241528853058e-01
2.967197837432757335e-01, 1.003835780876238259e-01, 3.461718210928417250e-01, 2.567248170762587156e-01
2.967247075140876933e-01, 1.003823684951825751e-01, 3.461207875898866249e-01, 2.567721364008431761e-01
2.967296009647903410e-01, 1.003811704245744646e-01, 3.460697464944983426e-01, 2.568194821161368102e-01
2.967344640736887529e-01, 1.003799838742231443e-01, 3.460186978404790059e-01, 2.568668542116092079e-01
2.967392968191085445e-01, 1.003788088425485725e-01, 3.459676416616419559e-01, 2.569142526767009271e-01
2.967440991793966476e-01, 1.003776453279673631e-01, 3.459165779918122463e-01, 2.569616775008238263e-01
2.967488711329204221e-01, 1.003764933288923689e-01, 3.458655068648260333e-01, 2.570091286733610647e-01
2.967536126580685996e-01, 1.003753528437331538e-01, 3.458144283145312414e-01, 2.570566061836670468e-01
2.967583237332506174e-01, 1.003742238708956458e-01, 3.457633423747866197e-01, 2.571041100210672559e-01
2.967630043368970072e-01, 1.003731064087822061e-01, 3.457122490794624081e-01, 2.571516401748584202e-01
2.967676544474593947e-01, 1.003720004557916989e-01, 3.456611484624402819e-01, 2.571991966343085689e-01
2.967722740434106110e-01, 1.003709060103195466e-01, 3.456100405576130186e-01, 2.572467793886568099e-01
2.967768631032443594e-01, 1.003698230707575773e-01, 3.455589253988843312e-01, 2.572943884271137183e-01
2.967814216054758258e-01, 1.003687516354941217e-01, 3.455078030201695349e-01, 2.573420237388605036e-01
2.967859495286412908e-01, 1.003676917029139443e-01, 3.454566734553947138e-01, 2.573896853130501761e-01
2.967904468512982952e-01, 1.003666432713983397e-01, 3.454055367384969433e-01, 2.574373731388064912e-01
2.967949135520255854e-01, 1.003656063393250225e-01, 3.453543929034247895e-01, 2.574850872052245609e-01
2.967993496094235018e-01, 1.003645809050682236e-01, 3.453032419841375322e-01, 2.575328275013706314e-01
2.968037550021137561e-01, 1.003635669669987046e-01, 3.452520840146054426e-01, 2.575805940162820828e-01
2.968081297087390991e-01, 1.003625645234835634e-01, 3.452009190288097829e-01, 2.576283867389675408e-01
2.968124737079642084e-01, 1.003615735728864838e-01, 3.451497470607425844e-01, 2.576762056584065985e-01
2.968167869784750224e-01, 1.003605941135676388e-01, 3.450985681444069808e-01, 2.577240507635502609e-01
2.968210694989790732e-01, 1.003596261438836207e-01, 3.450473823138168750e-01, 2.577719220433205005e-01
2.968253212482054870e-01, 1.003586696621875246e-01, 3.449961896029966613e-01, 2.578198194866102022e-01
2.968295422049050947e-01, 1.003577246668289347e-01, 3.449449900459821139e-01, 2.578677430822839400e-01
2.968337323478500989e-01, 1.003567911561538545e-01, 3.448937836768191656e-01, 2.579156928191769227e-01
2.968378916558348513e-01, 1.003558691285048321e-01, 3.448425705295646293e-01, 2.579636686860957151e-01
2.968420201076751308e-01, 1.003549585822209461e-01, 3.447913506382860316e-01, 2.580116706718179609e-01
2.968461176822086434e-01, 1.003540595156375559e-01, 3.447401240370616127e-01, 2.580596987650922713e-01
2.968501843582946886e-01, 1.003531719270867456e-01, 3.446888907599799934e-01, 2.581077529546385585e-01
2.968542201148148818e-01, 1.003522958148969219e-01, 3.446376508411404527e-01, 2.581558332291478131e-01
2.968582249306722654e-01, 1.003514311773929801e-01, 3.445864043146527611e-01, 2.582039395772820489e-01
2.968621987847920307e-01, 1.003505780128963742e-01, 3.445351512146372919e-01, 2.582520719876743032e-01
2.968661416561214628e-01, 1.003497363197249637e-01, 3.444838915752246877e-01, 2.583002304489289136e-01
2.968700535236296623e-01, 1.003489060961930968e-01, 3.444326254305560275e-01, 2.583484149496211302e-01
2.968739343663080454e-01, 1.003480873406116941e-01, 3.443813528147829373e-01, 2.583966254782973926e-01
2.968777841631697889e-01, 1.003472800512880542e-01, 3.443300737620671459e-01, 2.584448620234751082e-01
2.968816028932504958e-01, 1.003464842265259227e-01, 3.442787883065808741e-01, 2.584931245736427075e-01
2.968853905356078626e-01, 1.003456998646256731e-01, 3.442274964825065009e-01, 2.585414131172600327e-01
2.968891470693216794e-01, 1.003449269638840430e-01, 3.441761983240367861e-01, 2.585897276427575053e-01
2.968928724734942737e-01, 1.003441655225943141e-01, 3.441248938653743150e-01, 2.586380681385370139e-01
2.968965667272500664e-01, 1.003434155390461879e-01, 3.440735831407323864e-01, 2.586864345929712483e-01
2.969002298097359049e-01, 1.003426770115259381e-01, 3.440222661843340690e-01, 2.587348269944041435e-01
2.969038617001208968e-01, 1.003419499383161467e-01, 3.439709430304125348e-01, 2.587832453311503245e-01
2.969074623775967980e-01, 1.003412343176961347e-01, 3.439196137132110032e-01, 2.588316895914961058e-01
2.969110318213774580e-01, 1.003405301479415312e-01, 3.438682782669829074e-01, 2.588801597636982699e-01
2.969145700106996522e-01, 1.003398374273244548e-01, 3.438169367259913400e-01, 2.589286558359846224e-01
2.969180769248225271e-01, 1.003391561541135124e-01, 3.437655891245096629e-01, 2.589771777965543254e-01
2.969215525430275449e-01, 1.003384863265739113e-01, 3.437142354968208968e-01, 2.590257256335776193e-01
2.969249968446193710e-01, 1.003378279429671671e-01, 3.436628758772181658e-01, 2.590742993351953793e-01
2.969284098089245982e-01, 1.003371810015513815e-01, 3.436115103000041415e-01, 2.591228988895198371e-01
2.969317914152931892e-01, 1.003365455005812007e-01, 3.435601387994915434e-01, 2.591715242846340805e-01
2.969351416430972557e-01, 1.003359214383075654e-01, 3.435087614100027498e-01, 2.592201755085922210e-01
2.969384604717323350e-01, 1.003353088129780857e-01, 3.434573781658699088e-01, 2.592688525494195595e-01
2.969417478806162802e-01, 1.003347076228367496e-01, 3.434059891014348276e-01, 2.593175553951121981e-01
2.969450038491899813e-01, 1.003341178661240896e-01, 3.433545942510488058e-01, 2.593662840336372066e-01
2.969482283569170322e-01, 1.003335395410770714e-01, 3.433031936490729130e-01, 2.594150384529329556e-01
2.969514213832842864e-01, 1.003329726459291499e-01, 3.432517873298780442e-01, 2.594638186409084502e-01
2.969545829078013566e-01, 1.003324171789103381e-01, 3.432003753278442537e-01, 2.595126245854439961e-01
2.969577129100008928e-01, 1.003318731382471102e-01, 3.431489576773612549e-01, 2.595614562743908116e-01
2.969608113694387486e-01, 1.003313405221623184e-01, 3.430975344128279758e-01, 2.596103136955709711e-01
2.969638782656935927e-01, 1.003308193288754008e-01, 3.430461055686533367e-01, 2.596591968367775727e-01
2.969669135783675196e-01, 1.003303095566023262e-01, 3.429946711792551950e-01, 2.597081056857749592e-01
2.969699172870855497e-01, 1.003298112035554551e-01, 3.429432312790607895e-01, 2.597570402302982751e-01
2.969728893714961848e-01, 1.003293242679436231e-01, 3.428917859025068515e-01, 2.598060004580533544e-01
2.969758298112707973e-01, 1.003288487479722935e-01, 3.428403350840393826e-01, 2.598549863567176099e-01
2.969787385861043516e-01, 1.003283846418432379e-01, 3.427888788581134882e-01, 2.599039979139388112e-01
2.969816156757151826e-01, 1.003279319477548281e-01, 3.427374172591935997e-01, 2.599530351173363063e-01
2.969844610598447732e-01, 1.003274906639019248e-01, 3.426859503217531966e-01, 2.600020979545000221e-01
2.969872747182580874e-01, 1.003270607884758359e-01, 3.426344780802751400e-01, 2.600511864129908535e-01
2.969900566307436818e-01, 1.003266423196643720e-01, 3.425830005692510616e-01, 2.601003004803408292e-01
2.969928067771134272e-01, 1.003262352556518050e-01, 3.425315178231818636e-01, 2.601494401440528903e-01
2.969955251372027316e-01, 1.003258395946189652e-01, 3.424800298765774409e-01, 2.601986053916008346e-01
2.969982116908706504e-01, 1.003254553347430744e-01, 3.424285367639566813e-01, 2.602477962104295939e-01
2.970008664179998314e-01, 1.003250824741979547e-01, 3.423770385198471877e-01, 2.602970125879550123e-01
2.970034892984965702e-01, 1.003247210111538473e-01, 3.423255351787857781e-01, 2.603462545115637350e-01
2.970060803122908100e-01, 1.003243709437774966e-01, 3.422740267753182075e-01, 2.603955219686137079e-01
2.970086394393360862e-01, 1.003240322702321358e-01, 3.422225133439985578e-01, 2.604448149464332896e-01
2.970111666596100264e-01, 1.003237049886774868e-01, 3.421709949193901812e-01, 2.604941334323223057e-01
2.970136619531137945e-01, 1.003233890972698161e-01, 3.421194715360650895e-01, 2.605434774135513276e-01
2.970161252998724799e-01, 1.003230845941617405e-01, 3.420679432286038990e-01, 2.605928468773618945e-01
2.970185566799350974e-01, 1.003227914775025736e-01, 3.420164100315958855e-01, 2.606422418109665129e-01
2.970209560733744758e-01, 1.003225097454379239e-01, 3.419648719796391512e-01, 2.606916622015484353e-01
2.970233234602875361e-01, 1.003222393961100273e-01, 3.419133291073402914e-01, 2.607411080362622702e-01
2.970256588207949022e-01, 1.003219804276575672e-01, 3.418617814493143947e-01, 2.607905793022330387e-01
2.970279621350417898e-01, 1.003217328382156603e-01, 3.418102290401852095e-01, 2.608400759865572849e-01
2.970302333831968955e-01, 1.003214966259160373e-01, 3.417586719145848662e-01, 2.608895980763021871e-01
2.970324725454533965e-01, 1.003212717888868344e-01, 3.417071101071540440e-01, 2.609391455585056696e-01
2.970346796020285063e-01, 1.003210583252526766e-01, 3.416555436525418599e-01, 2.609887184201769572e-01
2.970368545331636412e-01, 1.003208562331347475e-01, 3.416039725854054798e-01, 2.610383166482959649e-01
2.970389973191244204e-01, 1.003206655106506362e-01, 3.415523969404110072e-01, 2.610879402298138530e-01
2.970411079402009435e-01, 1.003204861559145872e-01, 3.415008167522324278e-01, 2.611375891516522496e-01
2.970431863767070690e-01, 1.003203181670370703e-01, 3.414492320555517768e-01, 2.611872634007040839e-01
2.970452326089817463e-01, 1.003201615421253912e-01, 3.413976428850598044e-01, 2.612369629638331414e-01
2.970472466173877946e-01, 1.003200162792829558e-01, 3.413460492754552544e-01, 2.612866878278740645e-01
2.970492283823126245e-01, 1.003198823766100617e-01, 3.412944512614448089e-01, 2.613364379796325188e-01
2.970511778841680717e-01, 1.003197598322032730e-01, 3.412428488777436431e-01, 2.613862134058850262e-01
2.970530951033905631e-01, 1.003196486441556845e-01, 3.411912421590746480e-01, 2.614360140933790766e-01
2.970549800204410618e-01, 1.003195488105568661e-01, 3.411396311401689863e-01, 2.614858400288330165e-01
2.970568326158050110e-01, 1.003194603294929738e-01, 3.410880158557657027e-01, 2.615356911989363820e-01
2.970586528699925566e-01, 1.003193831990466106e-01, 3.410363963406116694e-01, 2.615855675903492328e-01
2.970604407635384359e-01, 1.003193174172967717e-01, 3.409847726294620296e-01, 2.616354691897028739e-01
2.970621962770021995e-01, 1.003192629823191490e-01, 3.409331447570791984e-01, 2.616853959835995225e-01
2.970639193909680453e-01, 1.003192198921858680e-01, 3.408815127582340843e-01, 2.617353479586119747e-01
2.970656100860449844e-01, 1.003191881449654183e-01, 3.408298766677050340e-01, 2.617853251012844940e-01
2.970672683428668970e-01, 1.003191677387229169e-01, 3.407782365202782215e-01, 2.618353273981319229e-01
2.970688941420923102e-01, 1.003191586715200256e-01, 3.407265923507474814e-01, 2.618853548356401828e-01
2.970704874644050086e-01, 1.003191609414147423e-01, 3.406749441939143086e-01, 2.619354074002658850e-01
2.970720482905133686e-01, 1.003191745464617340e-01, 3.406232920845881917e-01, 2.619854850784369416e-01
2.970735766011507462e-01, 1.003191994847119767e-01, 3.405716360575855028e-01, 2.620355878565517882e-01
2.970750723770759216e-01, 1.003192357542131569e-01, 3.405199761477308296e-01, 2.620857157209800503e-01
2.970765355990723222e-01, 1.003192833530093669e-01, 3.404683123898559760e-01, 2.621358686580623765e-01
2.970779662479484662e-01, 1.003193422791411604e-01, 3.404166448188003513e-01, 2.621860466541101053e-01
2.970793643045382959e-01, 1.003194125306456491e-01, 3.403649734694105811e-01, 2.622362496954055988e-01
2.970807297497005117e-01, 1.003194941055563782e-01, 3.403132983765410624e-01, 2.622864777682020754e-01
2.970820625643194601e-01, 1.003195870019035207e-01, 3.402616195750531869e-01, 2.623367308587238322e-01
2.970833627293044676e-01, 1.003196912177136274e-01, 3.402099370998159511e-01, 2.623870089531660232e-01
2.970846302255900073e-01, 1.003198067510098074e-01, 3.401582509857053460e-01, 2.624373120376947699e-01
2.970858650341363094e-01, 1.003199335998116448e-01, 3.401065612676049121e-01, 2.624876400984471059e-01
2.970870671359284731e-01, 1.003200717621353377e-01, 3.400548679804051844e-01, 2.625379931215309770e-01
2.970882365119774660e-01, 1.003202212359933926e-01, 3.400031711590039141e-01, 2.625883710930252968e-01
2.970893731433192353e-01, 1.003203820193949714e-01, 3.399514708383060135e-01, 2.626387739989797243e-01
2.970904770110155968e-01, 1.003205541103456971e-01, 3.398997670532233895e-01, 2.626892018254152195e-01
2.970915480961536792e-01, 1.003207375068477236e-01, 3.398480598386751095e-01, 2.627396545583235432e-01
2.970925863798460909e-01, 1.003209322068996379e-01, 3.397963492295871246e-01, 2.627901321836672577e-01
2.970935918432311418e-01, 1.003211382084965991e-01, 3.397446352608923803e-01, 2.628406346873798927e-01
2.970945644674728436e-01, 1.003213555096302556e-01, 3.396929179675308719e-01, 2.628911620553660011e-01
2.970955042337607432e-01, 1.003215841082887305e-01, 3.396411973844493115e-01, 2.629417142735011592e-01
2.970964111233101446e-01, 1.003218240024567331e-01, 3.395894735466014058e-01, 2.629922913276317442e-01
2.970972851173621088e-01, 1.003220751901153646e-01, 3.395377464889474672e-01, 2.630428932035751011e-01
2.970981261971835097e-01, 1.003223376692423674e-01, 3.394860162464546915e-01, 2.630935198871194869e-01
2.970989343440668118e-01, 1.003226114378118206e-01, 3.394342828540969914e-01, 2.631441713640243485e-01
2.970997095393307363e-01, 1.003228964937945555e-01, 3.393825463468549408e-01, 2.631948476200197118e-01
2.971004517643196507e-01, 1.003231928351576707e-01, 3.393308067597158306e-01, 2.632455486408069034e-01
2.971011610004037906e-01, 1.003235004598649061e-01, 3.392790641276733909e-01, 2.632962744120579401e-01
2.971018372289795373e-01, 1.003238193658764349e-01, 3.392273184857281243e-01, 2.633470249194159729e-01
2.971024804314691403e-01, 1.003241495511490444e-01, 3.391755698688868059e-01, 2.633978001484949538e-01
2.971030905893210505e-01, 1.003244910136359413e-01, 3.391238183121629279e-01, 2.634486000848799692e-01
2.971036676840098090e-01, 1.003248437512868907e-01, 3.390720638505763662e-01, 2.634994247141269619e-01
2.971042116970359914e-01, 1.003252077620481464e-01, 3.390203065191531584e-01, 2.635502740217627871e-01
2.971047226099260974e-01, 1.003255830438624235e-01, 3.389685463529260034e-01, 2.636011479932854895e-01
2.971052004042333827e-01, 1.003259695946691066e-01, 3.389167833869337620e-01, 2.636520466141637487e-01
2.971056450615369160e-01, 1.003263674124039023e-01, 3.388650176562216232e-01, 2.637029698698376001e-01
2.971060565634423001e-01, 1.003267764949992008e-01, 3.388132491958409931e-01, 2.637539177457175477e-01
2.971064348915811726e-01, 1.003271968403837422e-01, 3.387614780408494397e-01, 2.638048902271856733e-01
2.971067800276117610e-01, 1.003276284464828805e-01, 3.387097042263108038e-01, 2.638558872995946936e-01
2.971070919532185495e-01, 1.003280713112184863e-01, 3.386579277872948102e-01, 2.639069089482681818e-01
2.971073706501127232e-01, 1.003285254325089054e-01, 3.386061487588774566e-01, 2.639579551585009010e-01
2.971076161000315574e-01, 1.003289908082690696e-01, 3.385543671761406803e-01, 2.640090259155586372e-01
2.971078282847389729e-01, 1.003294674364102607e-01, 3.385025830741726360e-01, 2.640601212046781998e-01
2.971080071860257021e-01, 1.003299553148404855e-01, 3.384507964880669739e-01, 2.641112410110669773e-01
2.971081527857085125e-01, 1.003304544414641147e-01, 3.383990074529233949e-01, 2.641623853199039362e-01
2.971082650656313717e-01, 1.003309648141821192e-01, 3.383472160038480392e-01, 2.642135541163385670e-01
2.971083440076644488e-01, 1.003314864308919446e-01, 3.382954221759519875e-01, 2.642647473854916051e-01
2.971083895937050579e-01, 1.003320192894875673e-01, 3.382436260043526488e-01, 2.643159651124546983e-01
2.971084018056767140e-01, 1.003325633878594803e-01, 3.381918275241732053e-01, 2.643672072822907393e-01
2.971083806255301885e-01, 1.003331187238946931e-01, 3.381400267705420570e-01, 2.644184738800330337e-01
2.971083260352427868e-01, 1.003336852954767461e-01, 3.380882237785937661e-01, 2.644697648906866871e-01
2.971082380168187931e-01, 1.003342631004856544e-01, 3.380364185834683899e-01, 2.645210802992271626e-01
2.971081165522891920e-01, 1.003348521367980195e-01, 3.379846112203113706e-01, 2.645724200906013346e-01
2.971079616237122245e-01, 1.003354524022869593e-01, 3.379328017242738680e-01, 2.646237842497269344e-01
2.971077732131727767e-01, 1.003360638948220529e-01, 3.378809901305124264e-01, 2.646751727614927718e-01
2.971075513027827686e-01, 1.003366866122693407e-01, 3.378291764741892522e-01, 2.647265856107586246e-01
2.971072958746814319e-01, 1.003373205524915879e-01, 3.377773607904716591e-01, 2.647780227823552934e-01
2.971070069110346989e-01, 1.003379657133479930e-01, 3.377255431145326225e-01, 2.648294842610848243e-01
2.971066843940359248e-01, 1.003386220926941186e-01, 3.376737234815499478e-01, 2.648809700317200089e-01
2.971063283059053317e-01, 1.003392896883823077e-01, 3.376219019267076016e-01, 2.649324800790048839e-01
2.971059386288906201e-01, 1.003399684982612255e-01, 3.375700784851937697e-01, 2.649840143876543985e-01
2.971055153452665243e-01, 1.003406585201761514e-01, 3.375182531922025775e-01, 2.650355729423547468e-01
2.971050584373350345e-01, 1.003413597519688810e-01, 3.374664260829329798e-01, 2.650871557277630353e-01
2.971045678874255636e-01, 1.003420721914777408e-01, 3.374145971925892606e-01, 2.651387627285074489e-01
2.971040436778948912e-01, 1.003427958365375738e-01, 3.373627665563804223e-01, 2.651903939291871959e-01
2.971034857911268867e-01, 1.003435306849796982e-01, 3.373109342095208518e-01, 2.652420493143725078e-01
2.971028942095330638e-01, 1.003442767346320458e-01, 3.372591001872298211e-01, 2.652937288686049166e-01
2.971022689155525254e-01, 1.003450339833190236e-01, 3.372072645247315981e-01, 2.653454325763969779e-01
2.971016098916512971e-01, 1.003458024288615552e-01, 3.371554272572551136e-01, 2.653971604222320479e-01
2.971009171203236598e-01, 1.003465820690771365e-01, 3.371035884200344057e-01, 2.654489123905648396e-01
2.971001905840909285e-01, 1.003473729017797383e-01, 3.370517480483082307e-01, 2.655006884658210331e-01
2.970994302655021735e-01, 1.003481749247799315e-01, 3.369999061773202298e-01, 2.655524886323976652e-01
2.970986361471342208e-01, 1.003489881358847063e-01, 3.369480628423186519e-01, 2.656043128746624626e-01
2.970978082115913743e-01, 1.003498125328977225e-01, 3.368962180785565197e-01, 2.656561611769544529e-01
2.970969464415056938e-01, 1.003506481136190315e-01, 3.368443719212913523e-01, 2.657080335235837421e-01
2.970960508195372718e-01, 1.003514948758453540e-01, 3.367925244057855538e-01, 2.657599298988317371e-01
2.970951213283735126e-01, 1.003523528173697749e-01, 3.367406755673059693e-01, 2.658118502869507016e-01
2.970941579507299646e-01, 1.003532219359820205e-01, 3.366888254411238290e-01, 2.658637946721640888e-01
2.970931606693498206e-01, 1.003541022294684171e-01, 3.366369740625151374e-01, 2.659157630386666527e-01
2.970921294670043622e-01, 1.003549936956116273e-01, 3.365851214667600622e-01, 2.659677553706240039e-01
2.970910643264927931e-01, 1.003558963321909830e-01, 3.365332676891431007e-01, 2.660197716521730538e-01
2.970899652306422389e-01, 1.003568101369823884e-01, 3.364814127649535247e-01, 2.660718118674219590e-01
2.970888321623076922e-01, 1.003577351077581253e-01, 3.364295567294845468e-01, 2.661238760004497328e-01
2.970876651043722338e-01, 1.003586712422871452e-01, 3.363776996180338208e-01, 2.661759640353068002e-01
2.970864640397473666e-01, 1.003596185383348743e-01, 3.363258414659031081e-01, 2.662280759560147203e-01
2.970852289513721822e-01, 1.003605769936633113e-01, 3.362739823083984447e-01, 2.662802117465659646e-01
2.970839598222144162e-01, 1.003615466060309436e-01, 3.362221221808300298e-01, 2.663323713909246382e-01
2.970826566352695597e-01, 1.003625273731928447e-01, 3.361702611185120038e-01, 2.663845548730255364e-01
2.970813193735617475e-01, 1.003635192929005493e-01, 3.361183991567627816e-01, 2.664367621767749772e-01
2.970799480201429810e-01, 1.003645223629022476e-01, 3.360665363309045528e-01, 2.664889932860501909e-01
2.970785425580939054e-01, 1.003655365809425493e-01, 3.360146726762636704e-01, 2.665412481846998749e-01
2.970771029705230881e-01, 1.003665619447627055e-01, 3.359628082281703176e-01, 2.665935268565438054e-01
2.970756292405680177e-01, 1.003675984521004150e-01, 3.359109430219586745e-01, 2.666458292853729484e-01
2.970741213513941048e-01, 1.003686461006899344e-01, 3.358590770929664737e-01, 2.666981554549494038e-01
2.970725792861955150e-01, 1.003697048882621345e-01, 3.358072104765355004e-01, 2.667505053490067946e-01
2.970710030281947245e-01, 1.003707748125443611e-01, 3.357553432080113143e-01, 2.668028789512496002e-01
2.970693925606429642e-01, 1.003718558712605041e-01, 3.357034753227429724e-01, 2.668552762453536564e-01
2.970677478668196092e-01, 1.003729480621309983e-01, 3.356516068560833621e-01, 2.669076972149660998e-01
2.970660689300330115e-01, 1.003740513828728642e-01, 3.355997378433889788e-01, 2.669601418437052009e-01
2.970643557336198337e-01, 1.003751658311995976e-01, 3.355478683200198153e-01, 2.670126101151607534e-01
2.970626082609458818e-01, 1.003762914048212523e-01, 3.354959983213394170e-01, 2.670651020128934072e-01
2.970608264954051059e-01, 1.003774281014444963e-01, 3.354441278827149930e-01, 2.671176175204353909e-01
2.970590104204205995e-01, 1.003785759187724863e-01, 3.353922570395169722e-01, 2.671701566212900114e-01
2.970571600194439887e-01, 1.003797348545048818e-01, 3.353403858271192806e-01, 2.672227192989319877e-01
2.970552752759558213e-01, 1.003809049063379699e-01, 3.352885142808990082e-01, 2.672753055368070618e-01
2.970533561734655659e-01, 1.003820860719645269e-01, 3.352366424362371311e-01, 2.673279153183327761e-01
2.970514026955113351e-01, 1.003832783490739289e-01, 3.351847703285172897e-01, 2.673805486268974185e-01
2.970494148256604405e-01, 1.003844817353520269e-01, 3.351328979931266772e-01, 2.674332054458608554e-01
2.970473925475090593e-01, 1.003856962284813137e-01, 3.350810254654554843e-01, 2.674858857585541427e-01
2.970453358446821235e-01, 1.003869218261407154e-01, 3.350291527808972325e-01, 2.675385895482799148e-01
2.970432447008339860e-01, 1.003881585260058412e-01, 3.349772799748484409e-01, 2.675913167983118290e-01
2.970411190996477546e-01, 1.003894063257486924e-01, 3.349254070827085705e-01, 2.676440674918949547e-01
2.970389590248357914e-01, 1.003906652230379531e-01, 3.348735341398804133e-01, 2.676968416122457728e-01
2.970367644601396018e-01, 1.003919352155388800e-01, 3.348216611817694255e-01, 2.677496391425520650e-01
2.970345353893297791e-01, 1.003932163009131490e-01, 3.347697882437840611e-01, 2.678024600659729693e-01
2.970322717962062264e-01, 1.003945084768190360e-01, 3.347179153613358271e-01, 2.678553043656389243e-01
2.970299736645978794e-01, 1.003958117409114170e-01, 3.346660425698388397e-01, 2.679081720246518916e-01
2.970276409783633165e-01, 1.003971260908416568e-01, 3.346141699047099349e-01, 2.679610630260850779e-01
2.970252737213899819e-01, 1.003984515242577480e-01, 3.345622974013692241e-01, 2.680139773529830460e-01
2.970228718775951848e-01, 1.003997880388042135e-01, 3.345104250952387615e-01, 2.680669149883618818e-01
2.970204354309251560e-01, 1.004011356321220655e-01, 3.344585530217438762e-01, 2.681198759152089717e-01
2.970179643653556578e-01, 1.004024943018489852e-01, 3.344066812163122293e-01, 2.681728601164831693e-01
2.970154586648923734e-01, 1.004038640456190734e-01, 3.343548097143740350e-01, 2.682258675751145183e-01
2.970129183135696849e-01, 1.004052448610630727e-01, 3.343029385513621721e-01, 2.682788982740050288e-01
2.970103432954520617e-01, 1.004066367458083808e-01, 3.342510677627120175e-01, 2.683319521960274012e-01
2.970077335946335606e-01, 1.004080396974787320e-01, 3.341991973838612795e-01, 2.683850293240264695e-01
2.970050891952374927e-01, 1.004094537136945575e-01, 3.341473274502499424e-01, 2.684381296408179240e-01
2.970024100814170898e-01, 1.004108787920728746e-01, 3.340954579973205441e-01, 2.684912531291894222e-01
2.969996962373551153e-01, 1.004123149302272172e-01, 3.340435890605178426e-01, 2.685443997718998110e-01
2.969969476472640313e-01, 1.004137621257675805e-01, 3.339917206752889278e-01, 2.685975695516793493e-01
2.969941642953862759e-01, 1.004152203763006568e-01, 3.339398528770831098e-01, 2.686507624512299297e-01
2.969913461659937637e-01, 1.004166896794297104e-01, 3.338879857013516972e-01, 2.687039784532249120e-01
2.969884932433883851e-01, 1.004181700327544807e-01, 3.338361191835482189e-01, 2.687572175403090124e-01
2.969856055119017291e-01, 1.004196614338712934e-01, 3.337842533591283689e-01, 2.688104796950985809e-01
2.969826829558955272e-01, 1.004211638803730600e-01, 3.337323882635498951e-01, 2.688637649001815455e-01
2.969797255597612651e-01, 1.004226773698492642e-01, 3.336805239322722105e-01, 2.689170731381173018e-01
2.969767333079204041e-01, 1.004242018998859065e-01, 3.336286604007571710e-01, 2.689704043914366571e-01
2.969737061848242710e-01, 1.004257374680656428e-01, 3.335767977044681309e-01, 2.690237586426420524e-01
2.969706441749545567e-01, 1.004272840719675625e-01, 3.335249358788704988e-01, 2.690771358742074515e-01
2.969675472628226509e-01, 1.004288417091674240e-01, 3.334730749594313481e-01, 2.691305360685783965e-01
2.969644154329702523e-01, 1.004304103772376000e-01, 3.334212149816199178e-01, 2.691839592081721744e-01
2.969612486699692577e-01, 1.004319900737468685e-01, 3.333693559809066675e-01, 2.692374052753772617e-01
2.969580469584213178e-01, 1.004335807962607185e-01, 3.333174979927638892e-01, 2.692908742525540466e-01
2.969548102829587255e-01, 1.004351825423411282e-01, 3.332656410526657620e-01, 2.693443661220343843e-01
2.969515386282439717e-01, 1.004367953095467308e-01, 3.332137851960875752e-01, 2.693978808661217639e-01
2.969482319789694125e-01, 1.004384190954325795e-01, 3.331619304585067276e-01, 2.694514184670912527e-01
2.969448903198582679e-01, 1.004400538975505214e-01, 3.331100768754016173e-01, 2.695049789071895519e-01
2.969415136356636786e-01, 1.004416997134487538e-01, 3.330582244822525295e-01, 2.695585621686351074e-01
2.969381019111694830e-01, 1.004433565406722129e-01, 3.330063733145405824e-01, 2.696121682336178327e-01
2.969346551311894400e-01, 1.004450243767623235e-01, 3.329545234077489479e-01, 2.696657970842992746e-01
2.969311732805683945e-01, 1.004467032192570414e-01, 3.329026747973616862e-01, 2.697194487028129473e-01
2.969276563441812233e-01, 1.004483930656910051e-01, 3.328508275188640786e-01, 2.697731230712637207e-01
2.969241043069334451e-01, 1.004500939135954396e-01, 3.327989816077429053e-01, 2.698268201717283210e-01
2.969205171537610544e-01, 1.004518057604980447e-01, 3.327471370994859456e-01, 2.698805399862549970e-01
2.969168948696306876e-01, 1.004535286039231340e-01, 3.326952940295823113e-01, 2.699342824968638532e-01
2.969132374395398455e-01, 1.004552624413916212e-01, 3.326434524335218912e-01, 2.699880476855466838e-01
2.969095448485161715e-01, 1.004570072704209782e-01, 3.325916123467958507e-01, 2.700418355342670829e-01
2.969058170816185616e-01, 1.004587630885252908e-01, 3.325397738048962437e-01, 2.700956460249600566e-01
2.969020541239360544e-01, 1.004605298932151614e-01, 3.324879368433161786e-01, 2.701494791395327444e-01
2.968982559605887750e-01, 1.004623076819978755e-01, 3.324361014975496520e-01, 2.702033348598636975e-01
2.968944225767277678e-01, 1.004640964523771801e-01, 3.323842678030914932e-01, 2.702572131678035450e-01
2.968905539575346086e-01, 1.004658962018535190e-01, 3.323324357954373087e-01, 2.703111140451745498e-01
2.968866500882219039e-01, 1.004677069279237972e-01, 3.322806055100835376e-01, 2.703650374737707196e-01
2.968827109540331799e-01, 1.004695286280816308e-01, 3.322287769825273407e-01, 2.704189834353579736e-01
2.968787365402425493e-01, 1.004713612998171107e-01, 3.321769502482664893e-01, 2.704729519116738090e-01
2.968747268321555444e-01, 1.004732049406169836e-01, 3.321251253427996430e-01, 2.705269428844278012e-01
2.968706818151086169e-01, 1.004750595479646097e-01, 3.320733023016256280e-01, 2.705809563353012148e-01
2.968666014744688053e-01, 1.004769251193397828e-01, 3.320214811602442140e-01, 2.706349922459471702e-01
2.968624857956349006e-01, 1.004788016522190491e-01, 3.319696619541553373e-01, 2.706890505979906991e-01
2.968583347640361692e-01, 1.004806891440755134e-01, 3.319178447188597669e-01, 2.707431313730285782e-01
2.968541483651334079e-01, 1.004825875923788109e-01, 3.318660294898582719e-01, 2.707972345526294955e-01
2.968499265844183332e-01, 1.004844969945951488e-01, 3.318142163026523983e-01, 2.708513601183342168e-01
2.968456694074140256e-01, 1.004864173481874456e-01, 3.317624051927435258e-01, 2.709055080516550862e-01
2.968413768196747071e-01, 1.004883486506151086e-01, 3.317105961956336446e-01, 2.709596783340765258e-01
2.968370488067859081e-01, 1.004902908993341587e-01, 3.316587893468249670e-01, 2.710138709470548690e-01
2.968326853543646338e-01, 1.004922440917972448e-01, 3.316069846818198719e-01, 2.710680858720183606e-01
2.968282864480586980e-01, 1.004942082254535185e-01, 3.315551822361205714e-01, 2.711223230903671566e-01
2.968238520735478891e-01, 1.004961832977488839e-01, 3.315033820452297775e-01, 2.711765825834735466e-01
2.968193822165429707e-01, 1.004981693061256509e-01, 3.314515841446498690e-01, 2.712308643326813984e-01
2.968148768627865142e-01, 1.005001662480228958e-01, 3.313997885698836132e-01, 2.712851683193069352e-01
2.968103359980521772e-01, 1.005021741208761837e-01, 3.313479953564335001e-01, 2.713394945246381806e-01
2.968057596081453142e-01, 1.005041929221177077e-01, 3.312962045398017974e-01, 2.713938429299351252e-01
2.968011476789028658e-01, 1.005062226491763300e-01, 3.312444161554907729e-01, 2.714482135164300591e-01
2.967965001961933580e-01, 1.005082632994773045e-01, 3.311926302390025834e-01, 2.715026062653267402e-01
2.967918171459165144e-01, 1.005103148704427352e-01, 3.311408468258392190e-01, 2.715570211578016147e-01
2.967870985140043105e-01, 1.005123773594911868e-01, 3.310890659515018375e-01, 2.716114581750025403e-01
2.967823442864199190e-01, 1.005144507640378382e-01, 3.310372876514919294e-01, 2.716659172980502301e-01
2.967775544491585427e-01, 1.005165350814945235e-01, 3.309855119613103747e-01, 2.717203985080365314e-01
2.967727289882469144e-01, 1.005186303092696215e-01, 3.309337389164574428e-01, 2.717749017860260907e-01
2.967678678897435196e-01, 1.005207364447681523e-01, 3.308819685524331256e-01, 2.718294271130551332e-01
2.967629711397388736e-01, 1.005228534853916944e-01, 3.308302009047370262e-01, 2.718839744701324612e-01
2.967580387243549667e-01, 1.005249814285384957e-01, 3.307784360088677489e-01, 2.719385438382388998e-01
2.967530706297460408e-01, 1.005271202716033624e-01, 3.307266739003236755e-01, 2.719931351983270185e-01
2.967480668420979795e-01, 1.005292700119777421e-01, 3.306749146146024665e-01, 2.720477485313219090e-01
2.967430273476286406e-01, 1.005314306470496133e-01, 3.306231581872010050e-01, 2.721023838181207966e-01
2.967379521325879121e-01, 1.005336021742037067e-01, 3.305714046536153972e-01, 2.721570410395929285e-01
2.967328411832578228e-01, 1.005357845908212561e-01, 3.305196540493410273e-01, 2.722117201765799077e-01
2.967276944859520427e-01, 1.005379778942800673e-01, 3.304679064098725583e-01, 2.722664212098953596e-01
2.967225120270166605e-01, 1.005401820819546849e-01, 3.304161617707035425e-01, 2.723211441203251537e-01
2.967172937928296839e-01, 1.005423971512161840e-01, 3.303644201673267000e-01, 2.723758888886274598e-01
2.967120397698014278e-01, 1.005446230994322676e-01, 3.303126816352335293e-01, 2.724306554955328030e-01
2.967067499443740153e-01, 1.005468599239672522e-01, 3.302609462099150850e-01, 2.724854439217435642e-01
2.967014243030223208e-01, 1.005491076221820129e-01, 3.302092139268608117e-01, 2.725402541479348129e-01
2.966960628322529159e-01, 1.005513661914342050e-01, 3.301574848215591551e-01, 2.725950861547537518e-01
2.966906655186049013e-01, 1.005536356290779310e-01, 3.301057589294975614e-01, 2.726499399228195508e-01
2.966852323486495746e-01, 1.005559159324639629e-01, 3.300540362861621446e-01, 2.727048154327243457e-01
2.966797633089907071e-01, 1.005582070989397142e-01, 3.300023169270377421e-01, 2.727597126650317394e-01
2.966742583862642113e-01, 1.005605091258492123e-01, 3.299506008876078034e-01, 2.728146316002786897e-01
2.966687175671386956e-01, 1.005628220105330844e-01, 3.298988882033547232e-01, 2.728695722189735662e-01
2.966631408383146873e-01, 1.005651457503285440e-01, 3.298471789097590090e-01, 2.729245345015975932e-01
2.966575281865258540e-01, 1.005674803425695846e-01, 3.297954730423003356e-01, 2.729795184286042953e-01
2.966518795985376711e-01, 1.005698257845866334e-01, 3.297437706364562682e-01, 2.730345239804193302e-01
2.966461950611486431e-01, 1.005721820737068145e-01, 3.296920717277033175e-01, 2.730895511374413220e-01
2.966404745611895821e-01, 1.005745492072538522e-01, 3.296403763515160512e-01, 2.731445998800405284e-01
2.966347180855239407e-01, 1.005769271825482092e-01, 3.295886845433677048e-01, 2.731996701885602841e-01
2.966289256210477010e-01, 1.005793159969068096e-01, 3.295369963387294598e-01, 2.732547620433160573e-01
2.966230971546896522e-01, 1.005817156476433161e-01, 3.294853117730710546e-01, 2.733098754245959494e-01
2.966172326734112241e-01, 1.005841261320679636e-01, 3.294336308818605064e-01, 2.733650103126603614e-01
2.966113321642063760e-01, 1.005865474474876425e-01, 3.293819537005636122e-01, 2.734201666877423276e-01
2.966053956141020964e-01, 1.005889795912058293e-01, 3.293302802646448368e-01, 2.734753445300471264e-01
2.965994230101580142e-01, 1.005914225605227807e-01, 3.292786106095663134e-01, 2.735305438197528916e-01
2.965934143394664546e-01, 1.005938763527351731e-01, 3.292269447707884544e-01, 2.735857645370099456e-01
2.965873695891528272e-01, 1.005963409651364493e-01, 3.291752827837692852e-01, 2.736410066619414105e-01
2.965812887463751268e-01, 1.005988163950166381e-01, 3.291236246839651658e-01, 2.736962701746430415e-01
2.965751717983245994e-01, 1.006013026396623683e-01, 3.290719705068302914e-01, 2.737515550551826715e-01
2.965690187322250759e-01, 1.006037996963570769e-01, 3.290203202878165256e-01, 2.738068612836013771e-01
2.965628295353335275e-01, 1.006063075623805647e-01, 3.289686740623736783e-01, 2.738621888399123128e-01
2.965566041949398990e-01, 1.006088262350095242e-01, 3.289170318659491721e-01, 2.739175377041013770e-01
2.965503426983672197e-01, 1.006113557115170670e-01, 3.288653937339883204e-01, 2.739729078561273790e-01
2.965440450329715483e-01, 1.006138959891731549e-01, 3.288137597019338831e-01, 2.740282992759214276e-01
2.965377111861418613e-01, 1.006164470652442383e-01, 3.287621298052263996e-01, 2.740837119433874869e-01
2.965313411453005532e-01, 1.006190089369934509e-01, 3.287105040793038557e-01, 2.741391458384020985e-01
2.965249348979030475e-01, 1.006215816016805542e-01, 3.286588825596017394e-01, 2.741946009408144924e-01
2.965184924314379078e-01, 1.006241650565620482e-01, 3.286072652815532069e-01, 2.742500772304468093e-01
2.965120137334269490e-01, 1.006267592988909221e-01, 3.285556522805885837e-01, 2.743055746870936007e-01
2.965054987914251261e-01, 1.006293643259168619e-01, 3.285040435921355861e-01, 2.743610932905223287e-01
2.964989475930208118e-01, 1.006319801348863202e-01, 3.284524392516194879e-01, 2.744166330204734217e-01
2.964923601258358521e-01, 1.006346067230421831e-01, 3.284008392944625654e-01, 2.744721938566593300e-01
2.964857363775250665e-01, 1.006372440876242141e-01, 3.283492437560844857e-01, 2.745277757787662476e-01
2.964790763357767478e-01, 1.006398922258686240e-01, 3.282976526719020294e-01, 2.745833787664526127e-01
2.964723799883128286e-01, 1.006425511350083901e-01, 3.282460660773290351e-01, 2.746390027993496630e-01
2.964656473228884370e-01, 1.006452208122731035e-01, 3.281944840077766212e-01, 2.746946478570618244e-01
2.964588783272921746e-01, 1.006479012548889967e-01, 3.281429064986529087e-01, 2.747503139191659338e-01
2.964520729893462825e-01, 1.006505924600789720e-01, 3.280913335853627433e-01, 2.748060009652120161e-01
2.964452312969064196e-01, 1.006532944250625727e-01, 3.280397653033082506e-01, 2.748617089747227848e-01
2.964383532378618846e-01, 1.006560071470560258e-01, 3.279882016878881146e-01, 2.749174379271940305e-01
2.964314388001353939e-01, 1.006587306232721440e-01, 3.279366427744982437e-01, 2.749731878020943432e-01
2.964244879716834702e-01, 1.006614648509204513e-01, 3.278850885985310493e-01, 2.750289585788650570e-01
2.964175007404962203e-01, 1.006642098272071545e-01, 3.278335391953757783e-01, 2.750847502369208053e-01
2.964104770945972245e-01, 1.006669655493350607e-01, 3.277819946004184581e-01, 2.751405627556490763e-01
2.964034170220442577e-01, 1.006697320145036739e-01, 3.277304548490417302e-01, 2.751963961144102133e-01
2.963963205109284571e-01, 1.006725092199090982e-01, 3.276789199766247385e-01, 2.752522502925376369e-01
2.963891875493747108e-01, 1.006752971627441762e-01, 3.276273900185433519e-01, 2.753081252693377334e-01
2.963820181255418795e-01, 1.006780958401983644e-01, 3.275758650101696645e-01, 2.753640210240899666e-01
2.963748122276225749e-01, 1.006809052494578027e-01, 3.275243449868727175e-01, 2.754199375360468771e-01
2.963675698438432704e-01, 1.006837253877052585e-01, 3.274728299840175549e-01, 2.754758747844339717e-01
2.963602909624643011e-01, 1.006865562521201962e-01, 3.274213200369656129e-01, 2.755318327484498342e-01
2.963529755717800307e-01, 1.006893978398787914e-01, 3.273698151810748858e-01, 2.755878114072662921e-01
2.963456236601186289e-01, 1.006922501481537502e-01, 3.273183154516993709e-01, 2.756438107400280835e-01
2.963382352158424604e-01, 1.006951131741146005e-01, 3.272668208841897353e-01, 2.756998307258533565e-01
2.963308102273475853e-01, 1.006979869149274426e-01, 3.272153315138920382e-01, 2.757558713438329479e-01
2.963233486830642582e-01, 1.007008713677550737e-01, 3.271638473761492305e-01, 2.758119325730314375e-01
2.963158505714570401e-01, 1.007037665297570023e-01, 3.271123685063000441e-01, 2.758680143924860384e-01
2.963083158810241313e-01, 1.007066723980892947e-01, 3.270608949396789367e-01, 2.759241167812075957e-01
2.963007446002983158e-01, 1.007095889699047980e-01, 3.270094267116170350e-01, 2.759802397181798095e-01
2.962931367178462394e-01, 1.007125162423530423e-01, 3.269579638574409142e-01, 2.760363831823599012e-01
2.962854922222687426e-01, 1.007154542125801022e-01, 3.269065064124728748e-01, 2.760925471526782249e-01
2.962778111022009164e-01, 1.007184028777289020e-01, 3.268550544120317203e-01, 2.761487316080383780e-01
2.962700933463124353e-01, 1.007213622349388965e-01, 3.268036078914314246e-01, 2.762049365273173129e-01
2.962623389433066134e-01, 1.007243322813463210e-01, 3.267521668859818540e-01, 2.762611618893652254e-01
2.962545478819216815e-01, 1.007273130140840245e-01, 3.267007314309887112e-01, 2.763174076730056106e-01
2.962467201509297321e-01, 1.007303044302815670e-01, 3.266493015617532025e-01, 2.763736738570353735e-01
2.962388557391376076e-01, 1.007333065270652056e-01, 3.265978773135724822e-01, 2.764299604202247740e-01
2.962309546353862344e-01, 1.007363193015577835e-01, 3.265464587217385972e-01, 2.764862673413174265e-01
2.962230168285512333e-01, 1.007393427508789380e-01, 3.264950458215395424e-01, 2.765425945990303003e-01
2.962150423075423644e-01, 1.007423768721449758e-01, 3.264436386482588714e-01, 2.765989421720538299e-01
2.962070310613041935e-01, 1.007454216624688315e-01, 3.263922372371751424e-01, 2.766553100390518605e-01
2.961989830788155365e-01, 1.007484771189601919e-01, 3.263408416235626941e-01, 2.767116981786615915e-01
2.961908983490899039e-01, 1.007515432387253718e-01, 3.262894518426905921e-01, 2.767681065694940212e-01
2.961827768611754452e-01, 1.007546200188674523e-01, 3.262380679298239050e-01, 2.768245351901332252e-01
2.961746186041545603e-01, 1.007577074564860592e-01, 3.261866899202224279e-01, 2.768809840191369109e-01
2.961664235671447321e-01, 1.007608055486777093e-01, 3.261353178491410709e-01, 2.769374530350364738e-01
2.961581917392976937e-01, 1.007639142925354642e-01, 3.260839517518301367e-01, 2.769939422163366083e-01
2.961499231098002061e-01, 1.007670336851490961e-01, 3.260325916635348764e-01, 2.770504515415158631e-01
2.961416176678733359e-01, 1.007701637236051578e-01, 3.259812376194955452e-01, 2.771069809890259750e-01
2.961332754027732883e-01, 1.007733044049867327e-01, 3.259298896549472357e-01, 2.771635305372925906e-01
2.961248963037909632e-01, 1.007764557263737815e-01, 3.258785478051202666e-01, 2.772201001647148777e-01
2.961164803602517881e-01, 1.007796176848429620e-01, 3.258272121052396275e-01, 2.772766898496657473e-01
2.961080275615163848e-01, 1.007827902774673934e-01, 3.257758825905249789e-01, 2.773332995704914095e-01
2.960995378969797920e-01, 1.007859735013171415e-01, 3.257245592961910408e-01, 2.773899293055120951e-01
2.960910113560723533e-01, 1.007891673534588445e-01, 3.256732422574472041e-01, 2.774465790330216119e-01
2.960824479282591626e-01, 1.007923718309559347e-01, 3.256219315094973643e-01, 2.775032487312873997e-01
2.960738476030402855e-01, 1.007955869308684582e-01, 3.255706270875402542e-01, 2.775599383785509744e-01
2.960652103699505933e-01, 1.007988126502532694e-01, 3.255193290267690553e-01, 2.776166479530272069e-01
2.960565362185599847e-01, 1.008020489861637253e-01, 3.254680373623715650e-01, 2.776733774329046556e-01
2.960478251384737192e-01, 1.008052959356501715e-01, 3.254167521295298071e-01, 2.777301267963462328e-01
2.960390771193316950e-01, 1.008085534957594426e-01, 3.253654733634207541e-01, 2.777868960214880389e-01
2.960302921508091156e-01, 1.008118216635351949e-01, 3.253142010992152167e-01, 2.778436850864404173e-01
2.960214702226162120e-01, 1.008151004360177128e-01, 3.252629353720786765e-01, 2.779004939692873433e-01
2.960126113244982426e-01, 1.008183898102440329e-01, 3.252116762171708975e-01, 2.779573226480868131e-01
2.960037154462359377e-01, 1.008216897832479308e-01, 3.251604236696455374e-01, 2.780141711008705663e-01
2.959947825776448882e-01, 1.008250003520598931e-01, 3.251091777646509251e-01, 2.780710393056443630e-01
2.959858127085760460e-01, 1.008283215137070615e-01, 3.250579385373291719e-01, 2.781279272403877068e-01
2.959768058289157233e-01, 1.008316532652133446e-01, 3.250067060228166715e-01, 2.781848348830542328e-01
2.959677619285852601e-01, 1.008349956035993200e-01, 3.249554802562437672e-01, 2.782417622115715972e-01
2.959586809975415789e-01, 1.008383485258823875e-01, 3.249042612727349733e-01, 2.782987092038411436e-01
2.959495630257765741e-01, 1.008417120290765190e-01, 3.248530491074083093e-01, 2.783556758377385698e-01
2.959404080033178341e-01, 1.008450861101924945e-01, 3.248018437953762994e-01, 2.784126620911133720e-01
2.959312159202281411e-01, 1.008484707662378604e-01, 3.247506453717447505e-01, 2.784696679417892895e-01
2.959219867666056936e-01, 1.008518659942167772e-01, 3.246994538716138079e-01, 2.785266933675636936e-01
2.959127205325842724e-01, 1.008552717911301438e-01, 3.246482693300768441e-01, 2.785837383462086425e-01
2.959034172083329084e-01, 1.008586881539757091e-01, 3.245970917822212920e-01, 2.786408028554699934e-01
2.958940767840563257e-01, 1.008621150797478633e-01, 3.245459212631280899e-01, 2.786978868730676240e-01
2.958846992499946094e-01, 1.008655525654376384e-01, 3.244947578078719030e-01, 2.787549903766958215e-01
2.958752845964235378e-01, 1.008690006080328883e-01, 3.244436014515206801e-01, 2.788121133440227828e-01
2.958658328136543059e-01, 1.008724592045183166e-01, 3.243924522291363188e-01, 2.788692557526911697e-01
2.958563438920337463e-01, 1.008759283518750327e-01, 3.243413101757735562e-01, 2.789264175803176649e-01
2.958468178219443856e-01, 1.008794080470812038e-01, 3.242901753264812448e-01, 2.789835988044931381e-01
2.958372545938043330e-01, 1.008828982871115693e-01, 3.242390477163011320e-01, 2.790407994027829797e-01
2.958276541980675578e-01, 1.008863990689376350e-01, 3.241879273802682482e-01, 2.790980193527265452e-01
2.958180166252233900e-01, 1.008899103895275901e-01, 3.241368143534112956e-01, 2.791552586318377105e-01
2.958083418657971864e-01, 1.008934322458464733e-01, 3.240857086707517043e-01, 2.792125172176045389e-01
2.957986299103499972e-01, 1.008969646348559790e-01, 3.240346103673043543e-01, 2.792697950874895030e-01
2.957888807494785666e-01, 1.009005075535145818e-01, 3.239835194780772420e-01, 2.793270922189295402e-01
2.957790943738154987e-01, 1.009040609987774811e-01, 3.239324360380714252e-01, 2.793844085893356644e-01
2.957692707740293137e-01, 1.009076249675965459e-01, 3.238813600822806893e-01, 2.794417441760935206e-01
2.957594099408242250e-01, 1.009111994569205223e-01, 3.238302916456921587e-01, 2.794990989565631634e-01
2.957495118649405841e-01, 1.009147844636948121e-01, 3.237792307632857414e-01, 2.795564729080790012e-01
2.957395765371541585e-01, 1.009183799848615976e-01, 3.237281774700341841e-01, 2.796138660079500737e-01
2.957296039482775196e-01, 1.009219860173597855e-01, 3.236771318009030729e-01, 2.796712782334596636e-01
2.957195940891583219e-01, 1.009256025581250771e-01, 3.236260937908508328e-01, 2.797287095618657959e-01
2.957095469506807461e-01, 1.009292296040898429e-01, 3.235750634748284504e-01, 2.797861599704010160e-01
2.956994625237648333e-01, 1.009328671521832338e-01, 3.235240408877797513e-01, 2.798436294362721677e-01
2.956893407993666512e-01, 1.009365151993312365e-01, 3.234730260646410671e-01, 2.799011179366610036e-01
2.956791817684782941e-01, 1.009401737424564377e-01, 3.234220190403415129e-01, 2.799586254487236303e-01
2.956689854221281055e-01, 1.009438427784783432e-01, 3.233710198498024324e-01, 2.800161519495910079e-01
2.956587517513805663e-01, 1.009475223043131420e-01, 3.233200285279378972e-01, 2.800736974163684501e-01
2.956484807473359622e-01, 1.009512123168736786e-01, 3.232690451096541517e-01, 2.801312618261361242e-01
2.956381724011312717e-01, 1.009549128130697027e-01, 3.232180696298501688e-01, 2.801888451559488846e-01
2.956278267039391117e-01, 1.009586237898077304e-01, 3.231671021234168717e-01, 2.802464473828363278e-01
2.956174436469688471e-01, 1.009623452439908781e-01, 3.231161426252378566e-01, 2.803040684838025154e-01
2.956070232214657589e-01, 1.009660771725191669e-01, 3.230651911701885592e-01, 2.803617084358265288e-01
2.955965654187114877e-01, 1.009698195722893294e-01, 3.230142477931368661e-01, 2.804193672158623585e-01
2.955860702300240894e-01, 1.009735724401949336e-01, 3.229633125289426698e-01, 2.804770448008384598e-01
2.955755376467577578e-01, 1.009773357731261617e-01, 3.229123854124580362e-01, 2.805347411676580860e-01
2.955649676603031573e-01, 1.009811095679701010e-01, 3.228614664785269817e-01, 2.805924562931997879e-01
2.955543602620873123e-01, 1.009848938216105774e-01, 3.228105557619855848e-01, 2.806501901543165256e-01
2.955437154435736624e-01, 1.009886885309281418e-01, 3.227596532976618193e-01, 2.807079427278363903e-01
2.955330331962620072e-01, 1.009924936928001671e-01, 3.227087591203755546e-01, 2.807657139905622712e-01
2.955223135116886168e-01, 1.009963093041007509e-01, 3.226578732649384995e-01, 2.808235039192721327e-01
2.955115563814263435e-01, 1.010001353617008407e-01, 3.226069957661542031e-01, 2.808813124907186265e-01
2.955007617970843992e-01, 1.010039718624679977e-01, 3.225561266588177767e-01, 2.809391396816297015e-01
2.954899297503086331e-01, 1.010078188032667995e-01, 3.225052659777162822e-01, 2.809969854687082713e-01
2.954790602327813098e-01, 1.010116761809584096e-01, 3.224544137576282332e-01, 2.810548498286319918e-01
2.954681532362214424e-01, 1.010155439924008830e-01, 3.224035700333237608e-01, 2.811127327380538721e-01
2.954572087523845147e-01, 1.010194222344489440e-01, 3.223527348395646697e-01, 2.811706341736019410e-01
2.954462267730625369e-01, 1.010233109039541249e-01, 3.223019082111039935e-01, 2.812285541118792476e-01
2.954352072900846560e-01, 1.010272099977649052e-01, 3.222510901826866059e-01, 2.812864925294638607e-01
2.954241502953159348e-01, 1.010311195127263084e-01, 3.222002807890483322e-01, 2.813444494029093690e-01
2.954130557806587953e-01, 1.010350394456803469e-01, 3.221494800649167267e-01, 2.814024247087442143e-01
2.954019237380520191e-01, 1.010389697934656467e-01, 3.220986880450103507e-01, 2.814604184234720252e-01
2.953907541594713582e-01, 1.010429105529177529e-01, 3.220479047640391612e-01, 2.815184305235717277e-01
2.953795470369289244e-01, 1.010468617208689635e-01, 3.219971302567044003e-01, 2.815764609854977119e-01
2.953683023624741888e-01, 1.010508232941483148e-01, 3.219463645576983724e-01, 2.816345097856792212e-01
2.953570201281929819e-01, 1.010547952695816931e-01, 3.218956077017041673e-01, 2.816925769005210189e-01
2.953457003262084934e-01, 1.010587776439917929e-01, 3.218448597233965480e-01, 2.817506623064032767e-01
2.953343429486798843e-01, 1.010627704141980193e-01, 3.217941206574407298e-01, 2.818087659796812416e-01
2.953229479878042851e-01, 1.010667735770167247e-01, 3.217433905384932125e-01, 2.818668878966858471e-01
2.953115154358149086e-01, 1.010707871292608473e-01, 3.216926694012013366e-01, 2.819250280337229353e-01
2.953000452849822155e-01, 1.010748110677403416e-01, 3.216419572802031168e-01, 2.819831863670743122e-01
2.952885375276137481e-01, 1.010788453892617900e-01, 3.215912542101275196e-01, 2.820413628729968036e-01
2.952769921560539079e-01, 1.010828900906286937e-01, 3.215405602255942963e-01, 2.820995575277230882e-01
2.952654091626839561e-01, 1.010869451686413067e-01, 3.214898753612139282e-01, 2.821577703074608090e-01
2.952537885399224571e-01, 1.010910106200967051e-01, 3.214391996515873484e-01, 2.822160011883934616e-01
2.952421302802247238e-01, 1.010950864417887729e-01, 3.213885331313063864e-01, 2.822742501466801168e-01
2.952304343760835392e-01, 1.010991726305081606e-01, 3.213378758349530462e-01, 2.823325171584553095e-01
2.952187008200283791e-01, 1.011032691830423269e-01, 3.212872277971002832e-01, 2.823908021998289275e-01
2.952069296046261893e-01, 1.011073760961756218e-01, 3.212365890523111722e-01, 2.824491052468869334e-01
2.951951207224808305e-01, 1.011114933666891758e-01, 3.211859596351394064e-01, 2.825074262756905874e-01
2.951832741662333559e-01, 1.011156209913609133e-01, 3.211353395801288535e-01, 2.825657652622768357e-01
2.951713899285621223e-01, 1.011197589669655533e-01, 3.210847289218138889e-01, 2.826241221826584771e-01
2.951594680021826234e-01, 1.011239072902746505e-01, 3.210341276947189515e-01, 2.826824970128238856e-01
2.951475083798475452e-01, 1.011280659580565677e-01, 3.209835359333589322e-01, 2.827408897287370104e-01
2.951355110543469329e-01, 1.011322349670765730e-01, 3.209329536722387299e-01, 2.827993003063378197e-01
2.951234760185081352e-01, 1.011364143140965899e-01, 3.208823809458533072e-01, 2.828577287215420233e-01
2.951114032651955821e-01, 1.011406039958755443e-01, 3.208318177886877454e-01, 2.829161749502411283e-01
2.950992927873113958e-01, 1.011448040091690037e-01, 3.207812642352172450e-01, 2.829746389683024388e-01
2.950871445777947244e-01, 1.011490143507295519e-01, 3.207307203199067924e-01, 2.830331207515690006e-01
2.950749586296221860e-01, 1.011532350173064143e-01, 3.206801860772114376e-01, 2.830916202758599343e-01
2.950627349358079243e-01, 1.011574660056457770e-01, 3.206296615415760720e-01, 2.831501375169701573e-01
2.950504734894033865e-01, 1.011617073124906202e-01, 3.205791467474353174e-01, 2.832086724506706621e-01
2.950381742834973231e-01, 1.011659589345807464e-01, 3.205286417292136369e-01, 2.832672250527081270e-01
2.950258373112163435e-01, 1.011702208686527660e-01, 3.204781465213253910e-01, 2.833257952988055828e-01
2.950134625657240273e-01, 1.011744931114401114e-01, 3.204276611581740597e-01, 2.833843831646617462e-01
2.950010500402219238e-01, 1.011787756596731619e-01, 3.203771856741533530e-01, 2.834429886259514642e-01
2.949885997279487748e-01, 1.011830685100790217e-01, 3.203267201036462120e-01, 2.835016116583258805e-01
2.949761116221811252e-01, 1.011873716593817280e-01, 3.202762644810253079e-01, 2.835602522374118806e-01
2.949635857162328789e-01, 1.011916851043019316e-01, 3.202258188406524875e-01, 2.836189103388126465e-01
2.949510220034557428e-01, 1.011960088415574527e-01, 3.201753832168792724e-01, 2.836775859381074349e-01
2.949384204772388385e-01, 1.012003428678627803e-01, 3.201249576440465816e-01, 2.837362790108519106e-01
2.949257811310089794e-01, 1.012046871799291148e-01, 3.200745421564845095e-01, 2.837949895325774796e-01
2.949131039582306713e-01, 1.012090417744647836e-01, 3.200241367885123256e-01, 2.838537174787921225e-01
2.949003889524062783e-01, 1.012134066481748251e-01, 3.199737415744388636e-01, 2.839124628249801163e-01
2.948876361070754681e-01, 1.012177817977610167e-01, 3.199233565485619102e-01, 2.839712255466015911e-01
2.948748454158159338e-01, 1.012221672199221795e-01, 3.198729817451683166e-01, 2.840300056190935285e-01
2.948620168722430601e-01, 1.012265629113539289e-01, 3.198226171985343314e-01, 2.840888030178687074e-01
2.948491504700099797e-01, 1.012309688687485915e-01, 3.197722629429247676e-01, 2.841476177183166474e-01
2.948362462028074615e-01, 1.012353850887955514e-01, 3.197219190125938360e-01, 2.842064496958031095e-01
2.948233040643643554e-01, 1.012398115681809596e-01, 3.196715854417843672e-01, 2.842652989256703733e-01
2.948103240484470922e-01, 1.012442483035877472e-01, 3.196212622647283674e-01, 2.843241653832367932e-01
2.947973061488602387e-01, 1.012486952916958616e-01, 3.195709495156463520e-01, 2.843830490437975200e-01
2.947842503594458874e-01, 1.012531525291820028e-01, 3.195206472287479005e-01, 2.844419498826241677e-01
2.947711566740842670e-01, 1.012576200127197346e-01, 3.194703554382311572e-01, 2.845008678749647024e-01
2.947580250866933538e-01, 1.012620977389795396e-01, 3.194200741782829978e-01, 2.845598029960439423e-01
2.947448555912293711e-01, 1.012665857046287782e-01, 3.193698034830790289e-01, 2.846187552210628913e-01
2.947316481816859568e-01, 1.012710839063315493e-01, 3.193195433867832556e-01, 2.846777245251992938e-01
2.947184028520953292e-01, 1.012755923407489406e-01, 3.192692939235482474e-01, 2.847367108836075800e-01
2.947051195965271209e-01, 1.012801110045388614e-01, 3.192190551275153054e-01, 2.847957142714188095e-01
2.946917984090894338e-01, 1.012846398943561405e-01, 3.191688270328137955e-01, 2.848547346637405608e-01
2.946784392839282840e-01, 1.012891790068524561e-01, 3.191186096735617039e-01, 2.849137720356574865e-01
2.946650422152276017e-01, 1.012937283386763088e-01, 3.190684030838655261e-01, 2.849728263622306468e-01
2.946516071972095085e-01, 1.012982878864731040e-01, 3.190182072978194894e-01, 2.850318976184979536e-01
2.946381342241341517e-01, 1.013028576468852082e-01, 3.189680223495066080e-01, 2.850909857794740598e-01
2.946246232902999251e-01, 1.013074376165517126e-01, 3.189178482729977948e-01, 2.851500908201504703e-01
2.946110743900432483e-01, 1.013120277921087525e-01, 3.188676851023523051e-01, 2.852092127154956525e-01
2.945974875177386765e-01, 1.013166281701891880e-01, 3.188175328716172929e-01, 2.852683514404548148e-01
2.945838626677990679e-01, 1.013212387474229093e-01, 3.187673916148280884e-01, 2.853275069699499622e-01
2.945701998346753059e-01, 1.013258595204365731e-01, 3.187172613660079201e-01, 2.853866792788802842e-01
2.945564990128566873e-01, 1.013304904858537830e-01, 3.186671421591679709e-01, 2.854458683421216003e-01
2.945427601968705900e-01, 1.013351316402950758e-01, 3.186170340283072666e-01, 2.855050741345271370e-01
2.945289833812824720e-01, 1.013397829803777128e-01, 3.185669370074130091e-01, 2.855642966309266950e-01
2.945151685606967051e-01, 1.013444445027161106e-01, 3.185168511304598549e-01, 2.856235358061274821e-01
2.945013157297551865e-01, 1.013491162039212995e-01, 3.184667764314101368e-01, 2.856827916349133356e-01
2.944874248831387265e-01, 1.013537980806013677e-01, 3.184167129442141975e-01, 2.857420640920456667e-01
2.944734960155660497e-01, 1.013584901293612811e-01, 3.183666607028099449e-01, 2.858013531522628492e-01
2.944595291217943500e-01, 1.013631923468028967e-01, 3.183166197411225196e-01, 2.858606587902801643e-01
2.944455241966194015e-01, 1.013679047295249352e-01, 3.182665900930653491e-01, 2.859199809807903003e-01
2.944314812348751698e-01, 1.013726272741230922e-01, 3.182165717925385939e-01, 2.859793196984632413e-01
2.944174002314339234e-01, 1.013773599771898432e-01, 3.181665648734303686e-01, 2.860386749179458787e-01
2.944032811812066774e-01, 1.013821028353147080e-01, 3.181165693696158536e-01, 2.860980466138628442e-01
2.943891240791425834e-01, 1.013868558450840424e-01, 3.180665853149579614e-01, 2.861574347608155100e-01
2.943749289202294284e-01, 1.013916190030810793e-01, 3.180166127433065038e-01, 2.862168393333829330e-01
2.943606956994935242e-01, 1.013963923058860822e-01, 3.179666516884989136e-01, 2.862762603061215216e-01
2.943464244119995410e-01, 1.014011757500760391e-01, 3.179167021843595231e-01, 2.863356976535648690e-01
2.943321150528506736e-01, 1.014059693322250100e-01, 3.178667642647001190e-01, 2.863951513502241975e-01
2.943177676171889190e-01, 1.014107730489038905e-01, 3.178168379633192764e-01, 2.864546213705879141e-01
2.943033821001944106e-01, 1.014155868966805929e-01, 3.177669233140028582e-01, 2.865141076891222216e-01
2.942889584970861394e-01, 1.014204108721197539e-01, 3.177170203505235158e-01, 2.865736102802705076e-01
2.942744968031215658e-01, 1.014252449717831378e-01, 3.176671291066412994e-01, 2.866331291184538999e-01
2.942599970135970633e-01, 1.014300891922293169e-01, 3.176172496161027148e-01, 2.866926641780708773e-01
2.942454591238473083e-01, 1.014349435300137825e-01, 3.175673819126411668e-01, 2.867522154334977147e-01
2.942308831292455018e-01, 1.014398079816890008e-01, 3.175175260299773483e-01, 2.868117828590880936e-01
2.942162690252040358e-01, 1.014446825438043154e-01, 3.174676820018180745e-01, 2.868713664291735466e-01
2.942016168071734938e-01, 1.014495672129060583e-01, 3.174178498618572819e-01, 2.869309661180631799e-01
2.941869264706433729e-01, 1.014544619855374114e-01, 3.173680296437754178e-01, 2.869905819000437841e-01
2.941721980111420276e-01, 1.014593668582385727e-01, 3.173182213812396069e-01, 2.870502137493797790e-01
2.941574314242361710e-01, 1.014642818275466041e-01, 3.172684251079035400e-01, 2.871098616403136572e-01
2.941426267055316512e-01, 1.014692068899955280e-01, 3.172186408574074745e-01, 2.871695255470653740e-01
2.941277838506728970e-01, 1.014741420421162860e-01, 3.171688686633779564e-01, 2.872292054438328468e-01
2.941129028553431390e-01, 1.014790872804368221e-01, 3.171191085594282089e-01, 2.872889013047917883e-01
2.940979837152644660e-01, 1.014840426014819857e-01, 3.170693605791575775e-01, 2.873486131040960401e-01
2.940830264261977689e-01, 1.014890080017734203e-01, 3.170196247561518077e-01, 2.874083408158769060e-01
2.940680309839429074e-01, 1.014939834778300354e-01, 3.169699011239830444e-01, 2.874680844142439295e-01
2.940529973843382661e-01, 1.014989690261673266e-01, 3.169201897162095549e-01, 2.875278438732847830e-01
2.940379256232614757e-01, 1.015039646432980835e-01, 3.168704905663758953e-01, 2.875876191670645454e-01
2.940228156966289141e-01, 1.015089703257316678e-01, 3.168208037080124662e-01, 2.876474102696270352e-01
2.940076676003958722e-01, 1.015139860699747487e-01, 3.167711291746359015e-01, 2.877072171549934776e-01
2.939924813305563878e-01, 1.015190118725307206e-01, 3.167214669997490128e-01, 2.877670397971638372e-01
2.939772568831438004e-01, 1.015240477298999938e-01, 3.166718172168405121e-01, 2.878268781701156520e-01
2.939619942542303077e-01, 1.015290936385799536e-01, 3.166221798593848447e-01, 2.878867322478048107e-01
2.939466934399268538e-01, 1.015341495950649042e-01, 3.165725549608426892e-01, 2.879466020041655527e-01
2.939313544363836850e-01, 1.015392155958461662e-01, 3.165229425546601805e-01, 2.880064874131100239e-01
2.939159772397896830e-01, 1.015442916374119514e-01, 3.164733426742694644e-01, 2.880663884485288873e-01
2.939005618463733649e-01, 1.015493777162475020e-01, 3.164237553530884206e-01, 2.881263050842907680e-01
2.938851082524016056e-01, 1.015544738288349375e-01, 3.163741806245205512e-01, 2.881862372942429751e-01
2.938696164541807487e-01, 1.015595799716534214e-01, 3.163246185219550366e-01, 2.882461850522108349e-01
2.938540864480562731e-01, 1.015646961411790228e-01, 3.162750690787664576e-01, 2.883061483319981355e-01
2.938385182304123489e-01, 1.015698223338849099e-01, 3.162255323283154618e-01, 2.883661271073872934e-01
2.938229117976727811e-01, 1.015749585462410176e-01, 3.161760083039474312e-01, 2.884261213521386868e-01
2.938072671463001218e-01, 1.015801047747144220e-01, 3.161264970389938700e-01, 2.884861310399915446e-01
2.937915842727962801e-01, 1.015852610157691044e-01, 3.160769985667712390e-01, 2.885461561446634460e-01
2.937758631737020232e-01, 1.015904272658659929e-01, 3.160275129205816214e-01, 2.886061966398503209e-01
2.937601038455976421e-01, 1.015956035214630460e-01, 3.159780401337122235e-01, 2.886662524992271162e-01
2.937443062851025077e-01, 1.016007897790151965e-01, 3.159285802394354858e-01, 2.887263236964468516e-01
2.937284704888751818e-01, 1.016059860349743382e-01, 3.158791332710091382e-01, 2.887864102051413417e-01
2.937125964536133615e-01, 1.016111922857893812e-01, 3.158296992616761445e-01, 2.888465119989211405e-01
2.936966841760539348e-01, 1.016164085279061408e-01, 3.157802782446643697e-01, 2.889066290513754298e-01
2.936807336529734802e-01, 1.016216347577675594e-01, 3.157308702531868572e-01, 2.889667613360722420e-01
2.936647448811872119e-01, 1.016268709718133739e-01, 3.156814753204415513e-01, 2.890269088265577935e-01
2.936487178575502011e-01, 1.016321171664805734e-01, 3.156320934796114641e-01, 2.890870714963577615e-01
2.936326525789563768e-01, 1.016373733382028022e-01, 3.155827247638645083e-01, 2.891472493189762294e-01
2.936165490423392477e-01, 1.016426394834109986e-01, 3.155333692063534423e-01, 2.892074422678963530e-01
2.936004072446716795e-01, 1.016479155985329508e-01, 3.154840268402156478e-01, 2.892676503165796942e-01
2.935842271829656180e-01, 1.016532016799934907e-01, 3.154346976985736295e-01, 2.893278734384673312e-01
2.935680088542724775e-01, 1.016584977242144250e-01, 3.153853818145343491e-01, 2.893881116069788595e-01
2.935517522556833070e-01, 1.016638037276145073e-01, 3.153360792211892805e-01, 2.894483647955128358e-01
2.935354573843282355e-01, 1.016691196866096325e-01, 3.152867899516150207e-01, 2.895086329774471667e-01
2.935191242373768605e-01, 1.016744455976126144e-01, 3.152375140388724017e-01, 2.895689161261382205e-01
2.935027528120381923e-01, 1.016797814570332553e-01, 3.151882515160065457e-01, 2.896292142149219928e-01
2.934863431055609317e-01, 1.016851272612784018e-01, 3.151390024160475312e-01, 2.896895272171131630e-01
2.934698951152328039e-01, 1.016904830067519028e-01, 3.150897667720095607e-01, 2.897498551060057048e-01
2.934534088383812800e-01, 1.016958486898546093e-01, 3.150405446168913492e-01, 2.898101978548727198e-01
2.934368842723732995e-01, 1.017012243069844030e-01, 3.149913359836758464e-01, 2.898705554369664927e-01
2.934203214146150485e-01, 1.017066098545361535e-01, 3.149421409053301812e-01, 2.899309278255184918e-01
2.934037202625526253e-01, 1.017120053289018028e-01, 3.148929594148060507e-01, 2.899913149937394796e-01
2.933870808136713193e-01, 1.017174107264702532e-01, 3.148437915450388869e-01, 2.900517169148196239e-01
2.933704030654959993e-01, 1.017228260436274512e-01, 3.147946373289485789e-01, 2.901121335619280539e-01
2.933536870155911691e-01, 1.017282512767563457e-01, 3.147454967994389174e-01, 2.901725649082134151e-01
2.933369326615609674e-01, 1.017336864222369713e-01, 3.146963699893980393e-01, 2.902330109268040359e-01
2.933201400010489457e-01, 1.017391314764463511e-01, 3.146472569316974832e-01, 2.902934715908073171e-01
2.933033090317382352e-01, 1.017445864357584828e-01, 3.145981576591933004e-01, 2.903539468733099538e-01
2.932864397513516019e-01, 1.017500512965445192e-01, 3.145490722047252219e-01, 2.904144367473785460e-01
2.932695321576517244e-01, 1.017555260551725044e-01, 3.145000006011167692e-01, 2.904749411860589881e-01
2.932525862484404167e-01, 1.017610107080076376e-01, 3.144509428811751994e-01, 2.905354601623767463e-01
2.932356020215594050e-01, 1.017665052514120649e-01, 3.144018990776917266e-01, 2.905959936493367479e-01
2.932185794748901619e-01, 1.017720096817450182e-01, 3.143528692234409672e-01, 2.906565416199237695e-01
2.932015186063536283e-01, 1.017775239953628008e-01, 3.143038533511817167e-01, 2.907171040471018819e-01
2.931844194139104909e-01, 1.017830481886186217e-01, 3.142548514936555626e-01, 2.907776809038153387e-01
2.931672818955611270e-01, 1.017885822578628863e-01, 3.142058636835883267e-01, 2.908382721629875767e-01
2.931501060493457711e-01, 1.017941261994430580e-01, 3.141568899536891779e-01, 2.908988777975219930e-01
2.931328918733440703e-01, 1.017996800097034360e-01, 3.141079303366505204e-01, 2.909594977803018900e-01
2.931156393656758063e-01, 1.018052436849856413e-01, 3.140589848651483829e-01, 2.910201320841902528e-01
2.930983485245002296e-01, 1.018108172216281165e-01, 3.140100535718419739e-01, 2.910807806820296939e-01
2.930810193480162251e-01, 1.018164006159664736e-01, 3.139611364893741263e-01, 2.911414435466430639e-01
2.930636518344630348e-01, 1.018219938643333683e-01, 3.139122336503705757e-01, 2.912021206508330073e-01
2.930462459821189802e-01, 1.018275969630585559e-01, 3.138633450874405151e-01, 2.912628119673820737e-01
2.930288017893026842e-01, 1.018332099084687664e-01, 3.138144708331759847e-01, 2.913235174690526064e-01
2.930113192543722378e-01, 1.018388326968877877e-01, 3.137656109201527599e-01, 2.913842371285873534e-01
2.929937983757258668e-01, 1.018444653246365489e-01, 3.137167653809289081e-01, 2.914449709187086346e-01
2.929762391518014319e-01, 1.018501077880329675e-01, 3.136679342480461763e-01, 2.915057188121194520e-01
2.929586415810765954e-01, 1.018557600833921578e-01, 3.136191175540290477e-01, 2.915664807815022685e-01
2.929410056620691538e-01, 1.018614222070260977e-01, 3.135703153313846858e-01, 2.916272567995200071e-01
2.929233313933365390e-01, 1.018670941552440035e-01, 3.135215276126036010e-01, 2.916880468388158842e-01
2.929056187734761507e-01, 1.018727759243520797e-01, 3.134727544301587066e-01, 2.917488508720130769e-01
2.928878678011251346e-01, 1.018784675106536725e-01, 3.134239958165059847e-01, 2.918096688717151110e-01
2.928700784749609376e-01, 1.018841689104491161e-01, 3.133752518040840429e-01, 2.918705008105058618e-01
2.928522507937004193e-01, 1.018898801200359278e-01, 3.133265224253142245e-01, 2.919313466609494978e-01
2.928343847561008517e-01, 1.018956011357085856e-01, 3.132778077126003868e-01, 2.919922063955903146e-01
2.928164803609588640e-01, 1.019013319537587642e-01, 3.132291076983291234e-01, 2.920530799869531791e-01
2.927985376071118306e-01, 1.019070725704751684e-01, 3.131804224148695415e-01, 2.921139674075434733e-01
2.927805564934363725e-01, 1.019128229821435333e-01, 3.131317518945730960e-01, 2.921748686298468178e-01
2.927625370188495779e-01, 1.019185831850468599e-01, 3.130830961697741444e-01, 2.922357836263295705e-01
2.927444791823080594e-01, 1.019243531754649851e-01, 3.130344552727887808e-01, 2.922967123694382163e-01
2.927263829828088415e-01, 1.019301329496750397e-01, 3.129858292359159466e-01, 2.923576548316002555e-01
2.927082484193889167e-01, 1.019359225039511846e-01, 3.129372180914366530e-01, 2.924186109852232596e-01
2.926900754911250790e-01, 1.019417218345646664e-01, 3.128886218716143142e-01, 2.924795808026959820e-01
2.926718641971342016e-01, 1.019475309377838312e-01, 3.128400406086945806e-01, 2.925405642563874142e-01
2.926536145365732922e-01, 1.019533498098741386e-01, 3.127914743349050619e-01, 2.926015613186473407e-01
2.926353265086396593e-01, 1.019591784470981616e-01, 3.127429230824556594e-01, 2.926625719618064503e-01
2.926170001125701359e-01, 1.019650168457155864e-01, 3.126943868835383999e-01, 2.927235961581759471e-01
2.925986353476419666e-01, 1.019708650019830742e-01, 3.126458657703269917e-01, 2.927846338800479398e-01
2.925802322131725863e-01, 1.019767229121545660e-01, 3.125973597749774346e-01, 2.928456850996953853e-01
2.925617907085192315e-01, 1.019825905724810883e-01, 3.125488689296276879e-01, 2.929067497893720895e-01
2.925433108330793286e-01, 1.019884679792106424e-01, 3.125003932663972805e-01, 2.929678279213127623e-01
2.925247925862906051e-01, 1.019943551285884958e-01, 3.124519328173879229e-01, 2.930289194677330178e-01
2.925062359676307566e-01, 1.020002520168569599e-01, 3.124034876146828954e-01, 2.930900244008294853e-01
2.924876409766176688e-01, 1.020061586402555009e-01, 3.123550576903472153e-01, 2.931511426927795871e-01
2.924690076128092509e-01, 1.020120749950206851e-01, 3.123066430764278034e-01, 2.932122743157423161e-01
2.924503358758039351e-01, 1.020180010773861362e-01, 3.122582438049528730e-01, 2.932734192418570696e-01
2.924316257652397888e-01, 1.020239368835827443e-01, 3.122098599079325409e-01, 2.933345774432447595e-01
2.924128772807956245e-01, 1.020298824098383877e-01, 3.121614914173583832e-01, 2.933957488920076462e-01
2.923940904221900006e-01, 1.020358376523781974e-01, 3.121131383652033242e-01, 2.934569335602285056e-01
2.923752651891818322e-01, 1.020418026074242923e-01, 3.120648007834220250e-01, 2.935181314199717950e-01
2.923564015815703354e-01, 1.020477772711960440e-01, 3.120164787039502174e-01, 2.935793424432833754e-01
2.923374995991948055e-01, 1.020537616399098818e-01, 3.119681721587053702e-01, 2.936405666021899008e-01
2.923185592419348944e-01, 1.020597557097795011e-01, 3.119198811795859116e-01, 2.937018038686997623e-01
2.922995805097102218e-01, 1.020657594770155718e-01, 3.118716057984717294e-01, 2.937630542148024770e-01
2.922805634024811527e-01, 1.020717729378259470e-01, 3.118233460472239482e-01, 2.938243176124690215e-01
2.922615079202477428e-01, 1.020777960884156621e-01, 3.117751019576846527e-01, 2.938855940336519978e-01
2.922424140630505707e-01, 1.020838289249869080e-01, 3.117268735616774422e-01, 2.939468834502849126e-01
2.922232818309708491e-01, 1.020898714437390165e-01, 3.116786608910067646e-01, 2.940081858342835086e-01
2.922041112241293148e-01, 1.020959236408684190e-01, 3.116304639774577501e-01, 2.940695011575445994e-01
2.921849022426875608e-01, 1.021019855125686882e-01, 3.115822828527970989e-01, 2.941308293919465688e-01
2.921656548868473147e-01, 1.021080570550306627e-01, 3.115341175487722492e-01, 2.941921705093497597e-01
2.921463691568507715e-01, 1.021141382644422668e-01, 3.114859680971113209e-01, 2.942535244815956408e-01
2.921270450529800944e-01, 1.021202291369885107e-01, 3.114378345295235606e-01, 2.943148912805078621e-01
2.921076825755580253e-01, 1.021263296688516703e-01, 3.113897168776988411e-01, 2.943762708778913662e-01
2.920882817249475516e-01, 1.021324398562111491e-01, 3.113416151733079396e-01, 2.944376632455333875e-01
2.920688425015521839e-01, 1.021385596952435054e-01, 3.112935294480019266e-01, 2.944990683552022870e-01
2.920493649058156227e-01, 1.021446891821225084e-01, 3.112454597334132211e-01, 2.945604861786487727e-01
2.920298489382217588e-01, 1.021508283130189987e-01, 3.111974060611542026e-01, 2.946219166876051232e-01
2.920102945992951726e-01, 1.021569770841010277e-01, 3.111493684628180989e-01, 2.946833598537856314e-01
2.919907018896008011e-01, 1.021631354915338991e-01, 3.111013469699788203e-01, 2.947448156488865489e-01
2.919710708097437712e-01, 1.021693035314799741e-01, 3.110533416141902929e-01, 2.948062840445859201e-01
2.919514013603696778e-01, 1.021754812000988805e-01, 3.110053524269873471e-01, 2.948677650125441363e-01
2.919316935421645831e-01, 1.021816684935473729e-01, 3.109573794398847735e-01, 2.949292585244033260e-01
2.919119473558548505e-01, 1.021878654079793336e-01, 3.109094226843779896e-01, 2.949907645517877430e-01
2.918921628022074222e-01, 1.021940719395460218e-01, 3.108614821919425952e-01, 2.950522830663040441e-01
2.918723398820294301e-01, 1.022002880843956435e-01, 3.108135579940343729e-01, 2.951138140395405673e-01
2.918524785961685852e-01, 1.022065138386737820e-01, 3.107656501220893985e-01, 2.951753574430682203e-01
2.918325789455131769e-01, 1.022127491985230230e-01, 3.107177586075238751e-01, 2.952369132484399250e-01
2.918126409309916292e-01, 1.022189941600833429e-01, 3.106698834817339661e-01, 2.952984814271910063e-01
2.917926645535729446e-01, 1.022252487194917764e-01, 3.106220247760961839e-01, 2.953600619508390257e-01
2.917726498142668712e-01, 1.022315128728826239e-01, 3.105741825219667240e-01, 2.954216547908838919e-01
2.917525967141231247e-01, 1.022377866163872717e-01, 3.105263567506817424e-01, 2.954832599188077502e-01
2.917325052542322772e-01, 1.022440699461344971e-01, 3.104785474935576328e-01, 2.955448773060755374e-01
2.917123754357252019e-01, 1.022503628582500934e-01, 3.104307547818904722e-01, 2.956065069241342047e-01
2.916922072597733506e-01, 1.022566653488571758e-01, 3.103829786469559648e-01, 2.956681487444134948e-01
2.916720007275885873e-01, 1.022629774140760006e-01, 3.103352191200098864e-01, 2.957298027383254424e-01
2.916517558404233545e-01, 1.022692990500240762e-01, 3.102874762322875846e-01, 2.957914688772649292e-01
2.916314725995706736e-01, 1.022756302528160660e-01, 3.102397500150041454e-01, 2.958531471326090179e-01
2.916111510063638668e-01, 1.022819710185639414e-01, 3.101920404993543934e-01, 2.959148374757178401e-01
2.915907910621768351e-01, 1.022883213433767591e-01, 3.101443477165124474e-01, 2.959765398779339307e-01
2.915703927684242802e-01, 1.022946812233608976e-01, 3.100966716976322202e-01, 2.960382543105826159e-01
2.915499561265611494e-01, 1.023010506546198906e-01, 3.100490124738470299e-01, 2.960999807449720689e-01
2.915294811380829132e-01, 1.023074296332545652e-01, 3.100013700762696001e-01, 2.961617191523929216e-01
2.915089678045258426e-01, 1.023138181553629039e-01, 3.099537445359922261e-01, 2.962234695041190968e-01
2.914884161274665098e-01, 1.023202162170401136e-01, 3.099061358840863867e-01, 2.962852317714068651e-01
2.914678261085222877e-01, 1.023266238143787227e-01, 3.098585441516030214e-01, 2.963470059254959543e-01
2.914471977493508503e-01, 1.023330409434684285e-01, 3.098109693695723088e-01, 2.964087919376085511e-01
2.914265310516505614e-01, 1.023394676003960280e-01, 3.097634115690034995e-01, 2.964705897789499667e-01
2.914058260171604742e-01, 1.023459037812458061e-01, 3.097158707808850830e-01, 2.965323994207086922e-01
2.913850826476601652e-01, 1.023523494820990920e-01, 3.096683470361848434e-01, 2.965942208340558439e-01
2.913643009449696786e-01, 1.023588046990345640e-01, 3.096208403658495256e-01, 2.966560539901462734e-01
2.913434809109496926e-01, 1.023652694281280279e-01, 3.095733508008049473e-01, 2.967178988601173462e-01
2.913226225475016307e-01, 1.023717436654526941e-01, 3.095258783719558315e-01, 2.967797554150899408e-01
2.913017258565673839e-01, 1.023782274070788728e-01, 3.094784231101858629e-01, 2.968416236261678942e-01
2.912807908401295887e-01, 1.023847206490741679e-01, 3.094309850463577982e-01, 2.969035034644383342e-01
2.912598175002112377e-01, 1.023912233875034911e-01, 3.093835642113131890e-01, 2.969653949009720684e-01
2.912388058388763468e-01, 1.023977356184288673e-01, 3.093361606358721594e-01, 2.970272979068226404e-01
2.912177558582290660e-01, 1.024042573379097681e-01, 3.092887743508339060e-01, 2.970892124530272183e-01
2.911966675604146237e-01, 1.024107885420027786e-01, 3.092414053869762536e-01, 2.971511385106063718e-01
2.911755409476185497e-01, 1.024173292267617497e-01, 3.091940537750556550e-01, 2.972130760505640734e-01
2.911543760220673960e-01, 1.024238793882378540e-01, 3.091467195458071360e-01, 2.972750250438876973e-01
2.911331727860278495e-01, 1.024304390224795164e-01, 3.090994027299445168e-01, 2.973369854615481311e-01
2.911119312418077310e-01, 1.024370081255323861e-01, 3.090521033581598576e-01, 2.973989572744999976e-01
2.910906513917551619e-01, 1.024435866934394201e-01, 3.090048214611242350e-01, 2.974609404536812662e-01
2.910693332382592868e-01, 1.024501747222408277e-01, 3.089575570694864104e-01, 2.975229349700134196e-01
2.910479767837494958e-01, 1.024567722079740978e-01, 3.089103102138742729e-01, 2.975849407944021197e-01
2.910265820306962015e-01, 1.024633791466740135e-01, 3.088630809248936737e-01, 2.976469578977361530e-01
2.910051489816101733e-01, 1.024699955343725266e-01, 3.088158692331288147e-01, 2.977089862508884299e-01
2.909836776390433144e-01, 1.024766213670990911e-01, 3.087686751691423037e-01, 2.977710258247153186e-01
2.909621680055876625e-01, 1.024832566408802048e-01, 3.087214987634748220e-01, 2.978330765900573107e-01
2.909406200838762224e-01, 1.024899013517397844e-01, 3.086743400466454568e-01, 2.978951385177385225e-01
2.909190338765827444e-01, 1.024965554956989988e-01, 3.086271990491512018e-01, 2.979572115785671382e-01
2.908974093864216126e-01, 1.025032190687763245e-01, 3.085800758014671241e-01, 2.980192957433349665e-01
2.908757466161478455e-01, 1.025098920669874486e-01, 3.085329703340464191e-01, 2.980813909828182728e-01
2.908540455685572068e-01, 1.025165744863454770e-01, 3.084858826773206331e-01, 2.981434972677767803e-01
2.908323062464860942e-01, 1.025232663228607122e-01, 3.084388128616984415e-01, 2.982056145689546689e-01
2.908105286528119282e-01, 1.025299675725407783e-01, 3.083917609175673147e-01, 2.982677428570799649e-01
2.907887127904523195e-01, 1.025366782313906350e-01, 3.083447268752919079e-01, 2.983298821028650960e-01
2.907668586623660123e-01, 1.025433982954125356e-01, 3.082977107652152271e-01, 2.983920322770062250e-01
2.907449662715523298e-01, 1.025501277606059858e-01, 3.082507126176576850e-01, 2.984541933501840827e-01
2.907230356210511180e-01, 1.025568666229677989e-01, 3.082037324629176012e-01, 2.985163652930634681e-01
2.907010667139433013e-01, 1.025636148784922347e-01, 3.081567703312708129e-01, 2.985785480762935817e-01
2.906790595533504939e-01, 1.025703725231707081e-01, 3.081098262529710641e-01, 2.986407416705078588e-01
2.906570141424346110e-01, 1.025771395529919555e-01, 3.080629002582495612e-01, 2.987029460463239139e-01
2.906349304843987569e-01, 1.025839159639421044e-01, 3.080159923773149733e-01, 2.987651611743440405e-01
2.906128085824867258e-01, 1.025907017520046455e-01, 3.079691026403535981e-01, 2.988273870251549336e-01
2.905906484399827794e-01, 1.025974969131602244e-01, 3.079222310775291960e-01, 2.988896235693277448e-01
2.905684500602121467e-01, 1.026043014433869333e-01, 3.078753777189829899e-01, 2.989518707774179718e-01
2.905462134465406909e-01, 1.026111153386601582e-01, 3.078285425948333320e-01, 2.990141286199657911e-01
2.905239386023750758e-01, 1.026179385949525930e-01, 3.077817257351762037e-01, 2.990763970674960581e-01
2.905016255311627105e-01, 1.026247712082343361e-01, 3.077349271700847710e-01, 2.991386760905181963e-01
2.904792742363917490e-01, 1.026316131744726690e-01, 3.076881469296093852e-01, 2.992009656595261413e-01
2.904568847215911465e-01, 1.026384644896324028e-01, 3.076413850437777486e-01, 2.992632657449987299e-01
2.904344569903303253e-01, 1.026453251496755453e-01, 3.075946415425944713e-01, 2.993255763173995887e-01
2.904119910462200638e-01, 1.026521951505615093e-01, 3.075479164560414591e-01, 2.993878973471770788e-01
2.903894868929112194e-01, 1.026590744882469458e-01, 3.075012098140776362e-01, 2.994502288047640737e-01
2.903669445340959498e-01, 1.026659631586859939e-01, 3.074545216466391118e-01, 2.995125706605789029e-01
2.903443639735067694e-01, 1.026728611578300587e-01, 3.074078519836386802e-01, 2.995749228850244639e-01
2.903217452149171596e-01, 1.026797684816278811e-01, 3.073612008549663210e-01, 2.996372854484885551e-01
2.902990882621415136e-01, 1.026866851260256480e-01, 3.073145682904886433e-01, 2.996996583213442089e-01
2.902763931190344704e-01, 1.026936110869667851e-01, 3.072679543200494412e-01, 2.997620414739493033e-01
2.902536597894920800e-01, 1.027005463603921503e-01, 3.072213589734690276e-01, 2.998244348766466727e-01
2.902308882774508048e-01, 1.027074909422398541e-01, 3.071747822805447892e-01, 2.998868384997645520e-01
2.902080785868879076e-01, 1.027144448284455364e-01, 3.071282242710503541e-01, 2.999492523136162436e-01
2.901852307218213967e-01, 1.027214080149420894e-01, 3.070816849747364241e-01, 3.000116762885001731e-01
2.901623446863101918e-01, 1.027283804976597131e-01, 3.070351644213302200e-01, 3.000741103946998334e-01
2.901394204844539026e-01, 1.027353622725261928e-01, 3.069886626405355923e-01, 3.001365546024843955e-01
2.901164581203928838e-01, 1.027423533354664270e-01, 3.069421796620327991e-01, 3.001990088821079872e-01
2.900934575983082908e-01, 1.027493536824028442e-01, 3.068957155154786731e-01, 3.002614732038101919e-01
2.900704189224220797e-01, 1.027563633092552081e-01, 3.068492702305065101e-01, 3.003239475378161605e-01
2.900473420969970073e-01, 1.027633822119406737e-01, 3.068028438367261801e-01, 3.003864318543362777e-01
2.900242271263364646e-01, 1.027704103863737589e-01, 3.067564363637235725e-01, 3.004489261235662179e-01
2.900010740147846988e-01, 1.027774478284663173e-01, 3.067100478410612618e-01, 3.005114303156877775e-01
2.899778827667269798e-01, 1.027844945341276767e-01, 3.066636782982776754e-01, 3.005739444008677097e-01
2.899546533865888231e-01, 1.027915504992645557e-01, 3.066173277648880924e-01, 3.006364683492586121e-01
2.899313858788370446e-01, 1.027986157197809253e-01, 3.065709962703834224e-01, 3.006990021309986494e-01
2.899080802479790386e-01, 1.028056901915782584e-01, 3.065246838442309829e-01, 3.007615457162116646e-01
2.898847364985628339e-01, 1.028127739105555022e-01, 3.064783905158741661e-01, 3.008240990750074006e-01
2.898613546351775372e-01, 1.028198668726088144e-01, 3.064321163147325500e-01, 3.008866621774810568e-01
2.898379346624527786e-01, 1.028269690736318825e-01, 3.063858612702015094e-01, 3.009492349937139544e-01
2.898144765850590443e-01, 1.028340805095156879e-01, 3.063396254116524942e-01, 3.010118174937728153e-01
2.897909804077076212e-01, 1.028412011761487693e-01, 3.062934087684329731e-01, 3.010744096477105947e-01
2.897674461351505970e-01, 1.028483310694169595e-01, 3.062472113698662124e-01, 3.011370114255662034e-01
2.897438737721808044e-01, 1.028554701852034681e-01, 3.062010332452514416e-01, 3.011996227973642304e-01
2.897202633236319325e-01, 1.028626185193890485e-01, 3.061548744238636321e-01, 3.012622437331154424e-01
2.896966147943780823e-01, 1.028697760678517897e-01, 3.061087349349533859e-01, 3.013248742028167282e-01
2.896729281893347108e-01, 1.028769428264671437e-01, 3.060626148077472686e-01, 3.013875141764507659e-01
2.896492035134577980e-01, 1.028841187911081201e-01, 3.060165140714475318e-01, 3.014501636239866889e-01
2.896254407717438473e-01, 1.028913039576449945e-01, 3.059704327552317249e-01, 3.015128225153794750e-01
2.896016399692304399e-01, 1.028984983219455446e-01, 3.059243708882534163e-01, 3.015754908205706131e-01
2.895778011109957917e-01, 1.029057018798750223e-01, 3.058783284996414165e-01, 3.016381685094877696e-01
2.895539242021590298e-01, 1.029129146272959733e-01, 3.058323056185002775e-01, 3.017008555520445667e-01
2.895300092478799714e-01, 1.029201365600685286e-01, 3.057863022739099046e-01, 3.017635519181414705e-01
2.895060562533591231e-01, 1.029273676740502103e-01, 3.057403184949256669e-01, 3.018262575776649026e-01
2.894820652238379588e-01, 1.029346079650958895e-01, 3.056943543105782313e-01, 3.018889725004880176e-01
2.894580361645983091e-01, 1.029418574290578703e-01, 3.056484097498736729e-01, 3.019516966564700922e-01
2.894339690809632493e-01, 1.029491160617860973e-01, 3.056024848417935313e-01, 3.020144300154571915e-01
2.894098639782964333e-01, 1.029563838591277258e-01, 3.055565796152941993e-01, 3.020771725472816693e-01
2.893857208620022048e-01, 1.029636608169274686e-01, 3.055106940993076448e-01, 3.021399242217626679e-01
2.893615397375257081e-01, 1.029709469310274850e-01, 3.054648283227409666e-01, 3.022026850087057293e-01
2.893373206103528328e-01, 1.029782421972673945e-01, 3.054189823144762839e-01, 3.022654548779034611e-01
2.893130634860104355e-01, 1.029855466114841939e-01, 3.053731561033708464e-01, 3.023282337991345936e-01
2.892887683700657853e-01, 1.029928601695124513e-01, 3.053273497182569240e-01, 3.023910217421649782e-01
2.892644352681270070e-01, 1.030001828671840564e-01, 3.052815631879418623e-01, 3.024538186767471992e-01
2.892400641858432486e-01, 1.030075147003284564e-01, 3.052357965412078600e-01, 3.025166245726205738e-01
2.892156551289038480e-01, 1.030148556647726005e-01, 3.051900498068122469e-01, 3.025794393995113185e-01
2.891912081030394988e-01, 1.030222057563408011e-01, 3.051443230134869289e-01, 3.026422631271327157e-01
2.891667231140213623e-01, 1.030295649708548728e-01, 3.050986161899389981e-01, 3.027050957251847252e-01
2.891422001676612896e-01, 1.030369333041341040e-01, 3.050529293648501228e-01, 3.027679371633545391e-01
2.891176392698119324e-01, 1.030443107519953133e-01, 3.050072625668767134e-01, 3.028307874113161380e-01
2.890930404263666320e-01, 1.030516973102525990e-01, 3.049616158246499231e-01, 3.028936464387308458e-01
2.890684036432595305e-01, 1.030590929747178253e-01, 3.049159891667756472e-01, 3.029565142152468860e-01
2.890437289264654597e-01, 1.030664977412002054e-01, 3.048703826218345236e-01, 3.030193907104998252e-01
2.890190162819999964e-01, 1.030739116055063020e-01, 3.048247962183814885e-01, 3.030822758941122408e-01
2.889942657159193518e-01, 1.030813345634404160e-01, 3.047792299849461650e-01, 3.031451697356940533e-01
2.889694772343207041e-01, 1.030887666108041278e-01, 3.047336839500328076e-01, 3.032080722048425270e-01
2.889446508433416438e-01, 1.030962077433966034e-01, 3.046881581421197471e-01, 3.032709832711420472e-01
2.889197865491606732e-01, 1.031036579570144968e-01, 3.046426525896603899e-01, 3.033339029041645096e-01
2.888948843579968728e-01, 1.031111172474519222e-01, 3.045971673210818853e-01, 3.033968310734692642e-01
2.888699442761101799e-01, 1.031185856105005932e-01, 3.045517023647860699e-01, 3.034597677486030598e-01
2.888449663098012210e-01, 1.031260630419495866e-01, 3.045062577491490230e-01, 3.035227128991002110e-01
2.888199504654110350e-01, 1.031335495375855504e-01, 3.044608335025210666e-01, 3.035856664944823757e-01
2.887948967493217389e-01, 1.031410450931926487e-01, 3.044154296532266546e-01, 3.036486285042588329e-01
2.887698051679560285e-01, 1.031485497045525612e-01, 3.043700462295646503e-01, 3.037115988979268155e-01
2.887446757277771225e-01, 1.031560633674444144e-01, 3.043246832598078266e-01, 3.037745776449706780e-01
2.887195084352892072e-01, 1.031635860776449476e-01, 3.042793407722030330e-01, 3.038375647148629510e-01
2.886943032970367695e-01, 1.031711178309283050e-01, 3.042340187949714170e-01, 3.039005600770635640e-01
2.886690603196053195e-01, 1.031786586230662439e-01, 3.041887173563079805e-01, 3.039635637010205671e-01
2.886437795096209458e-01, 1.031862084498280097e-01, 3.041434364843816907e-01, 3.040265755561694094e-01
2.886184608737502599e-01, 1.031937673069803357e-01, 3.040981762073354799e-01, 3.040895956119338828e-01
2.885931044187007299e-01, 1.032013351902875548e-01, 3.040529365532861905e-01, 3.041526238377253999e-01
2.885677101512204024e-01, 1.032089120955115291e-01, 3.040077175503245743e-01, 3.042156602029434942e-01
2.885422780780979579e-01, 1.032164980184115260e-01, 3.039625192265149600e-01, 3.042787046769756532e-01
2.885168082061627115e-01, 1.032240929547444674e-01, 3.039173416098957525e-01, 3.043417572291969853e-01
2.884913005422846677e-01, 1.032316969002648188e-01, 3.038721847284789890e-01, 3.044048178289715523e-01
2.884657550933745762e-01, 1.032393098507244783e-01, 3.038270486102501167e-01, 3.044678864456508149e-01
2.884401718663834879e-01, 1.032469318018730126e-01, 3.037819332831687147e-01, 3.045309630485746877e-01
2.884145508683034764e-01, 1.032545627494574902e-01, 3.037368387751677168e-01, 3.045940476070712610e-01
2.883888921061671384e-01, 1.032622026892224681e-01, 3.036917651141534669e-01, 3.046571400904569127e-01
2.883631955870474273e-01, 1.032698516169100883e-01, 3.036467123280062186e-01, 3.047202404680363075e-01
2.883374613180582080e-01, 1.032775095282601335e-01, 3.036016804445793027e-01, 3.047833487091022864e-01
2.883116893063538133e-01, 1.032851764190097915e-01, 3.035566694916999597e-01, 3.048464647829363661e-01
2.882858795591292100e-01, 1.032928522848939185e-01, 3.035116794971685072e-01, 3.049095886588083504e-01
2.882600320836201102e-01, 1.033005371216448864e-01, 3.034667104887585620e-01, 3.049727203059764968e-01
2.882341468871025270e-01, 1.033082309249926389e-01, 3.034217624942173730e-01, 3.050358596936874611e-01
2.882082239768933296e-01, 1.033159336906646353e-01, 3.033768355412653217e-01, 3.050990067911766856e-01
2.881822633603497441e-01, 1.033236454143860727e-01, 3.033319296575961443e-01, 3.051621615676680666e-01
2.881562650448698526e-01, 1.033313660918794563e-01, 3.032870448708765432e-01, 3.052253239923741757e-01
2.881302290378918718e-01, 1.033390957188651260e-01, 3.032421812087465751e-01, 3.052884940344962605e-01
2.881041553468952077e-01, 1.033468342910608129e-01, 3.031973386988195407e-01, 3.053516716632244110e-01
2.880780439793992898e-01, 1.033545818041819719e-01, 3.031525173686815400e-01, 3.054148568477372816e-01
2.880518949429642372e-01, 1.033623382539414354e-01, 3.031077172458919167e-01, 3.054780495572023691e-01
2.880257082451908035e-01, 1.033701036360498565e-01, 3.030629383579830360e-01, 3.055412497607762345e-01
2.879994838937202650e-01, 1.033778779462153491e-01, 3.030181807324603405e-01, 3.056044574276041148e-01
2.879732218962344215e-01, 1.033856611801435982e-01, 3.029734443968017388e-01, 3.056676725268203110e-01
2.879469222604555956e-01, 1.033934533335379019e-01, 3.029287293784586055e-01, 3.057308950275479664e-01
2.879205849941465223e-01, 1.034012544020992547e-01, 3.028840357048548371e-01, 3.057941248988995109e-01
2.878942101051105151e-01, 1.034090643815260419e-01, 3.028393634033872961e-01, 3.058573621099762163e-01
2.878677976011916329e-01, 1.034168832675144561e-01, 3.027947125014254781e-01, 3.059206066298684190e-01
2.878413474902740687e-01, 1.034247110557581645e-01, 3.027500830263117892e-01, 3.059838584276559637e-01
2.878148597802827058e-01, 1.034325477419485440e-01, 3.027054750053612131e-01, 3.060471174724075372e-01
2.877883344791830056e-01, 1.034403933217744181e-01, 3.026608884658614773e-01, 3.061103837331811683e-01
2.877617715949805643e-01, 1.034482477909224180e-01, 3.026163234350727760e-01, 3.061736571790242278e-01
2.877351711357217789e-01, 1.034561111450765791e-01, 3.025717799402281027e-01, 3.062369377789734837e-01
2.877085331094934029e-01, 1.034639833799187586e-01, 3.025272580085328067e-01, 3.063002255020549347e-01
2.876818575244226572e-01, 1.034718644911283153e-01, 3.024827576671650364e-01, 3.063635203172839772e-01
2.876551443886771753e-01, 1.034797544743822073e-01, 3.024382789432750185e-01, 3.064268221936655712e-01
2.876283937104651134e-01, 1.034876533253551445e-01, 3.023938218639856124e-01, 3.064901311001941853e-01
2.876016054980348735e-01, 1.034955610397192971e-01, 3.023493864563920330e-01, 3.065534470058537964e-01
2.875747797596755473e-01, 1.035034776131445872e-01, 3.023049727475619619e-01, 3.066167698796179453e-01
2.875479165037164164e-01, 1.035114030412984665e-01, 3.022605807645351583e-01, 3.066800996904498477e-01
2.875210157385273968e-01, 1.035193373198461941e-01, 3.022162105343239036e-01, 3.067434364073023945e-01
2.874940774725186499e-01, 1.035272804444504757e-01, 3.021718620839125569e-01, 3.068067799991182620e-01
2.874671017141406937e-01, 1.035352324107718103e-01, 3.021275354402576108e-01, 3.068701304348298020e-01
2.874400884718847360e-01, 1.035431932144681988e-01, 3.020832306302881354e-01, 3.069334876833590964e-01
2.874130377542818415e-01, 1.035511628511953663e-01, 3.020389476809046680e-01, 3.069968517136180686e-01
2.873859495699038757e-01, 1.035591413166066788e-01, 3.019946866189803791e-01, 3.070602224945089831e-01
2.873588239273629497e-01, 1.035671286063531982e-01, 3.019504474713603503e-01, 3.071235999949235018e-01
2.873316608353116419e-01, 1.035751247160835303e-01, 3.019062302648613527e-01, 3.071869841837434612e-01
2.873044603024426102e-01, 1.035831296414440605e-01, 3.018620350262725682e-01, 3.072503750298407610e-01
2.872772223374889800e-01, 1.035911433780787316e-01, 3.018178617823548682e-01, 3.073137725020774758e-01
2.872499469492242330e-01, 1.035991659216291549e-01, 3.017737105598412017e-01, 3.073771765693054658e-01
2.872226341464623189e-01, 1.036071972677347353e-01, 3.017295813854359854e-01, 3.074405872003670437e-01
2.871952839380570444e-01, 1.036152374120323655e-01, 3.016854742858158245e-01, 3.075040043640945853e-01
2.871678963329031276e-01, 1.036232863501567597e-01, 3.016413892876291802e-01, 3.075674280293109186e-01
2.871404713399350883e-01, 1.036313440777401895e-01, 3.015973264174958146e-01, 3.076308581648289908e-01
2.871130089681279141e-01, 1.036394105904126783e-01, 3.015532857020075674e-01, 3.076942947394518124e-01
2.870855092264969488e-01, 1.036474858838019319e-01, 3.015092671677278569e-01, 3.077577377219734012e-01
2.870579721240976157e-01, 1.036555699535332137e-01, 3.014652708411916238e-01, 3.078211870811775053e-01
2.870303976700257498e-01, 1.036636627952296358e-01, 3.014212967489055539e-01, 3.078846427858389911e-01
2.870027858734174875e-01, 1.036717644045118958e-01, 3.013773449173478558e-01, 3.079481048047227887e-01
2.869751367434489886e-01, 1.036798747769984291e-01, 3.013334153729680942e-01, 3.080115731065845019e-01
2.869474502893366585e-01, 1.036879939083053120e-01, 3.012895081421874677e-01, 3.080750476601704646e-01
2.869197265203373703e-01, 1.036961217940463864e-01, 3.012456232513988641e-01, 3.081385284342174624e-01
2.868919654457480206e-01, 1.037042584298331210e-01, 3.012017607269658614e-01, 3.082020153974529553e-01
2.868641670749057515e-01, 1.037124038112747365e-01, 3.011579205952242266e-01, 3.082655085185953547e-01
2.868363314171877843e-01, 1.037205579339780942e-01, 3.011141028824805277e-01, 3.083290077663535800e-01
2.868084584820115857e-01, 1.037287207935478628e-01, 3.010703076150128554e-01, 3.083925131094277239e-01
2.867805482788350346e-01, 1.037368923855862685e-01, 3.010265348190703794e-01, 3.084560245165082759e-01
2.867526008171557006e-01, 1.037450727056934419e-01, 3.009827845208737918e-01, 3.085195419562770103e-01
2.867246161065118426e-01, 1.037532617494670295e-01, 3.009390567466146416e-01, 3.085830653974064863e-01
2.866965941564813547e-01, 1.037614595125025407e-01, 3.008953515224558339e-01, 3.086465948085602706e-01
2.866685349766824875e-01, 1.037696659903931673e-01, 3.008516688745313528e-01, 3.087101301583929924e-01
2.866404385767736818e-01, 1.037778811787297417e-01, 3.008080088289461496e-01, 3.087736714155503992e-01
2.866123049664534017e-01, 1.037861050731009871e-01, 3.007643714117764766e-01, 3.088372185486693566e-01
2.865841341554600796e-01, 1.037943376690931285e-01, 3.007207566490691653e-01, 3.089007715263775156e-01
2.865559261535725044e-01, 1.038025789622903650e-01, 3.006771645668425696e-01, 3.089643303172945332e-01
2.865276809706093220e-01, 1.038108289482744528e-01, 3.006335951910854010e-01, 3.090278948900307965e-01
2.864993986164294237e-01, 1.038190876226249421e-01, 3.005900485477575601e-01, 3.090914652131880325e-01
2.864710791009314472e-01, 1.038273549809191343e-01, 3.005465246627900266e-01, 3.091550412553594196e-01
2.864427224340544975e-01, 1.038356310187320969e-01, 3.005030235620840817e-01, 3.092186229851294210e-01
2.864143286257774257e-01, 1.038439157316365102e-01, 3.004595452715121962e-01, 3.092822103710740067e-01
2.863858976861189953e-01, 1.038522091152029730e-01, 3.004160898169173644e-01, 3.093458033817605979e-01
2.863574296251382711e-01, 1.038605111649997387e-01, 3.003726572241135484e-01, 3.094094019857483446e-01
2.863289244529343414e-01, 1.038688218765928123e-01, 3.003292475188851229e-01, 3.094730061515876263e-01
2.863003821796459292e-01, 1.038771412455460341e-01, 3.002858607269873192e-01, 3.095366158478207730e-01
2.862718028154519478e-01, 1.038854692674208852e-01, 3.002424968741457811e-01, 3.096002310429813997e-01
2.862431863705712787e-01, 1.038938059377766954e-01, 3.001991559860567871e-01, 3.096638517055951834e-01
2.862145328552628265e-01, 1.039021512521705187e-01, 3.001558380883872501e-01, 3.097274778041794185e-01
2.861858422798251866e-01, 1.039105052061572165e-01, 3.001125432067744403e-01, 3.097911093072431843e-01
2.861571146545971445e-01, 1.039188677952893186e-01, 3.000692713668263178e-01, 3.098547461832871774e-01
2.861283499899571758e-01, 1.039272390151172731e-01, 3.000260225941209224e-01, 3.099183884008044898e-01
2.860995482963240022e-01, 1.039356188611892107e-01, 2.999827969142070949e-01, 3.099820359282798310e-01
2.860707095841556469e-01, 1.039440073290509997e-01, 2.999395943526035890e-01, 3.100456887341896950e-01
2.860418338639507674e-01, 1.039524044142464271e-01, 2.998964149347999042e-01, 3.101093467870029152e-01
2.860129211462472121e-01, 1.039608101123169204e-01, 2.998532586862555638e-01, 3.101730100551803315e-01
2.859839714416229084e-01, 1.039692244188018116e-01, 2.998101256324003927e-01, 3.102366785071747901e-01
2.859549847606960293e-01, 1.039776473292381431e-01, 2.997670157986346284e-01, 3.103003521114313101e-01
2.859259611141239388e-01, 1.039860788391607227e-01, 2.997239292103281993e-01, 3.103640308363870282e-01
2.858969005126041352e-01, 1.039945189441022905e-01, 2.996808658928218350e-01, 3.104277146504716978e-01
2.858678029668739740e-01, 1.040029676395932273e-01, 2.996378258714259557e-01, 3.104914035221068569e-01
2.858386684877103900e-01, 1.040114249211618880e-01, 2.995948091714210615e-01, 3.105550974197066605e-01
2.858094970859303419e-01, 1.040198907843342263e-01, 2.995518158180578983e-01, 3.106187963116774919e-01
2.857802887723903673e-01, 1.040283652246341423e-01, 2.995088458365569584e-01, 3.106825001664184627e-01
2.857510435579868613e-01, 1.040368482375833015e-01, 2.994658992521090912e-01, 3.107462089523208015e-01
2.857217614536558536e-01, 1.040453398187011630e-01, 2.994229760898747261e-01, 3.108099226377683544e-01
2.856924424703731202e-01, 1.040538399635050487e-01, 2.993800763749842608e-01, 3.108736411911375286e-01
2.856630866191544049e-01, 1.040623486675100740e-01, 2.993372001325381171e-01, 3.109373645807974595e-01
2.856336939110546980e-01, 1.040708659262291891e-01, 2.992943473876064076e-01, 3.110010927751097332e-01
2.856042643571689577e-01, 1.040793917351731240e-01, 2.992515181652291578e-01, 3.110648257424287744e-01
2.855747979686318327e-01, 1.040879260898504854e-01, 2.992087124904160844e-01, 3.111285634511015696e-01
2.855452947566175514e-01, 1.040964689857676873e-01, 2.991659303881467058e-01, 3.111923058694680555e-01
2.855157547323399214e-01, 1.041050204184289507e-01, 2.991231718833701758e-01, 3.112560529658608965e-01
2.854861779070525518e-01, 1.041135803833364154e-01, 2.990804370010052282e-01, 3.113198047086057629e-01
2.854565642920484092e-01, 1.041221488759899172e-01, 2.990377257659405097e-01, 3.113835610660211084e-01
2.854269138986605392e-01, 1.041307258918872797e-01, 2.989950382030340248e-01, 3.114473220064182257e-01
2.853972267382609007e-01, 1.041393114265240505e-01, 2.989523743371133024e-01, 3.115110874981016353e-01
2.853675028222616428e-01, 1.041479054753937233e-01, 2.989097341929757290e-01, 3.115748575093690298e-01
2.853377421621139942e-01, 1.041565080339875993e-01, 2.988671177953876046e-01, 3.116386320085107742e-01
2.853079447693091519e-01, 1.041651190977948005e-01, 2.988245251690853643e-01, 3.117024109638106277e-01
2.852781106553776147e-01, 1.041737386623023259e-01, 2.987819563387744126e-01, 3.117661943435456329e-01
2.852482398318893497e-01, 1.041823667229951067e-01, 2.987394113291296782e-01, 3.118299821159858376e-01
2.852183323104539592e-01, 1.041910032753557980e-01, 2.986968901647956698e-01, 3.118937742493946841e-01
2.851883881027204581e-01, 1.041996483148649733e-01, 2.986543928703856987e-01, 3.119575707120289532e-01
2.851584072203772746e-01, 1.042083018370011244e-01, 2.986119194704828783e-01, 3.120213714721386533e-01
2.851283896751524716e-01, 1.042169638372405366e-01, 2.985694699896392912e-01, 3.120851764979675758e-01
2.850983354788135249e-01, 1.042256343110574551e-01, 2.985270444523765998e-01, 3.121489857577524618e-01
2.850682446431672123e-01, 1.042343132539239187e-01, 2.984846428831851028e-01, 3.122127992197236690e-01
2.850381171800596136e-01, 1.042430006613098842e-01, 2.984422653065249009e-01, 3.122766168521055596e-01
2.850079531013766099e-01, 1.042516965286831715e-01, 2.983999117468246753e-01, 3.123404386231156127e-01
2.849777524190430511e-01, 1.042604008515094632e-01, 2.983575822284822987e-01, 3.124042645009650343e-01
2.849475151450235333e-01, 1.042691136252524436e-01, 2.983152767758651680e-01, 3.124680944538587579e-01
2.849172412913216768e-01, 1.042778348453735349e-01, 2.982729954133091499e-01, 3.125319284499955552e-01
2.848869308699806258e-01, 1.042865645073321468e-01, 2.982307381651194689e-01, 3.125957664575679251e-01
2.848565838930827154e-01, 1.042953026065854966e-01, 2.981885050555700412e-01, 3.126596084447617607e-01
2.848262003727497493e-01, 1.043040491385888030e-01, 2.981462961089039188e-01, 3.127234543797575705e-01
2.847957803211426109e-01, 1.043128040987951755e-01, 2.981041113493329564e-01, 3.127873042307292017e-01
2.847653237504616519e-01, 1.043215674826555028e-01, 2.980619508010380891e-01, 3.128511579658447284e-01
2.847348306729464706e-01, 1.043303392856187173e-01, 2.980198144881686662e-01, 3.129150155532660627e-01
2.847043011008758562e-01, 1.043391195031316693e-01, 2.979777024348432279e-01, 3.129788769611494548e-01
2.846737350465675664e-01, 1.043479081306389333e-01, 2.979356146651488402e-01, 3.130427421576446045e-01
2.846431325223791609e-01, 1.043567051635832799e-01, 2.978935512031414823e-01, 3.131066111108961048e-01
2.846124935407067791e-01, 1.043655105974051617e-01, 2.978515120728457699e-01, 3.131704837890422755e-01
2.845818181139861958e-01, 1.043743244275430748e-01, 2.978094972982550659e-01, 3.132343601602157190e-01
2.845511062546920988e-01, 1.043831466494334059e-01, 2.977675069033309807e-01, 3.132982401925435423e-01
2.845203579753382561e-01, 1.043919772585104461e-01, 2.977255409120043717e-01, 3.133621238541468568e-01
2.844895732884778483e-01, 1.044008162502064602e-01, 2.976835993481742326e-01, 3.134260111131413340e-01
2.844587522067030250e-01, 1.044096636199516454e-01, 2.976416822357082492e-01, 3.134899019376370943e-01
2.844278947426449600e-01, 1.044185193631741032e-01, 2.975997895984425767e-01, 3.135537962957384850e-01
2.843970009089738515e-01, 1.044273834752998953e-01, 2.975579214601818401e-01, 3.136176941555444686e-01
2.843660707183991998e-01, 1.044362559517529598e-01, 2.975160778446991339e-01, 3.136815954851487342e-01
2.843351041836694182e-01, 1.044451367879553061e-01, 2.974742587757360779e-01, 3.137455002526390868e-01
2.843041013175720000e-01, 1.044540259793268477e-01, 2.974324642770026506e-01, 3.138094084260985572e-01
2.842730621329333518e-01, 1.044629235212853474e-01, 2.973906943721768004e-01, 3.138733199736045143e-01
2.842419866426189046e-01, 1.044718294092466387e-01, 2.973489490849054451e-01, 3.139372348632289977e-01
2.842108748595330026e-01, 1.044807436386244598e-01, 2.973072284388033060e-01, 3.140011530630391068e-01
2.841797267966192364e-01, 1.044896662048305364e-01, 2.972655324574537405e-01, 3.140650745410965561e-01
2.841485424668597215e-01, 1.044985971032745403e-01, 2.972238611644078543e-01, 3.141289992654577312e-01
2.841173218832758751e-01, 1.045075363293640897e-01, 2.971822145831855000e-01, 3.141929272041745214e-01
2.840860650589277503e-01, 1.045164838785048594e-01, 2.971405927372743339e-01, 3.142568583252931536e-01
2.840547720069144244e-01, 1.045254397461003598e-01, 2.970989956501301488e-01, 3.143207925968550809e-01
2.840234427403738882e-01, 1.045344039275521442e-01, 2.970574233451770962e-01, 3.143847299868969269e-01
2.839920772724828235e-01, 1.045433764182597813e-01, 2.970158758458071313e-01, 3.144486704634503194e-01
2.839606756164568258e-01, 1.045523572136207446e-01, 2.969743531753805121e-01, 3.145126139945418342e-01
2.839292377855504035e-01, 1.045613463090305367e-01, 2.969328553572253560e-01, 3.145765605481936067e-01
2.838977637930568121e-01, 1.045703436998827035e-01, 2.968913824146377500e-01, 3.146405100924227205e-01
2.838662536523079982e-01, 1.045793493815685982e-01, 2.968499343708816962e-01, 3.147044625952415409e-01
2.838347073766747108e-01, 1.045883633494777837e-01, 2.968085112491894995e-01, 3.147684180246579366e-01
2.838031249795665012e-01, 1.045973855989977275e-01, 2.967671130727608242e-01, 3.148323763486749471e-01
2.837715064744316673e-01, 1.046064161255137737e-01, 2.967257398647633604e-01, 3.148963375352911154e-01
2.837398518747570320e-01, 1.046154549244094900e-01, 2.966843916483330457e-01, 3.149603015525004324e-01
2.837081611940683867e-01, 1.046245019910662932e-01, 2.966430684465729550e-01, 3.150242683682923928e-01
2.836764344459299925e-01, 1.046335573208636432e-01, 2.966017702825543556e-01, 3.150882379506519948e-01
2.836446716439448013e-01, 1.046426209091790155e-01, 2.965604971793163736e-01, 3.151522102675598513e-01
2.836128728017544565e-01, 1.046516927513879563e-01, 2.965192491598653834e-01, 3.152161852869923009e-01
2.835810379330391262e-01, 1.046607728428638612e-01, 2.964780262471757299e-01, 3.152801629769212410e-01
2.835491670515176144e-01, 1.046698611789783906e-01, 2.964368284641895612e-01, 3.153441433053142950e-01
2.835172601709474716e-01, 1.046789577551010542e-01, 2.963956558338163294e-01, 3.154081262401351449e-01
2.834853173051244957e-01, 1.046880625665993630e-01, 2.963545083789334011e-01, 3.154721117493428095e-01
2.834533384678832868e-01, 1.046971756088389827e-01, 2.963133861223852805e-01, 3.155360998008925333e-01
2.834213236730966923e-01, 1.047062968771835523e-01, 2.962722890869844417e-01, 3.156000903627353971e-01
2.833892729346764727e-01, 1.047154263669946433e-01, 2.962312172955106071e-01, 3.156640834028183185e-01
2.833571862665723584e-01, 1.047245640736320649e-01, 2.961901707707110254e-01, 3.157280788890844958e-01
2.833250636827729929e-01, 1.047337099924535719e-01, 2.961491495353005265e-01, 3.157920767894729641e-01
2.832929051973052115e-01, 1.047428641188148657e-01, 2.961081536119612445e-01, 3.158560770719187061e-01
2.832607108242344296e-01, 1.047520264480698293e-01, 2.960671830233425061e-01, 3.159200797043532627e-01
2.832284805776641989e-01, 1.047611969755702921e-01, 2.960262377920614973e-01, 3.159840846547039561e-01
2.831962144717368735e-01, 1.047703756966662791e-01, 2.959853179407022639e-01, 3.160480918908945558e-01
2.831639125206327212e-01, 1.047795626067057478e-01, 2.959444234918162664e-01, 3.161121013808452784e-01
2.831315747385705350e-01, 1.047887577010346988e-01, 2.959035544679224361e-01, 3.161761130924722329e-01
2.830992011398076325e-01, 1.047979609749973007e-01, 2.958627108915067860e-01, 3.162401269936881976e-01
2.830667917386394117e-01, 1.048071724239356961e-01, 2.958218927850225777e-01, 3.163041430524023423e-01
2.830343465493995736e-01, 1.048163920431901402e-01, 2.957811001708902099e-01, 3.163681612365201179e-01
2.830018655864601773e-01, 1.048256198280989177e-01, 2.957403330714972745e-01, 3.164321815139438110e-01
2.829693488642312516e-01, 1.048348557739984116e-01, 2.956995915091984450e-01, 3.164962038525718224e-01
2.829367963971615163e-01, 1.048440998762231319e-01, 2.956588755063156437e-01, 3.165602282202996665e-01
2.829042081997374947e-01, 1.048533521301055760e-01, 2.956181850851378190e-01, 3.166242545850191381e-01
2.828715842864841234e-01, 1.048626125309762985e-01, 2.955775202679207236e-01, 3.166882829146187017e-01
2.828389246719642536e-01, 1.048718810741641611e-01, 2.955368810768875809e-01, 3.167523131769839351e-01
2.828062293707792052e-01, 1.048811577549958463e-01, 2.954962675342281964e-01, 3.168163453399968077e-01
2.827734983975682126e-01, 1.048904425687962466e-01, 2.954556796620993464e-01, 3.168803793715361805e-01
2.827407317670084796e-01, 1.048997355108883672e-01, 2.954151174826251669e-01, 3.169444152394779168e-01
2.827079294938157350e-01, 1.049090365765933258e-01, 2.953745810178962095e-01, 3.170084529116948269e-01
2.826750915927432883e-01, 1.049183457612302001e-01, 2.953340702899701076e-01, 3.170724923560565012e-01
2.826422180785825855e-01, 1.049276630601163468e-01, 2.952935853208712991e-01, 3.171365335404296992e-01
2.826093089661633750e-01, 1.049369884685671245e-01, 2.952531261325913037e-01, 3.172005764326782384e-01
2.825763642703531531e-01, 1.049463219818960458e-01, 2.952126927470878903e-01, 3.172646210006628831e-01
2.825433840060573853e-01, 1.049556635954146805e-01, 2.951722851862861319e-01, 3.173286672122417884e-01
2.825103681882196183e-01, 1.049650133044327804e-01, 2.951319034720775170e-01, 3.173927150352700566e-01
2.824773168318211458e-01, 1.049743711042582239e-01, 2.950915476263203940e-01, 3.174567644376002917e-01
2.824442299518813981e-01, 1.049837369901969186e-01, 2.950512176708397494e-01, 3.175208153870819894e-01
2.824111075634574419e-01, 1.049931109575529820e-01, 2.950109136274271515e-01, 3.175848678515624801e-01
2.823779496816443690e-01, 1.050024930016286301e-01, 2.949706355178408623e-01, 3.176489217988861524e-01
2.823447563215751854e-01, 1.050118831177242057e-01, 2.949303833638058370e-01, 3.177129771968947303e-01
2.823115274984204781e-01, 1.050212813011381779e-01, 2.948901571870135019e-01, 3.177770340134277727e-01
2.822782632273888037e-01, 1.050306875471671980e-01, 2.948499570091218658e-01, 3.178410922163222296e-01
2.822449635237265220e-01, 1.050401018511059742e-01, 2.948097828517552976e-01, 3.179051517734122201e-01
2.822116284027176292e-01, 1.050495242082474384e-01, 2.947696347365049707e-01, 3.179692126525299756e-01
2.821782578796839247e-01, 1.050589546138826907e-01, 2.947295126849282521e-01, 3.180332748215051741e-01
2.821448519699848445e-01, 1.050683930633008190e-01, 2.946894167185490909e-01, 3.180973382481653289e-01
2.821114106890176276e-01, 1.050778395517892455e-01, 2.946493468588577413e-01, 3.181614029003353439e-01
2.820779340522170942e-01, 1.050872940746334361e-01, 2.946093031273110396e-01, 3.182254687458382358e-01
2.820444220750559228e-01, 1.050967566271171078e-01, 2.945692855453321268e-01, 3.182895357524949120e-01
2.820108747730439291e-01, 1.051062272045220347e-01, 2.945292941343101156e-01, 3.183536038881238928e-01
2.819772921617290096e-01, 1.051157058021282009e-01, 2.944893289156009786e-01, 3.184176731205418109e-01
2.819436742566963638e-01, 1.051251924152138140e-01, 2.944493899105266044e-01, 3.184817434175632456e-01
2.819100210735688283e-01, 1.051346870390551247e-01, 2.944094771403752420e-01, 3.185458147470006662e-01
2.818763326280069315e-01, 1.051441896689267186e-01, 2.943695906264013895e-01, 3.186098870766648217e-01
2.818426089357083386e-01, 1.051537003001012105e-01, 2.943297303898258499e-01, 3.186739603743645732e-01
2.818088500124085738e-01, 1.051632189278494250e-01, 2.942898964518353422e-01, 3.187380346079066729e-01
2.817750558738803535e-01, 1.051727455474405076e-01, 2.942500888335828901e-01, 3.188021097450961516e-01
2.817412265359340307e-01, 1.051822801541415775e-01, 2.942103075561877112e-01, 3.188661857537366529e-01
2.817073620144171509e-01, 1.051918227432181163e-01, 2.941705526407349947e-01, 3.189302626016297659e-01
2.816734623252148406e-01, 1.052013733099336906e-01, 2.941308241082760122e-01, 3.189943402565754149e-01
2.816395274842495855e-01, 1.052109318495501322e-01, 2.940911219798282294e-01, 3.190584186863719696e-01
2.816055575074811190e-01, 1.052204983573273994e-01, 2.940514462763749726e-01, 3.191224978588164118e-01
2.815715524109065337e-01, 1.052300728285237297e-01, 2.940117970188656504e-01, 3.191865777417039474e-01
2.815375122105602257e-01, 1.052396552583955286e-01, 2.939721742282156991e-01, 3.192506583028285050e-01
2.815034369225138944e-01, 1.052492456421973838e-01, 2.939325779253062487e-01, 3.193147395099823482e-01
2.814693265628764318e-01, 1.052588439751821064e-01, 2.938930081309847342e-01, 3.193788213309566859e-01
2.814351811477940335e-01, 1.052684502526007593e-01, 2.938534648660640625e-01, 3.194429037335410615e-01
2.814010006934499764e-01, 1.052780644697025730e-01, 2.938139481513234452e-01, 3.195069866855239082e-01
2.813667852160648408e-01, 1.052876866217350577e-01, 2.937744580075075662e-01, 3.195710701546924937e-01
2.813325347318962333e-01, 1.052973167039438634e-01, 2.937349944553271919e-01, 3.196351541088326975e-01
2.812982492572390636e-01, 1.053069547115729199e-01, 2.936955575154587272e-01, 3.196992385157291783e-01
2.812639288084252676e-01, 1.053166006398644355e-01, 2.936561472085444935e-01, 3.197633233431657618e-01
2.812295734018236404e-01, 1.053262544840587039e-01, 2.936167635551923949e-01, 3.198274085589251636e-01
2.811951830538405583e-01, 1.053359162393944226e-01, 2.935774065759761409e-01, 3.198914941307889337e-01
2.811607577809187575e-01, 1.053455859011083878e-01, 2.935380762914353014e-01, 3.199555800265375671e-01
2.811262975995385549e-01, 1.053552634644357167e-01, 2.934987727220746412e-01, 3.200196662139509485e-01
2.810918025262170716e-01, 1.053649489246097637e-01, 2.934594958883652849e-01, 3.200837526608079631e-01
2.810572725775081770e-01, 1.053746422768621072e-01, 2.934202458107432743e-01, 3.201478393348864415e-01
2.810227077700030440e-01, 1.053843435164225628e-01, 2.933810225096107338e-01, 3.202119262039637149e-01
2.809881081203293718e-01, 1.053940526385192533e-01, 2.933418260053351490e-01, 3.202760132358162259e-01
2.809534736451519410e-01, 1.054037696383785527e-01, 2.933026563182495883e-01, 3.203401003982198070e-01
2.809188043611726138e-01, 1.054134945112250726e-01, 2.932635134686528144e-01, 3.204041876589495130e-01
2.808841002851295565e-01, 1.054232272522816066e-01, 2.932243974768088401e-01, 3.204682749857800106e-01
2.808493614337982391e-01, 1.054329678567693662e-01, 2.931853083629473167e-01, 3.205323623464850225e-01
2.808145878239907134e-01, 1.054427163199077588e-01, 2.931462461472632564e-01, 3.205964497088383269e-01
2.807797794725556684e-01, 1.054524726369144433e-01, 2.931072108499171991e-01, 3.206605370406126476e-01
2.807449363963787636e-01, 1.054622368030053992e-01, 2.930682024910351569e-01, 3.207246243095806526e-01
2.807100586123823516e-01, 1.054720088133948713e-01, 2.930292210907082251e-01, 3.207887114835146214e-01
2.806751461375250334e-01, 1.054817886632953144e-01, 2.929902666689933044e-01, 3.208527985301862784e-01
2.806401989888028803e-01, 1.054915763479176150e-01, 2.929513392459122678e-01, 3.209168854173674035e-01
2.806052171832477682e-01, 1.055013718624707858e-01, 2.929124388414524049e-01, 3.209809721128289994e-01
2.805702007379285989e-01, 1.055111752021622579e-01, 2.928735654755664219e-01, 3.210450585843426241e-01
2.805351496699510783e-01, 1.055209863621977273e-01, 2.928347191681722750e-01, 3.211091447996790027e-01
2.805000639964568276e-01, 1.055308053377811417e-01, 2.927958999391529482e-01, 3.211732307266090825e-01
2.804649437346246055e-01, 1.055406321241147694e-01, 2.927571078083568978e-01, 3.212373163329038661e-01
2.804297889016691414e-01, 1.055504667163991855e-01, 2.927183427955974415e-01, 3.213014015863340789e-01
2.803945995148423020e-01, 1.055603091098333418e-01, 2.926796049206538686e-01, 3.213654864546705570e-01
2.803593755914317587e-01, 1.055701592996143440e-01, 2.926408942032695526e-01, 3.214295709056842476e-01
2.803241171487619865e-01, 1.055800172809377435e-01, 2.926022106631538944e-01, 3.214936549071463756e-01
2.802888242041937650e-01, 1.055898830489973711e-01, 2.925635543199808231e-01, 3.215577384268281103e-01
2.802534967751240114e-01, 1.055997565989853504e-01, 2.925249251933896844e-01, 3.216218214325009539e-01
2.802181348789866133e-01, 1.056096379260921536e-01, 2.924863233029846854e-01, 3.216859038919366309e-01
2.801827385332509301e-01, 1.056195270255065877e-01, 2.924477486683352279e-01, 3.217499857729071988e-01
2.801473077554233471e-01, 1.056294238924157802e-01, 2.924092013089757414e-01, 3.218140670431852146e-01
2.801118425630461650e-01, 1.056393285220051520e-01, 2.923706812444055725e-01, 3.218781476705431244e-01
2.800763429736980448e-01, 1.056492409094585277e-01, 2.923321884940889848e-01, 3.219422276227545399e-01
2.800408090049935628e-01, 1.056591610499579698e-01, 2.922937230774553807e-01, 3.220063068675930174e-01
2.800052406745840439e-01, 1.056690889386840554e-01, 2.922552850138989133e-01, 3.220703853728330568e-01
2.799696380001564511e-01, 1.056790245708155024e-01, 2.922168743227787080e-01, 3.221344631062492136e-01
2.799340009994341627e-01, 1.056889679415295019e-01, 2.921784910234191401e-01, 3.221985400356172646e-01
2.798983296901764728e-01, 1.056989190460015660e-01, 2.921401351351085585e-01, 3.222626161287132640e-01
2.798626240901789797e-01, 1.057088778794055689e-01, 2.921018066771012278e-01, 3.223266913533141542e-01
2.798268842172730864e-01, 1.057188444369137059e-01, 2.920635056686153863e-01, 3.223907656771976549e-01
2.797911100893265557e-01, 1.057288187136966040e-01, 2.920252321288346886e-01, 3.224548390681421517e-01
2.797553017242427886e-01, 1.057388007049231277e-01, 2.919869860769070402e-01, 3.225189114939270851e-01
2.797194591399612684e-01, 1.057487904057606426e-01, 2.919487675319455411e-01, 3.225829829223325618e-01
2.796835823544575605e-01, 1.057587878113748214e-01, 2.919105765130277641e-01, 3.226470533211397984e-01
2.796476713857428686e-01, 1.057687929169297408e-01, 2.918724130391961435e-01, 3.227111226581311776e-01
2.796117262518647006e-01, 1.057788057175878121e-01, 2.918342771294577531e-01, 3.227751909010896925e-01
2.795757469709060916e-01, 1.057888262085098369e-01, 2.917961688027844724e-01, 3.228392580177996685e-01
2.795397335609858258e-01, 1.057988543848549928e-01, 2.917580880781124875e-01, 3.229033239760467078e-01
2.795036860402588252e-01, 1.058088902417808619e-01, 2.917200349743430121e-01, 3.229673887436172453e-01
2.794676044269157056e-01, 1.058189337744434438e-01, 2.916820095103416777e-01, 3.230314522882991590e-01
2.794314887391825541e-01, 1.058289849779970315e-01, 2.916440117049386993e-01, 3.230955145778816595e-01
2.793953389953214850e-01, 1.058390438475944606e-01, 2.916060415769289871e-01, 3.231595755801551229e-01
2.793591552136301392e-01, 1.058491103783867904e-01, 2.915680991450717574e-01, 3.232236352629113130e-01
2.793229374124417963e-01, 1.058591845655236230e-01, 2.915301844280911991e-01, 3.232876935939432705e-01
2.792866856101256512e-01, 1.058692664041528536e-01, 2.914922974446755299e-01, 3.233517505410459236e-01
2.792503998250862041e-01, 1.058793558894209619e-01, 2.914544382134777178e-01, 3.234158060720151440e-01
2.792140800757635932e-01, 1.058894530164725956e-01, 2.914166067531150928e-01, 3.234798601546488017e-01
2.791777263806334841e-01, 1.058995577804510285e-01, 2.913788030821696240e-01, 3.235439127567458217e-01
2.791413387582072358e-01, 1.059096701764977860e-01, 2.913410272191874761e-01, 3.236079638461074048e-01
2.791049172270316236e-01, 1.059197901997529362e-01, 2.913032791826793977e-01, 3.236720133905359731e-01
2.790684618056887834e-01, 1.059299178453549373e-01, 2.912655589911204435e-01, 3.237360613578357804e-01
2.790319725127964334e-01, 1.059400531084406377e-01, 2.912278666629500856e-01, 3.238001077158129126e-01
2.789954493670074864e-01, 1.059501959841453178e-01, 2.911902022165718806e-01, 3.238641524322752874e-01
2.789588923870104376e-01, 1.059603464676027590e-01, 2.911525656703543019e-01, 3.239281954750325432e-01
2.789223015915291426e-01, 1.059705045539450913e-01, 2.911149570426296296e-01, 3.239922368118962615e-01
2.788856769993225404e-01, 1.059806702383029459e-01, 2.910773763516945056e-01, 3.240562764106800220e-01
2.788490186291850415e-01, 1.059908435158053580e-01, 2.910398236158101004e-01, 3.241203142391994030e-01
2.788123264999464723e-01, 1.060010243815798364e-01, 2.910022988532015575e-01, 3.241843502652721476e-01
2.787756006304715206e-01, 1.060112128307523077e-01, 2.909648020820584935e-01, 3.242483844567176643e-01
2.787388410396604010e-01, 1.060214088584472136e-01, 2.909273333205343870e-01, 3.243124167813580261e-01
2.787020477464483559e-01, 1.060316124597873721e-01, 2.908898925867473562e-01, 3.243764472070169158e-01
2.786652207698057104e-01, 1.060418236298940747e-01, 2.908524798987793814e-01, 3.244404757015207919e-01
2.786283601287380951e-01, 1.060520423638871418e-01, 2.908150952746767492e-01, 3.245045022326980000e-01
2.785914658422859458e-01, 1.060622686568847561e-01, 2.907777387324498308e-01, 3.245685267683794395e-01
2.785545379295251145e-01, 1.060725025040036157e-01, 2.907404102900731369e-01, 3.246325492763981191e-01
2.785175764095662587e-01, 1.060827439003589612e-01, 2.907031099654851514e-01, 3.246965697245896565e-01
2.784805813015550080e-01, 1.060929928410643958e-01, 2.906658377765887202e-01, 3.247605880807918899e-01
2.784435526246720749e-01, 1.061032493212320515e-01, 2.906285937412504405e-01, 3.248246043128454885e-01
2.784064903981328665e-01, 1.061135133359725063e-01, 2.905913778773012712e-01, 3.248886183885932311e-01
2.783693946411882059e-01, 1.061237848803949085e-01, 2.905541902025359224e-01, 3.249526302758808938e-01
2.783322653731232776e-01, 1.061340639496067828e-01, 2.905170307347132996e-01, 3.250166399425565844e-01
2.782951026132582939e-01, 1.061443505387141967e-01, 2.904798994915561150e-01, 3.250806473564712418e-01
2.782579063809484388e-01, 1.061546446428217189e-01, 2.904427964907513315e-01, 3.251446524854784692e-01
2.782206766955833688e-01, 1.061649462570324332e-01, 2.904057217499496635e-01, 3.252086552974345901e-01
2.781834135765877125e-01, 1.061752553764478274e-01, 2.903686752867657428e-01, 3.252726557601987034e-01
2.781461170434208485e-01, 1.061855719961680156e-01, 2.903316571187781192e-01, 3.253366538416330722e-01
2.781087871155767943e-01, 1.061958961112915156e-01, 2.902946672635293712e-01, 3.254006495096024021e-01
2.780714238125840954e-01, 1.062062277169154301e-01, 2.902577057385259951e-01, 3.254646427319745627e-01
2.780340271540062136e-01, 1.062165668081353070e-01, 2.902207725612381273e-01, 3.255286334766203105e-01
2.779965971594410834e-01, 1.062269133800452514e-01, 2.901838677490999885e-01, 3.255926217114137322e-01
2.779591338485210006e-01, 1.062372674277379248e-01, 2.901469913195093842e-01, 3.256566074042316350e-01
2.779216372409131219e-01, 1.062476289463044204e-01, 2.901101432898282040e-01, 3.257205905229541565e-01
2.778841073563191322e-01, 1.062579979308344164e-01, 2.900733236773819779e-01, 3.257845710354645430e-01
2.778465442144748554e-01, 1.062683743764160915e-01, 2.900365324994599314e-01, 3.258485489096491494e-01
2.778089478351507546e-01, 1.062787582781361817e-01, 2.899997697733153190e-01, 3.259125241133977169e-01
2.777713182381519874e-01, 1.062891496310799239e-01, 2.899630355161649242e-01, 3.259764966146032061e-01
2.777336554433175175e-01, 1.062995484303311255e-01, 2.899263297451892818e-01, 3.260404663811621306e-01
2.776959594705211143e-01, 1.063099546709721371e-01, 2.898896524775326777e-01, 3.261044333809740015e-01
2.776582303396708529e-01, 1.063203683480838241e-01, 2.898530037303032048e-01, 3.261683975819422154e-01
2.776204680707088923e-01, 1.063307894567455947e-01, 2.898163835205722627e-01, 3.262323589519732780e-01
2.775826726836117531e-01, 1.063412179920354139e-01, 2.897797918653755023e-01, 3.262963174589773585e-01
2.775448441983902614e-01, 1.063516539490298729e-01, 2.897432287817117147e-01, 3.263602730708682342e-01
2.775069826350893276e-01, 1.063620973228039807e-01, 2.897066942865433870e-01, 3.264242257555632354e-01
2.774690880137881677e-01, 1.063725481084314417e-01, 2.896701883967969238e-01, 3.264881754809835224e-01
2.774311603545999705e-01, 1.063830063009844479e-01, 2.896337111293619815e-01, 3.265521222150536418e-01
2.773931996776720088e-01, 1.063934718955337477e-01, 2.895972625010919121e-01, 3.266160659257021925e-01
2.773552060031860833e-01, 1.064039448871487020e-01, 2.895608425288038190e-01, 3.266800065808614373e-01
2.773171793513573014e-01, 1.064144252708972421e-01, 2.895244512292780570e-01, 3.267439441484672469e-01
2.772791197424354648e-01, 1.064249130418458561e-01, 2.894880886192586766e-01, 3.268078785964600441e-01
2.772410271967038486e-01, 1.064354081950596304e-01, 2.894517547154532577e-01, 3.268718098927833604e-01
2.772029017344799784e-01, 1.064459107256021803e-01, 2.894154495345327427e-01, 3.269357380053851680e-01
2.771647433761152413e-01, 1.064564206285357750e-01, 2.893791730931316031e-01, 3.269996629022173806e-01
2.771265521419948308e-01, 1.064669378989212406e-01, 2.893429254078480062e-01, 3.270635845512360196e-01
2.770883280525378023e-01, 1.064774625318180012e-01, 2.893067064952433154e-01, 3.271275029204010476e-01
2.770500711281969619e-01, 1.064879945222840379e-01, 2.892705163718422567e-01, 3.271914179776767573e-01
2.770117813894591441e-01, 1.064985338653760133e-01, 2.892343550541332520e-01, 3.272553296910315490e-01
2.769734588568448785e-01, 1.065090805561491050e-01, 2.891982225585680299e-01, 3.273192380284380421e-01
2.769351035509082237e-01, 1.065196345896571722e-01, 2.891621189015616267e-01, 3.273831429578731300e-01
2.768967154922368779e-01, 1.065301959609526034e-01, 2.891260440994924408e-01, 3.274470444473181474e-01
2.768582947014525675e-01, 1.065407646650864404e-01, 2.890899981687023446e-01, 3.275109424647586476e-01
2.768198411992103258e-01, 1.065513406971083793e-01, 2.890539811254965730e-01, 3.275748369781847358e-01
2.767813550061988814e-01, 1.065619240520666311e-01, 2.890179929861435015e-01, 3.276387279555909582e-01
2.767428361431406580e-01, 1.065725147250081439e-01, 2.889820337668750905e-01, 3.277026153649761908e-01
2.767042846307912751e-01, 1.065831127109784088e-01, 2.889461034838863296e-01, 3.277664991743440281e-01
2.766657004899401029e-01, 1.065937180050215566e-01, 2.889102021533356268e-01, 3.278303793517027831e-01
2.766270837414098183e-01, 1.066043306021803860e-01, 2.888743297913447527e-01, 3.278942558650649874e-01
2.765884344060568489e-01, 1.066149504974962803e-01, 2.888384864139985075e-01, 3.279581286824483355e-01
2.765497525047705962e-01, 1.066255776860092763e-01, 2.888026720373451095e-01, 3.280219977718749069e-01
2.765110380584741012e-01, 1.066362121627580789e-01, 2.887668866773960286e-01, 3.280858631013717219e-01
2.764722910881236007e-01, 1.066468539227800189e-01, 2.887311303501258197e-01, 3.281497246389705746e-01
2.764335116147085825e-01, 1.066575029611110392e-01, 2.886954030714722341e-01, 3.282135823527080332e-01
2.763946996592520633e-01, 1.066681592727857786e-01, 2.886597048573363855e-01, 3.282774362106257726e-01
2.763558552428099224e-01, 1.066788228528375293e-01, 2.886240357235823062e-01, 3.283412861807702421e-01
2.763169783864715678e-01, 1.066894936962982238e-01, 2.885883956860373911e-01, 3.284051322311928311e-01
2.762780691113593257e-01, 1.067001717981983927e-01, 2.885527847604921758e-01, 3.284689743299501474e-01
2.762391274386287732e-01, 1.067108571535673456e-01, 2.885172029627000589e-01, 3.285328124451038501e-01
2.762001533894684613e-01, 1.067215497574329902e-01, 2.884816503083780237e-01, 3.285966465447205387e-01
2.761611469851002476e-01, 1.067322496048218744e-01, 2.884461268132056944e-01, 3.286604765968720865e-01
2.761221082467787413e-01, 1.067429566907593247e-01, 2.884106324928260578e-01, 3.287243025696359178e-01
2.760830371957916363e-01, 1.067536710102692105e-01, 2.883751673628450196e-01, 3.287881244310940088e-01
2.760439338534598774e-01, 1.067643925583741937e-01, 2.883397314388317367e-01, 3.288519421493341643e-01
2.760047982411367729e-01, 1.067751213300955765e-01, 2.883043247363180628e-01, 3.289157556924495740e-01
2.759656303802089927e-01, 1.067858573204532036e-01, 2.882689472707994360e-01, 3.289795650285383122e-01
2.759264302920957368e-01, 1.067966005244659206e-01, 2.882335990577337692e-01, 3.290433701257044485e-01
2.758871979982494005e-01, 1.068073509371509910e-01, 2.881982801125423377e-01, 3.291071709520571598e-01
2.758479335201548532e-01, 1.068181085535245128e-01, 2.881629904506092243e-01, 3.291709674757113402e-01
2.758086368793297716e-01, 1.068288733686011543e-01, 2.881277300872815972e-01, 3.292347596647874353e-01
2.757693080973247501e-01, 1.068396453773944738e-01, 2.880924990378695427e-01, 3.292985474874112750e-01
2.757299471957226911e-01, 1.068504245749164888e-01, 2.880572973176462326e-01, 3.293623309117145737e-01
2.756905541961395256e-01, 1.068612109561782320e-01, 2.880221249418475349e-01, 3.294261099058346520e-01
2.756511291202236591e-01, 1.068720045161891397e-01, 2.879869819256724583e-01, 3.294898844379146596e-01
2.756116719896561373e-01, 1.068828052499575659e-01, 2.879518682842828747e-01, 3.295536544761033526e-01
2.755721828261504247e-01, 1.068936131524905048e-01, 2.879167840328035188e-01, 3.296174199885555378e-01
2.755326616514524596e-01, 1.069044282187936457e-01, 2.878817291863220995e-01, 3.296811809434317397e-01
2.754931084873410430e-01, 1.069152504438714568e-01, 2.878467037598890221e-01, 3.297449373088984226e-01
2.754535233556269502e-01, 1.069260798227271159e-01, 2.878117077685179437e-01, 3.298086890531278792e-01
2.754139062781537084e-01, 1.069369163503625375e-01, 2.877767412271849956e-01, 3.298724361442987307e-01
2.753742572767968744e-01, 1.069477600217783736e-01, 2.877418041508293944e-01, 3.299361785505954270e-01
2.753345763734648677e-01, 1.069586108319738882e-01, 2.877068965543528867e-01, 3.299999162402083019e-01
2.752948635900979157e-01, 1.069694687759473045e-01, 2.876720184526205260e-01, 3.300636491813342954e-01
2.752551189486686090e-01, 1.069803338486954442e-01, 2.876371698604597293e-01, 3.301273773421762314e-01
2.752153424711820118e-01, 1.069912060452139352e-01, 2.876023507926610545e-01, 3.301911006909431512e-01
2.751755341796751630e-01, 1.070020853604970595e-01, 2.875675612639775336e-01, 3.302548191958502022e-01
2.751356940962174091e-01, 1.070129717895379612e-01, 2.875328012891251728e-01, 3.303185328251194708e-01
2.750958222429101818e-01, 1.070238653273284934e-01, 2.874980708827827303e-01, 3.303822415469785390e-01
2.750559186418869984e-01, 1.070347659688593162e-01, 2.874633700595916608e-01, 3.304459453296620941e-01
2.750159833153133504e-01, 1.070456737091196875e-01, 2.874286988341561710e-01, 3.305096441414107078e-01
2.749760162853868706e-01, 1.070565885430978664e-01, 2.873940572210433309e-01, 3.305733379504718905e-01
2.749360175743371104e-01, 1.070675104657806825e-01, 2.873594452347826289e-01, 3.306370267250994255e-01
2.748959872044258734e-01, 1.070784394721538829e-01, 2.873248628898667500e-01, 3.307007104335535908e-01
2.748559251979462714e-01, 1.070893755572019101e-01, 2.872903102007504095e-01, 3.307643890441014922e-01
2.748158315772236682e-01, 1.071003187159079578e-01, 2.872557871818516295e-01, 3.308280625250167306e-01
2.747757063646154019e-01, 1.071112689432540815e-01, 2.872212938475508515e-01, 3.308917308445797345e-01
2.747355495825104521e-01, 1.071222262342210879e-01, 2.871868302121911021e-01, 3.309553939710773718e-01
2.746953612533296063e-01, 1.071331905837885068e-01, 2.871523962900782156e-01, 3.310190518728037823e-01
2.746551413995251822e-01, 1.071441619869347717e-01, 2.871179920954805564e-01, 3.310827045180594341e-01
2.746148900435815277e-01, 1.071551404386370671e-01, 2.870836176426292963e-01, 3.311463518751520674e-01
2.745746072080145761e-01, 1.071661259338713285e-01, 2.870492729457180814e-01, 3.312099939123960834e-01
2.745342929153719025e-01, 1.071771184676123395e-01, 2.870149580189030880e-01, 3.312736305981127671e-01
2.744939471882323900e-01, 1.071881180348336765e-01, 2.869806728763033554e-01, 3.313372619006306197e-01
2.744535700492067853e-01, 1.071991246305077083e-01, 2.869464175320002308e-01, 3.314008877882851922e-01
2.744131615209374209e-01, 1.072101382496056382e-01, 2.869121920000380355e-01, 3.314645082294188083e-01
2.743727216260978263e-01, 1.072211588870974897e-01, 2.868779962944233430e-01, 3.315281231923813965e-01
2.743322503873931173e-01, 1.072321865379520095e-01, 2.868438304291252017e-01, 3.315917326455296021e-01
2.742917478275599397e-01, 1.072432211971369731e-01, 2.868096944180756336e-01, 3.316553365572275092e-01
2.742512139693661366e-01, 1.072542628596186709e-01, 2.867755882751687468e-01, 3.317189348958464179e-01
2.742106488356109706e-01, 1.072653115203625190e-01, 2.867415120142615126e-01, 3.317825276297649006e-01
2.741700524491250124e-01, 1.072763671743326291e-01, 2.867074656491733764e-01, 3.318461147273689127e-01
2.741294248327700855e-01, 1.072874298164919055e-01, 2.866734491936860918e-01, 3.319096961570517923e-01
2.740887660094393774e-01, 1.072984994418021837e-01, 2.866394626615442753e-01, 3.319732718872142607e-01
2.740480760020569950e-01, 1.073095760452240088e-01, 2.866055060664545739e-01, 3.320368418862643667e-01
2.740073548335783538e-01, 1.073206596217169684e-01, 2.865715794220866086e-01, 3.321004061226180970e-01
2.739666025269900662e-01, 1.073317501662393036e-01, 2.865376827420721417e-01, 3.321639645646985439e-01
2.739258191053097202e-01, 1.073428476737481874e-01, 2.865038160400055767e-01, 3.322275171809365157e-01
2.738850045915858789e-01, 1.073539521391996404e-01, 2.864699793294437358e-01, 3.322910639397707033e-01
2.738441590088984690e-01, 1.073650635575485318e-01, 2.864361726239058048e-01, 3.323546048096471806e-01
2.738032823803580040e-01, 1.073761819237485510e-01, 2.864023959368736660e-01, 3.324181397590198483e-01
2.737623747291060838e-01, 1.073873072327523603e-01, 2.863686492817912321e-01, 3.324816687563502682e-01
2.737214360783150613e-01, 1.073984394795113734e-01, 2.863349326720653343e-01, 3.325451917701082172e-01
2.736804664511884866e-01, 1.074095786589759072e-01, 2.863012461210648341e-01, 3.326087087687707444e-01
2.736394658709604411e-01, 1.074207247660951825e-01, 2.862675896421211230e-01, 3.326722197208232257e-01
2.735984343608959812e-01, 1.074318777958172544e-01, 2.862339632485280672e-01, 3.327357245947586417e-01
2.735573719442908058e-01, 1.074430377430891093e-01, 2.862003669535418404e-01, 3.327992233590783000e-01
2.735162786444711447e-01, 1.074542046028564846e-01, 2.861668007703810357e-01, 3.328627159822912795e-01
2.734751544847944249e-01, 1.074653783700641463e-01, 2.861332647122267203e-01, 3.329262024329148195e-01
2.734339994886480496e-01, 1.074765590396557086e-01, 2.860997587922220475e-01, 3.329896826794742082e-01
2.733928136794505637e-01, 1.074877466065736059e-01, 2.860662830234729226e-01, 3.330531566905029495e-01
2.733515970806508211e-01, 1.074989410657593014e-01, 2.860328374190472811e-01, 3.331166244345425964e-01
2.733103497157282624e-01, 1.075101424121529814e-01, 2.859994219919755332e-01, 3.331800858801431398e-01
2.732690716081929150e-01, 1.075213506406938885e-01, 2.859660367552505078e-01, 3.332435409958627859e-01
2.732277627815848930e-01, 1.075325657463200996e-01, 2.859326817218272310e-01, 3.333069897502679568e-01
2.731864232594751751e-01, 1.075437877239685813e-01, 2.858993569046229810e-01, 3.333704321119332903e-01
2.731450530654648823e-01, 1.075550165685751902e-01, 2.858660623165176773e-01, 3.334338680494421947e-01
2.731036522231855002e-01, 1.075662522750748668e-01, 2.858327979703532695e-01, 3.334972975313863497e-01
2.730622207562987680e-01, 1.075774948384012053e-01, 2.857995638789340154e-01, 3.335607205263660391e-01
2.730207586884967341e-01, 1.075887442534869259e-01, 2.857663600550267025e-01, 3.336241370029895403e-01
2.729792660435018115e-01, 1.076000005152635969e-01, 2.857331865113601488e-01, 3.336875469298745123e-01
2.729377428450662224e-01, 1.076112636186616484e-01, 2.857000432606254803e-01, 3.337509502756465518e-01
2.728961891169727760e-01, 1.076225335586106224e-01, 2.856669303154762973e-01, 3.338143470089403042e-01
2.728546048830340354e-01, 1.076338103300387428e-01, 2.856338476885282862e-01, 3.338777370983989079e-01
2.728129901670929836e-01, 1.076450939278734142e-01, 2.856007953923594411e-01, 3.339411205126742721e-01
2.727713449930221912e-01, 1.076563843470407650e-01, 2.855677734395098977e-01, 3.340044972204270768e-01
2.727296693847245934e-01, 1.076676815824660488e-01, 2.855347818424823769e-01, 3.340678671903269947e-01
2.726879633661329905e-01, 1.076789856290733260e-01, 2.855018206137414638e-01, 3.341312303910522474e-01
2.726462269612099365e-01, 1.076902964817857411e-01, 2.854688897657142177e-01, 3.341945867912901047e-01
2.726044601939481282e-01, 1.077016141355251894e-01, 2.854359893107897284e-01, 3.342579363597369402e-01
2.725626630883697388e-01, 1.077129385852127336e-01, 2.854031192613195045e-01, 3.343212790650978983e-01
2.725208356685271949e-01, 1.077242698257682707e-01, 2.853702796296172517e-01, 3.343846148760872272e-01
2.724789779585023997e-01, 1.077356078521107124e-01, 2.853374704279587060e-01, 3.344479437614282236e-01
2.724370899824068992e-01, 1.077469526591578464e-01, 2.853046916685819667e-01, 3.345112656898531212e-01
2.723951717643822157e-01, 1.077583042418265857e-01, 2.852719433636873303e-01, 3.345745806301038128e-01
2.723532233285992366e-01, 1.077696625950326920e-01, 2.852392255254371789e-01, 3.346378885509309065e-01
2.723112446992586588e-01, 1.077810277136908995e-01, 2.852065381659560916e-01, 3.347011894210942806e-01
2.722692359005906559e-01, 1.077923995927149992e-01, 2.851738812973310111e-01, 3.347644832093633060e-01
2.722271969568548777e-01, 1.078037782270176437e-01, 2.851412549316108547e-01, 3.348277698845165129e-01
2.721851278923406170e-01, 1.078151636115106254e-01, 2.851086590808067922e-01, 3.348910494153419237e-01
2.721430287313664209e-01, 1.078265557411045711e-01, 2.850760937568922460e-01, 3.349543217706367759e-01
2.721008994982804796e-01, 1.078379546107091913e-01, 2.850435589718025575e-01, 3.350175869192077993e-01
2.720587402174601266e-01, 1.078493602152331560e-01, 2.850110547374353764e-01, 3.350808448298713826e-01
2.720165509133122272e-01, 1.078607725495841496e-01, 2.849785810656504936e-01, 3.351440954714531850e-01
2.719743316102727348e-01, 1.078721916086688298e-01, 2.849461379682698969e-01, 3.352073388127886355e-01
2.719320823328070236e-01, 1.078836173873928411e-01, 2.849137254570776046e-01, 3.352705748227224336e-01
2.718898031054097220e-01, 1.078950498806609121e-01, 2.848813435438198871e-01, 3.353338034701095483e-01
2.718474939526042689e-01, 1.079064890833767026e-01, 2.848489922402050456e-01, 3.353970247238139968e-01
2.718051548989438571e-01, 1.079179349904429569e-01, 2.848166715579035224e-01, 3.354602385527097885e-01
2.717627859690102676e-01, 1.079293875967613225e-01, 2.847843815085477903e-01, 3.355234449256807028e-01
2.717203871874144250e-01, 1.079408468972326007e-01, 2.847521221037327410e-01, 3.355866438116202333e-01
2.716779585787965634e-01, 1.079523128867565102e-01, 2.847198933550149080e-01, 3.356498351794319768e-01
2.716355001678255054e-01, 1.079637855602317981e-01, 2.846876952739135214e-01, 3.357130189980291335e-01
2.715930119791992725e-01, 1.079752649125563513e-01, 2.846555278719093418e-01, 3.357761952363350066e-01
2.715504940376446963e-01, 1.079867509386270158e-01, 2.846233911604456601e-01, 3.358393638632826694e-01
2.715079463679174188e-01, 1.079982436333395690e-01, 2.845912851509274089e-01, 3.359025248478155756e-01
2.714653689948020587e-01, 1.080097429915890389e-01, 2.845592098547222726e-01, 3.359656781588867269e-01
2.714227619431117677e-01, 1.080212490082692739e-01, 2.845271652831592446e-01, 3.360288237654596721e-01
2.713801252376887296e-01, 1.080327616782733591e-01, 2.844951514475300147e-01, 3.360919616365079521e-01
2.713374589034036610e-01, 1.080442809964932971e-01, 2.844631683590880256e-01, 3.361550917410150441e-01
2.712947629651559223e-01, 1.080558069578202024e-01, 2.844312160290488611e-01, 3.362182140479750836e-01
2.712520374478735730e-01, 1.080673395571441903e-01, 2.843992944685902469e-01, 3.362813285263919760e-01
2.712092823765132055e-01, 1.080788787893545017e-01, 2.843674036888519385e-01, 3.363444351452804515e-01
2.711664977760598894e-01, 1.080904246493394200e-01, 2.843355437009357778e-01, 3.364075338736649545e-01
2.711236836715273379e-01, 1.081019771319862155e-01, 2.843037145159055257e-01, 3.364706246805808654e-01
2.710808400879576308e-01, 1.081135362321813537e-01, 2.842719161447872511e-01, 3.365337075350738338e-01
2.710379670504212135e-01, 1.081251019448102729e-01, 2.842401485985687759e-01, 3.365967824061996128e-01
2.709950645840171757e-01, 1.081366742647574819e-01, 2.842084118882002852e-01, 3.366598492630250572e-01
2.709521327138725844e-01, 1.081482531869066149e-01, 2.841767060245937171e-01, 3.367229080746270142e-01
2.709091714651429839e-01, 1.081598387061404043e-01, 2.841450310186233175e-01, 3.367859588100932111e-01
2.708661808630123402e-01, 1.081714308173406108e-01, 2.841133868811252516e-01, 3.368490014385219777e-01
2.708231609326924305e-01, 1.081830295153880517e-01, 2.840817736228974932e-01, 3.369120359290220801e-01
2.707801116994235646e-01, 1.081946347951627113e-01, 2.840501912547005459e-01, 3.369750622507132198e-01
2.707370331884740300e-01, 1.082062466515436583e-01, 2.840186397872565549e-01, 3.370380803727258123e-01
2.706939254251402582e-01, 1.082178650794089758e-01, 2.839871192312498072e-01, 3.371010902642008755e-01
2.706507884347467141e-01, 1.082294900736359561e-01, 2.839556295973267863e-01, 3.371640918942905851e-01
2.706076222426458955e-01, 1.082411216291008921e-01, 2.839241708960956179e-01, 3.372270852321576085e-01
2.705644268742182224e-01, 1.082527597406792441e-01, 2.838927431381268462e-01, 3.372900702469755485e-01
2.705212023548722589e-01, 1.082644044032455982e-01, 2.838613463339528797e-01, 3.373530469079294436e-01
2.704779487100440472e-01, 1.082760556116735412e-01, 2.838299804940679905e-01, 3.374160151842144351e-01
2.704346659651979401e-01, 1.082877133608358966e-01, 2.837986456289287585e-01, 3.374789750450375436e-01
2.703913541458256575e-01, 1.082993776456045582e-01, 2.837673417489535166e-01, 3.375419264596162261e-01
2.703480132774471190e-01, 1.083110484608505453e-01, 2.837360688645227391e-01, 3.376048693971795411e-01
2.703046433856097219e-01, 1.083227258014439753e-01, 2.837048269859790972e-01, 3.376678038269673165e-01
2.702612444958884530e-01, 1.083344096622541330e-01, 2.836736161236268483e-01, 3.377307297182305934e-01
2.702178166338862764e-01, 1.083461000381493872e-01, 2.836424362877325023e-01, 3.377936470402318481e-01
2.701743598252335232e-01, 1.083577969239972738e-01, 2.836112874885247104e-01, 3.378565557622444926e-01
2.701308740955881138e-01, 1.083695003146644686e-01, 2.835801697361938212e-01, 3.379194558535535409e-01
2.700873594706355574e-01, 1.083812102050168008e-01, 2.835490830408924356e-01, 3.379823472834552756e-01
2.700438159760887857e-01, 1.083929265899191419e-01, 2.835180274127349631e-01, 3.380452300212571926e-01
2.700002436376881532e-01, 1.084046494642356695e-01, 2.834870028617980098e-01, 3.381081040362782786e-01
2.699566424812014365e-01, 1.084163788228295483e-01, 2.834560093981200457e-01, 3.381709692978490112e-01
2.699130125324238350e-01, 1.084281146605632212e-01, 2.834250470317015713e-01, 3.382338257753114696e-01
2.698693538171777484e-01, 1.084398569722982014e-01, 2.833941157725050619e-01, 3.382966734380189466e-01
2.698256663613129991e-01, 1.084516057528952665e-01, 2.833632156304550231e-01, 3.383595122553365586e-01
2.697819501907066098e-01, 1.084633609972142226e-01, 2.833323466154379910e-01, 3.384223421966411349e-01
2.697382053312625816e-01, 1.084751227001141266e-01, 2.833015087373025320e-01, 3.384851632313208292e-01
2.696944318089123382e-01, 1.084868908564531609e-01, 2.832707020058589098e-01, 3.385479753287756188e-01
2.696506296496142263e-01, 1.084986654610887169e-01, 2.832399264308797515e-01, 3.386107784584173053e-01
2.696067988793537928e-01, 1.085104465088773534e-01, 2.832091820220996037e-01, 3.386735725896692917e-01
2.695629395241434523e-01, 1.085222339946747550e-01, 2.831784687892147101e-01, 3.387363576919670827e-01
2.695190516100228750e-01, 1.085340279133358843e-01, 2.831477867418836780e-01, 3.387991337347575627e-01
2.694751351630583769e-01, 1.085458282597148022e-01, 2.831171358897269785e-01, 3.388619006874999395e-01
2.694311902093431965e-01, 1.085576350286647784e-01, 2.830865162423268910e-01, 3.389246585196651340e-01
2.693872167749977176e-01, 1.085694482150382778e-01, 2.830559278092280029e-01, 3.389874072007358907e-01
2.693432148861688025e-01, 1.085812678136870296e-01, 2.830253705999366542e-01, 3.390501467002074443e-01
2.692991845690304586e-01, 1.085930938194617501e-01, 2.829948446239213267e-01, 3.391128769875865201e-01
2.692551258497829503e-01, 1.086049262272126698e-01, 2.829643498906124210e-01, 3.391755980323920561e-01
2.692110387546535755e-01, 1.086167650317888950e-01, 2.829338864094021466e-01, 3.392383098041553691e-01
2.691669233098961667e-01, 1.086286102280390048e-01, 2.829034541896451316e-01, 3.393010122724196553e-01
2.691227795417911461e-01, 1.086404618108105929e-01, 2.828730532406577014e-01, 3.393637054067403791e-01
2.690786074766456926e-01, 1.086523197749506148e-01, 2.828426835717182675e-01, 3.394263891766854391e-01
2.690344071407932414e-01, 1.086641841153051236e-01, 2.828123451920669940e-01, 3.394890635518345579e-01
2.689901785605938733e-01, 1.086760548267194371e-01, 2.827820381109064640e-01, 3.395517285017802256e-01
2.689459217624339260e-01, 1.086879319040381375e-01, 2.827517623374009581e-01, 3.396143839961269784e-01
2.689016367727262713e-01, 1.086998153421049745e-01, 2.827215178806768425e-01, 3.396770300044918423e-01
2.688573236179102044e-01, 1.087117051357629344e-01, 2.826913047498224585e-01, 3.397396664965042778e-01
2.688129823244512218e-01, 1.087236012798542678e-01, 2.826611229538881775e-01, 3.398022934418062913e-01
2.687686129188411321e-01, 1.087355037692204207e-01, 2.826309725018863461e-01, 3.398649108100521565e-01
2.687242154275978900e-01, 1.087474125987020895e-01, 2.826008534027911745e-01, 3.399275185709089153e-01
2.686797898772655957e-01, 1.087593277631392352e-01, 2.825707656655393474e-01, 3.399901166940559327e-01
2.686353362944147172e-01, 1.087712492573709999e-01, 2.825407092990288582e-01, 3.400527051491853414e-01
2.685908547056416462e-01, 1.087831770762358458e-01, 2.825106843121202860e-01, 3.401152839060021527e-01
2.685463451375689203e-01, 1.087951112145714855e-01, 2.824806907136358514e-01, 3.401778529342237567e-01
2.685018076168449452e-01, 1.088070516672147575e-01, 2.824507285123600275e-01, 3.402404122035803113e-01
2.684572421701442724e-01, 1.088189984290019452e-01, 2.824207977170392070e-01, 3.403029616838146865e-01
2.684126488241671549e-01, 1.088309514947684020e-01, 2.823908983363815905e-01, 3.403655013446828526e-01
2.683680276056399916e-01, 1.088429108593489542e-01, 2.823610303790579090e-01, 3.404280311559532701e-01
2.683233785413148831e-01, 1.088548765175774979e-01, 2.823311938537002019e-01, 3.404905510874075003e-01
2.682787016579697426e-01, 1.088668484642873052e-01, 2.823013887689030943e-01, 3.405530611088398163e-01
2.682339969824081849e-01, 1.088788266943108707e-01, 2.822716151332230750e-01, 3.406155611900578140e-01
2.681892645414597487e-01, 1.088908112024800506e-01, 2.822418729551784966e-01, 3.406780513008816902e-01
2.681445043619792856e-01, 1.089028019836258687e-01, 2.822121622432499644e-01, 3.407405314111449091e-01
2.680997164708476821e-01, 1.089147990325786547e-01, 2.821824830058798916e-01, 3.408030014906939242e-01
2.680549008949709155e-01, 1.089268023441680860e-01, 2.821528352514728333e-01, 3.408654615093881790e-01
2.680100576612812202e-01, 1.089388119132230770e-01, 2.821232189883953745e-01, 3.409279114371004948e-01
2.679651867967354772e-01, 1.089508277345718479e-01, 2.820936342249760198e-01, 3.409903512437167383e-01
2.679202883283167691e-01, 1.089628498030418835e-01, 2.820640809695055262e-01, 3.410527808991359322e-01
2.678753622830329917e-01, 1.089748781134600164e-01, 2.820345592302365700e-01, 3.411152003732704219e-01
2.678304086879179091e-01, 1.089869126606523853e-01, 2.820050690153837469e-01, 3.411776096360459865e-01
2.677854275700303210e-01, 1.089989534394443238e-01, 2.819756103331239050e-01, 3.412400086574015612e-01
2.677404189564543402e-01, 1.090110004446605690e-01, 2.819461831915957006e-01, 3.413023974072893485e-01
2.676953828742993924e-01, 1.090230536711251919e-01, 2.819167875989002092e-01, 3.413647758556751510e-01
2.676503193506999945e-01, 1.090351131136614860e-01, 2.818874235631001479e-01, 3.414271439725383162e-01
2.676052284128159209e-01, 1.090471787670921067e-01, 2.818580910922205418e-01, 3.414895017278713474e-01
2.675601100878321481e-01, 1.090592506262390432e-01, 2.818287901942482798e-01, 3.415518490916804595e-01
2.675149644029584661e-01, 1.090713286859236186e-01, 2.817995208771326143e-01, 3.416141860339853564e-01
2.674697913854297004e-01, 1.090834129409663789e-01, 2.817702831487846060e-01, 3.416765125248193424e-01
2.674245910625059897e-01, 1.090955033861873008e-01, 2.817410770170772905e-01, 3.417388285342295440e-01
2.673793634614720083e-01, 1.091076000164057092e-01, 2.817119024898461221e-01, 3.418011340322761327e-01
2.673341086096375219e-01, 1.091197028264401792e-01, 2.816827595748883639e-01, 3.418634289890338240e-01
2.672888265343372205e-01, 1.091318118111086477e-01, 2.816536482799634755e-01, 3.419257133745907118e-01
2.672435172629304412e-01, 1.091439269652284272e-01, 2.816245686127929471e-01, 3.419879871590481568e-01
2.671981808228011679e-01, 1.091560482836161222e-01, 2.815955205810604101e-01, 3.420502503125222304e-01
2.671528172413585867e-01, 1.091681757610877684e-01, 2.815665041924114154e-01, 3.421125028051421046e-01
2.671074265460359753e-01, 1.091803093924586798e-01, 2.815375194544539883e-01, 3.421747446070513843e-01
2.670620087642917029e-01, 1.091924491725435181e-01, 2.815085663747577960e-01, 3.422369756884071634e-01
2.670165639236083410e-01, 1.092045950961562928e-01, 2.814796449608548135e-01, 3.422991960193806360e-01
2.669710920514932750e-01, 1.092167471581104582e-01, 2.814507552202391016e-01, 3.423614055701571512e-01
2.669255931754783706e-01, 1.092289053532187609e-01, 2.814218971603670294e-01, 3.424236043109358807e-01
2.668800673231198073e-01, 1.092410696762933231e-01, 2.813930707886567739e-01, 3.424857922119300957e-01
2.668345145219981895e-01, 1.092532401221456562e-01, 2.813642761124888203e-01, 3.425479692433673895e-01
2.667889347997186578e-01, 1.092654166855866055e-01, 2.813355131392056285e-01, 3.426101353754891776e-01
2.667433281839104997e-01, 1.092775993614263919e-01, 2.813067818761119110e-01, 3.426722905785510864e-01
2.666976947022274280e-01, 1.092897881444747227e-01, 2.812780823304745770e-01, 3.427344348228231752e-01
2.666520343823471917e-01, 1.093019830295405281e-01, 2.812494145095225662e-01, 3.427965680785897695e-01
2.666063472519719646e-01, 1.093141840114321695e-01, 2.812207784204467931e-01, 3.428586903161490174e-01
2.665606333388279570e-01, 1.093263910849574805e-01, 2.811921740704007577e-01, 3.429208015058138881e-01
2.665148926706653043e-01, 1.093386042449235596e-01, 2.811636014664996575e-01, 3.429829016179113954e-01
2.664691252752585116e-01, 1.093508234861370471e-01, 2.811350606158211640e-01, 3.430449906227832635e-01
2.664233311804059534e-01, 1.093630488034037784e-01, 2.811065515254049241e-01, 3.431070684907852053e-01
2.663775104139299299e-01, 1.093752801915291867e-01, 2.810780742022530032e-01, 3.431691351922878108e-01
2.663316630036768884e-01, 1.093875176453180526e-01, 2.810496286533292198e-01, 3.432311906976759919e-01
2.662857889775165909e-01, 1.093997611595743935e-01, 2.810212148855599223e-01, 3.432932349773489267e-01
2.662398883633435021e-01, 1.094120107291019078e-01, 2.809928329058336005e-01, 3.433552680017209480e-01
2.661939611890751234e-01, 1.094242663487035722e-01, 2.809644827210008855e-01, 3.434172897412204883e-01
2.661480074826530484e-01, 1.094365280131816970e-01, 2.809361643378744944e-01, 3.434793001662908019e-01
2.661020272720424629e-01, 1.094487957173381210e-01, 2.809078777632295076e-01, 3.435412992473899640e-01
2.660560205852323667e-01, 1.094610694559740999e-01, 2.808796230038031472e-01, 3.436032869549903168e-01
2.660099874502352968e-01, 1.094733492238902650e-01, 2.808514000662948318e-01, 3.436652632595795787e-01
2.659639278950872709e-01, 1.094856350158867342e-01, 2.808232089573663437e-01, 3.437272281316596789e-01
2.659178419478477884e-01, 1.094979268267629036e-01, 2.807950496836413845e-01, 3.437891815417477570e-01
2.658717296366002181e-01, 1.095102246513179195e-01, 2.807669222517062413e-01, 3.438511234603756628e-01
2.658255909894508551e-01, 1.095225284843499847e-01, 2.807388266681092315e-01, 3.439130538580898455e-01
2.657794260345297532e-01, 1.095348383206570242e-01, 2.807107629393609805e-01, 3.439749727054522976e-01
2.657332347999901145e-01, 1.095471541550362138e-01, 2.806827310719341995e-01, 3.440368799730393334e-01
2.656870173140085667e-01, 1.095594759822843406e-01, 2.806547310722642408e-01, 3.440987756314428103e-01
2.656407736047849411e-01, 1.095718037971975117e-01, 2.806267629467483204e-01, 3.441606596512692406e-01
2.655945037005422726e-01, 1.095841375945713764e-01, 2.805988267017462401e-01, 3.442225320031401803e-01
2.655482076295266891e-01, 1.095964773692009592e-01, 2.805709223435797761e-01, 3.442843926576926172e-01
2.655018854200077438e-01, 1.096088231158807436e-01, 2.805430498785331794e-01, 3.443462415855783609e-01
2.654555371002776942e-01, 1.096211748294048244e-01, 2.805152093128530089e-01, 3.444080787574645419e-01
2.654091626986520014e-01, 1.096335325045665610e-01, 2.804874006527481312e-01, 3.444699041440333898e-01
2.653627622434692190e-01, 1.096458961361588824e-01, 2.804596239043894434e-01, 3.445317177159825106e-01
2.653163357630906050e-01, 1.096582657189741350e-01, 2.804318790739105949e-01, 3.445935194440246097e-01
2.652698832859006206e-01, 1.096706412478042070e-01, 2.804041661674072095e-01, 3.446553092988878797e-01
2.652234048403062650e-01, 1.096830227174405009e-01, 2.803764851909374411e-01, 3.447170872513157791e-01
2.651769004547375741e-01, 1.096954101226737116e-01, 2.803488361505216964e-01, 3.447788532720671428e-01
2.651303701576472882e-01, 1.097078034582941314e-01, 2.803212190521425229e-01, 3.448406073319159604e-01
2.650838139775108515e-01, 1.097202027190916224e-01, 2.802936339017452760e-01, 3.449023494016522084e-01
2.650372319428264123e-01, 1.097326078998553667e-01, 2.802660807052372860e-01, 3.449640794520809073e-01
2.649906240821145453e-01, 1.097450189953741578e-01, 2.802385594684884129e-01, 3.450257974540227313e-01
2.649439904239189181e-01, 1.097574360004362065e-01, 2.802110701973308804e-01, 3.450875033783140644e-01
2.648973309968051804e-01, 1.097698589098293209e-01, 2.801836128975591089e-01, 3.451491971958065008e-01
2.648506458293616861e-01, 1.097822877183406848e-01, 2.801561875749302155e-01, 3.452108788773673442e-01
2.648039349501994377e-01, 1.097947224207570516e-01, 2.801287942351635141e-01, 3.452725483938799966e-01
2.647571983879515312e-01, 1.098071630118647585e-01, 2.801014328839407375e-01, 3.453342057162430145e-01
2.647104361712735443e-01, 1.098196094864494626e-01, 2.800741035269060375e-01, 3.453958508153709972e-01
2.646636483288435371e-01, 1.098320618392964881e-01, 2.800468061696660960e-01, 3.454574836621939204e-01
2.646168348893614963e-01, 1.098445200651906040e-01, 2.800195408177897916e-01, 3.455191042276580249e-01
2.645699958815500574e-01, 1.098569841589161905e-01, 2.799923074768086995e-01, 3.455807124827249832e-01
2.645231313341535606e-01, 1.098694541152569759e-01, 2.799651061522167028e-01, 3.456423083983727329e-01
2.644762412759388837e-01, 1.098819299289964108e-01, 2.799379368494701037e-01, 3.457038919455945880e-01
2.644293257356947757e-01, 1.098944115949172795e-01, 2.799107995739877897e-01, 3.457654630954000718e-01
2.643823847422321904e-01, 1.099068991078021307e-01, 2.798836943311510117e-01, 3.458270218188147505e-01
2.643354183243837308e-01, 1.099193924624327356e-01, 2.798566211263035508e-01, 3.458885680868799550e-01
2.642884265110044262e-01, 1.099318916535907270e-01, 2.798295799647516069e-01, 3.459501018706532816e-01
2.642414093309708445e-01, 1.099443966760570157e-01, 2.798025708517640209e-01, 3.460116231412080912e-01
2.641943668131815914e-01, 1.099569075246122490e-01, 2.797755937925719971e-01, 3.460731318696341208e-01
2.641472989865570886e-01, 1.099694241940364914e-01, 2.797486487923693255e-01, 3.461346280270371500e-01
2.641002058800395180e-01, 1.099819466791094602e-01, 2.797217358563122702e-01, 3.461961115845388348e-01
2.640530875225926555e-01, 1.099944749746103179e-01, 2.796948549895196812e-01, 3.462575825132773732e-01
2.640059439432020927e-01, 1.100070090753177965e-01, 2.796680061970729381e-01, 3.463190407844071728e-01
2.639587751708750707e-01, 1.100195489760102813e-01, 2.796411894840160617e-01, 3.463804863690986280e-01
2.639115812346403134e-01, 1.100320946714656023e-01, 2.796144048553554362e-01, 3.464419192385386204e-01
2.638643621635482495e-01, 1.100446461564612566e-01, 2.795876523160600868e-01, 3.465033393639304071e-01
2.638171179866704574e-01, 1.100572034257742138e-01, 2.795609318710618463e-01, 3.465647467164934548e-01
2.637698487331005537e-01, 1.100697664741810827e-01, 2.795342435252546331e-01, 3.466261412674637721e-01
2.637225544319529158e-01, 1.100823352964580004e-01, 2.795075872834955066e-01, 3.466875229880935771e-01
2.636752351123637927e-01, 1.100949098873806598e-01, 2.794809631506038894e-01, 3.467488918496516859e-01
2.636278908034903612e-01, 1.101074902417244483e-01, 2.794543711313617340e-01, 3.468102478234234565e-01
2.635805215345113917e-01, 1.101200763542642402e-01, 2.794278112305138007e-01, 3.468715908807106230e-01
2.635331273346266379e-01, 1.101326682197744378e-01, 2.794012834527674349e-01, 3.469329209928315727e-01
2.634857082330571143e-01, 1.101452658330291795e-01, 2.793747878027925124e-01, 3.469942381311211244e-01
2.634382642590449297e-01, 1.101578691888020767e-01, 2.793483242852218829e-01, 3.470555422669309720e-01
2.633907954418535646e-01, 1.101704782818663936e-01, 2.793218929046506482e-01, 3.471168333716294629e-01
2.633433018107670942e-01, 1.101830931069949226e-01, 2.792954936656368847e-01, 3.471781114166011539e-01
2.632957833950907434e-01, 1.101957136589601649e-01, 2.792691265727012540e-01, 3.472393763732478655e-01
2.632482402241508312e-01, 1.102083399325340940e-01, 2.792427916303270585e-01, 3.473006282129879052e-01
2.632006723272944937e-01, 1.102209719224884615e-01, 2.792164888429604641e-01, 3.473618669072565668e-01
2.631530797338897387e-01, 1.102336096235943946e-01, 2.791902182150103329e-01, 3.474230924275054644e-01
2.631054624733252245e-01, 1.102462530306229094e-01, 2.791639797508480569e-01, 3.474843047452038092e-01
2.630578205750105925e-01, 1.102589021383443418e-01, 2.791377734548081135e-01, 3.475455038318369660e-01
2.630101540683761341e-01, 1.102715569415288754e-01, 2.791115993311874544e-01, 3.476066896589075639e-01
2.629624629828726246e-01, 1.102842174349462079e-01, 2.790854573842458386e-01, 3.476678621979353845e-01
2.629147473479718222e-01, 1.102968836133656760e-01, 2.790593476182058885e-01, 3.477290214204566410e-01
2.628670071931658581e-01, 1.103095554715562282e-01, 2.790332700372529784e-01, 3.477901672980249770e-01
2.628192425479673466e-01, 1.103222330042864519e-01, 2.790072246455352345e-01, 3.478512998022109670e-01
2.627714534419094417e-01, 1.103349162063246014e-01, 2.789812114471637572e-01, 3.479124189046021720e-01
2.627236399045458359e-01, 1.103476050724385704e-01, 2.789552304462123433e-01, 3.479735245768034169e-01
2.626758019654504839e-01, 1.103602995973957807e-01, 2.789292816467173752e-01, 3.480346167904363464e-01
2.626279396542177680e-01, 1.103729997759634457e-01, 2.789033650526785979e-01, 3.480956955171402023e-01
2.625800530004622768e-01, 1.103857056029083489e-01, 2.788774806680582863e-01, 3.481567607285711574e-01
2.625321420338190270e-01, 1.103984170729968295e-01, 2.788516284967815229e-01, 3.482178123964025929e-01
2.624842067839431858e-01, 1.104111341809950325e-01, 2.788258085427365862e-01, 3.482788504923252648e-01
2.624362472805098490e-01, 1.104238569216687144e-01, 2.788000208097741739e-01, 3.483398749880471934e-01
2.623882635532147067e-01, 1.104365852897832706e-01, 2.787742653017083461e-01, 3.484008858552936627e-01
2.623402556317729895e-01, 1.104493192801036666e-01, 2.787485420223159149e-01, 3.484618830658074984e-01
2.622922235459203555e-01, 1.104620588873946457e-01, 2.787228509753365002e-01, 3.485228665913485124e-01
2.622441673254122807e-01, 1.104748041064206182e-01, 2.786971921644726957e-01, 3.485838364036943360e-01
2.621960870000241139e-01, 1.104875549319455780e-01, 2.786715655933903468e-01, 3.486447924746399751e-01
2.621479825995512991e-01, 1.105003113587332830e-01, 2.786459712657176624e-01, 3.487057347759977555e-01
2.620998541538088755e-01, 1.105130733815470334e-01, 2.786204091850463804e-01, 3.487666632795975996e-01
2.620517016926318665e-01, 1.105258409951499765e-01, 2.785948793549310465e-01, 3.488275779572870827e-01
2.620035252458748909e-01, 1.105386141943048017e-01, 2.785693817788890136e-01, 3.488884787809312105e-01
2.619553248434124404e-01, 1.105513929737739348e-01, 2.785439164604010531e-01, 3.489493657224124745e-01
2.619071005151384912e-01, 1.105641773283195239e-01, 2.785184834029105216e-01, 3.490102387536314077e-01
2.618588522909668370e-01, 1.105769672527032732e-01, 2.784930826098240830e-01, 3.490710978465058623e-01
2.618105802008305338e-01, 1.105897627416867063e-01, 2.784677140845114307e-01, 3.491319429729713431e-01
2.617622842746824552e-01, 1.106025637900310138e-01, 2.784423778303050656e-01, 3.491927741049814515e-01
2.617139645424946814e-01, 1.106153703924970533e-01, 2.784170738505009624e-01, 3.492535912145072752e-01
2.616656210342590549e-01, 1.106281825438454325e-01, 2.783918021483579586e-01, 3.493143942735376095e-01
2.616172537799864029e-01, 1.106410002388363290e-01, 2.783665627270979770e-01, 3.493751832540793467e-01
2.615688628097071478e-01, 1.106538234722298092e-01, 2.783413555899060809e-01, 3.494359581281570315e-01
2.615204481534708636e-01, 1.106666522387855373e-01, 2.783161807399304744e-01, 3.494967188678130832e-01
2.614720098413465532e-01, 1.106794865332629413e-01, 2.782910381802826127e-01, 3.495574654451080177e-01
2.614235479034220377e-01, 1.106923263504210192e-01, 2.782659279140368147e-01, 3.496181978321200035e-01
2.613750623698047892e-01, 1.107051716850187550e-01, 2.782408499442308725e-01, 3.496789160009455277e-01
2.613265532706208760e-01, 1.107180225318145500e-01, 2.782158042738656079e-01, 3.497396199236988412e-01
2.612780206360157953e-01, 1.107308788855667914e-01, 2.781907909059050943e-01, 3.498003095725122913e-01
2.612294644961537515e-01, 1.107437407410334224e-01, 2.781658098432765458e-01, 3.498609849195362664e-01
2.611808848812183226e-01, 1.107566080929721225e-01, 2.781408610888703725e-01, 3.499216459369391963e-01
2.611322818214115715e-01, 1.107694809361404187e-01, 2.781159446455404027e-01, 3.499822925969077736e-01
2.610836553469544352e-01, 1.107823592652954631e-01, 2.780910605161033278e-01, 3.500429248716467878e-01
2.610350054880868909e-01, 1.107952430751941997e-01, 2.780662087033396457e-01, 3.501035427333790695e-01
2.609863322750679004e-01, 1.108081323605933366e-01, 2.780413892099927731e-01, 3.501641461543460454e-01
2.609376357381745781e-01, 1.108210271162491795e-01, 2.780166020387693226e-01, 3.502247351068068504e-01
2.608889159077030784e-01, 1.108339273369179367e-01, 2.779918471923396028e-01, 3.502853095630394931e-01
2.608401728139680409e-01, 1.108468330173554700e-01, 2.779671246733368406e-01, 3.503458694953395236e-01
2.607914064873029236e-01, 1.108597441523175436e-01, 2.779424344843579031e-01, 3.504064148760217545e-01
2.607426169580594477e-01, 1.108726607365594780e-01, 2.779177766279627426e-01, 3.504669456774184844e-01
2.606938042566077640e-01, 1.108855827648364129e-01, 2.778931511066748961e-01, 3.505274618718808854e-01
2.606449684133370082e-01, 1.108985102319033494e-01, 2.778685579229810965e-01, 3.505879634317786153e-01
2.605961094586541349e-01, 1.109114431325149142e-01, 2.778439970793316061e-01, 3.506484503294994282e-01
2.605472274229846952e-01, 1.109243814614255946e-01, 2.778194685781399387e-01, 3.507089225374498409e-01
2.604983223367724476e-01, 1.109373252133896287e-01, 2.777949724217831928e-01, 3.507693800280547447e-01
2.604493942304794696e-01, 1.109502743831609350e-01, 2.777705086126018297e-01, 3.508298227737576269e-01
2.604004431345862125e-01, 1.109632289654933629e-01, 2.777460771528997285e-01, 3.508902507470207377e-01
2.603514690795910025e-01, 1.109761889551404285e-01, 2.777216780449443534e-01, 3.509506639203242573e-01
2.603024720960103733e-01, 1.109891543468554398e-01, 2.776973112909664199e-01, 3.510110622661678503e-01
2.602534522143789553e-01, 1.110021251353915384e-01, 2.776729768931602282e-01, 3.510714457570692226e-01
2.602044094652495310e-01, 1.110151013155015465e-01, 2.776486748536838300e-01, 3.511318143655651203e-01
2.601553438791924799e-01, 1.110280828819382309e-01, 2.776244051746584174e-01, 3.511921680642108301e-01
2.601062554867966115e-01, 1.110410698294540255e-01, 2.776001678581689891e-01, 3.512525068255803462e-01
2.600571443186683318e-01, 1.110540621528012251e-01, 2.775759629062639067e-01, 3.513128306222663699e-01
2.600080104054318664e-01, 1.110670598467318193e-01, 2.775517903209553938e-01, 3.513731394268809205e-01
2.599588537777293151e-01, 1.110800629059977562e-01, 2.775276501042188704e-01, 3.514334332120539472e-01
2.599096744662205416e-01, 1.110930713253506369e-01, 2.775035422579936184e-01, 3.514937119504352170e-01
2.598604725015828398e-01, 1.111060850995420068e-01, 2.774794667841825602e-01, 3.515539756146926487e-01
2.598112479145116005e-01, 1.111191042233230647e-01, 2.774554236846519251e-01, 3.516142241775134236e-01
2.597620007357194227e-01, 1.111321286914449397e-01, 2.774314129612320268e-01, 3.516744576116036525e-01
2.597127309959366137e-01, 1.111451584986585944e-01, 2.774074346157165416e-01, 3.517346758896882086e-01
2.596634387259111332e-01, 1.111581936397146725e-01, 2.773834886498629526e-01, 3.517948789845112834e-01
2.596141239564080383e-01, 1.111712341093637063e-01, 2.773595750653923830e-01, 3.518550668688357752e-01
2.595647867182102608e-01, 1.111842799023561312e-01, 2.773356938639897074e-01, 3.519152395154439561e-01
2.595154270421175524e-01, 1.111973310134420911e-01, 2.773118450473034957e-01, 3.519753968971368607e-01
2.594660449589475948e-01, 1.112103874373715912e-01, 2.772880286169459585e-01, 3.520355389867347862e-01
2.594166404995347230e-01, 1.112234491688945254e-01, 2.772642445744933348e-01, 3.520956657570773474e-01
2.593672136947311468e-01, 1.112365162027605936e-01, 2.772404929214853375e-01, 3.521557771810230331e-01
2.593177645754056182e-01, 1.112495885337192181e-01, 2.772167736594257637e-01, 3.522158732314495388e-01
2.592682931724442641e-01, 1.112626661565198349e-01, 2.771930867897817730e-01, 3.522759538812541003e-01
2.592187995167505310e-01, 1.112757490659116166e-01, 2.771694323139849425e-01, 3.523360191033528266e-01
2.591692836392447408e-01, 1.112888372566436385e-01, 2.771458102334302120e-01, 3.523960688706813671e-01
2.591197455708640351e-01, 1.113019307234647814e-01, 2.771222205494766611e-01, 3.524561031561946334e-01
2.590701853425626533e-01, 1.113150294611237878e-01, 2.770986632634470093e-01, 3.525161219328666884e-01
2.590206029853116543e-01, 1.113281334643692055e-01, 2.770751383766278941e-01, 3.525761251736911905e-01
2.589709985300992501e-01, 1.113412427279495270e-01, 2.770516458902701484e-01, 3.526361128516810051e-01
2.589213720079299730e-01, 1.113543572466131060e-01, 2.770281858055883006e-01, 3.526960849398686482e-01
2.588717234498253972e-01, 1.113674770151080601e-01, 2.770047581237607970e-01, 3.527560414113057874e-01
2.588220528868236947e-01, 1.113806020281824655e-01, 2.769813628459300014e-01, 3.528159822390638523e-01
2.587723603499798575e-01, 1.113937322805842040e-01, 2.769579999732024733e-01, 3.528759073962334791e-01
2.587226458703653642e-01, 1.114068677670610324e-01, 2.769346695066485786e-01, 3.529358168559249553e-01
2.586729094790681804e-01, 1.114200084823606524e-01, 2.769113714473027676e-01, 3.529957105912683302e-01
2.586231512071929806e-01, 1.114331544212305847e-01, 2.768881057961634640e-01, 3.530555885754129708e-01
2.585733710858608148e-01, 1.114463055784181561e-01, 2.768648725541930644e-01, 3.531154507815278398e-01
2.585235691462089980e-01, 1.114594619486707489e-01, 2.768416717223183277e-01, 3.531752971828018839e-01
2.584737454193916095e-01, 1.114726235267354953e-01, 2.768185033014297081e-01, 3.532351277524432009e-01
2.584238999365786049e-01, 1.114857903073594170e-01, 2.767953672923820219e-01, 3.532949424636798730e-01
2.583740327289566485e-01, 1.114989622852894935e-01, 2.767722636959941140e-01, 3.533547412897598550e-01
2.583241438277282809e-01, 1.115121394552725104e-01, 2.767491925130488029e-01, 3.534145242039501977e-01
2.582742332641125849e-01, 1.115253218120552808e-01, 2.767261537442934349e-01, 3.534742911795387688e-01
2.582243010693442420e-01, 1.115385093503843683e-01, 2.767031473904391081e-01, 3.535340421898323093e-01
2.581743472746746426e-01, 1.115517020650063362e-01, 2.766801734521612821e-01, 3.535937772081577113e-01
2.581243719113709423e-01, 1.115648999506676231e-01, 2.766572319300997784e-01, 3.536534962078616839e-01
2.580743750107161172e-01, 1.115781030021145426e-01, 2.766343228248583364e-01, 3.537131991623109761e-01
2.580243566040094638e-01, 1.115913112140933666e-01, 2.766114461370051680e-01, 3.537728860448920432e-01
2.579743167225658773e-01, 1.116045245813502007e-01, 2.765886018670726254e-01, 3.538325568290113243e-01
2.579242553977163510e-01, 1.116177430986311780e-01, 2.765657900155572557e-01, 3.538922114880951875e-01
2.578741726608074214e-01, 1.116309667606822514e-01, 2.765430105829201901e-01, 3.539518499955901509e-01
2.578240685432016122e-01, 1.116441955622493876e-01, 2.765202635695865330e-01, 3.540114723249625506e-01
2.577739430762771011e-01, 1.116574294980783588e-01, 2.764975489759458616e-01, 3.540710784496987062e-01
2.577237962914277203e-01, 1.116706685629149237e-01, 2.764748668023521705e-01, 3.541306683433051439e-01
2.576736282200628447e-01, 1.116839127515047714e-01, 2.764522170491237607e-01, 3.541902419793085399e-01
2.576234388936076147e-01, 1.116971620585936048e-01, 2.764295997165432950e-01, 3.542497993312554994e-01
2.575732283435024361e-01, 1.117104164789268356e-01, 2.764070148048578535e-01, 3.543093403727128887e-01
2.575229966012034244e-01, 1.117236760072500418e-01, 2.763844623142789336e-01, 3.543688650772675586e-01
2.574727436981820716e-01, 1.117369406383086211e-01, 2.763619422449823393e-01, 3.544283734185268986e-01
2.574224696659251910e-01, 1.117502103668479435e-01, 2.763394545971087357e-01, 3.544878653701182269e-01
2.573721745359348612e-01, 1.117634851876133234e-01, 2.763169993707627614e-01, 3.545473409056890124e-01
2.573218583397287040e-01, 1.117767650953499919e-01, 2.762945765660139719e-01, 3.546067999989072628e-01
2.572715211088394405e-01, 1.117900500848032080e-01, 2.762721861828961178e-01, 3.546662426234612475e-01
2.572211628748149459e-01, 1.118033401507180363e-01, 2.762498282214077006e-01, 3.547256687530593866e-01
2.571707836692181948e-01, 1.118166352878397080e-01, 2.762275026815116385e-01, 3.547850783614304726e-01
2.571203835236274271e-01, 1.118299354909132182e-01, 2.762052095631354898e-01, 3.548444714223239482e-01
2.570699624696357044e-01, 1.118432407546836038e-01, 2.761829488661713961e-01, 3.549038479095092402e-01
2.570195205388516313e-01, 1.118565510738959157e-01, 2.761607205904762496e-01, 3.549632077967763144e-01
2.569690577628979677e-01, 1.118698664432950379e-01, 2.761385247358712491e-01, 3.550225510579357313e-01
2.569185741734130168e-01, 1.118831868576259797e-01, 2.761163613021424545e-01, 3.550818776668185350e-01
2.568680698020496811e-01, 1.118965123116335836e-01, 2.760942302890406208e-01, 3.551411875972761423e-01
2.568175446804757400e-01, 1.119098428000627338e-01, 2.760721316962812533e-01, 3.552004808231803423e-01
2.567669988403737391e-01, 1.119231783176583006e-01, 2.760500655235442746e-01, 3.552597573184237967e-01
2.567164323134408788e-01, 1.119365188591650989e-01, 2.760280317704745801e-01, 3.553190170569194839e-01
2.566658451313892364e-01, 1.119498644193279574e-01, 2.760060304366817596e-01, 3.553782600126011437e-01
2.566152373259452668e-01, 1.119632149928916631e-01, 2.759840615217400983e-01, 3.554374861594229995e-01
2.565646089288501352e-01, 1.119765705746009893e-01, 2.759621250251887981e-01, 3.554966954713600358e-01
2.565139599718596619e-01, 1.119899311592007507e-01, 2.759402209465318667e-01, 3.555558879224078317e-01
2.564632904867437113e-01, 1.120032967414356928e-01, 2.759183492852379516e-01, 3.556150634865826166e-01
2.564126005052871915e-01, 1.120166673160505472e-01, 2.758965100407408388e-01, 3.556742221379213809e-01
2.563618900592888883e-01, 1.120300428777901286e-01, 2.758747032124387877e-01, 3.557333638504820983e-01
2.563111591805623535e-01, 1.120434234213991964e-01, 2.758529287996954182e-01, 3.557924885983429486e-01
2.562604079009350722e-01, 1.120568089416224961e-01, 2.758311868018389346e-01, 3.558515963556035944e-01
2.562096362522489623e-01, 1.120701994332047868e-01, 2.758094772181624577e-01, 3.559106870963838487e-01
2.561588442663601528e-01, 1.120835948908908697e-01, 2.757878000479243030e-01, 3.559697607948247300e-01
2.561080319751387613e-01, 1.120969953094254901e-01, 2.757661552903475921e-01, 3.560288174250881843e-01
2.560571994104693938e-01, 1.121104006835535044e-01, 2.757445429446203078e-01, 3.560878569613569189e-01
2.560063466042501457e-01, 1.121238110080197276e-01, 2.757229630098957385e-01, 3.561468793778344577e-01
2.559554735883937671e-01, 1.121372262775690160e-01, 2.757014154852919230e-01, 3.562058846487453079e-01
2.559045803948263864e-01, 1.121506464869461983e-01, 2.756799003698922612e-01, 3.562648727483352373e-01
2.558536670554883985e-01, 1.121640716308961866e-01, 2.756584176627450145e-01, 3.563238436508703866e-01
2.558027336023340204e-01, 1.121775017041638650e-01, 2.756369673628635275e-01, 3.563827973306385455e-01
2.557517800673313468e-01, 1.121909367014942011e-01, 2.756155494692262842e-01, 3.564417337619481541e-01
2.557008064824620175e-01, 1.122043766176321761e-01, 2.755941639807770183e-01, 3.565006529191288576e-01
2.556498128797214942e-01, 1.122178214473228131e-01, 2.755728108964244916e-01, 3.565595547765312290e-01
2.555987992911191165e-01, 1.122312711853111211e-01, 2.755514902150426604e-01, 3.566184393085271576e-01
2.555477657486776577e-01, 1.122447258263421926e-01, 2.755302019354707865e-01, 3.566773064895093492e-01
2.554967122844335470e-01, 1.122581853651612449e-01, 2.755089460565132153e-01, 3.567361562938921038e-01
2.554456389304365915e-01, 1.122716497965133564e-01, 2.754877225769395421e-01, 3.567949886961104822e-01
2.553945457187505319e-01, 1.122851191151438000e-01, 2.754665314954848343e-01, 3.568538036706209171e-01
2.553434326814519317e-01, 1.122985933157978344e-01, 2.754453728108491317e-01, 3.569126011919010466e-01
2.552922998506315100e-01, 1.123120723932208159e-01, 2.754242465216980018e-01, 3.569713812344497694e-01
2.552411472583924201e-01, 1.123255563421581005e-01, 2.754031526266623175e-01, 3.570301437727871341e-01
2.551899749368519710e-01, 1.123390451573551968e-01, 2.753820911243382019e-01, 3.570888887814546719e-01
2.551387829181401279e-01, 1.123525388335575304e-01, 2.753610620132871944e-01, 3.571476162350151196e-01
2.550875712344005120e-01, 1.123660373655107486e-01, 2.753400652920363068e-01, 3.572063261080525298e-01
2.550363399177895674e-01, 1.123795407479604158e-01, 2.753191009590778005e-01, 3.572650183751722719e-01
2.549850890004770054e-01, 1.123930489756522350e-01, 2.752981690128695758e-01, 3.573236930110012533e-01
2.549338185146454716e-01, 1.124065620433320756e-01, 2.752772694518347829e-01, 3.573823499901875866e-01
2.548825284924909895e-01, 1.124200799457456823e-01, 2.752564022743622107e-01, 3.574409892874010897e-01
2.548312189662221283e-01, 1.124336026776391051e-01, 2.752355674788061202e-01, 3.574996108773326742e-01
2.547798899680606688e-01, 1.124471302337582412e-01, 2.752147650634861886e-01, 3.575582147346948458e-01
2.547285415302409928e-01, 1.124606626088492517e-01, 2.751939950266877877e-01, 3.576168008342218707e-01
2.546771736850107493e-01, 1.124741997976582697e-01, 2.751732573666618165e-01, 3.576753691506692201e-01
2.546257864646298552e-01, 1.124877417949315672e-01, 2.751525520816245907e-01, 3.577339196588139036e-01
2.545743799013713282e-01, 1.125012885954155134e-01, 2.751318791697583976e-01, 3.577924523334548024e-01
2.545229540275208424e-01, 1.125148401938565468e-01, 2.751112386292108303e-01, 3.578509671494119471e-01
2.544715088753764509e-01, 1.125283965850011753e-01, 2.750906304580952311e-01, 3.579094640815271844e-01
2.544200444772490854e-01, 1.125419577635960455e-01, 2.750700546544906921e-01, 3.579679431046641769e-01
2.543685608654621677e-01, 1.125555237243879708e-01, 2.750495112164419997e-01, 3.580264041937079034e-01
2.543170580723513874e-01, 1.125690944621236256e-01, 2.750290001419596342e-01, 3.580848473235652141e-01
2.542655361302653683e-01, 1.125826699715501283e-01, 2.750085214290197699e-01, 3.581432724691646641e-01
2.542139950715646690e-01, 1.125962502474144589e-01, 2.749880750755643866e-01, 3.582016796054565133e-01
2.541624349286224493e-01, 1.126098352844637496e-01, 2.749676610795013798e-01, 3.582600687074124490e-01
2.541108557338239149e-01, 1.126234250774452994e-01, 2.749472794387042840e-01, 3.583184397500264184e-01
2.540592575195672054e-01, 1.126370196211065045e-01, 2.749269301510126051e-01, 3.583767927083137961e-01
2.540076403182617293e-01, 1.126506189101948857e-01, 2.749066132142315433e-01, 3.584351275573118834e-01
2.539560041623297737e-01, 1.126642229394580197e-01, 2.748863286261323813e-01, 3.584934442720797976e-01
2.539043490842055051e-01, 1.126778317036437188e-01, 2.748660763844521515e-01, 3.585517428276985274e-01
2.538526751163351913e-01, 1.126914451974998232e-01, 2.748458564868940801e-01, 3.586100231992709331e-01
2.538009822911771463e-01, 1.127050634157743120e-01, 2.748256689311268652e-01, 3.586682853619216349e-01
2.537492706412015631e-01, 1.127186863532153305e-01, 2.748055137147857319e-01, 3.587265292907972913e-01
2.536975401988907919e-01, 1.127323140045712047e-01, 2.747853908354715435e-01, 3.587847549610664877e-01
2.536457909967387847e-01, 1.127459463645903021e-01, 2.747653002907511355e-01, 3.588429623479196806e-01
2.535940230672515394e-01, 1.127595834280211706e-01, 2.747452420781578697e-01, 3.589011514265693648e-01
2.535422364429467113e-01, 1.127732251896124555e-01, 2.747252161951906357e-01, 3.589593221722502392e-01
2.534904311563538903e-01, 1.127868716441130237e-01, 2.747052226393147389e-01, 3.590174745602183193e-01
2.534386072400142687e-01, 1.128005227862717980e-01, 2.746852614079614563e-01, 3.590756085657525465e-01
2.533867647264804734e-01, 1.128141786108379646e-01, 2.746653324985282585e-01, 3.591337241641534006e-01
2.533349036483171779e-01, 1.128278391125607655e-01, 2.746454359083786989e-01, 3.591918213307434549e-01
2.532830240381001574e-01, 1.128415042861895673e-01, 2.746255716348428022e-01, 3.592499000408674314e-01
2.532311259284170668e-01, 1.128551741264739866e-01, 2.746057396752163982e-01, 3.593079602698924790e-01
2.531792093518668296e-01, 1.128688486281638204e-01, 2.745859400267620098e-01, 3.593660019932072847e-01
2.531272743410598602e-01, 1.128825277860088516e-01, 2.745661726867077990e-01, 3.594240251862234059e-01
2.530753209286178973e-01, 1.128962115947592382e-01, 2.745464376522490091e-01, 3.594820298243739942e-01
2.530233491471738372e-01, 1.129099000491651517e-01, 2.745267349205463558e-01, 3.595400158831145720e-01
2.529713590293722336e-01, 1.129235931439769997e-01, 2.745070644887276368e-01, 3.595979833379230883e-01
2.529193506078686315e-01, 1.129372908739453701e-01, 2.744874263538865100e-01, 3.596559321642995299e-01
2.528673239153298447e-01, 1.129509932338209482e-01, 2.744678205130831605e-01, 3.597138623377661992e-01
2.528152789844336223e-01, 1.129647002183546689e-01, 2.744482469633441890e-01, 3.597717738338675475e-01
2.527632158478689828e-01, 1.129784118222976474e-01, 2.744287057016627784e-01, 3.598296666281706746e-01
2.527111345383359908e-01, 1.129921280404010964e-01, 2.744091967249981945e-01, 3.598875406962647183e-01
2.526590350885457026e-01, 1.130058488674165612e-01, 2.743897200302765627e-01, 3.599453960137610764e-01
2.526069175312199433e-01, 1.130195742980955875e-01, 2.743702756143904242e-01, 3.600032325562940727e-01
2.525547818990917515e-01, 1.130333043271900262e-01, 2.743508634741986252e-01, 3.600610502995196804e-01
2.525026282249047127e-01, 1.130470389494519501e-01, 2.743314836065267048e-01, 3.601188492191166879e-01
2.524504565414134039e-01, 1.130607781596335015e-01, 2.743121360081668403e-01, 3.601766292907862543e-01
2.523982668813830599e-01, 1.130745219524871420e-01, 2.742928206758777909e-01, 3.602343904902519656e-01
2.523460592775896849e-01, 1.130882703227654440e-01, 2.742735376063848984e-01, 3.602921327932599449e-01
2.522938337628199412e-01, 1.131020232652212160e-01, 2.742542867963802533e-01, 3.603498561755785201e-01
2.522415903698712047e-01, 1.131157807746074467e-01, 2.742350682425224173e-01, 3.604075606129990561e-01
2.521893291315511210e-01, 1.131295428456773750e-01, 2.742158819414367010e-01, 3.604652460813347337e-01
2.521370500806782711e-01, 1.131433094731844197e-01, 2.741967278897154969e-01, 3.605229125564218262e-01
2.520847532500813393e-01, 1.131570806518821803e-01, 2.741776060839173912e-01, 3.605805600141190892e-01
2.520324386725997234e-01, 1.131708563765245201e-01, 2.741585165205682184e-01, 3.606381884303074825e-01
2.519801063810830355e-01, 1.131846366418654826e-01, 2.741394591961602845e-01, 3.606957977808912807e-01
2.519277564083913235e-01, 1.131984214426593471e-01, 2.741204341071529216e-01, 3.607533880417964633e-01
2.518753887873946828e-01, 1.132122107736606292e-01, 2.741014412499721553e-01, 3.608109591889725465e-01
2.518230035509739229e-01, 1.132260046296239969e-01, 2.740824806210110931e-01, 3.608685111983909732e-01
2.517706007320196226e-01, 1.132398030053044374e-01, 2.740635522166295912e-01, 3.609260440460463348e-01
2.517181803634327419e-01, 1.132536058954571045e-01, 2.740446560331544767e-01, 3.609835577079557045e-01
2.516657424781242325e-01, 1.132674132948373463e-01, 2.740257920668794922e-01, 3.610410521601589706e-01
2.516132871090149825e-01, 1.132812251982008855e-01, 2.740069603140654619e-01, 3.610985273787187255e-01
2.515608142890362608e-01, 1.132950416003034450e-01, 2.739881607709401812e-01, 3.611559833397201547e-01
2.515083240511291063e-01, 1.133088624959012747e-01, 2.739693934336982495e-01, 3.612134200192714251e-01
2.514558164282442165e-01, 1.133226878797505832e-01, 2.739506582985016814e-01, 3.612708373935035189e-01
2.514032914533425589e-01, 1.133365177466080370e-01, 2.739319553614792957e-01, 3.613282354385700668e-01
2.513507491593947596e-01, 1.133503520912303858e-01, 2.739132846187272707e-01, 3.613856141306475700e-01
2.512981895793811038e-01, 1.133641909083748234e-01, 2.738946460663085891e-01, 3.614429734459354004e-01
2.512456127462919242e-01, 1.133780341927985297e-01, 2.738760397002536484e-01, 3.615003133606558561e-01
2.511930186931268238e-01, 1.133918819392591426e-01, 2.738574655165600946e-01, 3.615576338510539389e-01
2.511404074528953423e-01, 1.134057341425145082e-01, 2.738389235111924336e-01, 3.616149348933977992e-01
2.510877790586165670e-01, 1.134195907973225698e-01, 2.738204136800827526e-01, 3.616722164639781245e-01
2.510351335433189113e-01, 1.134334518984417978e-01, 2.738019360191301654e-01, 3.617294785391090839e-01
2.509824709400406695e-01, 1.134473174406307322e-01, 2.737834905242012562e-01, 3.617867210951272727e-01
2.509297912818291842e-01, 1.134611874186482877e-01, 2.737650771911299685e-01, 3.618439441083925456e-01
2.508770946017416237e-01, 1.134750618272535316e-01, 2.737466960157172169e-01, 3.619011475552877388e-01
2.508243809328439267e-01, 1.134889406612058227e-01, 2.737283469937316638e-01, 3.619583314122185591e-01
2.507716503082119686e-01, 1.135028239152648805e-01, 2.737100301209092201e-01, 3.620154956556139170e-01
2.507189027609305620e-01, 1.135167115841906188e-01, 2.736917453929531563e-01, 3.620726402619257045e-01
2.506661383240936791e-01, 1.135306036627432708e-01, 2.736734928055343796e-01, 3.621297652076286844e-01
2.506133570308046732e-01, 1.135445001456833330e-01, 2.736552723542910459e-01, 3.621868704692209340e-01
2.505605589141758349e-01, 1.135584010277715244e-01, 2.736370840348291145e-01, 3.622439560232235678e-01
2.505077440073287254e-01, 1.135723063037688690e-01, 2.736189278427215710e-01, 3.623010218461808485e-01
2.504549123433937319e-01, 1.135862159684367934e-01, 2.736008037735094267e-01, 3.623580679146600758e-01
2.504020639555103456e-01, 1.136001300165368211e-01, 2.735827118227011079e-01, 3.624150942052516422e-01
2.503491988768269949e-01, 1.136140484428308922e-01, 2.735646519857727332e-01, 3.624721006945694768e-01
2.502963171405009901e-01, 1.136279712420812382e-01, 2.735466242581677254e-01, 3.625290873592502128e-01
2.502434187796983567e-01, 1.136418984090502848e-01, 2.735286286352975882e-01, 3.625860541759537425e-01
2.501905038275942239e-01, 1.136558299385008047e-01, 2.735106651125412403e-01, 3.626430011213637727e-01
2.501375723173721033e-01, 1.136697658251960147e-01, 2.734927336852454594e-01, 3.626999281721865476e-01
2.500846242822244991e-01, 1.136837060638991731e-01, 2.734748343487246047e-01, 3.627568353051516814e-01
2.500316597553524645e-01, 1.136976506493739963e-01, 2.734569670982610057e-01, 3.628137224970126029e-01
2.499786787699656565e-01, 1.137115995763844783e-01, 2.734391319291046840e-01, 3.628705897245452228e-01
2.499256813592822535e-01, 1.137255528396949461e-01, 2.734213288364734096e-01, 3.629274369645493215e-01
2.498726675565291211e-01, 1.137395104340699764e-01, 2.734035578155529778e-01, 3.629842641938478831e-01
2.498196373949415350e-01, 1.137534723542745346e-01, 2.733858188614968210e-01, 3.630410713892870955e-01
2.497665909077630697e-01, 1.137674385950737665e-01, 2.733681119694265638e-01, 3.630978585277365167e-01
2.497135281282457375e-01, 1.137814091512333314e-01, 2.733504371344315231e-01, 3.631546255860894079e-01
2.496604490896500439e-01, 1.137953840175190690e-01, 2.733327943515690972e-01, 3.632113725412618455e-01
2.496073538252445712e-01, 1.138093631886971102e-01, 2.733151836158645431e-01, 3.632680993701937755e-01
2.495542423683062006e-01, 1.138233466595340582e-01, 2.732976049223113102e-01, 3.633248060498484033e-01
2.495011147521202233e-01, 1.138373344247966823e-01, 2.732800582658708177e-01, 3.633814925572123045e-01
2.494479710099797021e-01, 1.138513264792522101e-01, 2.732625436414724551e-01, 3.634381588692956466e-01
2.493948111751862207e-01, 1.138653228176680909e-01, 2.732450610440138039e-01, 3.634948049631319122e-01
2.493416352810490233e-01, 1.138793234348122047e-01, 2.732276104683606377e-01, 3.635514308157781760e-01
2.492884433608855421e-01, 1.138933283254526668e-01, 2.732101919093467002e-01, 3.636080364043149937e-01
2.492352354480213694e-01, 1.139073374843580372e-01, 2.731928053617740937e-01, 3.636646217058464581e-01
2.491820115757897303e-01, 1.139213509062971530e-01, 2.731754508204130016e-01, 3.637211866975000873e-01
2.491287717775319543e-01, 1.139353685860391985e-01, 2.731581282800018551e-01, 3.637777313564271031e-01
2.490755160865968654e-01, 1.139493905183536354e-01, 2.731408377352474437e-01, 3.638342556598020416e-01
2.490222445363413917e-01, 1.139634166980104252e-01, 2.731235791808247493e-01, 3.638907595848234755e-01
2.489689571601301221e-01, 1.139774471197797373e-01, 2.731063526113770568e-01, 3.639472431087130699e-01
2.489156539913351951e-01, 1.139914817784322409e-01, 2.730891580215161207e-01, 3.640037062087164710e-01
2.488623350633366038e-01, 1.140055206687387857e-01, 2.730719954058220544e-01, 3.640601488621026394e-01
2.488090004095218910e-01, 1.140195637854706373e-01, 2.730548647588431077e-01, 3.641165710461644056e-01
2.487556500632858991e-01, 1.140336111233994643e-01, 2.730377660750962221e-01, 3.641729727382183035e-01
2.487022840580314365e-01, 1.140476626772973234e-01, 2.730206993490669753e-01, 3.642293539156044035e-01
2.486489024271682224e-01, 1.140617184419365077e-01, 2.730036645752089708e-01, 3.642857145556862020e-01
2.485955052041139701e-01, 1.140757784120897816e-01, 2.729866617479446700e-01, 3.643420546358515089e-01
2.485420924222932204e-01, 1.140898425825302431e-01, 2.729696908616648932e-01, 3.643983741335115600e-01
2.484886641151383968e-01, 1.141039109480313646e-01, 2.729527519107291522e-01, 3.644546730261010725e-01
2.484352203160885564e-01, 1.141179835033669376e-01, 2.729358448894655953e-01, 3.645109512910789662e-01
2.483817610585906110e-01, 1.141320602433111842e-01, 2.729189697921707847e-01, 3.645672089059273646e-01
2.483282863760982451e-01, 1.141461411626387146e-01, 2.729021266131101409e-01, 3.646234458481529273e-01
2.482747963020723869e-01, 1.141602262561244863e-01, 2.728853153465176651e-01, 3.646796620952854617e-01
2.482212908699812093e-01, 1.141743155185438036e-01, 2.728685359865962168e-01, 3.647358576248788675e-01
2.481677701132996849e-01, 1.141884089446724287e-01, 2.728517885275171806e-01, 3.647920324145106918e-01
2.481142340655099754e-01, 1.142025065292864711e-01, 2.728350729634208549e-01, 3.648481864417826293e-01
2.480606827601011533e-01, 1.142166082671623867e-01, 2.728183892884164519e-01, 3.649043196843199111e-01
2.480071162305692023e-01, 1.142307141530771175e-01, 2.728017374965818198e-01, 3.649604321197718604e-01
2.479535345104169064e-01, 1.142448241818079108e-01, 2.727851175819636098e-01, 3.650165237258115591e-01
2.478999376331540161e-01, 1.142589383481324022e-01, 2.727685295385776088e-01, 3.650725944801360145e-01
2.478463256322967767e-01, 1.142730566468287412e-01, 2.727519733604084062e-01, 3.651286443604660481e-01
2.477926985413686778e-01, 1.142871790726752712e-01, 2.727354490414095056e-01, 3.651846733445466842e-01
2.477390563938991486e-01, 1.143013056204509048e-01, 2.727189565755032130e-01, 3.652406814101466503e-01
2.476853992234250845e-01, 1.143154362849349848e-01, 2.727024959565813589e-01, 3.652966685350586551e-01
2.476317270634893764e-01, 1.143295710609070481e-01, 2.726860671785042434e-01, 3.653526346970993877e-01
2.475780399476416871e-01, 1.143437099431472287e-01, 2.726696702351015245e-01, 3.654085798741095181e-01
2.475243379094380358e-01, 1.143578529264360211e-01, 2.726533051201718849e-01, 3.654645040439540304e-01
2.474706209824411862e-01, 1.143720000055542807e-01, 2.726369718274831988e-01, 3.655204071845212788e-01
2.474168892002200359e-01, 1.143861511752833626e-01, 2.726206703507724205e-01, 3.655762892737242642e-01
2.473631425963498942e-01, 1.144003064304049411e-01, 2.726044006837456402e-01, 3.656321502894994691e-01
2.473093812044126205e-01, 1.144144657657011899e-01, 2.725881628200783058e-01, 3.656879902098079116e-01
2.472556050579960696e-01, 1.144286291759546437e-01, 2.725719567534148902e-01, 3.657438090126344798e-01
2.472018141906944244e-01, 1.144427966559482396e-01, 2.725557824773693349e-01, 3.657996066759879872e-01
2.471480086361080852e-01, 1.144569682004654421e-01, 2.725396399855247176e-01, 3.658553831779018384e-01
2.470941884278435863e-01, 1.144711438042900903e-01, 2.725235292714336399e-01, 3.659111384964328084e-01
2.470403535995133737e-01, 1.144853234622063426e-01, 2.725074503286178396e-01, 3.659668726096623748e-01
2.469865041847364162e-01, 1.144995071689990096e-01, 2.724914031505686340e-01, 3.660225854956959957e-01
2.469326402171370671e-01, 1.145136949194531378e-01, 2.724753877307466432e-01, 3.660782771326631657e-01
2.468787617303460913e-01, 1.145278867083542595e-01, 2.724594040625819558e-01, 3.661339474987176934e-01
2.468248687579999989e-01, 1.145420825304884482e-01, 2.724434521394740738e-01, 3.661895965720374235e-01
2.467709613337411845e-01, 1.145562823806420549e-01, 2.724275319547923568e-01, 3.662452243308244593e-01
2.467170394912178433e-01, 1.145704862536019719e-01, 2.724116435018749671e-01, 3.663008307533051622e-01
2.466631032640840548e-01, 1.145846941441555078e-01, 2.723957867740304239e-01, 3.663564158177299857e-01
2.466091526859995053e-01, 1.145989060470904014e-01, 2.723799617645364379e-01, 3.664119795023736970e-01
2.465551877906296263e-01, 1.146131219571949050e-01, 2.723641684666404106e-01, 3.664675217855352107e-01
2.465012086116453449e-01, 1.146273418692576318e-01, 2.723484068735592678e-01, 3.665230426455377555e-01
2.464472151827234447e-01, 1.146415657780677222e-01, 2.723326769784799595e-01, 3.665785420607289291e-01
2.463932075375461772e-01, 1.146557936784146775e-01, 2.723169787745587378e-01, 3.666340200094803659e-01
2.463391857098011783e-01, 1.146700255650885264e-01, 2.723013122549219900e-01, 3.666894764701883469e-01
2.462851497331817185e-01, 1.146842614328797971e-01, 2.722856774126655166e-01, 3.667449114212729677e-01
2.462310996413862585e-01, 1.146985012765793510e-01, 2.722700742408552532e-01, 3.668003248411790262e-01
2.461770354681187822e-01, 1.147127450909786323e-01, 2.722545027325268263e-01, 3.668557167083756898e-01
2.461229572470888249e-01, 1.147269928708694736e-01, 2.722389628806856643e-01, 3.669110870013560510e-01
2.460688650120106125e-01, 1.147412446110441658e-01, 2.722234546783071640e-01, 3.669664356986379605e-01
2.460147587966043103e-01, 1.147555003062955131e-01, 2.722079781183367464e-01, 3.670217627787634163e-01
2.459606386345946083e-01, 1.147697599514168332e-01, 2.721925331936895232e-01, 3.670770682202990076e-01
2.459065045597118859e-01, 1.147840235412018600e-01, 2.721771198972508521e-01, 3.671323520018353048e-01
2.458523566056913801e-01, 1.147982910704447024e-01, 2.721617382218760595e-01, 3.671876141019879136e-01
2.457981948062733235e-01, 1.148125625339401490e-01, 2.721463881603904400e-01, 3.672428544993961430e-01
2.457440191952030839e-01, 1.148268379264832800e-01, 2.721310697055894234e-01, 3.672980731727242820e-01
2.456898298062309971e-01, 1.148411172428698140e-01, 2.721157828502384635e-01, 3.673532701006606560e-01
2.456356266731122839e-01, 1.148554004778958304e-01, 2.721005275870734263e-01, 3.674084452619185148e-01
2.455814098296071335e-01, 1.148696876263579636e-01, 2.720853039087998693e-01, 3.674635986352349781e-01
2.455271793094802590e-01, 1.148839786830532922e-01, 2.720701118080940950e-01, 3.675187301993721456e-01
2.454729351465017029e-01, 1.148982736427794499e-01, 2.720549512776023748e-01, 3.675738399331164863e-01
2.454186773744458094e-01, 1.149125725003344173e-01, 2.720398223099411150e-01, 3.676289278152786721e-01
2.453644060270916971e-01, 1.149268752505168412e-01, 2.720247248976973564e-01, 3.676839938246941886e-01
2.453101211382233138e-01, 1.149411818881257846e-01, 2.720096590334279973e-01, 3.677390379402229459e-01
2.452558227416291037e-01, 1.149554924079608381e-01, 2.719946247096607372e-01, 3.677940601407493348e-01
2.452015108711019797e-01, 1.149698068048219529e-01, 2.719796219188935771e-01, 3.678490604051823931e-01
2.451471855604396843e-01, 1.149841250735098158e-01, 2.719646506535947084e-01, 3.679040387124557498e-01
2.450928468434441510e-01, 1.149984472088254606e-01, 2.719497109062030127e-01, 3.679589950415274036e-01
2.450384947539217539e-01, 1.150127732055704066e-01, 2.719348026691277842e-01, 3.680139293713799997e-01
2.449841293256834474e-01, 1.150271030585467702e-01, 2.719199259347487296e-01, 3.680688416810209418e-01
2.449297505925444873e-01, 1.150414367625571949e-01, 2.719050806954162458e-01, 3.681237319494820026e-01
2.448753585883243211e-01, 1.150557743124046434e-01, 2.718902669434513086e-01, 3.681786001558197130e-01
2.448209533468466981e-01, 1.150701157028928973e-01, 2.718754846711452511e-01, 3.682334462791151397e-01
2.447665349019396419e-01, 1.150844609288259324e-01, 2.718607338707604293e-01, 3.682882702984739964e-01
2.447121032874351454e-01, 1.150988099850085156e-01, 2.718460145345295564e-01, 3.683430721930266993e-01
2.446576585371696977e-01, 1.151131628662457052e-01, 2.718313266546562579e-01, 3.683978519419283115e-01
2.446032006849835627e-01, 1.151275195673433227e-01, 2.718166702233146825e-01, 3.684526095243584876e-01
2.445487297647210290e-01, 1.151418800831074535e-01, 2.718020452326498360e-01, 3.685073449195215844e-01
2.444942458102307148e-01, 1.151562444083448628e-01, 2.717874516747778024e-01, 3.685620581066466617e-01
2.444397488553647912e-01, 1.151706125378628848e-01, 2.717728895417849677e-01, 3.686167490649874257e-01
2.443852389339795095e-01, 1.151849844664692424e-01, 2.717583588257289628e-01, 3.686714177738224518e-01
2.443307160799349231e-01, 1.151993601889722413e-01, 2.717438595186381090e-01, 3.687260642124547960e-01
2.442761803270949994e-01, 1.152137397001807978e-01, 2.717293916125117503e-01, 3.687806883602123276e-01
2.442216317093275912e-01, 1.152281229949042585e-01, 2.717149550993203100e-01, 3.688352901964478403e-01
2.441670702605037990e-01, 1.152425100679526082e-01, 2.717005499710049565e-01, 3.688898697005387195e-01
2.441124960144989975e-01, 1.152569009141362760e-01, 2.716861762194779373e-01, 3.689444268518868308e-01
2.440579090051918087e-01, 1.152712955282662460e-01, 2.716718338366225782e-01, 3.689989616299193531e-01
2.440033092664646019e-01, 1.152856939051541546e-01, 2.716575228142933396e-01, 3.690534740140878900e-01
2.439486968322031879e-01, 1.153000960396119989e-01, 2.716432431443157602e-01, 3.691079639838689141e-01
2.438940717362971244e-01, 1.153145019264525811e-01, 2.716289948184865133e-01, 3.691624315187638228e-01
2.438394340126391890e-01, 1.153289115604888976e-01, 2.716147778285735170e-01, 3.692168765982984380e-01
2.437847836951257396e-01, 1.153433249365348467e-01, 2.716005921663155465e-01, 3.692712992020238949e-01
2.437301208176563816e-01, 1.153577420494046463e-01, 2.715864378234232879e-01, 3.693256993095158092e-01
2.436754454141341342e-01, 1.153721628939131660e-01, 2.715723147915780067e-01, 3.693800769003747764e-01
2.436207575184652641e-01, 1.153865874648758588e-01, 2.715582230624327686e-01, 3.694344319542260946e-01
2.435660571645593964e-01, 1.154010157571086354e-01, 2.715441626276117737e-01, 3.694887644507201530e-01
2.435113443863291816e-01, 1.154154477654280586e-01, 2.715301334787105225e-01, 3.695430743695321540e-01
2.434566192176906563e-01, 1.154298834846512328e-01, 2.715161356072960941e-01, 3.695973616903620584e-01
2.434018816925627993e-01, 1.154443229095957757e-01, 2.715021690049068126e-01, 3.696516263929345847e-01
2.433471318448676979e-01, 1.154587660350799849e-01, 2.714882336630526916e-01, 3.697058684569996534e-01
2.432923697085304926e-01, 1.154732128559226023e-01, 2.714743295732148787e-01, 3.697600878623319431e-01
2.432375953174792382e-01, 1.154876633669429664e-01, 2.714604567268466551e-01, 3.698142845887311680e-01
2.431828087056450149e-01, 1.155021175629610680e-01, 2.714466151153722695e-01, 3.698684586160215781e-01
2.431280099069619005e-01, 1.155165754387974114e-01, 2.714328047301878266e-01, 3.699226099240528476e-01
2.430731989553665817e-01, 1.155310369892730421e-01, 2.714190255626610648e-01, 3.699767384926993530e-01
2.430183758847987430e-01, 1.155455022092096856e-01, 2.714052776041313564e-01, 3.700308443018603399e-01
2.429635407292007054e-01, 1.155599710934295393e-01, 2.713915608459095963e-01, 3.700849273314600896e-01
2.429086935225176769e-01, 1.155744436367553973e-01, 2.713778752792788684e-01, 3.701389875614480296e-01
2.428538342986974741e-01, 1.155889198340107893e-01, 2.713642208954935575e-01, 3.701930249717982901e-01
2.427989630916905228e-01, 1.156033996800196334e-01, 2.713505976857799595e-01, 3.702470395425100369e-01
2.427440799354497747e-01, 1.156178831696064446e-01, 2.713370056413362263e-01, 3.703010312536074711e-01
2.426891848639309290e-01, 1.156323702975965151e-01, 2.713234447533325877e-01, 3.703550000851400514e-01
2.426342779110921555e-01, 1.156468610588156226e-01, 2.713099150129106296e-01, 3.704089460171816062e-01
2.425793591108939551e-01, 1.156613554480900030e-01, 2.712964164111843490e-01, 3.704628690298317761e-01
2.425244284972992159e-01, 1.156758534602466693e-01, 2.712829489392394877e-01, 3.705167691032146271e-01
2.424694861042734351e-01, 1.156903550901132310e-01, 2.712695125881339764e-01, 3.705706462174794269e-01
2.424145319657843300e-01, 1.157048603325177560e-01, 2.712561073488973795e-01, 3.706245003528005344e-01
2.423595661158018943e-01, 1.157193691822890613e-01, 2.712427332125315615e-01, 3.706783314893773995e-01
2.423045885882984252e-01, 1.157338816342564081e-01, 2.712293901700105203e-01, 3.707321396074346187e-01
2.422495994172483846e-01, 1.157483976832498346e-01, 2.712160782122803315e-01, 3.707859246872214354e-01
2.421945986366283998e-01, 1.157629173240998649e-01, 2.712027973302591488e-01, 3.708396867090126281e-01
2.421395862804172350e-01, 1.157774405516377031e-01, 2.711895475148372037e-01, 3.708934256531078444e-01
2.420845623825956805e-01, 1.157919673606950944e-01, 2.711763287568773606e-01, 3.709471414998317673e-01
2.420295269771468305e-01, 1.158064977461044781e-01, 2.711631410472143400e-01, 3.710008342295343375e-01
2.419744800980553057e-01, 1.158210317026988345e-01, 2.711499843766553841e-01, 3.710545038225906422e-01
2.419194217793080859e-01, 1.158355692253117686e-01, 2.711368587359796467e-01, 3.711081502594005266e-01
2.418643520548938441e-01, 1.158501103087775375e-01, 2.711237641159391920e-01, 3.711617735203894264e-01
2.418092709588032518e-01, 1.158646549479310367e-01, 2.711107005072582177e-01, 3.712153735860075354e-01
2.417541785250286734e-01, 1.158792031376077031e-01, 2.710976679006331103e-01, 3.712689504367304716e-01
2.416990747875644718e-01, 1.158937548726436395e-01, 2.710846662867331114e-01, 3.713225040530588328e-01
2.416439597804064532e-01, 1.159083101478755873e-01, 2.710716956561997071e-01, 3.713760344155183080e-01
2.415888335375523110e-01, 1.159228689581409261e-01, 2.710587559996468499e-01, 3.714295415046598436e-01
2.415336960930013488e-01, 1.159374312982775906e-01, 2.710458473076612917e-01, 3.714830253010597549e-01
2.414785474807545629e-01, 1.159519971631242652e-01, 2.710329695708022513e-01, 3.715364857853190039e-01
2.414233877348143098e-01, 1.159665665475200780e-01, 2.710201227796012469e-01, 3.715899229380643098e-01
2.413682168891846669e-01, 1.159811394463050593e-01, 2.710073069245629851e-01, 3.716433367399472609e-01
2.413130349778712103e-01, 1.159957158543196420e-01, 2.709945219961644725e-01, 3.716967271716447030e-01
2.412578420348807373e-01, 1.160102957664049667e-01, 2.709817679848557370e-01, 3.717500942138585729e-01
2.412026380942217663e-01, 1.160248791774028537e-01, 2.709690448810591068e-01, 3.718034378473162316e-01
2.411474231899038978e-01, 1.160394660821557483e-01, 2.709563526751702089e-01, 3.718567580527701866e-01
2.410921973559381204e-01, 1.160540564755066784e-01, 2.709436913575570816e-01, 3.719100548109981474e-01
2.410369606263367270e-01, 1.160686503522994351e-01, 2.709310609185608953e-01, 3.719633281028029148e-01
2.409817130351133985e-01, 1.160832477073783092e-01, 2.709184613484955095e-01, 3.720165779090127689e-01
2.409264546162827036e-01, 1.160978485355883827e-01, 2.709058926376478049e-01, 3.720698042104811920e-01
2.408711854038605160e-01, 1.161124528317752924e-01, 2.708933547762775174e-01, 3.721230069880866465e-01
2.408159054318637360e-01, 1.161270605907853137e-01, 2.708808477546175708e-01, 3.721761862227332962e-01
2.407606147343105407e-01, 1.161416718074655269e-01, 2.708683715628737443e-01, 3.722293418953500077e-01
2.407053133452199678e-01, 1.161562864766635256e-01, 2.708559261912249494e-01, 3.722824739868916266e-01
2.406500012986118875e-01, 1.161709045932274725e-01, 2.708435116298230083e-01, 3.723355824783376455e-01
2.405946786285073635e-01, 1.161855261520064325e-01, 2.708311278687930423e-01, 3.723886673506930367e-01
2.405393453689283201e-01, 1.162001511478500115e-01, 2.708187748982334164e-01, 3.724417285849883075e-01
2.404840015538974585e-01, 1.162147795756084262e-01, 2.708064527082154060e-01, 3.724947661622787232e-01
2.404286472174382017e-01, 1.162294114301325731e-01, 2.707941612887836413e-01, 3.725477800636455838e-01
2.403732823935748331e-01, 1.162440467062741539e-01, 2.707819006299561626e-01, 3.726007702701948920e-01
2.403179071163324687e-01, 1.162586853988853974e-01, 2.707696707217240872e-01, 3.726537367630580189e-01
2.402625214197369463e-01, 1.162733275028191571e-01, 2.707574715540518318e-01, 3.727066795233920926e-01
2.402071253378143534e-01, 1.162879730129291328e-01, 2.707453031168774449e-01, 3.727595985323791661e-01
2.401517189045918044e-01, 1.163026219240695242e-01, 2.707331654001119969e-01, 3.728124937712266607e-01
2.400963021540967468e-01, 1.163172742310953495e-01, 2.707210583936404125e-01, 3.728653652211674774e-01
2.400408751203572666e-01, 1.163319299288622100e-01, 2.707089820873207486e-01, 3.729182128634598303e-01
2.399854378374019215e-01, 1.163465890122264007e-01, 2.706969364709845838e-01, 3.729710366793870802e-01
2.399299903392596856e-01, 1.163612514760449246e-01, 2.706849215344371840e-01, 3.730238366502583447e-01
2.398745326599596717e-01, 1.163759173151754645e-01, 2.706729372674572809e-01, 3.730766127574076108e-01
2.398190648335318254e-01, 1.163905865244762583e-01, 2.706609836597971830e-01, 3.731293649821946778e-01
2.397635868940060921e-01, 1.164052590988065294e-01, 2.706490607011829974e-01, 3.731820933060044365e-01
2.397080988754128617e-01, 1.164199350330258481e-01, 2.706371683813140749e-01, 3.732347977102472569e-01
2.396526008117824402e-01, 1.164346143219947283e-01, 2.706253066898641202e-01, 3.732874781763587668e-01
2.395970927371456616e-01, 1.164492969605741834e-01, 2.706134756164799149e-01, 3.733401346858001846e-01
2.395415746855334982e-01, 1.164639829436260599e-01, 2.706016751507824836e-01, 3.733927672200579861e-01
2.394860466909766450e-01, 1.164786722660128282e-01, 2.705899052823664830e-01, 3.734453757606442381e-01
2.394305087875062965e-01, 1.164933649225976114e-01, 2.705781660008002576e-01, 3.734979602890959316e-01
2.393749610091535085e-01, 1.165080609082443930e-01, 2.705664572956262837e-01, 3.735505207869759259e-01
2.393194033899491702e-01, 1.165227602178176697e-01, 2.705547791563608917e-01, 3.736030572358723378e-01
2.392638359639244205e-01, 1.165374628461827433e-01, 2.705431315724939889e-01, 3.736555696173988195e-01
2.392082587651100378e-01, 1.165521687882056234e-01, 2.705315145334901694e-01, 3.737080579131941693e-01
2.391526718275368835e-01, 1.165668780387529441e-01, 2.705199280287873820e-01, 3.737605221049228321e-01
2.390970751852353193e-01, 1.165815905926921164e-01, 2.705083720477979847e-01, 3.738129621742746767e-01
2.390414688722357905e-01, 1.165963064448911901e-01, 2.704968465799081900e-01, 3.738653781029648293e-01
2.389858529225682982e-01, 1.166110255902190335e-01, 2.704853516144784531e-01, 3.739177698727340626e-01
2.389302273702627322e-01, 1.166257480235451671e-01, 2.704738871408434719e-01, 3.739701374653485733e-01
2.388745922493483165e-01, 1.166404737397397640e-01, 2.704624531483120209e-01, 3.740224808625999819e-01
2.388189475938542750e-01, 1.166552027336737185e-01, 2.704510496261668950e-01, 3.740748000463051115e-01
2.387632934378090821e-01, 1.166699350002187857e-01, 2.704396765636655764e-01, 3.741270949983066529e-01
2.387076298152408516e-01, 1.166846705342472618e-01, 2.704283339500394567e-01, 3.741793657004724993e-01
2.386519567601773084e-01, 1.166994093306323171e-01, 2.704170217744943372e-01, 3.742316121346959124e-01
2.385962743066455394e-01, 1.167141513842476497e-01, 2.704057400262105948e-01, 3.742838342828961329e-01
2.385405824886719095e-01, 1.167288966899678870e-01, 2.703944886943427384e-01, 3.743360321270174373e-01
2.384848813402824230e-01, 1.167436452426682120e-01, 2.703832677680198526e-01, 3.743882056490294707e-01
2.384291708955021960e-01, 1.167583970372246677e-01, 2.703720772363453761e-01, 3.744403548309277463e-01
2.383734511883557061e-01, 1.167731520685139218e-01, 2.703609170883972679e-01, 3.744924796547330903e-01
2.383177222528667372e-01, 1.167879103314133776e-01, 2.703497873132281737e-01, 3.745445801024917531e-01
2.382619841230581015e-01, 1.168026718208012849e-01, 2.703386878998650933e-01, 3.745966561562755204e-01
2.382062368329520008e-01, 1.168174365315564484e-01, 2.703276188373096578e-01, 3.746487077981818237e-01
2.381504804165696654e-01, 1.168322044585585334e-01, 2.703165801145384073e-01, 3.747007350103332968e-01
2.380947149079314096e-01, 1.168469755966879270e-01, 2.703055717205022357e-01, 3.747527377748784971e-01
2.380389403410565763e-01, 1.168617499408257099e-01, 2.702945936441266683e-01, 3.748047160739910177e-01
2.379831567499635092e-01, 1.168765274858536846e-01, 2.702836458743124171e-01, 3.748566698898703198e-01
2.379273641686695528e-01, 1.168913082266544862e-01, 2.702727283999346586e-01, 3.749085992047412885e-01
2.378715626311911080e-01, 1.169060921581113743e-01, 2.702618412098432565e-01, 3.749605040008542334e-01
2.378157521715431877e-01, 1.169208792751085108e-01, 2.702509842928633166e-01, 3.750123842604850544e-01
2.377599328237397502e-01, 1.169356695725305983e-01, 2.702401576377945203e-01, 3.750642399659351867e-01
2.377041046217937548e-01, 1.169504630452631866e-01, 2.702293612334115136e-01, 3.751160710995316006e-01
2.376482675997166893e-01, 1.169652596881926299e-01, 2.702185950684639071e-01, 3.751678776436268015e-01
2.375924217915187098e-01, 1.169800594962059348e-01, 2.702078591316763867e-01, 3.752196595805988300e-01
2.375365672312090837e-01, 1.169948624641909546e-01, 2.701971534117487139e-01, 3.752714168928512617e-01
2.374807039527952746e-01, 1.170096685870361808e-01, 2.701864778973553927e-01, 3.753231495628130965e-01
2.374248319902834692e-01, 1.170244778596309654e-01, 2.701758325771463354e-01, 3.753748575729392578e-01
2.373689513776785498e-01, 1.170392902768653404e-01, 2.701652174397464745e-01, 3.754265409057096492e-01
2.373130621489838998e-01, 1.170541058336301565e-01, 2.701546324737559845e-01, 3.754781995436300979e-01
2.372571643382010986e-01, 1.170689245248169030e-01, 2.701440776677498934e-01, 3.755298334692321882e-01
2.372012579793306708e-01, 1.170837463453179850e-01, 2.701335530102789706e-01, 3.755814426650723181e-01
2.371453431063711703e-01, 1.170985712900264736e-01, 2.701230584898688947e-01, 3.756330271137333643e-01
2.370894197533197079e-01, 1.171133993538362866e-01, 2.701125940950208637e-01, 3.756845867978231279e-01
2.370334879541715623e-01, 1.171282305316419942e-01, 2.701021598142113178e-01, 3.757361216999751674e-01
2.369775477429204580e-01, 1.171430648183389850e-01, 2.700917556358919391e-01, 3.757876318028486873e-01
2.369215991535581489e-01, 1.171579022088234251e-01, 2.700813815484900959e-01, 3.758391170891282607e-01
2.368656422200750011e-01, 1.171727426979923131e-01, 2.700710375404084540e-01, 3.758905775415242179e-01
2.368096769764590492e-01, 1.171875862807432306e-01, 2.700607236000251987e-01, 3.759420131427726464e-01
2.367537034566968845e-01, 1.172024329519747027e-01, 2.700504397156939795e-01, 3.759934238756343916e-01
2.366977216947729612e-01, 1.172172827065860179e-01, 2.700401858757439100e-01, 3.760448097228971109e-01
2.366417317246698460e-01, 1.172321355394771170e-01, 2.700299620684800672e-01, 3.760961706673729976e-01
2.365857335803681072e-01, 1.172469914455488704e-01, 2.700197682821828260e-01, 3.761475066919002797e-01
2.365297272958462871e-01, 1.172618504197028011e-01, 2.700096045051080251e-01, 3.761988177793427757e-01
2.364737129050808462e-01, 1.172767124568413061e-01, 2.699994707254880222e-01, 3.762501039125897839e-01
2.364176904420463576e-01, 1.172915775518675180e-01, 2.699893669315298061e-01, 3.763013650745564154e-01
2.363616599407147301e-01, 1.173064456996853328e-01, 2.699792931114169958e-01, 3.763526012481829830e-01
2.363056214350562623e-01, 1.173213168951995067e-01, 2.699692492533086186e-01, 3.764038124164357235e-01
2.362495749590386440e-01, 1.173361911333154484e-01, 2.699592353453396099e-01, 3.764549985623061867e-01
2.361935205466275944e-01, 1.173510684089395378e-01, 2.699492513756209244e-01, 3.765061596688119572e-01
2.361374582317863624e-01, 1.173659487169787657e-01, 2.699392973322390366e-01, 3.765572957189958214e-01
2.360813880484757266e-01, 1.173808320523410387e-01, 2.699293732032569948e-01, 3.766084066959263787e-01
2.360253100306544394e-01, 1.173957184099349849e-01, 2.699194789767132008e-01, 3.766594925826975415e-01
2.359692242122785333e-01, 1.174106077846700236e-01, 2.699096146406222974e-01, 3.767105533624291458e-01
2.359131306273016815e-01, 1.174255001714564484e-01, 2.698997801829752241e-01, 3.767615890182665628e-01
2.358570293096751425e-01, 1.174403955652052606e-01, 2.698899755917387733e-01, 3.768125995333808653e-01
2.358009202933475656e-01, 1.174552939608283497e-01, 2.698802008548558118e-01, 3.768635848909682728e-01
2.357448036122650470e-01, 1.174701953532382714e-01, 2.698704559602453923e-01, 3.769145450742512615e-01
2.356886793003710179e-01, 1.174850997373485251e-01, 2.698607408958029752e-01, 3.769654800664774541e-01
2.356325473916063562e-01, 1.175000071080733177e-01, 2.698510556494001511e-01, 3.770163898509201750e-01
2.355764079199093031e-01, 1.175149174603276891e-01, 2.698414002088844743e-01, 3.770672744108785612e-01
2.355202609192150742e-01, 1.175298307890274840e-01, 2.698317745620802399e-01, 3.771181337296771185e-01
2.354641064234564707e-01, 1.175447470890893936e-01, 2.698221786967879843e-01, 3.771689677906661653e-01
2.354079444665633791e-01, 1.175596663554307891e-01, 2.698126126007843739e-01, 3.772197765772214995e-01
2.353517750824627164e-01, 1.175745885829700410e-01, 2.698030762618227052e-01, 3.772705600727445652e-01
2.352955983050785960e-01, 1.175895137666261997e-01, 2.697935696676327932e-01, 3.773213182606624527e-01
2.352394141683324114e-01, 1.176044419013191067e-01, 2.697840928059206944e-01, 3.773720511244277875e-01
2.351832227061422809e-01, 1.176193729819695610e-01, 2.697746456643690949e-01, 3.774227586475190632e-01
2.351270239524234917e-01, 1.176343070034990557e-01, 2.697652282306373661e-01, 3.774734408134401420e-01
2.350708179410883614e-01, 1.176492439608298746e-01, 2.697558404923611763e-01, 3.775240976057206432e-01
2.350146047060460153e-01, 1.176641838488852176e-01, 2.697464824371532122e-01, 3.775747290079154994e-01
2.349583842812025258e-01, 1.176791266625890758e-01, 2.697371540526026235e-01, 3.776253350036057888e-01
2.349021567004607736e-01, 1.176940723968662728e-01, 2.697278553262751344e-01, 3.776759155763978471e-01
2.348459219977205581e-01, 1.177090210466423398e-01, 2.697185862457132655e-01, 3.777264707099237673e-01
2.347896802068784039e-01, 1.177239726068438075e-01, 2.697093467984366111e-01, 3.777770003878412330e-01
2.347334313618274770e-01, 1.177389270723978865e-01, 2.697001369719411734e-01, 3.778275045938334631e-01
2.346771754964578349e-01, 1.177538844382327726e-01, 2.696909567537000285e-01, 3.778779833116095443e-01
2.346209126446560100e-01, 1.177688446992772725e-01, 2.696818061311630488e-01, 3.779284365249037103e-01
2.345646428403052319e-01, 1.177838078504612196e-01, 2.696726850917570140e-01, 3.779788642174765068e-01
2.345083661172855105e-01, 1.177987738867151829e-01, 2.696635936228857222e-01, 3.780292663731136260e-01
2.344520825094730809e-01, 1.178137428029705641e-01, 2.696545317119299900e-01, 3.780796429756264065e-01
2.343957920507408754e-01, 1.178287145941596253e-01, 2.696454993462474858e-01, 3.781299940088518885e-01
2.343394947749583013e-01, 1.178436892552155169e-01, 2.696364965131733404e-01, 3.781803194566529247e-01
2.342831907159911575e-01, 1.178586667810720412e-01, 2.696275232000190925e-01, 3.782306193029176811e-01
2.342268799077016628e-01, 1.178736471666640556e-01, 2.696185793940741871e-01, 3.782808935315600807e-01
2.341705623839484274e-01, 1.178886304069271113e-01, 2.696096650826046437e-01, 3.783311421265198038e-01
2.341142381785863424e-01, 1.179036164967977030e-01, 2.696007802528541109e-01, 3.783813650717619548e-01
2.340579073254665521e-01, 1.179186054312130194e-01, 2.695919248920431444e-01, 3.784315623512772842e-01
2.340015698584365644e-01, 1.179335972051113179e-01, 2.695830989873697625e-01, 3.784817339490822996e-01
2.339452258113400296e-01, 1.179485918134314804e-01, 2.695743025260093906e-01, 3.785318798492189885e-01
2.338888752180169062e-01, 1.179635892511133322e-01, 2.695655354951146943e-01, 3.785820000357550952e-01
2.338325181123029617e-01, 1.179785895130976009e-01, 2.695567978818155797e-01, 3.786320944927838994e-01
2.337761545280302999e-01, 1.179935925943257219e-01, 2.695480896732196929e-01, 3.786821632044243269e-01
2.337197844990272222e-01, 1.180085984897401158e-01, 2.695394108564118651e-01, 3.787322061548208940e-01
2.336634080591178386e-01, 1.180236071942839665e-01, 2.695307614184545009e-01, 3.787822233281436524e-01
2.336070252421222904e-01, 1.180386187029013323e-01, 2.695221413463878557e-01, 3.788322147085885772e-01
2.335506360818566107e-01, 1.180536330105371595e-01, 2.695135506272292036e-01, 3.788821802803769012e-01
2.334942406121330860e-01, 1.180686501121372550e-01, 2.695049892479737808e-01, 3.789321200277558921e-01
2.334378388667593396e-01, 1.180836700026482028e-01, 2.694964571955944521e-01, 3.789820339349979084e-01
2.333814308795393866e-01, 1.180986926770175721e-01, 2.694879544570417118e-01, 3.790319219864014544e-01
2.333250166842725515e-01, 1.181137181301935984e-01, 2.694794810192436274e-01, 3.790817841662901255e-01
2.332685963147544395e-01, 1.181287463571256136e-01, 2.694710368691063951e-01, 3.791316204590136629e-01
2.332121698047758540e-01, 1.181437773527636292e-01, 2.694626219935136180e-01, 3.791814308489468988e-01
2.331557371881237684e-01, 1.181588111120585871e-01, 2.694542363793268613e-01, 3.792312153204906444e-01
2.330992984985805483e-01, 1.181738476299623031e-01, 2.694458800133857634e-01, 3.792809738580714685e-01
2.330428537699241187e-01, 1.181888869014274118e-01, 2.694375528825074806e-01, 3.793307064461410305e-01
2.329864030359282689e-01, 1.182039289214075750e-01, 2.694292549734874642e-01, 3.793804130691768028e-01
2.329299463303620976e-01, 1.182189736848570510e-01, 2.694209862730987948e-01, 3.794300937116820704e-01
2.328734836869903180e-01, 1.182340211867311669e-01, 2.694127467680929033e-01, 3.794797483581856534e-01
2.328170151395730914e-01, 1.182490714219860822e-01, 2.694045364451990721e-01, 3.795293769932416295e-01
2.327605407218660827e-01, 1.182641243855788449e-01, 2.693963552911247117e-01, 3.795789796014303885e-01
2.327040604676202662e-01, 1.182791800724672798e-01, 2.693882032925554171e-01, 3.796285561673570785e-01
2.326475744105819810e-01, 1.182942384776102529e-01, 2.693800804361547452e-01, 3.796781066756529932e-01
2.325910825844930696e-01, 1.183092995959672822e-01, 2.693719867085646591e-01, 3.797276311109749614e-01
2.325345850230904066e-01, 1.183243634224990098e-01, 2.693639220964053060e-01, 3.797771294580051804e-01
2.324780817601064531e-01, 1.183394299521667997e-01, 2.693558865862750729e-01, 3.798266017014517715e-01
2.324215728292684524e-01, 1.183544991799328761e-01, 2.693478801647505305e-01, 3.798760478260481133e-01
2.323650582642992068e-01, 1.183695711007605039e-01, 2.693399028183868782e-01, 3.799254678165533972e-01
2.323085380989166060e-01, 1.183846457096136701e-01, 2.693319545337173881e-01, 3.799748616577523497e-01
2.322520123668334602e-01, 1.183997230014572771e-01, 2.693240352972539609e-01, 3.800242293344552325e-01
2.321954811017580278e-01, 1.184148029712572131e-01, 2.693161450954869029e-01, 3.800735708314978978e-01
2.321389443373930717e-01, 1.184298856139801431e-01, 2.693082839148848162e-01, 3.801228861337420106e-01
2.320824021074368304e-01, 1.184449709245936622e-01, 2.693004517418951527e-01, 3.801721752260743270e-01
2.320258544455822414e-01, 1.184600588980662533e-01, 2.692926485629438260e-01, 3.802214380934076376e-01
2.319693013855174957e-01, 1.184751495293672741e-01, 2.692848743644351561e-01, 3.802706747206801019e-01
2.319127429609253443e-01, 1.184902428134669838e-01, 2.692771291327522576e-01, 3.803198850928554697e-01
2.318561792054834036e-01, 1.185053387453365997e-01, 2.692694128542568732e-01, 3.803690691949231373e-01
2.317996101528644048e-01, 1.185204373199480743e-01, 2.692617255152894851e-01, 3.804182270118980358e-01
2.317430358367357224e-01, 1.185355385322744426e-01, 2.692540671021693699e-01, 3.804673585288204651e-01
2.316864562907593739e-01, 1.185506423772894197e-01, 2.692464376011944882e-01, 3.805164637307566489e-01
2.316298715485922977e-01, 1.185657488499679002e-01, 2.692388369986417063e-01, 3.805655426027981791e-01
2.315732816438859087e-01, 1.185808579452853895e-01, 2.692312652807665740e-01, 3.806145951300621277e-01
2.315166866102865151e-01, 1.185959696582185446e-01, 2.692237224338038248e-01, 3.806636212976912126e-01
2.314600864814347903e-01, 1.186110839837447029e-01, 2.692162084439668202e-01, 3.807126210908537423e-01
2.314034812909661898e-01, 1.186262009168422421e-01, 2.692087232974481048e-01, 3.807615944947435049e-01
2.313468710725105348e-01, 1.186413204524904147e-01, 2.692012669804191294e-01, 3.808105414945798239e-01
2.312902558596924008e-01, 1.186564425856693472e-01, 2.691938394790304168e-01, 3.808594620756078353e-01
2.312336356861305620e-01, 1.186715673113601377e-01, 2.691864407794115621e-01, 3.809083562230977105e-01
2.311770105854383806e-01, 1.186866946245447585e-01, 2.691790708676713995e-01, 3.809572239223455448e-01
2.311203805912236675e-01, 1.187018245202059868e-01, 2.691717297298975575e-01, 3.810060651586728575e-01
2.310637457370884051e-01, 1.187169569933276825e-01, 2.691644173521572370e-01, 3.810548799174266477e-01
2.310071060566291912e-01, 1.187320920388945655e-01, 2.691571337204966552e-01, 3.811036681839796714e-01
2.309504615834366836e-01, 1.187472296518921333e-01, 2.691498788209414350e-01, 3.811524299437298313e-01
2.308938123510958229e-01, 1.187623698273070350e-01, 2.691426526394963270e-01, 3.812011651821008984e-01
2.308371583931859983e-01, 1.187775125601265719e-01, 2.691354551621454871e-01, 3.812498738845419011e-01
2.307804997432805483e-01, 1.187926578453391974e-01, 2.691282863748525878e-01, 3.812985560365276250e-01
2.307238364349470661e-01, 1.188078056779341418e-01, 2.691211462635605400e-01, 3.813472116235581688e-01
2.306671685017473161e-01, 1.188229560529015516e-01, 2.691140348141917715e-01, 3.813958406311593330e-01
2.306104959772369845e-01, 1.188381089652326417e-01, 2.691069520126481152e-01, 3.814444430448821755e-01
2.305538188949660672e-01, 1.188532644099193070e-01, 2.690998978448109757e-01, 3.814930188503035668e-01
2.304971372884783987e-01, 1.188684223819545527e-01, 2.690928722965414965e-01, 3.815415680330255244e-01
2.304404511913118458e-01, 1.188835828763322444e-01, 2.690858753536800041e-01, 3.815900905786758224e-01
2.303837606369981694e-01, 1.188987458880471776e-01, 2.690789070020470075e-01, 3.816385864729076594e-01
2.303270656590631349e-01, 1.189139114120950497e-01, 2.690719672274420882e-01, 3.816870557013996579e-01
2.302703662910264293e-01, 1.189290794434725018e-01, 2.690650560156449544e-01, 3.817354982498560312e-01
2.302136625664014391e-01, 1.189442499771771050e-01, 2.690581733524149977e-01, 3.817839141040063611e-01
2.301569545186954724e-01, 1.189594230082074294e-01, 2.690513192234913475e-01, 3.818323032496057090e-01
2.301002421814095644e-01, 1.189745985315627669e-01, 2.690444936145927612e-01, 3.818806656724348381e-01
2.300435255880386443e-01, 1.189897765422436027e-01, 2.690376965114181784e-01, 3.819290013582996579e-01
2.299868047720710074e-01, 1.190049570352511854e-01, 2.690309278996462217e-01, 3.819773102930316688e-01
2.299300797669890095e-01, 1.190201400055877212e-01, 2.690241877649354185e-01, 3.820255924624877952e-01
2.298733506062684007e-01, 1.190353254482563600e-01, 2.690174760929244235e-01, 3.820738478525507187e-01
2.298166173233786858e-01, 1.190505133582612091e-01, 2.690107928692319073e-01, 3.821220764491281563e-01
2.297598799517828749e-01, 1.190657037306073196e-01, 2.690041380794563897e-01, 3.821702782381533603e-01
2.297031385249374558e-01, 1.190808965603006447e-01, 2.689975117091765733e-01, 3.822184532055852846e-01
2.296463930762925598e-01, 1.190960918423480536e-01, 2.689909137439512321e-01, 3.822666013374080296e-01
2.295896436392917961e-01, 1.191112895717574421e-01, 2.689843441693194892e-01, 3.823147226196312864e-01
2.295328902473720289e-01, 1.191264897435375808e-01, 2.689778029708003171e-01, 3.823628170382900038e-01
2.294761329339637113e-01, 1.191416923526981558e-01, 2.689712901338932038e-01, 3.824108845794448874e-01
2.294193717324906068e-01, 1.191568973942499360e-01, 2.689648056440777646e-01, 3.824589252291817343e-01
2.293626066763696514e-01, 1.191721048632044672e-01, 2.689583494868140190e-01, 3.825069389736118763e-01
2.293058377990114249e-01, 1.191873147545742806e-01, 2.689519216475420582e-01, 3.825549257988721807e-01
2.292490651338196794e-01, 1.192025270633729067e-01, 2.689455221116827666e-01, 3.826028856911247167e-01
2.291922887141909504e-01, 1.192177417846148474e-01, 2.689391508646370998e-01, 3.826508186365570330e-01
2.291355085735158337e-01, 1.192329589133154510e-01, 2.689328078917866405e-01, 3.826987246213821026e-01
2.290787247451772091e-01, 1.192481784444910792e-01, 2.689264931784933754e-01, 3.827466036318383225e-01
2.290219372625517669e-01, 1.192634003731590647e-01, 2.689202067100998073e-01, 3.827944556541893473e-01
2.289651461590087589e-01, 1.192786246943376149e-01, 2.689139484719291207e-01, 3.828422806747244778e-01
2.289083514679110809e-01, 1.192938514030459501e-01, 2.689077184492849049e-01, 3.828900786797579947e-01
2.288515532226141347e-01, 1.193090804943042621e-01, 2.689015166274515978e-01, 3.829378496556299916e-01
2.287947514564667439e-01, 1.193243119631336446e-01, 2.688953429916941529e-01, 3.829855935887054308e-01
2.287379462028103494e-01, 1.193395458045561214e-01, 2.688891975272582613e-01, 3.830333104653753096e-01
2.286811374949796194e-01, 1.193547820135947984e-01, 2.688830802193704073e-01, 3.830810002720552165e-01
2.286243253663018948e-01, 1.193700205852736146e-01, 2.688769910532377572e-01, 3.831286629951866085e-01
2.285675098500976332e-01, 1.193852615146175633e-01, 2.688709300140486591e-01, 3.831762986212362554e-01
2.285106909796798258e-01, 1.194005047966524569e-01, 2.688648970869716992e-01, 3.832239071366961292e-01
2.284538687883545249e-01, 1.194157504264052594e-01, 2.688588922571568673e-01, 3.832714885280834038e-01
2.283970433094204278e-01, 1.194309983989036844e-01, 2.688529155097350021e-01, 3.833190427819408441e-01
2.283402145761691260e-01, 1.194462487091766528e-01, 2.688469668298176241e-01, 3.833665698848366388e-01
2.282833826218847173e-01, 1.194615013522538488e-01, 2.688410462024976022e-01, 3.834140698233637345e-01
2.282265474798440552e-01, 1.194767563231659974e-01, 2.688351536128487651e-01, 3.834615425841412240e-01
2.281697091833166657e-01, 1.194920136169447950e-01, 2.688292890459257900e-01, 3.835089881538126799e-01
2.281128677655647197e-01, 1.195072732286229372e-01, 2.688234524867648689e-01, 3.835564065190474325e-01
2.280560232598426995e-01, 1.195225351532339664e-01, 2.688176439203830981e-01, 3.836037976665401250e-01
2.279991756993981766e-01, 1.195377993858124932e-01, 2.688118633317786443e-01, 3.836511615830107136e-01
2.279423251174705345e-01, 1.195530659213941416e-01, 2.688061107059312449e-01, 3.836984982552040790e-01
2.278854715472922177e-01, 1.195683347550153541e-01, 2.688003860278017076e-01, 3.837458076698908593e-01
2.278286150220878437e-01, 1.195836058817137254e-01, 2.687946892823321887e-01, 3.837930898138662839e-01
2.277717555750744804e-01, 1.195988792965276548e-01, 2.687890204544460260e-01, 3.838403446739518388e-01
2.277148932394615910e-01, 1.196141549944966659e-01, 2.687833795290483496e-01, 3.838875722369934351e-01
2.276580280484510055e-01, 1.196294329706611426e-01, 2.687777664910251940e-01, 3.839347724898627412e-01
2.276011600352368658e-01, 1.196447132200624819e-01, 2.687721813252443304e-01, 3.839819454194562387e-01
2.275442892330055145e-01, 1.196599957377431356e-01, 2.687666240165552112e-01, 3.840290910126961665e-01
2.274874156749358001e-01, 1.196752805187463603e-01, 2.687610945497883042e-01, 3.840762092565295216e-01
2.274305393941984110e-01, 1.196905675581166062e-01, 2.687555929097560914e-01, 3.841233001379288359e-01
2.273736604239565973e-01, 1.197058568508991144e-01, 2.687501190812524587e-01, 3.841703636438917879e-01
2.273167787973655596e-01, 1.197211483921402225e-01, 2.687446730490530289e-01, 3.842173997614411474e-01
2.272598945475726717e-01, 1.197364421768872395e-01, 2.687392547979149948e-01, 3.842644084776251634e-01
2.272030077077172583e-01, 1.197517382001883623e-01, 2.687338643125773419e-01, 3.843113897795170653e-01
2.271461183109309556e-01, 1.197670364570928986e-01, 2.687285015777607922e-01, 3.843583436542153953e-01
2.270892263903373787e-01, 1.197823369426510159e-01, 2.687231665781678602e-01, 3.844052700888437868e-01
2.270323319790519823e-01, 1.197976396519140341e-01, 2.687178592984828529e-01, 3.844521690705511863e-01
2.269754351101822276e-01, 1.198129445799341192e-01, 2.687125797233719804e-01, 3.844990405865116867e-01
2.269185358168277766e-01, 1.198282517217644644e-01, 2.687073278374833007e-01, 3.845458846239245276e-01
2.268616341320798258e-01, 1.198435610724592343e-01, 2.687021036254469974e-01, 3.845927011700140397e-01
2.268047300890215778e-01, 1.198588726270736621e-01, 2.686969070718748798e-01, 3.846394902120299220e-01
2.267478237207281588e-01, 1.198741863806638830e-01, 2.686917381613612155e-01, 3.846862517372467982e-01
2.266909150602664236e-01, 1.198895023282870453e-01, 2.686865968784819536e-01, 3.847329857329646052e-01
2.266340041406951500e-01, 1.199048204650013105e-01, 2.686814832077951687e-01, 3.847796921865083153e-01
2.265770909950645673e-01, 1.199201407858658669e-01, 2.686763971338413937e-01, 3.848263710852282138e-01
2.265201756564168556e-01, 1.199354632859407632e-01, 2.686713386411429538e-01, 3.848730224164993996e-01
2.264632581577858406e-01, 1.199507879602872001e-01, 2.686663077142045220e-01, 3.849196461677224512e-01
2.264063385321969657e-01, 1.199661148039673081e-01, 2.686613043375130072e-01, 3.849662423263227051e-01
2.263494168126673201e-01, 1.199814438120442445e-01, 2.686563284955375552e-01, 3.850128108797508664e-01
2.262924930322055272e-01, 1.199967749795820549e-01, 2.686513801727296591e-01, 3.850593518154827866e-01
2.262355672238118287e-01, 1.200121083016459367e-01, 2.686464593535232148e-01, 3.851058651210190753e-01
2.261786394204780559e-01, 1.200274437733020033e-01, 2.686415660223344104e-01, 3.851523507838855997e-01
2.261217096551873529e-01, 1.200427813896173812e-01, 2.686367001635618368e-01, 3.851988087916334846e-01
2.260647779609143704e-01, 1.200581211456601544e-01, 2.686318617615866544e-01, 3.852452391318388902e-01
2.260078443706254603e-01, 1.200734630364995448e-01, 2.686270508007724267e-01, 3.852916417921025127e-01
2.259509089172781204e-01, 1.200888070572056349e-01, 2.686222672654654531e-01, 3.853380167600509720e-01
2.258939716338211334e-01, 1.201041532028495618e-01, 2.686175111399942139e-01, 3.853843640233351464e-01
2.258370325531950384e-01, 1.201195014685034756e-01, 2.686127824086701477e-01, 3.854306835696314493e-01
2.257800917083311876e-01, 1.201348518492405398e-01, 2.686080810557872622e-01, 3.854769753866411075e-01
2.257231491321524675e-01, 1.201502043401349584e-01, 2.686034070656220796e-01, 3.855232394620904390e-01
2.256662048575731327e-01, 1.201655589362618515e-01, 2.685987604224341907e-01, 3.855694757837308528e-01
2.256092589174984731e-01, 1.201809156326974215e-01, 2.685941411104655341e-01, 3.856156843393385159e-01
2.255523113448250350e-01, 1.201962744245188147e-01, 2.685895491139412283e-01, 3.856618651167149636e-01
2.254953621724405111e-01, 1.202116353068042875e-01, 2.685849844170688505e-01, 3.857080181036864341e-01
2.254384114332236844e-01, 1.202269982746330124e-01, 2.685804470040391023e-01, 3.857541432881042009e-01
2.253814591600444839e-01, 1.202423633230852301e-01, 2.685759368590255880e-01, 3.858002406578447396e-01
2.253245053857640123e-01, 1.202577304472421671e-01, 2.685714539661848144e-01, 3.858463102008091172e-01
2.252675501432341298e-01, 1.202730996421860626e-01, 2.685669983096561908e-01, 3.858923519049236583e-01
2.252105934652980090e-01, 1.202884709030002525e-01, 2.685625698735622513e-01, 3.859383657581395566e-01
2.251536353847896077e-01, 1.203038442247689327e-01, 2.685581686420084879e-01, 3.859843517484329856e-01
2.250966759345339463e-01, 1.203192196025774374e-01, 2.685537945990836284e-01, 3.860303098638049324e-01
2.250397151473468860e-01, 1.203345970315121138e-01, 2.685494477288594695e-01, 3.860762400922815862e-01
2.249827530560351840e-01, 1.203499765066602528e-01, 2.685451280153908216e-01, 3.861221424219137277e-01
2.249257896933965217e-01, 1.203653580231102416e-01, 2.685408354427159527e-01, 3.861680168407772840e-01
2.248688250922193654e-01, 1.203807415759514804e-01, 2.685365699948562002e-01, 3.862138633369728846e-01
2.248118592852829667e-01, 1.203961271602742994e-01, 2.685323316558163587e-01, 3.862596818986264169e-01
2.247548923053573899e-01, 1.204115147711701667e-01, 2.685281204095842922e-01, 3.863054725138881929e-01
2.246979241852033737e-01, 1.204269044037314662e-01, 2.685239362401314334e-01, 3.863512351709337267e-01
2.246409549575723585e-01, 1.204422960530517200e-01, 2.685197791314125060e-01, 3.863969698579633461e-01
2.245839846552065977e-01, 1.204576897142254632e-01, 2.685156490673656915e-01, 3.864426765632021921e-01
2.245270133108389354e-01, 1.204730853823481190e-01, 2.685115460319125735e-01, 3.864883552749003859e-01
2.244700409571927235e-01, 1.204884830525162626e-01, 2.685074700089584154e-01, 3.865340059813326956e-01
2.244130676269820435e-01, 1.205038827198274265e-01, 2.685034209823916607e-01, 3.865796286707988139e-01
2.243560933529114287e-01, 1.205192843793802954e-01, 2.684993989360848765e-01, 3.866252233316234133e-01
2.242991181676761703e-01, 1.205346880262744003e-01, 2.684954038538937549e-01, 3.866707899521556469e-01
2.242421421039617058e-01, 1.205500936556104657e-01, 2.684914357196579449e-01, 3.867163285207699808e-01
2.241851651944443691e-01, 1.205655012624901462e-01, 2.684874945172004979e-01, 3.867618390258650840e-01
2.241281874717903355e-01, 1.205809108420161369e-01, 2.684835802303284780e-01, 3.868073214558650497e-01
2.240712089686569819e-01, 1.205963223892922292e-01, 2.684796928428326290e-01, 3.868527757992181737e-01
2.240142297176914710e-01, 1.206117358994231448e-01, 2.684758323384873746e-01, 3.868982020443979541e-01
2.239572497515315841e-01, 1.206271513675147566e-01, 2.684719987010511510e-01, 3.869436001799025360e-01
2.239002691028052217e-01, 1.206425687886738679e-01, 2.684681919142661299e-01, 3.869889701942547666e-01
2.238432878041309859e-01, 1.206579881580084057e-01, 2.684644119618584401e-01, 3.870343120760021960e-01
2.237863058881172929e-01, 1.206734094706272548e-01, 2.684606588275382233e-01, 3.870796258137172430e-01
2.237293233873630660e-01, 1.206888327216403684e-01, 2.684569324949994673e-01, 3.871249113959970845e-01
2.236723403344573202e-01, 1.207042579061587406e-01, 2.684532329479203949e-01, 3.871701688114634887e-01
2.236153567619794114e-01, 1.207196850192943927e-01, 2.684495601699632417e-01, 3.872153980487629821e-01
2.235583727024987588e-01, 1.207351140561604280e-01, 2.684459141447739228e-01, 3.872605990965669598e-01
2.235013881885748177e-01, 1.207505450118709078e-01, 2.684422948559831990e-01, 3.873057719435711310e-01
2.234444032527573287e-01, 1.207659778815409757e-01, 2.684387022872054551e-01, 3.873509165784962960e-01
2.233874179275858740e-01, 1.207814126602868993e-01, 2.684351364220394776e-01, 3.873960329900878463e-01
2.233304322455903768e-01, 1.207968493432258344e-01, 2.684315972440683984e-01, 3.874411211671154875e-01
2.232734462392904073e-01, 1.208122879254760473e-01, 2.684280847368593625e-01, 3.874861810983741273e-01
2.232164599411958494e-01, 1.208277284021568587e-01, 2.684245988839641384e-01, 3.875312127726830980e-01
2.231594733838064837e-01, 1.208431707683887135e-01, 2.684211396689187845e-01, 3.875762161788861015e-01
2.231024865996117379e-01, 1.208586150192929309e-01, 2.684177070752434835e-01, 3.876211913058518754e-01
2.230454996210913809e-01, 1.208740611499919959e-01, 2.684143010864431522e-01, 3.876661381424735819e-01
2.229885124807146624e-01, 1.208895091556093648e-01, 2.684109216860069980e-01, 3.877110566776688638e-01
2.229315252109409506e-01, 1.209049590312696737e-01, 2.684075688574090179e-01, 3.877559469003803994e-01
2.228745378442192060e-01, 1.209204107720983773e-01, 2.684042425841072776e-01, 3.878008087995750697e-01
2.228175504129882856e-01, 1.209358643732222210e-01, 2.684009428495449656e-01, 3.878456423642444584e-01
2.227605629496769990e-01, 1.209513198297688941e-01, 2.683976696371494497e-01, 3.878904475834046850e-01
2.227035754867035255e-01, 1.209667771368670847e-01, 2.683944229303329432e-01, 3.879352244460964605e-01
2.226465880564759692e-01, 1.209822362896465775e-01, 2.683912027124923383e-01, 3.879799729413851428e-01
2.225896006913919978e-01, 1.209976972832382813e-01, 2.683880089670093172e-01, 3.880246930583604037e-01
2.225326134238390374e-01, 1.210131601127740347e-01, 2.683848416772501300e-01, 3.880693847861368395e-01
2.224756262861941336e-01, 1.210286247733867587e-01, 2.683817008265660387e-01, 3.881140481138530829e-01
2.224186393108238124e-01, 1.210440912602105401e-01, 2.683785863982929287e-01, 3.881586830306726355e-01
2.223616525300842195e-01, 1.210595595683804093e-01, 2.683754983757519752e-01, 3.882032895257834793e-01
2.223046659763211752e-01, 1.210750296930323960e-01, 2.683724367422486989e-01, 3.882478675883976327e-01
2.222476796818697586e-01, 1.210905016293037650e-01, 2.683694014810739659e-01, 3.882924172077524827e-01
2.221906936790546960e-01, 1.211059753723326693e-01, 2.683663925755036539e-01, 3.883369383731090640e-01
2.221337080001900832e-01, 1.211214509172584136e-01, 2.683634100087983199e-01, 3.883814310737531694e-01
2.220767226775796355e-01, 1.211369282592213575e-01, 2.683604537642039767e-01, 3.884258952989951275e-01
2.220197377435161323e-01, 1.211524073933628320e-01, 2.683575238249513162e-01, 3.884703310381696917e-01
2.219627532302820283e-01, 1.211678883148253200e-01, 2.683546201742566528e-01, 3.885147382806359295e-01
2.219057691701490365e-01, 1.211833710187523727e-01, 2.683517427953211465e-01, 3.885591170157773888e-01
2.218487855953780452e-01, 1.211988555002885132e-01, 2.683488916713312467e-01, 3.886034672330022088e-01
2.217918025382194791e-01, 1.212143417545794022e-01, 2.683460667854585813e-01, 3.886477889217425652e-01
2.217348200309129103e-01, 1.212298297767717414e-01, 2.683432681208601789e-01, 3.886920820714552804e-01
2.216778381056869474e-01, 1.212453195620132318e-01, 2.683404956606783576e-01, 3.887363466716214355e-01
2.216208567947597630e-01, 1.212608111054527538e-01, 2.683377493880407805e-01, 3.887805827117466473e-01
2.215638761303385107e-01, 1.212763044022402148e-01, 2.683350292860605113e-01, 3.888247901813607910e-01
2.215068961446197138e-01, 1.212917994475264938e-01, 2.683323353378357923e-01, 3.888689690700180557e-01
2.214499168697884879e-01, 1.213072962364636215e-01, 2.683296675264509878e-01, 3.889131193672968889e-01
2.213929383380197624e-01, 1.213227947642047527e-01, 2.683270258349751969e-01, 3.889572410628003851e-01
2.213359605814769482e-01, 1.213382950259038889e-01, 2.683244102464635295e-01, 3.890013341461555640e-01
2.212789836323128811e-01, 1.213537970167164193e-01, 2.683218207439566627e-01, 3.890453986070141479e-01
2.212220075226692673e-01, 1.213693007317984685e-01, 2.683192573104806189e-01, 3.890894344350515621e-01
2.211650322846768213e-01, 1.213848061663075212e-01, 2.683167199290473204e-01, 3.891334416199683788e-01
2.211080579504552668e-01, 1.214003133154019226e-01, 2.683142085826543122e-01, 3.891774201514885956e-01
2.210510845521132806e-01, 1.214158221742411142e-01, 2.683117232542847064e-01, 3.892213700193608572e-01
2.209941121217482707e-01, 1.214313327379857588e-01, 2.683092639269076263e-01, 3.892652912133583443e-01
2.209371406914468483e-01, 1.214468450017974488e-01, 2.683068305834779288e-01, 3.893091837232778296e-01
2.208801702932842725e-01, 1.214623589608388593e-01, 2.683044232069362600e-01, 3.893530475389407886e-01
2.208232009593245337e-01, 1.214778746102737617e-01, 2.683020417802089441e-01, 3.893968826501927882e-01
2.207662327216209086e-01, 1.214933919452670097e-01, 2.682996862862086496e-01, 3.894406890469034321e-01
2.207092656122148500e-01, 1.215089109609845675e-01, 2.682973567078335564e-01, 3.894844667189670817e-01
2.206522996631369860e-01, 1.215244316525933843e-01, 2.682950530279681889e-01, 3.895282156563015241e-01
2.205953349064065927e-01, 1.215399540152615337e-01, 2.682927752294828050e-01, 3.895719358488491380e-01
2.205383713740314833e-01, 1.215554780441581578e-01, 2.682905232952338404e-01, 3.896156272865764492e-01
2.204814090980084795e-01, 1.215710037344534533e-01, 2.682882972080638528e-01, 3.896592899594741866e-01
2.204244481103226072e-01, 1.215865310813187827e-01, 2.682860969508016336e-01, 3.897029238575569488e-01
2.203674884429480396e-01, 1.216020600799264523e-01, 2.682839225062617627e-01, 3.897465289708636482e-01
2.203105301278471539e-01, 1.216175907254499616e-01, 2.682817738572453869e-01, 3.897901052894576224e-01
2.202535731969709754e-01, 1.216331230130637819e-01, 2.682796509865397194e-01, 3.898336528034255233e-01
2.201966176822592325e-01, 1.216486569379435778e-01, 2.682775538769183177e-01, 3.898771715028787610e-01
2.201396636156400799e-01, 1.216641924952659992e-01, 2.682754825111411945e-01, 3.899206613779527264e-01
2.200827110290301536e-01, 1.216797296802087786e-01, 2.682734368719542628e-01, 3.899641224188067357e-01
2.200257599543347375e-01, 1.216952684879508556e-01, 2.682714169420902794e-01, 3.900075546156241413e-01
2.199688104234473196e-01, 1.217108089136721000e-01, 2.682694227042682344e-01, 3.900509579586123876e-01
2.199118624682498413e-01, 1.217263509525535331e-01, 2.682674541411935176e-01, 3.900943324380032329e-01
2.198549161206127533e-01, 1.217418945997772312e-01, 2.682655112355581961e-01, 3.901376780440518055e-01
2.197979714123949602e-01, 1.217574398505263528e-01, 2.682635939700406813e-01, 3.901809947670379364e-01
2.197410283754435145e-01, 1.217729866999852084e-01, 2.682617023273061174e-01, 3.902242825972651596e-01
2.196840870415938396e-01, 1.217885351433391355e-01, 2.682598362900061595e-01, 3.902675415250609348e-01
2.196271474426697290e-01, 1.218040851757744986e-01, 2.682579958407789733e-01, 3.903107715407767020e-01
2.195702096104831802e-01, 1.218196367924788692e-01, 2.682561809622497906e-01, 3.903539726347881600e-01
2.195132735768346721e-01, 1.218351899886408185e-01, 2.682543916370301318e-01, 3.903971447974944331e-01
2.194563393735124435e-01, 1.218507447594500692e-01, 2.682526278477185833e-01, 3.904402880193190151e-01
2.193994070322932699e-01, 1.218663011000972879e-01, 2.682508895769001311e-01, 3.904834022907092694e-01
2.193424765849420754e-01, 1.218818590057744178e-01, 2.682491768071471605e-01, 3.905264876021363185e-01
2.192855480632117937e-01, 1.218974184716744152e-01, 2.682474895210185117e-01, 3.905695439440952654e-01
2.192286214988435622e-01, 1.219129794929912913e-01, 2.682458277010599246e-01, 3.906125713071051386e-01
2.191716969235667500e-01, 1.219285420649201396e-01, 2.682441913298042047e-01, 3.906555696817088918e-01
2.191147743690985417e-01, 1.219441061826571776e-01, 2.682425803897710015e-01, 3.906985390584731821e-01
2.190578538671443254e-01, 1.219596718413998027e-01, 2.682409948634673080e-01, 3.907414794279885917e-01
2.190009354493974159e-01, 1.219752390363462446e-01, 2.682394347333865725e-01, 3.907843907808697392e-01
2.189440191475393593e-01, 1.219908077626961074e-01, 2.682378999820099197e-01, 3.908272731077546691e-01
2.188871049932392954e-01, 1.220063780156499383e-01, 2.682363905918051517e-01, 3.908701263993056840e-01
2.188301930181546784e-01, 1.220219497904093814e-01, 2.682349065452274695e-01, 3.909129506462085679e-01
2.187732832539306949e-01, 1.220375230821772045e-01, 2.682334478247191401e-01, 3.909557458391730300e-01
2.187163757322003743e-01, 1.220530978861572580e-01, 2.682320144127097183e-01, 3.909985119689326494e-01
2.186594704845849224e-01, 1.220686741975544887e-01, 2.682306062916159917e-01, 3.910412490262445417e-01
2.186025675426930548e-01, 1.220842520115749952e-01, 2.682292234438422018e-01, 3.910839570018898037e-01
2.185456669381214412e-01, 1.220998313234257920e-01, 2.682278658517796011e-01, 3.911266358866731241e-01
2.184887687024546221e-01, 1.221154121283152399e-01, 2.682265334978070626e-01, 3.911692856714230060e-01
2.184318728672648979e-01, 1.221309944214526017e-01, 2.682252263642908030e-01, 3.912119063469916558e-01
2.183749794641123010e-01, 1.221465781980483195e-01, 2.682239444335844381e-01, 3.912544979042550386e-01
2.183180885245444292e-01, 1.221621634533138351e-01, 2.682226876880290378e-01, 3.912970603341126008e-01
2.182612000800969176e-01, 1.221777501824618944e-01, 2.682214561099534600e-01, 3.913395936274877696e-01
2.182043141622928284e-01, 1.221933383807061180e-01, 2.682202496816737392e-01, 3.913820977753273422e-01
2.181474308026430386e-01, 1.222089280432613195e-01, 2.682190683854935864e-01, 3.914245727686020970e-01
2.180905500326459356e-01, 1.222245191653434093e-01, 2.682179122037046670e-01, 3.914670185983061268e-01
2.180336718837874999e-01, 1.222401117421694772e-01, 2.682167811185857120e-01, 3.915094352554573387e-01
2.179767963875414993e-01, 1.222557057689575150e-01, 2.682156751124037952e-01, 3.915518227310972876e-01
2.179199235753690733e-01, 1.222713012409268468e-01, 2.682145941674131673e-01, 3.915941810162909542e-01
2.178630534787190376e-01, 1.222868981532976851e-01, 2.682135382658561995e-01, 3.916365101021270778e-01
2.178061861290276069e-01, 1.223024965012914911e-01, 2.682125073899629397e-01, 3.916788099797179346e-01
2.177493215577185615e-01, 1.223180962801307947e-01, 2.682115015219513343e-01, 3.917210806401992262e-01
2.176924597962031083e-01, 1.223336974850391806e-01, 2.682105206440271172e-01, 3.917633220747305800e-01
2.176356008758799643e-01, 1.223493001112413575e-01, 2.682095647383840320e-01, 3.918055342744946601e-01
2.175787448281351066e-01, 1.223649041539631305e-01, 2.682086337872037207e-01, 3.918477172306980560e-01
2.175218916843422445e-01, 1.223805096084314981e-01, 2.682077277726557241e-01, 3.918898709345705611e-01
2.174650414758620143e-01, 1.223961164698743748e-01, 2.682068466768977588e-01, 3.919319953773657272e-01
2.174081942340429785e-01, 1.224117247335210074e-01, 2.682059904820755514e-01, 3.919740905503605322e-01
2.173513499902203494e-01, 1.224273343946015308e-01, 2.682051591703228377e-01, 3.920161564448553237e-01
2.172945087757171267e-01, 1.224429454483473428e-01, 2.682043527237615854e-01, 3.920581930521738201e-01
2.172376706218435427e-01, 1.224585578899908961e-01, 2.682035711245018827e-01, 3.921002003636636091e-01
2.171808355598969786e-01, 1.224741717147657394e-01, 2.682028143546420496e-01, 3.921421783706952602e-01
2.171240036211621038e-01, 1.224897869179064624e-01, 2.682020823962685263e-01, 3.921841270646629352e-01
2.170671748369105980e-01, 1.225054034946489179e-01, 2.682013752314562627e-01, 3.922260464369842770e-01
2.170103492384018729e-01, 1.225210214402299297e-01, 2.682006928422682734e-01, 3.922679364791000212e-01
2.169535268568817676e-01, 1.225366407498874738e-01, 2.682000352107559160e-01, 3.923097971824748287e-01
2.168967077235839369e-01, 1.225522614188607057e-01, 2.681994023189592236e-01, 3.923516285385961755e-01
2.168398918697289346e-01, 1.225678834423897245e-01, 2.681987941489062388e-01, 3.923934305389751298e-01
2.167830793265241029e-01, 1.225835068157158786e-01, 2.681982106826138468e-01, 3.924352031751460745e-01
2.167262701251643497e-01, 1.225991315340816123e-01, 2.681976519020871641e-01, 3.924769464386669293e-01
2.166694642968312323e-01, 1.226147575927304390e-01, 2.681971177893199276e-01, 3.925186603211183178e-01
2.166126618726937070e-01, 1.226303849869069679e-01, 2.681966083262943834e-01, 3.925603448141049001e-01
2.165558628839074629e-01, 1.226460137118569743e-01, 2.681961234949814532e-01, 3.926019999092542068e-01
2.164990673616153383e-01, 1.226616437628273021e-01, 2.681956632773404570e-01, 3.926436255982168611e-01
2.164422753369470154e-01, 1.226772751350658636e-01, 2.681952276553197789e-01, 3.926852218726674115e-01
2.163854868410191867e-01, 1.226929078238218618e-01, 2.681948166108562015e-01, 3.927267887243028888e-01
2.163287019049353610e-01, 1.227085418243453740e-01, 2.681944301258752938e-01, 3.927683261448438601e-01
2.162719205597863070e-01, 1.227241771318877406e-01, 2.681940681822914119e-01, 3.928098341260343740e-01
2.162151428366492767e-01, 1.227398137417014395e-01, 2.681937307620079758e-01, 3.928513126596412386e-01
2.161583687665884768e-01, 1.227554516490399483e-01, 2.681934178469167485e-01, 3.928927617374547987e-01
2.161015983806549856e-01, 1.227710908491578684e-01, 2.681931294188987791e-01, 3.929341813512884363e-01
2.160448317098866977e-01, 1.227867313373110641e-01, 2.681928654598237927e-01, 3.929755714929784038e-01
2.159880687853083514e-01, 1.228023731087563020e-01, 2.681926259515506339e-01, 3.930169321543846017e-01
2.159313096379313901e-01, 1.228180161587516528e-01, 2.681924108759272118e-01, 3.930582633273896898e-01
2.158745542987539623e-01, 1.228336604825562145e-01, 2.681922202147901113e-01, 3.930995650038996425e-01
2.158178027987610326e-01, 1.228493060754301536e-01, 2.681920539499652589e-01, 3.931408371758436382e-01
2.157610551689241873e-01, 1.228649529326348716e-01, 2.681919120632677012e-01, 3.931820798351733370e-01
2.157043114402016348e-01, 1.228806010494327278e-01, 2.681917945365012712e-01, 3.932232929738643246e-01
2.156475716435384549e-01, 1.228962504210874135e-01, 2.681917013514594772e-01, 3.932644765839147238e-01
2.155908358098663213e-01, 1.229119010428635222e-01, 2.681916324899246140e-01, 3.933056306573455840e-01
2.155341039701031969e-01, 1.229275529100268965e-01, 2.681915879336684294e-01, 3.933467551862015466e-01
2.154773761551541933e-01, 1.229432060178444336e-01, 2.681915676644517910e-01, 3.933878501625496793e-01
2.154206523959104058e-01, 1.229588603615842241e-01, 2.681915716640250191e-01, 3.934289155784804204e-01
2.153639327232499123e-01, 1.229745159365153578e-01, 2.681915999141277207e-01, 3.934699514261069120e-01
2.153072171680371905e-01, 1.229901727379081183e-01, 2.681916523964888444e-01, 3.935109576975657775e-01
2.152505057611233119e-01, 1.230058307610340101e-01, 2.681917290928268471e-01, 3.935519343850159002e-01
2.151937985333453873e-01, 1.230214900011654539e-01, 2.681918299848495280e-01, 3.935928814806396447e-01
2.151370955155276765e-01, 1.230371504535761190e-01, 2.681919550542541386e-01, 3.936337989766421352e-01
2.150803967384804227e-01, 1.230528121135406883e-01, 2.681921042827276613e-01, 3.936746868652511999e-01
2.150237022330004633e-01, 1.230684749763351349e-01, 2.681922776519464202e-01, 3.937155451387178706e-01
2.149670120298709519e-01, 1.230841390372364452e-01, 2.681924751435764698e-01, 3.937563737893162163e-01
2.149103261598614700e-01, 1.230998042915227020e-01, 2.681926967392732619e-01, 3.937971728093424550e-01
2.148536446537279987e-01, 1.231154707344731536e-01, 2.681929424206823120e-01, 3.938379421911165079e-01
2.147969675422128355e-01, 1.231311383613682003e-01, 2.681932121694384219e-01, 3.938786819269805561e-01
2.147402948560446223e-01, 1.231468071674892417e-01, 2.681935059671662902e-01, 3.939193920092997070e-01
2.146836266259381509e-01, 1.231624771481189956e-01, 2.681938237954805127e-01, 3.939600724304623269e-01
2.146269628825946130e-01, 1.231781482985411513e-01, 2.681941656359853599e-01, 3.940007231828788758e-01
2.145703036567015720e-01, 1.231938206140405639e-01, 2.681945314702747218e-01, 3.940413442589831283e-01
2.145136489789325474e-01, 1.232094940899031849e-01, 2.681949212799328852e-01, 3.940819356512313965e-01
2.144569988799475135e-01, 1.232251687214161173e-01, 2.681953350465335340e-01, 3.941224973521027519e-01
2.144003533903926229e-01, 1.232408445038676303e-01, 2.681957727516405821e-01, 3.941630293540991925e-01
2.143437125409000110e-01, 1.232565214325470199e-01, 2.681962343768078405e-01, 3.942035316497451425e-01
2.142870763620881858e-01, 1.232721995027447892e-01, 2.681967199035790173e-01, 3.942440042315878967e-01
2.142304448845616938e-01, 1.232878787097525797e-01, 2.681972293134881613e-01, 3.942844470921975653e-01
2.141738181389111484e-01, 1.233035590488630734e-01, 2.681977625880591076e-01, 3.943248602241667400e-01
2.141171961557133130e-01, 1.233192405153701182e-01, 2.681983197088059767e-01, 3.943652436201106060e-01
2.140605789655311564e-01, 1.233349231045687000e-01, 2.681989006572328971e-01, 3.944055972726672743e-01
2.140039665989133810e-01, 1.233506068117549426e-01, 2.681995054148343938e-01, 3.944459211744973381e-01
2.139473590863950059e-01, 1.233662916322260522e-01, 2.682001339630949999e-01, 3.944862153182838727e-01
2.138907564584970333e-01, 1.233819775612803593e-01, 2.682007862834897005e-01, 3.945264796967328791e-01
2.138341587457262827e-01, 1.233976645942174155e-01, 2.682014623574836554e-01, 3.945667143025726187e-01
2.137775659785757509e-01, 1.234133527263377855e-01, 2.682021621665323652e-01, 3.946069191285541677e-01
2.137209781875241410e-01, 1.234290419529432276e-01, 2.682028856920816717e-01, 3.946470941674510291e-01
2.136643954030364168e-01, 1.234447322693365962e-01, 2.682036329155678689e-01, 3.946872394120591321e-01
2.136078176555631647e-01, 1.234604236708219116e-01, 2.682044038184176471e-01, 3.947273548551972211e-01
2.135512449755410935e-01, 1.234761161527042350e-01, 2.682051983820481489e-01, 3.947674404897064115e-01
2.134946773933925346e-01, 1.234918097102899320e-01, 2.682060165878671354e-01, 3.948074963084503008e-01
2.134381149395259691e-01, 1.235075043388862981e-01, 2.682068584172727643e-01, 3.948475223043150240e-01
2.133815576443355289e-01, 1.235232000338018499e-01, 2.682077238516537565e-01, 3.948875184702088648e-01
2.133250055382010790e-01, 1.235388967903462559e-01, 2.682086128723896179e-01, 3.949274847990630888e-01
2.132684586514884961e-01, 1.235545946038302395e-01, 2.682095254608501400e-01, 3.949674212838311660e-01
2.132119170145493070e-01, 1.235702934695657451e-01, 2.682104615983962881e-01, 3.950073279174886598e-01
2.131553806577207999e-01, 1.235859933828658275e-01, 2.682114212663793129e-01, 3.950472046930340042e-01
2.130988496113260522e-01, 1.236016943390445821e-01, 2.682124044461414170e-01, 3.950870516034878932e-01
2.130423239056737916e-01, 1.236173963334173259e-01, 2.682134111190155878e-01, 3.951268686418932252e-01
2.129858035710585906e-01, 1.236330993613004858e-01, 2.682144412663254873e-01, 3.951666558013153807e-01
2.129292886377604777e-01, 1.236488034180116269e-01, 2.682154948693857843e-01, 3.952064130748421666e-01
2.128727791360452426e-01, 1.236645084988694243e-01, 2.682165719095018219e-01, 3.952461404555834834e-01
2.128162750961644367e-01, 1.236802145991936774e-01, 2.682176723679701724e-01, 3.952858379366717134e-01
2.127597765483550396e-01, 1.236959217143053374e-01, 2.682187962260780267e-01, 3.953255055112614991e-01
2.127032835228398477e-01, 1.237116298395265629e-01, 2.682199434651039160e-01, 3.953651431725297427e-01
2.126467960498269472e-01, 1.237273389701804560e-01, 2.682211140663169902e-01, 3.954047509136755512e-01
2.125903141595102963e-01, 1.237430491015914513e-01, 2.682223080109777391e-01, 3.954443287279205133e-01
2.125338378820691987e-01, 1.237587602290849687e-01, 2.682235252803377712e-01, 3.954838766085081447e-01
2.124773672476685804e-01, 1.237744723479876352e-01, 2.682247658556395908e-01, 3.955233945487042768e-01
2.124209022864588514e-01, 1.237901854536271884e-01, 2.682260297181169317e-01, 3.955628825417970007e-01
2.123644430285759332e-01, 1.238058995413325314e-01, 2.682273168489949788e-01, 3.956023405810966675e-01
2.123079895041411203e-01, 1.238216146064336498e-01, 2.682286272294897578e-01, 3.956417686599355554e-01
2.122515417432613016e-01, 1.238373306442617366e-01, 2.682299608408088565e-01, 3.956811667716681469e-01
2.121950997760287672e-01, 1.238530476501490396e-01, 2.682313176641508701e-01, 3.957205349096712954e-01
2.121386636325210961e-01, 1.238687656194289444e-01, 2.682326976807061225e-01, 3.957598730673438370e-01
2.120822333428014905e-01, 1.238844845474360717e-01, 2.682341008716558894e-01, 3.957991812381064789e-01
2.120258089369182752e-01, 1.239002044295060417e-01, 2.682355272181732864e-01, 3.958384594154024105e-01
2.119693904449053701e-01, 1.239159252609756817e-01, 2.682369767014223250e-01, 3.958777075926965816e-01
2.119129778967818734e-01, 1.239316470371830126e-01, 2.682384493025589123e-01, 3.959169257634762018e-01
2.118565713225522562e-01, 1.239473697534670682e-01, 2.682399450027302956e-01, 3.959561139212504632e-01
2.118001707522062793e-01, 1.239630934051680206e-01, 2.682414637830753401e-01, 3.959952720595503739e-01
2.117437762157192427e-01, 1.239788179876273044e-01, 2.682430056247242511e-01, 3.960344001719291462e-01
2.116873877430512363e-01, 1.239945434961874093e-01, 2.682445705087991850e-01, 3.960734982519621417e-01
2.116310053641479172e-01, 1.240102699261920044e-01, 2.682461584164136936e-01, 3.961125662932464264e-01
2.115746291089401487e-01, 1.240259972729857579e-01, 2.682477693286730580e-01, 3.961516042894009382e-01
2.115182590073440838e-01, 1.240417255319146428e-01, 2.682494032266742878e-01, 3.961906122340670411e-01
2.114618950892608318e-01, 1.240574546983256587e-01, 2.682510600915060106e-01, 3.962295901209074156e-01
2.114055373845768471e-01, 1.240731847675670685e-01, 2.682527399042490823e-01, 3.962685379436071131e-01
2.113491859231637626e-01, 1.240889157349881200e-01, 2.682544426459754772e-01, 3.963074556958726680e-01
2.112928407348782234e-01, 1.241046475959392131e-01, 2.682561682977493422e-01, 3.963463433714330963e-01
2.112365018495622748e-01, 1.241203803457720800e-01, 2.682579168406269976e-01, 3.963852009640386198e-01
2.111801692970426692e-01, 1.241361139798393270e-01, 2.682596882556562701e-01, 3.964240284674616088e-01
2.111238431071316701e-01, 1.241518484934948652e-01, 2.682614825238769929e-01, 3.964628258754964163e-01
2.110675233096263315e-01, 1.241675838820936739e-01, 2.682632996263211722e-01, 3.965015931819589334e-01
2.110112099343087744e-01, 1.241833201409919540e-01, 2.682651395440125985e-01, 3.965403303806868118e-01
2.109549030109463819e-01, 1.241990572655469333e-01, 2.682670022579671243e-01, 3.965790374655396300e-01
2.108986025692912436e-01, 1.242147952511169773e-01, 2.682688877491928858e-01, 3.966177144303987823e-01
2.108423086390807388e-01, 1.242305340930617702e-01, 2.682707959986901369e-01, 3.966563612691672569e-01
2.107860212500371477e-01, 1.242462737867419259e-01, 2.682727269874509712e-01, 3.966949779757699690e-01
2.107297404318675960e-01, 1.242620143275192657e-01, 2.682746806964598218e-01, 3.967335645441532055e-01
2.106734662142643322e-01, 1.242777557107567765e-01, 2.682766571066935724e-01, 3.967721209682852912e-01
2.106171986269043950e-01, 1.242934979318185695e-01, 2.682786561991209462e-01, 3.968106472421560338e-01
2.105609376994499460e-01, 1.243092409860698938e-01, 2.682806779547032283e-01, 3.968491433597770013e-01
2.105046834615477702e-01, 1.243249848688771225e-01, 2.682827223543939321e-01, 3.968876093151812445e-01
2.104484359428296369e-01, 1.243407295756078362e-01, 2.682847893791389104e-01, 3.969260451024236303e-01
2.103921951729124384e-01, 1.243564751016306286e-01, 2.682868790098765777e-01, 3.969644507155804525e-01
2.103359611813975238e-01, 1.243722214423153283e-01, 2.682889912275373545e-01, 3.970028261487498211e-01
2.102797339978713098e-01, 1.243879685930329160e-01, 2.682911260130445563e-01, 3.970411713960511624e-01
2.102235136519050307e-01, 1.244037165491554686e-01, 2.682932833473137268e-01, 3.970794864516258293e-01
2.101673001730545720e-01, 1.244194653060561456e-01, 2.682954632112529714e-01, 3.971177713096362694e-01
2.101110935908608313e-01, 1.244352148591093554e-01, 2.682976655857630122e-01, 3.971560259642667456e-01
2.100548939348492461e-01, 1.244509652036906722e-01, 2.682998904517371330e-01, 3.971942504097229487e-01
2.099987012345300996e-01, 1.244667163351765860e-01, 2.683021377900612348e-01, 3.972324446402320519e-01
2.099425155193984094e-01, 1.244824682489450302e-01, 2.683044075816137242e-01, 3.972706086500427114e-01
2.098863368189340106e-01, 1.244982209403748680e-01, 2.683066998072658471e-01, 3.973087424334251772e-01
2.098301651626012232e-01, 1.245139744048461838e-01, 2.683090144478816885e-01, 3.973468459846708489e-01
2.097740005798491847e-01, 1.245297286377401308e-01, 2.683113514843178948e-01, 3.973849192980927203e-01
2.097178431001117116e-01, 1.245454836344391525e-01, 2.683137108974238960e-01, 3.974229623680252677e-01
2.096616927528072993e-01, 1.245612393903266502e-01, 2.683160926680418501e-01, 3.974609751888241727e-01
2.096055495673389002e-01, 1.245769959007872879e-01, 2.683184967770071427e-01, 3.974989577548667108e-01
2.095494135730942564e-01, 1.245927531612068262e-01, 2.683209232051476656e-01, 3.975369100605511408e-01
2.094932847994456782e-01, 1.246085111669722328e-01, 2.683233719332845379e-01, 3.975748321002976482e-01
2.094371632757501267e-01, 1.246242699134714749e-01, 2.683258429422313851e-01, 3.976127238685470688e-01
2.093810490313489092e-01, 1.246400293960938099e-01, 2.683283362127952820e-01, 3.976505853597619433e-01
2.093249420955681228e-01, 1.246557896102295504e-01, 2.683308517257760872e-01, 3.976884165684262396e-01
2.092688424977183215e-01, 1.246715505512701744e-01, 2.683333894619667759e-01, 3.977262174890447977e-01
2.092127502670944050e-01, 1.246873122146083118e-01, 2.683359494021533287e-01, 3.977639881161439406e-01
2.091566654329762298e-01, 1.247030745956376474e-01, 2.683385315271150096e-01, 3.978017284442710855e-01
2.091005880246277759e-01, 1.247188376897531981e-01, 2.683411358176240324e-01, 3.978394384679949103e-01
2.090445180712974527e-01, 1.247346014923509661e-01, 2.683437622544458945e-01, 3.978771181819056313e-01
2.089884556022184037e-01, 1.247503659988281055e-01, 2.683464108183393204e-01, 3.979147675806141149e-01
2.089324006466081740e-01, 1.247661312045829779e-01, 2.683490814900562627e-01, 3.979523866587525438e-01
2.088763532336682660e-01, 1.247818971050150549e-01, 2.683517742503420678e-01, 3.979899754109746390e-01
2.088203133925853883e-01, 1.247976636955249602e-01, 2.683544890799350879e-01, 3.980275338319546052e-01
2.087642811525299014e-01, 1.248134309715143719e-01, 2.683572259595674581e-01, 3.980650619163882964e-01
2.087082565426570946e-01, 1.248291989283862313e-01, 2.683599848699641521e-01, 3.981025596589923832e-01
2.086522395921064088e-01, 1.248449675615446175e-01, 2.683627657918440934e-01, 3.981400270545048525e-01
2.085962303300014364e-01, 1.248607368663946920e-01, 2.683655687059194328e-01, 3.981774640976845081e-01
2.085402287854504488e-01, 1.248765068383426713e-01, 2.683683935928957154e-01, 3.982148707833110812e-01
2.084842349875459522e-01, 1.248922774727962148e-01, 2.683712404334721024e-01, 3.982522471061857861e-01
2.084282489653644932e-01, 1.249080487651638011e-01, 2.683741092083412605e-01, 3.982895930611304314e-01
2.083722707479672698e-01, 1.249238207108551574e-01, 2.683769998981895277e-01, 3.983269086429880868e-01
2.083163003643995481e-01, 1.249395933052812463e-01, 2.683799124836965810e-01, 3.983641938466226384e-01
2.082603378436909125e-01, 1.249553665438541128e-01, 2.683828469455361576e-01, 3.984014486669188448e-01
2.082043832148551266e-01, 1.249711404219868566e-01, 2.683858032643752778e-01, 3.984386730987828362e-01
2.081484365068902720e-01, 1.249869149350938957e-01, 2.683887814208749667e-01, 3.984758671371408378e-01
2.080924977487786653e-01, 1.250026900785905504e-01, 2.683917813956896992e-01, 3.985130307769410019e-01
2.080365669694866915e-01, 1.250184658478935840e-01, 2.683948031694681213e-01, 3.985501640131516310e-01
2.079806441979651366e-01, 1.250342422384206620e-01, 2.683978467228522180e-01, 3.985872668407620112e-01
2.079247294631486609e-01, 1.250500192455906434e-01, 2.684009120364782008e-01, 3.986243392547825226e-01
2.078688227939562427e-01, 1.250657968648236362e-01, 2.684039990909758977e-01, 3.986613812502442511e-01
2.078129242192910398e-01, 1.250815750915408309e-01, 2.684071078669693078e-01, 3.986983928221989326e-01
2.077570337680403056e-01, 1.250973539211643892e-01, 2.684102383450759355e-01, 3.987353739657192864e-01
2.077011514690754734e-01, 1.251131333491179998e-01, 2.684133905059077341e-01, 3.987723246758988482e-01
2.076452773512518502e-01, 1.251289133708260726e-01, 2.684165643300703841e-01, 3.988092449478516932e-01
2.075894114434090609e-01, 1.251446939817145165e-01, 2.684197597981636263e-01, 3.988461347767129350e-01
2.075335537743706327e-01, 1.251604751772100177e-01, 2.684229768907812619e-01, 3.988829941576381155e-01
2.074777043729442438e-01, 1.251762569527408164e-01, 2.684262155885113743e-01, 3.989198230858035932e-01
2.074218632679216412e-01, 1.251920393037359580e-01, 2.684294758719358853e-01, 3.989566215564064877e-01
2.073660304880784733e-01, 1.252078222256258477e-01, 2.684327577216310545e-01, 3.989933895646646245e-01
2.073102060621745679e-01, 1.252236057138418623e-01, 2.684360611181673684e-01, 3.990301271058162014e-01
2.072543900189534605e-01, 1.252393897638166831e-01, 2.684393860421094846e-01, 3.990668341751204551e-01
2.071985823871430321e-01, 1.252551743709839627e-01, 2.684427324740161769e-01, 3.991035107678568283e-01
2.071427831954549270e-01, 1.252709595307787138e-01, 2.684461003944408342e-01, 3.991401568793255805e-01
2.070869924725847466e-01, 1.252867452386368652e-01, 2.684494897839307948e-01, 3.991767725048475657e-01
2.070312102472121052e-01, 1.253025314899956499e-01, 2.684529006230280679e-01, 3.992133576397642325e-01
2.069754365480004354e-01, 1.253183182802933282e-01, 2.684563328922689451e-01, 3.992499122794373467e-01
2.069196714035971552e-01, 1.253341056049694369e-01, 2.684597865721840004e-01, 3.992864364192494353e-01
2.068639148426335839e-01, 1.253498934594645675e-01, 2.684632616432984231e-01, 3.993229300546033422e-01
2.068081668937249429e-01, 1.253656818392203942e-01, 2.684667580861318514e-01, 3.993593931809228947e-01
2.067524275854702998e-01, 1.253814707396798400e-01, 2.684702758811984835e-01, 3.993958257936514600e-01
2.066966969464525128e-01, 1.253972601562869937e-01, 2.684738150090069109e-01, 3.994322278882535548e-01
2.066409750052384253e-01, 1.254130500844869156e-01, 2.684773754500604515e-01, 3.994685994602142909e-01
2.065852617903785327e-01, 1.254288405197260259e-01, 2.684809571848569831e-01, 3.995049405050384306e-01
2.065295573304072874e-01, 1.254446314574517718e-01, 2.684845601938891102e-01, 3.995412510182518306e-01
2.064738616538429883e-01, 1.254604228931127108e-01, 2.684881844576438858e-01, 3.995775309954003873e-01
2.064181747891875585e-01, 1.254762148221586215e-01, 2.684918299566032562e-01, 3.996137804320505915e-01
2.063624967649266839e-01, 1.254920072400403652e-01, 2.684954966712438940e-01, 3.996499993237889181e-01
2.063068276095300080e-01, 1.255078001422100242e-01, 2.684991845820372536e-01, 3.996861876662226587e-01
2.062511673514508814e-01, 1.255235935241207079e-01, 2.685028936694495161e-01, 3.997223454549788668e-01
2.061955160191261682e-01, 1.255393873812267469e-01, 2.685066239139418109e-01, 3.997584726857051907e-01
2.061398736409767174e-01, 1.255551817089836653e-01, 2.685103752959699386e-01, 3.997945693540696510e-01
2.060842402454070021e-01, 1.255709765028479585e-01, 2.685141477959848144e-01, 3.998306354557603637e-01
2.060286158608051199e-01, 1.255867717582773713e-01, 2.685179413944320248e-01, 3.998666709864854840e-01
2.059730005155427923e-01, 1.256025674707308692e-01, 2.685217560717524932e-01, 3.999026759419737620e-01
2.059173942379757538e-01, 1.256183636356685007e-01, 2.685255918083818694e-01, 3.999386503179739316e-01
2.058617970564430577e-01, 1.256341602485512854e-01, 2.685294485847506962e-01, 3.999745941102548219e-01
2.058062089992675203e-01, 1.256499573048416862e-01, 2.685333263812850757e-01, 4.000105073146058010e-01
2.057506300947554989e-01, 1.256657548000030267e-01, 2.685372251784056141e-01, 4.000463899268357770e-01
2.056950603711970860e-01, 1.256815527295000179e-01, 2.685411449565283659e-01, 4.000822419427746413e-01
2.056394998568659982e-01, 1.256973510887982870e-01, 2.685450856960643895e-01, 4.001180633582712143e-01
2.055839485800194377e-01, 1.257131498733648489e-01, 2.685490473774202469e-01, 4.001538541691955220e-01
2.055284065688981476e-01, 1.257289490786675790e-01, 2.685530299809972266e-01, 4.001896143714370191e-01
2.054728738517267450e-01, 1.257447487001756847e-01, 2.685570334871922316e-01, 4.002253439609053665e-01
2.054173504567129993e-01, 1.257605487333594840e-01, 2.685610578763972245e-01, 4.002610429335302089e-01
2.053618364120484707e-01, 1.257763491736904604e-01, 2.685651031289996715e-01, 4.002967112852614529e-01
2.053063317459081216e-01, 1.257921500166411244e-01, 2.685691692253821539e-01, 4.003323490120686001e-01
2.052508364864505108e-01, 1.258079512576852355e-01, 2.685732561459227563e-01, 4.003679561099414141e-01
2.051953506618177103e-01, 1.258237528922976911e-01, 2.685773638709950673e-01, 4.004035325748895313e-01
2.051398743001353331e-01, 1.258395549159544990e-01, 2.685814923809677901e-01, 4.004390784029424610e-01
2.050844074295121722e-01, 1.258553573241327217e-01, 2.685856416562053539e-01, 4.004745935901496412e-01
2.050289500780409779e-01, 1.258711601123106982e-01, 2.685898116770677468e-01, 4.005100781325804937e-01
2.049735022737974588e-01, 1.258869632759679891e-01, 2.685940024239102386e-01, 4.005455320263243135e-01
2.049180640448410862e-01, 1.259027668105849596e-01, 2.685982138770836025e-01, 4.005809552674903795e-01
2.048626354192146781e-01, 1.259185707116433628e-01, 2.686024460169345596e-01, 4.006163478522072885e-01
2.048072164249443716e-01, 1.259343749746262009e-01, 2.686066988238053344e-01, 4.006517097766240654e-01
2.047518070900399001e-01, 1.259501795950173086e-01, 2.686109722780335440e-01, 4.006870410369092750e-01
2.046964074424942881e-01, 1.259659845683019364e-01, 2.686152663599526424e-01, 4.007223416292510776e-01
2.046410175102839069e-01, 1.259817898899663058e-01, 2.686195810498918646e-01, 4.007576115498580061e-01
2.045856373213685853e-01, 1.259975955554978322e-01, 2.686239163281760600e-01, 4.007928507949576336e-01
2.045302669036913046e-01, 1.260134015603850688e-01, 2.686282721751260261e-01, 4.008280593607976283e-01
2.044749062851787536e-01, 1.260292079001177068e-01, 2.686326485710581746e-01, 4.008632372436454205e-01
2.044195554937406345e-01, 1.260450145701866032e-01, 2.686370454962848653e-01, 4.008983844397877583e-01
2.043642145572700797e-01, 1.260608215660837528e-01, 2.686414629311144053e-01, 4.009335009455318177e-01
2.043088835036436790e-01, 1.260766288833022331e-01, 2.686459008558507167e-01, 4.009685867572033713e-01
2.042535623607210082e-01, 1.260924365173362871e-01, 2.686503592507938354e-01, 4.010036418711487860e-01
2.041982511563451286e-01, 1.261082444636813515e-01, 2.686548380962398008e-01, 4.010386662837336913e-01
2.041429499183425589e-01, 1.261240527178339177e-01, 2.686593373724806555e-01, 4.010736599913429234e-01
2.040876586745226651e-01, 1.261398612752916981e-01, 2.686638570598041675e-01, 4.011086229903813027e-01
2.040323774526783540e-01, 1.261556701315534879e-01, 2.686683971384945524e-01, 4.011435552772735780e-01
2.039771062805857127e-01, 1.261714792821192754e-01, 2.686729575888318067e-01, 4.011784568484632052e-01
2.039218451860040360e-01, 1.261872887224900763e-01, 2.686775383910922077e-01, 4.012133277004136800e-01
2.038665941966758266e-01, 1.262030984481681550e-01, 2.686821395255480915e-01, 4.012481678296079268e-01
2.038113533403269062e-01, 1.262189084546569140e-01, 2.686867609724680195e-01, 4.012829772325481881e-01
2.037561226446661378e-01, 1.262347187374608104e-01, 2.686914027121166670e-01, 4.013177559057564681e-01
2.037009021373855366e-01, 1.262505292920854949e-01, 2.686960647247550460e-01, 4.013525038457738670e-01
2.036456918461606314e-01, 1.262663401140377839e-01, 2.687007469906403934e-01, 4.013872210491611359e-01
2.035904917986497975e-01, 1.262821511988255763e-01, 2.687054494900262269e-01, 4.014219075124985103e-01
2.035353020224945353e-01, 1.262979625419579366e-01, 2.687101722031624007e-01, 4.014565632323851552e-01
2.034801225453196638e-01, 1.263137741389450119e-01, 2.687149151102950495e-01, 4.014911882054402747e-01
2.034249533947330435e-01, 1.263295859852981984e-01, 2.687196781916668109e-01, 4.015257824283018917e-01
2.033697945983257427e-01, 1.263453980765299467e-01, 2.687244614275166588e-01, 4.015603458976277351e-01
2.033146461836717878e-01, 1.263612104081538734e-01, 2.687292647980800697e-01, 4.015948786100942414e-01
2.032595081783285240e-01, 1.263770229756847052e-01, 2.687340882835889677e-01, 4.016293805623978863e-01
2.032043806098359495e-01, 1.263928357746383901e-01, 2.687389318642717795e-01, 4.016638517512539086e-01
2.031492635057177143e-01, 1.264086488005318476e-01, 2.687437955203532680e-01, 4.016982921733971423e-01
2.030941568934801766e-01, 1.264244620488832738e-01, 2.687486792320553097e-01, 4.017327018255812954e-01
2.030390608006128195e-01, 1.264402755152119751e-01, 2.687535829795956732e-01, 4.017670807045795600e-01
2.029839752545881393e-01, 1.264560891950384236e-01, 2.687585067431892960e-01, 4.018014288071841689e-01
2.029289002828616462e-01, 1.264719030838840352e-01, 2.687634505030475074e-01, 4.018357461302067279e-01
2.028738359128722246e-01, 1.264877171772716968e-01, 2.687684142393784725e-01, 4.018700326704775505e-01
2.028187821720410788e-01, 1.265035314707251002e-01, 2.687733979323868594e-01, 4.019042884248468783e-01
2.027637390877730927e-01, 1.265193459597693526e-01, 2.687784015622743938e-01, 4.019385133901832163e-01
2.027087066874556642e-01, 1.265351606399304496e-01, 2.687834251092391935e-01, 4.019727075633746649e-01
2.026536849984595934e-01, 1.265509755067356912e-01, 2.687884685534764895e-01, 4.020068709413283092e-01
2.025986740481382220e-01, 1.265667905557134321e-01, 2.687935318751781266e-01, 4.020410035209701083e-01
2.025436738638282108e-01, 1.265826057823931927e-01, 2.687986150545331188e-01, 4.020751052992453944e-01
2.024886844728490121e-01, 1.265984211823056038e-01, 2.688037180717269825e-01, 4.021091762731183183e-01
2.024337059025029528e-01, 1.266142367509825173e-01, 2.688088409069425699e-01, 4.021432164395719600e-01
2.023787381800754293e-01, 1.266300524839567843e-01, 2.688139835403592914e-01, 4.021772257956086061e-01
2.023237813328346013e-01, 1.266458683767625049e-01, 2.688191459521538373e-01, 4.022112043382491953e-01
2.022688353880317258e-01, 1.266616844249348062e-01, 2.688243281224996784e-01, 4.022451520645338729e-01
2.022139003729008511e-01, 1.266775006240100365e-01, 2.688295300315675096e-01, 4.022790689715217138e-01
2.021589763146588725e-01, 1.266933169695256822e-01, 2.688347516595250286e-01, 4.023129550562903889e-01
2.021040632405057824e-01, 1.267091334570203121e-01, 2.688399929865370463e-01, 4.023468103159369424e-01
2.020491611776240870e-01, 1.267249500820336050e-01, 2.688452539927655982e-01, 4.023806347475767375e-01
2.019942701531795004e-01, 1.267407668401065446e-01, 2.688505346583696665e-01, 4.024144283483443996e-01
2.019393901943202785e-01, 1.267565837267809470e-01, 2.688558349635055134e-01, 4.024481911153932057e-01
2.018845213281779405e-01, 1.267724007376000439e-01, 2.688611548883267366e-01, 4.024819230458952513e-01
2.018296635818664364e-01, 1.267882178681080663e-01, 2.688664944129841028e-01, 4.025156241370415056e-01
2.017748169824826465e-01, 1.268040351138503830e-01, 2.688718535176256030e-01, 4.025492943860414230e-01
2.017199815571063537e-01, 1.268198524703735008e-01, 2.688772321823965084e-01, 4.025829337901236094e-01
2.016651573328001046e-01, 1.268356699332250925e-01, 2.688826303874396473e-01, 4.026165423465351556e-01
2.016103443366091819e-01, 1.268514874979539686e-01, 2.688880481128950173e-01, 4.026501200525418600e-01
2.015555425955617153e-01, 1.268673051601099944e-01, 2.688934853389000068e-01, 4.026836669054282836e-01
2.015007521366686538e-01, 1.268831229152442286e-01, 2.688989420455895063e-01, 4.027171829024976391e-01
2.014459729869235438e-01, 1.268989407589088680e-01, 2.689044182130959082e-01, 4.027506680410716244e-01
2.013912051733028619e-01, 1.269147586866571920e-01, 2.689099138215489959e-01, 4.027841223184908670e-01
2.013364487227657096e-01, 1.269305766940436453e-01, 2.689154288510761104e-01, 4.028175457321144237e-01
2.012817036622540356e-01, 1.269463947766238110e-01, 2.689209632818019835e-01, 4.028509382793201143e-01
2.012269700186924970e-01, 1.269622129299543545e-01, 2.689265170938492377e-01, 4.028842999575039108e-01
2.011722478189883478e-01, 1.269780311495931069e-01, 2.689320902673377756e-01, 4.029176307640807142e-01
2.011175370900317727e-01, 1.269938494310990929e-01, 2.689376827823852789e-01, 4.029509306964838555e-01
2.010628378586953868e-01, 1.270096677700323085e-01, 2.689432946191070983e-01, 4.029841997521652064e-01
2.010081501518347080e-01, 1.270254861619540543e-01, 2.689489257576162529e-01, 4.030174379285950126e-01
2.009534739962878513e-01, 1.270413046024266301e-01, 2.689545761780234301e-01, 4.030506452232621162e-01
2.008988094188756401e-01, 1.270571230870134738e-01, 2.689602458604370971e-01, 4.030838216336737889e-01
2.008441564464015505e-01, 1.270729416112792720e-01, 2.689659347849635562e-01, 4.031169671573556768e-01
2.007895151056516836e-01, 1.270887601707896830e-01, 2.689716429317067226e-01, 4.031500817918518553e-01
2.007348854233949043e-01, 1.271045787611116140e-01, 2.689773702807686240e-01, 4.031831655347248855e-01
2.006802674263825081e-01, 1.271203973778130270e-01, 2.689831168122488458e-01, 4.032162183835555358e-01
2.006256611413486657e-01, 1.271362160164630772e-01, 2.689888825062451971e-01, 4.032492403359430044e-01
2.005710665950099503e-01, 1.271520346726320028e-01, 2.689946673428530999e-01, 4.032822313895050304e-01
2.005164838140656713e-01, 1.271678533418910961e-01, 2.690004713021660887e-01, 4.033151915418771161e-01
2.004619128251977911e-01, 1.271836720198129267e-01, 2.690062943642755333e-01, 4.033481207907138044e-01
2.004073536550707579e-01, 1.271994907019711185e-01, 2.690121365092709715e-01, 4.033810191336871798e-01
2.003528063303316176e-01, 1.272153093839404059e-01, 2.690179977172398873e-01, 4.034138865684880892e-01
2.002982708776100684e-01, 1.272311280612966611e-01, 2.690238779682678771e-01, 4.034467230928253656e-01
2.002437473235183785e-01, 1.272469467296169499e-01, 2.690297772424385392e-01, 4.034795287044262158e-01
2.001892356946513019e-01, 1.272627653844792817e-01, 2.690356955198336397e-01, 4.035123034010359433e-01
2.001347360175861068e-01, 1.272785840214629982e-01, 2.690416327805331131e-01, 4.035450471804178374e-01
2.000802483188827419e-01, 1.272944026361484404e-01, 2.690475890046150065e-01, 4.035777600403537835e-01
2.000257726250837254e-01, 1.273102212241171982e-01, 2.690535641721557014e-01, 4.036104419786434305e-01
1.999713089627139229e-01, 1.273260397809518052e-01, 2.690595582632295812e-01, 4.036430929931046907e-01
1.999168573582808806e-01, 1.273418583022360162e-01, 2.690655712579095860e-01, 4.036757130815735728e-01
1.998624178382746308e-01, 1.273576767835547519e-01, 2.690716031362666016e-01, 4.037083022419041267e-01
1.998079904291674425e-01, 1.273734952204939874e-01, 2.690776538783701821e-01, 4.037408604719683880e-01
1.997535751574147089e-01, 1.273893136086408640e-01, 2.690837234642879383e-01, 4.037733877696565443e-01
1.996991720494536438e-01, 1.274051319435836882e-01, 2.690898118740859268e-01, 4.038058841328767690e-01
1.996447811317042798e-01, 1.274209502209117384e-01, 2.690959190878288165e-01, 4.038383495595551653e-01
1.995904024305691082e-01, 1.274367684362155140e-01, 2.691020450855793889e-01, 4.038707840476360444e-01
1.995360359724329957e-01, 1.274525865850867079e-01, 2.691081898473990930e-01, 4.039031875950810369e-01
1.994816817836634060e-01, 1.274684046631180123e-01, 2.691143533533478238e-01, 4.039355601998707579e-01
1.994273398906101502e-01, 1.274842226659032851e-01, 2.691205355834839219e-01, 4.039679018600026428e-01
1.993730103196053871e-01, 1.275000405890375499e-01, 2.691267365178642845e-01, 4.040002125734927230e-01
1.993186930969639836e-01, 1.275158584281168295e-01, 2.691329561365444767e-01, 4.040324923383746270e-01
1.992643882489830431e-01, 1.275316761787384512e-01, 2.691391944195785646e-01, 4.040647411526999688e-01
1.992100958019420442e-01, 1.275474938365006861e-01, 2.691454513470192822e-01, 4.040969590145379597e-01
1.991558157821029795e-01, 1.275633113970030263e-01, 2.691517268989178646e-01, 4.041291459219760185e-01
1.991015482157103555e-01, 1.275791288558460745e-01, 2.691580210553244923e-01, 4.041613018731190499e-01
1.990472931289908320e-01, 1.275949462086315711e-01, 2.691643337962879023e-01, 4.041934268660896667e-01
1.989930505481535272e-01, 1.276107634509622557e-01, 2.691706651018556662e-01, 4.042255208990284676e-01
1.989388204993901565e-01, 1.276265805784421448e-01, 2.691770149520739119e-01, 4.042575839700938145e-01
1.988846030088745609e-01, 1.276423975866762817e-01, 2.691833833269876575e-01, 4.042896160774615000e-01
1.988303981027629286e-01, 1.276582144712708755e-01, 2.691897702066409215e-01, 4.043216172193253577e-01
1.987762058071941285e-01, 1.276740312278331901e-01, 2.691961755710763349e-01, 4.043535873938964298e-01
1.987220261482890160e-01, 1.276898478519716829e-01, 2.692025994003354183e-01, 4.043855265994038550e-01
1.986678591521510162e-01, 1.277056643392958657e-01, 2.692090416744587489e-01, 4.044174348340943137e-01
1.986137048448659292e-01, 1.277214806854164164e-01, 2.692155023734858488e-01, 4.044493120962318056e-01
1.985595632525016530e-01, 1.277372968859451230e-01, 2.692219814774549080e-01, 4.044811583840983160e-01
1.985054344011085437e-01, 1.277531129364948559e-01, 2.692284789664033950e-01, 4.045129736959932054e-01
1.984513183167194161e-01, 1.277689288326796790e-01, 2.692349948203677235e-01, 4.045447580302333201e-01
1.983972150253491551e-01, 1.277847445701145723e-01, 2.692415290193831967e-01, 4.045765113851531036e-01
1.983431245529951037e-01, 1.278005601444159312e-01, 2.692480815434843411e-01, 4.046082337591045963e-01
1.982890469256368138e-01, 1.278163755512010391e-01, 2.692546523727047392e-01, 4.046399251504572692e-01
1.982349821692363234e-01, 1.278321907860884010e-01, 2.692612414870771409e-01, 4.046715855575980236e-01
1.981809303097376573e-01, 1.278480058446976875e-01, 2.692678488666333525e-01, 4.047032149789313027e-01
1.981268913730673542e-01, 1.278638207226493739e-01, 2.692744744914043475e-01, 4.047348134128788133e-01
1.980728653851341892e-01, 1.278796354155654902e-01, 2.692811183414204335e-01, 4.047663808578798039e-01
1.980188523718290350e-01, 1.278954499190688709e-01, 2.692877803967111405e-01, 4.047979173123910090e-01
1.979648523590252229e-01, 1.279112642287835444e-01, 2.692944606373049998e-01, 4.048294227748862606e-01
1.979108653725782374e-01, 1.279270783403347878e-01, 2.693011590432301539e-01, 4.048608972438567655e-01
1.978568914383258270e-01, 1.279428922493487386e-01, 2.693078755945139124e-01, 4.048923407178114942e-01
1.978029305820880879e-01, 1.279587059514528669e-01, 2.693146102711828638e-01, 4.049237531952762370e-01
1.977489828296671581e-01, 1.279745194422756971e-01, 2.693213630532630409e-01, 4.049551346747942704e-01
1.976950482068474679e-01, 1.279903327174466976e-01, 2.693281339207798664e-01, 4.049864851549258571e-01
1.976411267393957394e-01, 1.280061457725967800e-01, 2.693349228537582074e-01, 4.050178046342493565e-01
1.975872184530608200e-01, 1.280219586033575774e-01, 2.693417298322223208e-01, 4.050490931113592818e-01
1.975333233735739324e-01, 1.280377712053622219e-01, 2.693485548361960746e-01, 4.050803505848679098e-01
1.974794415266482583e-01, 1.280535835742446504e-01, 2.693553978457025044e-01, 4.051115770534046701e-01
1.974255729379792712e-01, 1.280693957056401044e-01, 2.693622588407645901e-01, 4.051427725156160342e-01
1.973717176332447643e-01, 1.280852075951847968e-01, 2.693691378014045346e-01, 4.051739369701659044e-01
1.973178756381044896e-01, 1.281010192385161894e-01, 2.693760347076443740e-01, 4.052050704157348360e-01
1.972640469782006578e-01, 1.281168306312726601e-01, 2.693829495395055895e-01, 4.052361728510210370e-01
1.972102316791572996e-01, 1.281326417690939745e-01, 2.693898822770094403e-01, 4.052672442747393133e-01
1.971564297665808763e-01, 1.281484526476207031e-01, 2.693968329001766304e-01, 4.052982846856216792e-01
1.971026412660600302e-01, 1.281642632624947764e-01, 2.694038013890277528e-01, 4.053292940824174684e-01
1.970488662031652516e-01, 1.281800736093590964e-01, 2.694107877235829562e-01, 4.053602724638926680e-01
1.969951046034495445e-01, 1.281958836838576754e-01, 2.694177918838623342e-01, 4.053912198288304736e-01
1.969413564924478999e-01, 1.282116934816356635e-01, 2.694248138498854805e-01, 4.054221361760309561e-01
1.968876218956773505e-01, 1.282275029983393211e-01, 2.694318536016721555e-01, 4.054530215043112840e-01
1.968339008386371658e-01, 1.282433122296160466e-01, 2.694389111192414532e-01, 4.054838758125053344e-01
1.967801933468087960e-01, 1.282591211711142654e-01, 2.694459863826127455e-01, 4.055146990994642486e-01
1.967264994456556226e-01, 1.282749298184835685e-01, 2.694530793718050710e-01, 4.055454913640556547e-01
1.966728191606234022e-01, 1.282907381673746572e-01, 2.694601900668374683e-01, 4.055762526051644445e-01
1.966191525171397947e-01, 1.283065462134392598e-01, 2.694673184477287542e-01, 4.056069828216921636e-01
1.965654995406145578e-01, 1.283223539523303258e-01, 2.694744644944978562e-01, 4.056376820125572880e-01
1.965118602564396577e-01, 1.283381613797018039e-01, 2.694816281871635910e-01, 4.056683501766949473e-01
1.964582346899892418e-01, 1.283539684912088641e-01, 2.694888095057447197e-01, 4.056989873130571467e-01
1.964046228666191107e-01, 1.283697752825075644e-01, 2.694960084302602810e-01, 4.057295934206129884e-01
1.963510248116677182e-01, 1.283855817492554063e-01, 2.695032249407291469e-01, 4.057601684983477286e-01
1.962974405504551989e-01, 1.284013878871106962e-01, 2.695104590171703562e-01, 4.057907125452638319e-01
1.962438701082839521e-01, 1.284171936917329337e-01, 2.695177106396029476e-01, 4.058212255603803054e-01
1.961903135104382523e-01, 1.284329991587827013e-01, 2.695249797880462928e-01, 4.058517075427328091e-01
1.961367707821846385e-01, 1.284488042839218580e-01, 2.695322664425197079e-01, 4.058821584913738234e-01
1.960832419487715528e-01, 1.284646090628130954e-01, 2.695395705830429534e-01, 4.059125784053723707e-01
1.960297270354296462e-01, 1.284804134911203544e-01, 2.695468921896357894e-01, 4.059429672838142378e-01
1.959762260673715006e-01, 1.284962175645087135e-01, 2.695542312423182540e-01, 4.059733251258015874e-01
1.959227390697916849e-01, 1.285120212786442229e-01, 2.695615877211108291e-01, 4.060036519304533464e-01
1.958692660678669484e-01, 1.285278246291941540e-01, 2.695689616060339966e-01, 4.060339476969049288e-01
1.958158070867559719e-01, 1.285436276118268051e-01, 2.695763528771086825e-01, 4.060642124243084572e-01
1.957623621515994505e-01, 1.285594302222116403e-01, 2.695837615143563681e-01, 4.060944461118324855e-01
1.957089312875202047e-01, 1.285752324560191229e-01, 2.695911874977985900e-01, 4.061246487586620546e-01
1.956555145196230139e-01, 1.285910343089209096e-01, 2.695986308074574400e-01, 4.061548203639985810e-01
1.956021118729945607e-01, 1.286068357765897119e-01, 2.696060914233554540e-01, 4.061849609270602457e-01
1.955487233727037366e-01, 1.286226368546993515e-01, 2.696135693255153898e-01, 4.062150704470815499e-01
1.954953490438011976e-01, 1.286384375389246770e-01, 2.696210644939608381e-01, 4.062451489233132040e-01
1.954419889113198916e-01, 1.286542378249417862e-01, 2.696285769087156670e-01, 4.062751963550226275e-01
1.953886430002744479e-01, 1.286700377084277758e-01, 2.696361065498041887e-01, 4.063052127414936154e-01
1.953353113356617599e-01, 1.286858371850607696e-01, 2.696436533972514371e-01, 4.063351980820260612e-01
1.952819939424604856e-01, 1.287016362505201683e-01, 2.696512174310829457e-01, 4.063651523759364559e-01
1.952286908456312697e-01, 1.287174349004862883e-01, 2.696587986313249696e-01, 4.063950756225573890e-01
1.951754020701169934e-01, 1.287332331306406674e-01, 2.696663969780042081e-01, 4.064249678212381589e-01
1.951221276408422467e-01, 1.287490309366658703e-01, 2.696740124511480263e-01, 4.064548289713438844e-01
1.950688675827135787e-01, 1.287648283142455718e-01, 2.696816450307846225e-01, 4.064846590722563380e-01
1.950156219206196639e-01, 1.287806252590645573e-01, 2.696892946969426386e-01, 4.065144581233730015e-01
1.949623906794311357e-01, 1.287964217668086664e-01, 2.696969614296518825e-01, 4.065442261241083988e-01
1.949091738840002530e-01, 1.288122178331649048e-01, 2.697046452089424395e-01, 4.065739630738923749e-01
1.948559715591617059e-01, 1.288280134538213051e-01, 2.697123460148455054e-01, 4.066036689721715391e-01
1.948027837297317821e-01, 1.288438086244669822e-01, 2.697200638273927753e-01, 4.066333438184085436e-01
1.947496104205087841e-01, 1.288596033407921893e-01, 2.697277986266169991e-01, 4.066629876120819165e-01
1.946964516562730840e-01, 1.288753975984882894e-01, 2.697355503925518705e-01, 4.066926003526867839e-01
1.946433074617868186e-01, 1.288911913932476450e-01, 2.697433191052316381e-01, 4.067221820397338705e-01
1.945901778617940558e-01, 1.289069847207638120e-01, 2.697511047446918275e-01, 4.067517326727503879e-01
1.945370628810208502e-01, 1.289227775767314010e-01, 2.697589072909684083e-01, 4.067812522512793683e-01
1.944839625441753261e-01, 1.289385699568460220e-01, 2.697667267240988487e-01, 4.068107407748797755e-01
1.944308768759471506e-01, 1.289543618568044780e-01, 2.697745630241212278e-01, 4.068401982431271158e-01
1.943778059010083104e-01, 1.289701532723047106e-01, 2.697824161710747903e-01, 4.068696246556121610e-01
1.943247496440124455e-01, 1.289859441990456601e-01, 2.697902861449997247e-01, 4.068990200119422251e-01
1.942717081295951276e-01, 1.290017346327272940e-01, 2.697981729259373296e-01, 4.069283843117402766e-01
1.942186813823738867e-01, 1.290175245690507733e-01, 2.698060764939300138e-01, 4.069577175546453263e-01
1.941656694269481565e-01, 1.290333140037183413e-01, 2.698139968290211299e-01, 4.069870197403123724e-01
1.941126722878991906e-01, 1.290491029324333516e-01, 2.698219339112553072e-01, 4.070162908684122338e-01
1.940596899897901462e-01, 1.290648913509001017e-01, 2.698298877206783408e-01, 4.070455309386315501e-01
1.940067225571661391e-01, 1.290806792548240822e-01, 2.698378582373369694e-01, 4.070747399506726705e-01
1.939537700145542443e-01, 1.290964666399119498e-01, 2.698458454412795970e-01, 4.071039179042542644e-01
1.939008323864630789e-01, 1.291122535018712769e-01, 2.698538493125553495e-01, 4.071330647991102669e-01
1.938479096973834415e-01, 1.291280398364107740e-01, 2.698618698312149067e-01, 4.071621806349907668e-01
1.937950019717879779e-01, 1.291438256392403172e-01, 2.698699069773102255e-01, 4.071912654116614516e-01
1.937421092341310436e-01, 1.291596109060708097e-01, 2.698779607308943729e-01, 4.072203191289038848e-01
1.936892315088490080e-01, 1.291753956326142094e-01, 2.698860310720217481e-01, 4.072493417865150622e-01
1.936363688203600053e-01, 1.291911798145835844e-01, 2.698941179807484159e-01, 4.072783333843080777e-01
1.935835211930641009e-01, 1.292069634476930851e-01, 2.699022214371314954e-01, 4.073072939221113464e-01
1.935306886513431801e-01, 1.292227465276580001e-01, 2.699103414212296048e-01, 4.073362233997692150e-01
1.934778712195608652e-01, 1.292385290501945616e-01, 2.699184779131028056e-01, 4.073651218171416288e-01
1.934250689220629593e-01, 1.292543110110202231e-01, 2.699266308928126024e-01, 4.073939891741042429e-01
1.933722817831767249e-01, 1.292700924058534373e-01, 2.699348003404218876e-01, 4.074228254705479224e-01
1.933195098272114942e-01, 1.292858732304137670e-01, 2.699429862359953303e-01, 4.074516307063794085e-01
1.932667530784584198e-01, 1.293016534804218576e-01, 2.699511885595987093e-01, 4.074804048815210411e-01
1.932140115611903353e-01, 1.293174331515994091e-01, 2.699594072912995801e-01, 4.075091479959105922e-01
1.931612852996621166e-01, 1.293332122396692041e-01, 2.699676424111670525e-01, 4.075378600495015435e-01
1.931085743181103764e-01, 1.293489907403551631e-01, 2.699758938992717350e-01, 4.075665410422626422e-01
1.930558786407535476e-01, 1.293647686493822335e-01, 2.699841617356860679e-01, 4.075951909741781232e-01
1.930031982917919109e-01, 1.293805459624764176e-01, 2.699924459004839350e-01, 4.076238098452477088e-01
1.929505332954074281e-01, 1.293963226753648554e-01, 2.700007463737409408e-01, 4.076523976554867201e-01
1.928978836757642146e-01, 1.294120987837756587e-01, 2.700090631355342996e-01, 4.076809544049257994e-01
1.928452494570077891e-01, 1.294278742834382157e-01, 2.700173961659432242e-01, 4.077094800936108543e-01
1.927926306632657960e-01, 1.294436491700826919e-01, 2.700257454450482597e-01, 4.077379747216032801e-01
1.927400273186475055e-01, 1.294594234394406407e-01, 2.700341109529320049e-01, 4.077664382889799044e-01
1.926874394472441743e-01, 1.294751970872445035e-01, 2.700424926696786687e-01, 4.077948707958326535e-01
1.926348670731286850e-01, 1.294909701092278320e-01, 2.700508905753744582e-01, 4.078232722422690526e-01
1.925823102203557124e-01, 1.295067425011252327e-01, 2.700593046501071903e-01, 4.078516426284118368e-01
1.925297689129620016e-01, 1.295225142586724776e-01, 2.700677348739667361e-01, 4.078799819543987293e-01
1.924772431749658119e-01, 1.295382853776063381e-01, 2.700761812270447981e-01, 4.079082902203831074e-01
1.924247330303672510e-01, 1.295540558536646125e-01, 2.700846436894347447e-01, 4.079365674265332808e-01
1.923722385031483573e-01, 1.295698256825862649e-01, 2.700931222412322752e-01, 4.079648135730330472e-01
1.923197596172728507e-01, 1.295855948601113417e-01, 2.701016168625348102e-01, 4.079930286600810252e-01
1.922672963966860771e-01, 1.296013633819808331e-01, 2.701101275334416574e-01, 4.080212126878913770e-01
1.922148488653156462e-01, 1.296171312439368672e-01, 2.701186542340543451e-01, 4.080493656566931970e-01
1.921624170470703774e-01, 1.296328984417227104e-01, 2.701271969444761778e-01, 4.080774875667307344e-01
1.921100009658412433e-01, 1.296486649710826278e-01, 2.701357556448127917e-01, 4.081055784182632817e-01
1.920576006455009255e-01, 1.296644308277619673e-01, 2.701443303151717101e-01, 4.081336382115653971e-01
1.920052161099038146e-01, 1.296801960075071591e-01, 2.701529209356624550e-01, 4.081616669469265157e-01
1.919528473828861492e-01, 1.296959605060656329e-01, 2.701615274863968241e-01, 4.081896646246513938e-01
1.919004944882657659e-01, 1.297117243191860669e-01, 2.701701499474887802e-01, 4.082176312450593314e-01
1.918481574498426545e-01, 1.297274874426178892e-01, 2.701787882990543399e-01, 4.082455668084851164e-01
1.917958362913980974e-01, 1.297432498721119709e-01, 2.701874425212116848e-01, 4.082734713152782469e-01
1.917435310366954193e-01, 1.297590116034200436e-01, 2.701961125940814390e-01, 4.083013447658031536e-01
1.916912417094796539e-01, 1.297747726322947548e-01, 2.702047984977861139e-01, 4.083291871604394219e-01
1.916389683334776550e-01, 1.297905329544901953e-01, 2.702135002124506635e-01, 4.083569984995814584e-01
1.915867109323980133e-01, 1.298062925657612332e-01, 2.702222177182023732e-01, 4.083847787836383247e-01
1.915344695299309175e-01, 1.298220514618638743e-01, 2.702309509951707489e-01, 4.084125280130344038e-01
1.914822441497486816e-01, 1.298378096385551794e-01, 2.702397000234876279e-01, 4.084402461882085666e-01
1.914300348155048570e-01, 1.298535670915933471e-01, 2.702484647832870679e-01, 4.084679333096147280e-01
1.913778415508352593e-01, 1.298693238167375197e-01, 2.702572452547057913e-01, 4.084955893777215685e-01
1.913256643793570522e-01, 1.298850798097480330e-01, 2.702660414178825743e-01, 4.085232143930123128e-01
1.912735033246693583e-01, 1.299008350663862221e-01, 2.702748532529589687e-01, 4.085508083559855619e-01
1.912213584103529818e-01, 1.299165895824143935e-01, 2.702836807400785801e-01, 4.085783712671540169e-01
1.911692296599706020e-01, 1.299323433535960748e-01, 2.702925238593878454e-01, 4.086059031270454778e-01
1.911171170970665523e-01, 1.299480963756957652e-01, 2.703013825910354773e-01, 4.086334039362022885e-01
1.910650207451668747e-01, 1.299638486444789909e-01, 2.703102569151725754e-01, 4.086608736951816145e-01
1.910129406277791819e-01, 1.299796001557124714e-01, 2.703191468119531815e-01, 4.086883124045552762e-01
1.909608767683933228e-01, 1.299953509051637868e-01, 2.703280522615333359e-01, 4.087157200649095823e-01
1.909088291904804113e-01, 1.300111008886018216e-01, 2.703369732440721873e-01, 4.087430966768456075e-01
1.908567979174934648e-01, 1.300268501017962375e-01, 2.703459097397311051e-01, 4.087704422409790816e-01
1.908047829728673206e-01, 1.300425985405180285e-01, 2.703548617286743450e-01, 4.087977567579402782e-01
1.907527843800184697e-01, 1.300583462005390767e-01, 2.703638291910686053e-01, 4.088250402283738483e-01
1.907008021623450289e-01, 1.300740930776323745e-01, 2.703728121070833601e-01, 4.088522926529393753e-01
1.906488363432270461e-01, 1.300898391675718579e-01, 2.703818104568906366e-01, 4.088795140323103205e-01
1.905968869460263060e-01, 1.301055844661327399e-01, 2.703908242206652934e-01, 4.089067043671756330e-01
1.905449539940860526e-01, 1.301213289690911490e-01, 2.703998533785850755e-01, 4.089338636582378061e-01
1.904930375107314611e-01, 1.301370726722242688e-01, 2.704088979108301705e-01, 4.089609919062140997e-01
1.904411375192695544e-01, 1.301528155713103374e-01, 2.704179577975836524e-01, 4.089880891118365391e-01
1.903892540429888147e-01, 1.301685576621286200e-01, 2.704270330190315375e-01, 4.090151552758510833e-01
1.903373871051594890e-01, 1.301842989404595752e-01, 2.704361235553623954e-01, 4.090421903990185126e-01
1.902855367290338939e-01, 1.302000394020845497e-01, 2.704452293867680157e-01, 4.090691944821134851e-01
1.902337029378455835e-01, 1.302157790427860562e-01, 2.704543504934426856e-01, 4.090961675259257024e-01
1.901818857548100705e-01, 1.302315178583476341e-01, 2.704634868555837457e-01, 4.091231095312586330e-01
1.901300852031246602e-01, 1.302472558445537387e-01, 2.704726384533914785e-01, 4.091500204989301781e-01
1.900783013059682003e-01, 1.302629929971901024e-01, 2.704818052670691642e-01, 4.091769004297725609e-01
1.900265340865014418e-01, 1.302787293120433176e-01, 2.704909872768226364e-01, 4.092037493246326041e-01
1.899747835678666785e-01, 1.302944647849011706e-01, 2.705001844628613372e-01, 4.092305671843707304e-01
1.899230497731880518e-01, 1.303101994115524465e-01, 2.705093968053971509e-01, 4.092573540098624063e-01
1.898713327255713845e-01, 1.303259331877868188e-01, 2.705186242846453482e-01, 4.092841098019964208e-01
1.898196324481042918e-01, 1.303416661093952933e-01, 2.705278668808240861e-01, 4.093108345616764399e-01
1.897679489638557093e-01, 1.303573981721697084e-01, 2.705371245741544639e-01, 4.093375282898200629e-01
1.897162822958770034e-01, 1.303731293719030404e-01, 2.705463973448609671e-01, 4.093641909873590445e-01
1.896646324672005279e-01, 1.303888597043892927e-01, 2.705556851731710788e-01, 4.093908226552390728e-01
1.896129995008409008e-01, 1.304045891654235234e-01, 2.705649880393152240e-01, 4.094174232944204350e-01
1.895613834197940328e-01, 1.304203177508018452e-01, 2.705743059235272696e-01, 4.094439929058769634e-01
1.895097842470378491e-01, 1.304360454563213700e-01, 2.705836388060439135e-01, 4.094705314905969229e-01
1.894582020055318450e-01, 1.304517722777802646e-01, 2.705929866671055173e-01, 4.094970390495824564e-01
1.894066367182173083e-01, 1.304674982109777504e-01, 2.706023494869551627e-01, 4.095235155838497509e-01
1.893550884080171248e-01, 1.304832232517141866e-01, 2.706117272458395395e-01, 4.095499610944291491e-01
1.893035570978360282e-01, 1.304989473957908208e-01, 2.706211199240084464e-01, 4.095763755823647601e-01
1.892520428105603503e-01, 1.305146706390100109e-01, 2.706305275017149015e-01, 4.096027590487147929e-01
1.892005455690581317e-01, 1.305303929771751137e-01, 2.706399499592154756e-01, 4.096291114945512235e-01
1.891490653961792889e-01, 1.305461144060906520e-01, 2.706493872767698483e-01, 4.096554329209602940e-01
1.890976023147552254e-01, 1.305618349215620366e-01, 2.706588394346410298e-01, 4.096817233290417359e-01
1.890461563475991646e-01, 1.305775545193957887e-01, 2.706683064130954719e-01, 4.097079827199095470e-01
1.889947275175061225e-01, 1.305932731953995118e-01, 2.706777881924031792e-01, 4.097342110946912697e-01
1.889433158472526020e-01, 1.306089909453817810e-01, 2.706872847528371540e-01, 4.097604084545283798e-01
1.888919213595970370e-01, 1.306247077651522259e-01, 2.706967960746742841e-01, 4.097865748005764530e-01
1.888405440772794597e-01, 1.306404236505215311e-01, 2.707063221381946772e-01, 4.098127101340043321e-01
1.887891840230216667e-01, 1.306561385973013800e-01, 2.707158629236819380e-01, 4.098388144559950153e-01
1.887378412195271082e-01, 1.306718526013045667e-01, 2.707254184114232243e-01, 4.098648877677452118e-01
1.886865156894808326e-01, 1.306875656583447454e-01, 2.707349885817090240e-01, 4.098909300704653980e-01
1.886352074555500136e-01, 1.307032777642369026e-01, 2.707445734148337668e-01, 4.099169413653793725e-01
1.885839165403830064e-01, 1.307189889147968020e-01, 2.707541728910949352e-01, 4.099429216537252008e-01
1.885326429666102643e-01, 1.307346991058413732e-01, 2.707637869907940087e-01, 4.099688709367544370e-01
1.884813867568437828e-01, 1.307504083331884615e-01, 2.707734156942359083e-01, 4.099947892157319029e-01
1.884301479336772389e-01, 1.307661165926570779e-01, 2.707830589817290523e-01, 4.100206764919366309e-01
1.883789265196861296e-01, 1.307818238800672328e-01, 2.707927168335858004e-01, 4.100465327666608650e-01
1.883277225374275776e-01, 1.307975301912399080e-01, 2.708023892301219537e-01, 4.100723580412106717e-01
1.882765360094404983e-01, 1.308132355219971399e-01, 2.708120761516569774e-01, 4.100981523169052734e-01
1.882253669582454048e-01, 1.308289398681620197e-01, 2.708217775785142778e-01, 4.101239155950783255e-01
1.881742154063446026e-01, 1.308446432255586933e-01, 2.708314934910207583e-01, 4.101496478770759735e-01
1.881230813762220233e-01, 1.308603455900122781e-01, 2.708412238695071528e-01, 4.101753491642585736e-01
1.880719648903435848e-01, 1.308760469573489738e-01, 2.708509686943080252e-01, 4.102010194579994717e-01
1.880208659711564978e-01, 1.308917473233959239e-01, 2.708607279457616035e-01, 4.102266587596859471e-01
1.879697846410900430e-01, 1.309074466839814377e-01, 2.708705016042101121e-01, 4.102522670707185459e-01
1.879187209225549049e-01, 1.309231450349347126e-01, 2.708802896499992729e-01, 4.102778443925110818e-01
1.878676748379438377e-01, 1.309388423720860006e-01, 2.708900920634790266e-01, 4.103033907264910241e-01
1.878166464096310273e-01, 1.309545386912668030e-01, 2.708999088250031440e-01, 4.103289060740991090e-01
1.877656356599724519e-01, 1.309702339883092037e-01, 2.709097399149290042e-01, 4.103543904367892292e-01
1.877146426113058819e-01, 1.309859282590467855e-01, 2.709195853136182053e-01, 4.103798438160291551e-01
1.876636672859507415e-01, 1.310016214993137418e-01, 2.709294450014361755e-01, 4.104052662132992579e-01
1.876127097062081917e-01, 1.310173137049456538e-01, 2.709393189587521733e-01, 4.104306576300939535e-01
1.875617698943609912e-01, 1.310330048717788520e-01, 2.709492071659396761e-01, 4.104560180679205361e-01
1.875108478726738859e-01, 1.310486949956508607e-01, 2.709591096033760471e-01, 4.104813475282992896e-01
1.874599436633929694e-01, 1.310643840724000919e-01, 2.709690262514424797e-01, 4.105066460127643757e-01
1.874090572887465722e-01, 1.310800720978661515e-01, 2.709789570905245526e-01, 4.105319135228627792e-01
1.873581887709440952e-01, 1.310957590678894502e-01, 2.709889021010116750e-01, 4.105571500601547519e-01
1.873073381321773145e-01, 1.311114449783116753e-01, 2.709988612632972527e-01, 4.105823556262136464e-01
1.872565053946192437e-01, 1.311271298249752637e-01, 2.710088345577791880e-01, 4.106075302226263046e-01
1.872056905804248550e-01, 1.311428136037238734e-01, 2.710188219648591024e-01, 4.106326738509922247e-01
1.871548937117308020e-01, 1.311584963104021062e-01, 2.710288234649427808e-01, 4.106577865129242277e-01
1.871041148106553642e-01, 1.311741779408556186e-01, 2.710388390384405599e-01, 4.106828682100484573e-01
1.870533538992987799e-01, 1.311898584909309273e-01, 2.710488686657664958e-01, 4.107079189440037137e-01
1.870026109997428576e-01, 1.312055379564759372e-01, 2.710589123273389744e-01, 4.107329387164422863e-01
1.869518861340510041e-01, 1.312212163333390802e-01, 2.710689700035807670e-01, 4.107579275290291210e-01
1.869011793242686958e-01, 1.312368936173702039e-01, 2.710790416749188081e-01, 4.107828853834423199e-01
1.868504905924228410e-01, 1.312525698044199607e-01, 2.710891273217840292e-01, 4.108078122813731969e-01
1.867998199605222509e-01, 1.312682448903401411e-01, 2.710992269246121356e-01, 4.108327082245255002e-01
1.867491674505573074e-01, 1.312839188709833127e-01, 2.711093404638426629e-01, 4.108575732146166337e-01
1.866985330845003788e-01, 1.312995917422034586e-01, 2.711194679199198654e-01, 4.108824072533763250e-01
1.866479168843053205e-01, 1.313152634998552837e-01, 2.711296092732919938e-01, 4.109072103425474021e-01
1.865973188719079190e-01, 1.313309341397944918e-01, 2.711397645044117954e-01, 4.109319824838858493e-01
1.865467390692255867e-01, 1.313466036578779805e-01, 2.711499335937364030e-01, 4.109567236791601408e-01
1.864961774981573617e-01, 1.313622720499634799e-01, 2.711601165217275011e-01, 4.109814339301516295e-01
1.864456341805843242e-01, 1.313779393119098304e-01, 2.711703132688508822e-01, 4.110061132386549909e-01
1.863951091383692082e-01, 1.313936054395768993e-01, 2.711805238155770015e-01, 4.110307616064770020e-01
1.863446023933562901e-01, 1.314092704288254698e-01, 2.711907481423805888e-01, 4.110553790354377068e-01
1.862941139673717217e-01, 1.314249342755174632e-01, 2.712009862297410367e-01, 4.110799655273696951e-01
1.862436438822234197e-01, 1.314405969755156889e-01, 2.712112380581422899e-01, 4.111045210841186015e-01
1.861931921597011763e-01, 1.314562585246840387e-01, 2.712215036080726227e-01, 4.111290457075422178e-01
1.861427588215761875e-01, 1.314719189188874038e-01, 2.712317828600247505e-01, 4.111535393995116028e-01
1.860923438896018300e-01, 1.314875781539916189e-01, 2.712420757944963290e-01, 4.111780021619101944e-01
1.860419473855128847e-01, 1.315032362258636289e-01, 2.712523823919891219e-01, 4.112024339966343089e-01
1.859915693310261187e-01, 1.315188931303712672e-01, 2.712627026330098334e-01, 4.112268349055926975e-01
1.859412097478399251e-01, 1.315345488633835047e-01, 2.712730364980697750e-01, 4.112512048907067674e-01
1.858908686576344893e-01, 1.315502034207702009e-01, 2.712833839676846992e-01, 4.112755439539105828e-01
1.858405460820717614e-01, 1.315658567984022975e-01, 2.712937450223750768e-01, 4.112998520971508642e-01
1.857902420427954837e-01, 1.315815089921516523e-01, 2.713041196426660417e-01, 4.113241293223867667e-01
1.857399565614311909e-01, 1.315971599978912610e-01, 2.713145078090875573e-01, 4.113483756315900464e-01
1.856896896595860713e-01, 1.316128098114950351e-01, 2.713249095021740831e-01, 4.113725910267448382e-01
1.856394413588491610e-01, 1.316284584288378023e-01, 2.713353247024650194e-01, 4.113967755098480450e-01
1.855892116807913161e-01, 1.316441058457956115e-01, 2.713457533905042074e-01, 4.114209290829088927e-01
1.855390006469650188e-01, 1.316597520582453440e-01, 2.713561955468407061e-01, 4.114450517479490421e-01
1.854888082789045989e-01, 1.316753970620648528e-01, 2.713666511520280156e-01, 4.114691435070025327e-01
1.854386345981263173e-01, 1.316910408531331567e-01, 2.713771201866244098e-01, 4.114932043621161162e-01
1.853884796261279777e-01, 1.317066834273301623e-01, 2.713876026311932699e-01, 4.115172343153487011e-01
1.853383433843893147e-01, 1.317223247805367203e-01, 2.713980984663025287e-01, 4.115412333687713531e-01
1.852882258943717442e-01, 1.317379649086349025e-01, 2.714086076725252816e-01, 4.115652015244681272e-01
1.852381271775185578e-01, 1.317536038075074467e-01, 2.714191302304391762e-01, 4.115891387845348470e-01
1.851880472552547563e-01, 1.317692414730383954e-01, 2.714296661206269667e-01, 4.116130451510797705e-01
1.851379861489872991e-01, 1.317848779011126237e-01, 2.714402153236764037e-01, 4.116369206262237013e-01
1.850879438801046883e-01, 1.318005130876159503e-01, 2.714507778201799004e-01, 4.116607652120994332e-01
1.850379204699774682e-01, 1.318161470284354153e-01, 2.714613535907349218e-01, 4.116845789108521392e-01
1.849879159399576978e-01, 1.318317797194588081e-01, 2.714719426159442062e-01, 4.117083617246393157e-01
1.849379303113794781e-01, 1.318474111565751117e-01, 2.714825448764149884e-01, 4.117321136556305050e-01
1.848879636055585918e-01, 1.318630413356740860e-01, 2.714931603527598880e-01, 4.117558347060074619e-01
1.848380158437927523e-01, 1.318786702526467403e-01, 2.715037890255964093e-01, 4.117795248779641537e-01
1.847880870473612991e-01, 1.318942979033848328e-01, 2.715144308755471081e-01, 4.118031841737067600e-01
1.847381772375255304e-01, 1.319099242837812325e-01, 2.715250858832397030e-01, 4.118268125954535064e-01
1.846882864355285370e-01, 1.319255493897298348e-01, 2.715357540293068528e-01, 4.118504101454347754e-01
1.846384146625950629e-01, 1.319411732171254792e-01, 2.715464352943863791e-01, 4.118739768258929956e-01
1.845885619399319222e-01, 1.319567957618639764e-01, 2.715571296591213213e-01, 4.118975126390828634e-01
1.845387282887275271e-01, 1.319724170198420532e-01, 2.715678371041596595e-01, 4.119210175872707880e-01
1.844889137301522486e-01, 1.319880369869576020e-01, 2.715785576101548138e-01, 4.119444916727352801e-01
1.844391182853582500e-01, 1.320036556591094312e-01, 2.715892911577650892e-01, 4.119679348977672295e-01
1.843893419754794594e-01, 1.320192730321972929e-01, 2.716000377276541200e-01, 4.119913472646690722e-01
1.843395848216316524e-01, 1.320348891021219107e-01, 2.716107973004908693e-01, 4.120147287757555121e-01
1.842898468449126193e-01, 1.320505038647850349e-01, 2.716215698569492409e-01, 4.120380794333529662e-01
1.842401280664016927e-01, 1.320661173160895263e-01, 2.716323553777088007e-01, 4.120613992398000081e-01
1.841904285071602476e-01, 1.320817294519389673e-01, 2.716431538434539994e-01, 4.120846881974468690e-01
1.841407481882313679e-01, 1.320973402682381059e-01, 2.716539652348745615e-01, 4.121079463086558814e-01
1.840910871306401519e-01, 1.321129497608926062e-01, 2.716647895326660400e-01, 4.121311735758011463e-01
1.840414453553933238e-01, 1.321285579258091314e-01, 2.716756267175287620e-01, 4.121543700012687550e-01
1.839918228834797054e-01, 1.321441647588953994e-01, 2.716864767701684946e-01, 4.121775355874563451e-01
1.839422197358697719e-01, 1.321597702560599885e-01, 2.716973396712966116e-01, 4.122006703367736558e-01
1.838926359335159577e-01, 1.321753744132125041e-01, 2.717082154016296491e-01, 4.122237742516419168e-01
1.838430714973523505e-01, 1.321909772262636062e-01, 2.717191039418895837e-01, 4.122468473344944040e-01
1.837935264482953857e-01, 1.322065786911247598e-01, 2.717300052728038873e-01, 4.122698895877759395e-01
1.837440008072427633e-01, 1.322221788037086232e-01, 2.717409193751051943e-01, 4.122929010139434469e-01
1.836944945950744201e-01, 1.322377775599286598e-01, 2.717518462295319681e-01, 4.123158816154649520e-01
1.836450078326521407e-01, 1.322533749556993599e-01, 2.717627858168279453e-01, 4.123388313948204709e-01
1.835955405408194463e-01, 1.322689709869362962e-01, 2.717737381177423028e-01, 4.123617503545019547e-01
1.835460927404018450e-01, 1.322845656495558742e-01, 2.717847031130299351e-01, 4.123846384970124013e-01
1.834966644522066370e-01, 1.323001589394754984e-01, 2.717956807834507327e-01, 4.124074958248670764e-01
1.834472556970230817e-01, 1.323157508526136283e-01, 2.718066711097708588e-01, 4.124303223405924035e-01
1.833978664956223137e-01, 1.323313413848896392e-01, 2.718176740727615281e-01, 4.124531180467266300e-01
1.833484968687573158e-01, 1.323469305322238776e-01, 2.718286896531995067e-01, 4.124758829458193832e-01
1.832991468371629740e-01, 1.323625182905376896e-01, 2.718397178318675556e-01, 4.124986170404317809e-01
1.832498164215560776e-01, 1.323781046557534202e-01, 2.718507585895536538e-01, 4.125213203331368761e-01
1.832005056426353473e-01, 1.323936896237942751e-01, 2.718618119070516093e-01, 4.125439928265188239e-01
1.831512145210813791e-01, 1.324092731905845421e-01, 2.718728777651606143e-01, 4.125666345231734922e-01
1.831019430775566448e-01, 1.324248553520494531e-01, 2.718839561446860231e-01, 4.125892454257080177e-01
1.830526913327055472e-01, 1.324404361041151279e-01, 2.718950470264382413e-01, 4.126118255367410836e-01
1.830034593071545035e-01, 1.324560154427088243e-01, 2.719061503912338917e-01, 4.126343748589028082e-01
1.829542470215115291e-01, 1.324715933637586607e-01, 2.719172662198950374e-01, 4.126568933948347451e-01
1.829050544963670699e-01, 1.324871698631936434e-01, 2.719283944932495700e-01, 4.126793811471896611e-01
1.828558817522930036e-01, 1.325027449369439170e-01, 2.719395351921310433e-01, 4.127018381186320362e-01
1.828067288098434440e-01, 1.325183185809405140e-01, 2.719506882973787842e-01, 4.127242643118373411e-01
1.827575956895540477e-01, 1.325338907911154385e-01, 2.719618537898380595e-01, 4.127466597294924266e-01
1.827084824119430406e-01, 1.325494615634016382e-01, 2.719730316503596868e-01, 4.127690243742955234e-01
1.826593889975101359e-01, 1.325650308937330324e-01, 2.719842218598005346e-01, 4.127913582489564082e-01
1.826103154667370054e-01, 1.325805987780444284e-01, 2.719954243990231335e-01, 4.128136613561954049e-01
1.825612618400872800e-01, 1.325961652122719103e-01, 2.720066392488959539e-01, 4.128359336987448835e-01
1.825122281380067990e-01, 1.326117301923520342e-01, 2.720178663902931837e-01, 4.128581752793479831e-01
1.824632143809230000e-01, 1.326272937142228825e-01, 2.720291058040950616e-01, 4.128803861007590559e-01
1.824142205892453905e-01, 1.326428557738229264e-01, 2.720403574711878769e-01, 4.129025661657437785e-01
1.823652467833656310e-01, 1.326584163670920247e-01, 2.720516213724633592e-01, 4.129247154770789296e-01
1.823162929836570634e-01, 1.326739754899707857e-01, 2.720628974888196772e-01, 4.129468340375524460e-01
1.822673592104751550e-01, 1.326895331384008447e-01, 2.720741858011604952e-01, 4.129689218499635328e-01
1.822184454841573320e-01, 1.327050893083248084e-01, 2.720854862903957505e-01, 4.129909789171219980e-01
1.821695518250229240e-01, 1.327206439956862549e-01, 2.720967989374414309e-01, 4.130130052418493625e-01
1.821206782533733304e-01, 1.327361971964296783e-01, 2.721081237232191863e-01, 4.130350008269778606e-01
1.820718247894919373e-01, 1.327517489065004885e-01, 2.721194606286569395e-01, 4.130569656753506069e-01
1.820229914536439231e-01, 1.327672991218451226e-01, 2.721308096346886640e-01, 4.130788997898223180e-01
1.819741782660767582e-01, 1.327828478384109612e-01, 2.721421707222541064e-01, 4.131008031732582020e-01
1.819253852470196497e-01, 1.327983950521463563e-01, 2.721535438722994527e-01, 4.131226758285346246e-01
1.818766124166839304e-01, 1.328139407590006038e-01, 2.721649290657766618e-01, 4.131445177585387762e-01
1.818278597952629472e-01, 1.328294849549238599e-01, 2.721763262836441877e-01, 4.131663289661690608e-01
1.817791274029319504e-01, 1.328450276358674464e-01, 2.721877355068659243e-01, 4.131881094543345401e-01
1.817304152598483158e-01, 1.328605687977834349e-01, 2.721991567164127046e-01, 4.132098592259554892e-01
1.816817233861514613e-01, 1.328761084366248957e-01, 2.722105898932609125e-01, 4.132315782839626750e-01
1.816330518019625140e-01, 1.328916465483459541e-01, 2.722220350183933713e-01, 4.132532666312980218e-01
1.815844005273850592e-01, 1.329071831289015959e-01, 2.722334920727990659e-01, 4.132749242709141679e-01
1.815357695825044748e-01, 1.329227181742477781e-01, 2.722449610374730877e-01, 4.132965512057746871e-01
1.814871589873881808e-01, 1.329382516803413461e-01, 2.722564418934167452e-01, 4.133181474388537557e-01
1.814385687620855281e-01, 1.329537836431402276e-01, 2.722679346216376750e-01, 4.133397129731365416e-01
1.813899989266282708e-01, 1.329693140586031275e-01, 2.722794392031497313e-01, 4.133612478116188704e-01
1.813414495010298721e-01, 1.329848429226899442e-01, 2.722909556189729297e-01, 4.133827519573072262e-01
1.812929205052858372e-01, 1.330003702313612701e-01, 2.723024838501338363e-01, 4.134042254132190841e-01
1.812444119593739356e-01, 1.330158959805787522e-01, 2.723140238776649569e-01, 4.134256681823824109e-01
1.811959238832538122e-01, 1.330314201663049534e-01, 2.723255756826052365e-01, 4.134470802678359425e-01
1.811474562968672930e-01, 1.330469427845035191e-01, 2.723371392460001705e-01, 4.134684616726289619e-01
1.810990092201382740e-01, 1.330624638311388164e-01, 2.723487145489011940e-01, 4.134898123998216879e-01
1.810505826729726098e-01, 1.330779833021763503e-01, 2.723603015723665699e-01, 4.135111324524844978e-01
1.810021766752583083e-01, 1.330935011935824586e-01, 2.723719002974605008e-01, 4.135324218336987045e-01
1.809537912468653920e-01, 1.331090175013244226e-01, 2.723835107052539062e-01, 4.135536805465563348e-01
1.809054264076460639e-01, 1.331245322213705229e-01, 2.723951327768239228e-01, 4.135749085941594627e-01
1.808570821774345694e-01, 1.331400453496899283e-01, 2.724067664932541266e-01, 4.135961059796213202e-01
1.808087585760472515e-01, 1.331555568822528346e-01, 2.724184118356346440e-01, 4.136172727060652421e-01
1.807604556232824400e-01, 1.331710668150302423e-01, 2.724300687850619851e-01, 4.136384087766253881e-01
1.807121733389207563e-01, 1.331865751439942069e-01, 2.724417373226390438e-01, 4.136595141944459098e-01
1.806639117427249475e-01, 1.332020818651176719e-01, 2.724534174294754307e-01, 4.136805889626819499e-01
1.806156708544396083e-01, 1.332175869743744967e-01, 2.724651090866870295e-01, 4.137016330844988099e-01
1.805674506937916257e-01, 1.332330904677395678e-01, 2.724768122753962740e-01, 4.137226465630724492e-01
1.805192512804900673e-01, 1.332485923411886319e-01, 2.724885269767323703e-01, 4.137436294015889304e-01
1.804710726342259874e-01, 1.332640925906983798e-01, 2.725002531718307974e-01, 4.137645816032448631e-01
1.804229147746726769e-01, 1.332795912122464732e-01, 2.725119908418336401e-01, 4.137855031712472376e-01
1.803747777214854409e-01, 1.332950882018114347e-01, 2.725237399678896444e-01, 4.138063941088134801e-01
1.803266614943018764e-01, 1.333105835553728136e-01, 2.725355005311542178e-01, 4.138272544191712310e-01
1.802785661127416506e-01, 1.333260772689109919e-01, 2.725472725127891516e-01, 4.138480841055582893e-01
1.802304915964064724e-01, 1.333415693384074618e-01, 2.725590558939630648e-01, 4.138688831712229454e-01
1.801824379648804264e-01, 1.333570597598444096e-01, 2.725708506558511823e-01, 4.138896516194239261e-01
1.801344052377296390e-01, 1.333725485292051594e-01, 2.725826567796353905e-01, 4.139103894534298944e-01
1.800863934345023898e-01, 1.333880356424737845e-01, 2.725944742465041259e-01, 4.139310966765197830e-01
1.800384025747291672e-01, 1.334035210956354689e-01, 2.726063030376524865e-01, 4.139517732919828497e-01
1.799904326779224739e-01, 1.334190048846762566e-01, 2.726181431342826755e-01, 4.139724193031186217e-01
1.799424837635772989e-01, 1.334344870055830246e-01, 2.726299945176032247e-01, 4.139930347132365629e-01
1.798945558511705067e-01, 1.334499674543436765e-01, 2.726418571688293269e-01, 4.140136195256564067e-01
1.798466489601613927e-01, 1.334654462269470598e-01, 2.726537310691833915e-01, 4.140341737437081560e-01
1.797987631099913219e-01, 1.334809233193829658e-01, 2.726656161998941008e-01, 4.140546973707316392e-01
1.797508983200838684e-01, 1.334963987276419350e-01, 2.726775125421971313e-01, 4.140751904100770653e-01
1.797030546098447590e-01, 1.335118724477156182e-01, 2.726894200773349874e-01, 4.140956528651045243e-01
1.796552319986621793e-01, 1.335273444755966099e-01, 2.727013387865568905e-01, 4.141160847391842648e-01
1.796074305059061071e-01, 1.335428148072781984e-01, 2.727132686511191118e-01, 4.141364860356965827e-01
1.795596501509291176e-01, 1.335582834387548656e-01, 2.727252096522843616e-01, 4.141568567580316551e-01
1.795118909530658835e-01, 1.335737503660218983e-01, 2.727371617713224561e-01, 4.141771969095897066e-01
1.794641529316332584e-01, 1.335892155850754992e-01, 2.727491249895100944e-01, 4.141975064937811757e-01
1.794164361059303603e-01, 1.336046790919127314e-01, 2.727610992881308039e-01, 4.142177855140261045e-01
1.793687404952385156e-01, 1.336201408825317682e-01, 2.727730846484750504e-01, 4.142380339737546935e-01
1.793210661188214816e-01, 1.336356009529315048e-01, 2.727850810518400171e-01, 4.142582518764069133e-01
1.792734129959249467e-01, 1.336510592991119184e-01, 2.727970884795303252e-01, 4.142784392254328929e-01
1.792257811457772243e-01, 1.336665159170736250e-01, 2.728091069128568691e-01, 4.142985960242922538e-01
1.791781705875885311e-01, 1.336819708028186560e-01, 2.728211363331378703e-01, 4.143187222764548872e-01
1.791305813405516534e-01, 1.336974239523494035e-01, 2.728331767216986004e-01, 4.143388179854003428e-01
1.790830134238414473e-01, 1.337128753616696197e-01, 2.728452280598711588e-01, 4.143588831546178297e-01
1.790354668566150886e-01, 1.337283250267836399e-01, 2.728572903289946394e-01, 4.143789177876066043e-01
1.789879416580121840e-01, 1.337437729436969647e-01, 2.728693635104151860e-01, 4.143989218878756375e-01
1.789404378471544932e-01, 1.337592191084158444e-01, 2.728814475854860477e-01, 4.144188954589436147e-01
1.788929554431459013e-01, 1.337746635169475840e-01, 2.728935425355673572e-01, 4.144388385043391021e-01
1.788454944650730571e-01, 1.337901061653002932e-01, 2.729056483420265189e-01, 4.144587510276001585e-01
1.787980549320044299e-01, 1.338055470494830534e-01, 2.729177649862377653e-01, 4.144786330322746681e-01
1.787506368629911135e-01, 1.338209861655057786e-01, 2.729298924495826006e-01, 4.144984845219203962e-01
1.787032402770664941e-01, 1.338364235093794097e-01, 2.729420307134496904e-01, 4.145183055001044337e-01
1.786558651932461106e-01, 1.338518590771157202e-01, 2.729541797592344721e-01, 4.145380959704036417e-01
1.786085116305279330e-01, 1.338672928647274274e-01, 2.729663395683399885e-01, 4.145578559364047067e-01
1.785611796078922231e-01, 1.338827248682280813e-01, 2.729785101221759991e-01, 4.145775854017036965e-01
1.785138691443017289e-01, 1.338981550836323142e-01, 2.729906914021596465e-01, 4.145972843699062826e-01
1.784665802587013517e-01, 1.339135835069554803e-01, 2.730028833897152896e-01, 4.146169528446277397e-01
1.784193129700184510e-01, 1.339290101342139327e-01, 2.730150860662743928e-01, 4.146365908294932234e-01
1.783720672971627896e-01, 1.339444349614249408e-01, 2.730272994132755815e-01, 4.146561983281367159e-01
1.783248432590263111e-01, 1.339598579846066340e-01, 2.730395234121646419e-01, 4.146757753442024130e-01
1.782776408744834729e-01, 1.339752791997781134e-01, 2.730517580443948544e-01, 4.146953218813435593e-01
1.782304601623910800e-01, 1.339906986029593128e-01, 2.730640032914264936e-01, 4.147148379432231136e-01
1.781833011415883683e-01, 1.340061161901711095e-01, 2.730762591347271617e-01, 4.147343235335133604e-01
1.781361638308968653e-01, 1.340215319574352415e-01, 2.730885255557718438e-01, 4.147537786558960771e-01
1.780890482491205296e-01, 1.340369459007744180e-01, 2.731008025360426306e-01, 4.147732033140623664e-01
1.780419544150456668e-01, 1.340523580162123196e-01, 2.731130900570291065e-01, 4.147925975117128794e-01
1.779948823474411801e-01, 1.340677682997732656e-01, 2.731253881002279060e-01, 4.148119612525575928e-01
1.779478320650580703e-01, 1.340831767474826852e-01, 2.731376966471432133e-01, 4.148312945403159757e-01
1.779008035866301296e-01, 1.340985833553668960e-01, 2.731500156792866507e-01, 4.148505973787162682e-01
1.778537969308731648e-01, 1.341139881194531036e-01, 2.731623451781767242e-01, 4.148698697714969796e-01
1.778068121164857185e-01, 1.341293910357693187e-01, 2.731746851253399333e-01, 4.148891117224051128e-01
1.777598491621486532e-01, 1.341447921003446342e-01, 2.731870355023096053e-01, 4.149083232351971073e-01
1.777129080865252342e-01, 1.341601913092087817e-01, 2.731993962906268947e-01, 4.149275043136391727e-01
1.776659889082612132e-01, 1.341755886583926582e-01, 2.732117674718400058e-01, 4.149466549615061228e-01
1.776190916459849112e-01, 1.341909841439278828e-01, 2.732241490275048035e-01, 4.149657751825823748e-01
1.775722163183069968e-01, 1.342063777618470455e-01, 2.732365409391845912e-01, 4.149848649806613943e-01
1.775253629438204028e-01, 1.342217695081835693e-01, 2.732489431884499997e-01, 4.150039243595459171e-01
1.774785315411010478e-01, 1.342371593789718487e-01, 2.732613557568792650e-01, 4.150229533230479495e-01
1.774317221287065871e-01, 1.342525473702471106e-01, 2.732737786260578394e-01, 4.150419518749882686e-01
1.773849347251779673e-01, 1.342679334780456368e-01, 2.732862117775790578e-01, 4.150609200191972548e-01
1.773381693490381494e-01, 1.342833176984042920e-01, 2.732986551930434715e-01, 4.150798577595141703e-01
1.772914260187924973e-01, 1.342987000273610509e-01, 2.733111088540591260e-01, 4.150987650997873257e-01
1.772447047529292496e-01, 1.343140804609547767e-01, 2.733235727422417272e-01, 4.151176420438741910e-01
1.771980055699190204e-01, 1.343294589952251650e-01, 2.733360468392146414e-01, 4.151364885956411732e-01
1.771513284882146322e-01, 1.343448356262127719e-01, 2.733485311266085072e-01, 4.151553047589640610e-01
1.771046735262518657e-01, 1.343602103499591804e-01, 2.733610255860616789e-01, 4.151740905377272473e-01
1.770580407024488212e-01, 1.343755831625067232e-01, 2.733735301992202271e-01, 4.151928459358242840e-01
1.770114300352060577e-01, 1.343909540598986208e-01, 2.733860449477375498e-01, 4.152115709571577162e-01
1.769648415429068977e-01, 1.344063230381791763e-01, 2.733985698132748721e-01, 4.152302656056391372e-01
1.769182752439169004e-01, 1.344216900933932479e-01, 2.734111047775009684e-01, 4.152489298851888555e-01
1.768717311565845551e-01, 1.344370552215868875e-01, 2.734236498220921630e-01, 4.152675637997363944e-01
1.768252092992406155e-01, 1.344524184188068683e-01, 2.734362049287326069e-01, 4.152861673532199371e-01
1.767787096901985155e-01, 1.344677796811008519e-01, 2.734487700791139453e-01, 4.153047405495866595e-01
1.767322323477542034e-01, 1.344831390045174990e-01, 2.734613452549355950e-01, 4.153232833927926748e-01
1.766857772901862800e-01, 1.344984963851062199e-01, 2.734739304379047997e-01, 4.153417958868027560e-01
1.766393445357559155e-01, 1.345138518189173404e-01, 2.734865256097360753e-01, 4.153602780355906687e-01
1.765929341027067945e-01, 1.345292053020021583e-01, 2.734991307521521531e-01, 4.153787298431389496e-01
1.765465460092652261e-01, 1.345445568304127759e-01, 2.735117458468831475e-01, 4.153971513134389060e-01
1.765001802736402281e-01, 1.345599064002020728e-01, 2.735243708756671110e-01, 4.154155424504906158e-01
1.764538369140233320e-01, 1.345752540074240666e-01, 2.735370058202496457e-01, 4.154339032583029279e-01
1.764075159485887778e-01, 1.345905996481334410e-01, 2.735496506623843471e-01, 4.154522337408933508e-01
1.763612173954932361e-01, 1.346059433183857956e-01, 2.735623053838325269e-01, 4.154705339022883304e-01
1.763149412728762522e-01, 1.346212850142377015e-01, 2.735749699663632128e-01, 4.154888037465229167e-01
1.762686875988597746e-01, 1.346366247317465070e-01, 2.735876443917532042e-01, 4.155070432776404865e-01
1.762224563915485986e-01, 1.346519624669704207e-01, 2.736003286417871827e-01, 4.155252524996936869e-01
1.761762476690300894e-01, 1.346672982159687060e-01, 2.736130226982579350e-01, 4.155434314167432697e-01
1.761300614493741812e-01, 1.346826319748012368e-01, 2.736257265429654639e-01, 4.155615800328591458e-01
1.760838977506336556e-01, 1.346979637395289697e-01, 2.736384401577181547e-01, 4.155796983521192201e-01
1.760377565908436970e-01, 1.347132935062136383e-01, 2.736511635243322194e-01, 4.155977863786104454e-01
1.759916379880225312e-01, 1.347286212709178921e-01, 2.736638966246313642e-01, 4.156158441164282680e-01
1.759455419601708703e-01, 1.347439470297052688e-01, 2.736766394404475666e-01, 4.156338715696764052e-01
1.758994685252719403e-01, 1.347592707786400279e-01, 2.736893919536205755e-01, 4.156518687424674008e-01
1.758534177012920086e-01, 1.347745925137875389e-01, 2.737021541459981333e-01, 4.156698356389222915e-01
1.758073895061798841e-01, 1.347899122312138653e-01, 2.737149259994357542e-01, 4.156877722631704963e-01
1.757613839578669734e-01, 1.348052299269860144e-01, 2.737277074957969458e-01, 4.157056786193500941e-01
1.757154010742676409e-01, 1.348205455971717426e-01, 2.737404986169534316e-01, 4.157235547116071017e-01
1.756694408732788482e-01, 1.348358592378399445e-01, 2.737532993447844842e-01, 4.157414005440966953e-01
1.756235033727801820e-01, 1.348511708450601254e-01, 2.737661096611776479e-01, 4.157592161209820447e-01
1.755775885906341871e-01, 1.348664804149027063e-01, 2.737789295480282936e-01, 4.157770014464347574e-01
1.755316965446860611e-01, 1.348817879434390243e-01, 2.737917589872400637e-01, 4.157947565246348787e-01
1.754858272527636542e-01, 1.348970934267413324e-01, 2.738045979607240943e-01, 4.158124813597708358e-01
1.754399807326778304e-01, 1.349123968608826329e-01, 2.738174464504001815e-01, 4.158301759560393829e-01
1.753941570022218843e-01, 1.349276982419368720e-01, 2.738303044381956708e-01, 4.158478403176456006e-01
1.753483560791722351e-01, 1.349429975659788006e-01, 2.738431719060461234e-01, 4.158654744488028410e-01
1.753025779812877882e-01, 1.349582948290840578e-01, 2.738560488358953160e-01, 4.158830783537327824e-01
1.752568227263103240e-01, 1.349735900273292266e-01, 2.738689352096949636e-01, 4.159006520366654858e-01
1.752110903319645530e-01, 1.349888831567916114e-01, 2.738818310094047748e-01, 4.159181955018390608e-01
1.751653808159579773e-01, 1.350041742135494327e-01, 2.738947362169927291e-01, 4.159357087534999442e-01
1.751196941959806685e-01, 1.350194631936818546e-01, 2.739076508144347444e-01, 4.159531917959027325e-01
1.750740304897057120e-01, 1.350347500932687350e-01, 2.739205747837150651e-01, 4.159706446333104601e-01
1.750283897147890677e-01, 1.350500349083909868e-01, 2.739335081068259847e-01, 4.159880672699939885e-01
1.749827718888693762e-01, 1.350653176351301887e-01, 2.739464507657677905e-01, 4.160054597102327278e-01
1.749371770295680972e-01, 1.350805982695688634e-01, 2.739594027425491518e-01, 4.160228219583137488e-01
1.748916051544897043e-01, 1.350958768077904770e-01, 2.739723640191870091e-01, 4.160401540185328373e-01
1.748460562812215180e-01, 1.351111532458792175e-01, 2.739853345777059079e-01, 4.160574558951933288e-01
1.748005304273335669e-01, 1.351264275799200776e-01, 2.739983144001393311e-01, 4.160747275926069966e-01
1.747550276103787825e-01, 1.351416998059992713e-01, 2.740113034685284776e-01, 4.160919691150935518e-01
1.747095478478931097e-01, 1.351569699202032904e-01, 2.740243017649227619e-01, 4.161091804669808103e-01
1.746640911573951460e-01, 1.351722379186200140e-01, 2.740373092713802028e-01, 4.161263616526046372e-01
1.746186575563867249e-01, 1.351875037973378768e-01, 2.740503259699667016e-01, 4.161435126763088355e-01
1.745732470623521659e-01, 1.352027675524461459e-01, 2.740633518427564308e-01, 4.161606335424452574e-01
1.745278596927590242e-01, 1.352180291800352263e-01, 2.740763868718322227e-01, 4.161777242553735268e-01
1.744824954650575910e-01, 1.352332886761960506e-01, 2.740894310392846256e-01, 4.161947848194618715e-01
1.744371543966810323e-01, 1.352485460370205506e-01, 2.741024843272127365e-01, 4.162118152390856252e-01
1.743918365050457220e-01, 1.352638012586014349e-01, 2.741155467177242011e-01, 4.162288155186286143e-01
1.743465418075506868e-01, 1.352790543370324672e-01, 2.741286181929344368e-01, 4.162457856624824371e-01
1.743012703215779668e-01, 1.352943052684079939e-01, 2.741416987349676315e-01, 4.162627256750464633e-01
1.742560220644925328e-01, 1.353095540488233606e-01, 2.741547883259562446e-01, 4.162796355607280008e-01
1.742107970536424522e-01, 1.353248006743746346e-01, 2.741678869480406178e-01, 4.162965153239421845e-01
1.741655953063586948e-01, 1.353400451411589100e-01, 2.741809945833701412e-01, 4.163133649691122540e-01
1.741204168399550500e-01, 1.353552874452740584e-01, 2.741941112141021430e-01, 4.163301845006688318e-01
1.740752616717283763e-01, 1.353705275828186727e-01, 2.742072368224023338e-01, 4.163469739230505895e-01
1.740301298189587120e-01, 1.353857655498923174e-01, 2.742203713904449724e-01, 4.163637332407039704e-01
1.739850212989088318e-01, 1.354010013425954173e-01, 2.742335149004125894e-01, 4.163804624580831892e-01
1.739399361288246348e-01, 1.354162349570291468e-01, 2.742466673344963191e-01, 4.163971615796500103e-01
1.738948743259348950e-01, 1.354314663892955406e-01, 2.742598286748954006e-01, 4.164138306098741360e-01
1.738498359074515942e-01, 1.354466956354975493e-01, 2.742729989038177330e-01, 4.164304695532330403e-01
1.738048208905697833e-01, 1.354619226917389563e-01, 2.742861780034796526e-01, 4.164470784142116355e-01
1.737598292924672216e-01, 1.354771475541242109e-01, 2.742993659561057673e-01, 4.164636571973027723e-01
1.737148611303050150e-01, 1.354923702187589007e-01, 2.743125627439295111e-01, 4.164802059070065732e-01
1.736699164212270885e-01, 1.355075906817491127e-01, 2.743257683491923671e-01, 4.164967245478313207e-01
1.736249951823607418e-01, 1.355228089392020718e-01, 2.743389827541446446e-01, 4.165132131242926250e-01
1.735800974308159550e-01, 1.355380249872256970e-01, 2.743522059410448688e-01, 4.165296716409133682e-01
1.735352231836860826e-01, 1.355532388219287399e-01, 2.743654378921603909e-01, 4.165461001022249254e-01
1.734903724580474649e-01, 1.355684504394208123e-01, 2.743786785897667779e-01, 4.165624985127651114e-01
1.734455452709593448e-01, 1.355836598358123313e-01, 2.743919280161482011e-01, 4.165788668770801784e-01
1.734007416394642564e-01, 1.355988670072145463e-01, 2.744051861535975467e-01, 4.165952051997235395e-01
1.733559615805880250e-01, 1.356140719497397062e-01, 2.744184529844161946e-01, 4.166115134852560464e-01
1.733112051113391838e-01, 1.356292746595006427e-01, 2.744317284909138510e-01, 4.166277917382464335e-01
1.732664722487094466e-01, 1.356444751326111309e-01, 2.744450126554090486e-01, 4.166440399632703739e-01
1.732217630096740402e-01, 1.356596733651858344e-01, 2.744583054602288130e-01, 4.166602581649113124e-01
1.731770774111908717e-01, 1.356748693533401662e-01, 2.744716068877087189e-01, 4.166764463477601321e-01
1.731324154702013896e-01, 1.356900630931904272e-01, 2.744849169201931116e-01, 4.166926045164150993e-01
1.730877772036295836e-01, 1.357052545808536403e-01, 2.744982355400348295e-01, 4.167087326754818633e-01
1.730431626283834012e-01, 1.357204438124477996e-01, 2.745115627295952043e-01, 4.167248308295736225e-01
1.729985717613532759e-01, 1.357356307840916765e-01, 2.745248984712445606e-01, 4.167408989833105704e-01
1.729540046194132374e-01, 1.357508154919048193e-01, 2.745382427473614939e-01, 4.167569371413205048e-01
1.729094612194203018e-01, 1.357659979320076926e-01, 2.745515955403333153e-01, 4.167729453082387181e-01
1.728649415782147758e-01, 1.357811781005213991e-01, 2.745649568325563838e-01, 4.167889234887076078e-01
1.728204457126199522e-01, 1.357963559935681241e-01, 2.745783266064352746e-01, 4.168048716873766768e-01
1.727759736394426648e-01, 1.358115316072707190e-01, 2.745917048443834441e-01, 4.168207899089030888e-01
1.727315253754726776e-01, 1.358267049377529789e-01, 2.746050915288231198e-01, 4.168366781579512237e-01
1.726871009374831012e-01, 1.358418759811393095e-01, 2.746184866421850779e-01, 4.168525364391924559e-01
1.726427003422303097e-01, 1.358570447335551712e-01, 2.746318901669088652e-01, 4.168683647573055429e-01
1.725983236064537463e-01, 1.358722111911267183e-01, 2.746453020854429106e-01, 4.168841631169766249e-01
1.725539707468763673e-01, 1.358873753499809101e-01, 2.746587223802440803e-01, 4.168999315228986147e-01
1.725096417802041149e-01, 1.359025372062456216e-01, 2.746721510337782890e-01, 4.169156699797719190e-01
1.724653367231263057e-01, 1.359176967560495608e-01, 2.746855880285199447e-01, 4.169313784923041610e-01
1.724210555923156030e-01, 1.359328539955220738e-01, 2.746990333469525036e-01, 4.169470570652097363e-01
1.723767984044279056e-01, 1.359480089207935338e-01, 2.747124869715679707e-01, 4.169627057032106454e-01
1.723325651761022925e-01, 1.359631615279949801e-01, 2.747259488848672881e-01, 4.169783244110354947e-01
1.722883559239611617e-01, 1.359783118132583679e-01, 2.747394190693599469e-01, 4.169939131934204402e-01
1.722441706646103965e-01, 1.359934597727164296e-01, 2.747528975075647639e-01, 4.170094720551084100e-01
1.722000094146390325e-01, 1.360086054025027302e-01, 2.747663841820087716e-01, 4.170250010008494934e-01
1.721558721906194245e-01, 1.360237486987515843e-01, 2.747798790752282727e-01, 4.170405000354008296e-01
1.721117590091072180e-01, 1.360388896575982776e-01, 2.747933821697680634e-01, 4.170559691635265520e-01
1.720676698866415999e-01, 1.360540282751786789e-01, 2.748068934481821546e-01, 4.170714083899976221e-01
1.720236048397447981e-01, 1.360691645476297673e-01, 2.748204128930330503e-01, 4.170868177195923288e-01
1.719795638849228037e-01, 1.360842984710890213e-01, 2.748339404868924696e-01, 4.171021971570957332e-01
1.719355470386644269e-01, 1.360994300416949465e-01, 2.748474762123407356e-01, 4.171175467072997800e-01
1.718915543174424077e-01, 1.361145592555868256e-01, 2.748610200519671642e-01, 4.171328663750036858e-01
1.718475857377123883e-01, 1.361296861089046351e-01, 2.748745719883700644e-01, 4.171481561650128289e-01
1.718036413159138021e-01, 1.361448105977892953e-01, 2.748881320041563492e-01, 4.171634160821405812e-01
1.717597210684690678e-01, 1.361599327183825037e-01, 2.749017000819423129e-01, 4.171786461312061434e-01
1.717158250117844509e-01, 1.361750524668266515e-01, 2.749152762043526321e-01, 4.171938463170362099e-01
1.716719531622491468e-01, 1.361901698392651572e-01, 2.749288603540215314e-01, 4.172090166444641368e-01
1.716281055362362806e-01, 1.362052848318421050e-01, 2.749424525135915620e-01, 4.172241571183301079e-01
1.715842821501019355e-01, 1.362203974407023566e-01, 2.749560526657146564e-01, 4.172392677434811348e-01
1.715404830201859854e-01, 1.362355076619916061e-01, 2.749696607930515180e-01, 4.172543485247708905e-01
1.714967081628114842e-01, 1.362506154918565193e-01, 2.749832768782718984e-01, 4.172693994670600981e-01
1.714529575942851658e-01, 1.362657209264442615e-01, 2.749969009040545975e-01, 4.172844205752160307e-01
1.714092313308970550e-01, 1.362808239619030526e-01, 2.750105328530871862e-01, 4.172994118541127340e-01
1.713655293889207176e-01, 1.362959245943818065e-01, 2.750241727080663945e-01, 4.173143733086310814e-01
1.713218517846131772e-01, 1.363110228200302698e-01, 2.750378204516980563e-01, 4.173293049436584967e-01
1.712781985342149704e-01, 1.363261186349989940e-01, 2.750514760666968317e-01, 4.173442067640891762e-01
1.712345696539501472e-01, 1.363412120354393076e-01, 2.750651395357864293e-01, 4.173590787748241437e-01
1.711909651600261872e-01, 1.363563030175033164e-01, 2.750788108416997169e-01, 4.173739209807707518e-01
1.711473850686341391e-01, 1.363713915773440422e-01, 2.750924899671786661e-01, 4.173887333868431804e-01
1.711038293959486201e-01, 1.363864777111152005e-01, 2.751061768949739639e-01, 4.174035159979621601e-01
1.710602981581276216e-01, 1.364015614149713118e-01, 2.751198716078457340e-01, 4.174182688190553048e-01
1.710167913713128152e-01, 1.364166426850677016e-01, 2.751335740885629821e-01, 4.174329918550564456e-01
1.709733090516293574e-01, 1.364317215175605835e-01, 2.751472843199038731e-01, 4.174476851109061304e-01
1.709298512151860017e-01, 1.364467979086067817e-01, 2.751610022846557313e-01, 4.174623485915515686e-01
1.708864178780750698e-01, 1.364618718543641473e-01, 2.751747279656146516e-01, 4.174769823019461867e-01
1.708430090563723136e-01, 1.364769433509911145e-01, 2.751884613455862771e-01, 4.174915862470502947e-01
1.707996247661372480e-01, 1.364920123946470609e-01, 2.752022024073851325e-01, 4.175061604318305308e-01
1.707562650234129287e-01, 1.365070789814921137e-01, 2.752159511338347908e-01, 4.175207048612600835e-01
1.707129298442259802e-01, 1.365221431076870662e-01, 2.752297075077683175e-01, 4.175352195403187472e-01
1.706696192445866234e-01, 1.365372047693937663e-01, 2.752434715120274933e-01, 4.175497044739921448e-01
1.706263332404887034e-01, 1.365522639627746448e-01, 2.752572431294636468e-01, 4.175641596672731160e-01
1.705830718479097452e-01, 1.365673206839929377e-01, 2.752710223429368774e-01, 4.175785851251603842e-01
1.705398350828108422e-01, 1.365823749292127964e-01, 2.752848091353167215e-01, 4.175929808526596121e-01
1.704966229611368234e-01, 1.365974266945990945e-01, 2.752986034894819301e-01, 4.176073468547821244e-01
1.704534354988159750e-01, 1.366124759763174545e-01, 2.753124053883202471e-01, 4.176216831365463511e-01
1.704102727117604577e-01, 1.366275227705342765e-01, 2.753262148147287980e-01, 4.176359897029764956e-01
1.703671346158659727e-01, 1.366425670734169040e-01, 2.753400317516138673e-01, 4.176502665591033114e-01
1.703240212270119847e-01, 1.366576088811332357e-01, 2.753538561818907882e-01, 4.176645137099640470e-01
1.702809325610615820e-01, 1.366726481898521417e-01, 2.753676880884843858e-01, 4.176787311606019459e-01
1.702378686338614222e-01, 1.366876849957432416e-01, 2.753815274543285896e-01, 4.176929189160667466e-01
1.701948294612422308e-01, 1.367027192949768488e-01, 2.753953742623665435e-01, 4.177070769814144602e-01
1.701518150590181078e-01, 1.367177510837241927e-01, 2.754092284955506065e-01, 4.177212053617070375e-01
1.701088254429869995e-01, 1.367327803581571966e-01, 2.754230901368426854e-01, 4.177353040620132019e-01
1.700658606289306152e-01, 1.367478071144485885e-01, 2.754369591692135688e-01, 4.177493730874072830e-01
1.700229206326142883e-01, 1.367628313487718461e-01, 2.754508355756434268e-01, 4.177634124429703832e-01
1.699800054697872820e-01, 1.367778530573013351e-01, 2.754647193391220883e-01, 4.177774221337893223e-01
1.699371151561824278e-01, 1.367928722362120597e-01, 2.754786104426479310e-01, 4.177914021649575815e-01
1.698942497075164315e-01, 1.368078888816799399e-01, 2.754925088692295465e-01, 4.178053525415741376e-01
1.698514091394897063e-01, 1.368229029898815896e-01, 2.755064146018841309e-01, 4.178192732687445732e-01
1.698085934677865394e-01, 1.368379145569945110e-01, 2.755203276236383170e-01, 4.178331643515806881e-01
1.697658027080750087e-01, 1.368529235791967058e-01, 2.755342479175283410e-01, 4.178470257951998890e-01
1.697230368760068164e-01, 1.368679300526673415e-01, 2.755481754665996541e-01, 4.178608576047261880e-01
1.696802959872177885e-01, 1.368829339735860573e-01, 2.755621102539067557e-01, 4.178746597852893707e-01
1.696375800573272641e-01, 1.368979353381334640e-01, 2.755760522625140818e-01, 4.178884323420251623e-01
1.695948891019385674e-01, 1.369129341424908108e-01, 2.755900014754949501e-01, 4.179021752800756162e-01
1.695522231366388133e-01, 1.369279303828402072e-01, 2.756039578759322262e-01, 4.179158886045887811e-01
1.695095821769990185e-01, 1.369429240553644844e-01, 2.756179214469181016e-01, 4.179295723207185342e-01
1.694669662385739350e-01, 1.369579151562472785e-01, 2.756318921715540382e-01, 4.179432264336247482e-01
1.694243753369024108e-01, 1.369729036816730861e-01, 2.756458700329512124e-01, 4.179568509484732353e-01
1.693818094875069458e-01, 1.369878896278269031e-01, 2.756598550142301263e-01, 4.179704458704360248e-01
1.693392687058939694e-01, 1.370028729908948639e-01, 2.756738470985203304e-01, 4.179840112046908640e-01
1.692967530075538685e-01, 1.370178537670635743e-01, 2.756878462689610898e-01, 4.179975469564215507e-01
1.692542624079609592e-01, 1.370328319525205285e-01, 2.757018525087009952e-01, 4.180110531308174338e-01
1.692117969225733765e-01, 1.370478075434540810e-01, 2.757158658008982965e-01, 4.180245297330741905e-01
1.691693565668330179e-01, 1.370627805360531692e-01, 2.757298861287204583e-01, 4.180379767683933268e-01
1.691269413561661272e-01, 1.370777509265076466e-01, 2.757439134753443821e-01, 4.180513942419818441e-01
1.690845513059826277e-01, 1.370927187110080880e-01, 2.757579478239565174e-01, 4.180647821590526281e-01
1.690421864316763445e-01, 1.371076838857458458e-01, 2.757719891577527505e-01, 4.180781405248250593e-01
1.689998467486251987e-01, 1.371226464469129103e-01, 2.757860374599384601e-01, 4.180914693445234032e-01
1.689575322721909856e-01, 1.371376063907022713e-01, 2.758000927137284064e-01, 4.181047686233784200e-01
1.689152430177194852e-01, 1.371525637133075015e-01, 2.758141549023468975e-01, 4.181180383666260880e-01
1.688729790005404907e-01, 1.371675184109230616e-01, 2.758282240090277893e-01, 4.181312785795086029e-01
1.688307402359677523e-01, 1.371824704797441064e-01, 2.758423000170145412e-01, 4.181444892672736557e-01
1.687885267392990607e-01, 1.371974199159665120e-01, 2.758563829095597164e-01, 4.181576704351745999e-01
1.687463385258162196e-01, 1.372123667157870153e-01, 2.758704726699259258e-01, 4.181708220884708949e-01
1.687041756107851009e-01, 1.372273108754030468e-01, 2.758845692813847728e-01, 4.181839442324269407e-01
1.686620380094554783e-01, 1.372422523910128700e-01, 2.758986727272178530e-01, 4.181970368723138542e-01
1.686199257370611659e-01, 1.372571912588154142e-01, 2.759127829907159768e-01, 4.182101000134073598e-01
1.685778388088202406e-01, 1.372721274750104137e-01, 2.759269000551798356e-01, 4.182231336609895100e-01
1.685357772399345144e-01, 1.372870610357985188e-01, 2.759410239039193913e-01, 4.182361378203476310e-01
1.684937410455902562e-01, 1.373019919373807129e-01, 2.759551545202541534e-01, 4.182491124967748775e-01
1.684517302409573591e-01, 1.373169201759592006e-01, 2.759692918875134016e-01, 4.182620576955699554e-01
1.684097448411902842e-01, 1.373318457477367138e-01, 2.759834359890358524e-01, 4.182749734220371218e-01
1.683677848614271999e-01, 1.373467686489168171e-01, 2.759975868081698813e-01, 4.182878596814861294e-01
1.683258503167905096e-01, 1.373616888757037413e-01, 2.760117443282733563e-01, 4.183007164792323374e-01
1.682839412223867959e-01, 1.373766064243025775e-01, 2.760259085327139705e-01, 4.183135438205967116e-01
1.682420575933066820e-01, 1.373915212909190831e-01, 2.760400794048686324e-01, 4.183263417109054916e-01
1.682001994446250259e-01, 1.374064334717598757e-01, 2.760542569281243530e-01, 4.183391101554907454e-01
1.681583667914006153e-01, 1.374213429630321837e-01, 2.760684410858773585e-01, 4.183518491596898148e-01
1.681165596486767222e-01, 1.374362497609441514e-01, 2.760826318615337005e-01, 4.183645587288454815e-01
1.680747780314804374e-01, 1.374511538617045059e-01, 2.760968292385090339e-01, 4.183772388683059118e-01
1.680330219548233084e-01, 1.374660552615228071e-01, 2.761110332002286727e-01, 4.183898895834252118e-01
1.679912914337008401e-01, 1.374809539566094474e-01, 2.761252437301274232e-01, 4.184025108795622616e-01
1.679495864830927443e-01, 1.374958499431755687e-01, 2.761394608116500282e-01, 4.184151027620817143e-01
1.679079071179632177e-01, 1.375107432174328126e-01, 2.761536844282506675e-01, 4.184276652363532745e-01
1.678662533532602474e-01, 1.375256337755938474e-01, 2.761679145633932908e-01, 4.184401983077525866e-01
1.678246252039163333e-01, 1.375405216138718967e-01, 2.761821512005515622e-01, 4.184527019816601245e-01
1.677830226848480988e-01, 1.375554067284811832e-01, 2.761963943232087493e-01, 4.184651762634620242e-01
1.677414458109564299e-01, 1.375702891156364016e-01, 2.762106439148577230e-01, 4.184776211585493622e-01
1.676998945971264754e-01, 1.375851687715531346e-01, 2.762248999590014020e-01, 4.184900366723190990e-01
1.676583690582274522e-01, 1.376000456924476867e-01, 2.762391624391519751e-01, 4.185024228101729693e-01
1.676168692091132562e-01, 1.376149198745371116e-01, 2.762534313388316232e-01, 4.185147795775180368e-01
1.675753950646215740e-01, 1.376297913140391849e-01, 2.762677066415721305e-01, 4.185271069797670274e-01
1.675339466395747157e-01, 1.376446600071725146e-01, 2.762819883309152180e-01, 4.185394050223374962e-01
1.674925239487790873e-01, 1.376595259501562918e-01, 2.762962763904119878e-01, 4.185516737106526053e-01
1.674511270070256352e-01, 1.376743891392106511e-01, 2.763105708036235342e-01, 4.185639130501401795e-01
1.674097558290893462e-01, 1.376892495705562824e-01, 2.763248715541206102e-01, 4.185761230462337057e-01
1.673684104297297470e-01, 1.377041072404147082e-01, 2.763391786254838500e-01, 4.185883037043716670e-01
1.673270908236904886e-01, 1.377189621450081447e-01, 2.763534920013033247e-01, 4.186004550299979310e-01
1.672857970256998450e-01, 1.377338142805596688e-01, 2.763678116651792638e-01, 4.186125770285611947e-01
1.672445290504700477e-01, 1.377486636432929679e-01, 2.763821376007215558e-01, 4.186246697055154842e-01
1.672032869126981180e-01, 1.377635102294325342e-01, 2.763964697915496371e-01, 4.186367330663197661e-01
1.671620706270651457e-01, 1.377783540352035263e-01, 2.764108082212929918e-01, 4.186487671164383917e-01
1.671208802082366773e-01, 1.377931950568319353e-01, 2.764251528735908736e-01, 4.186607718613405416e-01
1.670797156708627718e-01, 1.378080332905444183e-01, 2.764395037320920845e-01, 4.186727473065007255e-01
1.670385770295777506e-01, 1.378228687325684376e-01, 2.764538607804556403e-01, 4.186846934573982271e-01
1.669974642990003089e-01, 1.378377013791320937e-01, 2.764682240023500492e-01, 4.186966103195176037e-01
1.669563774937337375e-01, 1.378525312264642921e-01, 2.764825933814537007e-01, 4.187084978983481864e-01
1.669153166283656176e-01, 1.378673582707947431e-01, 2.764969689014549759e-01, 4.187203561993846912e-01
1.668742817174679871e-01, 1.378821825083537123e-01, 2.765113505460518595e-01, 4.187321852281264967e-01
1.668332727755973133e-01, 1.378970039353723254e-01, 2.765257382989523283e-01, 4.187439849900779776e-01
1.667922898172947421e-01, 1.379118225480824023e-01, 2.765401321438741844e-01, 4.187557554907487822e-01
1.667513328570854048e-01, 1.379266383427165121e-01, 2.765545320645450000e-01, 4.187674967356531108e-01
1.667104019094794443e-01, 1.379414513155079736e-01, 2.765689380447021728e-01, 4.187792087303103816e-01
1.666694969889711830e-01, 1.379562614626907713e-01, 2.765833500680933144e-01, 4.187908914802448423e-01
1.666286181100394559e-01, 1.379710687804996394e-01, 2.765977681184753623e-01, 4.188025449909854592e-01
1.665877652871477765e-01, 1.379858732651701170e-01, 2.766121921796156347e-01, 4.188141692680665273e-01
1.665469385347439490e-01, 1.380006749129383259e-01, 2.766266222352908866e-01, 4.188257643170267830e-01
1.665061378672603731e-01, 1.380154737200413040e-01, 2.766410582692881981e-01, 4.188373301434100138e-01
1.664653632991142385e-01, 1.380302696827166997e-01, 2.766555002654042528e-01, 4.188488667527647813e-01
1.664246148447068308e-01, 1.380450627972028554e-01, 2.766699482074457261e-01, 4.188603741506445877e-01
1.663838925184244200e-01, 1.380598530597389462e-01, 2.766844020792290637e-01, 4.188718523426076534e-01
1.663431963346374831e-01, 1.380746404665647575e-01, 2.766988618645809250e-01, 4.188833013342167511e-01
1.663025263077012317e-01, 1.380894250139209078e-01, 2.767133275473376841e-01, 4.188947211310401486e-01
1.662618824519556393e-01, 1.381042066980487093e-01, 2.767277991113454849e-01, 4.189061117386501110e-01
1.662212647817249422e-01, 1.381189855151901125e-01, 2.767422765404608520e-01, 4.189174731626241766e-01
1.661806733113181944e-01, 1.381337614615879283e-01, 2.767567598185498023e-01, 4.189288054085441582e-01
1.661401080550289622e-01, 1.381485345334855785e-01, 2.767712489294886224e-01, 4.189401084819968091e-01
1.660995690271356295e-01, 1.381633047271273174e-01, 2.767857438571631468e-01, 4.189513823885738231e-01
1.660590562419008709e-01, 1.381780720387579542e-01, 2.768002445854697569e-01, 4.189626271338715013e-01
1.660185697135723448e-01, 1.381928364646231588e-01, 2.768147510983142157e-01, 4.189738427234903084e-01
1.659781094563821391e-01, 1.382075980009693228e-01, 2.768292633796125557e-01, 4.189850291630360379e-01
1.659376754845470758e-01, 1.382223566440435036e-01, 2.768437814132907460e-01, 4.189961864581187023e-01
1.658972678122687672e-01, 1.382371123900934251e-01, 2.768583051832846365e-01, 4.190073146143531990e-01
1.658568864537332266e-01, 1.382518652353676714e-01, 2.768728346735402912e-01, 4.190184136373587553e-01
1.658165314231115350e-01, 1.382666151761154372e-01, 2.768873698680134887e-01, 4.190294835327595391e-01
1.657762027345591471e-01, 1.382813622085866390e-01, 2.769019107506701105e-01, 4.190405243061841034e-01
1.657359004022164184e-01, 1.382961063290319703e-01, 2.769164573054861411e-01, 4.190515359632654424e-01
1.656956244402083001e-01, 1.383108475337028465e-01, 2.769310095164474461e-01, 4.190625185096413796e-01
1.656553748626446998e-01, 1.383255858188512377e-01, 2.769455673675498830e-01, 4.190734719509541795e-01
1.656151516836199544e-01, 1.383403211807300304e-01, 2.769601308427994124e-01, 4.190843962928506583e-01
1.655749549172133850e-01, 1.383550536155927213e-01, 2.769746999262120424e-01, 4.190952915409819068e-01
1.655347845774889082e-01, 1.383697831196935568e-01, 2.769892746018136620e-01, 4.191061577010039008e-01
1.654946406784954249e-01, 1.383845096892874771e-01, 2.770038548536403189e-01, 4.191169947785766681e-01
1.654545232342665151e-01, 1.383992333206301162e-01, 2.770184406657382747e-01, 4.191278027793651217e-01
1.654144322588204652e-01, 1.384139540099778576e-01, 2.770330320221632836e-01, 4.191385817090384491e-01
1.653743677661605460e-01, 1.384286717535878064e-01, 2.770476289069817022e-01, 4.191493315732700009e-01
1.653343297702745962e-01, 1.384433865477176784e-01, 2.770622313042697127e-01, 4.191600523777379572e-01
1.652943182851355219e-01, 1.384580983886260497e-01, 2.770768391981136003e-01, 4.191707441281248281e-01
1.652543333247008528e-01, 1.384728072725720516e-01, 2.770914525726097533e-01, 4.191814068301173979e-01
1.652143749029131581e-01, 1.384875131958156758e-01, 2.771060714118644408e-01, 4.191920404894067254e-01
1.651744430336997138e-01, 1.385022161546174690e-01, 2.771206956999943127e-01, 4.192026451116885322e-01
1.651345377309727802e-01, 1.385169161452388387e-01, 2.771353254211257888e-01, 4.192132207026625368e-01
1.650946590086293242e-01, 1.385316131639417747e-01, 2.771499605593957805e-01, 4.192237672680331761e-01
1.650548068805514079e-01, 1.385463072069890444e-01, 2.771646010989506914e-01, 4.192342848135088285e-01
1.650149813606057725e-01, 1.385609982706440257e-01, 2.771792470239476947e-01, 4.192447733448025349e-01
1.649751824626441710e-01, 1.385756863511709291e-01, 2.771938983185536776e-01, 4.192552328676311113e-01
1.649354102005033407e-01, 1.385903714448346313e-01, 2.772085549669456306e-01, 4.192656633877164252e-01
1.648956645880048089e-01, 1.386050535479006751e-01, 2.772232169533107027e-01, 4.192760649107838966e-01
1.648559456389550593e-01, 1.386197326566352694e-01, 2.772378842618463124e-01, 4.192864374425633311e-01
1.648162533671455598e-01, 1.386344087673054837e-01, 2.772525568767598148e-01, 4.192967809887890307e-01
1.647765877863527906e-01, 1.386490818761789146e-01, 2.772672347822688343e-01, 4.193070955551994605e-01
1.647369489103380491e-01, 1.386637519795239082e-01, 2.772819179626010433e-01, 4.193173811475369162e-01
1.646973367528477561e-01, 1.386784190736096156e-01, 2.772966064019943278e-01, 4.193276377715484671e-01
1.646577513276130944e-01, 1.386930831547056597e-01, 2.773113000846963994e-01, 4.193378654329847355e-01
1.646181926483505920e-01, 1.387077442190827181e-01, 2.773259989949656834e-01, 4.193480641376008955e-01
1.645786607287614556e-01, 1.387224022630117459e-01, 2.773407031170705417e-01, 4.193582338911562291e-01
1.645391555825320429e-01, 1.387370572827647530e-01, 2.773554124352891059e-01, 4.193683746994140704e-01
1.644996772233337790e-01, 1.387517092746142489e-01, 2.773701269339100550e-01, 4.193784865681418617e-01
1.644602256648229899e-01, 1.387663582348334645e-01, 2.773848465972322819e-01, 4.193885695031111527e-01
1.644208009206411802e-01, 1.387810041596963806e-01, 2.773995714095647269e-01, 4.193986235100976567e-01
1.643814030044147834e-01, 1.387956470454776436e-01, 2.774143013552265447e-01, 4.194086485948810283e-01
1.643420319297554943e-01, 1.388102868884526220e-01, 2.774290364185469371e-01, 4.194186447632450299e-01
1.643026877102598260e-01, 1.388249236848973223e-01, 2.774437765838654313e-01, 4.194286120209774760e-01
1.642633703595095251e-01, 1.388395574310885283e-01, 2.774585218355317684e-01, 4.194385503738701781e-01
1.642240798910714339e-01, 1.388541881233035791e-01, 2.774732721579058481e-01, 4.194484598277190557e-01
1.641848163184976561e-01, 1.388688157578205906e-01, 2.774880275353577286e-01, 4.194583403883240802e-01
1.641455796553249469e-01, 1.388834403309184840e-01, 2.775027879522677376e-01, 4.194681920614887760e-01
1.641063699150756006e-01, 1.388980618388767074e-01, 2.775175533930264171e-01, 4.194780148530212194e-01
1.640671871112570068e-01, 1.389126802779754311e-01, 2.775323238420344674e-01, 4.194878087687330948e-01
1.640280312573615396e-01, 1.389272956444955465e-01, 2.775470992837028583e-01, 4.194975738144399724e-01
1.639889023668667789e-01, 1.389419079347186115e-01, 2.775618797024528295e-01, 4.195073099959616969e-01
1.639498004532356501e-01, 1.389565171449269332e-01, 2.775766650827157234e-01, 4.195170173191217766e-01
1.639107255299159238e-01, 1.389711232714034295e-01, 2.775914554089331521e-01, 4.195266957897474946e-01
1.638716776103408823e-01, 1.389857263104317120e-01, 2.776062506655570528e-01, 4.195363454136702974e-01
1.638326567079288199e-01, 1.390003262582961419e-01, 2.776210508370495211e-01, 4.195459661967255172e-01
1.637936628360832092e-01, 1.390149231112817463e-01, 2.776358559078829780e-01, 4.195555581447519278e-01
1.637546960081929792e-01, 1.390295168656742186e-01, 2.776506658625401691e-01, 4.195651212635926885e-01
1.637157562376319875e-01, 1.390441075177598074e-01, 2.776654806855137769e-01, 4.195746555590943450e-01
1.636768435377596587e-01, 1.390586950638257879e-01, 2.776803003613070864e-01, 4.195841610371076058e-01
1.636379579219202074e-01, 1.390732795001597966e-01, 2.776951248744334855e-01, 4.195936377034866216e-01
1.635990994034435264e-01, 1.390878608230503022e-01, 2.777099542094164653e-01, 4.196030855640897061e-01
1.635602679956446870e-01, 1.391024390287863843e-01, 2.777247883507903414e-01, 4.196125046247785040e-01
1.635214637118238279e-01, 1.391170141136578720e-01, 2.777396272830992552e-01, 4.196218948914190450e-01
1.634826865652667660e-01, 1.391315860739552601e-01, 2.777544709908975618e-01, 4.196312563698804676e-01
1.634439365692441914e-01, 1.391461549059696268e-01, 2.777693194587501635e-01, 4.196405890660360183e-01
1.634052137370123337e-01, 1.391607206059929380e-01, 2.777841726712322878e-01, 4.196498929857623850e-01
1.633665180818127394e-01, 1.391752831703176874e-01, 2.777990306129292097e-01, 4.196591681349404190e-01
1.633278496168722449e-01, 1.391898425952370066e-01, 2.778138932684365292e-01, 4.196684145194541915e-01
1.632892083554030593e-01, 1.392043988770448049e-01, 2.778287606223606154e-01, 4.196776321451915481e-01
1.632505943106027924e-01, 1.392189520120356849e-01, 2.778436326593173300e-01, 4.196868210180441094e-01
1.632120074956542044e-01, 1.392335019965048881e-01, 2.778585093639336367e-01, 4.196959811439072707e-01
1.631734479237256785e-01, 1.392480488267482941e-01, 2.778733907208463250e-01, 4.197051125286797024e-01
1.631349156079707763e-01, 1.392625924990625041e-01, 2.778882767147026756e-01, 4.197142151782639607e-01
1.630964105615287096e-01, 1.392771330097447857e-01, 2.779031673301604055e-01, 4.197232890985660991e-01
1.630579327975238413e-01, 1.392916703550930724e-01, 2.779180625518871683e-01, 4.197323342954958347e-01
1.630194823290660733e-01, 1.393062045314059916e-01, 2.779329623645614977e-01, 4.197413507749663819e-01
1.629810591692506250e-01, 1.393207355349828924e-01, 2.779478667528719193e-01, 4.197503385428946188e-01
1.629426633311583383e-01, 1.393352633621236791e-01, 2.779627757015171730e-01, 4.197592976052008651e-01
1.629042948278553726e-01, 1.393497880091289776e-01, 2.779776891952067674e-01, 4.197682279678089379e-01
1.628659536723933154e-01, 1.393643094723001075e-01, 2.779926072186600927e-01, 4.197771296366464844e-01
1.628276398778092937e-01, 1.393788277479390825e-01, 2.780075297566072523e-01, 4.197860026176444270e-01
1.627893534571258627e-01, 1.393933428323485268e-01, 2.780224567937886748e-01, 4.197948469167368524e-01
1.627510944233512280e-01, 1.394078547218318143e-01, 2.780373883149548364e-01, 4.198036625398620658e-01
1.627128627894787183e-01, 1.394223634126929290e-01, 2.780523243048670934e-01, 4.198124494929613704e-01
1.626746585684875901e-01, 1.394368689012364382e-01, 2.780672647482964055e-01, 4.198212077819794552e-01
1.626364817733423063e-01, 1.394513711837677972e-01, 2.780822096300249457e-01, 4.198299374128648398e-01
1.625983324169930910e-01, 1.394658702565929886e-01, 2.780971589348448236e-01, 4.198386383915690967e-01
1.625602105123756247e-01, 1.394803661160186337e-01, 2.781121126475585292e-01, 4.198473107240472402e-01
1.625221160724108771e-01, 1.394948587583521027e-01, 2.781270707529789887e-01, 4.198559544162579482e-01
1.624840491100058848e-01, 1.395093481799014046e-01, 2.781420332359295644e-01, 4.198645694741631740e-01
1.624460096380528629e-01, 1.395238343769751865e-01, 2.781570000812437771e-01, 4.198731559037282013e-01
1.624079976694297045e-01, 1.395383173458828174e-01, 2.781719712737659167e-01, 4.198817137109215336e-01
1.623700132170000365e-01, 1.395527970829342490e-01, 2.781869467983504318e-01, 4.198902429017152271e-01
1.623320562936128864e-01, 1.395672735844402657e-01, 2.782019266398622070e-01, 4.198987434820846687e-01
1.622941269121029040e-01, 1.395817468467120126e-01, 2.782169107831765631e-01, 4.199072154580084648e-01
1.622562250852906396e-01, 1.395962168660616620e-01, 2.782318992131791457e-01, 4.199156588354685526e-01
1.622183508259818219e-01, 1.396106836388017469e-01, 2.782468919147661479e-01, 4.199240736204502000e-01
1.621805041469682740e-01, 1.396251471612456885e-01, 2.782618888728440321e-01, 4.199324598189420055e-01
1.621426850610270809e-01, 1.396396074297073242e-01, 2.782768900723298078e-01, 4.199408174369357871e-01
1.621048935809213942e-01, 1.396540644405014631e-01, 2.782918954981507542e-01, 4.199491464804263607e-01
1.620671297193996552e-01, 1.396685181899432471e-01, 2.783069051352446976e-01, 4.199574469554122613e-01
1.620293934891962884e-01, 1.396829686743487897e-01, 2.783219189685599559e-01, 4.199657188678949660e-01
1.619916849030312023e-01, 1.396974158900346208e-01, 2.783369369830551721e-01, 4.199739622238789494e-01
1.619540039736101500e-01, 1.397118598333180195e-01, 2.783519591636992585e-01, 4.199821770293725165e-01
1.619163507136245073e-01, 1.397263005005169589e-01, 2.783669854954719525e-01, 4.199903632903865813e-01
1.618787251357514945e-01, 1.397407378879499673e-01, 2.783820159633630387e-01, 4.199985210129354996e-01
1.618411272526538713e-01, 1.397551719919364055e-01, 2.783970505523731820e-01, 4.200066502030365689e-01
1.618035570769803255e-01, 1.397696028087961062e-01, 2.784120892475129838e-01, 4.200147508667106400e-01
1.617660146213653338e-01, 1.397840303348496238e-01, 2.784271320338038147e-01, 4.200228230099811721e-01
1.617284998984289124e-01, 1.397984545664182898e-01, 2.784421788962775368e-01, 4.200308666388752332e-01
1.616910129207771163e-01, 1.398128754998237966e-01, 2.784572298199763374e-01, 4.200388817594227220e-01
1.616535537010016232e-01, 1.398272931313888356e-01, 2.784722847899527842e-01, 4.200468683776567014e-01
1.616161222516799834e-01, 1.398417074574365149e-01, 2.784873437912702698e-01, 4.200548264996132319e-01
1.615787185853755081e-01, 1.398561184742906638e-01, 2.785024068090021787e-01, 4.200627561313315939e-01
1.615413427146373815e-01, 1.398705261782758336e-01, 2.785174738282326645e-01, 4.200706572788540649e-01
1.615039946520005487e-01, 1.398849305657171305e-01, 2.785325448340564281e-01, 4.200785299482259205e-01
1.614666744099859663e-01, 1.398993316329403269e-01, 2.785476198115782731e-01, 4.200863741454953781e-01
1.614293820011002412e-01, 1.399137293762719725e-01, 2.785626987459138282e-01, 4.200941898767140970e-01
1.613921174378359635e-01, 1.399281237920389498e-01, 2.785777816221890468e-01, 4.201019771479360121e-01
1.613548807326714851e-01, 1.399425148765691407e-01, 2.785928684255404852e-01, 4.201097359652188334e-01
1.613176718980712243e-01, 1.399569026261909543e-01, 2.786079591411150802e-01, 4.201174663346227689e-01
1.612804909464853331e-01, 1.399712870372334383e-01, 2.786230537540702601e-01, 4.201251682622109684e-01
1.612433378903499470e-01, 1.399856681060261954e-01, 2.786381522495740004e-01, 4.201328417540498017e-01
1.612062127420871294e-01, 1.400000458288996608e-01, 2.786532546128047128e-01, 4.201404868162085804e-01
1.611691155141048437e-01, 1.400144202021847972e-01, 2.786683608289514114e-01, 4.201481034547589477e-01
1.611320462187968705e-01, 1.400287912222131781e-01, 2.786834708832134910e-01, 4.201556916757764881e-01
1.610950048685432234e-01, 1.400431588853171538e-01, 2.786985847608010047e-01, 4.201632514853387845e-01
1.610579914757095388e-01, 1.400575231878296578e-01, 2.787137024469342750e-01, 4.201707828895266394e-01
1.610210060526477416e-01, 1.400718841260841507e-01, 2.787288239268442824e-01, 4.201782858944237420e-01
1.609840486116955183e-01, 1.400862416964148982e-01, 2.787439491857726659e-01, 4.201857605061168344e-01
1.609471191651767052e-01, 1.401005958951568597e-01, 2.787590782089713337e-01, 4.201932067306951013e-01
1.609102177254009003e-01, 1.401149467186453834e-01, 2.787742109817027414e-01, 4.202006245742509472e-01
1.608733443046639067e-01, 1.401292941632167610e-01, 2.787893474892401691e-01, 4.202080140428792188e-01
1.608364989152475666e-01, 1.401436382252076174e-01, 2.788044877168669444e-01, 4.202153751426778161e-01
1.607996815694197057e-01, 1.401579789009555765e-01, 2.788196316498772753e-01, 4.202227078797474147e-01
1.607628922794341608e-01, 1.401723161867984846e-01, 2.788347792735757502e-01, 4.202300122601915211e-01
1.607261310575307800e-01, 1.401866500790752146e-01, 2.788499305732775602e-01, 4.202372882901164730e-01
1.606893979159355890e-01, 1.402009805741250281e-01, 2.788650855343084434e-01, 4.202445359756309951e-01
1.606526928668606524e-01, 1.402153076682879917e-01, 2.788802441420045186e-01, 4.202517553228469205e-01
1.606160159225041295e-01, 1.402296313579046716e-01, 2.788954063817126183e-01, 4.202589463378786916e-01
1.605793670950502183e-01, 1.402439516393163277e-01, 2.789105722387899555e-01, 4.202661090268435262e-01
1.605427463966692114e-01, 1.402582685088649694e-01, 2.789257416986045679e-01, 4.202732433958613067e-01
1.605061538395176901e-01, 1.402725819628929671e-01, 2.789409147465348182e-01, 4.202803494510545246e-01
1.604695894357381636e-01, 1.402868919977436624e-01, 2.789560913679695053e-01, 4.202874271985487242e-01
1.604330531974593188e-01, 1.403011986097607855e-01, 2.789712715483083083e-01, 4.202944766444715041e-01
1.603965451367961315e-01, 1.403155017952887607e-01, 2.789864552729612868e-01, 4.203014977949538489e-01
1.603600652658496994e-01, 1.403298015506727892e-01, 2.790016425273489920e-01, 4.203084906561285194e-01
1.603236135967069653e-01, 1.403440978722584886e-01, 2.790168332969026332e-01, 4.203154552341318850e-01
1.602871901414415490e-01, 1.403583907563922539e-01, 2.790320275670638561e-01, 4.203223915351022577e-01
1.602507949121130537e-01, 1.403726801994210904e-01, 2.790472253232851307e-01, 4.203292995651807806e-01
1.602144279207670940e-01, 1.403869661976925864e-01, 2.790624265510292523e-01, 4.203361793305110949e-01
1.601780891794357120e-01, 1.404012487475550242e-01, 2.790776312357696187e-01, 4.203430308372396174e-01
1.601417787001372939e-01, 1.404155278453572686e-01, 2.790928393629903415e-01, 4.203498540915150961e-01
1.601054964948760706e-01, 1.404298034874488788e-01, 2.791080509181858571e-01, 4.203566490994892768e-01
1.600692425756428394e-01, 1.404440756701799964e-01, 2.791232658868614269e-01, 4.203634158673157373e-01
1.600330169544145753e-01, 1.404583443899013184e-01, 2.791384842545328038e-01, 4.203701544011512747e-01
1.599968196431545420e-01, 1.404726096429643745e-01, 2.791537060067262321e-01, 4.203768647071548514e-01
1.599606506538122086e-01, 1.404868714257211382e-01, 2.791689311289786146e-01, 4.203835467914879831e-01
1.599245099983232776e-01, 1.405011297345243049e-01, 2.791841596068376785e-01, 4.203902006603148500e-01
1.598883976886099345e-01, 1.405153845657271527e-01, 2.791993914258610876e-01, 4.203968263198017974e-01
1.598523137365804869e-01, 1.405296359156836539e-01, 2.792146265716177744e-01, 4.204034237761180570e-01
1.598162581541297256e-01, 1.405438837807483354e-01, 2.792298650296868856e-01, 4.204099930354350256e-01
1.597802309531387299e-01, 1.405581281572763352e-01, 2.792451067856582814e-01, 4.204165341039267090e-01
1.597442321454748404e-01, 1.405723690416235128e-01, 2.792603518251324801e-01, 4.204230469877692222e-01
1.597082617429917140e-01, 1.405866064301462548e-01, 2.792756001337202698e-01, 4.204295316931416782e-01
1.596723197575295183e-01, 1.406008403192017531e-01, 2.792908516970435961e-01, 4.204359882262251324e-01
1.596364062009147933e-01, 1.406150707051475046e-01, 2.793061065007343968e-01, 4.204424165932033053e-01
1.596005210849602840e-01, 1.406292975843419502e-01, 2.793213645304357673e-01, 4.204488168002620263e-01
1.595646644214653853e-01, 1.406435209531440023e-01, 2.793366257718009615e-01, 4.204551888535897897e-01
1.595288362222155865e-01, 1.406577408079131564e-01, 2.793518902104940027e-01, 4.204615327593771434e-01
1.594930364989830540e-01, 1.406719571450096296e-01, 2.793671578321897941e-01, 4.204678485238175778e-01
1.594572652635262433e-01, 1.406861699607942495e-01, 2.793824286225733422e-01, 4.204741361531062482e-01
1.594215225275900927e-01, 1.407003792516283713e-01, 2.793977025673405334e-01, 4.204803956534410303e-01
1.593858083029060790e-01, 1.407145850138740995e-01, 2.794129796521979681e-01, 4.204866270310218535e-01
1.593501226011919403e-01, 1.407287872438940657e-01, 2.794282598628626824e-01, 4.204928302920513117e-01
1.593144654341520361e-01, 1.407429859380515957e-01, 2.794435431850623153e-01, 4.204990054427341084e-01
1.592788368134770705e-01, 1.407571810927105704e-01, 2.794588296045354414e-01, 4.205051524892770010e-01
1.592432367508443969e-01, 1.407713727042355090e-01, 2.794741191070307940e-01, 4.205112714378893557e-01
1.592076652579177687e-01, 1.407855607689915411e-01, 2.794894116783079308e-01, 4.205173622947827039e-01
1.591721223463475055e-01, 1.407997452833444629e-01, 2.795047073041371788e-01, 4.205234250661706863e-01
1.591366080277704098e-01, 1.408139262436606809e-01, 2.795200059702994677e-01, 4.205294597582694416e-01
1.591011223138098507e-01, 1.408281036463070734e-01, 2.795353076625860522e-01, 4.205354663772971069e-01
1.590656652160755968e-01, 1.408422774876514072e-01, 2.795506123667990117e-01, 4.205414449294738732e-01
1.590302367461642330e-01, 1.408564477640618096e-01, 2.795659200687511947e-01, 4.205473954210227627e-01
1.589948369156587438e-01, 1.408706144719071851e-01, 2.795812307542658859e-01, 4.205533178581682408e-01
1.589594657361286523e-01, 1.408847776075569380e-01, 2.795965444091771390e-01, 4.205592122471373817e-01
1.589241232191301312e-01, 1.408989371673811664e-01, 2.796118610193293330e-01, 4.205650785941593139e-01
1.588888093762060860e-01, 1.409130931477505788e-01, 2.796271805705779490e-01, 4.205709169054653862e-01
1.588535242188856833e-01, 1.409272455450364947e-01, 2.796425030487889041e-01, 4.205767271872889457e-01
1.588182677586850167e-01, 1.409413943556107884e-01, 2.796578284398385517e-01, 4.205825094458656710e-01
1.587830400071067183e-01, 1.409555395758460006e-01, 2.796731567296141252e-01, 4.205882636874330172e-01
1.587478409756400421e-01, 1.409696812021153101e-01, 2.796884879040135163e-01, 4.205939899182311037e-01
1.587126706757608918e-01, 1.409838192307924509e-01, 2.797038219489451638e-01, 4.205996881445013824e-01
1.586775291189318204e-01, 1.409979536582517679e-01, 2.797191588503281090e-01, 4.206053583724881362e-01
1.586424163166021695e-01, 1.410120844808682994e-01, 2.797344985940921069e-01, 4.206110006084373132e-01
1.586073322802077357e-01, 1.410262116950176114e-01, 2.797498411661777928e-01, 4.206166148585969156e-01
1.585722770211711319e-01, 1.410403352970758806e-01, 2.797651865525357939e-01, 4.206222011292172214e-01
1.585372505509018148e-01, 1.410544552834198662e-01, 2.797805347391281172e-01, 4.206277594265502850e-01
1.585022528807956965e-01, 1.410685716504270770e-01, 2.797958857119269838e-01, 4.206332897568503260e-01
1.584672840222356160e-01, 1.410826843944754660e-01, 2.798112394569153838e-01, 4.206387921263734508e-01
1.584323439865910621e-01, 1.410967935119437355e-01, 2.798265959600871877e-01, 4.206442665413780979e-01
1.583974327852181729e-01, 1.411108989992111151e-01, 2.798419552074463690e-01, 4.206497130081242597e-01
1.583625504294600417e-01, 1.411250008526574451e-01, 2.798573171850083363e-01, 4.206551315328740381e-01
1.583276969306465498e-01, 1.411390990686631486e-01, 2.798726818787984350e-01, 4.206605221218919222e-01
1.582928723000940063e-01, 1.411531936436092594e-01, 2.798880492748527793e-01, 4.206658847814438440e-01
1.582580765491059527e-01, 1.411672845738775606e-01, 2.799034193592188080e-01, 4.206712195177977343e-01
1.582233096889723578e-01, 1.411813718558502240e-01, 2.799187921179538407e-01, 4.206765263372234664e-01
1.581885717309702566e-01, 1.411954554859101707e-01, 2.799341675371261329e-01, 4.206818052459933566e-01
1.581538626863635000e-01, 1.412095354604408770e-01, 2.799495456028147089e-01, 4.206870562503808864e-01
1.581191825664025608e-01, 1.412236117758264575e-01, 2.799649263011091960e-01, 4.206922793566618690e-01
1.580845313823249221e-01, 1.412376844284515265e-01, 2.799803096181098239e-01, 4.206974745711138941e-01
1.580499091453547444e-01, 1.412517534147013920e-01, 2.799956955399275360e-01, 4.207026419000163275e-01
1.580153158667034208e-01, 1.412658187309619728e-01, 2.800110840526838785e-01, 4.207077813496505891e-01
1.579807515575689103e-01, 1.412798803736197983e-01, 2.800264751425114440e-01, 4.207128929262999306e-01
1.579462162291360716e-01, 1.412939383390618975e-01, 2.800418687955527619e-01, 4.207179766362491580e-01
1.579117098925767460e-01, 1.413079926236759931e-01, 2.800572649979616857e-01, 4.207230324857854642e-01
1.578772325590496461e-01, 1.413220432238504187e-01, 2.800726637359025606e-01, 4.207280604811974301e-01
1.578427842397004677e-01, 1.413360901359740074e-01, 2.800880649955502233e-01, 4.207330606287754127e-01
1.578083649456617221e-01, 1.413501333564363138e-01, 2.801034687630903353e-01, 4.207380329348116010e-01
1.577739746880529037e-01, 1.413641728816274201e-01, 2.801188750247192716e-01, 4.207429774056004601e-01
1.577396134779804893e-01, 1.413782087079379635e-01, 2.801342837666440100e-01, 4.207478940474376206e-01
1.577052813265379105e-01, 1.413922408317593027e-01, 2.801496949750822418e-01, 4.207527828666204894e-01
1.576709782448055819e-01, 1.414062692494833517e-01, 2.801651086362623166e-01, 4.207576438694488052e-01
1.576367042438507338e-01, 1.414202939575024964e-01, 2.801805247364231310e-01, 4.207624770622235277e-01
1.576024593347278846e-01, 1.414343149522099274e-01, 2.801959432618146284e-01, 4.207672824512475596e-01
1.575682435284783967e-01, 1.414483322299993351e-01, 2.802113641986970216e-01, 4.207720600428253022e-01
1.575340568361305038e-01, 1.414623457872648260e-01, 2.802267875333414038e-01, 4.207768098432631554e-01
1.574998992686996724e-01, 1.414763556204015615e-01, 2.802422132520297482e-01, 4.207815318588692399e-01
1.574657708371884346e-01, 1.414903617258047031e-01, 2.802576413410540757e-01, 4.207862260959527312e-01
1.574316715525861388e-01, 1.415043640998704944e-01, 2.802730717867179533e-01, 4.207908925608255801e-01
1.573976014258693101e-01, 1.415183627389955123e-01, 2.802885045753347182e-01, 4.207955312598004594e-01
1.573635604680016509e-01, 1.415323576395771110e-01, 2.803039396932294203e-01, 4.208001421991919844e-01
1.573295486899338458e-01, 1.415463487980130330e-01, 2.803193771267366574e-01, 4.208047253853164915e-01
1.572955661026035623e-01, 1.415603362107017149e-01, 2.803348168622025738e-01, 4.208092808244920935e-01
1.572616127169357836e-01, 1.415743198740422315e-01, 2.803502588859838052e-01, 4.208138085230380132e-01
1.572276885438424476e-01, 1.415882997844342128e-01, 2.803657031844474234e-01, 4.208183084872759161e-01
1.571937935942226416e-01, 1.416022759382778440e-01, 2.803811497439713252e-01, 4.208227807235282447e-01
1.571599278789624909e-01, 1.416162483319738929e-01, 2.803965985509443981e-01, 4.208272252381192180e-01
1.571260914089355476e-01, 1.416302169619238494e-01, 2.804120495917655775e-01, 4.208316420373751088e-01
1.570922841950022075e-01, 1.416441818245295636e-01, 2.804275028528450120e-01, 4.208360311276231336e-01
1.570585062480102656e-01, 1.416581429161937189e-01, 2.804429583206033971e-01, 4.208403925151926184e-01
1.570247575787944716e-01, 1.416721002333194424e-01, 2.804584159814720867e-01, 4.208447262064140548e-01
1.569910381981769465e-01, 1.416860537723104441e-01, 2.804738758218931483e-01, 4.208490322076195445e-01
1.569573481169669049e-01, 1.417000035295711002e-01, 2.804893378283192518e-01, 4.208533105251427986e-01
1.569236873459607662e-01, 1.417139495015063422e-01, 2.805048019872139475e-01, 4.208575611653189719e-01
1.568900558959421820e-01, 1.417278916845216563e-01, 2.805202682850512774e-01, 4.208617841344848842e-01
1.568564537776820922e-01, 1.417418300750231952e-01, 2.805357367083161635e-01, 4.208659794389786324e-01
1.568228810019386132e-01, 1.417557646694176110e-01, 2.805512072435041304e-01, 4.208701470851397564e-01
1.567893375794570943e-01, 1.417696954641120832e-01, 2.805666798771211945e-01, 4.208742870793096280e-01
1.567558235209702000e-01, 1.417836224555146241e-01, 2.805821545956845298e-01, 4.208783994278306739e-01
1.567223388371977999e-01, 1.417975456400336343e-01, 2.805976313857214688e-01, 4.208824841370472081e-01
1.566888835388470791e-01, 1.418114650140780697e-01, 2.806131102337705019e-01, 4.208865412133043216e-01
1.566554576366125107e-01, 1.418253805740576634e-01, 2.806285911263806110e-01, 4.208905706629492149e-01
1.566220611411759389e-01, 1.418392923163824815e-01, 2.806440740501113251e-01, 4.208945724923301435e-01
1.565886940632063296e-01, 1.418532002374634504e-01, 2.806595589915332201e-01, 4.208985467077969167e-01
1.565553564133601305e-01, 1.418671043337117466e-01, 2.806750459372273077e-01, 4.209024933157007875e-01
1.565220482022811888e-01, 1.418810046015394344e-01, 2.806905348737853134e-01, 4.209064123223940634e-01
1.564887694406004726e-01, 1.418949010373590780e-01, 2.807060257878096765e-01, 4.209103037342307174e-01
1.564555201389364880e-01, 1.419087936375837411e-01, 2.807215186659134942e-01, 4.209141675575662211e-01
1.564223003078949459e-01, 1.419226823986270425e-01, 2.807370134947207996e-01, 4.209180037987569900e-01
1.563891099580692612e-01, 1.419365673169034059e-01, 2.807525102608660617e-01, 4.209218124641612158e-01
1.563559491000397483e-01, 1.419504483888275326e-01, 2.807680089509946852e-01, 4.209255935601382004e-01
1.563228177443745370e-01, 1.419643256108149565e-01, 2.807835095517622337e-01, 4.209293470930482450e-01
1.562897159016288229e-01, 1.419781989792816279e-01, 2.807990120498357056e-01, 4.209330730692537603e-01
1.562566435823456445e-01, 1.419920684906441910e-01, 2.808145164318923137e-01, 4.209367714951177675e-01
1.562236007970551621e-01, 1.420059341413197895e-01, 2.808300226846200398e-01, 4.209404423770050085e-01
1.561905875562748514e-01, 1.420197959277261224e-01, 2.808455307947178015e-01, 4.209440857212812803e-01
1.561576038705100311e-01, 1.420336538462815823e-01, 2.808610407488947858e-01, 4.209477015343136008e-01
1.561246497502531971e-01, 1.420475078934050617e-01, 2.808765525338712266e-01, 4.209512898224703759e-01
1.560917252059844662e-01, 1.420613580655160912e-01, 2.808920661363779603e-01, 4.209548505921214545e-01
1.560588302481712430e-01, 1.420752043590346181e-01, 2.809075815431566481e-01, 4.209583838496376851e-01
1.560259648872686367e-01, 1.420890467703813109e-01, 2.809230987409591096e-01, 4.209618896013909706e-01
1.559931291337192105e-01, 1.421028852959774214e-01, 2.809386177165486553e-01, 4.209653678537546573e-01
1.559603229979528993e-01, 1.421167199322447006e-01, 2.809541384566985323e-01, 4.209688186131037013e-01
1.559275464903873976e-01, 1.421305506756055659e-01, 2.809696609481934781e-01, 4.209722418858135029e-01
1.558947996214277154e-01, 1.421443775224829065e-01, 2.809851851778281673e-01, 4.209756376782611276e-01
1.558620824014665673e-01, 1.421582004693002499e-01, 2.810007111324083762e-01, 4.209790059968248621e-01
1.558293948408841223e-01, 1.421720195124816510e-01, 2.810162387987505395e-01, 4.209823468478837705e-01
1.557967369500480870e-01, 1.421858346484517199e-01, 2.810317681636815834e-01, 4.209856602378184154e-01
1.557641087393139556e-01, 1.421996458736358437e-01, 2.810472992140396475e-01, 4.209889461730105809e-01
1.557315102190246214e-01, 1.422134531844596594e-01, 2.810628319366727523e-01, 4.209922046598429946e-01
1.556989413995105431e-01, 1.422272565773496922e-01, 2.810783663184404646e-01, 4.209954357046992723e-01
1.556664022910899670e-01, 1.422410560487327447e-01, 2.810939023462123987e-01, 4.209986393139649730e-01
1.556338929040686769e-01, 1.422548515950364523e-01, 2.811094400068691601e-01, 4.210018154940259327e-01
1.556014132487399115e-01, 1.422686432126888112e-01, 2.811249792873020681e-01, 4.210049642512692092e-01
1.555689633353848911e-01, 1.422824308981185393e-01, 2.811405201744129889e-01, 4.210080855920834697e-01
1.555365431742722626e-01, 1.422962146477549095e-01, 2.811560626551147246e-01, 4.210111795228580478e-01
1.555041527756582664e-01, 1.423099944580276111e-01, 2.811716067163305688e-01, 4.210142460499836092e-01
1.554717921497871247e-01, 1.423237703253671105e-01, 2.811871523449944177e-01, 4.210172851798513749e-01
1.554394613068904862e-01, 1.423375422462042350e-01, 2.812026995280510477e-01, 4.210202969188543420e-01
1.554071602571877320e-01, 1.423513102169706168e-01, 2.812182482524558380e-01, 4.210232812733857299e-01
1.553748890108860026e-01, 1.423650742340982767e-01, 2.812337985051749367e-01, 4.210262382498407008e-01
1.553426475781801708e-01, 1.423788342940198737e-01, 2.812493502731853168e-01, 4.210291678546147498e-01
1.553104359692527026e-01, 1.423925903931686221e-01, 2.812649035434741096e-01, 4.210320700941047045e-01
1.552782541942738792e-01, 1.424063425279782080e-01, 2.812804583030397154e-01, 4.210349449747081696e-01
1.552461022634018528e-01, 1.424200906948831225e-01, 2.812960145388910260e-01, 4.210377925028239710e-01
1.552139801867823965e-01, 1.424338348903181894e-01, 2.813115722380474804e-01, 4.210406126848518782e-01
1.551818879745490709e-01, 1.424475751107189270e-01, 2.813271313875393975e-01, 4.210434055271926601e-01
1.551498256368231687e-01, 1.424613113525213526e-01, 2.813426919744076993e-01, 4.210461710362478072e-01
1.551177931837139645e-01, 1.424750436121620667e-01, 2.813582539857040210e-01, 4.210489092184200310e-01
1.550857906253182150e-01, 1.424887718860783081e-01, 2.813738174084906007e-01, 4.210516200801129316e-01
1.550538179717207976e-01, 1.425024961707077042e-01, 2.813893822298405012e-01, 4.210543036277311080e-01
1.550218752329942662e-01, 1.425162164624886874e-01, 2.814049484368373877e-01, 4.210569598676797143e-01
1.549899624191989900e-01, 1.425299327578599951e-01, 2.814205160165755282e-01, 4.210595888063653480e-01
1.549580795403832367e-01, 1.425436450532611421e-01, 2.814360849561602929e-01, 4.210621904501952173e-01
1.549262266065831728e-01, 1.425573533451321706e-01, 2.814516552427070439e-01, 4.210647648055777514e-01
1.548944036278226688e-01, 1.425710576299134558e-01, 2.814672268633424124e-01, 4.210673118789214908e-01
1.548626106141135772e-01, 1.425847579040462887e-01, 2.814827998052032987e-01, 4.210698316766368077e-01
1.548308475754556768e-01, 1.425984541639722658e-01, 2.814983740554378167e-01, 4.210723242051342963e-01
1.547991145218365894e-01, 1.426121464061336774e-01, 2.815139496012040721e-01, 4.210747894708257166e-01
1.547674114632317521e-01, 1.426258346269732580e-01, 2.815295264296714950e-01, 4.210772274801236614e-01
1.547357384096045563e-01, 1.426395188229343802e-01, 2.815451045280198406e-01, 4.210796382394412229e-01
1.547040953709066247e-01, 1.426531989904610553e-01, 2.815606838834394110e-01, 4.210820217551929368e-01
1.546724823570770624e-01, 1.426668751259976553e-01, 2.815762644831316108e-01, 4.210843780337936715e-01
1.546408993780431507e-01, 1.426805472259893293e-01, 2.815918463143082806e-01, 4.210867070816591839e-01
1.546093464437200971e-01, 1.426942152868815594e-01, 2.816074293641918080e-01, 4.210890089052063967e-01
1.545778235640111742e-01, 1.427078793051206607e-01, 2.816230136200156831e-01, 4.210912835108526209e-01
1.545463307488074145e-01, 1.427215392771531699e-01, 2.816385990690234986e-01, 4.210935309050158892e-01
1.545148680079880821e-01, 1.427351951994264845e-01, 2.816541856984701164e-01, 4.210957510941152893e-01
1.544834353514202008e-01, 1.427488470683884181e-01, 2.816697734956204457e-01, 4.210979440845709632e-01
1.544520327889591094e-01, 1.427624948804873672e-01, 2.816853624477506646e-01, 4.211001098828029421e-01
1.544206603304478231e-01, 1.427761386321722836e-01, 2.817009525421471094e-01, 4.211022484952328115e-01
1.543893179857176168e-01, 1.427897783198926185e-01, 2.817165437661073302e-01, 4.211043599282823791e-01
1.543580057645877746e-01, 1.428034139400985725e-01, 2.817321361069389796e-01, 4.211064441883746179e-01
1.543267236768655903e-01, 1.428170454892406238e-01, 2.817477295519607017e-01, 4.211085012819330564e-01
1.542954717323465064e-01, 1.428306729637700279e-01, 2.817633240885019652e-01, 4.211105312153816116e-01
1.542642499408138357e-01, 1.428442963601384563e-01, 2.817789197039023974e-01, 4.211125339951452551e-01
1.542330583120391230e-01, 1.428579156747982470e-01, 2.817945163855128388e-01, 4.211145096276497912e-01
1.542018968557821168e-01, 1.428715309042021819e-01, 2.818101141206943994e-01, 4.211164581193212464e-01
1.541707655817905198e-01, 1.428851420448037091e-01, 2.818257128968191250e-01, 4.211183794765865351e-01
1.541396644998000998e-01, 1.428987490930568593e-01, 2.818413127012694974e-01, 4.211202737058736267e-01
1.541085936195348838e-01, 1.429123520454159413e-01, 2.818569135214386567e-01, 4.211221408136105460e-01
1.540775529507070196e-01, 1.429259508983361238e-01, 2.818725153447307341e-01, 4.211239808062260948e-01
1.540465425030167201e-01, 1.429395456482730475e-01, 2.818881181585601858e-01, 4.211257936901501298e-01
1.540155622861524021e-01, 1.429531362916827419e-01, 2.819037219503520708e-01, 4.211275794718126742e-01
1.539846123097906860e-01, 1.429667228250220690e-01, 2.819193267075426057e-01, 4.211293381576446393e-01
1.539536925835962300e-01, 1.429803052447482792e-01, 2.819349324175781657e-01, 4.211310697540772696e-01
1.539228031172221733e-01, 1.429938835473190673e-01, 2.819505390679158952e-01, 4.211327742675428643e-01
1.538919439203095818e-01, 1.430074577291929327e-01, 2.819661466460236521e-01, 4.211344517044738889e-01
1.538611150024876972e-01, 1.430210277868287361e-01, 2.819817551393798971e-01, 4.211361020713035863e-01
1.538303163733742984e-01, 1.430345937166859205e-01, 2.819973645354740266e-01, 4.211377253744658655e-01
1.537995480425750627e-01, 1.430481555152245676e-01, 2.820129748218054844e-01, 4.211393216203948575e-01
1.537688100196841490e-01, 1.430617131789052587e-01, 2.820285859858849831e-01, 4.211408908155258035e-01
1.537381023142837810e-01, 1.430752667041889636e-01, 2.820441980152335049e-01, 4.211424329662938892e-01
1.537074249359444422e-01, 1.430888160875374848e-01, 2.820598108973827456e-01, 4.211439480791352441e-01
1.536767778942251805e-01, 1.431023613254130966e-01, 2.820754246198752258e-01, 4.211454361604864971e-01
1.536461611986730535e-01, 1.431159024142784897e-01, 2.820910391702639020e-01, 4.211468972167846103e-01
1.536155748588234060e-01, 1.431294393505969376e-01, 2.821066545361123334e-01, 4.211483312544673230e-01
1.535850188842000363e-01, 1.431429721308324077e-01, 2.821222707049951262e-01, 4.211497382799725409e-01
1.535544932843149191e-01, 1.431565007514492283e-01, 2.821378876644969891e-01, 4.211511182997390024e-01
1.535239980686683992e-01, 1.431700252089122549e-01, 2.821535054022135114e-01, 4.211524713202056680e-01
1.534935332467492197e-01, 1.431835454996872870e-01, 2.821691239057511069e-01, 4.211537973478123864e-01
1.534630988280344666e-01, 1.431970616202401514e-01, 2.821847431627265146e-01, 4.211550963889988952e-01
1.534326948219894016e-01, 1.432105735670374802e-01, 2.822003631607672980e-01, 4.211563684502058758e-01
1.534023212380679624e-01, 1.432240813365464327e-01, 2.822159838875114568e-01, 4.211576135378741204e-01
1.533719780857121517e-01, 1.432375849252347511e-01, 2.822316053306077599e-01, 4.211588316584454761e-01
1.533416653743524261e-01, 1.432510843295705660e-01, 2.822472274777158008e-01, 4.211600228183613459e-01
1.533113831134078897e-01, 1.432645795460227300e-01, 2.822628503165054425e-01, 4.211611870240639099e-01
1.532811313122857955e-01, 1.432780705710605673e-01, 2.822784738346572619e-01, 4.211623242819962365e-01
1.532509099803818498e-01, 1.432915574011539572e-01, 2.822940980198628824e-01, 4.211634345986012273e-01
1.532207191270802960e-01, 1.433050400327733065e-01, 2.823097228598238084e-01, 4.211645179803226169e-01
1.531905587617536646e-01, 1.433185184623895492e-01, 2.823253483422527021e-01, 4.211655744336040841e-01
1.531604288937631064e-01, 1.433319926864741467e-01, 2.823409744548727729e-01, 4.211666039648900295e-01
1.531303295324581148e-01, 1.433454627014992544e-01, 2.823566011854176661e-01, 4.211676065806250757e-01
1.531002606871765537e-01, 1.433589285039373606e-01, 2.823722285216318517e-01, 4.211685822872542340e-01
1.530702223672450735e-01, 1.433723900902616755e-01, 2.823878564512703471e-01, 4.211695310912230705e-01
1.530402145819785009e-01, 1.433858474569458252e-01, 2.824034849620986054e-01, 4.211704529989770407e-01
1.530102373406803662e-01, 1.433993006004640192e-01, 2.824191140418930157e-01, 4.211713480169627100e-01
1.529802906526426531e-01, 1.434127495172909939e-01, 2.824347436784402920e-01, 4.211722161516259777e-01
1.529503745271458270e-01, 1.434261942039021520e-01, 2.824503738595379176e-01, 4.211730574094140755e-01
1.529204889734588901e-01, 1.434396346567732572e-01, 2.824660045729939783e-01, 4.211738717967738466e-01
1.528906340008394094e-01, 1.434530708723806836e-01, 2.824816358066270516e-01, 4.211746593201529110e-01
1.528608096185335441e-01, 1.434665028472013049e-01, 2.824972675482665951e-01, 4.211754199859986669e-01
1.528310158357759629e-01, 1.434799305777126610e-01, 2.825128997857521140e-01, 4.211761538007592343e-01
1.528012526617897882e-01, 1.434933540603927915e-01, 2.825285325069343823e-01, 4.211768607708829548e-01
1.527715201057870953e-01, 1.435067732917200967e-01, 2.825441656996743878e-01, 4.211775409028183925e-01
1.527418181769681360e-01, 1.435201882681737817e-01, 2.825597993518436657e-01, 4.211781942030142778e-01
1.527121468845220043e-01, 1.435335989862334682e-01, 2.825754334513246868e-01, 4.211788206779197852e-01
1.526825062376262199e-01, 1.435470054423791386e-01, 2.825910679860102470e-01, 4.211794203339842002e-01
1.526528962454472838e-01, 1.435604076330917744e-01, 2.826067029438036338e-01, 4.211799931776573636e-01
1.526233169171399284e-01, 1.435738055548523295e-01, 2.826223383126189592e-01, 4.211805392153888383e-01
1.525937682618477564e-01, 1.435871992041427292e-01, 2.826379740803809382e-01, 4.211810584536286872e-01
1.525642502887028518e-01, 1.436005885774452318e-01, 2.826536102350247215e-01, 4.211815508988273060e-01
1.525347630068262794e-01, 1.436139736712427062e-01, 2.826692467644959517e-01, 4.211820165574350350e-01
1.525053064253273916e-01, 1.436273544820186043e-01, 2.826848836567512069e-01, 4.211824554359027695e-01
1.524758805533045769e-01, 1.436407310062567388e-01, 2.827005208997573904e-01, 4.211828675406813494e-01
1.524464853998445668e-01, 1.436541032404415608e-01, 2.827161584814920636e-01, 4.211832528782217255e-01
1.524171209740232402e-01, 1.436674711810581595e-01, 2.827317963899432796e-01, 4.211836114549752930e-01
1.523877872849047077e-01, 1.436808348245920408e-01, 2.827474346131097493e-01, 4.211839432773935576e-01
1.523584843415421164e-01, 1.436941941675292100e-01, 2.827630731390007868e-01, 4.211842483519279701e-01
1.523292121529773169e-01, 1.437075492063563664e-01, 2.827787119556361417e-01, 4.211845266850302583e-01
1.522999707282407800e-01, 1.437208999375604868e-01, 2.827943510510462222e-01, 4.211847782831524833e-01
1.522707600763519298e-01, 1.437342463576293805e-01, 2.828099904132721498e-01, 4.211850031527465954e-01
1.522415802063187551e-01, 1.437475884630512180e-01, 2.828256300303650939e-01, 4.211852013002648221e-01
1.522124311271380870e-01, 1.437609262503147245e-01, 2.828412698903875477e-01, 4.211853727321595575e-01
1.521833128477956265e-01, 1.437742597159092361e-01, 2.828569099814121635e-01, 4.211855174548830849e-01
1.521542253772658060e-01, 1.437875888563244220e-01, 2.828725502915219736e-01, 4.211856354748878539e-01
1.521251687245118445e-01, 1.438009136680508115e-01, 2.828881908088106689e-01, 4.211857267986268138e-01
1.520961428984857755e-01, 1.438142341475791286e-01, 2.829038315213827093e-01, 4.211857914325524144e-01
1.520671479081285027e-01, 1.438275502914008186e-01, 2.829194724173531572e-01, 4.211858293831175493e-01
1.520381837623698551e-01, 1.438408620960078543e-01, 2.829351134848471783e-01, 4.211858406567751123e-01
1.520092504701283098e-01, 1.438541695578926805e-01, 2.829507547120008737e-01, 4.211858252599780528e-01
1.519803480403113249e-01, 1.438674726735483522e-01, 2.829663960869607808e-01, 4.211857831991795975e-01
1.519514764818152008e-01, 1.438807714394683412e-01, 2.829820375978840952e-01, 4.211857144808324183e-01
1.519226358035250801e-01, 1.438940658521467020e-01, 2.829976792329382262e-01, 4.211856191113901304e-01
1.518938260143151420e-01, 1.439073559080781273e-01, 2.830133209803012972e-01, 4.211854970973054613e-01
1.518650471230482690e-01, 1.439206416037576985e-01, 2.830289628281622005e-01, 4.211853484450318041e-01
1.518362991385762972e-01, 1.439339229356810246e-01, 2.830446047647200980e-01, 4.211851731610224414e-01
1.518075820697401546e-01, 1.439471999003444080e-01, 2.830602467781847542e-01, 4.211849712517305999e-01
1.517788959253695280e-01, 1.439604724942445679e-01, 2.830758888567764808e-01, 4.211847427236093400e-01
1.517502407142830023e-01, 1.439737407138785841e-01, 2.830915309887260811e-01, 4.211844875831122215e-01
1.517216164452883098e-01, 1.439870045557444800e-01, 2.831071731622749055e-01, 4.211842058366922492e-01
1.516930231271819141e-01, 1.440002640163404179e-01, 2.831228153656749069e-01, 4.211838974908027611e-01
1.516644607687493707e-01, 1.440135190921652264e-01, 2.831384575871883635e-01, 4.211835625518968174e-01
1.516359293787654106e-01, 1.440267697797184276e-01, 2.831540998150883226e-01, 4.211832010264278114e-01
1.516074289659933294e-01, 1.440400160754997660e-01, 2.831697420376581564e-01, 4.211828129208487481e-01
1.515789595391855982e-01, 1.440532579760097631e-01, 2.831853842431918400e-01, 4.211823982416126877e-01
1.515505211070839187e-01, 1.440664954777493567e-01, 2.832010264199937843e-01, 4.211819569951728570e-01
1.515221136784188627e-01, 1.440797285772200398e-01, 2.832166685563791697e-01, 4.211814891879820388e-01
1.514937372619097333e-01, 1.440929572709237771e-01, 2.832323106406731128e-01, 4.211809948264932935e-01
1.514653918662654808e-01, 1.441061815553631442e-01, 2.832479526612120546e-01, 4.211804739171593481e-01
1.514370775001835090e-01, 1.441194014270412438e-01, 2.832635946063421506e-01, 4.211799264664331521e-01
1.514087941723506470e-01, 1.441326168824616782e-01, 2.832792364644204919e-01, 4.211793524807672107e-01
1.513805418914426770e-01, 1.441458279181285218e-01, 2.832948782238146612e-01, 4.211787519666142510e-01
1.513523206661244458e-01, 1.441590345305464316e-01, 2.833105198729025664e-01, 4.211781249304264452e-01
1.513241305050500585e-01, 1.441722367162206475e-01, 2.833261614000727180e-01, 4.211774713786566315e-01
1.512959714168623793e-01, 1.441854344716567426e-01, 2.833418027937241179e-01, 4.211767913177567046e-01
1.512678434101937808e-01, 1.441986277933611782e-01, 2.833574440422662044e-01, 4.211760847541789476e-01
1.512397464936653668e-01, 1.442118166778404431e-01, 2.833730851341190737e-01, 4.211753516943751996e-01
1.512116806758877219e-01, 1.442250011216020256e-01, 2.833887260577128697e-01, 4.211745921447975216e-01
1.511836459654602727e-01, 1.442381811211536080e-01, 2.834043668014887829e-01, 4.211738061118973642e-01
1.511556423709718433e-01, 1.442513566730036501e-01, 2.834200073538981623e-01, 4.211729936021265108e-01
1.511276699010002389e-01, 1.442645277736608889e-01, 2.834356477034026267e-01, 4.211721546219361345e-01
1.510997285641126064e-01, 1.442776944196347833e-01, 2.834512878384748968e-01, 4.211712891777777967e-01
1.510718183688649907e-01, 1.442908566074352084e-01, 2.834669277475976301e-01, 4.211703972761022263e-01
1.510439393238031391e-01, 1.443040143335726222e-01, 2.834825674192640310e-01, 4.211694789233602632e-01
1.510160914374612529e-01, 1.443171675945579546e-01, 2.834982068419780177e-01, 4.211685341260029136e-01
1.509882747183634577e-01, 1.443303163869026629e-01, 2.835138460042537223e-01, 4.211675628904801294e-01
1.509604891750226663e-01, 1.443434607071188425e-01, 2.835294848946158242e-01, 4.211665652232425838e-01
1.509327348159411331e-01, 1.443566005517189776e-01, 2.835451235015994942e-01, 4.211655411307402286e-01
1.509050116496105098e-01, 1.443697359172160799e-01, 2.835607618137503394e-01, 4.211644906194230153e-01
1.508773196845114850e-01, 1.443828668001237714e-01, 2.835763998196244029e-01, 4.211634136957403962e-01
1.508496589291139778e-01, 1.443959931969562016e-01, 2.835920375077880529e-01, 4.211623103661417122e-01
1.508220293918774435e-01, 1.444091151042278809e-01, 2.836076748668184822e-01, 4.211611806370761935e-01
1.507944310812504851e-01, 1.444222325184540134e-01, 2.836233118853028201e-01, 4.211600245149927368e-01
1.507668640056707421e-01, 1.444353454361502476e-01, 2.836389485518390763e-01, 4.211588420063397953e-01
1.507393281735654456e-01, 1.444484538538328144e-01, 2.836545848550354187e-01, 4.211576331175661547e-01
1.507118235933512795e-01, 1.444615577680183616e-01, 2.836702207835107292e-01, 4.211563978551197129e-01
1.506843502734337703e-01, 1.444746571752241748e-01, 2.836858563258939370e-01, 4.211551362254480346e-01
1.506569082222081746e-01, 1.444877520719679564e-01, 2.837014914708247959e-01, 4.211538482349990176e-01
1.506294974480589521e-01, 1.445008424547680470e-01, 2.837171262069531630e-01, 4.211525338902197824e-01
1.506021179593597936e-01, 1.445139283201432034e-01, 2.837327605229394978e-01, 4.211511931975575052e-01
1.505747697644740091e-01, 1.445270096646127378e-01, 2.837483944074546960e-01, 4.211498261634584739e-01
1.505474528717539728e-01, 1.445400864846965172e-01, 2.837640278491800894e-01, 4.211484327943694761e-01
1.505201672895417064e-01, 1.445531587769148807e-01, 2.837796608368072238e-01, 4.211470130967360781e-01
1.504929130261684622e-01, 1.445662265377887501e-01, 2.837952933590383031e-01, 4.211455670770044568e-01
1.504656900899549732e-01, 1.445792897638394359e-01, 2.838109254045858565e-01, 4.211440947416197900e-01
1.504384984892112587e-01, 1.445923484515889423e-01, 2.838265569621727935e-01, 4.211425960970270888e-01
1.504113382322369297e-01, 1.446054025975596624e-01, 2.838421880205322378e-01, 4.211410711496712533e-01
1.503842093273208280e-01, 1.446184521982745996e-01, 2.838578185684083044e-01, 4.211395199059963512e-01
1.503571117827414150e-01, 1.446314972502571461e-01, 2.838734485945548225e-01, 4.211379423724466720e-01
1.503300456067665214e-01, 1.446445377500314156e-01, 2.838890780877364461e-01, 4.211363385554656169e-01
1.503030108076533755e-01, 1.446575736941219381e-01, 2.839047070367281544e-01, 4.211347084614966430e-01
1.502760073936487140e-01, 1.446706050790535769e-01, 2.839203354303150295e-01, 4.211330520969825963e-01
1.502490353729888373e-01, 1.446836319013520555e-01, 2.839359632572930336e-01, 4.211313694683660458e-01
1.502220947538994433e-01, 1.446966541575433196e-01, 2.839515905064681767e-01, 4.211296605820890604e-01
1.501951855445957107e-01, 1.447096718441541197e-01, 2.839672171666569600e-01, 4.211279254445933762e-01
1.501683077532823263e-01, 1.447226849577114560e-01, 2.839828432266860436e-01, 4.211261640623201741e-01
1.501414613881535687e-01, 1.447356934947429397e-01, 2.839984686753929122e-01, 4.211243764417106350e-01
1.501146464573930861e-01, 1.447486974517767921e-01, 2.840140935016250978e-01, 4.211225625892049962e-01
1.500878629691743404e-01, 1.447616968253416514e-01, 2.840297176942404578e-01, 4.211207225112435504e-01
1.500611109316599689e-01, 1.447746916119666827e-01, 2.840453412421073964e-01, 4.211188562142659797e-01
1.500343903530024781e-01, 1.447876818081816341e-01, 2.840609641341046987e-01, 4.211169637047113001e-01
1.500077012413437993e-01, 1.448006674105166425e-01, 2.840765863591212526e-01, 4.211150449890181946e-01
1.499810436048154283e-01, 1.448136484155024550e-01, 2.840922079060567151e-01, 4.211131000736254570e-01
1.499544174515384520e-01, 1.448266248196704298e-01, 2.841078287638207911e-01, 4.211111289649702716e-01
1.499278227896235494e-01, 1.448395966195522577e-01, 2.841234489213334546e-01, 4.211091316694908215e-01
1.499012596271711018e-01, 1.448525638116802128e-01, 2.841390683675252271e-01, 4.211071081936234584e-01
1.498747279722708603e-01, 1.448655263925870962e-01, 2.841546870913370659e-01, 4.211050585438048666e-01
1.498482278330025008e-01, 1.448784843588063198e-01, 2.841703050817201426e-01, 4.211029827264711201e-01
1.498217592174351520e-01, 1.448914377068715453e-01, 2.841859223276358981e-01, 4.211008807480572935e-01
1.497953221336275620e-01, 1.449043864333172948e-01, 2.842015388180561541e-01, 4.210987526149989613e-01
1.497689165896282093e-01, 1.449173305346783402e-01, 2.842171545419630574e-01, 4.210965983337304208e-01
1.497425425934752752e-01, 1.449302700074899808e-01, 2.842327694883491906e-01, 4.210944179106854701e-01
1.497162001531964493e-01, 1.449432048482883484e-01, 2.842483836462174618e-01, 4.210922113522977406e-01
1.496898892768091516e-01, 1.449561350536096305e-01, 2.842639970045808817e-01, 4.210899786650003085e-01
1.496636099723206437e-01, 1.449690606199909304e-01, 2.842796095524629529e-01, 4.210877198552254730e-01
1.496373622477276677e-01, 1.449819815439695458e-01, 2.842952212788975030e-01, 4.210854349294051446e-01
1.496111461110168628e-01, 1.449948978220835794e-01, 2.843108321729287957e-01, 4.210831238939709009e-01
1.495849615701645430e-01, 1.450078094508713000e-01, 2.843264422236108646e-01, 4.210807867553532646e-01
1.495588086331365307e-01, 1.450207164268719207e-01, 2.843420514200089011e-01, 4.210784235199826475e-01
1.495326873078886287e-01, 1.450336187466247928e-01, 2.843576597511975335e-01, 4.210760341942889617e-01
1.495065976023664256e-01, 1.450465164066699897e-01, 2.843732672062622702e-01, 4.210736187847011758e-01
1.494805395245051016e-01, 1.450594094035481119e-01, 2.843888737742989448e-01, 4.210711772976478695e-01
1.494545130822296231e-01, 1.450722977338000375e-01, 2.844044794444131607e-01, 4.210687097395571787e-01
1.494285182834548253e-01, 1.450851813939674773e-01, 2.844200842057213463e-01, 4.210662161168564066e-01
1.494025551360851634e-01, 1.450980603805924196e-01, 2.844356880473498106e-01, 4.210636964359726897e-01
1.493766236480150722e-01, 1.451109346902174912e-01, 2.844512909584355764e-01, 4.210611507033319434e-01
1.493507238271287729e-01, 1.451238043193857352e-01, 2.844668929281254366e-01, 4.210585789253600275e-01
1.493248556813001893e-01, 1.451366692646408885e-01, 2.844824939455770640e-01, 4.210559811084819692e-01
1.492990192183930309e-01, 1.451495295225269377e-01, 2.844980939999577907e-01, 4.210533572591222962e-01
1.492732144462610155e-01, 1.451623850895885914e-01, 2.845136930804456066e-01, 4.210507073837047587e-01
1.492474413727476190e-01, 1.451752359623710575e-01, 2.845292911762288268e-01, 4.210480314886526076e-01
1.492217000056860476e-01, 1.451880821374199326e-01, 2.845448882765056475e-01, 4.210453295803882612e-01
1.491959903528996823e-01, 1.452009236112813961e-01, 2.845604843704848119e-01, 4.210426016653340264e-01
1.491703124222013843e-01, 1.452137603805021548e-01, 2.845760794473854438e-01, 4.210398477499108782e-01
1.491446662213942731e-01, 1.452265924416294152e-01, 2.845916734964365480e-01, 4.210370678405397915e-01
1.491190517582709762e-01, 1.452394197912109941e-01, 2.846072665068776764e-01, 4.210342619436404643e-01
1.490934690406143237e-01, 1.452522424257949030e-01, 2.846228584679583729e-01, 4.210314300656324837e-01
1.490679180761968203e-01, 1.452650603419300690e-01, 2.846384493689386175e-01, 4.210285722129343822e-01
1.490423988727812010e-01, 1.452778735361657247e-01, 2.846540391990888264e-01, 4.210256883919643589e-01
1.490169114381198756e-01, 1.452906820050515468e-01, 2.846696279476890745e-01, 4.210227786091395585e-01
1.489914557799551231e-01, 1.453034857451378781e-01, 2.846852156040302062e-01, 4.210198428708768481e-01
1.489660319060193971e-01, 1.453162847529755053e-01, 2.847008021574131131e-01, 4.210168811835919844e-01
1.489406398240349927e-01, 1.453290790251157705e-01, 2.847163875971487901e-01, 4.210138935537005023e-01
1.489152795417140740e-01, 1.453418685581104042e-01, 2.847319719125586679e-01, 4.210108799876167707e-01
1.488899510667591741e-01, 1.453546533485118586e-01, 2.847475550929741139e-01, 4.210078404917549366e-01
1.488646544068622513e-01, 1.453674333928728357e-01, 2.847631371277370982e-01, 4.210047750725278703e-01
1.488393895697055491e-01, 1.453802086877467037e-01, 2.847787180061994161e-01, 4.210016837363482201e-01
1.488141565629614582e-01, 1.453929792296874413e-01, 2.847942977177234103e-01, 4.209985664896276902e-01
1.487889553942919607e-01, 1.454057450152493047e-01, 2.848098762516813598e-01, 4.209954233387773193e-01
1.487637860713495463e-01, 1.454185060409872166e-01, 2.848254535974558133e-01, 4.209922542902074238e-01
1.487386486017763798e-01, 1.454312623034565988e-01, 2.848410297444396444e-01, 4.209890593503273770e-01
1.487135429932047448e-01, 1.454440137992132898e-01, 2.848566046820357189e-01, 4.209858385255461632e-01
1.486884692532570995e-01, 1.454567605248137663e-01, 2.848721783996573387e-01, 4.209825918222717123e-01
1.486634273895457992e-01, 1.454695024768149769e-01, 2.848877508867277975e-01, 4.209793192469113432e-01
1.486384174096734012e-01, 1.454822396517742589e-01, 2.849033221326806031e-01, 4.209760208058716535e-01
1.486134393212324989e-01, 1.454949720462496432e-01, 2.849188921269594221e-01, 4.209726965055583525e-01
1.485884931318056656e-01, 1.455076996567995495e-01, 2.849344608590182459e-01, 4.209693463523764834e-01
1.485635788489656495e-01, 1.455204224799830082e-01, 2.849500283183211136e-01, 4.209659703527302566e-01
1.485386964802754006e-01, 1.455331405123594657e-01, 2.849655944943421670e-01, 4.209625685130231054e-01
1.485138460332877663e-01, 1.455458537504888683e-01, 2.849811593765657625e-01, 4.209591408396575751e-01
1.484890275155459627e-01, 1.455585621909317451e-01, 2.849967229544866365e-01, 4.209556873390356557e-01
1.484642409345831027e-01, 1.455712658302491247e-01, 2.850122852176093513e-01, 4.209522080175585046e-01
1.484394862979226126e-01, 1.455839646650025077e-01, 2.850278461554488496e-01, 4.209487028816260579e-01
1.484147636130779824e-01, 1.455966586917539496e-01, 2.850434057575300106e-01, 4.209451719376380296e-01
1.483900728875529318e-01, 1.456093479070659502e-01, 2.850589640133882052e-01, 4.209416151919929683e-01
1.483654141288412442e-01, 1.456220323075016199e-01, 2.850745209125685742e-01, 4.209380326510886450e-01
1.483407873444269331e-01, 1.456347118896244297e-01, 2.850900764446265834e-01, 4.209344243213219428e-01
1.483161925417843530e-01, 1.456473866499985170e-01, 2.851056305991276907e-01, 4.209307902090893561e-01
1.482916297283777551e-01, 1.456600565851884632e-01, 2.851211833656478456e-01, 4.209271303207859360e-01
1.482670989116617044e-01, 1.456727216917593215e-01, 2.851367347337726565e-01, 4.209234446628061788e-01
1.482426000990811898e-01, 1.456853819662767002e-01, 2.851522846930981125e-01, 4.209197332415438586e-01
1.482181332980711530e-01, 1.456980374053067073e-01, 2.851678332332304722e-01, 4.209159960633915842e-01
1.481936985160569320e-01, 1.457106880054159781e-01, 2.851833803437856529e-01, 4.209122331347414092e-01
1.481692957604540672e-01, 1.457233337631716752e-01, 2.851989260143901195e-01, 4.209084444619842214e-01
1.481449250386682459e-01, 1.457359746751413221e-01, 2.852144702346800509e-01, 4.209046300515102979e-01
1.481205863580955795e-01, 1.457486107378931361e-01, 2.852300129943021179e-01, 4.209007899097091387e-01
1.480962797261223263e-01, 1.457612419479957788e-01, 2.852455542829129276e-01, 4.208969240429688563e-01
1.480720051501251133e-01, 1.457738683020184112e-01, 2.852610940901791903e-01, 4.208930324576772297e-01
1.480477626374707700e-01, 1.457864897965306383e-01, 2.852766324057777192e-01, 4.208891151602208724e-01
1.480235521955165778e-01, 1.457991064281027593e-01, 2.852921692193952641e-01, 4.208851721569853988e-01
1.479993738316098539e-01, 1.458117181933052953e-01, 2.853077045207288442e-01, 4.208812034543559233e-01
1.479752275530884786e-01, 1.458243250887095999e-01, 2.853232382994855265e-01, 4.208772090587163395e-01
1.479511133672805900e-01, 1.458369271108873599e-01, 2.853387705453823697e-01, 4.208731889764497636e-01
1.479270312815045563e-01, 1.458495242564107064e-01, 2.853543012481466468e-01, 4.208691432139380906e-01
1.479029813030691420e-01, 1.458621165218524363e-01, 2.853698303975155115e-01, 4.208650717775628824e-01
1.478789634392736752e-01, 1.458747039037857907e-01, 2.853853579832364429e-01, 4.208609746737042023e-01
1.478549776974074914e-01, 1.458872863987844271e-01, 2.854008839950664678e-01, 4.208568519087416138e-01
1.478310240847505452e-01, 1.458998640034227245e-01, 2.854164084227735487e-01, 4.208527034890533480e-01
1.478071026085729656e-01, 1.459124367142753120e-01, 2.854319312561346411e-01, 4.208485294210170258e-01
1.477832132761355832e-01, 1.459250045279175401e-01, 2.854474524849375805e-01, 4.208443297110092685e-01
1.477593560946892925e-01, 1.459375674409251200e-01, 2.854629720989799169e-01, 4.208401043654055873e-01
1.477355310714755787e-01, 1.459501254498744294e-01, 2.854784900880692478e-01, 4.208358533905806609e-01
1.477117382137263235e-01, 1.459626785513422342e-01, 2.854940064420232737e-01, 4.208315767929082241e-01
1.476879775286637497e-01, 1.459752267419057448e-01, 2.855095211506694097e-01, 4.208272745787611235e-01
1.476642490235005323e-01, 1.459877700181428650e-01, 2.855250342038457290e-01, 4.208229467545107627e-01
1.476405527054399647e-01, 1.460003083766318599e-01, 2.855405455913998525e-01, 4.208185933265282119e-01
1.476168885816755427e-01, 1.460128418139516882e-01, 2.855560553031895044e-01, 4.208142143011834313e-01
1.475932566593912698e-01, 1.460253703266814751e-01, 2.855715633290822897e-01, 4.208098096848448821e-01
1.475696569457618512e-01, 1.460378939114011787e-01, 2.855870696589562496e-01, 4.208053794838806372e-01
1.475460894479521945e-01, 1.460504125646912288e-01, 2.856025742826990843e-01, 4.208009237046576589e-01
1.475225541731177148e-01, 1.460629262831323050e-01, 2.856180771902085413e-01, 4.207964423535412446e-01
1.474990511284045569e-01, 1.460754350633059750e-01, 2.856335783713924159e-01, 4.207919354368970799e-01
1.474755803209491511e-01, 1.460879389017939178e-01, 2.856490778161685506e-01, 4.207874029610884081e-01
1.474521417578784077e-01, 1.461004377951785616e-01, 2.856645755144646692e-01, 4.207828449324781950e-01
1.474287354463100219e-01, 1.461129317400429173e-01, 2.856800714562185428e-01, 4.207782613574284070e-01
1.474053613933519191e-01, 1.461254207329703569e-01, 2.856955656313779346e-01, 4.207736522422997893e-01
1.473820196061027543e-01, 1.461379047705447243e-01, 2.857110580299005997e-01, 4.207690175934519217e-01
1.473587100916516346e-01, 1.461503838493504459e-01, 2.857265486417540079e-01, 4.207643574172438283e-01
1.473354328570782856e-01, 1.461628579659725036e-01, 2.857420374569162314e-01, 4.207596717200330905e-01
1.473121879094529685e-01, 1.461753271169962121e-01, 2.857575244653746127e-01, 4.207549605081762900e-01
1.472889752558365073e-01, 1.461877912990076356e-01, 2.857730096571265976e-01, 4.207502237880292872e-01
1.472657949032804003e-01, 1.462002505085931714e-01, 2.857884930221800124e-01, 4.207454615659462216e-01
1.472426468588266535e-01, 1.462127047423398551e-01, 2.858039745505523976e-01, 4.207406738482811770e-01
1.472195311295077802e-01, 1.462251539968350555e-01, 2.858194542322709530e-01, 4.207358606413863500e-01
1.471964477223470513e-01, 1.462375982686667242e-01, 2.858349320573732033e-01, 4.207310219516131600e-01
1.471733966443583841e-01, 1.462500375544233955e-01, 2.858504080159064986e-01, 4.207261577853116941e-01
1.471503779025461756e-01, 1.462624718506941035e-01, 2.858658820979280701e-01, 4.207212681488317618e-01
1.471273915039055802e-01, 1.462749011540683264e-01, 2.858813542935051411e-01, 4.207163530485210079e-01
1.471044374554223433e-01, 1.462873254611360141e-01, 2.858968245927148155e-01, 4.207114124907269104e-01
1.470815157640728288e-01, 1.462997447684877272e-01, 2.859122929856440787e-01, 4.207064464817952820e-01
1.470586264368242413e-01, 1.463121590727144983e-01, 2.859277594623899632e-01, 4.207014550280713250e-01
1.470357694806342097e-01, 1.463245683704078037e-01, 2.859432240130593272e-01, 4.206964381358986316e-01
1.470129449024512036e-01, 1.463369726581597585e-01, 2.859586866277690764e-01, 4.206913958116200725e-01
1.469901527092143112e-01, 1.463493719325628384e-01, 2.859741472966457754e-01, 4.206863280615772416e-01
1.469673929078532948e-01, 1.463617661902101297e-01, 2.859896060098259807e-01, 4.206812348921105671e-01
1.469446655052887574e-01, 1.463741554276952461e-01, 2.860050627574562965e-01, 4.206761163095597555e-01
1.469219705084318928e-01, 1.463865396416122178e-01, 2.860205175296929858e-01, 4.206709723202629592e-01
1.468993079241847077e-01, 1.463989188285556575e-01, 2.860359703167024148e-01, 4.206658029305573310e-01
1.468766777594397444e-01, 1.464112929851205391e-01, 2.860514211086607750e-01, 4.206606081467788583e-01
1.468540800210806629e-01, 1.464236621079025580e-01, 2.860668698957538614e-01, 4.206553879752628622e-01
1.468315147159814094e-01, 1.464360261934978258e-01, 2.860823166681779051e-01, 4.206501424223427210e-01
1.468089818510069922e-01, 1.464483852385029816e-01, 2.860977614161385740e-01, 4.206448714943514799e-01
1.467864814330132051e-01, 1.464607392395151364e-01, 2.861132041298513617e-01, 4.206395751976202968e-01
1.467640134688464326e-01, 1.464730881931318174e-01, 2.861286447995418647e-01, 4.206342535384799963e-01
1.467415779653438723e-01, 1.464854320959512735e-01, 2.861440834154456159e-01, 4.206289065232593494e-01
1.467191749293337011e-01, 1.464977709445720866e-01, 2.861595199678074741e-01, 4.206235341582866272e-01
1.466968043676347144e-01, 1.465101047355935326e-01, 2.861749544468828454e-01, 4.206181364498889352e-01
1.466744662870566318e-01, 1.465224334656150817e-01, 2.861903868429364062e-01, 4.206127134043918248e-01
1.466521606943999023e-01, 1.465347571312371200e-01, 2.862058171462429912e-01, 4.206072650281200698e-01
1.466298875964557880e-01, 1.465470757290602277e-01, 2.862212453470872053e-01, 4.206017913273968345e-01
1.466076470000064469e-01, 1.465593892556855404e-01, 2.862366714357633124e-01, 4.205962923085446170e-01
1.465854389118249335e-01, 1.465716977077149152e-01, 2.862520954025757902e-01, 4.205907679778844721e-01
1.465632633386749761e-01, 1.465840010817504313e-01, 2.862675172378383870e-01, 4.205852183417361778e-01
1.465411202873113661e-01, 1.465962993743948617e-01, 2.862829369318751760e-01, 4.205796434064186240e-01
1.465190097644796796e-01, 1.466085925822513958e-01, 2.862983544750198894e-01, 4.205740431782490352e-01
1.464969317769163060e-01, 1.466208807019238058e-01, 2.863137698576159185e-01, 4.205684176635439697e-01
1.464748863313486138e-01, 1.466331637300163637e-01, 2.863291830700164242e-01, 4.205627668686186538e-01
1.464528734344948124e-01, 1.466454416631337299e-01, 2.863445941025847263e-01, 4.205570907997867591e-01
1.464308930930640629e-01, 1.466577144978812308e-01, 2.863600029456935814e-01, 4.205513894633611249e-01
1.464089453137563390e-01, 1.466699822308646650e-01, 2.863754095897257379e-01, 4.205456628656532581e-01
1.463870301032627330e-01, 1.466822448586903305e-01, 2.863908140250736034e-01, 4.205399110129734441e-01
1.463651474682650111e-01, 1.466945023779649415e-01, 2.864062162421393554e-01, 4.205341339116306920e-01
1.463432974154360300e-01, 1.467067547852958231e-01, 2.864216162313350522e-01, 4.205283315679330669e-01
1.463214799514395981e-01, 1.467190020772908554e-01, 2.864370139830825224e-01, 4.205225039881869686e-01
1.462996950829304477e-01, 1.467312442505582792e-01, 2.864524094878132532e-01, 4.205166511786979644e-01
1.462779428165542905e-01, 1.467434813017069739e-01, 2.864678027359686130e-01, 4.205107731457701226e-01
1.462562231589477069e-01, 1.467557132273462628e-01, 2.864831937179995180e-01, 4.205048698957064568e-01
1.462345361167384505e-01, 1.467679400240859688e-01, 2.864985824243670431e-01, 4.204989414348085930e-01
1.462128816965450606e-01, 1.467801616885364702e-01, 2.865139688455415334e-01, 4.204929877693769358e-01
1.461912599049771944e-01, 1.467923782173086722e-01, 2.865293529720033816e-01, 4.204870089057108351e-01
1.461696707486354607e-01, 1.468045896070139245e-01, 2.865447347942425838e-01, 4.204810048501081421e-01
1.461481142341115591e-01, 1.468167958542640761e-01, 2.865601143027589615e-01, 4.204749756088653756e-01
1.461265903679880296e-01, 1.468289969556716701e-01, 2.865754914880621063e-01, 4.204689211882782773e-01
1.461050991568388080e-01, 1.468411929078494438e-01, 2.865908663406711021e-01, 4.204628415946407571e-01
1.460836406072282823e-01, 1.468533837074108839e-01, 2.866062388511149139e-01, 4.204567368342458922e-01
1.460622147257125691e-01, 1.468655693509699212e-01, 2.866216090099322211e-01, 4.204506069133852608e-01
1.460408215188382930e-01, 1.468777498351410415e-01, 2.866369768076713620e-01, 4.204444518383491647e-01
1.460194609931433907e-01, 1.468899251565391750e-01, 2.866523422348906114e-01, 4.204382716154267952e-01
1.459981331551568617e-01, 1.469020953117797235e-01, 2.866677052821576255e-01, 4.204320662509058448e-01
1.459768380113986852e-01, 1.469142602974787271e-01, 2.866830659400498305e-01, 4.204258357510726740e-01
1.459555755683800693e-01, 1.469264201102526424e-01, 2.866984241991543669e-01, 4.204195801222128104e-01
1.459343458326032017e-01, 1.469385747467185366e-01, 2.867137800500683120e-01, 4.204132993706101162e-01
1.459131488105613883e-01, 1.469507242034937822e-01, 2.867291334833979022e-01, 4.204069935025470106e-01
1.458919845087391087e-01, 1.469628684771964733e-01, 2.867444844897594769e-01, 4.204006625243048578e-01
1.458708529336119331e-01, 1.469750075644452036e-01, 2.867598330597790346e-01, 4.203943064421639120e-01
1.458497540916465218e-01, 1.469871414618589001e-01, 2.867751791840918996e-01, 4.203879252624027063e-01
1.458286879893006815e-01, 1.469992701660571277e-01, 2.867905228533434991e-01, 4.203815189912986638e-01
1.458076546330234757e-01, 1.470113936736600624e-01, 2.868058640581885310e-01, 4.203750876351279864e-01
1.457866540292548918e-01, 1.470235119812881019e-01, 2.868212027892914628e-01, 4.203686312001654879e-01
1.457656861844263407e-01, 1.470356250855624769e-01, 2.868365390373267543e-01, 4.203621496926844281e-01
1.457447511049602684e-01, 1.470477329831047231e-01, 2.868518727929780798e-01, 4.203556431189570119e-01
1.457238487972702390e-01, 1.470598356705369869e-01, 2.868672040469386619e-01, 4.203491114852541122e-01
1.457029792677611013e-01, 1.470719331444818034e-01, 2.868825327899118816e-01, 4.203425547978451582e-01
1.456821425228289058e-01, 1.470840254015624571e-01, 2.868978590126103345e-01, 4.203359730629984137e-01
1.456613385688608209e-01, 1.470961124384024543e-01, 2.869131827057564421e-01, 4.203293662869803660e-01
1.456405674122352445e-01, 1.471081942516260233e-01, 2.869285038600818405e-01, 4.203227344760567807e-01
1.456198290593219147e-01, 1.471202708378578083e-01, 2.869438224663285464e-01, 4.203160776364917028e-01
1.455991235164816600e-01, 1.471323421937230647e-01, 2.869591385152475138e-01, 4.203093957745477893e-01
1.455784507900665381e-01, 1.471444083158474081e-01, 2.869744519975994668e-01, 4.203026888964866425e-01
1.455578108864198916e-01, 1.471564692008569819e-01, 2.869897629041548437e-01, 4.202959570085681995e-01
1.455372038118764588e-01, 1.471685248453787342e-01, 2.870050712256936309e-01, 4.202892001170512870e-01
1.455166295727619574e-01, 1.471805752460396688e-01, 2.870203769530053628e-01, 4.202824182281930665e-01
1.454960881753935287e-01, 1.471926203994676774e-01, 2.870356800768892880e-01, 4.202756113482495337e-01
1.454755796260795708e-01, 1.472046603022909850e-01, 2.870509805881539256e-01, 4.202687794834755186e-01
1.454551039311198224e-01, 1.472166949511383716e-01, 2.870662784776177312e-01, 4.202619226401240193e-01
1.454346610968052234e-01, 1.472287243426390613e-01, 2.870815737361085973e-01, 4.202550408244471458e-01
1.454142511294179707e-01, 1.472407484734229444e-01, 2.870968663544637423e-01, 4.202481340426952316e-01
1.453938740352317405e-01, 1.472527673401203274e-01, 2.871121563235303764e-01, 4.202412023011173892e-01
1.453735298205113546e-01, 1.472647809393619889e-01, 2.871274436341650360e-01, 4.202342456059615650e-01
1.453532184915131142e-01, 1.472767892677793733e-01, 2.871427282772337497e-01, 4.202272639634738738e-01
1.453329400544844108e-01, 1.472887923220042306e-01, 2.871580102436121495e-01, 4.202202573798992091e-01
1.453126945156642813e-01, 1.473007900986690322e-01, 2.871732895241854155e-01, 4.202132258614812987e-01
1.452924818812828534e-01, 1.473127825944065827e-01, 2.871885661098482756e-01, 4.202061694144622606e-01
1.452723021575617612e-01, 1.473247698058502697e-01, 2.872038399915049500e-01, 4.201990880450829358e-01
1.452521553507139240e-01, 1.473367517296341189e-01, 2.872191111600694291e-01, 4.201919817595825002e-01
1.452320414669436566e-01, 1.473487283623925448e-01, 2.872343796064645849e-01, 4.201848505641991860e-01
1.452119605124466417e-01, 1.473606997007603781e-01, 2.872496453216236145e-01, 4.201776944651693935e-01
1.451919124934099858e-01, 1.473726657413732266e-01, 2.872649082964885414e-01, 4.201705134687281351e-01
1.451718974160121634e-01, 1.473846264808670592e-01, 2.872801685220113810e-01, 4.201633075811094242e-01
1.451519152864230167e-01, 1.473965819158782609e-01, 2.872954259891533635e-01, 4.201560768085453312e-01
1.451319661108038395e-01, 1.474085320430439661e-01, 2.873106806888853226e-01, 4.201488211572669829e-01
1.451120498953073490e-01, 1.474204768590015591e-01, 2.873259326121874735e-01, 4.201415406335036185e-01
1.450921666460776582e-01, 1.474324163603892568e-01, 2.873411817500497456e-01, 4.201342352434834226e-01
1.450723163692503037e-01, 1.474443505438454982e-01, 2.873564280934712278e-01, 4.201269049934330257e-01
1.450524990709523288e-01, 1.474562794060093884e-01, 2.873716716334608345e-01, 4.201195498895775038e-01
1.450327147573021447e-01, 1.474682029435205599e-01, 2.873869123610366394e-01, 4.201121699381406560e-01
1.450129634344096696e-01, 1.474801211530191170e-01, 2.874021502672264305e-01, 4.201047651453448384e-01
1.449932451083762452e-01, 1.474920340311456080e-01, 2.874173853430673220e-01, 4.200973355174109081e-01
1.449735597852948310e-01, 1.475039415745412752e-01, 2.874326175796057536e-01, 4.200898810605581679e-01
1.449539074712495879e-01, 1.475158437798476940e-01, 2.874478469678978243e-01, 4.200824017810048105e-01
1.449342881723163778e-01, 1.475277406437071337e-01, 2.874630734990090142e-01, 4.200748976849674188e-01
1.449147018945625698e-01, 1.475396321627622243e-01, 2.874782971640143514e-01, 4.200673687786609101e-01
1.448951486440469005e-01, 1.475515183336562897e-01, 2.874935179539980790e-01, 4.200598150682988696e-01
1.448756284268196970e-01, 1.475633991530329037e-01, 2.875087358600539322e-01, 4.200522365600935504e-01
1.448561412489228206e-01, 1.475752746175363617e-01, 2.875239508732851390e-01, 4.200446332602557065e-01
1.448366871163896397e-01, 1.475871447238115697e-01, 2.875391629848043085e-01, 4.200370051749945932e-01
1.448172660352449459e-01, 1.475990094685036003e-01, 2.875543721857334867e-01, 4.200293523105179117e-01
1.447978780115052877e-01, 1.476108688482584697e-01, 2.875695784672039901e-01, 4.200216746730320860e-01
1.447785230511786370e-01, 1.476227228597224161e-01, 2.875847818203569606e-01, 4.200139722687420418e-01
1.447592011602645279e-01, 1.476345714995422331e-01, 2.875999822363423108e-01, 4.200062451038509836e-01
1.447399123447539460e-01, 1.476464147643653246e-01, 2.876151797063197790e-01, 4.199984931845608949e-01
1.447206566106297998e-01, 1.476582526508396220e-01, 2.876303742214584291e-01, 4.199907165170722045e-01
1.447014339638661440e-01, 1.476700851556134730e-01, 2.876455657729365956e-01, 4.199829151075838984e-01
1.446822444104289562e-01, 1.476819122753358082e-01, 2.876607543519420496e-01, 4.199750889622932415e-01
1.446630879562755545e-01, 1.476937340066561133e-01, 2.876759399496717773e-01, 4.199672380873965549e-01
1.446439646073550966e-01, 1.477055503462243180e-01, 2.876911225573325348e-01, 4.199593624890880506e-01
1.446248743696082750e-01, 1.477173612906909073e-01, 2.877063021661400710e-01, 4.199514621735607744e-01
1.446058172489671778e-01, 1.477291668367068656e-01, 2.877214787673196272e-01, 4.199435371470063294e-01
1.445867932513557885e-01, 1.477409669809237880e-01, 2.877366523521057706e-01, 4.199355874156146529e-01
1.445678023826896530e-01, 1.477527617199936860e-01, 2.877518229117423387e-01, 4.199276129855743500e-01
1.445488446488759904e-01, 1.477645510505690984e-01, 2.877669904374826060e-01, 4.199196138630723052e-01
1.445299200558134711e-01, 1.477763349693032024e-01, 2.877821549205893392e-01, 4.199115900542940705e-01
1.445110286093926888e-01, 1.477881134728495083e-01, 2.877973163523341316e-01, 4.199035415654236436e-01
1.444921703154957715e-01, 1.477998865578622756e-01, 2.878124747239984571e-01, 4.198954684026435236e-01
1.444733451799964652e-01, 1.478116542209959861e-01, 2.878276300268728383e-01, 4.198873705721347660e-01
1.444545532087602169e-01, 1.478234164589059263e-01, 2.878427822522571233e-01, 4.198792480800767057e-01
1.444357944076443134e-01, 1.478351732682478548e-01, 2.878579313914604310e-01, 4.198711009326474008e-01
1.444170687824975485e-01, 1.478469246456778630e-01, 2.878730774358013167e-01, 4.198629291360232996e-01
1.443983763391605002e-01, 1.478586705878528473e-01, 2.878882203766074399e-01, 4.198547326963790738e-01
1.443797170834654198e-01, 1.478704110914299819e-01, 2.879033602052159524e-01, 4.198465116198885627e-01
1.443610910212363152e-01, 1.478821461530670511e-01, 2.879184969129733318e-01, 4.198382659127232741e-01
1.443424981582888400e-01, 1.478938757694224504e-01, 2.879336304912349931e-01, 4.198299955810536610e-01
1.443239385004304598e-01, 1.479055999371549357e-01, 2.879487609313660101e-01, 4.198217006310485666e-01
1.443054120534603968e-01, 1.479173186529239570e-01, 2.879638882247403386e-01, 4.198133810688753909e-01
1.442869188231694633e-01, 1.479290319133893250e-01, 2.879790123627417042e-01, 4.198050369006995353e-01
1.442684588153403669e-01, 1.479407397152115167e-01, 2.879941333367626033e-01, 4.197966681326854022e-01
1.442500320357475996e-01, 1.479524420550514807e-01, 2.880092511382050802e-01, 4.197882747709958395e-01
1.442316384901572712e-01, 1.479641389295706377e-01, 2.880243657584802830e-01, 4.197798568217917525e-01
1.442132781843274425e-01, 1.479758303354310467e-01, 2.880394771890087413e-01, 4.197714142912327695e-01
1.441949511240077364e-01, 1.479875162692951829e-01, 2.880545854212200330e-01, 4.197629471854770200e-01
1.441766573149398378e-01, 1.479991967278260490e-01, 2.880696904465532282e-01, 4.197544555106809128e-01
1.441583967628569662e-01, 1.480108717076872860e-01, 2.880847922564563901e-01, 4.197459392729994687e-01
1.441401694734842087e-01, 1.480225412055428957e-01, 2.880998908423868521e-01, 4.197373984785860435e-01
1.441219754525387142e-01, 1.480342052180576018e-01, 2.881149861958112179e-01, 4.197288331335923828e-01
1.441038147057291385e-01, 1.480458637418966272e-01, 2.881300783082054173e-01, 4.197202432441690112e-01
1.440856872387559773e-01, 1.480575167737253894e-01, 2.881451671710542062e-01, 4.197116288164644549e-01
1.440675930573117880e-01, 1.480691643102103605e-01, 2.881602527758519439e-01, 4.197029898566260742e-01
1.440495321670807183e-01, 1.480808063480180403e-01, 2.881753351141019270e-01, 4.196943263707992311e-01
1.440315045737390609e-01, 1.480924428838159279e-01, 2.881904141773169448e-01, 4.196856383651281219e-01
1.440135102829545877e-01, 1.481040739142715779e-01, 2.882054899570185014e-01, 4.196769258457552776e-01
1.439955493003872433e-01, 1.481156994360535162e-01, 2.882205624447377601e-01, 4.196681888188214526e-01
1.439776216316887014e-01, 1.481273194458304632e-01, 2.882356316320147660e-01, 4.196594272904661804e-01
1.439597272825024754e-01, 1.481389339402718053e-01, 2.882506975103987235e-01, 4.196506412668269959e-01
1.439418662584641129e-01, 1.481505429160474840e-01, 2.882657600714481627e-01, 4.196418307540403236e-01
1.439240385652007792e-01, 1.481621463698278851e-01, 2.882808193067306624e-01, 4.196329957582406456e-01
1.439062442083319515e-01, 1.481737442982840602e-01, 2.882958752078229603e-01, 4.196241362855609447e-01
1.438884831934686137e-01, 1.481853366980873665e-01, 2.883109277663110093e-01, 4.196152523421329272e-01
1.438707555262138116e-01, 1.481969235659099937e-01, 2.883259769737898659e-01, 4.196063439340863011e-01
1.438530612121625696e-01, 1.482085048984243814e-01, 2.883410228218636351e-01, 4.195974110675494972e-01
1.438354002569017798e-01, 1.482200806923036074e-01, 2.883560653021456366e-01, 4.195884537486488930e-01
1.438177726660103406e-01, 1.482316509442213326e-01, 2.883711044062584050e-01, 4.195794719835100328e-01
1.438001784450588516e-01, 1.482432156508516896e-01, 2.883861401258331902e-01, 4.195704657782561853e-01
1.437826175996102240e-01, 1.482547748088693940e-01, 2.884011724525110676e-01, 4.195614351390093977e-01
1.437650901352189314e-01, 1.482663284149496052e-01, 2.884162013779414946e-01, 4.195523800718899410e-01
1.437475960574318423e-01, 1.482778764657680937e-01, 2.884312268937834212e-01, 4.195433005830168094e-01
1.437301353717873043e-01, 1.482894189580011290e-01, 2.884462489917047900e-01, 4.195341966785067767e-01
1.437127080838161153e-01, 1.483009558883255086e-01, 2.884612676633827588e-01, 4.195250683644757839e-01
1.436953141990406635e-01, 1.483124872534186400e-01, 2.884762829005032003e-01, 4.195159156470374962e-01
1.436779537229755654e-01, 1.483240130499582921e-01, 2.884912946947617018e-01, 4.195067385323045239e-01
1.436606266611273885e-01, 1.483355332746229271e-01, 2.885063030378622884e-01, 4.194975370263874237e-01
1.436433330189946789e-01, 1.483470479240915352e-01, 2.885213079215184773e-01, 4.194883111353954752e-01
1.436260728020678779e-01, 1.483585569950434946e-01, 2.885363093374524457e-01, 4.194790608654361819e-01
1.436088460158297109e-01, 1.483700604841588777e-01, 2.885513072773959187e-01, 4.194697862226153817e-01
1.435916526657546877e-01, 1.483815583881182842e-01, 2.885663017330892810e-01, 4.194604872130376916e-01
1.435744927573094354e-01, 1.483930507036027302e-01, 2.885812926962821878e-01, 4.194511638428057299e-01
1.435573662959526708e-01, 1.484045374272937590e-01, 2.885962801587331206e-01, 4.194418161180202831e-01
1.435402732871350895e-01, 1.484160185558737188e-01, 2.886112641122099420e-01, 4.194324440447813052e-01
1.435232137362993654e-01, 1.484274940860250969e-01, 2.886262445484891193e-01, 4.194230476291864185e-01
1.435061876488804289e-01, 1.484389640144312683e-01, 2.886412214593564451e-01, 4.194136268773318577e-01
1.434891950303051333e-01, 1.484504283377759415e-01, 2.886561948366066499e-01, 4.194041817953123030e-01
1.434722358859923663e-01, 1.484618870527434353e-01, 2.886711646720433455e-01, 4.193947123892208251e-01
1.434553102213532993e-01, 1.484733401560185406e-01, 2.886861309574794143e-01, 4.193852186651487735e-01
1.434384180417909438e-01, 1.484847876442867143e-01, 2.887010936847365650e-01, 4.193757006291858880e-01
1.434215593527005117e-01, 1.484962295142337463e-01, 2.887160528456453878e-01, 4.193661582874203542e-01
1.434047341594693881e-01, 1.485076657625462038e-01, 2.887310084320457992e-01, 4.193565916459385812e-01
1.433879424674769087e-01, 1.485190963859110147e-01, 2.887459604357863752e-01, 4.193470007108257014e-01
1.433711842820947768e-01, 1.485305213810157454e-01, 2.887609088487247955e-01, 4.193373854881647378e-01
1.433544596086863965e-01, 1.485419407445484064e-01, 2.887758536627277328e-01, 4.193277459840374921e-01
1.433377684526077334e-01, 1.485533544731977296e-01, 2.887907948696707972e-01, 4.193180822045238232e-01
1.433211108192066208e-01, 1.485647625636527247e-01, 2.888057324614385357e-01, 4.193083941557020911e-01
1.433044867138232037e-01, 1.485761650126031785e-01, 2.888206664299247106e-01, 4.192986818436489349e-01
1.432878961417895503e-01, 1.485875618167392942e-01, 2.888355967670315216e-01, 4.192889452744397172e-01
1.432713391084300680e-01, 1.485989529727517466e-01, 2.888505234646704944e-01, 4.192791844541475799e-01
1.432548156190613375e-01, 1.486103384773319880e-01, 2.888654465147619255e-01, 4.192693993888447213e-01
1.432383256789919179e-01, 1.486217183271718034e-01, 2.888803659092352705e-01, 4.192595900846008972e-01
1.432218692935227911e-01, 1.486330925189636443e-01, 2.888952816400287005e-01, 4.192497565474848087e-01
1.432054464679470007e-01, 1.486444610494004059e-01, 2.889101936990893238e-01, 4.192398987835633251e-01
1.431890572075496526e-01, 1.486558239151754834e-01, 2.889251020783731305e-01, 4.192300167989015947e-01
1.431727015176082474e-01, 1.486671811129831045e-01, 2.889400067698452701e-01, 4.192201105995633781e-01
1.431563794033924031e-01, 1.486785326395176354e-01, 2.889549077654794962e-01, 4.192101801916104931e-01
1.431400908701638552e-01, 1.486898784914743310e-01, 2.889698050572585553e-01, 4.192002255811032585e-01
1.431238359231767343e-01, 1.487012186655487234e-01, 2.889846986371741866e-01, 4.191902467741003280e-01
1.431076145676772327e-01, 1.487125531584370941e-01, 2.889995884972269558e-01, 4.191802437766585787e-01
1.430914268089039654e-01, 1.487238819668362244e-01, 2.890144746294263656e-01, 4.191702165948334446e-01
1.430752726520875540e-01, 1.487352050874432841e-01, 2.890293570257905231e-01, 4.191601652346786944e-01
1.430591521024509594e-01, 1.487465225169561922e-01, 2.890442356783465838e-01, 4.191500897022462091e-01
1.430430651652093987e-01, 1.487578342520733121e-01, 2.890591105791308069e-01, 4.191399900035864268e-01
1.430270118455703454e-01, 1.487691402894936177e-01, 2.890739817201880002e-01, 4.191298661447480645e-01
1.430109921487335012e-01, 1.487804406259164713e-01, 2.890888490935717980e-01, 4.191197181317781739e-01
1.429950060798909073e-01, 1.487917352580420682e-01, 2.891037126913451605e-01, 4.191095459707219750e-01
1.429790536442267501e-01, 1.488030241825707145e-01, 2.891185725055790967e-01, 4.190993496676234109e-01
1.429631348469176111e-01, 1.488143073962037433e-01, 2.891334285283540528e-01, 4.190891292285245373e-01
1.429472496931323000e-01, 1.488255848956427374e-01, 2.891482807517592457e-01, 4.190788846594656336e-01
1.429313981880319662e-01, 1.488368566775899460e-01, 2.891631291678923854e-01, 4.190686159664855914e-01
1.429155803367699595e-01, 1.488481227387482009e-01, 2.891779737688604524e-01, 4.190583231556214705e-01
1.428997961444920528e-01, 1.488593830758205561e-01, 2.891928145467786981e-01, 4.190480062329086097e-01
1.428840456163363304e-01, 1.488706376855111757e-01, 2.892076514937718668e-01, 4.190376652043807937e-01
1.428683287574330218e-01, 1.488818865645242517e-01, 2.892224846019727513e-01, 4.190273000760700861e-01
1.428526455729049460e-01, 1.488931297095648365e-01, 2.892373138635234708e-01, 4.190169108540068854e-01
1.428369960678669004e-01, 1.489043671173383709e-01, 2.892521392705747485e-01, 4.190064975442199247e-01
1.428213802474264382e-01, 1.489155987845510731e-01, 2.892669608152861893e-01, 4.189960601527363271e-01
1.428057981166831747e-01, 1.489268247079094387e-01, 2.892817784898260025e-01, 4.189855986855813841e-01
1.427902496807291755e-01, 1.489380448841205740e-01, 2.892965922863713346e-01, 4.189751131487788327e-01
1.427747349446487901e-01, 1.489492593098923900e-01, 2.893114021971078809e-01, 4.189646035483509667e-01
1.427592539135187910e-01, 1.489604679819329924e-01, 2.893262082142303293e-01, 4.189540698903179150e-01
1.427438065924082622e-01, 1.489716708969512360e-01, 2.893410103299420832e-01, 4.189435121806983631e-01
1.427283929863788214e-01, 1.489828680516565862e-01, 2.893558085364551502e-01, 4.189329304255094422e-01
1.427130131004843150e-01, 1.489940594427588694e-01, 2.893706028259904750e-01, 4.189223246307663961e-01
1.426976669397709285e-01, 1.490052450669686057e-01, 2.893853931907774957e-01, 4.189116948024830256e-01
1.426823545092774370e-01, 1.490164249209968150e-01, 2.894001796230544765e-01, 4.189010409466711882e-01
1.426670758140349271e-01, 1.490275990015551555e-01, 2.894149621150687302e-01, 4.188903630693413538e-01
1.426518308590667139e-01, 1.490387673053557016e-01, 2.894297406590757293e-01, 4.188796611765018829e-01
1.426366196493888128e-01, 1.490499298291112218e-01, 2.894445152473399951e-01, 4.188689352741598593e-01
1.426214421900095508e-01, 1.490610865695349285e-01, 2.894592858721348749e-01, 4.188581853683207012e-01
1.426062984859296778e-01, 1.490722375233407004e-01, 2.894740525257418207e-01, 4.188474114649877178e-01
1.425911885421421721e-01, 1.490833826872428325e-01, 2.894888152004519433e-01, 4.188366135701630522e-01
1.425761123636329342e-01, 1.490945220579563413e-01, 2.895035738885640142e-01, 4.188257916898467381e-01
1.425610699553797878e-01, 1.491056556321966597e-01, 2.895183285823861863e-01, 4.188149458300374217e-01
1.425460613223532846e-01, 1.491167834066799147e-01, 2.895330792742349946e-01, 4.188040759967318616e-01
1.425310864695164270e-01, 1.491279053781225938e-01, 2.895478259564357448e-01, 4.187931821959250955e-01
1.425161454018246676e-01, 1.491390215432419619e-01, 2.895625686213224026e-01, 4.187822644336109956e-01
1.425012381242257709e-01, 1.491501318987557279e-01, 2.895773072612375931e-01, 4.187713227157809359e-01
1.424863646416602014e-01, 1.491612364413821279e-01, 2.895920418685324349e-01, 4.187603570484251247e-01
1.424715249590608745e-01, 1.491723351678400922e-01, 2.896067724355670392e-01, 4.187493674375320496e-01
1.424567190813529338e-01, 1.491834280748489949e-01, 2.896214989547096774e-01, 4.187383538890883661e-01
1.424419470134543619e-01, 1.491945151591287932e-01, 2.896362214183377803e-01, 4.187273164090790090e-01
1.424272087602754810e-01, 1.492055964174000271e-01, 2.896509398188370499e-01, 4.187162550034874697e-01
1.424125043267190360e-01, 1.492166718463838193e-01, 2.896656541486018477e-01, 4.187051696782951860e-01
1.423978337176804443e-01, 1.492277414428017923e-01, 2.896803644000353617e-01, 4.186940604394823739e-01
1.423831969380475182e-01, 1.492388052033762069e-01, 2.896950705655491620e-01, 4.186829272930271961e-01
1.423685939927007427e-01, 1.492498631248298235e-01, 2.897097726375635340e-01, 4.186717702449059830e-01
1.423540248865128865e-01, 1.492609152038859022e-01, 2.897244706085073118e-01, 4.186605893010937884e-01
1.423394896243495578e-01, 1.492719614372685355e-01, 2.897391644708181002e-01, 4.186493844675637788e-01
1.423249882110686482e-01, 1.492830018217020382e-01, 2.897538542169416087e-01, 4.186381557502875661e-01
1.423105206515208609e-01, 1.492940363539115856e-01, 2.897685398393328726e-01, 4.186269031552347086e-01
1.422960869505490999e-01, 1.493050650306226579e-01, 2.897832213304549209e-01, 4.186156266883734323e-01
1.422816871129891081e-01, 1.493160878485615128e-01, 2.897978986827792758e-01, 4.186043263556700755e-01
1.422673211436691343e-01, 1.493271048044548799e-01, 2.898125718887867852e-01, 4.185930021630892561e-01
1.422529890474099612e-01, 1.493381158950300991e-01, 2.898272409409658468e-01, 4.185816541165940929e-01
1.422386908290249885e-01, 1.493491211170149269e-01, 2.898419058318141839e-01, 4.185702822221458730e-01
1.422244264933200941e-01, 1.493601204671379801e-01, 2.898565665538376801e-01, 4.185588864857042180e-01
1.422101960450939118e-01, 1.493711139421281531e-01, 2.898712230995509898e-01, 4.185474669132269177e-01
1.421959994891375534e-01, 1.493821015387150619e-01, 2.898858754614769828e-01, 4.185360235106703741e-01
1.421818368302347757e-01, 1.493930832536288500e-01, 2.899005236321474110e-01, 4.185245562839888245e-01
1.421677080731619525e-01, 1.494040590836001881e-01, 2.899151676041024084e-01, 4.185130652391354511e-01
1.421536132226881022e-01, 1.494150290253605240e-01, 2.899298073698904354e-01, 4.185015503820611049e-01
1.421395522835746383e-01, 1.494259930756415278e-01, 2.899444429220686681e-01, 4.184900117187151380e-01
1.421255252605758967e-01, 1.494369512311757575e-01, 2.899590742532028309e-01, 4.184784492550454593e-01
1.421115321584388025e-01, 1.494479034886962154e-01, 2.899737013558670307e-01, 4.184668629969980347e-01
1.420975729819026201e-01, 1.494588498449364311e-01, 2.899883242226439228e-01, 4.184552529505169982e-01
1.420836477356996475e-01, 1.494697902966305725e-01, 2.900029428461245451e-01, 4.184436191215452072e-01
1.420697564245546052e-01, 1.494807248405133904e-01, 2.900175572189085949e-01, 4.184319615160235206e-01
1.420558990531849419e-01, 1.494916534733201630e-01, 2.900321673336039852e-01, 4.184202801398909100e-01
1.420420756263006679e-01, 1.495025761917867235e-01, 2.900467731828274554e-01, 4.184085749990852920e-01
1.420282861486046599e-01, 1.495134929926495992e-01, 2.900613747592037939e-01, 4.183968460995420857e-01
1.420145306247921624e-01, 1.495244038726456781e-01, 2.900759720553665599e-01, 4.183850934471955441e-01
1.420008090595515082e-01, 1.495353088285127363e-01, 2.900905650639575839e-01, 4.183733170479781993e-01
1.419871214575632312e-01, 1.495462078569888831e-01, 2.901051537776273559e-01, 4.183615169078205853e-01
1.419734678235009540e-01, 1.495571009548127828e-01, 2.901197381890344706e-01, 4.183496930326516816e-01
1.419598481620308605e-01, 1.495679881187238491e-01, 2.901343182908462937e-01, 4.183378454283990799e-01
1.419462624778117521e-01, 1.495788693454619678e-01, 2.901488940757383506e-01, 4.183259741009880406e-01
1.419327107754951578e-01, 1.495897446317676349e-01, 2.901634655363947712e-01, 4.183140790563425471e-01
1.419191930597255014e-01, 1.496006139743818186e-01, 2.901780326655078457e-01, 4.183021603003848066e-01
1.419057093351396015e-01, 1.496114773700462919e-01, 2.901925954557785792e-01, 4.182902178390353609e-01
1.418922596063673380e-01, 1.496223348155032717e-01, 2.902071538999163591e-01, 4.182782516782128646e-01
1.418788438780311245e-01, 1.496331863074954749e-01, 2.902217079906386221e-01, 4.182662618238346952e-01
1.418654621547461303e-01, 1.496440318427663119e-01, 2.902362577206715755e-01, 4.182542482818157881e-01
1.418521144411202806e-01, 1.496548714180597761e-01, 2.902508030827496976e-01, 4.182422110580703567e-01
1.418388007417541730e-01, 1.496657050301203606e-01, 2.902653440696156273e-01, 4.182301501585098946e-01
1.418255210612412720e-01, 1.496765326756932246e-01, 2.902798806740206627e-01, 4.182180655890448406e-01
1.418122754041678257e-01, 1.496873543515241378e-01, 2.902944128887242625e-01, 4.182059573555839127e-01
1.417990637751126715e-01, 1.496981700543592586e-01, 2.903089407064943783e-01, 4.181938254640337194e-01
1.417858861786475688e-01, 1.497089797809455503e-01, 2.903234641201072330e-01, 4.181816699202995924e-01
1.417727426193369500e-01, 1.497197835280304479e-01, 2.903379831223474317e-01, 4.181694907302850317e-01
1.417596331017381139e-01, 1.497305812923621082e-01, 2.903524977060080725e-01, 4.181572878998917053e-01
1.417465576304010877e-01, 1.497413730706889656e-01, 2.903670078638901919e-01, 4.181450614350197270e-01
1.417335162098687373e-01, 1.497521588597603981e-01, 2.903815135888035415e-01, 4.181328113415674341e-01
1.417205088446766015e-01, 1.497629386563260889e-01, 2.903960148735658664e-01, 4.181205376254314987e-01
1.417075355393531688e-01, 1.497737124571365819e-01, 2.904105117110035716e-01, 4.181082402925068164e-01
1.416945962984195728e-01, 1.497844802589426427e-01, 2.904250040939511113e-01, 4.180959193486865066e-01
1.416816911263900081e-01, 1.497952420584960365e-01, 2.904394920152513770e-01, 4.180835747998625784e-01
1.416688200277711751e-01, 1.498059978525488611e-01, 2.904539754677554764e-01, 4.180712066519244874e-01
1.416559830070628079e-01, 1.498167476378537699e-01, 2.904684544443228433e-01, 4.180588149107604679e-01
1.416431800687575071e-01, 1.498274914111641931e-01, 2.904829289378211832e-01, 4.180463995822570333e-01
1.416304112173404905e-01, 1.498382291692340329e-01, 2.904973989411265278e-01, 4.180339606722988655e-01
1.416176764572899538e-01, 1.498489609088178021e-01, 2.905118644471230693e-01, 4.180214981867691471e-01
1.416049757930769315e-01, 1.498596866266706240e-01, 2.905263254487034374e-01, 4.180090121315490626e-01
1.415923092291652974e-01, 1.498704063195481495e-01, 2.905407819387682000e-01, 4.179965025125183531e-01
1.415796767700117642e-01, 1.498811199842066677e-01, 2.905552339102266957e-01, 4.179839693355548724e-01
1.415670784200659393e-01, 1.498918276174031339e-01, 2.905696813559960345e-01, 4.179714126065349755e-01
1.415545141837701582e-01, 1.499025292158949196e-01, 2.905841242690017090e-01, 4.179588323313331300e-01
1.415419840655599004e-01, 1.499132247764402015e-01, 2.905985626421775381e-01, 4.179462285158222490e-01
1.415294880698632629e-01, 1.499239142957976278e-01, 2.906129964684655009e-01, 4.179336011658735250e-01
1.415170262011013480e-01, 1.499345977707264022e-01, 2.906274257408159034e-01, 4.179209502873564297e-01
1.415045984636880971e-01, 1.499452751979864218e-01, 2.906418504521869894e-01, 4.179082758861386027e-01
1.414922048620303185e-01, 1.499559465743380282e-01, 2.906562705955456072e-01, 4.178955779680860738e-01
1.414798454005277706e-01, 1.499666118965424788e-01, 2.906706861638663209e-01, 4.178828565390633742e-01
1.414675200835732172e-01, 1.499772711613612253e-01, 2.906850971501324099e-01, 4.178701116049331477e-01
1.414552289155520670e-01, 1.499879243655566630e-01, 2.906995035473349809e-01, 4.178573431715563169e-01
1.414429719008428177e-01, 1.499985715058914926e-01, 2.907139053484734670e-01, 4.178445512447921395e-01
1.414307490438169168e-01, 1.500092125791292752e-01, 2.907283025465555171e-01, 4.178317358304982632e-01
1.414185603488386511e-01, 1.500198475820340160e-01, 2.907426951345968846e-01, 4.178188969345305037e-01
1.414064058202652296e-01, 1.500304765113703309e-01, 2.907570831056213168e-01, 4.178060345627431227e-01
1.413942854624467560e-01, 1.500410993639034740e-01, 2.907714664526611092e-01, 4.177931487209886607e-01
1.413821992797264504e-01, 1.500517161363993102e-01, 2.907858451687564960e-01, 4.177802394151178267e-01
1.413701472764402889e-01, 1.500623268256242315e-01, 2.908002192469557046e-01, 4.177673066509797750e-01
1.413581294569172531e-01, 1.500729314283454074e-01, 2.908145886803154001e-01, 4.177543504344219949e-01
1.413461458254794134e-01, 1.500835299413303681e-01, 2.908289534619001859e-01, 4.177413707712900881e-01
1.413341963864414574e-01, 1.500941223613473929e-01, 2.908433135847829365e-01, 4.177283676674282686e-01
1.413222811441114113e-01, 1.501047086851653445e-01, 2.908576690420444644e-01, 4.177153411286787521e-01
1.413104001027901402e-01, 1.501152889095538068e-01, 2.908720198267738533e-01, 4.177022911608822553e-01
1.412985532667713207e-01, 1.501258630312826414e-01, 2.908863659320682915e-01, 4.176892177698777742e-01
1.412867406403418014e-01, 1.501364310471226260e-01, 2.909007073510329611e-01, 4.176761209615025838e-01
1.412749622277814365e-01, 1.501469929538451209e-01, 2.909150440767811485e-01, 4.176630007415921830e-01
1.412632180333629195e-01, 1.501575487482219307e-01, 2.909293761024344671e-01, 4.176498571159808493e-01
1.412515080613519491e-01, 1.501680984270255537e-01, 2.909437034211221906e-01, 4.176366900905002510e-01
1.412398323160073688e-01, 1.501786419870291267e-01, 2.909580260259820861e-01, 4.176234996709813907e-01
1.412281908015808607e-01, 1.501891794250063972e-01, 2.909723439101598030e-01, 4.176102858632528836e-01
1.412165835223172516e-01, 1.501997107377315843e-01, 2.909866570668092622e-01, 4.175970486731419573e-01
1.412050104824542907e-01, 1.502102359219797678e-01, 2.910009654890918784e-01, 4.175837881064741741e-01
1.411934716862227879e-01, 1.502207549745263326e-01, 2.910152691701775596e-01, 4.175705041690732644e-01
1.411819671378465868e-01, 1.502312678921475797e-01, 2.910295681032444293e-01, 4.175571968667613487e-01
1.411704968415425088e-01, 1.502417746716202540e-01, 2.910438622814784382e-01, 4.175438662053589933e-01
1.411590608015203807e-01, 1.502522753097216002e-01, 2.910581516980733086e-01, 4.175305121906847661e-01
1.411476590219832017e-01, 1.502627698032298342e-01, 2.910724363462311448e-01, 4.175171348285557915e-01
1.411362915071268931e-01, 1.502732581489234220e-01, 2.910867162191620450e-01, 4.175037341247875289e-01
1.411249582611405207e-01, 1.502837403435816899e-01, 2.911009913100840452e-01, 4.174903100851937165e-01
1.411136592882061003e-01, 1.502942163839844358e-01, 2.911152616122231196e-01, 4.174768627155863721e-01
1.411023945924987366e-01, 1.503046862669120409e-01, 2.911295271188132916e-01, 4.174633920217758476e-01
1.410911641781866510e-01, 1.503151499891456910e-01, 2.911437878230967446e-01, 4.174498980095708300e-01
1.410799680494310704e-01, 1.503256075474670717e-01, 2.911580437183233228e-01, 4.174363806847786740e-01
1.410688062103863383e-01, 1.503360589386583956e-01, 2.911722947977511966e-01, 4.174228400532040695e-01
1.410576786651998316e-01, 1.503465041595026808e-01, 2.911865410546464195e-01, 4.174092761206510960e-01
1.410465854180120437e-01, 1.503569432067834444e-01, 2.912007824822827051e-01, 4.173956888929217790e-01
1.410355264729565294e-01, 1.503673760772848700e-01, 2.912150190739423161e-01, 4.173820783758162567e-01
1.410245018341599599e-01, 1.503778027677916962e-01, 2.912292508229149535e-01, 4.173684445751333350e-01
1.410135115057420396e-01, 1.503882232750894388e-01, 2.912434777224984228e-01, 4.173547874966699878e-01
1.410025554918157009e-01, 1.503986375959640576e-01, 2.912576997659987454e-01, 4.173411071462214683e-01
1.409916337964869093e-01, 1.504090457272021786e-01, 2.912719169467294367e-01, 4.173274035295814754e-01
1.409807464238546082e-01, 1.504194476655911494e-01, 2.912861292580122829e-01, 4.173136766525419872e-01
1.409698933780110519e-01, 1.504298434079187896e-01, 2.913003366931767313e-01, 4.172999265208933162e-01
1.409590746630416114e-01, 1.504402329509737513e-01, 2.913145392455605553e-01, 4.172861531404242208e-01
1.409482902830245798e-01, 1.504506162915450473e-01, 2.913287369085089118e-01, 4.172723565169214055e-01
1.409375402420316448e-01, 1.504609934264225235e-01, 2.913429296753753395e-01, 4.172585366561705200e-01
1.409268245441273881e-01, 1.504713643523965805e-01, 2.913571175395210378e-01, 4.172446935639549381e-01
1.409161431933696473e-01, 1.504817290662582019e-01, 2.913713004943151996e-01, 4.172308272460569234e-01
1.409054961938094874e-01, 1.504920875647990930e-01, 2.913854785331346786e-01, 4.172169377082567410e-01
1.408948835494908680e-01, 1.505024398448114586e-01, 2.913996516493644884e-01, 4.172030249563331017e-01
1.408843052644512261e-01, 1.505127859030883919e-01, 2.914138198363974697e-01, 4.171890889960629956e-01
1.408737613427208657e-01, 1.505231257364232633e-01, 2.914279830876341792e-01, 4.171751298332217472e-01
1.408632517883233737e-01, 1.505334593416103039e-01, 2.914421413964831675e-01, 4.171611474735830716e-01
1.408527766052755370e-01, 1.505437867154443277e-01, 2.914562947563608675e-01, 4.171471419229192401e-01
1.408423357975872592e-01, 1.505541078547207590e-01, 2.914704431606914836e-01, 4.171331131870004150e-01
1.408319293692616991e-01, 1.505644227562357162e-01, 2.914845866029071031e-01, 4.171190612715955370e-01
1.408215573242950214e-01, 1.505747314167857898e-01, 2.914987250764476956e-01, 4.171049861824715488e-01
1.408112196666767013e-01, 1.505850338331683747e-01, 2.915128585747608914e-01, 4.170908879253941159e-01
1.408009164003894143e-01, 1.505953300021814767e-01, 2.915269870913023142e-01, 4.170767665061268503e-01
1.407906475294090076e-01, 1.506056199206236845e-01, 2.915411106195352486e-01, 4.170626219304320315e-01
1.407804130577044455e-01, 1.506159035852942529e-01, 2.915552291529311391e-01, 4.170484542040701625e-01
1.407702129892380305e-01, 1.506261809929929918e-01, 2.915693426849689240e-01, 4.170342633328000814e-01
1.407600473279651265e-01, 1.506364521405204604e-01, 2.915834512091352582e-01, 4.170200493223791272e-01
1.407499160778344638e-01, 1.506467170246778009e-01, 2.915975547189249562e-01, 4.170058121785628069e-01
1.407398192427878891e-01, 1.506569756422668493e-01, 2.916116532078402157e-01, 4.169915519071050181e-01
1.407297568267603383e-01, 1.506672279900899691e-01, 2.916257466693913947e-01, 4.169772685137582147e-01
1.407197288336803909e-01, 1.506774740649502731e-01, 2.916398350970963449e-01, 4.169629620042730189e-01
1.407097352674693824e-01, 1.506877138636514568e-01, 2.916539184844807453e-01, 4.169486323843984987e-01
1.406997761320419871e-01, 1.506979473829978544e-01, 2.916679968250781574e-01, 4.169342796598818901e-01
1.406898514313064952e-01, 1.507081746197944938e-01, 2.916820701124298587e-01, 4.169199038364690413e-01
1.406799611691639529e-01, 1.507183955708470136e-01, 2.916961383400847319e-01, 4.169055049199042462e-01
1.406701053495088838e-01, 1.507286102329616906e-01, 2.917102015015995975e-01, 4.168910829159299114e-01
1.406602839762289558e-01, 1.507388186029454125e-01, 2.917242595905388258e-01, 4.168766378302868336e-01
1.406504970532052867e-01, 1.507490206776057884e-01, 2.917383126004747251e-01, 4.168621696687142553e-01
1.406407445843120274e-01, 1.507592164537509827e-01, 2.917523605249870422e-01, 4.168476784369498644e-01
1.406310265734166953e-01, 1.507694059281899368e-01, 2.917664033576636284e-01, 4.168331641407297394e-01
1.406213430243800910e-01, 1.507795890977320918e-01, 2.917804410920997182e-01, 4.168186267857880156e-01
1.406116939410562428e-01, 1.507897659591876383e-01, 2.917944737218983176e-01, 4.168040663778576627e-01
1.406020793272925173e-01, 1.507999365093674049e-01, 2.918085012406703704e-01, 4.167894829226697073e-01
1.405924991869294816e-01, 1.508101007450828313e-01, 2.918225236420342039e-01, 4.167748764259536776e-01
1.405829535238009576e-01, 1.508202586631458841e-01, 2.918365409196157501e-01, 4.167602468934372695e-01
1.405734423417342449e-01, 1.508304102603695573e-01, 2.918505530670491566e-01, 4.167455943308471245e-01
1.405639656445496488e-01, 1.508405555335670389e-01, 2.918645600779757321e-01, 4.167309187439076079e-01
1.405545234360610074e-01, 1.508506944795525162e-01, 2.918785619460446124e-01, 4.167162201383418085e-01
1.405451157200754142e-01, 1.508608270951407038e-01, 2.918925586649127046e-01, 4.167014985198712607e-01
1.405357425003931904e-01, 1.508709533771468991e-01, 2.919065502282442992e-01, 4.166867538942157223e-01
1.405264037808079958e-01, 1.508810733223872047e-01, 2.919205366297116799e-01, 4.166719862670932306e-01
1.405170995651068011e-01, 1.508911869276781947e-01, 2.919345178629944026e-01, 4.166571956442206015e-01
1.405078298570699158e-01, 1.509012941898371929e-01, 2.919484939217800723e-01, 4.166423820313128190e-01
1.404985946604709601e-01, 1.509113951056823555e-01, 2.919624647997635658e-01, 4.166275454340830908e-01
1.404893939790768931e-01, 1.509214896720321164e-01, 2.919764304906474206e-01, 4.166126858582436254e-01
1.404802278166479568e-01, 1.509315778857059365e-01, 2.919903909881420567e-01, 4.165978033095040223e-01
1.404710961769377875e-01, 1.509416597435236651e-01, 2.920043462859653882e-01, 4.165828977935731037e-01
1.404619990636933047e-01, 1.509517352423060399e-01, 2.920182963778426011e-01, 4.165679693161581376e-01
1.404529364806547387e-01, 1.509618043788741870e-01, 2.920322412575068749e-01, 4.165530178829641716e-01
1.404439084315557695e-01, 1.509718671500501763e-01, 2.920461809186988833e-01, 4.165380434996950876e-01
1.404349149201234437e-01, 1.509819235526565495e-01, 2.920601153551669049e-01, 4.165230461720531019e-01
1.404259559500779797e-01, 1.509919735835166532e-01, 2.920740445606666014e-01, 4.165080259057388212e-01
1.404170315251330736e-01, 1.510020172394543336e-01, 2.920879685289614058e-01, 4.164929827064512979e-01
1.404081416489957601e-01, 1.510120545172941031e-01, 2.921018872538221345e-01, 4.164779165798879190e-01
1.403992863253665235e-01, 1.510220854138614455e-01, 2.921158007290274861e-01, 4.164628275317444617e-01
1.403904655579391036e-01, 1.510321099259821220e-01, 2.921297089483633758e-01, 4.164477155677154263e-01
1.403816793504005789e-01, 1.510421280504827823e-01, 2.921436119056233238e-01, 4.164325806934932039e-01
1.403729277064315883e-01, 1.510521397841906310e-01, 2.921575095946085665e-01, 4.164174229147690198e-01
1.403642106297060266e-01, 1.510621451239336777e-01, 2.921714020091276676e-01, 4.164022422372325449e-01
1.403555281238911545e-01, 1.510721440665404314e-01, 2.921852891429970178e-01, 4.163870386665715073e-01
1.403468801926475440e-01, 1.510821366088402340e-01, 2.921991709900400025e-01, 4.163718122084723028e-01
1.403382668396293553e-01, 1.510921227476629825e-01, 2.922130475440878894e-01, 4.163565628686197728e-01
1.403296880684841430e-01, 1.511021024798392676e-01, 2.922269187989794959e-01, 4.163412906526970936e-01
1.403211438828526614e-01, 1.511120758022003741e-01, 2.922407847485610222e-01, 4.163259955663859979e-01
1.403126342863691700e-01, 1.511220427115782805e-01, 2.922546453866861627e-01, 4.163106776153665534e-01
1.403041592826614059e-01, 1.511320032048055206e-01, 2.922685007072158836e-01, 4.162953368053171066e-01
1.402957188753504725e-01, 1.511419572787155441e-01, 2.922823507040192559e-01, 4.162799731419147831e-01
1.402873130680507563e-01, 1.511519049301422168e-01, 2.922961953709720118e-01, 4.162645866308349318e-01
1.402789418643702601e-01, 1.511618461559202098e-01, 2.923100347019581546e-01, 4.162491772777512922e-01
1.402706052679103532e-01, 1.511717809528849155e-01, 2.923238686908684603e-01, 4.162337450883363821e-01
1.402623032822657434e-01, 1.511817093178722538e-01, 2.923376973316013649e-01, 4.162182900682606657e-01
1.402540359110245882e-01, 1.511916312477188662e-01, 2.923515206180631321e-01, 4.162028122231934413e-01
1.402458031577686892e-01, 1.512015467392622547e-01, 2.923653385441669084e-01, 4.161873115588021754e-01
1.402376050260729368e-01, 1.512114557893403100e-01, 2.923791511038337232e-01, 4.161717880807528913e-01
1.402294415195059207e-01, 1.512213583947918660e-01, 2.923929582909917668e-01, 4.161562417947103354e-01
1.402213126416295974e-01, 1.512312545524562846e-01, 2.924067600995767235e-01, 4.161406727063373667e-01
1.402132183959993450e-01, 1.512411442591736765e-01, 2.924205565235316606e-01, 4.161250808212952901e-01
1.402051587861640192e-01, 1.512510275117847636e-01, 2.924343475568071393e-01, 4.161094661452440224e-01
1.401971338156659252e-01, 1.512609043071310444e-01, 2.924481331933610484e-01, 4.160938286838420375e-01
1.401891434880409015e-01, 1.512707746420546284e-01, 2.924619134271586596e-01, 4.160781684427458660e-01
1.401811878068180695e-01, 1.512806385133983189e-01, 2.924756882521727386e-01, 4.160624854276108175e-01
1.401732667755201667e-01, 1.512904959180056963e-01, 2.924894576623832676e-01, 4.160467796440908139e-01
1.401653803976633528e-01, 1.513003468527208961e-01, 2.925032216517778338e-01, 4.160310510978379450e-01
1.401575286767572925e-01, 1.513101913143887756e-01, 2.925169802143511300e-01, 4.160152997945026909e-01
1.401497116163050172e-01, 1.513200292998549967e-01, 2.925307333441054536e-01, 4.159995257397344770e-01
1.401419292198033406e-01, 1.513298608059658046e-01, 2.925444810350503189e-01, 4.159837289391806747e-01
1.401341814907421102e-01, 1.513396858295680825e-01, 2.925582232812025119e-01, 4.159679093984873233e-01
1.401264684326049836e-01, 1.513495043675095186e-01, 2.925719600765863126e-01, 4.159520671232991851e-01
1.401187900488689853e-01, 1.513593164166384397e-01, 2.925856914152333843e-01, 4.159362021192592462e-01
1.401111463430047555e-01, 1.513691219738038940e-01, 2.925994172911824953e-01, 4.159203143920088275e-01
1.401035373184762733e-01, 1.513789210358556236e-01, 2.926131376984799637e-01, 4.159044039471881393e-01
1.400959629787411620e-01, 1.513887135996440092e-01, 2.926268526311792129e-01, 4.158884707904356159e-01
1.400884233272503832e-01, 1.513984996620201806e-01, 2.926405620833412713e-01, 4.158725149273881372e-01
1.400809183674485425e-01, 1.514082792198359895e-01, 2.926542660490341619e-01, 4.158565363636813061e-01
1.400734481027737233e-01, 1.514180522699438425e-01, 2.926679645223334569e-01, 4.158405351049490051e-01
1.400660125366575415e-01, 1.514278188091970068e-01, 2.926816574973217233e-01, 4.158245111568236174e-01
1.400586116725251185e-01, 1.514375788344494433e-01, 2.926953449680891883e-01, 4.158084645249363054e-01
1.400512455137950252e-01, 1.514473323425556406e-01, 2.927090269287329627e-01, 4.157923952149163438e-01
1.400439140638794766e-01, 1.514570793303709750e-01, 2.927227033733578176e-01, 4.157763032323916197e-01
1.400366173261841374e-01, 1.514668197947515726e-01, 2.927363742960754078e-01, 4.157601885829890209e-01
1.400293553041081496e-01, 1.514765537325538924e-01, 2.927500396910049374e-01, 4.157440512723328263e-01
1.400221280010444658e-01, 1.514862811406355037e-01, 2.927636995522728824e-01, 4.157278913060470926e-01
1.400149354203792385e-01, 1.514960020158545029e-01, 2.927773538740126580e-01, 4.157117086897534897e-01
1.400077775654923751e-01, 1.515057163550696806e-01, 2.927910026503652285e-01, 4.156955034290727435e-01
1.400006544397571495e-01, 1.515154241551406045e-01, 2.928046458754784975e-01, 4.156792755296237485e-01
1.399935660465406184e-01, 1.515251254129275360e-01, 2.928182835435079734e-01, 4.156630249970239555e-01
1.399865123892031771e-01, 1.515348201252912919e-01, 2.928319156486159924e-01, 4.156467518368894276e-01
1.399794934710988648e-01, 1.515445082890936601e-01, 2.928455421849723850e-01, 4.156304560548350069e-01
1.399725092955754202e-01, 1.515541899011969562e-01, 2.928591631467540868e-01, 4.156141376564735923e-01
1.399655598659738376e-01, 1.515638649584642450e-01, 2.928727785281453055e-01, 4.155977966474167506e-01
1.399586451856287828e-01, 1.515735334577592852e-01, 2.928863883233371324e-01, 4.155814330332746609e-01
1.399517652578688154e-01, 1.515831953959466405e-01, 2.928999925265284299e-01, 4.155650468196561698e-01
1.399449200860155562e-01, 1.515928507698914296e-01, 2.929135911319245000e-01, 4.155486380121684586e-01
1.399381096733845475e-01, 1.516024995764596595e-01, 2.929271841337386384e-01, 4.155322066164171546e-01
1.399313340232848091e-01, 1.516121418125178644e-01, 2.929407715261905798e-01, 4.155157526380068300e-01
1.399245931390188658e-01, 1.516217774749335223e-01, 2.929543533035076641e-01, 4.154992760825400033e-01
1.399178870238829697e-01, 1.516314065605746386e-01, 2.929679294599240591e-01, 4.154827769556183048e-01
1.399112156811668506e-01, 1.516410290663099403e-01, 2.929814999896815930e-01, 4.154662552628416994e-01
1.399045791141539097e-01, 1.516506449890090424e-01, 2.929950648870286445e-01, 4.154497110098084867e-01
1.398979773261210258e-01, 1.516602543255420876e-01, 2.930086241462211416e-01, 4.154331442021157450e-01
1.398914103203387493e-01, 1.516698570727800233e-01, 2.930221777615218404e-01, 4.154165548453593315e-01
1.398848781000713026e-01, 1.516794532275945739e-01, 2.930357257272009908e-01, 4.153999429451331049e-01
1.398783806685764686e-01, 1.516890427868580749e-01, 2.930492680375355041e-01, 4.153833085070300357e-01
1.398719180291054243e-01, 1.516986257474436384e-01, 2.930628046868098413e-01, 4.153666515366411516e-01
1.398654901849032961e-01, 1.517082021062250707e-01, 2.930763356693151245e-01, 4.153499720395564254e-01
1.398590971392085214e-01, 1.517177718600770386e-01, 2.930898609793500809e-01, 4.153332700213642759e-01
1.398527388952534589e-01, 1.517273350058747083e-01, 2.931033806112200435e-01, 4.153165454876517892e-01
1.398464154562637507e-01, 1.517368915404941065e-01, 2.931168945592377839e-01, 4.152997984440042756e-01
1.398401268254589047e-01, 1.517464414608120371e-01, 2.931304028177229015e-01, 4.152830288960060456e-01
1.398338730060520174e-01, 1.517559847637059145e-01, 2.931439053810022122e-01, 4.152662368492399114e-01
1.398276540012496627e-01, 1.517655214460539581e-01, 2.931574022434094151e-01, 4.152494223092869086e-01
1.398214698142522527e-01, 1.517750515047350812e-01, 2.931708933992855926e-01, 4.152325852817271290e-01
1.398153204482535938e-01, 1.517845749366288910e-01, 2.931843788429785991e-01, 4.152157257721388883e-01
1.398092059064414139e-01, 1.517940917386158273e-01, 2.931978585688435057e-01, 4.151988437860993364e-01
1.398031261919968071e-01, 1.518036019075769960e-01, 2.932113325712421559e-01, 4.151819393291840687e-01
1.397970813080946784e-01, 1.518131054403942526e-01, 2.932248008445436649e-01, 4.151650124069672931e-01
1.397910712579035764e-01, 1.518226023339502295e-01, 2.932382633831241425e-01, 4.151480630250221071e-01
1.397850960445854995e-01, 1.518320925851281700e-01, 2.932517201813667485e-01, 4.151310911889196098e-01
1.397791556712963401e-01, 1.518415761908122052e-01, 2.932651712336614702e-01, 4.151140969042299567e-01
1.397732501411856065e-01, 1.518510531478870496e-01, 2.932786165344054008e-01, 4.150970801765218599e-01
1.397673794573963679e-01, 1.518605234532384163e-01, 2.932920560780026831e-01, 4.150800410113624772e-01
1.397615436230652819e-01, 1.518699871037523796e-01, 2.933054898588644543e-01, 4.150629794143178009e-01
1.397557426413228721e-01, 1.518794440963160686e-01, 2.933189178714088463e-01, 4.150458953909522686e-01
1.397499765152931950e-01, 1.518888944278171949e-01, 2.933323401100607630e-01, 4.150287889468288749e-01
1.397442452480939790e-01, 1.518983380951442752e-01, 2.933457565692522695e-01, 4.150116600875093931e-01
1.397385488428367351e-01, 1.519077750951866035e-01, 2.933591672434223696e-01, 4.149945088185542641e-01
1.397328873026264517e-01, 1.519172054248340842e-01, 2.933725721270171172e-01, 4.149773351455222636e-01
1.397272606305619558e-01, 1.519266290809775655e-01, 2.933859712144892273e-01, 4.149601390739711682e-01
1.397216688297356901e-01, 1.519360460605083396e-01, 2.933993645002987427e-01, 4.149429206094570888e-01
1.397161119032338805e-01, 1.519454563603188646e-01, 2.934127519789123673e-01, 4.149256797575349709e-01
1.397105898541361191e-01, 1.519548599773019870e-01, 2.934261336448037993e-01, 4.149084165237581501e-01
1.397051026855160583e-01, 1.519642569083513861e-01, 2.934395094924536762e-01, 4.148911309136789072e-01
1.396996504004408557e-01, 1.519736471503616848e-01, 2.934528795163495740e-01, 4.148738229328479687e-01
1.396942330019713685e-01, 1.519830307002279779e-01, 2.934662437109860078e-01, 4.148564925868147291e-01
1.396888504931621255e-01, 1.519924075548462761e-01, 2.934796020708642650e-01, 4.148391398811273056e-01
1.396835028770615217e-01, 1.520017777111133395e-01, 2.934929545904928494e-01, 4.148217648213322617e-01
1.396781901567114015e-01, 1.520111411659266776e-01, 2.935063012643865932e-01, 4.148043674129753278e-01
1.396729123351474755e-01, 1.520204979161844383e-01, 2.935196420870679335e-01, 4.147869476616001250e-01
1.396676694153991538e-01, 1.520298479587856855e-01, 2.935329770530655247e-01, 4.147695055727496083e-01
1.396624614004894349e-01, 1.520391912906302045e-01, 2.935463061569152377e-01, 4.147520411519650674e-01
1.396572882934351834e-01, 1.520485279086184194e-01, 2.935596293931598821e-01, 4.147345544047864596e-01
1.396521500972468799e-01, 1.520578578096516698e-01, 2.935729467563488737e-01, 4.147170453367525766e-01
1.396470468149287047e-01, 1.520671809906319616e-01, 2.935862582410387334e-01, 4.146995139534006003e-01
1.396419784494785654e-01, 1.520764974484620780e-01, 2.935995638417925324e-01, 4.146819602602668797e-01
1.396369450038881799e-01, 1.520858071800455236e-01, 2.936128635531805586e-01, 4.146643842628858212e-01
1.396319464811428823e-01, 1.520951101822867746e-01, 2.936261573697795946e-01, 4.146467859667909428e-01
1.396269828842217620e-01, 1.521044064520906680e-01, 2.936394452861732507e-01, 4.146291653775142638e-01
1.396220542160976630e-01, 1.521136959863632343e-01, 2.936527272969522429e-01, 4.146115225005867488e-01
1.396171604797371568e-01, 1.521229787820111146e-01, 2.936660033967140593e-01, 4.145938573415376416e-01
1.396123016781005421e-01, 1.521322548359415050e-01, 2.936792735800627940e-01, 4.145761699058951866e-01
1.396074778141417894e-01, 1.521415241450627676e-01, 2.936925378416094246e-01, 4.145584601991861295e-01
1.396026888908085684e-01, 1.521507867062835695e-01, 2.937057961759715341e-01, 4.145407282269361615e-01
1.395979349110426371e-01, 1.521600425165137993e-01, 2.937190485777741444e-01, 4.145229739946694747e-01
1.395932158777788978e-01, 1.521692915726638173e-01, 2.937322950416482170e-01, 4.145051975079090401e-01
1.395885317939466186e-01, 1.521785338716448444e-01, 2.937455355622320408e-01, 4.144873987721763853e-01
1.395838826624683782e-01, 1.521877694103689338e-01, 2.937587701341705104e-01, 4.144695777929921499e-01
1.395792684862606214e-01, 1.521969981857488052e-01, 2.937719987521152376e-01, 4.144517345758752525e-01
1.395746892682337426e-01, 1.522062201946980109e-01, 2.937852214107246618e-01, 4.144338691263435570e-01
1.395701450112915576e-01, 1.522154354341309912e-01, 2.937984381046639393e-01, 4.144159814499135952e-01
1.395656357183318319e-01, 1.522246439009627139e-01, 2.938116488286049988e-01, 4.143980715521005664e-01
1.395611613922461414e-01, 1.522338455921090350e-01, 2.938248535772263192e-01, 4.143801394384185044e-01
1.395567220359196781e-01, 1.522430405044866986e-01, 2.938380523452135962e-01, 4.143621851143801660e-01
1.395523176522314446e-01, 1.522522286350131704e-01, 2.938512451272586312e-01, 4.143442085854968093e-01
1.395479482440542818e-01, 1.522614099806065824e-01, 2.938644319180602760e-01, 4.143262098572789154e-01
1.395436138142545912e-01, 1.522705845381859269e-01, 2.938776127123240434e-01, 4.143081889352352998e-01
1.395393143656928903e-01, 1.522797523046711121e-01, 2.938907875047623852e-01, 4.142901458248736124e-01
1.395350499012232015e-01, 1.522889132769826293e-01, 2.939039562900939706e-01, 4.142720805317001709e-01
1.395308204236932470e-01, 1.522980674520418298e-01, 2.939171190630445185e-01, 4.142539930612204602e-01
1.395266259359448369e-01, 1.523072148267708148e-01, 2.939302758183461872e-01, 4.142358834189380778e-01
1.395224664408133142e-01, 1.523163553980925733e-01, 2.939434265507380184e-01, 4.142177516103559554e-01
1.395183419411278880e-01, 1.523254891629308716e-01, 2.939565712549657150e-01, 4.141995976409753033e-01
1.395142524397116335e-01, 1.523346161182101144e-01, 2.939697099257815305e-01, 4.141814215162967217e-01
1.395101979393811309e-01, 1.523437362608556778e-01, 2.939828425579443794e-01, 4.141632232418188675e-01
1.395061784429470486e-01, 1.523528495877935485e-01, 2.939959691462199487e-01, 4.141450028230393987e-01
1.395021939532138100e-01, 1.523619560959507124e-01, 2.940090896853803648e-01, 4.141267602654551960e-01
1.394982444729792326e-01, 1.523710557822547385e-01, 2.940222041702045819e-01, 4.141084955745613083e-01
1.394943300050355828e-01, 1.523801486436342223e-01, 2.940353125954782154e-01, 4.140902087558519518e-01
1.394904505521684379e-01, 1.523892346770184258e-01, 2.940484149559932092e-01, 4.140718998148199548e-01
1.394866061171572691e-01, 1.523983138793373326e-01, 2.940615112465485570e-01, 4.140535687569569800e-01
1.394827967027754689e-01, 1.524073862475217311e-01, 2.940746014619493032e-01, 4.140352155877534690e-01
1.394790223117901296e-01, 1.524164517785034645e-01, 2.940876855970077641e-01, 4.140168403126986973e-01
1.394752829469621536e-01, 1.524255104692148755e-01, 2.941007636465423070e-01, 4.139984429372806085e-01
1.394715786110463096e-01, 1.524345623165893060e-01, 2.941138356053781822e-01, 4.139800234669862022e-01
1.394679093067910658e-01, 1.524436073175607365e-01, 2.941269014683472460e-01, 4.139615819073011460e-01
1.394642750369388395e-01, 1.524526454690640354e-01, 2.941399612302874611e-01, 4.139431182637096085e-01
1.394606758042257477e-01, 1.524616767680349594e-01, 2.941530148860440619e-01, 4.139246325416953143e-01
1.394571116113817455e-01, 1.524707012114098759e-01, 2.941660624304685001e-01, 4.139061247467398230e-01
1.394535824611306818e-01, 1.524797187961262068e-01, 2.941791038584186113e-01, 4.138875948843244723e-01
1.394500883561900773e-01, 1.524887295191219572e-01, 2.941921391647591699e-01, 4.138690429599289344e-01
1.394466292992713463e-01, 1.524977333773359922e-01, 2.942051683443611676e-01, 4.138504689790316049e-01
1.394432052930797694e-01, 1.525067303677080655e-01, 2.942181913921022574e-01, 4.138318729471098800e-01
1.394398163403144653e-01, 1.525157204871786798e-01, 2.942312083028666980e-01, 4.138132548696402124e-01
1.394364624436682243e-01, 1.525247037326891986e-01, 2.942442190715451877e-01, 4.137946147520973894e-01
1.394331436058277585e-01, 1.525336801011817622e-01, 2.942572236930349194e-01, 4.137759525999554766e-01
1.394298598294737013e-01, 1.525426495895993440e-01, 2.942702221622397474e-01, 4.137572684186870964e-01
1.394266111172804135e-01, 1.525516121948856663e-01, 2.942832144740699096e-01, 4.137385622137639829e-01
1.394233974719160107e-01, 1.525605679139853676e-01, 2.942962006234419725e-01, 4.137198339906566491e-01
1.394202188960426692e-01, 1.525695167438438360e-01, 2.943091806052793857e-01, 4.137010837548341646e-01
1.394170753923160977e-01, 1.525784586814073196e-01, 2.943221544145119273e-01, 4.136823115117647109e-01
1.394139669633861489e-01, 1.525873937236228717e-01, 2.943351220460755924e-01, 4.136635172669153038e-01
1.394108936118963193e-01, 1.525963218674383226e-01, 2.943480834949133151e-01, 4.136447010257520707e-01
1.394078553404840271e-01, 1.526052431098023909e-01, 2.943610387559740804e-01, 4.136258627937395849e-01
1.394048521517804728e-01, 1.526141574476645446e-01, 2.943739878242134234e-01, 4.136070025763414204e-01
1.394018840484107791e-01, 1.526230648779752785e-01, 2.943869306945937625e-01, 4.135881203790201521e-01
1.393989510329938786e-01, 1.526319653976855595e-01, 2.943998673620832895e-01, 4.135692162072373002e-01
1.393960531081425702e-01, 1.526408590037474922e-01, 2.944127978216570796e-01, 4.135502900664528858e-01
1.393931902764633801e-01, 1.526497456931138752e-01, 2.944257220682965914e-01, 4.135313419621262088e-01
1.393903625405568947e-01, 1.526586254627382844e-01, 2.944386400969895012e-01, 4.135123718997152920e-01
1.393875699030173998e-01, 1.526674983095753224e-01, 2.944515519027302020e-01, 4.134933798846769926e-01
1.393848123664331307e-01, 1.526763642305802027e-01, 2.944644574805191928e-01, 4.134743659224674461e-01
1.393820899333860774e-01, 1.526852232227091377e-01, 2.944773568253636897e-01, 4.134553300185412339e-01
1.393794026064521241e-01, 1.526940752829190340e-01, 2.944902499322769596e-01, 4.134362721783518269e-01
1.393767503882011316e-01, 1.527029204081677138e-01, 2.945031367962790969e-01, 4.134171924073519744e-01
1.393741332811966604e-01, 1.527117585954138879e-01, 2.945160174123962471e-01, 4.133980907109933156e-01
1.393715512879961649e-01, 1.527205898416168772e-01, 2.945288917756609393e-01, 4.133789670947259909e-01
1.393690044111510762e-01, 1.527294141437371966e-01, 2.945417598811123083e-01, 4.133598215639994189e-01
1.393664926532065251e-01, 1.527382314987358880e-01, 2.945546217237956510e-01, 4.133406541242619081e-01
1.393640160167017306e-01, 1.527470419035749372e-01, 2.945674772987628698e-01, 4.133214647809605458e-01
1.393615745041695275e-01, 1.527558453552172457e-01, 2.945803266010717514e-01, 4.133022535395414199e-01
1.393591681181368114e-01, 1.527646418506264647e-01, 2.945931696257870769e-01, 4.132830204054497303e-01
1.393567968611242047e-01, 1.527734313867671334e-01, 2.946060063679794006e-01, 4.132637653841294001e-01
1.393544607356463627e-01, 1.527822139606045959e-01, 2.946188368227258825e-01, 4.132444884810232977e-01
1.393521597442117510e-01, 1.527909895691050846e-01, 2.946316609851100665e-01, 4.132251897015732367e-01
1.393498938893225902e-01, 1.527997582092356088e-01, 2.946444788502214918e-01, 4.132058690512202537e-01
1.393476631734752169e-01, 1.528085198779641496e-01, 2.946572904131565807e-01, 4.131865265354041084e-01
1.393454675991596114e-01, 1.528172745722594927e-01, 2.946700956690174733e-01, 4.131671621595633948e-01
1.393433071688597591e-01, 1.528260222890912012e-01, 2.946828946129129712e-01, 4.131477759291361518e-01
1.393411818850535666e-01, 1.528347630254297262e-01, 2.946956872399580374e-01, 4.131283678495588085e-01
1.393390917502127235e-01, 1.528434967782463239e-01, 2.947084735452740745e-01, 4.131089379262669059e-01
1.393370367668028686e-01, 1.528522235445133048e-01, 2.947212535239884246e-01, 4.130894861646955407e-01
1.393350169372835068e-01, 1.528609433212035906e-01, 2.947340271712350357e-01, 4.130700125702778114e-01
1.393330322641079810e-01, 1.528696561052911018e-01, 2.947467944821541841e-01, 4.130505171484467608e-01
1.393310827497236948e-01, 1.528783618937505917e-01, 2.947595554518920302e-01, 4.130309999046338221e-01
1.393291683965716676e-01, 1.528870606835576185e-01, 2.947723100756012293e-01, 4.130114608442693180e-01
1.393272892070870628e-01, 1.528957524716886562e-01, 2.947850583484409315e-01, 4.129918999727833495e-01
1.393254451836988816e-01, 1.529044372551210673e-01, 2.947978002655759489e-01, 4.129723172956040189e-01
1.393236363288299362e-01, 1.529131150308329357e-01, 2.948105358221778105e-01, 4.129527128181592066e-01
1.393218626448969599e-01, 1.529217857958033722e-01, 2.948232650134242072e-01, 4.129330865458755162e-01
1.393201241343106078e-01, 1.529304495470123759e-01, 2.948359878344987695e-01, 4.129134384841782746e-01
1.393184207994754564e-01, 1.529391062814404734e-01, 2.948487042805917335e-01, 4.128937686384925310e-01
1.393167526427899205e-01, 1.529477559960695232e-01, 2.948614143468991089e-01, 4.128740770142414473e-01
1.393151196666463920e-01, 1.529563986878819670e-01, 2.948741180286235108e-01, 4.128543636168480191e-01
1.393135218734311565e-01, 1.529650343538612178e-01, 2.948868153209738274e-01, 4.128346284517339648e-01
1.393119592655243377e-01, 1.529736629909914380e-01, 2.948995062191644423e-01, 4.128148715243197819e-01
1.393104318452999257e-01, 1.529822845962578448e-01, 2.949121907184167335e-01, 4.127950928400255237e-01
1.393089396151259984e-01, 1.529908991666464046e-01, 2.949248688139577967e-01, 4.127752924042698002e-01
1.393074825773643055e-01, 1.529995066991439723e-01, 2.949375405010210560e-01, 4.127554702224705552e-01
1.393060607343708512e-01, 1.530081071907383461e-01, 2.949502057748460970e-01, 4.127356263000446779e-01
1.393046740884951451e-01, 1.530167006384180739e-01, 2.949628646306786672e-01, 4.127157606424081138e-01
1.393033226420808679e-01, 1.530252870391727027e-01, 2.949755170637704538e-01, 4.126958732549759201e-01
1.393020063974655665e-01, 1.530338663899925844e-01, 2.949881630693796941e-01, 4.126759641431622661e-01
1.393007253569806259e-01, 1.530424386878690146e-01, 2.950008026427703434e-01, 4.126560333123800439e-01
1.392994795229513527e-01, 1.530510039297941494e-01, 2.950134357792129625e-01, 4.126360807680416465e-01
1.392982688976971417e-01, 1.530595621127609218e-01, 2.950260624739836079e-01, 4.126161065155582452e-01
1.392970934835310315e-01, 1.530681132337633754e-01, 2.950386827223651087e-01, 4.125961105603405121e-01
1.392959532827602320e-01, 1.530766572897961919e-01, 2.950512965196460113e-01, 4.125760929077975647e-01
1.392948482976857083e-01, 1.530851942778551356e-01, 2.950639038611210241e-01, 4.125560535633381876e-01
1.392937785306024023e-01, 1.530937241949366923e-01, 2.950765047420911280e-01, 4.125359925323698329e-01
1.392927439837992054e-01, 1.531022470380384026e-01, 2.950890991578630773e-01, 4.125159098202993424e-01
1.392917446595587916e-01, 1.531107628041585844e-01, 2.951016871037502320e-01, 4.124958054325325030e-01
1.392907805601579785e-01, 1.531192714902964713e-01, 2.951142685750713923e-01, 4.124756793744742134e-01
1.392898516878673665e-01, 1.531277730934521852e-01, 2.951268435671518531e-01, 4.124555316515285952e-01
1.392889580449515052e-01, 1.531362676106267362e-01, 2.951394120753229600e-01, 4.124353622690987708e-01
1.392880996336688382e-01, 1.531447550388221890e-01, 2.951519740949219428e-01, 4.124151712325870300e-01
1.392872764562717858e-01, 1.531532353750411912e-01, 2.951645296212923597e-01, 4.123949585473947743e-01
1.392864885150066900e-01, 1.531617086162874730e-01, 2.951770786497834309e-01, 4.123747242189224615e-01
1.392857358121138422e-01, 1.531701747595657082e-01, 2.951896211757505384e-01, 4.123544682525697724e-01
1.392850183498273442e-01, 1.531786338018814864e-01, 2.952021571945555034e-01, 4.123341906537356105e-01
1.392843361303754135e-01, 1.531870857402411745e-01, 2.952146867015656984e-01, 4.123138914278177136e-01
1.392836891559799950e-01, 1.531955305716519722e-01, 2.952272096921547684e-01, 4.122935705802132644e-01
1.392830774288572326e-01, 1.532039682931222169e-01, 2.952397261617021873e-01, 4.122732281163184465e-01
1.392825009512168866e-01, 1.532123989016610233e-01, 2.952522361055934796e-01, 4.122528640415286660e-01
1.392819597252628605e-01, 1.532208223942784220e-01, 2.952647395192204427e-01, 4.122324783612383303e-01
1.392814537531928964e-01, 1.532292387679853873e-01, 2.952772363979803694e-01, 4.122120710808412358e-01
1.392809830371988522e-01, 1.532376480197937541e-01, 2.952897267372771029e-01, 4.121916422057302909e-01
1.392805475794662295e-01, 1.532460501467163005e-01, 2.953022105325201485e-01, 4.121711917412973492e-01
1.392801473821747571e-01, 1.532544451457665824e-01, 2.953146877791249514e-01, 4.121507196929337091e-01
1.392797824474978907e-01, 1.532628330139593764e-01, 2.953271584725129517e-01, 4.121302260660297812e-01
1.392794527776030911e-01, 1.532712137483100701e-01, 2.953396226081119180e-01, 4.121097108659750319e-01
1.392791583746517681e-01, 1.532795873458351610e-01, 2.953520801813550034e-01, 4.120891740981582618e-01
1.392788992407992810e-01, 1.532879538035518685e-01, 2.953645311876815782e-01, 4.120686157679673278e-01
1.392786753781949383e-01, 1.532963131184785222e-01, 2.953769756225371190e-01, 4.120480358807893650e-01
1.392784867889819700e-01, 1.533046652876342841e-01, 2.953894134813728201e-01, 4.120274344420108981e-01
1.392783334752975832e-01, 1.533130103080393436e-01, 2.954018447596457597e-01, 4.120068114570172302e-01
1.392782154392728511e-01, 1.533213481767145281e-01, 2.954142694528192892e-01, 4.119861669311932761e-01
1.392781326830328792e-01, 1.533296788906819141e-01, 2.954266875563623662e-01, 4.119655008699230070e-01
1.392780852086966115e-01, 1.533380024469643554e-01, 2.954390990657498328e-01, 4.119448132785892835e-01
1.392780730183769966e-01, 1.533463188425855661e-01, 2.954515039764624706e-01, 4.119241041625750777e-01
1.392780961141810159e-01, 1.533546280745702872e-01, 2.954639022839872231e-01, 4.119033735272614183e-01
1.392781544982094055e-01, 1.533629301399442868e-01, 2.954762939838168068e-01, 4.118826213780296674e-01
1.392782481725570731e-01, 1.533712250357339435e-01, 2.954886790714493783e-01, 4.118618477202594663e-01
1.392783771393126535e-01, 1.533795127589669127e-01, 2.955010575423897001e-01, 4.118410525593306781e-01
1.392785414005589251e-01, 1.533877933066715715e-01, 2.955134293921480304e-01, 4.118202359006215008e-01
1.392787409583724767e-01, 1.533960666758773517e-01, 2.955257946162403448e-01, 4.117993977495099100e-01
1.392789758148239021e-01, 1.534043328636144621e-01, 2.955381532101886699e-01, 4.117785381113729937e-01
1.392792459719777165e-01, 1.534125918669141941e-01, 2.955505051695210272e-01, 4.117576569915870621e-01
1.392795514318923844e-01, 1.534208436828087274e-01, 2.955628504897709896e-01, 4.117367543955278708e-01
1.392798921966204306e-01, 1.534290883083311852e-01, 2.955751891664781805e-01, 4.117158303285701204e-01
1.392802682682081628e-01, 1.534373257405156898e-01, 2.955875211951879411e-01, 4.116948847960882896e-01
1.392806796486959209e-01, 1.534455559763971411e-01, 2.955998465714514967e-01, 4.116739178034553581e-01
1.392811263401180777e-01, 1.534537790130115764e-01, 2.956121652908257902e-01, 4.116529293560445280e-01
1.392816083445027331e-01, 1.534619948473957829e-01, 2.956244773488738153e-01, 4.116319194592275577e-01
1.392821256638722693e-01, 1.534702034765876855e-01, 2.956367827411642835e-01, 4.116108881183758172e-01
1.392826783002426572e-01, 1.534784048976260140e-01, 2.956490814632714015e-01, 4.115898353388598996e-01
1.392832662556241774e-01, 1.534865991075505254e-01, 2.956613735107756491e-01, 4.115687611260496204e-01
1.392838895320207548e-01, 1.534947861034018923e-01, 2.956736588792630016e-01, 4.115476654853143512e-01
1.392845481314304856e-01, 1.535029658822218146e-01, 2.956859375643251520e-01, 4.115265484220225756e-01
1.392852420558452764e-01, 1.535111384410527136e-01, 2.956982095615599548e-01, 4.115054099415421107e-01
1.392859713072511219e-01, 1.535193037769382318e-01, 2.957104748665704830e-01, 4.114842500492400523e-01
1.392867358876278272e-01, 1.535274618869229279e-01, 2.957227334749661374e-01, 4.114630687504830520e-01
1.392875357989493135e-01, 1.535356127680521099e-01, 2.957349853823617036e-01, 4.114418660506367065e-01
1.392883710431833122e-01, 1.535437564173722791e-01, 2.957472305843778515e-01, 4.114206419550665017e-01
1.392892416222915597e-01, 1.535518928319307697e-01, 2.957594690766409684e-01, 4.113993964691367022e-01
1.392901475382299636e-01, 1.535600220087759427e-01, 2.957717008547831039e-01, 4.113781295982111286e-01
1.392910887929479091e-01, 1.535681439449569641e-01, 2.957839259144420252e-01, 4.113568413476529906e-01
1.392920653883892301e-01, 1.535762586375242489e-01, 2.957961442512615502e-01, 4.113355317228249430e-01
1.392930773264914324e-01, 1.535843660835289060e-01, 2.958083558608906594e-01, 4.113142007290888635e-01
1.392941246091860541e-01, 1.535924662800231544e-01, 2.958205607389848280e-01, 4.112928483718059081e-01
1.392952072383986661e-01, 1.536005592240601292e-01, 2.958327588812044162e-01, 4.112714746563367885e-01
1.392963252160485943e-01, 1.536086449126939646e-01, 2.958449502832158351e-01, 4.112500795880414395e-01
1.392974785440494467e-01, 1.536167233429797108e-01, 2.958571349406912687e-01, 4.112286631722795183e-01
1.392986672243084478e-01, 1.536247945119735003e-01, 2.958693128493085078e-01, 4.112072254144094607e-01
1.392998912587270766e-01, 1.536328584167322986e-01, 2.958814840047510608e-01, 4.111857663197895918e-01
1.393011506492005114e-01, 1.536409150543140978e-01, 2.958936484027078762e-01, 4.111642858937774037e-01
1.393024453976180743e-01, 1.536489644217779449e-01, 2.959058060388740086e-01, 4.111427841417300000e-01
1.393037755058630367e-01, 1.536570065161837473e-01, 2.959179569089497308e-01, 4.111212610690035407e-01
1.393051409758125081e-01, 1.536650413345924115e-01, 2.959301010086411998e-01, 4.110997166809539083e-01
1.393065418093375751e-01, 1.536730688740659823e-01, 2.959422383336602902e-01, 4.110781509829362634e-01
1.393079780083034958e-01, 1.536810891316672256e-01, 2.959543688797241501e-01, 4.110565639803051008e-01
1.393094495745693107e-01, 1.536891021044601013e-01, 2.959664926425561449e-01, 4.110349556784145264e-01
1.393109565099879543e-01, 1.536971077895094018e-01, 2.959786096178846915e-01, 4.110133260826180357e-01
1.393124988164064770e-01, 1.537051061838809463e-01, 2.959907198014442575e-01, 4.109916751982683469e-01
1.393140764956657673e-01, 1.537130972846416921e-01, 2.960028231889746397e-01, 4.109700030307179008e-01
1.393156895496008574e-01, 1.537210810888594015e-01, 2.960149197762211859e-01, 4.109483095853185275e-01
1.393173379800405343e-01, 1.537290575936028636e-01, 2.960270095589354056e-01, 4.109265948674213353e-01
1.393190217888076177e-01, 1.537370267959418946e-01, 2.960390925328736933e-01, 4.109048588823768222e-01
1.393207409777189321e-01, 1.537449886929472820e-01, 2.960511686937984388e-01, 4.108831016355353194e-01
1.393224955485853067e-01, 1.537529432816908403e-01, 2.960632380374775274e-01, 4.108613231322464365e-01
1.393242855032113259e-01, 1.537608905592453556e-01, 2.960753005596843401e-01, 4.108395233778590616e-01
1.393261108433958284e-01, 1.537688305226845853e-01, 2.960873562561979200e-01, 4.108177023777216386e-01
1.393279715709313249e-01, 1.537767631690832859e-01, 2.960994051228029722e-01, 4.107958601371825558e-01
1.393298676876044417e-01, 1.537846884955173243e-01, 2.961114471552895311e-01, 4.107739966615887584e-01
1.393317991951957824e-01, 1.537926064990632891e-01, 2.961234823494532931e-01, 4.107521119562876355e-01
1.393337660954798163e-01, 1.538005171767991563e-01, 2.961355107010955612e-01, 4.107302060266254662e-01
1.393357683902251010e-01, 1.538084205258035964e-01, 2.961475322060229676e-01, 4.107082788779481408e-01
1.393378060811940322e-01, 1.538163165431564727e-01, 2.961595468600480285e-01, 4.106863305156013833e-01
1.393398791701430939e-01, 1.538242052259385095e-01, 2.961715546589884784e-01, 4.106643609449298071e-01
1.393419876588225803e-01, 1.538320865712315966e-01, 2.961835555986676582e-01, 4.106423701712781371e-01
1.393441315489768184e-01, 1.538399605761184286e-01, 2.961955496749143490e-01, 4.106203581999903207e-01
1.393463108423441676e-01, 1.538478272376829215e-01, 2.962075368835629940e-01, 4.105983250364099169e-01
1.393485255406568535e-01, 1.538556865530098794e-01, 2.962195172204534765e-01, 4.105762706858798738e-01
1.393507756456410507e-01, 1.538635385191850780e-01, 2.962314906814311199e-01, 4.105541951537427514e-01
1.393530611590169666e-01, 1.538713831332955140e-01, 2.962434572623469098e-01, 4.105320984453407207e-01
1.393553820824987577e-01, 1.538792203924289614e-01, 2.962554169590568276e-01, 4.105099805660155088e-01
1.393577384177943634e-01, 1.538870502936743601e-01, 2.962673697674230722e-01, 4.104878415211082876e-01
1.393601301666060610e-01, 1.538948728341215932e-01, 2.962793156833125607e-01, 4.104656813159595630e-01
1.393625573306298271e-01, 1.539026880108616269e-01, 2.962912547025983168e-01, 4.104434999559102848e-01
1.393650199115554766e-01, 1.539104958209863983e-01, 2.963031868211583597e-01, 4.104212974462997932e-01
1.393675179110670515e-01, 1.539182962615889549e-01, 2.963151120348763157e-01, 4.103990737924678167e-01
1.393700513308424316e-01, 1.539260893297632049e-01, 2.963270303396413063e-01, 4.103768289997531404e-01
1.393726201725533631e-01, 1.539338750226041941e-01, 2.963389417313477825e-01, 4.103545630734946603e-01
1.393752244378658189e-01, 1.539416533372081064e-01, 2.963508462058957460e-01, 4.103322760190303842e-01
1.393778641284394437e-01, 1.539494242706718752e-01, 2.963627437591904168e-01, 4.103099678416982088e-01
1.393805392459280257e-01, 1.539571878200937105e-01, 2.963746343871427325e-01, 4.102876385468354759e-01
1.393832497919792190e-01, 1.539649439825727661e-01, 2.963865180856688486e-01, 4.102652881397791940e-01
1.393859957682345996e-01, 1.539726927552091673e-01, 2.963983948506901389e-01, 4.102429166258660387e-01
1.393887771763298034e-01, 1.539804341351042050e-01, 2.964102646781338057e-01, 4.102205240104320194e-01
1.393915940178944157e-01, 1.539881681193601137e-01, 2.964221275639322140e-01, 4.101981102988130901e-01
1.393944462945519436e-01, 1.539958947050802385e-01, 2.964339835040230575e-01, 4.101756754963447604e-01
1.393973340079197321e-01, 1.540036138893688122e-01, 2.964458324943494705e-01, 4.101532196083619297e-01
1.394002571596093254e-01, 1.540113256693312893e-01, 2.964576745308600270e-01, 4.101307426401994971e-01
1.394032157512259673e-01, 1.540190300420740954e-01, 2.964695096095084637e-01, 4.101082445971915846e-01
1.394062097843690451e-01, 1.540267270047046555e-01, 2.964813377262540128e-01, 4.100857254846722588e-01
1.394092392606318120e-01, 1.540344165543315325e-01, 2.964931588770614579e-01, 4.100631853079752531e-01
1.394123041816015818e-01, 1.540420986880642329e-01, 2.965049730579004117e-01, 4.100406240724338569e-01
1.394154045488593952e-01, 1.540497734030133459e-01, 2.965167802647463713e-01, 4.100180417833808599e-01
1.394185403639804643e-01, 1.540574406962906262e-01, 2.965285804935798852e-01, 4.099954384461489965e-01
1.394217116285338398e-01, 1.540651005650087169e-01, 2.965403737403868312e-01, 4.099728140660705566e-01
1.394249183440826323e-01, 1.540727530062814266e-01, 2.965521600011586378e-01, 4.099501686484773866e-01
1.394281605121837353e-01, 1.540803980172234522e-01, 2.965639392718915079e-01, 4.099275021987012768e-01
1.394314381343880749e-01, 1.540880355949508784e-01, 2.965757115485876394e-01, 4.099048147220735738e-01
1.394347512122406374e-01, 1.540956657365804006e-01, 2.965874768272541151e-01, 4.098821062239250135e-01
1.394380997472801087e-01, 1.541032884392301572e-01, 2.965992351039031250e-01, 4.098593767095864426e-01
1.394414837410394292e-01, 1.541109037000191473e-01, 2.966109863745528541e-01, 4.098366261843884861e-01
1.394449031950452111e-01, 1.541185115160675634e-01, 2.966227306352260396e-01, 4.098138546536611582e-01
1.394483581108182657e-01, 1.541261118844964861e-01, 2.966344678819510805e-01, 4.097910621227340844e-01
1.394518484898730759e-01, 1.541337048024281620e-01, 2.966461981107616497e-01, 4.097682485969371680e-01
1.394553743337182961e-01, 1.541412902669859197e-01, 2.966579213176964158e-01, 4.097454140815994794e-01
1.394589356438563632e-01, 1.541488682752941708e-01, 2.966696374987994878e-01, 4.097225585820500338e-01
1.394625324217838302e-01, 1.541564388244783257e-01, 2.966813466501203589e-01, 4.096996821036175684e-01
1.394661646689909773e-01, 1.541640019116648774e-01, 2.966930487677135742e-01, 4.096767846516305434e-01
1.394698323869623113e-01, 1.541715575339815125e-01, 2.967047438476388965e-01, 4.096538662314173629e-01
1.394735355771760110e-01, 1.541791056885568056e-01, 2.967164318859613625e-01, 4.096309268483058208e-01
1.394772742411043709e-01, 1.541866463725204695e-01, 2.967281128787513933e-01, 4.096079665076238219e-01
1.394810483802134404e-01, 1.541941795830033823e-01, 2.967397868220844614e-01, 4.095849852146986603e-01
1.394848579959634960e-01, 1.542017053171375052e-01, 2.967514537120411466e-01, 4.095619829748577967e-01
1.394887030898085689e-01, 1.542092235720557425e-01, 2.967631135447075796e-01, 4.095389597934282477e-01
1.394925836631965288e-01, 1.542167343448921091e-01, 2.967747663161747207e-01, 4.095159156757366414e-01
1.394964997175694166e-01, 1.542242376327817577e-01, 2.967864120225389146e-01, 4.094928506271098834e-01
1.395004512543630837e-01, 1.542317334328610068e-01, 2.967980506599017798e-01, 4.094697646528741020e-01
1.395044382750073308e-01, 1.542392217422671186e-01, 2.968096822243698196e-01, 4.094466577583556477e-01
1.395084607809259081e-01, 1.542467025581384654e-01, 2.968213067120550885e-01, 4.094235299488805380e-01
1.395125187735364314e-01, 1.542541758776145577e-01, 2.968329241190745815e-01, 4.094003812297744016e-01
1.395166122542506326e-01, 1.542616416978360161e-01, 2.968445344415502896e-01, 4.093772116063631450e-01
1.395207412244739154e-01, 1.542691000159444881e-01, 2.968561376756098102e-01, 4.093540210839717863e-01
1.395249056856057990e-01, 1.542765508290827314e-01, 2.968677338173854596e-01, 4.093308096679258989e-01
1.395291056390397799e-01, 1.542839941343946419e-01, 2.968793228630149383e-01, 4.093075773635506120e-01
1.395333410861631374e-01, 1.542914299290251146e-01, 2.968909048086411095e-01, 4.092843241761705553e-01
1.395376120283571830e-01, 1.542988582101203487e-01, 2.969024796504118324e-01, 4.092610501111106358e-01
1.395419184669970669e-01, 1.543062789748273766e-01, 2.969140473844800177e-01, 4.092377551736955943e-01
1.395462604034519438e-01, 1.543136922202944794e-01, 2.969256080070039050e-01, 4.092144393692496718e-01
1.395506378390849178e-01, 1.543210979436711039e-01, 2.969371615141467857e-01, 4.091911027030973314e-01
1.395550507752528202e-01, 1.543284961421076684e-01, 2.969487079020769471e-01, 4.091677451805625365e-01
1.395594992133067092e-01, 1.543358868127557293e-01, 2.969602471669680055e-01, 4.091443668069695838e-01
1.395639831545913701e-01, 1.543432699527680085e-01, 2.969717793049982402e-01, 4.091209675876423812e-01
1.395685026004455931e-01, 1.543506455592983384e-01, 2.969833043123516481e-01, 4.090975475279045592e-01
1.395730575522019234e-01, 1.543580136295015504e-01, 2.969948221852166115e-01, 4.090741066330798592e-01
1.395776480111871609e-01, 1.543653741605337526e-01, 2.970063329197871194e-01, 4.090506449084920226e-01
1.395822739787216937e-01, 1.543727271495519970e-01, 2.970178365122619901e-01, 4.090271623594642358e-01
1.395869354561199704e-01, 1.543800725937146678e-01, 2.970293329588451492e-01, 4.090036589913201293e-01
1.395916324446904444e-01, 1.543874104901810373e-01, 2.970408222557455735e-01, 4.089801348093828337e-01
1.395963649457353517e-01, 1.543947408361116269e-01, 2.970523043991774026e-01, 4.089565898189756465e-01
1.396011329605508222e-01, 1.544020636286679571e-01, 2.970637793853595499e-01, 4.089330240254215876e-01
1.396059364904271016e-01, 1.544093788650129917e-01, 2.970752472105162023e-01, 4.089094374340438431e-01
1.396107755366479963e-01, 1.544166865423103885e-01, 2.970867078708763764e-01, 4.088858300501652665e-01
1.396156501004916506e-01, 1.544239866577251652e-01, 2.970981613626743623e-01, 4.088622018791087664e-01
1.396205601832298804e-01, 1.544312792084235331e-01, 2.971096076821493348e-01, 4.088385529261974183e-01
1.396255057861283677e-01, 1.544385641915725915e-01, 2.971210468255454096e-01, 4.088148831967536312e-01
1.396304869104468271e-01, 1.544458416043408278e-01, 2.971324787891118091e-01, 4.087911926961005915e-01
1.396355035574387560e-01, 1.544531114438977004e-01, 2.971439035691028074e-01, 4.087674814295606529e-01
1.396405557283518506e-01, 1.544603737074138894e-01, 2.971553211617774526e-01, 4.087437494024567797e-01
1.396456434244273681e-01, 1.544676283920611570e-01, 2.971667315634000106e-01, 4.087199966201114920e-01
1.396507666469005982e-01, 1.544748754950124037e-01, 2.971781347702395215e-01, 4.086962230878474212e-01
1.396559253970007797e-01, 1.544821150134416399e-01, 2.971895307785702989e-01, 4.086724288109872538e-01
1.396611196759510176e-01, 1.544893469445241252e-01, 2.972009195846713747e-01, 4.086486137948535657e-01
1.396663494849683107e-01, 1.544965712854361461e-01, 2.972123011848265550e-01, 4.086247780447690436e-01
1.396716148252634959e-01, 1.545037880333551827e-01, 2.972236755753250859e-01, 4.086009215660562077e-01
1.396769156980414983e-01, 1.545109971854599640e-01, 2.972350427524609318e-01, 4.085770443640375227e-01
1.396822521045009979e-01, 1.545181987389300515e-01, 2.972464027125328867e-01, 4.085531464440358973e-01
1.396876240458346241e-01, 1.545253926909465336e-01, 2.972577554518448517e-01, 4.085292278113739628e-01
1.396930315232287612e-01, 1.545325790386914699e-01, 2.972691009667056683e-01, 4.085052884713741284e-01
1.396984745378639092e-01, 1.545397577793479749e-01, 2.972804392534288409e-01, 4.084813284293593028e-01
1.397039530909143790e-01, 1.545469289101004673e-01, 2.972917703083330365e-01, 4.084573476906520617e-01
1.397094671835482360e-01, 1.545540924281345596e-01, 2.973030941277418071e-01, 4.084333462605754250e-01
1.397150168169275786e-01, 1.545612483306367801e-01, 2.973144107079835341e-01, 4.084093241444519684e-01
1.397206019922084819e-01, 1.545683966147951283e-01, 2.973257200453915949e-01, 4.083852813476047117e-01
1.397262227105406096e-01, 1.545755372777985193e-01, 2.973370221363041410e-01, 4.083612178753566746e-01
1.397318789730678246e-01, 1.545826703168371175e-01, 2.973483169770643197e-01, 4.083371337330306550e-01
1.397375707809276890e-01, 1.545897957291023084e-01, 2.973596045640201080e-01, 4.083130289259500056e-01
1.397432981352516868e-01, 1.545969135117864768e-01, 2.973708848935242011e-01, 4.082889034594375799e-01
1.397490610371652786e-01, 1.546040236620834230e-01, 2.973821579619345123e-01, 4.082647573388167861e-01
1.397548594877876527e-01, 1.546111261771878909e-01, 2.973934237656136181e-01, 4.082405905694108661e-01
1.397606934882320295e-01, 1.546182210542958457e-01, 2.974046823009287577e-01, 4.082164031565434503e-01
1.397665630396053016e-01, 1.546253082906044740e-01, 2.974159335642524438e-01, 4.081921951055377251e-01
1.397724681430084492e-01, 1.546323878833122112e-01, 2.974271775519616301e-01, 4.081679664217177095e-01
1.397784087995362079e-01, 1.546394598296184919e-01, 2.974384142604384884e-01, 4.081437171104068673e-01
1.397843850102772900e-01, 1.546465241267239721e-01, 2.974496436860695203e-01, 4.081194471769291621e-01
1.397903967763141353e-01, 1.546535807718305566e-01, 2.974608658252466675e-01, 4.080951566266086128e-01
1.397964440987231882e-01, 1.546606297621413717e-01, 2.974720806743660351e-01, 4.080708454647694050e-01
1.398025269785746483e-01, 1.546676710948605982e-01, 2.974832882298292791e-01, 4.080465136967356132e-01
1.398086454169326365e-01, 1.546747047671935549e-01, 2.974944884880418861e-01, 4.080221613278318116e-01
1.398147994148551954e-01, 1.546817307763469762e-01, 2.975056814454151710e-01, 4.079977883633825742e-01
1.398209889733941780e-01, 1.546887491195286235e-01, 2.975168670983647790e-01, 4.079733948087124751e-01
1.398272140935952756e-01, 1.546957597939474516e-01, 2.975280454433109067e-01, 4.079489806691465326e-01
1.398334747764980179e-01, 1.547027627968135532e-01, 2.975392164766788028e-01, 4.079245459500096538e-01
1.398397710231358837e-01, 1.547097581253384091e-01, 2.975503801948985449e-01, 4.079000906566270235e-01
1.398461028345362456e-01, 1.547167457767345544e-01, 2.975615365944049295e-01, 4.078756147943244370e-01
1.398524702117201202e-01, 1.547237257482156070e-01, 2.975726856716374158e-01, 4.078511183684270236e-01
1.398588731557025289e-01, 1.547306980369966278e-01, 2.975838274230401259e-01, 4.078266013842606341e-01
1.398653116674924424e-01, 1.547376626402937050e-01, 2.975949618450622891e-01, 4.078020638471515635e-01
1.398717857480924753e-01, 1.547446195553242310e-01, 2.976060889341577420e-01, 4.077775057624255517e-01
1.398782953984992472e-01, 1.547515687793067085e-01, 2.976172086867847622e-01, 4.077529271354093932e-01
1.398848406197031047e-01, 1.547585103094608061e-01, 2.976283210994067341e-01, 4.077283279714293274e-01
1.398914214126883715e-01, 1.547654441430076078e-01, 2.976394261684915388e-01, 4.077037082758124820e-01
1.398980377784330986e-01, 1.547723702771692522e-01, 2.976505238905119421e-01, 4.076790680538858180e-01
1.399046897179092586e-01, 1.547792887091690439e-01, 2.976616142619452066e-01, 4.076544073109766297e-01
1.399113772320825511e-01, 1.547861994362315086e-01, 2.976726972792735904e-01, 4.076297260524123778e-01
1.399181003219127917e-01, 1.547931024555825597e-01, 2.976837729389837928e-01, 4.076050242835209114e-01
1.399248589883532179e-01, 1.547999977644491376e-01, 2.976948412375673980e-01, 4.075803020096301910e-01
1.399316532323512940e-01, 1.548068853600594597e-01, 2.977059021715204312e-01, 4.075555592360687873e-01
1.399384830548480452e-01, 1.548137652396429365e-01, 2.977169557373440245e-01, 4.075307959681649939e-01
1.399453484567785011e-01, 1.548206374004302555e-01, 2.977280019315434734e-01, 4.075060122112476590e-01
1.399522494390715022e-01, 1.548275018396532976e-01, 2.977390407506291803e-01, 4.074812079706460199e-01
1.399591860026495327e-01, 1.548343585545451095e-01, 2.977500721911158776e-01, 4.074563832516895356e-01
1.399661581484291650e-01, 1.548412075423400980e-01, 2.977610962495231273e-01, 4.074315380597076652e-01
1.399731658773206711e-01, 1.548480488002736688e-01, 2.977721129223752095e-01, 4.074066724000304229e-01
1.399802091902280776e-01, 1.548548823255826434e-01, 2.977831222062007899e-01, 4.073817862779883225e-01
1.399872880880494164e-01, 1.548617081155051478e-01, 2.977941240975335857e-01, 4.073568796989119334e-01
1.399944025716763352e-01, 1.548685261672802516e-01, 2.978051185929114775e-01, 4.073319526681319358e-01
1.400015526419944589e-01, 1.548753364781485231e-01, 2.978161056888772307e-01, 4.073070051909797318e-01
1.400087382998831675e-01, 1.548821390453515856e-01, 2.978270853819783848e-01, 4.072820372727868343e-01
1.400159595462155682e-01, 1.548889338661324500e-01, 2.978380576687666426e-01, 4.072570489188853116e-01
1.400232163818588005e-01, 1.548957209377352096e-01, 2.978490225457988139e-01, 4.072320401346071761e-01
1.400305088076735371e-01, 1.549025002574052901e-01, 2.978599800096359274e-01, 4.072070109252851067e-01
1.400378368245144833e-01, 1.549092718223894494e-01, 2.978709300568438412e-01, 4.071819612962521706e-01
1.400452004332301270e-01, 1.549160356299354169e-01, 2.978818726839929099e-01, 4.071568912528414352e-01
1.400525996346626001e-01, 1.549227916772924485e-01, 2.978928078876579844e-01, 4.071318008003868005e-01
1.400600344296480115e-01, 1.549295399617109104e-01, 2.979037356644187451e-01, 4.071066899442223885e-01
1.400675048190161698e-01, 1.549362804804424454e-01, 2.979146560108592023e-01, 4.070815586896822103e-01
1.400750108035907215e-01, 1.549430132307399177e-01, 2.979255689235680848e-01, 4.070564070421014424e-01
1.400825523841890963e-01, 1.549497382098574405e-01, 2.979364743991385622e-01, 4.070312350068149843e-01
1.400901295616225062e-01, 1.549564554150504037e-01, 2.979473724341684671e-01, 4.070060425891586231e-01
1.400977423366960017e-01, 1.549631648435755571e-01, 2.979582630252599618e-01, 4.069808297944684794e-01
1.401053907102084162e-01, 1.549698664926907055e-01, 2.979691461690202048e-01, 4.069555966280807291e-01
1.401130746829522544e-01, 1.549765603596550134e-01, 2.979800218620604624e-01, 4.069303430953322698e-01
1.401207942557140818e-01, 1.549832464417289779e-01, 2.979908901009966082e-01, 4.069050692015604431e-01
1.401285494292739131e-01, 1.549899247361742061e-01, 2.980017508824491235e-01, 4.068797749521027574e-01
1.401363402044057405e-01, 1.549965952402536928e-01, 2.980126042030431521e-01, 4.068544603522975533e-01
1.401441665818773663e-01, 1.550032579512316266e-01, 2.980234500594078351e-01, 4.068291254074831165e-01
1.401520285624501816e-01, 1.550099128663734449e-01, 2.980342884481775312e-01, 4.068037701229987313e-01
1.401599261468796931e-01, 1.550165599829460839e-01, 2.980451193659906517e-01, 4.067783945041836824e-01
1.401678593359146907e-01, 1.550231992982173401e-01, 2.980559428094899932e-01, 4.067529985563778649e-01
1.401758281302982467e-01, 1.550298308094566757e-01, 2.980667587753232373e-01, 4.067275822849220068e-01
1.401838325307667443e-01, 1.550364545139345518e-01, 2.980775672601421733e-01, 4.067021456951565583e-01
1.401918725380507380e-01, 1.550430704089229283e-01, 2.980883682606033647e-01, 4.066766887924229135e-01
1.401999481528743430e-01, 1.550496784916948201e-01, 2.980991617733675936e-01, 4.066512115820631323e-01
1.402080593759554572e-01, 1.550562787595247405e-01, 2.981099477951004717e-01, 4.066257140694195527e-01
1.402162062080056781e-01, 1.550628712096883133e-01, 2.981207263224714965e-01, 4.066001962598346231e-01
1.402243886497304137e-01, 1.550694558394624667e-01, 2.981314973521549949e-01, 4.065746581586520692e-01
1.402326067018289379e-01, 1.550760326461256000e-01, 2.981422608808298458e-01, 4.065490997712156718e-01
1.402408603649941132e-01, 1.550826016269571672e-01, 2.981530169051790913e-01, 4.065235211028697115e-01
1.402491496399126958e-01, 1.550891627792379823e-01, 2.981637654218903810e-01, 4.064979221589589686e-01
1.402574745272650303e-01, 1.550957161002501916e-01, 2.981745064276556390e-01, 4.064723029448291114e-01
1.402658350277253552e-01, 1.551022615872772736e-01, 2.981852399191713410e-01, 4.064466634658259192e-01
1.402742311419616361e-01, 1.551087992376038727e-01, 2.981959658931384038e-01, 4.064210037272960596e-01
1.402826628706354273e-01, 1.551153290485160208e-01, 2.982066843462619632e-01, 4.063953237345864777e-01
1.402911302144022598e-01, 1.551218510173011100e-01, 2.982173952752517065e-01, 4.063696234930448403e-01
1.402996331739112257e-01, 1.551283651412476150e-01, 2.982280986768218178e-01, 4.063439030080194247e-01
1.403081717498050884e-01, 1.551348714176455368e-01, 2.982387945476905888e-01, 4.063181622848587859e-01
1.403167459427206998e-01, 1.551413698437860422e-01, 2.982494828845807522e-01, 4.062924013289123670e-01
1.403253557532883333e-01, 1.551478604169616859e-01, 2.982601636842198700e-01, 4.062666201455301107e-01
1.403340011821320177e-01, 1.551543431344662716e-01, 2.982708369433391682e-01, 4.062408187400624593e-01
1.403426822298695364e-01, 1.551608179935949905e-01, 2.982815026586748131e-01, 4.062149971178607433e-01
1.403513988971125392e-01, 1.551672849916442276e-01, 2.982921608269670788e-01, 4.061891552842764042e-01
1.403601511844661254e-01, 1.551737441259116723e-01, 2.983028114449604584e-01, 4.061632932446617161e-01
1.403689390925293989e-01, 1.551801953936966516e-01, 2.983134545094042189e-01, 4.061374110043698971e-01
1.403777626218949415e-01, 1.551866387922992974e-01, 2.983240900170514576e-01, 4.061115085687543869e-01
1.403866217731492561e-01, 1.551930743190214901e-01, 2.983347179646600456e-01, 4.060855859431693471e-01
1.403955165468723509e-01, 1.551995019711661650e-01, 2.983453383489919619e-01, 4.060596431329696054e-01
1.404044469436380727e-01, 1.552059217460377005e-01, 2.983559511668135711e-01, 4.060336801435107668e-01
1.404134129640140227e-01, 1.552123336409417798e-01, 2.983665564148953453e-01, 4.060076969801487690e-01
1.404224146085614189e-01, 1.552187376531854457e-01, 2.983771540900125863e-01, 4.059816936482406047e-01
1.404314518778352061e-01, 1.552251337800770181e-01, 2.983877441889443149e-01, 4.059556701531435441e-01
1.404405247723839456e-01, 1.552315220189260381e-01, 2.983983267084743263e-01, 4.059296265002158011e-01
1.404496332927499813e-01, 1.552379023670436564e-01, 2.984089016453901899e-01, 4.059035626948161446e-01
1.404587774394693844e-01, 1.552442748217421065e-01, 2.984194689964844160e-01, 4.058774787423040653e-01
1.404679572130718979e-01, 1.552506393803350926e-01, 2.984300287585531786e-01, 4.058513746480397755e-01
1.404771726140809363e-01, 1.552569960401376514e-01, 2.984405809283973698e-01, 4.058252504173839870e-01
1.404864236430135860e-01, 1.552633447984660131e-01, 2.984511255028218790e-01, 4.057991060556985774e-01
1.404957103003806052e-01, 1.552696856526379066e-01, 2.984616624786360917e-01, 4.057729415683454799e-01
1.405050325866863958e-01, 1.552760185999723652e-01, 2.984721918526534457e-01, 4.057467569606878488e-01
1.405143905024291706e-01, 1.552823436377897270e-01, 2.984827136216916532e-01, 4.057205522380893381e-01
1.405237840481007860e-01, 1.552886607634116622e-01, 2.984932277825729230e-01, 4.056943274059147120e-01
1.405332132241866872e-01, 1.552949699741613954e-01, 2.985037343321232939e-01, 4.056680824695286236e-01
1.405426780311660184e-01, 1.553012712673631224e-01, 2.985142332671733567e-01, 4.056418174342973915e-01
1.405521784695117349e-01, 1.553075646403427323e-01, 2.985247245845579211e-01, 4.056155323055876116e-01
1.405617145396901857e-01, 1.553138500904273078e-01, 2.985352082811158492e-01, 4.055892270887667128e-01
1.405712862421615583e-01, 1.553201276149452636e-01, 2.985456843536902216e-01, 4.055629017892029009e-01
1.405808935773797952e-01, 1.553263972112265412e-01, 2.985561527991285602e-01, 4.055365564122651034e-01
1.405905365457922052e-01, 1.553326588766022198e-01, 2.985666136142823834e-01, 4.055101909633231361e-01
1.406002151478400464e-01, 1.553389126084049610e-01, 2.985770667960074287e-01, 4.054838054477475362e-01
1.406099293839580544e-01, 1.553451584039685640e-01, 2.985875123411638743e-01, 4.054573998709096183e-01
1.406196792545746643e-01, 1.553513962606282717e-01, 2.985979502466155622e-01, 4.054309742381813630e-01
1.406294647601120384e-01, 1.553576261757208532e-01, 2.986083805092311083e-01, 4.054045285549360278e-01
1.406392859009858443e-01, 1.553638481465843268e-01, 2.986188031258829034e-01, 4.053780628265470365e-01
1.406491426776054210e-01, 1.553700621705579599e-01, 2.986292180934476126e-01, 4.053515770583890343e-01
1.406590350903738629e-01, 1.553762682449825738e-01, 2.986396254088062863e-01, 4.053250712558374436e-01
1.406689631396877416e-01, 1.553824663672002393e-01, 2.986500250688435276e-01, 4.052985454242684082e-01
1.406789268259374115e-01, 1.553886565345545256e-01, 2.986604170704488803e-01, 4.052719995690591270e-01
1.406889261495067045e-01, 1.553948387443903068e-01, 2.986708014105156073e-01, 4.052454336955872982e-01
1.406989611107732074e-01, 1.554010129940538720e-01, 2.986811780859410237e-01, 4.052188478092318968e-01
1.407090317101080679e-01, 1.554071792808927877e-01, 2.986915470936267192e-01, 4.051922419153722865e-01
1.407191379478761606e-01, 1.554133376022561741e-01, 2.987019084304785577e-01, 4.051656160193892187e-01
1.407292798244356991e-01, 1.554194879554943176e-01, 2.987122620934061223e-01, 4.051389701266637777e-01
1.407394573401388460e-01, 1.554256303379591975e-01, 2.987226080793236593e-01, 4.051123042425782694e-01
1.407496704953312416e-01, 1.554317647470039032e-01, 2.987329463851489675e-01, 4.050856183725158322e-01
1.407599192903520313e-01, 1.554378911799829954e-01, 2.987432770078044530e-01, 4.050589125218604369e-01
1.407702037255341432e-01, 1.554440096342525612e-01, 2.987535999442161860e-01, 4.050321866959970540e-01
1.407805238012040383e-01, 1.554501201071698535e-01, 2.987639151913146773e-01, 4.050054409003114864e-01
1.407908795176817385e-01, 1.554562225960937349e-01, 2.987742227460342681e-01, 4.049786751401902585e-01
1.408012708752809927e-01, 1.554623170983843450e-01, 2.987845226053134629e-01, 4.049518894210213382e-01
1.408116978743088332e-01, 1.554684036114032109e-01, 2.987948147660950404e-01, 4.049250837481929155e-01
1.408221605150662969e-01, 1.554744821325133308e-01, 2.988050992253254989e-01, 4.048982581270948455e-01
1.408326587978478428e-01, 1.554805526590792297e-01, 2.988153759799556108e-01, 4.048714125631173721e-01
1.408431927229413239e-01, 1.554866151884664316e-01, 2.988256450269402564e-01, 4.048445470616518493e-01
1.408537622906285425e-01, 1.554926697180423756e-01, 2.988359063632382573e-01, 4.048176616280909079e-01
1.408643675011845287e-01, 1.554987162451755278e-01, 2.988461599858123763e-01, 4.047907562678275672e-01
1.408750083548781507e-01, 1.555047547672359642e-01, 2.988564058916297617e-01, 4.047638309862560679e-01
1.408856848519716987e-01, 1.555107852815951486e-01, 2.988666440776612809e-01, 4.047368857887718718e-01
1.408963969927211068e-01, 1.555168077856258768e-01, 2.988768745408818539e-01, 4.047099206807711069e-01
1.409071447773759256e-01, 1.555228222767024715e-01, 2.988870972782706192e-01, 4.046829356676509559e-01
1.409179282061790439e-01, 1.555288287522005319e-01, 2.988973122868105459e-01, 4.046559307548098228e-01
1.409287472793671614e-01, 1.555348272094973228e-01, 2.989075195634887661e-01, 4.046289059476467775e-01
1.409396019971704828e-01, 1.555408176459712744e-01, 2.989177191052962979e-01, 4.046018612515619450e-01
1.409504923598127180e-01, 1.555468000590023991e-01, 2.989279109092281561e-01, 4.045747966719568378e-01
1.409614183675110821e-01, 1.555527744459720418e-01, 2.989380949722833525e-01, 4.045477122142335791e-01
1.409723800204765176e-01, 1.555587408042631015e-01, 2.989482712914650064e-01, 4.045206078837951802e-01
1.409833773189133055e-01, 1.555646991312598093e-01, 2.989584398637802343e-01, 4.044934836860467064e-01
1.409944102630193707e-01, 1.555706494243478677e-01, 2.989686006862398715e-01, 4.044663396263929456e-01
1.410054788529863101e-01, 1.555765916809143390e-01, 2.989787537558588615e-01, 4.044391757102404061e-01
1.410165830889989758e-01, 1.555825258983479231e-01, 2.989888990696563664e-01, 4.044119919429968735e-01
1.410277229712360025e-01, 1.555884520740384858e-01, 2.989990366246548792e-01, 4.043847883300705770e-01
1.410388984998693362e-01, 1.555943702053775579e-01, 2.990091664178816666e-01, 4.043575648768714115e-01
1.410501096750647609e-01, 1.556002802897580584e-01, 2.990192884463673817e-01, 4.043303215888098823e-01
1.410613564969812606e-01, 1.556061823245743214e-01, 2.990294027071466187e-01, 4.043030584712979936e-01
1.410726389657714630e-01, 1.556120763072220414e-01, 2.990395091972581354e-01, 4.042757755297484157e-01
1.410839570815816402e-01, 1.556179622350985781e-01, 2.990496079137444640e-01, 4.042484727695753177e-01
1.410953108445514026e-01, 1.556238401056025678e-01, 2.990596988536524670e-01, 4.042211501961937570e-01
1.411067002548138660e-01, 1.556297099161341735e-01, 2.990697820140320595e-01, 4.041938078150199010e-01
1.411181253124959012e-01, 1.556355716640949738e-01, 2.990798573919379866e-01, 4.041664456314711384e-01
1.411295860177176342e-01, 1.556414253468880182e-01, 2.990899249844283236e-01, 4.041390636509659684e-01
1.411410823705928352e-01, 1.556472709619179939e-01, 2.990999847885652541e-01, 4.041116618789240555e-01
1.411526143712285575e-01, 1.556531085065906428e-01, 2.991100368014149025e-01, 4.040842403207658418e-01
1.411641820197256092e-01, 1.556589379783135385e-01, 2.991200810200472793e-01, 4.040567989819135453e-01
1.411757853161782206e-01, 1.556647593744955871e-01, 2.991301174415360031e-01, 4.040293378677901615e-01
1.411874242606739882e-01, 1.556705726925471933e-01, 2.991401460629589670e-01, 4.040018569838197404e-01
1.411990988532941527e-01, 1.556763779298801775e-01, 2.991501668813976167e-01, 4.039743563354279421e-01
1.412108090941133764e-01, 1.556821750839078589e-01, 2.991601798939375612e-01, 4.039468359280412035e-01
1.412225549831997717e-01, 1.556879641520450552e-01, 2.991701850976679622e-01, 4.039192957670871831e-01
1.412343365206149004e-01, 1.556937451317080834e-01, 2.991801824896820339e-01, 4.038917358579949823e-01
1.412461537064138295e-01, 1.556995180203146478e-01, 2.991901720670768761e-01, 4.038641562061945911e-01
1.412580065406452978e-01, 1.557052828152839796e-01, 2.992001538269531968e-01, 4.038365568171176090e-01
1.412698950233511053e-01, 1.557110395140368364e-01, 2.992101277664157566e-01, 4.038089376961964683e-01
1.412818191545668067e-01, 1.557167881139953358e-01, 2.992200938825730905e-01, 4.037812988488647670e-01
1.412937789343214345e-01, 1.557225286125832608e-01, 2.992300521725373974e-01, 4.037536402805578239e-01
1.413057743626373042e-01, 1.557282610072257545e-01, 2.992400026334252616e-01, 4.037259619967117907e-01
1.413178054395301531e-01, 1.557339852953494308e-01, 2.992499452623562650e-01, 4.036982640027642066e-01
1.413298721650094736e-01, 1.557397014743825692e-01, 2.992598800564543193e-01, 4.036705463041536657e-01
1.413419745390779025e-01, 1.557454095417546980e-01, 2.992698070128471666e-01, 4.036428089063203162e-01
1.413541125617316097e-01, 1.557511094948970665e-01, 2.992797261286661015e-01, 4.036150518147053612e-01
1.413662862329602421e-01, 1.557568013312422561e-01, 2.992896374010461380e-01, 4.035872750347513360e-01
1.413784955527469245e-01, 1.557624850482244860e-01, 2.992995408271265645e-01, 4.035594785719021638e-01
1.413907405210680091e-01, 1.557681606432793353e-01, 2.993094364040498889e-01, 4.035316624316028222e-01
1.414030211378935475e-01, 1.557738281138439651e-01, 2.993193241289628381e-01, 4.035038266192997325e-01
1.414153374031867638e-01, 1.557794874573570909e-01, 2.993292039990155806e-01, 4.034759711404406479e-01
1.414276893169044702e-01, 1.557851386712588160e-01, 2.993390760113622817e-01, 4.034480960004744321e-01
1.414400768789968454e-01, 1.557907817529909089e-01, 2.993489401631607705e-01, 4.034202012048516695e-01
1.414525000894074624e-01, 1.557964166999964428e-01, 2.993587964515724287e-01, 4.033922867590236105e-01
1.414649589480733161e-01, 1.558020435097202394e-01, 2.993686448737626904e-01, 4.033643526684436154e-01
1.414774534549248786e-01, 1.558076621796085637e-01, 2.993784854269007645e-01, 4.033363989385658210e-01
1.414899836098858499e-01, 1.558132727071090406e-01, 2.993883181081593015e-01, 4.033084255748458635e-01
1.415025494128735462e-01, 1.558188750896710162e-01, 2.993981429147148932e-01, 4.032804325827407110e-01
1.415151508637984279e-01, 1.558244693247451407e-01, 2.994079598437476286e-01, 4.032524199677087196e-01
1.415277879625647106e-01, 1.558300554097839241e-01, 2.994177688924416492e-01, 4.032243877352096328e-01
1.415404607090695877e-01, 1.558356333422411255e-01, 2.994275700579847044e-01, 4.031963358907045825e-01
1.415531691032039241e-01, 1.558412031195721137e-01, 2.994373633375679300e-01, 4.031682644396560322e-01
1.415659131448518404e-01, 1.558467647392337563e-01, 2.994471487283865696e-01, 4.031401733875277227e-01
1.415786928338908790e-01, 1.558523181986845862e-01, 2.994569262276394195e-01, 4.031120627397852263e-01
1.415915081701918932e-01, 1.558578634953844966e-01, 2.994666958325289952e-01, 4.030839325018946151e-01
1.416043591536191859e-01, 1.558634006267949901e-01, 2.994764575402612539e-01, 4.030557826793245702e-01
1.416172457840303989e-01, 1.558689295903791516e-01, 2.994862113480461496e-01, 4.030276132775442166e-01
1.416301680612765679e-01, 1.558744503836016204e-01, 2.994959572530973002e-01, 4.029994243020244560e-01
1.416431259852020397e-01, 1.558799630039284234e-01, 2.995056952526317096e-01, 4.029712157582377996e-01
1.416561195556444719e-01, 1.558854674488273362e-01, 2.995154253438704339e-01, 4.029429876516578135e-01
1.416691487724349163e-01, 1.558909637157674943e-01, 2.995251475240376937e-01, 4.029147399877599511e-01
1.416822136353979300e-01, 1.558964518022197265e-01, 2.995348617903617616e-01, 4.028864727720204431e-01
1.416953141443511033e-01, 1.559019317056564158e-01, 2.995445681400745186e-01, 4.028581860099179623e-01
1.417084502991056982e-01, 1.559074034235513606e-01, 2.995542665704112872e-01, 4.028298797069317927e-01
1.417216220994660103e-01, 1.559128669533800526e-01, 2.995639570786111650e-01, 4.028015538685428276e-01
1.417348295452298956e-01, 1.559183222926194268e-01, 2.995736396619168018e-01, 4.027732085002339590e-01
1.417480726361883270e-01, 1.559237694387481388e-01, 2.995833143175745672e-01, 4.027448436074890781e-01
1.417613513721258656e-01, 1.559292083892461767e-01, 2.995929810428343831e-01, 4.027164591957935191e-01
1.417746657528202170e-01, 1.559346391415953603e-01, 2.996026398349497244e-01, 4.026880552706346705e-01
1.417880157780423978e-01, 1.559400616932789529e-01, 2.996122906911778405e-01, 4.026596318375009198e-01
1.418014014475567908e-01, 1.559454760417816610e-01, 2.996219336087793672e-01, 4.026311889018822643e-01
1.418148227611211176e-01, 1.559508821845899673e-01, 2.996315685850187149e-01, 4.026027264692703667e-01
1.418282797184863275e-01, 1.559562801191917425e-01, 2.996411956171636248e-01, 4.025742445451582774e-01
1.418417723193967916e-01, 1.559616698430766613e-01, 2.996508147024859459e-01, 4.025457431350407678e-01
1.418553005635899145e-01, 1.559670513537357028e-01, 2.996604258382605246e-01, 4.025172222444138859e-01
1.418688644507968277e-01, 1.559724246486616506e-01, 2.996700290217661489e-01, 4.024886818787755116e-01
1.418824639807415022e-01, 1.559777897253488144e-01, 2.996796242502848817e-01, 4.024601220436248572e-01
1.418960991531414972e-01, 1.559831465812929197e-01, 2.996892115211026164e-01, 4.024315427444629667e-01
1.419097699677074331e-01, 1.559884952139915792e-01, 2.996987908315086879e-01, 4.024029439867922164e-01
1.419234764241434910e-01, 1.559938356209437382e-01, 2.997083621787960950e-01, 4.023743257761166481e-01
1.419372185221468852e-01, 1.559991677996500625e-01, 2.997179255602611114e-01, 4.023456881179419686e-01
1.419509962614081966e-01, 1.560044917476126614e-01, 2.997274809732037304e-01, 4.023170310177753284e-01
1.419648096416112615e-01, 1.560098074623355036e-01, 2.997370284149274977e-01, 4.022883544811257095e-01
1.419786586624331715e-01, 1.560151149413240013e-01, 2.997465678827394564e-01, 4.022596585135034819e-01
1.419925433235441903e-01, 1.560204141820849821e-01, 2.997560993739501467e-01, 4.022309431204206809e-01
1.420064636246080592e-01, 1.560257051821271890e-01, 2.997656228858736616e-01, 4.022022083073911181e-01
1.420204195652816359e-01, 1.560309879389608356e-01, 2.997751384158275356e-01, 4.021734540799301039e-01
1.420344111452148672e-01, 1.560362624500976070e-01, 2.997846459611328562e-01, 4.021446804435546696e-01
1.420484383640512605e-01, 1.560415287130511586e-01, 2.997941455191142635e-01, 4.021158874037833453e-01
1.420625012214273009e-01, 1.560467867253363117e-01, 2.998036370870998391e-01, 4.020870749661365484e-01
1.420765997169728123e-01, 1.560520364844698027e-01, 2.998131206624210510e-01, 4.020582431361363063e-01
1.420907338503109574e-01, 1.560572779879698946e-01, 2.998225962424129754e-01, 4.020293919193060894e-01
1.421049036210578764e-01, 1.560625112333564046e-01, 2.998320638244142966e-01, 4.020005213211713668e-01
1.421191090288231595e-01, 1.560677362181508987e-01, 2.998415234057669188e-01, 4.019716313472590508e-01
1.421333500732094302e-01, 1.560729529398764137e-01, 2.998509749838162430e-01, 4.019427220030978853e-01
1.421476267538127336e-01, 1.560781613960576797e-01, 2.998604185559112789e-01, 4.019137932942182800e-01
1.421619390702220931e-01, 1.560833615842211475e-01, 2.998698541194043110e-01, 4.018848452261524762e-01
1.421762870220199815e-01, 1.560885535018946557e-01, 2.998792816716514542e-01, 4.018558778044339919e-01
1.421906706087818217e-01, 1.560937371466079582e-01, 2.998887012100114879e-01, 4.018268910345987321e-01
1.422050898300763755e-01, 1.560989125158921964e-01, 2.998981127318475770e-01, 4.017978849221836568e-01
1.422195446854656875e-01, 1.561040796072802883e-01, 2.999075162345257728e-01, 4.017688594727282791e-01
1.422340351745047526e-01, 1.561092384183067894e-01, 2.999169117154155129e-01, 4.017398146917729451e-01
1.422485612967419877e-01, 1.561143889465076706e-01, 2.999262991718899540e-01, 4.017107505848603877e-01
1.422631230517187872e-01, 1.561195311894209570e-01, 2.999356786013253617e-01, 4.016816671575348940e-01
1.422777204389699124e-01, 1.561246651445859224e-01, 2.999450500011017207e-01, 4.016525644153425278e-01
1.422923534580230742e-01, 1.561297908095436726e-01, 2.999544133686020686e-01, 4.016234423638311846e-01
1.423070221083994336e-01, 1.561349081818368401e-01, 2.999637687012132181e-01, 4.015943010085503695e-01
1.423217263896131290e-01, 1.561400172590099444e-01, 2.999731159963252014e-01, 4.015651403550516974e-01
1.423364663011714437e-01, 1.561451180386089765e-01, 2.999824552513312703e-01, 4.015359604088883927e-01
1.423512418425748605e-01, 1.561502105181814537e-01, 2.999917864636283960e-01, 4.015067611756153454e-01
1.423660530133170343e-01, 1.561552946952768084e-01, 3.000011096306166580e-01, 4.014775426607893882e-01
1.423808998128847925e-01, 1.561603705674460274e-01, 3.000104247496996335e-01, 4.014483048699694079e-01
1.423957822407580232e-01, 1.561654381322417628e-01, 3.000197318182843409e-01, 4.014190478087158453e-01
1.424107002964098145e-01, 1.561704973872182489e-01, 3.000290308337810741e-01, 4.013897714825910290e-01
1.424256539793063436e-01, 1.561755483299314684e-01, 3.000383217936032354e-01, 4.013604758971590636e-01
1.424406432889069041e-01, 1.561805909579390417e-01, 3.000476046951680020e-01, 4.013311610579860522e-01
1.424556682246640449e-01, 1.561856252688002544e-01, 3.000568795358957153e-01, 4.013018269706400964e-01
1.424707287860232929e-01, 1.561906512600761132e-01, 3.000661463132099360e-01, 4.012724736406906856e-01
1.424858249724233195e-01, 1.561956689293292344e-01, 3.000754050245377780e-01, 4.012431010737096404e-01
1.425009567832959678e-01, 1.562006782741239275e-01, 3.000846556673096299e-01, 4.012137092752704470e-01
1.425161242180661980e-01, 1.562056792920261672e-01, 3.000938982389591003e-01, 4.011842982509486455e-01
1.425313272761519201e-01, 1.562106719806036215e-01, 3.001031327369230728e-01, 4.011548680063213856e-01
1.425465659569642718e-01, 1.562156563374256235e-01, 3.001123591586420392e-01, 4.011254185469679268e-01
1.425618402599075352e-01, 1.562206323600633107e-01, 3.001215775015594334e-01, 4.010959498784696931e-01
1.425771501843789424e-01, 1.562256000460892080e-01, 3.001307877631223531e-01, 4.010664620064094410e-01
1.425924957297689533e-01, 1.562305593930778946e-01, 3.001399899407808380e-01, 4.010369549363723141e-01
1.426078768954610054e-01, 1.562355103986053095e-01, 3.001491840319883697e-01, 4.010074286739452876e-01
1.426232936808316254e-01, 1.562404530602493624e-01, 3.001583700342019823e-01, 4.009778832247170577e-01
1.426387460852503730e-01, 1.562453873755894618e-01, 3.001675479448814299e-01, 4.009483185942787631e-01
1.426542341080800635e-01, 1.562503133422067925e-01, 3.001767177614901860e-01, 4.009187347882229302e-01
1.426697577486764623e-01, 1.562552309576842602e-01, 3.001858794814950548e-01, 4.008891318121444169e-01
1.426853170063881737e-01, 1.562601402196063527e-01, 3.001950331023655050e-01, 4.008595096716399686e-01
1.427009118805573351e-01, 1.562650411255594451e-01, 3.002041786215749464e-01, 4.008298683723082734e-01
1.427165423705186731e-01, 1.562699336731314947e-01, 3.002133160365997311e-01, 4.008002079197501288e-01
1.427322084756001974e-01, 1.562748178599121518e-01, 3.002224453449193753e-01, 4.007705283195682755e-01
1.427479101951228679e-01, 1.562796936834928152e-01, 3.002315665440169479e-01, 4.007408295773672302e-01
1.427636475284008721e-01, 1.562845611414666602e-01, 3.002406796313785708e-01, 4.007111116987538968e-01
1.427794204747411533e-01, 1.562894202314284164e-01, 3.002497846044933638e-01, 4.006813746893371220e-01
1.427952290334438545e-01, 1.562942709509747008e-01, 3.002588814608540546e-01, 4.006516185547273068e-01
1.428110732038020692e-01, 1.562991132977037678e-01, 3.002679701979564242e-01, 4.006218433005377388e-01
1.428269529851020625e-01, 1.563039472692155651e-01, 3.002770508132996397e-01, 4.005920489323828715e-01
1.428428683766228002e-01, 1.563087728631117890e-01, 3.002861233043855882e-01, 4.005622354558798226e-01
1.428588193776366144e-01, 1.563135900769959119e-01, 3.002951876687199317e-01, 4.005324028766475974e-01
1.428748059874085097e-01, 1.563183989084730441e-01, 3.003042439038112743e-01, 4.005025512003070332e-01
1.428908282051968570e-01, 1.563231993551501275e-01, 3.003132920071714951e-01, 4.004726804324815204e-01
1.429068860302527000e-01, 1.563279914146357141e-01, 3.003223319763154708e-01, 4.004427905787961706e-01
1.429229794618202265e-01, 1.563327750845402153e-01, 3.003313638087614645e-01, 4.004128816448781492e-01
1.429391084991365191e-01, 1.563375503624756524e-01, 3.003403875020308478e-01, 4.003829536363568975e-01
1.429552731414318045e-01, 1.563423172460559063e-01, 3.003494030536483228e-01, 4.003530065588639664e-01
1.429714733879291766e-01, 1.563470757328965788e-01, 3.003584104611413674e-01, 4.003230404180329605e-01
1.429877092378445680e-01, 1.563518258206148814e-01, 3.003674097220410122e-01, 4.002930552194994829e-01
1.430039806903873056e-01, 1.563565675068299410e-01, 3.003764008338812852e-01, 4.002630509689015237e-01
1.430202877447591392e-01, 1.563613007891625217e-01, 3.003853837941993232e-01, 4.002330276718789603e-01
1.430366304001551292e-01, 1.563660256652352754e-01, 3.003943586005354827e-01, 4.002029853340741128e-01
1.430530086557632030e-01, 1.563707421326724079e-01, 3.004033252504332840e-01, 4.001729239611310218e-01
1.430694225107642381e-01, 1.563754501890999571e-01, 3.004122837414394120e-01, 4.001428435586962817e-01
1.430858719643320620e-01, 1.563801498321459593e-01, 3.004212340711034934e-01, 4.001127441324185963e-01
1.431023570156333413e-01, 1.563848410594396998e-01, 3.004301762369784301e-01, 4.000826256879485565e-01
1.431188776638278315e-01, 1.563895238686127398e-01, 3.004391102366202326e-01, 4.000524882309391961e-01
1.431354339080682103e-01, 1.563941982572980283e-01, 3.004480360675880202e-01, 4.000223317670457135e-01
1.431520257474999114e-01, 1.563988642231305404e-01, 3.004569537274439095e-01, 3.999921563019256388e-01
1.431686531812614294e-01, 1.564035217637468611e-01, 3.004658632137534591e-01, 3.999619618412382782e-01
1.431853162084842090e-01, 1.564081708767854073e-01, 3.004747645240849474e-01, 3.999317483906453807e-01
1.432020148282924787e-01, 1.564128115598864277e-01, 3.004836576560098171e-01, 3.999015159558111931e-01
1.432187490398034724e-01, 1.564174438106918086e-01, 3.004925426071028971e-01, 3.998712645424018497e-01
1.432355188421273184e-01, 1.564220676268452404e-01, 3.005014193749416807e-01, 3.998409941560857606e-01
1.432523242343669567e-01, 1.564266830059923841e-01, 3.005102879571070473e-01, 3.998107048025337229e-01
1.432691652156182771e-01, 1.564312899457803996e-01, 3.005191483511827077e-01, 3.997803964874186433e-01
1.432860417849700918e-01, 1.564358884438584174e-01, 3.005280005547557587e-01, 3.997500692164157599e-01
1.433029539415041076e-01, 1.564404784978773166e-01, 3.005368445654159615e-01, 3.997197229952026420e-01
1.433199016842946760e-01, 1.564450601054897805e-01, 3.005456803807565747e-01, 3.996893578294590244e-01
1.433368850124094040e-01, 1.564496332643501575e-01, 3.005545079983735213e-01, 3.996589737248668617e-01
1.433539039249084879e-01, 1.564541979721147946e-01, 3.005633274158659995e-01, 3.996285706871107180e-01
1.433709584208451016e-01, 1.564587542264416764e-01, 3.005721386308360943e-01, 3.995981487218769890e-01
1.433880484992651472e-01, 1.564633020249905637e-01, 3.005809416408891654e-01, 3.995677078348550681e-01
1.434051741592076157e-01, 1.564678413654232991e-01, 3.005897364436333485e-01, 3.995372480317356256e-01
1.434223353997041428e-01, 1.564723722454030852e-01, 3.005985230366800542e-01, 3.995067693182126622e-01
1.434395322197792588e-01, 1.564768946625953727e-01, 3.006073014176433023e-01, 3.994762716999820107e-01
1.434567646184503609e-01, 1.564814086146670558e-01, 3.006160715841406095e-01, 3.994457551827421127e-01
1.434740325947276296e-01, 1.564859140992870823e-01, 3.006248335337920463e-01, 3.994152197721931308e-01
1.434913361476141402e-01, 1.564904111141260934e-01, 3.006335872642212359e-01, 3.993846654740385582e-01
1.435086752761057516e-01, 1.564948996568565343e-01, 3.006423327730542994e-01, 3.993540922939833315e-01
1.435260499791912170e-01, 1.564993797251528207e-01, 3.006510700579206885e-01, 3.993235002377353293e-01
1.435434602558519346e-01, 1.565038513166909506e-01, 3.006597991164525752e-01, 3.992928893110045396e-01
1.435609061050622248e-01, 1.565083144291489758e-01, 3.006685199462852398e-01, 3.992622595195035595e-01
1.435783875257892750e-01, 1.565127690602065857e-01, 3.006772325450570160e-01, 3.992316108689472620e-01
1.435959045169928894e-01, 1.565172152075453571e-01, 3.006859369104090685e-01, 3.992009433650525740e-01
1.436134570776258779e-01, 1.565216528688487818e-01, 3.006946330399856704e-01, 3.991702570135396422e-01
1.436310452066336674e-01, 1.565260820418020726e-01, 3.007033209314340927e-01, 3.991395518201302783e-01
1.436486689029545794e-01, 1.565305027240923297e-01, 3.007120005824042153e-01, 3.991088277905489035e-01
1.436663281655195801e-01, 1.565349149134084572e-01, 3.007206719905491932e-01, 3.990780849305226585e-01
1.436840229932526136e-01, 1.565393186074412191e-01, 3.007293351535252346e-01, 3.990473232457809050e-01
1.437017533850701578e-01, 1.565437138038832110e-01, 3.007379900689911567e-01, 3.990165427420553912e-01
1.437195193398816961e-01, 1.565481005004288884e-01, 3.007466367346088298e-01, 3.989857434250805857e-01
1.437373208565893012e-01, 1.565524786947744829e-01, 3.007552751480431774e-01, 3.989549253005930662e-01
1.437551579340877461e-01, 1.565568483846181691e-01, 3.007639053069620649e-01, 3.989240883743319088e-01
1.437730305712647816e-01, 1.565612095676599536e-01, 3.007725272090359114e-01, 3.988932326520392424e-01
1.437909387670007755e-01, 1.565655622416016191e-01, 3.007811408519385221e-01, 3.988623581394590834e-01
1.438088825201687126e-01, 1.565699064041468636e-01, 3.007897462333464778e-01, 3.988314648423378905e-01
1.438268618296345280e-01, 1.565742420530012169e-01, 3.007983433509391347e-01, 3.988005527664251204e-01
1.438448766942567458e-01, 1.565785691858721240e-01, 3.008069322023986247e-01, 3.987696219174725054e-01
1.438629271128866183e-01, 1.565828878004688063e-01, 3.008155127854103550e-01, 3.987386723012341649e-01
1.438810130843682367e-01, 1.565871978945024556e-01, 3.008240850976625635e-01, 3.987077039234668274e-01
1.438991346075382538e-01, 1.565914994656859294e-01, 3.008326491368459865e-01, 3.986767167899298303e-01
1.439172916812260783e-01, 1.565957925117341665e-01, 3.008412049006547462e-01, 3.986457109063850646e-01
1.439354843042538468e-01, 1.566000770303638823e-01, 3.008497523867855183e-01, 3.986146862785967526e-01
1.439537124754364517e-01, 1.566043530192937627e-01, 3.008582915929378654e-01, 3.985836429123320590e-01
1.439719761935812636e-01, 1.566086204762441869e-01, 3.008668225168142363e-01, 3.985525808133603132e-01
1.439902754574885479e-01, 1.566128793989374768e-01, 3.008753451561202441e-01, 3.985214999874537867e-01
1.440086102659512424e-01, 1.566171297850979527e-01, 3.008838595085638334e-01, 3.984904004403868605e-01
1.440269806177548462e-01, 1.566213716324517669e-01, 3.008923655718562795e-01, 3.984592821779372462e-01
1.440453865116775867e-01, 1.566256049387268201e-01, 3.009008633437111890e-01, 3.984281452058843209e-01
1.440638279464903915e-01, 1.566298297016530394e-01, 3.009093528218456659e-01, 3.983969895300109032e-01
1.440823049209567497e-01, 1.566340459189621837e-01, 3.009178340039791455e-01, 3.983658151561018657e-01
1.441008174338329617e-01, 1.566382535883879545e-01, 3.009263068878339498e-01, 3.983346220899451340e-01
1.441193654838677229e-01, 1.566424527076659134e-01, 3.009347714711354538e-01, 3.983034103373307988e-01
1.441379490698027066e-01, 1.566466432745335091e-01, 3.009432277516116971e-01, 3.982721799040520039e-01
1.441565681903719809e-01, 1.566508252867301609e-01, 3.009516757269934950e-01, 3.982409307959043909e-01
1.441752228443022865e-01, 1.566549987419970091e-01, 3.009601153950146046e-01, 3.982096630186860442e-01
1.441939130303131200e-01, 1.566591636380772479e-01, 3.009685467534113923e-01, 3.981783765781981566e-01
1.442126387471164006e-01, 1.566633199727160419e-01, 3.009769697999233329e-01, 3.981470714802441968e-01
1.442313999934169144e-01, 1.566674677436602769e-01, 3.009853845322924548e-01, 3.981157477306304648e-01
1.442501967679117592e-01, 1.566716069486588925e-01, 3.009937909482633955e-01, 3.980844053351659806e-01
1.442690290692908439e-01, 1.566757375854626599e-01, 3.010021890455840121e-01, 3.980530442996623730e-01
1.442878968962368058e-01, 1.566798596518243769e-01, 3.010105788220048262e-01, 3.980216646299340466e-01
1.443068002474244271e-01, 1.566839731454985341e-01, 3.010189602752789684e-01, 3.979902663317980704e-01
1.443257391215215235e-01, 1.566880780642418147e-01, 3.010273334031623449e-01, 3.979588494110743446e-01
1.443447135171883333e-01, 1.566921744058126231e-01, 3.010356982034138040e-01, 3.979274138735852118e-01
1.443637234330776842e-01, 1.566962621679714451e-01, 3.010440546737948586e-01, 3.978959597251560676e-01
1.443827688678349097e-01, 1.567003413484805152e-01, 3.010524028120697415e-01, 3.978644869716148613e-01
1.444018498200980716e-01, 1.567044119451042328e-01, 3.010607426160052946e-01, 3.978329956187924843e-01
1.444209662884975987e-01, 1.567084739556085793e-01, 3.010690740833714130e-01, 3.978014856725222703e-01
1.444401182716566756e-01, 1.567125273777619232e-01, 3.010773972119408226e-01, 3.977699571386406618e-01
1.444593057681908821e-01, 1.567165722093341873e-01, 3.010857119994883591e-01, 3.977384100229866548e-01
1.444785287767084148e-01, 1.567206084480973760e-01, 3.010940184437920220e-01, 3.977068443314020763e-01
1.444977872958100595e-01, 1.567246360918255754e-01, 3.011023165426328640e-01, 3.976752600697314732e-01
1.445170813240890528e-01, 1.567286551382944815e-01, 3.011106062937939920e-01, 3.976436572438225014e-01
1.445364108601310815e-01, 1.567326655852820938e-01, 3.011188876950615101e-01, 3.976120358595253146e-01
1.445557759025146993e-01, 1.567366674305681329e-01, 3.011271607442242981e-01, 3.975803959226928974e-01
1.445751764498106329e-01, 1.567406606719342899e-01, 3.011354254390739005e-01, 3.975487374391810658e-01
1.445946125005822536e-01, 1.567446453071644208e-01, 3.011436817774045260e-01, 3.975170604148486886e-01
1.446140840533854666e-01, 1.567486213340440748e-01, 3.011519297570131593e-01, 3.974853648555572438e-01
1.446335911067686275e-01, 1.567525887503608550e-01, 3.011601693756993381e-01, 3.974536507671711516e-01
1.446531336592725703e-01, 1.567565475539043629e-01, 3.011684006312653206e-01, 3.974219181555576075e-01
1.446727117094308568e-01, 1.567604977424661150e-01, 3.011766235215162513e-01, 3.973901670265866937e-01
1.446923252557691941e-01, 1.567644393138396541e-01, 3.011848380442596063e-01, 3.973583973861316565e-01
1.447119742968058509e-01, 1.567683722658203826e-01, 3.011930441973058592e-01, 3.973266092400679628e-01
1.447316588310518792e-01, 1.567722965962057846e-01, 3.012012419784679262e-01, 3.972948025942745764e-01
1.447513788570103377e-01, 1.567762123027953425e-01, 3.012094313855612771e-01, 3.972629774546331816e-01
1.447711343731770683e-01, 1.567801193833902873e-01, 3.012176124164044899e-01, 3.972311338270281267e-01
1.447909253780403915e-01, 1.567840178357941816e-01, 3.012257850688183636e-01, 3.971992717173470910e-01
1.448107518700808560e-01, 1.567879076578122810e-01, 3.012339493406265278e-01, 3.971673911314804184e-01
1.448306138477716554e-01, 1.567917888472519228e-01, 3.012421052296552215e-01, 3.971354920753213391e-01
1.448505113095782948e-01, 1.567956614019224149e-01, 3.012502527337332370e-01, 3.971035745547661366e-01
1.448704442539587856e-01, 1.567995253196350913e-01, 3.012583918506921976e-01, 3.970716385757138145e-01
1.448904126793635894e-01, 1.568033805982032292e-01, 3.012665225783663359e-01, 3.970396841440667624e-01
1.449104165842355907e-01, 1.568072272354422148e-01, 3.012746449145920491e-01, 3.970077112657300344e-01
1.449304559670100689e-01, 1.568110652291692664e-01, 3.012827588572088988e-01, 3.969757199466117381e-01
1.449505308261146430e-01, 1.568148945772036562e-01, 3.012908644040590000e-01, 3.969437101926226452e-01
1.449706411599694933e-01, 1.568187152773667103e-01, 3.012989615529866327e-01, 3.969116820096770804e-01
1.449907869669870841e-01, 1.568225273274817255e-01, 3.013070503018391300e-01, 3.968796354036920881e-01
1.450109682455724136e-01, 1.568263307253739414e-01, 3.013151306484662673e-01, 3.968475703805873223e-01
1.450311849941227360e-01, 1.568301254688707347e-01, 3.013232025907204292e-01, 3.968154869462860446e-01
1.450514372110276728e-01, 1.568339115558013697e-01, 3.013312661264566650e-01, 3.967833851067143480e-01
1.450717248946693516e-01, 1.568376889839972199e-01, 3.013393212535321330e-01, 3.967512648678012122e-01
1.450920480434223225e-01, 1.568414577512916019e-01, 3.013473679698072671e-01, 3.967191262354786696e-01
1.451124066556532255e-01, 1.568452178555199417e-01, 3.013554062731447214e-01, 3.966869692156821392e-01
1.451328007297213452e-01, 1.568489692945194969e-01, 3.013634361614096480e-01, 3.966547938143495933e-01
1.451532302639781946e-01, 1.568527120661297736e-01, 3.013714576324698635e-01, 3.966226000374221683e-01
1.451736952567676542e-01, 1.568564461681921651e-01, 3.013794706841958493e-01, 3.965903878908442759e-01
1.451941957064260269e-01, 1.568601715985501188e-01, 3.013874753144603624e-01, 3.965581573805634363e-01
1.452147316112818165e-01, 1.568638883550491914e-01, 3.013954715211388802e-01, 3.965259085125301119e-01
1.452353029696560327e-01, 1.568675964355367991e-01, 3.014034593021095443e-01, 3.964936412926975406e-01
1.452559097798618304e-01, 1.568712958378625510e-01, 3.014114386552528280e-01, 3.964613557270227351e-01
1.452765520402048149e-01, 1.568749865598781379e-01, 3.014194095784516469e-01, 3.964290518214653170e-01
1.452972297489829034e-01, 1.568786685994370544e-01, 3.014273720695919145e-01, 3.963967295819881831e-01
1.453179429044862414e-01, 1.568823419543949882e-01, 3.014353261265614869e-01, 3.963643890145571169e-01
1.453386915049974248e-01, 1.568860066226097638e-01, 3.014432717472511625e-01, 3.963320301251416211e-01
1.453594755487911672e-01, 1.568896626019410101e-01, 3.014512089295540709e-01, 3.962996529197136963e-01
1.453802950341346323e-01, 1.568933098902507151e-01, 3.014591376713658399e-01, 3.962672574042489515e-01
1.454011499592872403e-01, 1.568969484854025875e-01, 3.014670579705845954e-01, 3.962348435847255490e-01
1.454220403225005565e-01, 1.569005783852626401e-01, 3.014749698251111276e-01, 3.962024114671256481e-01
1.454429661220187076e-01, 1.569041995876988838e-01, 3.014828732328484473e-01, 3.961699610574339614e-01
1.454639273560777157e-01, 1.569078120905813278e-01, 3.014907681917023963e-01, 3.961374923616385879e-01
1.454849240229062202e-01, 1.569114158917820634e-01, 3.014986546995808703e-01, 3.961050053857307351e-01
1.455059561207250052e-01, 1.569150109891752631e-01, 3.015065327543947071e-01, 3.960725001357049968e-01
1.455270236477470003e-01, 1.569185973806372092e-01, 3.015144023540569096e-01, 3.960399766175590197e-01
1.455481266021774467e-01, 1.569221750640461543e-01, 3.015222634964829229e-01, 3.960074348372934483e-01
1.455692649822138696e-01, 1.569257440372825163e-01, 3.015301161795910234e-01, 3.959748748009124797e-01
1.455904387860461335e-01, 1.569293042982287667e-01, 3.015379604013014858e-01, 3.959422965144235307e-01
1.456116480118559431e-01, 1.569328558447694866e-01, 3.015457961595373049e-01, 3.959096999838371822e-01
1.456328926578177585e-01, 1.569363986747911721e-01, 3.015536234522238623e-01, 3.958770852151673458e-01
1.456541727220977966e-01, 1.569399327861825677e-01, 3.015614422772889824e-01, 3.958444522144305977e-01
1.456754882028547804e-01, 1.569434581768344994e-01, 3.015692526326629319e-01, 3.958118009876477328e-01
1.456968390982394945e-01, 1.569469748446398194e-01, 3.015770545162785310e-01, 3.957791315408420441e-01
1.457182254063950633e-01, 1.569504827874934338e-01, 3.015848479260709314e-01, 3.957464438800406548e-01
1.457396471254565895e-01, 1.569539820032925803e-01, 3.015926328599774497e-01, 3.957137380112734082e-01
1.457611042535515156e-01, 1.569574724899361340e-01, 3.016004093159384003e-01, 3.956810139405739224e-01
1.457825967887995677e-01, 1.569609542453254958e-01, 3.016081772918960402e-01, 3.956482716739789796e-01
1.458041247293123677e-01, 1.569644272673640373e-01, 3.016159367857951246e-01, 3.956155112175284705e-01
1.458256880731939598e-01, 1.569678915539571284e-01, 3.016236877955830176e-01, 3.955827325772658387e-01
1.458472868185404780e-01, 1.569713471030123875e-01, 3.016314303192093038e-01, 3.955499357592378584e-01
1.458689209634401462e-01, 1.569747939124394587e-01, 3.016391643546260659e-01, 3.955171207694944124e-01
1.458905905059733610e-01, 1.569782319801500958e-01, 3.016468898997876069e-01, 3.954842876140888253e-01
1.459122954442128306e-01, 1.569816613040582454e-01, 3.016546069526508944e-01, 3.954514362990781406e-01
1.459340357762230755e-01, 1.569850818820798521e-01, 3.016623155111749499e-01, 3.954185668305220669e-01
1.459558115000611223e-01, 1.569884937121329982e-01, 3.016700155733214594e-01, 3.953856792144843091e-01
1.459776226137758925e-01, 1.569918967921380692e-01, 3.016777071370544405e-01, 3.953527734570315144e-01
1.459994691154084812e-01, 1.569952911200173107e-01, 3.016853902003401866e-01, 3.953198495642340493e-01
1.460213510029921280e-01, 1.569986766936952438e-01, 3.016930647611472671e-01, 3.952869075421654443e-01
1.460432682745521626e-01, 1.570020535110984716e-01, 3.017007308174469715e-01, 3.952539473969025052e-01
1.460652209281059766e-01, 1.570054215701556510e-01, 3.017083883672124212e-01, 3.952209691345258125e-01
1.460872089616632730e-01, 1.570087808687978814e-01, 3.017160374084196239e-01, 3.951879727611192772e-01
1.461092323732255671e-01, 1.570121314049580385e-01, 3.017236779390465862e-01, 3.951549582827699192e-01
1.461312911607865195e-01, 1.570154731765712741e-01, 3.017313099570736457e-01, 3.951219257055686440e-01
1.461533853223319912e-01, 1.570188061815749048e-01, 3.017389334604836937e-01, 3.950888750356093548e-01
1.461755148558398776e-01, 1.570221304179084121e-01, 3.017465484472618975e-01, 3.950558062789897851e-01
1.461976797592801358e-01, 1.570254458835133315e-01, 3.017541549153957003e-01, 3.950227194418107768e-01
1.462198800306147572e-01, 1.570287525763333913e-01, 3.017617528628747103e-01, 3.949896145301770578e-01
1.462421156677978229e-01, 1.570320504943145123e-01, 3.017693422876912557e-01, 3.949564915501965756e-01
1.462643866687753924e-01, 1.570353396354046971e-01, 3.017769231878394964e-01, 3.949233505079803863e-01
1.462866930314856984e-01, 1.570386199975541963e-01, 3.017844955613163127e-01, 3.948901914096437094e-01
1.463090347538588687e-01, 1.570418915787153424e-01, 3.017920594061206385e-01, 3.948570142613052059e-01
1.463314118338171765e-01, 1.570451543768426050e-01, 3.017996147202538504e-01, 3.948238190690864235e-01
1.463538242692748736e-01, 1.570484083898926464e-01, 3.018071615017195453e-01, 3.947906058391130180e-01
1.463762720581382182e-01, 1.570516536158243770e-01, 3.018146997485235405e-01, 3.947573745775137533e-01
1.463987551983055579e-01, 1.570548900525988167e-01, 3.018222294586742072e-01, 3.947241252904214459e-01
1.464212736876671084e-01, 1.570581176981791782e-01, 3.018297506301817479e-01, 3.946908579839720210e-01
1.464438275241051746e-01, 1.570613365505307002e-01, 3.018372632610591411e-01, 3.946575726643050674e-01
1.464664167054940402e-01, 1.570645466076209529e-01, 3.018447673493213079e-01, 3.946242693375635602e-01
1.464890412297001621e-01, 1.570677478674197824e-01, 3.018522628929856122e-01, 3.945909480098945266e-01
1.465117010945815312e-01, 1.570709403278988947e-01, 3.018597498900714715e-01, 3.945576086874481025e-01
1.465343962979886450e-01, 1.570741239870325490e-01, 3.018672283386008015e-01, 3.945242513763780878e-01
1.465571268377634795e-01, 1.570772988427968919e-01, 3.018746982365976272e-01, 3.944908760828420013e-01
1.465798927117404338e-01, 1.570804648931704017e-01, 3.018821595820882497e-01, 3.944574828130009703e-01
1.466026939177454969e-01, 1.570836221361337492e-01, 3.018896123731011905e-01, 3.944240715730195634e-01
1.466255304535967474e-01, 1.570867705696697980e-01, 3.018970566076673578e-01, 3.943906423690660135e-01
1.466484023171042705e-01, 1.570899101917636598e-01, 3.019044922838197142e-01, 3.943571952073123832e-01
1.466713095060700189e-01, 1.570930410004023892e-01, 3.019119193995935535e-01, 3.943237300939340662e-01
1.466942520182878962e-01, 1.570961629935755666e-01, 3.019193379530262789e-01, 3.942902470351101751e-01
1.467172298515437845e-01, 1.570992761692747985e-01, 3.019267479421576250e-01, 3.942567460370238197e-01
1.467402430036153227e-01, 1.571023805254939398e-01, 3.019341493650296027e-01, 3.942232271058610515e-01
1.467632914722722670e-01, 1.571054760602291211e-01, 3.019415422196863319e-01, 3.941896902478123077e-01
1.467863752552761025e-01, 1.571085627714785549e-01, 3.019489265041740422e-01, 3.941561354690713004e-01
1.468094943503803762e-01, 1.571116406572427571e-01, 3.019563022165414057e-01, 3.941225627758354610e-01
1.468326487553304471e-01, 1.571147097155244365e-01, 3.019636693548392037e-01, 3.940889721743059404e-01
1.468558384678635698e-01, 1.571177699443285780e-01, 3.019710279171202716e-01, 3.940553636706876639e-01
1.468790634857088107e-01, 1.571208213416622201e-01, 3.019783779014397762e-01, 3.940217372711892763e-01
1.469023238065872705e-01, 1.571238639055348718e-01, 3.019857193058549938e-01, 3.939880929820229194e-01
1.469256194282117234e-01, 1.571268976339580958e-01, 3.019930521284254765e-01, 3.939544308094046210e-01
1.469489503482870330e-01, 1.571299225249457310e-01, 3.020003763672130526e-01, 3.939207507595542390e-01
1.469723165645097362e-01, 1.571329385765138920e-01, 3.020076920202813264e-01, 3.938870528386951286e-01
1.469957180745683767e-01, 1.571359457866808029e-01, 3.020149990856964561e-01, 3.938533370530544198e-01
1.470191548761431155e-01, 1.571389441534671583e-01, 3.020222975615264316e-01, 3.938196034088633501e-01
1.470426269669062314e-01, 1.571419336748955953e-01, 3.020295874458417962e-01, 3.937858519123563772e-01
1.470661343445215929e-01, 1.571449143489913047e-01, 3.020368687367150362e-01, 3.937520825697721771e-01
1.470896770066449366e-01, 1.571478861737814203e-01, 3.020441414322206364e-01, 3.937182953873528679e-01
1.471132549509240883e-01, 1.571508491472956015e-01, 3.020514055304354684e-01, 3.936844903713448418e-01
1.471368681749982976e-01, 1.571538032675655894e-01, 3.020586610294385688e-01, 3.936506675279975997e-01
1.471605166764988482e-01, 1.571567485326253455e-01, 3.020659079273108061e-01, 3.936168268635650280e-01
1.471842004530487524e-01, 1.571596849405113017e-01, 3.020731462221353802e-01, 3.935829683843045101e-01
1.472079195022628628e-01, 1.571626124892620269e-01, 3.020803759119977117e-01, 3.935490920964774264e-01
1.472316738217477050e-01, 1.571655311769181718e-01, 3.020875969949852746e-01, 3.935151980063488208e-01
1.472554634091018111e-01, 1.571684410015229683e-01, 3.020948094691875419e-01, 3.934812861201877898e-01
1.472792882619153032e-01, 1.571713419611217022e-01, 3.021020133326960955e-01, 3.934473564442669824e-01
1.473031483777699768e-01, 1.571742340537619909e-01, 3.021092085836048491e-01, 3.934134089848632110e-01
1.473270437542397449e-01, 1.571771172774938108e-01, 3.021163952200096037e-01, 3.933794437482568962e-01
1.473509743888898882e-01, 1.571799916303692479e-01, 3.021235732400083807e-01, 3.933454607407324555e-01
1.473749402792776386e-01, 1.571828571104427752e-01, 3.021307426417013109e-01, 3.933114599685781920e-01
1.473989414229519568e-01, 1.571857137157711692e-01, 3.021379034231904681e-01, 3.932774414380864059e-01
1.474229778174535599e-01, 1.571885614444133716e-01, 3.021450555825802575e-01, 3.932434051555528387e-01
1.474470494603147830e-01, 1.571914002944307109e-01, 3.021521991179767497e-01, 3.932093511272777842e-01
1.474711563490597732e-01, 1.571942302638868194e-01, 3.021593340274885686e-01, 3.931752793595648665e-01
1.474952984812043233e-01, 1.571970513508475220e-01, 3.021664603092261148e-01, 3.931411898587219844e-01
1.475194758542560380e-01, 1.571998635533810029e-01, 3.021735779613020090e-01, 3.931070826310608668e-01
1.475436884657141678e-01, 1.572026668695577778e-01, 3.021806869818308150e-01, 3.930729576828972949e-01
1.475679363130695809e-01, 1.572054612974504995e-01, 3.021877873689292615e-01, 3.930388150205505471e-01
1.475922193938050686e-01, 1.572082468351344853e-01, 3.021948791207160756e-01, 3.930046546503444538e-01
1.476165377053948180e-01, 1.572110234806868012e-01, 3.022019622353118717e-01, 3.929704765786064535e-01
1.476408912453048561e-01, 1.572137912321873443e-01, 3.022090367108396514e-01, 3.929362808116680372e-01
1.476652800109928831e-01, 1.572165500877179822e-01, 3.022161025454244143e-01, 3.929020673558646926e-01
1.476897039999082173e-01, 1.572193000453631362e-01, 3.022231597371928813e-01, 3.928678362175357930e-01
1.477141632094918222e-01, 1.572220411032093923e-01, 3.022302082842739934e-01, 3.928335874030248753e-01
1.477386576371763072e-01, 1.572247732593456127e-01, 3.022372481847986903e-01, 3.927993209186793622e-01
1.477631872803859825e-01, 1.572274965118631573e-01, 3.022442794369001873e-01, 3.927650367708507284e-01
1.477877521365368041e-01, 1.572302108588554959e-01, 3.022513020387133653e-01, 3.927307349658943902e-01
1.478123522030362902e-01, 1.572329162984186790e-01, 3.022583159883752146e-01, 3.926964155101699272e-01
1.478369874772835491e-01, 1.572356128286508115e-01, 3.022653212840247239e-01, 3.926620784100408046e-01
1.478616579566695288e-01, 1.572383004476525792e-01, 3.022723179238031577e-01, 3.926277236718747066e-01
1.478863636385765179e-01, 1.572409791535268331e-01, 3.022793059058533904e-01, 3.925933513020432586e-01
1.479111045203784780e-01, 1.572436489443787555e-01, 3.022862852283206836e-01, 3.925589613069220829e-01
1.479358805994411274e-01, 1.572463098183159991e-01, 3.022932558893517974e-01, 3.925245536928910206e-01
1.479606918731215526e-01, 1.572489617734484924e-01, 3.023002178870960455e-01, 3.924901284663339096e-01
1.479855383387686241e-01, 1.572516048078883844e-01, 3.023071712197041294e-01, 3.924556856336387511e-01
1.480104199937226361e-01, 1.572542389197504054e-01, 3.023141158853294153e-01, 3.924212252011974877e-01
1.480353368353155563e-01, 1.572568641071514783e-01, 3.023210518821266013e-01, 3.923867471754064473e-01
1.480602888608708312e-01, 1.572594803682109132e-01, 3.023279792082528838e-01, 3.923522515626655105e-01
1.480852760677035251e-01, 1.572620877010503515e-01, 3.023348978618668470e-01, 3.923177383693791653e-01
1.481102984531201816e-01, 1.572646861037938770e-01, 3.023418078411296839e-01, 3.922832076019561742e-01
1.481353560144190729e-01, 1.572672755745678219e-01, 3.023487091442041419e-01, 3.922486592668089078e-01
1.481604487488898114e-01, 1.572698561115009885e-01, 3.023556017692550779e-01, 3.922140933703542331e-01
1.481855766538135999e-01, 1.572724277127243997e-01, 3.023624857144490141e-01, 3.921795099190130141e-01
1.482107397264631754e-01, 1.572749903763716317e-01, 3.023693609779548597e-01, 3.921449089192103332e-01
1.482359379641028096e-01, 1.572775441005785091e-01, 3.023762275579431891e-01, 3.921102903773755477e-01
1.482611713639882534e-01, 1.572800888834832711e-01, 3.023830854525865752e-01, 3.920756542999420113e-01
1.482864399233667085e-01, 1.572826247232264052e-01, 3.023899346600594229e-01, 3.920410006933474079e-01
1.483117436394771060e-01, 1.572851516179511466e-01, 3.023967751785383018e-01, 3.920063295640334178e-01
1.483370825095496059e-01, 1.572876695658025625e-01, 3.024036070062015025e-01, 3.919716409184462180e-01
1.483624565308059862e-01, 1.572901785649286899e-01, 3.024104301412294804e-01, 3.919369347630359823e-01
1.483878657004593649e-01, 1.572926786134794530e-01, 3.024172445818041899e-01, 3.919022111042571033e-01
1.484133100157145335e-01, 1.572951697096074408e-01, 3.024240503261098056e-01, 3.918674699485682478e-01
1.484387894737675961e-01, 1.572976518514676292e-01, 3.024308473723323898e-01, 3.918327113024323571e-01
1.484643040718062190e-01, 1.573001250372172422e-01, 3.024376357186598363e-01, 3.917979351723165915e-01
1.484898538070094087e-01, 1.573025892650160851e-01, 3.024444153632819821e-01, 3.917631415646924409e-01
1.485154386765476786e-01, 1.573050445330262115e-01, 3.024511863043905513e-01, 3.917283304860356141e-01
1.485410586775829933e-01, 1.573074908394121452e-01, 3.024579485401791001e-01, 3.916935019428257059e-01
1.485667138072687687e-01, 1.573099281823408246e-01, 3.024647020688430721e-01, 3.916586559415472513e-01
1.485924040627496778e-01, 1.573123565599815754e-01, 3.024714468885800756e-01, 3.916237924886886157e-01
1.486181294411620391e-01, 1.573147759705061377e-01, 3.024781829975891068e-01, 3.915889115907427165e-01
1.486438899396334001e-01, 1.573171864120887498e-01, 3.024849103940713824e-01, 3.915540132542065233e-01
1.486696855552828989e-01, 1.573195878829058980e-01, 3.024916290762298954e-01, 3.915190974855814465e-01
1.486955162852207635e-01, 1.573219803811365392e-01, 3.024983390422694152e-01, 3.914841642913733377e-01
1.487213821265489788e-01, 1.573243639049621001e-01, 3.025050402903967650e-01, 3.914492136780920450e-01
1.487472830763606757e-01, 1.573267384525665336e-01, 3.025117328188206001e-01, 3.914142456522521907e-01
1.487732191317404362e-01, 1.573291040221360404e-01, 3.025184166257511298e-01, 3.913792602203723936e-01
1.487991902897642105e-01, 1.573314606118593195e-01, 3.025250917094007841e-01, 3.913442573889757692e-01
1.488251965474992333e-01, 1.573338082199274290e-01, 3.025317580679834917e-01, 3.913092371645897072e-01
1.488512379020041909e-01, 1.573361468445340638e-01, 3.025384156997156238e-01, 3.912741995537460937e-01
1.488773143503291374e-01, 1.573384764838752226e-01, 3.025450646028144952e-01, 3.912391445629811448e-01
1.489034258895153284e-01, 1.573407971361492630e-01, 3.025517047755000299e-01, 3.912040721988352954e-01
1.489295725165954987e-01, 1.573431087995571520e-01, 3.025583362159935397e-01, 3.911689824678536986e-01
1.489557542285936675e-01, 1.573454114723022434e-01, 3.025649589225184455e-01, 3.911338753765856713e-01
1.489819710225251392e-01, 1.573477051525903059e-01, 3.025715728932997228e-01, 3.910987509315849708e-01
1.490082228953965859e-01, 1.573499898386294671e-01, 3.025781781265642900e-01, 3.910636091394098512e-01
1.490345098442058536e-01, 1.573522655286305472e-01, 3.025847746205408417e-01, 3.910284500066228408e-01
1.490608318659422948e-01, 1.573545322208066699e-01, 3.025913623734599600e-01, 3.909932735397911308e-01
1.490871889575864362e-01, 1.573567899133734294e-01, 3.025979413835539478e-01, 3.909580797454861312e-01
1.491135811161100888e-01, 1.573590386045489453e-01, 3.026045116490571063e-01, 3.909228686302838596e-01
1.491400083384763764e-01, 1.573612782925536968e-01, 3.026110731682049027e-01, 3.908876402007648854e-01
1.491664706216397074e-01, 1.573635089756108274e-01, 3.026176259392355239e-01, 3.908523944635139968e-01
1.491929679625456640e-01, 1.573657306519456733e-01, 3.026241699603882118e-01, 3.908171314251204786e-01
1.492195003581311408e-01, 1.573679433197862354e-01, 3.026307052299043732e-01, 3.907818510921782784e-01
1.492460678053244005e-01, 1.573701469773629846e-01, 3.026372317460269135e-01, 3.907465534712857291e-01
1.492726703010446854e-01, 1.573723416229088068e-01, 3.026437495070007366e-01, 3.907112385690457712e-01
1.492993078422028275e-01, 1.573745272546590857e-01, 3.026502585110724675e-01, 3.906759063920655639e-01
1.493259804257005829e-01, 1.573767038708516752e-01, 3.026567587564904516e-01, 3.906405569469573180e-01
1.493526880484311037e-01, 1.573788714697270386e-01, 3.026632502415047554e-01, 3.906051902403371301e-01
1.493794307072786043e-01, 1.573810300495279424e-01, 3.026697329643672219e-01, 3.905698062788261482e-01
1.494062083991187506e-01, 1.573831796084997625e-01, 3.026762069233316921e-01, 3.905344050690499058e-01
1.494330211208181602e-01, 1.573853201448903172e-01, 3.026826721166532841e-01, 3.904989866176382107e-01
1.494598688692347910e-01, 1.573874516569500059e-01, 3.026891285425892808e-01, 3.904635509312259223e-01
1.494867516412177466e-01, 1.573895741429316153e-01, 3.026955761993984639e-01, 3.904280980164520076e-01
1.495136694336073879e-01, 1.573916876010906241e-01, 3.027020150853415026e-01, 3.903926278799604854e-01
1.495406222432351384e-01, 1.573937920296847315e-01, 3.027084451986806202e-01, 3.903571405283995932e-01
1.495676100669235675e-01, 1.573958874269743569e-01, 3.027148665376799275e-01, 3.903216359684220094e-01
1.495946329014866127e-01, 1.573979737912224175e-01, 3.027212791006052561e-01, 3.902861142066856304e-01
1.496216907437291355e-01, 1.574000511206943009e-01, 3.027276828857241586e-01, 3.902505752498524050e-01
1.496487835904472818e-01, 1.574021194136579205e-01, 3.027340778913056307e-01, 3.902150191045891670e-01
1.496759114384282330e-01, 1.574041786683836319e-01, 3.027404641156207776e-01, 3.901794457775673020e-01
1.497030742844505102e-01, 1.574062288831444834e-01, 3.027468415569422033e-01, 3.901438552754629141e-01
1.497302721252834201e-01, 1.574082700562158543e-01, 3.027532102135441217e-01, 3.901082476049566039e-01
1.497575049576876927e-01, 1.574103021858758444e-01, 3.027595700837026893e-01, 3.900726227727336903e-01
1.497847727784151206e-01, 1.574123252704049680e-01, 3.027659211656956728e-01, 3.900369807854842108e-01
1.498120755842084484e-01, 1.574143393080863207e-01, 3.027722634578024485e-01, 3.900013216499027546e-01
1.498394133718016219e-01, 1.574163442972054683e-01, 3.027785969583041692e-01, 3.899656453726886296e-01
1.498667861379197053e-01, 1.574183402360506412e-01, 3.027849216654834308e-01, 3.899299519605461395e-01
1.498941938792788531e-01, 1.574203271229124568e-01, 3.027912375776249387e-01, 3.898942414201838069e-01
1.499216365925861438e-01, 1.574223049560841692e-01, 3.027975446930147863e-01, 3.898585137583149840e-01
1.499491142745399408e-01, 1.574242737338616416e-01, 3.028038430099407874e-01, 3.898227689816576302e-01
1.499766269218295311e-01, 1.574262334545430686e-01, 3.028101325266922550e-01, 3.897870070969352008e-01
1.500041745311352925e-01, 1.574281841164295037e-01, 3.028164132415605558e-01, 3.897512281108745369e-01
1.500317570991286653e-01, 1.574301257178243318e-01, 3.028226851528384445e-01, 3.897154320302086417e-01
1.500593746224720693e-01, 1.574320582570334359e-01, 3.028289482588203407e-01, 3.896796188616740153e-01
1.500870270978191257e-01, 1.574339817323656132e-01, 3.028352025578024409e-01, 3.896437886120128757e-01
1.501147145218142409e-01, 1.574358961421318259e-01, 3.028414480480823290e-01, 3.896079412879714376e-01
1.501424368910931062e-01, 1.574378014846458951e-01, 3.028476847279595874e-01, 3.895720768963014669e-01
1.501701942022821423e-01, 1.574396977582240009e-01, 3.028539125957351863e-01, 3.895361954437586705e-01
1.501979864519990271e-01, 1.574415849611850715e-01, 3.028601316497118723e-01, 3.895002969371041401e-01
1.502258136368522234e-01, 1.574434630918504496e-01, 3.028663418881937797e-01, 3.894643813831035195e-01
1.502536757534414236e-01, 1.574453321485441981e-01, 3.028725433094869857e-01, 3.894284487885274482e-01
1.502815727983571048e-01, 1.574471921295929056e-01, 3.028787359118990108e-01, 3.893924991601510066e-01
1.503095047681808349e-01, 1.574490430333256030e-01, 3.028849196937389854e-01, 3.893565325047545489e-01
1.503374716594850780e-01, 1.574508848580742082e-01, 3.028910946533178716e-01, 3.893205488291229255e-01
1.503654734688333605e-01, 1.574527176021729979e-01, 3.028972607889477975e-01, 3.892845481400458163e-01
1.503935101927799389e-01, 1.574545412639588582e-01, 3.029034180989430003e-01, 3.892485304443181193e-01
1.504215818278703820e-01, 1.574563558417714226e-01, 3.029095665816191052e-01, 3.892124957487391734e-01
1.504496883706408217e-01, 1.574581613339527675e-01, 3.029157062352930141e-01, 3.891764440601133690e-01
1.504778298176186746e-01, 1.574599577388476335e-01, 3.029218370582839603e-01, 3.891403753852498149e-01
1.505060061653219206e-01, 1.574617450548033148e-01, 3.029279590489120100e-01, 3.891042897309627269e-01
1.505342174102598518e-01, 1.574635232801697704e-01, 3.029340722054993384e-01, 3.890681871040710393e-01
1.505624635489323793e-01, 1.574652924132995957e-01, 3.029401765263693980e-01, 3.890320675113987381e-01
1.505907445778303932e-01, 1.574670524525478565e-01, 3.029462720098474171e-01, 3.889959309597743609e-01
1.506190604934357080e-01, 1.574688033962723943e-01, 3.029523586542600677e-01, 3.889597774560317744e-01
1.506474112922210895e-01, 1.574705452428336039e-01, 3.029584364579356870e-01, 3.889236070070096751e-01
1.506757969706500611e-01, 1.574722779905944892e-01, 3.029645054192040554e-01, 3.888874196195513666e-01
1.507042175251770977e-01, 1.574740016379206076e-01, 3.029705655363967298e-01, 3.888512153005053706e-01
1.507326729522476261e-01, 1.574757161831804031e-01, 3.029766168078467103e-01, 3.888149940567254270e-01
1.507611632482976638e-01, 1.574774216247445680e-01, 3.029826592318883294e-01, 3.887787558950693834e-01
1.507896884097544021e-01, 1.574791179609867919e-01, 3.029886928068578622e-01, 3.887425008224010825e-01
1.508182484330357342e-01, 1.574808051902830963e-01, 3.029947175310928609e-01, 3.887062288455883641e-01
1.508468433145504217e-01, 1.574824833110122779e-01, 3.030007334029325428e-01, 3.886699399715046743e-01
1.508754730506979558e-01, 1.574841523215558814e-01, 3.030067404207177351e-01, 3.886336342070284000e-01
1.509041376378688348e-01, 1.574858122202978938e-01, 3.030127385827905417e-01, 3.885973115590427018e-01
1.509328370724441759e-01, 1.574874630056250502e-01, 3.030187278874948986e-01, 3.885609720344357920e-01
1.509615713507962143e-01, 1.574891046759268054e-01, 3.030247083331760738e-01, 3.885246156401010453e-01
1.509903404692876094e-01, 1.574907372295950569e-01, 3.030306799181808342e-01, 3.884882423829366105e-01
1.510191444242719727e-01, 1.574923606650245056e-01, 3.030366426408576119e-01, 3.884518522698457987e-01
1.510479832120939780e-01, 1.574939749806125167e-01, 3.030425964995563382e-01, 3.884154453077371949e-01
1.510768568290885572e-01, 1.574955801747590645e-01, 3.030485414926283871e-01, 3.883790215035238247e-01
1.511057652715818711e-01, 1.574971762458668156e-01, 3.030544776184267430e-01, 3.883425808641245425e-01
1.511347085358906439e-01, 1.574987631923410736e-01, 3.030604048753057222e-01, 3.883061233964624770e-01
1.511636866183224404e-01, 1.575003410125898340e-01, 3.030663232616213065e-01, 3.882696491074663636e-01
1.511926995151755271e-01, 1.575019097050237293e-01, 3.030722327757308099e-01, 3.882331580040698782e-01
1.512217472227388448e-01, 1.575034692680561121e-01, 3.030781334159933227e-01, 3.881966500932116926e-01
1.512508297372922306e-01, 1.575050197001029717e-01, 3.030840251807691565e-01, 3.881601253818355857e-01
1.512799470551061676e-01, 1.575065609995830451e-01, 3.030899080684201219e-01, 3.881235838768906099e-01
1.513090991724419243e-01, 1.575080931649176230e-01, 3.030957820773096945e-01, 3.880870255853307582e-01
1.513382860855513323e-01, 1.575096161945307993e-01, 3.031016472058026823e-01, 3.880504505141151861e-01
1.513675077906772026e-01, 1.575111300868493047e-01, 3.031075034522653922e-01, 3.880138586702081005e-01
1.513967642840526873e-01, 1.575126348403026177e-01, 3.031133508150656297e-01, 3.879772500605789820e-01
1.514260555619020565e-01, 1.575141304533227704e-01, 3.031191892925727549e-01, 3.879406246922023627e-01
1.514553816204398384e-01, 1.575156169243446813e-01, 3.031250188831574044e-01, 3.879039825720580481e-01
1.514847424558716238e-01, 1.575170942518057948e-01, 3.031308395851917692e-01, 3.878673237071308955e-01
1.515141380643934554e-01, 1.575185624341463309e-01, 3.031366513970495391e-01, 3.878306481044107024e-01
1.515435684421920781e-01, 1.575200214698092294e-01, 3.031424543171056807e-01, 3.877939557708930396e-01
1.515730335854449107e-01, 1.575214713572401504e-01, 3.031482483437368813e-01, 3.877572467135780854e-01
1.516025334903200739e-01, 1.575229120948873907e-01, 3.031540334753211052e-01, 3.877205209394714025e-01
1.516320681529762238e-01, 1.575243436812019948e-01, 3.031598097102378153e-01, 3.876837784555838273e-01
1.516616375695627461e-01, 1.575257661146378663e-01, 3.031655770468677513e-01, 3.876470192689315253e-01
1.516912417362196730e-01, 1.575271793936513509e-01, 3.031713354835932628e-01, 3.876102433865356023e-01
1.517208806490775441e-01, 1.575285835167017090e-01, 3.031770850187982536e-01, 3.875734508154224378e-01
1.517505543042576288e-01, 1.575299784822508375e-01, 3.031828256508676822e-01, 3.875366415626237404e-01
1.517802626978717873e-01, 1.575313642887634924e-01, 3.031885573781882837e-01, 3.874998156351765477e-01
1.518100058260223872e-01, 1.575327409347069829e-01, 3.031942801991478476e-01, 3.874629730401227823e-01
1.518397836848025262e-01, 1.575341084185514495e-01, 3.031999941121359399e-01, 3.874261137845101954e-01
1.518695962702957813e-01, 1.575354667387697527e-01, 3.032056991155432923e-01, 3.873892378753912569e-01
1.518994435785762376e-01, 1.575368158938374730e-01, 3.032113952077621355e-01, 3.873523453198239874e-01
1.519293256057089314e-01, 1.575381558822331052e-01, 3.032170823871863097e-01, 3.873154361248717370e-01
1.519592423477489351e-01, 1.575394867024375034e-01, 3.032227606522105434e-01, 3.872785102976029625e-01
1.519891938007423005e-01, 1.575408083529346304e-01, 3.032284300012315637e-01, 3.872415678450915055e-01
1.520191799607253091e-01, 1.575421208322110023e-01, 3.032340904326470410e-01, 3.872046087744167031e-01
1.520492008237250559e-01, 1.575434241387559942e-01, 3.032397419448561449e-01, 3.871676330926627774e-01
1.520792563857590041e-01, 1.575447182710617566e-01, 3.032453845362595990e-01, 3.871306408069196126e-01
1.521093466428352636e-01, 1.575460032276229938e-01, 3.032510182052591818e-01, 3.870936319242824775e-01
1.521394715909523132e-01, 1.575472790069374629e-01, 3.032566429502585037e-01, 3.870566064518516924e-01
1.521696312260992501e-01, 1.575485456075054469e-01, 3.032622587696621186e-01, 3.870195643967331844e-01
1.521998255442556236e-01, 1.575498030278300876e-01, 3.032678656618761348e-01, 3.869825057660380985e-01
1.522300545413915740e-01, 1.575510512664173302e-01, 3.032734636253082150e-01, 3.869454305668829641e-01
1.522603182134675548e-01, 1.575522903217758397e-01, 3.032790526583668544e-01, 3.869083388063896956e-01
1.522906165564346659e-01, 1.575535201924170847e-01, 3.032846327594625468e-01, 3.868712304916856470e-01
1.523209495662344592e-01, 1.575547408768552538e-01, 3.032902039270067296e-01, 3.868341056299035574e-01
1.523513172387989389e-01, 1.575559523736074219e-01, 3.032957661594122833e-01, 3.867969642281813836e-01
1.523817195700504779e-01, 1.575571546811933288e-01, 3.033013194550933656e-01, 3.867598062936627445e-01
1.524121565559019564e-01, 1.575583477981356562e-01, 3.033068638124657435e-01, 3.867226318334965329e-01
1.524426281922568460e-01, 1.575595317229597503e-01, 3.033123992299462390e-01, 3.866854408548371924e-01
1.524731344750088202e-01, 1.575607064541936497e-01, 3.033179257059531730e-01, 3.866482333648442737e-01
1.525036754000421713e-01, 1.575618719903685017e-01, 3.033234432389060320e-01, 3.866110093706832118e-01
1.525342509632315047e-01, 1.575630283300180068e-01, 3.033289518272259122e-01, 3.865737688795246596e-01
1.525648611604418503e-01, 1.575641754716786413e-01, 3.033344514693349647e-01, 3.865365118985444881e-01
1.525955059875286624e-01, 1.575653134138898792e-01, 3.033399421636568394e-01, 3.864992384349245635e-01
1.526261854403378471e-01, 1.575664421551938865e-01, 3.033454239086163517e-01, 3.864619484958519147e-01
1.526568995147056240e-01, 1.575675616941355772e-01, 3.033508967026397607e-01, 3.864246420885189548e-01
1.526876482064586371e-01, 1.575686720292628906e-01, 3.033563605441546018e-01, 3.863873192201238149e-01
1.527184315114139546e-01, 1.575697731591262640e-01, 3.033618154315896875e-01, 3.863499798978701216e-01
1.527492494253788746e-01, 1.575708650822791046e-01, 3.033672613633751625e-01, 3.863126241289666640e-01
1.527801019441512864e-01, 1.575719477972779281e-01, 3.033726983379425590e-01, 3.862752519206282265e-01
1.528109890635191981e-01, 1.575730213026816096e-01, 3.033781263537245199e-01, 3.862378632800747558e-01
1.528419107792610421e-01, 1.575740855970520216e-01, 3.033835454091550199e-01, 3.862004582145318610e-01
1.528728670871457307e-01, 1.575751406789539788e-01, 3.033889555026696438e-01, 3.861630367312307022e-01
1.529038579829322675e-01, 1.575761865469550160e-01, 3.033943566327046426e-01, 3.861255988374080461e-01
1.529348834623702746e-01, 1.575772231996256101e-01, 3.033997487976981544e-01, 3.860881445403060996e-01
1.529659435211993268e-01, 1.575782506355388468e-01, 3.034051319960892057e-01, 3.860506738471726207e-01
1.529970381551496172e-01, 1.575792688532708929e-01, 3.034105062263183772e-01, 3.860131867652610294e-01
1.530281673599415138e-01, 1.575802778514006908e-01, 3.034158714868274154e-01, 3.859756833018304079e-01
1.530593311312857807e-01, 1.575812776285099859e-01, 3.034212277760590659e-01, 3.859381634641452230e-01
1.530905294648833015e-01, 1.575822681831833827e-01, 3.034265750924578509e-01, 3.859006272594754927e-01
1.531217623564253560e-01, 1.575832495140083167e-01, 3.034319134344691804e-01, 3.858630746950971191e-01
1.531530298015935099e-01, 1.575842216195751655e-01, 3.034372428005399080e-01, 3.858255057782914998e-01
1.531843317960595030e-01, 1.575851844984771377e-01, 3.034425631891178310e-01, 3.857879205163454173e-01
1.532156683354854165e-01, 1.575861381493102731e-01, 3.034478745986524673e-01, 3.857503189165517599e-01
1.532470394155235616e-01, 1.575870825706734146e-01, 3.034531770275943896e-01, 3.857127009862086897e-01
1.532784450318164793e-01, 1.575880177611683752e-01, 3.034584704743951145e-01, 3.856750667326200310e-01
1.533098851799969409e-01, 1.575889437193997988e-01, 3.034637549375078236e-01, 3.856374161630953812e-01
1.533413598556879476e-01, 1.575898604439752160e-01, 3.034690304153868090e-01, 3.855997492849499442e-01
1.533728690545028139e-01, 1.575907679335050438e-01, 3.034742969064874729e-01, 3.855620661055047527e-01
1.534044127720448347e-01, 1.575916661866024748e-01, 3.034795544092664388e-01, 3.855243666320861129e-01
1.534359910039078401e-01, 1.575925552018838105e-01, 3.034848029221818289e-01, 3.854866508720264928e-01
1.534676037456755571e-01, 1.575934349779679056e-01, 3.034900424436929312e-01, 3.854489188326636895e-01
1.534992509929220261e-01, 1.575943055134767790e-01, 3.034952729722596998e-01, 3.854111705213416061e-01
1.535309327412114899e-01, 1.575951668070352252e-01, 3.035004945063440318e-01, 3.853734059454091976e-01
1.535626489860983934e-01, 1.575960188572709808e-01, 3.035057070444086569e-01, 3.853356251122220244e-01
1.535943997231272173e-01, 1.575968616628146413e-01, 3.035109105849177480e-01, 3.852978280291405322e-01
1.536261849478327557e-01, 1.575976952222996608e-01, 3.035161051263361998e-01, 3.852600147035313838e-01
1.536580046557398938e-01, 1.575985195343625467e-01, 3.035212906671308497e-01, 3.852221851427667931e-01
1.536898588423636081e-01, 1.575993345976424709e-01, 3.035264672057689794e-01, 3.851843393542248584e-01
1.537217475032090497e-01, 1.576001404107817416e-01, 3.035316347407196469e-01, 3.851464773452895618e-01
1.537536706337715164e-01, 1.576009369724254428e-01, 3.035367932704527427e-01, 3.851085991233502148e-01
1.537856282295365085e-01, 1.576017242812216557e-01, 3.035419427934396563e-01, 3.850707046958022350e-01
1.538176202859794506e-01, 1.576025023358212374e-01, 3.035470833081524433e-01, 3.850327940700468132e-01
1.538496467985660254e-01, 1.576032711348781534e-01, 3.035522148130649356e-01, 3.849948672534908023e-01
1.538817077627519236e-01, 1.576040306770492283e-01, 3.035573373066518532e-01, 3.849569242535469393e-01
1.539138031739830381e-01, 1.576047809609941175e-01, 3.035624507873891376e-01, 3.849189650776338456e-01
1.539459330276952420e-01, 1.576055219853753631e-01, 3.035675552537535626e-01, 3.848809897331757490e-01
1.539780973193144997e-01, 1.576062537488586990e-01, 3.035726507042239564e-01, 3.848429982276028172e-01
1.540102960442569779e-01, 1.576069762501125793e-01, 3.035777371372792577e-01, 3.848049905683512129e-01
1.540425291979286571e-01, 1.576076894878084556e-01, 3.035828145514003484e-01, 3.847669667628625390e-01
1.540747967757257753e-01, 1.576083934606206938e-01, 3.035878829450687766e-01, 3.847289268185847266e-01
1.541070987730345787e-01, 1.576090881672266297e-01, 3.035929423167675334e-01, 3.846908707429712027e-01
1.541394351852312938e-01, 1.576097736063065413e-01, 3.035979926649807759e-01, 3.846527985434815000e-01
1.541718060076821828e-01, 1.576104497765435930e-01, 3.036030339881934381e-01, 3.846147102275808138e-01
1.542042112357436268e-01, 1.576111166766240301e-01, 3.036080662848920086e-01, 3.845766058027404455e-01
1.542366508647619039e-01, 1.576117743052369291e-01, 3.036130895535640861e-01, 3.845384852764372474e-01
1.542691248900733003e-01, 1.576124226610743084e-01, 3.036181037926981574e-01, 3.845003486561541783e-01
1.543016333070043045e-01, 1.576130617428313230e-01, 3.036231090007839306e-01, 3.844621959493805252e-01
1.543341761108711629e-01, 1.576136915492059865e-01, 3.036281051763123906e-01, 3.844240271636106265e-01
1.543667532969801581e-01, 1.576143120788991159e-01, 3.036330923177754659e-01, 3.843858423063452601e-01
1.543993648606276081e-01, 1.576149233306147202e-01, 3.036380704236663064e-01, 3.843476413850913098e-01
1.544320107970998945e-01, 1.576155253030596948e-01, 3.036430394924793386e-01, 3.843094244073612109e-01
1.544646911016731294e-01, 1.576161179949439051e-01, 3.036479995227095996e-01, 3.842711913806733937e-01
1.544974057696134606e-01, 1.576167014049802417e-01, 3.036529505128538475e-01, 3.842329423125525056e-01
1.545301547961770716e-01, 1.576172755318844543e-01, 3.036578924614095620e-01, 3.841946772105288566e-01
1.545629381766100985e-01, 1.576178403743755119e-01, 3.036628253668754995e-01, 3.841563960821390289e-01
1.545957559061484077e-01, 1.576183959311750205e-01, 3.036677492277513601e-01, 3.841180989349252117e-01
1.546286079800180679e-01, 1.576189422010078889e-01, 3.036726640425381207e-01, 3.840797857764359780e-01
1.546614943934348785e-01, 1.576194791826018848e-01, 3.036775698097378129e-01, 3.840414566142255071e-01
1.546944151416044799e-01, 1.576200068746876903e-01, 3.036824665278534119e-01, 3.840031114558542513e-01
1.547273702197226874e-01, 1.576205252759992070e-01, 3.036873541953893363e-01, 3.839647503088887692e-01
1.547603596229749634e-01, 1.576210343852731399e-01, 3.036922328108505598e-01, 3.839263731809012259e-01
1.547933833465368614e-01, 1.576215342012492748e-01, 3.036971023727436658e-01, 3.838879800794702812e-01
1.548264413855734989e-01, 1.576220247226702287e-01, 3.037019628795760151e-01, 3.838495710121802018e-01
1.548595337352402235e-01, 1.576225059482820601e-01, 3.037068143298560785e-01, 3.838111459866216935e-01
1.548926603906819743e-01, 1.576229778768333256e-01, 3.037116567220934926e-01, 3.837727050103912352e-01
1.549258213470337542e-01, 1.576234405070759959e-01, 3.037164900547988378e-01, 3.837342480910913567e-01
1.549590165994202684e-01, 1.576238938377648446e-01, 3.037213143264840820e-01, 3.836957752363308605e-01
1.549922461429560083e-01, 1.576243378676577267e-01, 3.037261295356616375e-01, 3.836572864537245997e-01
1.550255099727456398e-01, 1.576247725955154111e-01, 3.037309356808455263e-01, 3.836187817508933673e-01
1.550588080838831984e-01, 1.576251980201019698e-01, 3.037357327605507140e-01, 3.835802611354640068e-01
1.550921404714528662e-01, 1.576256141401841948e-01, 3.037405207732931101e-01, 3.835417246150698012e-01
1.551255071305285005e-01, 1.576260209545321533e-01, 3.037452997175897895e-01, 3.835031721973496954e-01
1.551589080561737166e-01, 1.576264184619186604e-01, 3.037500695919586047e-01, 3.834646038899489628e-01
1.551923432434420824e-01, 1.576268066611199170e-01, 3.037548303949188511e-01, 3.834260197005190940e-01
1.552258126873767852e-01, 1.576271855509149000e-01, 3.037595821249906569e-01, 3.833874196367177412e-01
1.552593163830108813e-01, 1.576275551300857225e-01, 3.037643247806951496e-01, 3.833488037062082743e-01
1.552928543253672133e-01, 1.576279153974175784e-01, 3.037690583605545114e-01, 3.833101719166606691e-01
1.553264265094582708e-01, 1.576282663516986871e-01, 3.037737828630919235e-01, 3.832715242757509522e-01
1.553600329302865235e-01, 1.576286079917202654e-01, 3.037784982868318440e-01, 3.832328607911613116e-01
1.553936735828439497e-01, 1.576289403162766667e-01, 3.037832046302995637e-01, 3.831941814705799310e-01
1.554273484621124246e-01, 1.576292633241652419e-01, 3.037879018920211505e-01, 3.831554863217012663e-01
1.554610575630634151e-01, 1.576295770141863672e-01, 3.037925900705242266e-01, 3.831167753522260466e-01
1.554948008806582571e-01, 1.576298813851436109e-01, 3.037972691643370249e-01, 3.830780485698611626e-01
1.555285784098479895e-01, 1.576301764358434832e-01, 3.038019391719888884e-01, 3.830393059823196666e-01
1.555623901455732705e-01, 1.576304621650957138e-01, 3.038066000920101040e-01, 3.830005475973209950e-01
1.555962360827644886e-01, 1.576307385717128640e-01, 3.038112519229322350e-01, 3.829617734225904679e-01
1.556301162163417073e-01, 1.576310056545108529e-01, 3.038158946632876223e-01, 3.829229834658599008e-01
1.556640305412147485e-01, 1.576312634123084033e-01, 3.038205283116095501e-01, 3.828841777348672704e-01
1.556979790522831364e-01, 1.576315118439275687e-01, 3.038251528664324130e-01, 3.828453562373568819e-01
1.557319617444359594e-01, 1.576317509481933721e-01, 3.038297683262916049e-01, 3.828065189810791469e-01
1.557659786125520363e-01, 1.576319807239338067e-01, 3.038343746897235187e-01, 3.827676659737906384e-01
1.558000296514998051e-01, 1.576322011699801962e-01, 3.038389719552653245e-01, 3.827287972232545354e-01
1.558341148561374068e-01, 1.576324122851667786e-01, 3.038435601214556914e-01, 3.826899127372401788e-01
1.558682342213125460e-01, 1.576326140683309562e-01, 3.038481391868336212e-01, 3.826510125235229598e-01
1.559023877418625748e-01, 1.576328065183131844e-01, 3.038527091499394484e-01, 3.826120965898848758e-01
1.559365754126145476e-01, 1.576329896339570269e-01, 3.038572700093145063e-01, 3.825731649441137527e-01
1.559707972283850830e-01, 1.576331634141093230e-01, 3.038618217635009611e-01, 3.825342175940046330e-01
1.560050531839804466e-01, 1.576333278576197428e-01, 3.038663644110420337e-01, 3.824952545473578325e-01
1.560393432741963293e-01, 1.576334829633412038e-01, 3.038708979504819441e-01, 3.824562758119804950e-01
1.560736674938182911e-01, 1.576336287301297601e-01, 3.038754223803657450e-01, 3.824172813956863703e-01
1.561080258376213170e-01, 1.576337651568445741e-01, 3.038799376992393220e-01, 3.823782713062948702e-01
1.561424183003698729e-01, 1.576338922423478617e-01, 3.038844439056500035e-01, 3.823392455516321786e-01
1.561768448768183493e-01, 1.576340099855050580e-01, 3.038889409981456735e-01, 3.823002041395309192e-01
1.562113055617103119e-01, 1.576341183851846239e-01, 3.038934289752751594e-01, 3.822611470778299325e-01
1.562458003497791126e-01, 1.576342174402582119e-01, 3.038979078355885655e-01, 3.822220743743741100e-01
1.562803292357475837e-01, 1.576343071496005555e-01, 3.039023775776364955e-01, 3.821829860370154486e-01
1.563148922143279551e-01, 1.576343875120895521e-01, 3.039068381999707746e-01, 3.821438820736118291e-01
1.563494892802222702e-01, 1.576344585266062914e-01, 3.039112897011440606e-01, 3.821047624920273500e-01
1.563841204281219144e-01, 1.576345201920348882e-01, 3.039157320797100104e-01, 3.820656273001330483e-01
1.564187856527077813e-01, 1.576345725072627324e-01, 3.039201653342232801e-01, 3.820264765058060674e-01
1.564534849486504675e-01, 1.576346154711802394e-01, 3.039245894632392475e-01, 3.819873101169300456e-01
1.564882183106097724e-01, 1.576346490826810720e-01, 3.039290044653142897e-01, 3.819481281413949492e-01
1.565229857332351981e-01, 1.576346733406619183e-01, 3.039334103390058384e-01, 3.819089305870971285e-01
1.565577872111656166e-01, 1.576346882440226582e-01, 3.039378070828720468e-01, 3.818697174619395951e-01
1.565926227390296022e-01, 1.576346937916665025e-01, 3.039421946954720122e-01, 3.818304887738317999e-01
1.566274923114448492e-01, 1.576346899824996317e-01, 3.039465731753659972e-01, 3.817912445306894109e-01
1.566623959230188934e-01, 1.576346768154314737e-01, 3.039509425211149307e-01, 3.817519847404348687e-01
1.566973335683482793e-01, 1.576346542893744263e-01, 3.039553027312804634e-01, 3.817127094109968310e-01
1.567323052420194762e-01, 1.576346224032444121e-01, 3.039596538044256890e-01, 3.816734185503103949e-01
1.567673109386080454e-01, 1.576345811559602406e-01, 3.039639957391142011e-01, 3.816341121663174851e-01
1.568023506526791677e-01, 1.576345305464440516e-01, 3.039683285339104812e-01, 3.815947902669664105e-01
1.568374243787872824e-01, 1.576344705736209828e-01, 3.039726521873800658e-01, 3.815554528602116413e-01
1.568725321114765592e-01, 1.576344012364196134e-01, 3.039769666980893237e-01, 3.815160999540145315e-01
1.569076738452801489e-01, 1.576343225337714926e-01, 3.039812720646055677e-01, 3.814767315563428740e-01
1.569428495747208496e-01, 1.576342344646114169e-01, 3.039855682854968322e-01, 3.814373476751709569e-01
1.569780592943109399e-01, 1.576341370278774023e-01, 3.039898553593320951e-01, 3.813979483184795627e-01
1.570133029985518736e-01, 1.576340302225106293e-01, 3.039941332846813338e-01, 3.813585334942561356e-01
1.570485806819345853e-01, 1.576339140474555534e-01, 3.039984020601154135e-01, 3.813191032104945033e-01
1.570838923389393793e-01, 1.576337885016596274e-01, 3.040026616842058105e-01, 3.812796574751953216e-01
1.571192379640358738e-01, 1.576336535840736908e-01, 3.040069121555251108e-01, 3.812401962963654078e-01
1.571546175516830846e-01, 1.576335092936517468e-01, 3.040111534726466225e-01, 3.812007196820186294e-01
1.571900310963293967e-01, 1.576333556293509353e-01, 3.040153856341447081e-01, 3.811612276401749599e-01
1.572254785924125098e-01, 1.576331925901317543e-01, 3.040196086385943408e-01, 3.811217201788613673e-01
1.572609600343594094e-01, 1.576330201749577553e-01, 3.040238224845716042e-01, 3.810821973061113144e-01
1.572964754165864787e-01, 1.576328383827957924e-01, 3.040280271706531923e-01, 3.810426590299646477e-01
1.573320247334993593e-01, 1.576326472126158562e-01, 3.040322226954166318e-01, 3.810031053584680416e-01
1.573676079794930072e-01, 1.576324466633913235e-01, 3.040364090574407818e-01, 3.809635362996748320e-01
1.574032251489516643e-01, 1.576322367340985686e-01, 3.040405862553049454e-01, 3.809239518616447939e-01
1.574388762362489980e-01, 1.576320174237174077e-01, 3.040447542875890363e-01, 3.808843520524445858e-01
1.574745612357477953e-01, 1.576317887312308208e-01, 3.040489131528742450e-01, 3.808447368801471944e-01
1.575102801418001575e-01, 1.576315506556248691e-01, 3.040530628497424837e-01, 3.808051063528324898e-01
1.575460329487474997e-01, 1.576313031958890831e-01, 3.040572033767764415e-01, 3.807654604785870034e-01
1.575818196509204960e-01, 1.576310463510161020e-01, 3.040613347325594740e-01, 3.807257992655039280e-01
1.576176402426389678e-01, 1.576307801200018399e-01, 3.040654569156763243e-01, 3.806861227216830068e-01
1.576534947182121338e-01, 1.576305045018453754e-01, 3.040695699247117911e-01, 3.806464308552307552e-01
1.576893830719383882e-01, 1.576302194955491731e-01, 3.040736737582521165e-01, 3.806067236742603499e-01
1.577253052981053560e-01, 1.576299251001188617e-01, 3.040777684148839866e-01, 3.805670011868917957e-01
1.577612613909898931e-01, 1.576296213145634006e-01, 3.040818538931951975e-01, 3.805272634012515920e-01
1.577972513448580305e-01, 1.576293081378948580e-01, 3.040859301917741009e-01, 3.804875103254731217e-01
1.578332751539649470e-01, 1.576289855691286879e-01, 3.040899973092099362e-01, 3.804477419676964844e-01
1.578693328125552464e-01, 1.576286536072835920e-01, 3.040940552440928313e-01, 3.804079583360683303e-01
1.579054243148625414e-01, 1.576283122513815194e-01, 3.040981039950135800e-01, 3.803681594387423592e-01
1.579415496551096476e-01, 1.576279615004476664e-01, 3.041021435605640866e-01, 3.803283452838785994e-01
1.579777088275085839e-01, 1.576276013535105602e-01, 3.041061739393365326e-01, 3.802885158796444065e-01
1.580139018262604889e-01, 1.576272318096018643e-01, 3.041101951299243211e-01, 3.802486712342132424e-01
1.580501286455557597e-01, 1.576268528677567116e-01, 3.041142071309216321e-01, 3.802088113557658411e-01
1.580863892795739134e-01, 1.576264645270134268e-01, 3.041182099409230899e-01, 3.801689362524895421e-01
1.581226837224835313e-01, 1.576260667864135545e-01, 3.041222035585245398e-01, 3.801290459325784021e-01
1.581590119684423701e-01, 1.576256596450020253e-01, 3.041261879823222158e-01, 3.800891404042332500e-01
1.581953740115974449e-01, 1.576252431018269895e-01, 3.041301632109135178e-01, 3.800492196756620200e-01
1.582317698460847522e-01, 1.576248171559399835e-01, 3.041341292428962895e-01, 3.800092837550790303e-01
1.582681994660293245e-01, 1.576243818063956525e-01, 3.041380860768692629e-01, 3.799693326507057045e-01
1.583046628655455090e-01, 1.576239370522522221e-01, 3.041420337114321137e-01, 3.799293663707702384e-01
1.583411600387366058e-01, 1.576234828925708320e-01, 3.041459721451850728e-01, 3.798893849235074893e-01
1.583776909796950072e-01, 1.576230193264163693e-01, 3.041499013767291482e-01, 3.798493883171594754e-01
1.584142556825023918e-01, 1.576225463528566628e-01, 3.041538214046661248e-01, 3.798093765599747096e-01
1.584508541412291971e-01, 1.576220639709631222e-01, 3.041577322275988426e-01, 3.797693496602088659e-01
1.584874863499351194e-01, 1.576215721798102931e-01, 3.041616338441304190e-01, 3.797293076261241684e-01
1.585241523026689192e-01, 1.576210709784760522e-01, 3.041655262528650816e-01, 3.796892504659900025e-01
1.585608519934682548e-01, 1.576205603660416066e-01, 3.041694094524076686e-01, 3.796491781880825256e-01
1.585975854163600707e-01, 1.576200403415916051e-01, 3.041732834413636843e-01, 3.796090908006847786e-01
1.586343525653601538e-01, 1.576195109042138054e-01, 3.041771482183395214e-01, 3.795689883120864083e-01
1.586711534344734664e-01, 1.576189720529996008e-01, 3.041810037819422941e-01, 3.795288707305847220e-01
1.587079880176937297e-01, 1.576184237870433269e-01, 3.041848501307799491e-01, 3.794887380644830221e-01
1.587448563090040343e-01, 1.576178661054428720e-01, 3.041886872634609884e-01, 3.794485903220920497e-01
1.587817583023761747e-01, 1.576172990072996216e-01, 3.041925151785946912e-01, 3.794084275117294847e-01
1.588186939917711205e-01, 1.576167224917179310e-01, 3.041963338747911139e-01, 3.793682496417197791e-01
1.588556633711387944e-01, 1.576161365578057638e-01, 3.042001433506610342e-01, 3.793280567203944353e-01
1.588926664344179895e-01, 1.576155412046743032e-01, 3.042039436048160628e-01, 3.792878487560915612e-01
1.589297031755367018e-01, 1.576149364314382573e-01, 3.042077346358682544e-01, 3.792476257571568143e-01
1.589667735884116029e-01, 1.576143222372154151e-01, 3.042115164424306073e-01, 3.792073877319422359e-01
1.590038776669485954e-01, 1.576136986211270352e-01, 3.042152890231169526e-01, 3.791671346888074723e-01
1.590410154050423686e-01, 1.576130655822978455e-01, 3.042190523765414545e-01, 3.791268666361182760e-01
1.590781867965765928e-01, 1.576124231198558490e-01, 3.042228065013193872e-01, 3.790865835822482266e-01
1.591153918354238639e-01, 1.576117712329323794e-01, 3.042265513960664691e-01, 3.790462855355772320e-01
1.591526305154457310e-01, 1.576111099206621569e-01, 3.042302870593990849e-01, 3.790059725044928607e-01
1.591899028304926689e-01, 1.576104391821832873e-01, 3.042340134899348958e-01, 3.789656444973891203e-01
1.592272087744040499e-01, 1.576097590166372353e-01, 3.042377306862913411e-01, 3.789253015226673460e-01
1.592645483410081164e-01, 1.576090694231688238e-01, 3.042414386470874144e-01, 3.788849435887357009e-01
1.593019215241220921e-01, 1.576083704009263176e-01, 3.042451373709422202e-01, 3.788445707040094534e-01
1.593393283175519315e-01, 1.576076619490612840e-01, 3.042488268564757514e-01, 3.788041828769110331e-01
1.593767687150927093e-01, 1.576069440667286492e-01, 3.042525071023088334e-01, 3.787637801158698081e-01
1.594142427105281201e-01, 1.576062167530868918e-01, 3.042561781070629578e-01, 3.787233624293220302e-01
1.594517502976309509e-01, 1.576054800072977102e-01, 3.042598398693600048e-01, 3.786829298257113896e-01
1.594892914701626085e-01, 1.576047338285262722e-01, 3.042634923878227982e-01, 3.786424823134882933e-01
1.595268662218735645e-01, 1.576039782159409930e-01, 3.042671356610748834e-01, 3.786020199011105314e-01
1.595644745465030767e-01, 1.576032131687140347e-01, 3.042707696877403611e-01, 3.785615425970425552e-01
1.596021164377790791e-01, 1.576024386860206405e-01, 3.042743944664440536e-01, 3.785210504097562545e-01
1.596397918894185697e-01, 1.576016547670394952e-01, 3.042780099958112272e-01, 3.784805433477306247e-01
1.596775008951272223e-01, 1.576008614109528361e-01, 3.042816162744684250e-01, 3.784400214194515444e-01
1.597152434485995809e-01, 1.576000586169461759e-01, 3.042852133010420235e-01, 3.783994846334122752e-01
1.597530195435188927e-01, 1.575992463842085245e-01, 3.042888010741597316e-01, 3.783589329981127958e-01
1.597908291735573305e-01, 1.575984247119322224e-01, 3.042923795924498132e-01, 3.783183665220605785e-01
1.598286723323758263e-01, 1.575975935993131349e-01, 3.042959488545409208e-01, 3.782777852137702013e-01
1.598665490136239875e-01, 1.575967530455504861e-01, 3.042995088590624286e-01, 3.782371890817631810e-01
1.599044592109402363e-01, 1.575959030498469138e-01, 3.043030596046445990e-01, 3.781965781345681954e-01
1.599424029179518925e-01, 1.575950436114084419e-01, 3.043066010899181384e-01, 3.781559523807214163e-01
1.599803801282749793e-01, 1.575941747294447026e-01, 3.043101333135145858e-01, 3.781153118287658432e-01
1.600183908355140849e-01, 1.575932964031685202e-01, 3.043136562740658135e-01, 3.780746564872516369e-01
1.600564350332626951e-01, 1.575924086317963546e-01, 3.043171699702045818e-01, 3.780339863647364518e-01
1.600945127151031100e-01, 1.575915114145479690e-01, 3.043206744005641506e-01, 3.779933014697846594e-01
1.601326238746061670e-01, 1.575906047506466512e-01, 3.043241695637787791e-01, 3.779526018109684027e-01
1.601707685053314345e-01, 1.575896886393191865e-01, 3.043276554584828375e-01, 3.779118873968664305e-01
1.602089466008275731e-01, 1.575887630797956351e-01, 3.043311320833116951e-01, 3.778711582360651522e-01
1.602471581546313362e-01, 1.575878280713096102e-01, 3.043345994369012208e-01, 3.778304143371579715e-01
1.602854031602685136e-01, 1.575868836130981665e-01, 3.043380575178877834e-01, 3.777896557087455087e-01
1.603236816112536545e-01, 1.575859297044018836e-01, 3.043415063249087504e-01, 3.777488823594357115e-01
1.603619935010898445e-01, 1.575849663444646720e-01, 3.043449458566016563e-01, 3.777080942978437994e-01
1.604003388232688454e-01, 1.575839935325339669e-01, 3.043483761116051456e-01, 3.776672915325920421e-01
1.604387175712711222e-01, 1.575830112678607287e-01, 3.043517970885580848e-01, 3.776264740723101476e-01
1.604771297385657047e-01, 1.575820195496992759e-01, 3.043552087860999511e-01, 3.775856419256350960e-01
1.605155753186105205e-01, 1.575810183773074524e-01, 3.043586112028711654e-01, 3.775447951012109726e-01
1.605540543048518676e-01, 1.575800077499466267e-01, 3.043620043375123707e-01, 3.775039336076891905e-01
1.605925666907247751e-01, 1.575789876668814704e-01, 3.043653881886652091e-01, 3.774630574537285455e-01
1.606311124696528370e-01, 1.575779581273804297e-01, 3.043687627549716557e-01, 3.774221666479950499e-01
1.606696916350484061e-01, 1.575769191307151706e-01, 3.043721280350742964e-01, 3.773812611991620436e-01
1.607083041803123724e-01, 1.575758706761608841e-01, 3.043754840276164941e-01, 3.773403411159101384e-01
1.607469500988343014e-01, 1.575748127629964801e-01, 3.043788307312420005e-01, 3.772994064069272180e-01
1.607856293839921291e-01, 1.575737453905039498e-01, 3.043821681445952332e-01, 3.772584570809086046e-01
1.608243420291525505e-01, 1.575726685579691422e-01, 3.043854962663214425e-01, 3.772174931465567815e-01
1.608630880276709085e-01, 1.575715822646813202e-01, 3.043888150950659344e-01, 3.771765146125818369e-01
1.609018673728908611e-01, 1.575704865099331053e-01, 3.043921246294751803e-01, 3.771355214877008533e-01
1.609406800581448804e-01, 1.575693812930206716e-01, 3.043954248681958186e-01, 3.770945137806385183e-01
1.609795260767539482e-01, 1.575682666132439402e-01, 3.043987158098752643e-01, 3.770534915001269027e-01
1.610184054220274164e-01, 1.575671424699059409e-01, 3.044019974531615436e-01, 3.770124546549051270e-01
1.610573180872633958e-01, 1.575660088623135613e-01, 3.044052697967030152e-01, 3.769714032537200277e-01
1.610962640657484513e-01, 1.575648657897769922e-01, 3.044085328391489265e-01, 3.769303373053255468e-01
1.611352433507576565e-01, 1.575637132516100880e-01, 3.044117865791489685e-01, 3.768892568184833425e-01
1.611742559355545945e-01, 1.575625512471300615e-01, 3.044150310153532213e-01, 3.768481618019620671e-01
1.612133018133914131e-01, 1.575613797756578172e-01, 3.044182661464128192e-01, 3.768070522645380338e-01
1.612523809775086581e-01, 1.575601988365176453e-01, 3.044214919709787859e-01, 3.767659282149948829e-01
1.612914934211354956e-01, 1.575590084290375004e-01, 3.044247084877033660e-01, 3.767247896621238046e-01
1.613306391374894344e-01, 1.575578085525487226e-01, 3.044279156952388599e-01, 3.766836366147230386e-01
1.613698181197765757e-01, 1.575565992063862886e-01, 3.044311135922382894e-01, 3.766424690815988185e-01
1.614090303611915023e-01, 1.575553803898887273e-01, 3.044343021773554536e-01, 3.766012870715641503e-01
1.614482758549171948e-01, 1.575541521023981206e-01, 3.044374814492443737e-01, 3.765600905934402554e-01
1.614875545941251156e-01, 1.575529143432599088e-01, 3.044406514065597924e-01, 3.765188796560551832e-01
1.615268665719751529e-01, 1.575516671118233347e-01, 3.044438120479571186e-01, 3.764776542682444771e-01
1.615662117816156484e-01, 1.575504104074409994e-01, 3.044469633720918167e-01, 3.764364144388515632e-01
1.616055902161834257e-01, 1.575491442294691957e-01, 3.044501053776205723e-01, 3.763951601767268618e-01
1.616450018688036783e-01, 1.575478685772676579e-01, 3.044532380632001267e-01, 3.763538914907286204e-01
1.616844467325899426e-01, 1.575465834501997286e-01, 3.044563614274879426e-01, 3.763126083897224694e-01
1.617239248006443753e-01, 1.575452888476323587e-01, 3.044594754691418714e-01, 3.762713108825813668e-01
1.617634360660572812e-01, 1.575439847689360240e-01, 3.044625801868204307e-01, 3.762299989781861531e-01
1.618029805219075856e-01, 1.575426712134847251e-01, 3.044656755791828595e-01, 3.761886726854246632e-01
1.618425581612625008e-01, 1.575413481806560989e-01, 3.044687616448885636e-01, 3.761473320131927811e-01
1.618821689771776096e-01, 1.575400156698313625e-01, 3.044718383825975594e-01, 3.761059769703934963e-01
1.619218129626968095e-01, 1.575386736803952026e-01, 3.044749057909703627e-01, 3.760646075659374588e-01
1.619614901108524796e-01, 1.575373222117360250e-01, 3.044779638686683776e-01, 3.760232238087431456e-01
1.620012004146652862e-01, 1.575359612632457329e-01, 3.044810126143530637e-01, 3.759818257077359727e-01
1.620409438671442381e-01, 1.575345908343198376e-01, 3.044840520266865469e-01, 3.759404132718494052e-01
1.620807204612867702e-01, 1.575332109243574030e-01, 3.044870821043314524e-01, 3.758989865100244021e-01
1.621205301900785767e-01, 1.575318215327612403e-01, 3.044901028459511827e-01, 3.758575454312091391e-01
1.621603730464935833e-01, 1.575304226589374357e-01, 3.044931142502091959e-01, 3.758160900443597296e-01
1.622002490234942529e-01, 1.575290143022960998e-01, 3.044961163157697270e-01, 3.757746203584400035e-01
1.622401581140311966e-01, 1.575275964622505631e-01, 3.044991090412975110e-01, 3.757331363824207293e-01
1.622801003110433404e-01, 1.575261691382179308e-01, 3.045020924254578376e-01, 3.756916381252809467e-01
1.623200756074580087e-01, 1.575247323296189439e-01, 3.045050664669162743e-01, 3.756501255960068009e-01
1.623600839961906461e-01, 1.575232860358778408e-01, 3.045080311643388882e-01, 3.756085988035924861e-01
1.624001254701452068e-01, 1.575218302564226625e-01, 3.045109865163926344e-01, 3.755670577570395796e-01
1.624402000222136266e-01, 1.575203649906847803e-01, 3.045139325217445792e-01, 3.755255024653571527e-01
1.624803076452762951e-01, 1.575188902380994238e-01, 3.045168691790622884e-01, 3.754839329375619927e-01
1.625204483322018889e-01, 1.575174059981053198e-01, 3.045197964870140495e-01, 3.754423491826786585e-01
1.625606220758473164e-01, 1.575159122701449421e-01, 3.045227144442684830e-01, 3.754007512097393695e-01
1.626008288690574399e-01, 1.575144090536642061e-01, 3.045256230494945981e-01, 3.753591390277836726e-01
1.626410687046658810e-01, 1.575128963481128019e-01, 3.045285223013621811e-01, 3.753175126458591637e-01
1.626813415754940484e-01, 1.575113741529440281e-01, 3.045314121985411293e-01, 3.752758720730208775e-01
1.627216474743516106e-01, 1.575098424676147357e-01, 3.045342927397021726e-01, 3.752342173183313978e-01
1.627619863940368006e-01, 1.575083012915856340e-01, 3.045371639235160965e-01, 3.751925483908615244e-01
1.628023583273356112e-01, 1.575067506243207349e-01, 3.045400257486546858e-01, 3.751508652996891069e-01
1.628427632670224889e-01, 1.575051904652879087e-01, 3.045428782137896695e-01, 3.751091680538998774e-01
1.628832012058600565e-01, 1.575036208139587446e-01, 3.045457213175936650e-01, 3.750674566625875617e-01
1.629236721365989737e-01, 1.575020416698082459e-01, 3.045485550587394008e-01, 3.750257311348532685e-01
1.629641760519783267e-01, 1.575004530323153018e-01, 3.045513794359003823e-01, 3.749839914798059892e-01
1.630047129447250165e-01, 1.574988549009623262e-01, 3.045541944477502816e-01, 3.749422377065623202e-01
1.630452828075543981e-01, 1.574972472752354247e-01, 3.045570000929636034e-01, 3.749004698242467404e-01
1.630858856331698081e-01, 1.574956301546242832e-01, 3.045597963702149080e-01, 3.748586878419910562e-01
1.631265214142628150e-01, 1.574940035386225012e-01, 3.045625832781793108e-01, 3.748168917689354562e-01
1.631671901435130523e-01, 1.574923674267269258e-01, 3.045653608155326486e-01, 3.747750816142274011e-01
1.632078918135883849e-01, 1.574907218184385671e-01, 3.045681289809508141e-01, 3.747332573870221784e-01
1.632486264171447710e-01, 1.574890667132617383e-01, 3.045708877731104769e-01, 3.746914190964831248e-01
1.632893939468260391e-01, 1.574874021107045829e-01, 3.045736371906885287e-01, 3.746495667517807382e-01
1.633301943952645552e-01, 1.574857280102789081e-01, 3.045763772323624163e-01, 3.746077003620941759e-01
1.633710277550804169e-01, 1.574840444115001847e-01, 3.045791078968100307e-01, 3.745658199366094232e-01
1.634118940188819535e-01, 1.574823513138875197e-01, 3.045818291827095958e-01, 3.745239254845210697e-01
1.634527931792656152e-01, 1.574806487169637947e-01, 3.045845410887397797e-01, 3.744820170150306993e-01
1.634937252288158893e-01, 1.574789366202555829e-01, 3.045872436135799166e-01, 3.744400945373486111e-01
1.635346901601052449e-01, 1.574772150232930934e-01, 3.045899367559094517e-01, 3.743981580606922099e-01
1.635756879656943275e-01, 1.574754839256102823e-01, 3.045926205144084964e-01, 3.743562075942869494e-01
1.636167186381317640e-01, 1.574737433267446862e-01, 3.045952948877573840e-01, 3.743142431473662213e-01
1.636577821699542745e-01, 1.574719932262377275e-01, 3.045979598746370032e-01, 3.742722647291710225e-01
1.636988785536864777e-01, 1.574702336236344369e-01, 3.046006154737286864e-01, 3.742302723489503435e-01
1.637400077818412791e-01, 1.574684645184835641e-01, 3.046032616837140994e-01, 3.741882660159610574e-01
1.637811698469194277e-01, 1.574666859103374672e-01, 3.046058985032755184e-01, 3.741462457394676422e-01
1.638223647414096817e-01, 1.574648977987524456e-01, 3.046085259310953308e-01, 3.741042115287426251e-01
1.638635924577887815e-01, 1.574631001832883237e-01, 3.046111439658563680e-01, 3.740621633930665824e-01
1.639048529885216710e-01, 1.574612930635086727e-01, 3.046137526062422940e-01, 3.740201013417275289e-01
1.639461463260609986e-01, 1.574594764389808665e-01, 3.046163518509366064e-01, 3.739780253840215840e-01
1.639874724628475888e-01, 1.574576503092759427e-01, 3.046189416986235243e-01, 3.739359355292529163e-01
1.640288313913101925e-01, 1.574558146739687137e-01, 3.046215221479877111e-01, 3.738938317867332994e-01
1.640702231038654590e-01, 1.574539695326376831e-01, 3.046240931977141631e-01, 3.738517141657825005e-01
1.641116475929181862e-01, 1.574521148848650742e-01, 3.046266548464882651e-01, 3.738095826757284468e-01
1.641531048508609036e-01, 1.574502507302369125e-01, 3.046292070929957352e-01, 3.737674373259063931e-01
1.641945948700741786e-01, 1.574483770683428874e-01, 3.046317499359226244e-01, 3.737252781256601430e-01
1.642361176429265324e-01, 1.574464938987764628e-01, 3.046342833739558720e-01, 3.736831050843410496e-01
1.642776731617744956e-01, 1.574446012211349333e-01, 3.046368074057820285e-01, 3.736409182113085148e-01
1.643192614189622203e-01, 1.574426990350191735e-01, 3.046393220300886995e-01, 3.735987175159298235e-01
1.643608824068222285e-01, 1.574407873400338609e-01, 3.046418272455634346e-01, 3.735565030075804205e-01
1.644025361176745248e-01, 1.574388661357875308e-01, 3.046443230508945055e-01, 3.735142746956433002e-01
1.644442225438272898e-01, 1.574369354218924655e-01, 3.046468094447704056e-01, 3.734720325895098392e-01
1.644859416775764915e-01, 1.574349951979646112e-01, 3.046492864258797950e-01, 3.734297766985790745e-01
1.645276935112059691e-01, 1.574330454636236332e-01, 3.046517539929122220e-01, 3.733875070322582590e-01
1.645694780369874599e-01, 1.574310862184931659e-01, 3.046542121445571794e-01, 3.733452235999622504e-01
1.646112952471805446e-01, 1.574291174622003686e-01, 3.046566608795047149e-01, 3.733029264111144552e-01
1.646531451340327024e-01, 1.574271391943763976e-01, 3.046591001964451539e-01, 3.732606154751457184e-01
1.646950276897793664e-01, 1.574251514146561004e-01, 3.046615300940691551e-01, 3.732182908014952671e-01
1.647369429066436741e-01, 1.574231541226780440e-01, 3.046639505710680984e-01, 3.731759523996101002e-01
1.647788907768365785e-01, 1.574211473180845977e-01, 3.046663616261333640e-01, 3.731336002789455430e-01
1.648208712925569586e-01, 1.574191310005219613e-01, 3.046687632579566096e-01, 3.730912344489644150e-01
1.648628844459915088e-01, 1.574171051696401091e-01, 3.046711554652303811e-01, 3.730488549191380288e-01
1.649049302293147112e-01, 1.574150698250927349e-01, 3.046735382466469466e-01, 3.730064616989456350e-01
1.649470086346888908e-01, 1.574130249665374459e-01, 3.046759116008993518e-01, 3.729640547978743115e-01
1.649891196542640492e-01, 1.574109705936355130e-01, 3.046782755266809195e-01, 3.729216342254194072e-01
1.650312632801783086e-01, 1.574089067060522040e-01, 3.046806300226852504e-01, 3.728791999910842647e-01
1.650734395045571901e-01, 1.574068333034562561e-01, 3.046829750876061671e-01, 3.728367521043803312e-01
1.651156483195141966e-01, 1.574047503855205421e-01, 3.046853107201383803e-01, 3.727942905748268809e-01
1.651578897171505356e-01, 1.574026579519215707e-01, 3.046876369189762124e-01, 3.727518154119516258e-01
1.652001636895553405e-01, 1.574005560023396810e-01, 3.046899536828148736e-01, 3.727093266252899384e-01
1.652424702288053382e-01, 1.573984445364591533e-01, 3.046922610103496853e-01, 3.726668242243857954e-01
1.652848093269649876e-01, 1.573963235539677930e-01, 3.046945589002763577e-01, 3.726243082187908340e-01
1.653271809760865629e-01, 1.573941930545574852e-01, 3.046968473512909337e-01, 3.725817786180649072e-01
1.653695851682102091e-01, 1.573920530379239180e-01, 3.046991263620898449e-01, 3.725392354317760835e-01
1.654120218953634147e-01, 1.573899035037663874e-01, 3.047013959313698561e-01, 3.724966786695003140e-01
1.654544911495618165e-01, 1.573877444517882696e-01, 3.047036560578277875e-01, 3.724541083408220432e-01
1.654969929228085612e-01, 1.573855758816966599e-01, 3.047059067401612920e-01, 3.724115244553335424e-01
1.655395272070944168e-01, 1.573833977932024286e-01, 3.047081479770679113e-01, 3.723689270226351322e-01
1.655820939943980219e-01, 1.573812101860204704e-01, 3.047103797672458536e-01, 3.723263160523356818e-01
1.656246932766856639e-01, 1.573790130598692327e-01, 3.047126021093933268e-01, 3.722836915540517211e-01
1.656673250459113345e-01, 1.573768064144712708e-01, 3.047148150022092050e-01, 3.722410535374082730e-01
1.657099892940164798e-01, 1.573745902495528315e-01, 3.047170184443922514e-01, 3.721984020120384096e-01
1.657526860129305279e-01, 1.573723645648440750e-01, 3.047192124346420061e-01, 3.721557369875833632e-01
1.657954151945704724e-01, 1.573701293600790474e-01, 3.047213969716579540e-01, 3.721130584736925262e-01
1.658381768308408444e-01, 1.573678846349954308e-01, 3.047235720541401904e-01, 3.720703664800235067e-01
1.658809709136339072e-01, 1.573656303893350428e-01, 3.047257376807889218e-01, 3.720276610162420172e-01
1.659237974348296007e-01, 1.573633666228434758e-01, 3.047278938503048540e-01, 3.719849420920220973e-01
1.659666563862954303e-01, 1.573610933352700691e-01, 3.047300405613886931e-01, 3.719422097170458352e-01
1.660095477598865776e-01, 1.573588105263680759e-01, 3.047321778127418113e-01, 3.718994639010035907e-01
1.660524715474457624e-01, 1.573565181958946901e-01, 3.047343056030655251e-01, 3.718567046535939946e-01
1.660954277408033530e-01, 1.573542163436108809e-01, 3.047364239310618728e-01, 3.718139319845237822e-01
1.661384163317775053e-01, 1.573519049692816696e-01, 3.047385327954328926e-01, 3.717711459035080157e-01
1.661814373121736355e-01, 1.573495840726757133e-01, 3.047406321948808450e-01, 3.717283464202698617e-01
1.662244906737849470e-01, 1.573472536535656108e-01, 3.047427221281086562e-01, 3.716855335445407582e-01
1.662675764083922925e-01, 1.573449137117280128e-01, 3.047448025938191973e-01, 3.716427072860604697e-01
1.663106945077638676e-01, 1.573425642469432340e-01, 3.047468735907158943e-01, 3.715998676545770318e-01
1.663538449636556837e-01, 1.573402052589955857e-01, 3.047489351175021732e-01, 3.715570146598464740e-01
1.663970277678111509e-01, 1.573378367476732653e-01, 3.047509871728820152e-01, 3.715141483116335408e-01
1.664402429119613003e-01, 1.573354587127683835e-01, 3.047530297555596790e-01, 3.714712686197106928e-01
1.664834903878245620e-01, 1.573330711540768534e-01, 3.047550628642394233e-01, 3.714283755938591614e-01
1.665267701871072092e-01, 1.573306740713985852e-01, 3.047570864976261173e-01, 3.713854692438681715e-01
1.665700823015027199e-01, 1.573282674645373747e-01, 3.047591006544247416e-01, 3.713425495795352194e-01
1.666134267226923316e-01, 1.573258513333007647e-01, 3.047611053333406650e-01, 3.712996166106662388e-01
1.666568034423446532e-01, 1.573234256775005169e-01, 3.047631005330794229e-01, 3.712566703470755458e-01
1.667002124521158313e-01, 1.573209904969520012e-01, 3.047650862523468285e-01, 3.712137107985853390e-01
1.667436537436496058e-01, 1.573185457914746399e-01, 3.047670624898490277e-01, 3.711707379750266433e-01
1.667871273085770600e-01, 1.573160915608918242e-01, 3.047690292442925553e-01, 3.711277518862384217e-01
1.668306331385169816e-01, 1.573136278050307757e-01, 3.047709865143839458e-01, 3.710847525420682969e-01
1.668741712250753628e-01, 1.573111545237226294e-01, 3.047729342988302892e-01, 3.710417399523718851e-01
1.669177415598457892e-01, 1.573086717168023785e-01, 3.047748725963387306e-01, 3.709987141270131850e-01
1.669613441344093840e-01, 1.573061793841092071e-01, 3.047768014056165820e-01, 3.709556750758647992e-01
1.670049789403346696e-01, 1.573036775254859632e-01, 3.047787207253718211e-01, 3.709126228088076016e-01
1.670486459691776504e-01, 1.573011661407794914e-01, 3.047806305543124261e-01, 3.708695573357304043e-01
1.670923452124816744e-01, 1.572986452298406612e-01, 3.047825308911464859e-01, 3.708264786665311230e-01
1.671360766617775995e-01, 1.572961147925241721e-01, 3.047844217345827555e-01, 3.707833868111154452e-01
1.671798403085837936e-01, 1.572935748286888036e-01, 3.047863030833299347e-01, 3.707402817793975514e-01
1.672236361444058017e-01, 1.572910253381970547e-01, 3.047881749360969450e-01, 3.706971635813001709e-01
1.672674641607369006e-01, 1.572884663209156431e-01, 3.047900372915932632e-01, 3.706540322267542487e-01
1.673113243490575441e-01, 1.572858977767149502e-01, 3.047918901485282550e-01, 3.706108877256992784e-01
1.673552167008356129e-01, 1.572833197054695764e-01, 3.047937335056117858e-01, 3.705677300880829694e-01
1.673991412075264418e-01, 1.572807321070578968e-01, 3.047955673615539984e-01, 3.705245593238616353e-01
1.674430978605727927e-01, 1.572781349813623386e-01, 3.047973917150650358e-01, 3.704813754429998052e-01
1.674870866514046874e-01, 1.572755283282692151e-01, 3.047992065648555404e-01, 3.704381784554706680e-01
1.675311075714395748e-01, 1.572729121476688918e-01, 3.048010119096360437e-01, 3.703949683712554619e-01
1.675751606120822190e-01, 1.572702864394556199e-01, 3.048028077481179099e-01, 3.703517452003443067e-01
1.676192457647248946e-01, 1.572676512035276752e-01, 3.048045940790120034e-01, 3.703085089527352602e-01
1.676633630207470804e-01, 1.572650064397872749e-01, 3.048063709010301880e-01, 3.702652596384354844e-01
1.677075123715156268e-01, 1.572623521481406050e-01, 3.048081382128838834e-01, 3.702219972674599124e-01
1.677516938083847553e-01, 1.572596883284978764e-01, 3.048098960132850643e-01, 3.701787218498323595e-01
1.677959073226958642e-01, 1.572570149807732132e-01, 3.048116443009460941e-01, 3.701354333955848008e-01
1.678401529057779451e-01, 1.572543321048848475e-01, 3.048133830745793915e-01, 3.700921319147578714e-01
1.678844305489471112e-01, 1.572516397007547861e-01, 3.048151123328973200e-01, 3.700488174174008660e-01
1.679287402435067911e-01, 1.572489377683091438e-01, 3.048168320746130755e-01, 3.700054899135710729e-01
1.679730819807478126e-01, 1.572462263074781430e-01, 3.048185422984395210e-01, 3.699621494133344957e-01
1.680174557519481526e-01, 1.572435053181958364e-01, 3.048202430030900745e-01, 3.699187959267659642e-01
1.680618615483731870e-01, 1.572407748004003014e-01, 3.048219341872783206e-01, 3.698754294639481910e-01
1.681062993612755241e-01, 1.572380347540336953e-01, 3.048236158497177883e-01, 3.698320500349729367e-01
1.681507691818950601e-01, 1.572352851790420891e-01, 3.048252879891227840e-01, 3.697886576499400668e-01
1.681952710014589791e-01, 1.572325260753756337e-01, 3.048269506042071697e-01, 3.697452523189582174e-01
1.682398048111816702e-01, 1.572297574429883660e-01, 3.048286036936855847e-01, 3.697018340521443514e-01
1.682843706022647545e-01, 1.572269792818384859e-01, 3.048302472562724463e-01, 3.696584028596242577e-01
1.683289683658971414e-01, 1.572241915918881627e-01, 3.048318812906828379e-01, 3.696149587515318302e-01
1.683735980932550280e-01, 1.572213943731034513e-01, 3.048335057956316207e-01, 3.695715017380098444e-01
1.684182597755017330e-01, 1.572185876254547088e-01, 3.048351207698339338e-01, 3.695280318292096244e-01
1.684629534037878074e-01, 1.572157713489159836e-01, 3.048367262120054155e-01, 3.694845490352907658e-01
1.685076789692510901e-01, 1.572129455434656264e-01, 3.048383221208617044e-01, 3.694410533664215790e-01
1.685524364630166250e-01, 1.572101102090858182e-01, 3.048399084951185500e-01, 3.693975448327790900e-01
1.685972258761965215e-01, 1.572072653457629032e-01, 3.048414853334920349e-01, 3.693540234445486514e-01
1.686420471998901771e-01, 1.572044109534871392e-01, 3.048430526346984082e-01, 3.693104892119242200e-01
1.686869004251843329e-01, 1.572015470322529751e-01, 3.048446103974541965e-01, 3.692669421451084677e-01
1.687317855431526015e-01, 1.571986735820588010e-01, 3.048461586204759821e-01, 3.692233822543125599e-01
1.687767025448559666e-01, 1.571957906029070318e-01, 3.048476973024807357e-01, 3.691798095497562660e-01
1.688216514213425612e-01, 1.571928980948041343e-01, 3.048492264421852060e-01, 3.691362240416681262e-01
1.688666321636475287e-01, 1.571899960577607391e-01, 3.048507460383068080e-01, 3.690926257402848965e-01
1.689116447627934392e-01, 1.571870844917913068e-01, 3.048522560895630118e-01, 3.690490146558522144e-01
1.689566892097896789e-01, 1.571841633969146557e-01, 3.048537565946712879e-01, 3.690053907986244330e-01
1.690017654956330606e-01, 1.571812327731533510e-01, 3.048552475523493843e-01, 3.689617541788641764e-01
1.690468736113073522e-01, 1.571782926205341768e-01, 3.048567289613154374e-01, 3.689181048068429503e-01
1.690920135477835540e-01, 1.571753429390879975e-01, 3.048582008202875282e-01, 3.688744426928409759e-01
1.691371852960195654e-01, 1.571723837288496461e-01, 3.048596631279839042e-01, 3.688307678471468565e-01
1.691823888469607406e-01, 1.571694149898581749e-01, 3.048611158831232015e-01, 3.687870802800579662e-01
1.692276241915391943e-01, 1.571664367221564662e-01, 3.048625590844239452e-01, 3.687433800018803387e-01
1.692728913206744124e-01, 1.571634489257917044e-01, 3.048639927306052155e-01, 3.686996670229286677e-01
1.693181902252727244e-01, 1.571604516008151264e-01, 3.048654168203859260e-01, 3.686559413535262508e-01
1.693635208962277761e-01, 1.571574447472818825e-01, 3.048668313524851570e-01, 3.686122030040051012e-01
1.694088833244200842e-01, 1.571544283652512863e-01, 3.048682363256225991e-01, 3.685684519847060026e-01
1.694542775007173707e-01, 1.571514024547868982e-01, 3.048696317385176657e-01, 3.685246883059780654e-01
1.694997034159743399e-01, 1.571483670159560253e-01, 3.048710175898899921e-01, 3.684809119781795594e-01
1.695451610610328175e-01, 1.571453220488304992e-01, 3.048723938784594356e-01, 3.684371230116771923e-01
1.695906504267215564e-01, 1.571422675534858981e-01, 3.048737606029462421e-01, 3.683933214168463866e-01
1.696361715038564588e-01, 1.571392035300019085e-01, 3.048751177620705466e-01, 3.683495072040711138e-01
1.696817242832404649e-01, 1.571361299784625187e-01, 3.048764653545527059e-01, 3.683056803837443383e-01
1.697273087556634419e-01, 1.571330468989556306e-01, 3.048778033791132991e-01, 3.682618409662675174e-01
1.697729249119023787e-01, 1.571299542915735314e-01, 3.048791318344728496e-01, 3.682179889620511570e-01
1.698185727427212466e-01, 1.571268521564122556e-01, 3.048804507193524915e-01, 3.681741243815140341e-01
1.698642522388709719e-01, 1.571237404935720561e-01, 3.048817600324730814e-01, 3.681302472350840294e-01
1.699099633910895468e-01, 1.571206193031574327e-01, 3.048830597725555869e-01, 3.680863575331973503e-01
1.699557061901018074e-01, 1.571174885852769654e-01, 3.048843499383217526e-01, 3.680424552862995302e-01
1.700014806266198497e-01, 1.571143483400432028e-01, 3.048856305284927681e-01, 3.679985405048442071e-01
1.700472866913424752e-01, 1.571111985675729683e-01, 3.048869015417902117e-01, 3.679546131992943447e-01
1.700931243749556343e-01, 1.571080392679871096e-01, 3.048881629769358836e-01, 3.679106733801213447e-01
1.701389936681320936e-01, 1.571048704414107211e-01, 3.048894148326519726e-01, 3.678667210578051572e-01
1.701848945615317688e-01, 1.571016920879728385e-01, 3.048906571076601124e-01, 3.678227562428351693e-01
1.702308270458012807e-01, 1.570985042078067995e-01, 3.048918898006828249e-01, 3.677787789457089285e-01
1.702767911115744548e-01, 1.570953068010500775e-01, 3.048931129104422988e-01, 3.677347891769331967e-01
1.703227867494718495e-01, 1.570920998678441427e-01, 3.048943264356610006e-01, 3.676907869470230628e-01
1.703688139501010335e-01, 1.570888834083346564e-01, 3.048955303750615631e-01, 3.676467722665028304e-01
1.704148727040564471e-01, 1.570856574226714986e-01, 3.048967247273667858e-01, 3.676027451459052409e-01
1.704609630019195965e-01, 1.570824219110086573e-01, 3.048979094912995791e-01, 3.675587055957721949e-01
1.705070848342586654e-01, 1.570791768735042282e-01, 3.048990846655829090e-01, 3.675146536266541974e-01
1.705532381916289308e-01, 1.570759223103204705e-01, 3.049002502489399635e-01, 3.674705892491106352e-01
1.705994230645725696e-01, 1.570726582216238620e-01, 3.049014062400940417e-01, 3.674265124737096100e-01
1.706456394436184076e-01, 1.570693846075849054e-01, 3.049025526377685535e-01, 3.673824233110281057e-01
1.706918873192824759e-01, 1.570661014683784329e-01, 3.049036894406870757e-01, 3.673383217716519877e-01
1.707381666820673993e-01, 1.570628088041833015e-01, 3.049048166475732402e-01, 3.672942078661760590e-01
1.707844775224628686e-01, 1.570595066151825592e-01, 3.049059342571508457e-01, 3.672500816052036154e-01
1.708308198309454462e-01, 1.570561949015635006e-01, 3.049070422681438575e-01, 3.672059429993471680e-01
1.708771935979782886e-01, 1.570528736635174449e-01, 3.049081406792764071e-01, 3.671617920592277762e-01
1.709235988140117291e-01, 1.570495429012400412e-01, 3.049092294892724597e-01, 3.671176287954757145e-01
1.709700354694826951e-01, 1.570462026149310741e-01, 3.049103086968565357e-01, 3.670734532187298060e-01
1.710165035548150414e-01, 1.570428528047943528e-01, 3.049113783007528222e-01, 3.670292653396377003e-01
1.710630030604195495e-01, 1.570394934710380164e-01, 3.049124382996860061e-01, 3.669850651688563170e-01
1.711095339766937062e-01, 1.570361246138744782e-01, 3.049134886923806631e-01, 3.669408527170511802e-01
1.711560962940217867e-01, 1.570327462335201207e-01, 3.049145294775615911e-01, 3.668966279948965292e-01
1.712026900027749099e-01, 1.570293583301956009e-01, 3.049155606539536434e-01, 3.668523910130758181e-01
1.712493150933110664e-01, 1.570259609041258220e-01, 3.049165822202817289e-01, 3.668081417822813828e-01
1.712959715559748963e-01, 1.570225539555397953e-01, 3.049175941752710339e-01, 3.667638803132141079e-01
1.713426593810981335e-01, 1.570191374846708343e-01, 3.049185965176468560e-01, 3.667196066165842594e-01
1.713893785589987728e-01, 1.570157114917563879e-01, 3.049195892461342705e-01, 3.666753207031105966e-01
1.714361290799820969e-01, 1.570122759770380128e-01, 3.049205723594587414e-01, 3.666310225835211489e-01
1.714829109343398716e-01, 1.570088309407616511e-01, 3.049215458563458436e-01, 3.665867122685526058e-01
1.715297241123506788e-01, 1.570053763831774085e-01, 3.049225097355212633e-01, 3.665423897689506494e-01
1.715765686042799443e-01, 1.570019123045394704e-01, 3.049234639957106308e-01, 3.664980550954700100e-01
1.716234444003797155e-01, 1.569984387051063801e-01, 3.049244086356397432e-01, 3.664537082588741890e-01
1.716703514908887729e-01, 1.569949555851407885e-01, 3.049253436540345086e-01, 3.664093492699357357e-01
1.717172898660328517e-01, 1.569914629449096766e-01, 3.049262690496211681e-01, 3.663649781394361926e-01
1.717642595160241425e-01, 1.569879607846841885e-01, 3.049271848211255187e-01, 3.663205948781659838e-01
1.718112604310617630e-01, 1.569844491047397150e-01, 3.049280909672740791e-01, 3.662761994969245261e-01
1.718582926013313139e-01, 1.569809279053558104e-01, 3.049289874867929795e-01, 3.662317920065200072e-01
1.719053560170053230e-01, 1.569773971868163032e-01, 3.049298743784084609e-01, 3.661873724177698852e-01
1.719524506682429954e-01, 1.569738569494093239e-01, 3.049307516408472085e-01, 3.661429407415003334e-01
1.719995765451902137e-01, 1.569703071934270555e-01, 3.049316192728359631e-01, 3.660984969885469065e-01
1.720467336379793155e-01, 1.569667479191660941e-01, 3.049324772731009658e-01, 3.660540411697534857e-01
1.720939219367297046e-01, 1.569631791269272270e-01, 3.049333256403694015e-01, 3.660095732959736670e-01
1.721411414315472121e-01, 1.569596008170154322e-01, 3.049341643733677887e-01, 3.659650933780696502e-01
1.721883921125244021e-01, 1.569560129897399625e-01, 3.049349934708230903e-01, 3.659206014269124063e-01
1.722356739697404882e-01, 1.569524156454144559e-01, 3.049358129314625465e-01, 3.658760974533826205e-01
1.722829869932613889e-01, 1.569488087843564916e-01, 3.049366227540129537e-01, 3.658315814683692491e-01
1.723303311731395893e-01, 1.569451924068881732e-01, 3.049374229372016631e-01, 3.657870534827706299e-01
1.723777064994142794e-01, 1.569415665133357674e-01, 3.049382134797558597e-01, 3.657425135074942046e-01
1.724251129621113265e-01, 1.569379311040297598e-01, 3.049389943804027281e-01, 3.656979615534561301e-01
1.724725505512431090e-01, 1.569342861793049937e-01, 3.049397656378698973e-01, 3.656533976315818335e-01
1.725200192568087376e-01, 1.569306317395005312e-01, 3.049405272508847187e-01, 3.656088217528059015e-01
1.725675190687938065e-01, 1.569269677849597089e-01, 3.049412792181748211e-01, 3.655642339280715802e-01
1.726150499771707536e-01, 1.569232943160300542e-01, 3.049420215384677779e-01, 3.655196341683313865e-01
1.726626119718983887e-01, 1.569196113330635078e-01, 3.049427542104912181e-01, 3.654750224845468853e-01
1.727102050429221991e-01, 1.569159188364161461e-01, 3.049434772329729926e-01, 3.654303988876888010e-01
1.727578291801742105e-01, 1.569122168264483752e-01, 3.049441906046408968e-01, 3.653857633887365175e-01
1.728054843735732649e-01, 1.569085053035249588e-01, 3.049448943242228371e-01, 3.653411159986789669e-01
1.728531706130244372e-01, 1.569047842680149074e-01, 3.049455883904467202e-01, 3.652964567285140740e-01
1.729008878884196465e-01, 1.569010537202913391e-01, 3.049462728020405633e-01, 3.652517855892484233e-01
1.729486361896372393e-01, 1.568973136607320074e-01, 3.049469475577326061e-01, 3.652071025918981473e-01
1.729964155065421283e-01, 1.568935640897185235e-01, 3.049476126562509770e-01, 3.651624077474883157e-01
1.730442258289859592e-01, 1.568898050076372730e-01, 3.049482680963238046e-01, 3.651177010670530465e-01
1.730920671468066663e-01, 1.568860364148785824e-01, 3.049489138766793284e-01, 3.650729825616355062e-01
1.731399394498288613e-01, 1.568822583118371916e-01, 3.049495499960458988e-01, 3.650282522422881315e-01
1.731878427278635557e-01, 1.568784706989120870e-01, 3.049501764531521442e-01, 3.649835101200722964e-01
1.732357769707085771e-01, 1.568746735765066957e-01, 3.049507932467261928e-01, 3.649387562060586454e-01
1.732837421681478474e-01, 1.568708669450285531e-01, 3.049514003754967839e-01, 3.648939905113267046e-01
1.733317383099523268e-01, 1.568670508048898293e-01, 3.049519978381923235e-01, 3.648492130469654926e-01
1.733797653858790699e-01, 1.568632251565066082e-01, 3.049525856335415508e-01, 3.648044238240727433e-01
1.734278233856717810e-01, 1.568593900002995534e-01, 3.049531637602730383e-01, 3.647596228537556273e-01
1.734759122990606195e-01, 1.568555453366935470e-01, 3.049537322171154696e-01, 3.647148101471302528e-01
1.735240321157623389e-01, 1.568516911661178570e-01, 3.049542910027977505e-01, 3.646699857153221092e-01
1.735721828254799814e-01, 1.568478274890059143e-01, 3.049548401160486200e-01, 3.646251495694655675e-01
1.736203644179032668e-01, 1.568439543057957852e-01, 3.049553795555968727e-01, 3.645803017207041585e-01
1.736685768827082588e-01, 1.568400716169294495e-01, 3.049559093201715254e-01, 3.645354421801907940e-01
1.737168202095575320e-01, 1.568361794228536055e-01, 3.049564294085013727e-01, 3.644905709590874898e-01
1.737650943881001442e-01, 1.568322777240190868e-01, 3.049569398193156533e-01, 3.644456880685651989e-01
1.738133994079714972e-01, 1.568283665208810018e-01, 3.049574405513431619e-01, 3.644007935198043668e-01
1.738617352587936149e-01, 1.568244458138990105e-01, 3.049579316033129706e-01, 3.643558873239943208e-01
1.739101019301748374e-01, 1.568205156035369641e-01, 3.049584129739544847e-01, 3.643109694923336028e-01
1.739584994117099881e-01, 1.568165758902630436e-01, 3.049588846619966098e-01, 3.642660400360303585e-01
1.740069276929802344e-01, 1.568126266745498432e-01, 3.049593466661686403e-01, 3.642210989663014487e-01
1.740553867635531160e-01, 1.568086679568742869e-01, 3.049597989851996482e-01, 3.641761462943727823e-01
1.741038766129828774e-01, 1.568046997377176843e-01, 3.049602416178191500e-01, 3.641311820314802605e-01
1.741523972308099411e-01, 1.568007220175655914e-01, 3.049606745627562177e-01, 3.640862061888681112e-01
1.742009486065611568e-01, 1.567967347969080605e-01, 3.049610978187403676e-01, 3.640412187777903319e-01
1.742495307297497742e-01, 1.567927380762394185e-01, 3.049615113845008940e-01, 3.639962198095100243e-01
1.742981435898754428e-01, 1.567887318560583498e-01, 3.049619152587669801e-01, 3.639512092952992273e-01
1.743467871764241839e-01, 1.567847161368679243e-01, 3.049623094402684753e-01, 3.639061872464395830e-01
1.743954614788683910e-01, 1.567806909191755416e-01, 3.049626939277343407e-01, 3.638611536742215602e-01
1.744441664866669128e-01, 1.567766562034931255e-01, 3.049630687198945922e-01, 3.638161085899453417e-01
1.744929021892648868e-01, 1.567726119903368187e-01, 3.049634338154783575e-01, 3.637710520049199370e-01
1.745416685760937670e-01, 1.567685582802270938e-01, 3.049637892132152639e-01, 3.637259839304637921e-01
1.745904656365714624e-01, 1.567644950736890030e-01, 3.049641349118349387e-01, 3.636809043779045125e-01
1.746392933601021991e-01, 1.567604223712517342e-01, 3.049644709100668982e-01, 3.636358133585790298e-01
1.746881517360764635e-01, 1.567563401734491102e-01, 3.049647972066407142e-01, 3.635907108838336010e-01
1.747370407538711978e-01, 1.567522484808191452e-01, 3.049651138002861250e-01, 3.635455969650235319e-01
1.747859604028495495e-01, 1.567481472939043219e-01, 3.049654206897327025e-01, 3.635004716135134539e-01
1.748349106723611213e-01, 1.567440366132515084e-01, 3.049657178737101848e-01, 3.634553348406773243e-01
1.748838915517416659e-01, 1.567399164394119582e-01, 3.049660053509480329e-01, 3.634101866578984819e-01
1.749329030303134191e-01, 1.567357867729412824e-01, 3.049662831201762070e-01, 3.633650270765691470e-01
1.749819450973847668e-01, 1.567316476143996162e-01, 3.049665511801242790e-01, 3.633198561080914213e-01
1.750310177422504943e-01, 1.567274989643513694e-01, 3.049668095295219872e-01, 3.632746737638761214e-01
1.750801209541917036e-01, 1.567233408233653646e-01, 3.049670581670992364e-01, 3.632294800553437231e-01
1.751292547224757024e-01, 1.567191731920148934e-01, 3.049672970915855430e-01, 3.631842749939238613e-01
1.751784190363561144e-01, 1.567149960708776324e-01, 3.049675263017107563e-01, 3.631390585910553859e-01
1.752276138850727694e-01, 1.567108094605356439e-01, 3.049677457962048366e-01, 3.630938308581867502e-01
1.752768392578518963e-01, 1.567066133615754309e-01, 3.049679555737973002e-01, 3.630485918067752893e-01
1.753260951439059023e-01, 1.567024077745879929e-01, 3.049681556332181076e-01, 3.630033414482880527e-01
1.753753815324333998e-01, 1.566981927001684927e-01, 3.049683459731969970e-01, 3.629580797942010828e-01
1.754246984126194564e-01, 1.566939681389168115e-01, 3.049685265924638733e-01, 3.629128068559999698e-01
1.754740457736350678e-01, 1.566897340914370218e-01, 3.049686974897484193e-01, 3.628675226451795188e-01
1.755234236046377960e-01, 1.566854905583378310e-01, 3.049688586637805399e-01, 3.628222271732439164e-01
1.755728318947710753e-01, 1.566812375402322211e-01, 3.049690101132899733e-01, 3.627769204517065638e-01
1.756222706331649619e-01, 1.566769750377376980e-01, 3.049691518370068466e-01, 3.627316024920906323e-01
1.756717398089354676e-01, 1.566727030514760977e-01, 3.049692838336605649e-01, 3.626862733059278976e-01
1.757212394111849485e-01, 1.566684215820738080e-01, 3.049694061019811997e-01, 3.626409329047600161e-01
1.757707694290018829e-01, 1.566641306301615744e-01, 3.049695186406985448e-01, 3.625955813001380257e-01
1.758203298514608992e-01, 1.566598301963746109e-01, 3.049696214485423940e-01, 3.625502185036220681e-01
1.758699206676229976e-01, 1.566555202813525727e-01, 3.049697145242425966e-01, 3.625048445267817221e-01
1.759195418665352451e-01, 1.566512008857396665e-01, 3.049697978665291132e-01, 3.624594593811960030e-01
1.759691934372309419e-01, 1.566468720101843182e-01, 3.049698714741315153e-01, 3.624140630784531969e-01
1.760188753687294549e-01, 1.566425336553396441e-01, 3.049699353457798190e-01, 3.623686556301510819e-01
1.760685876500365787e-01, 1.566381858218630074e-01, 3.049699894802037070e-01, 3.623232370478965958e-01
1.761183302701439801e-01, 1.566338285104164063e-01, 3.049700338761330842e-01, 3.622778073433065016e-01
1.761681032180296980e-01, 1.566294617216662521e-01, 3.049700685322976890e-01, 3.622323665280064442e-01
1.762179064826578101e-01, 1.566250854562832862e-01, 3.049700934474272040e-01, 3.621869146136316719e-01
1.762677400529785998e-01, 1.566206997149428848e-01, 3.049701086202516453e-01, 3.621414516118269811e-01
1.763176039179284726e-01, 1.566163044983248098e-01, 3.049701140495004736e-01, 3.620959775342462161e-01
1.763674980664300396e-01, 1.566118998071133750e-01, 3.049701097339036493e-01, 3.620504923925528806e-01
1.764174224873918673e-01, 1.566074856419972239e-01, 3.049700956721910772e-01, 3.620049961984199149e-01
1.764673771697088944e-01, 1.566030620036695520e-01, 3.049700718630919960e-01, 3.619594889635295853e-01
1.765173621022619044e-01, 1.565986288928280512e-01, 3.049700383053365882e-01, 3.619139706995734840e-01
1.765673772739181080e-01, 1.565941863101749376e-01, 3.049699949976542590e-01, 3.618684414182526954e-01
1.766174226735305053e-01, 1.565897342564167016e-01, 3.049699419387749133e-01, 3.618229011312779075e-01
1.766674982899384960e-01, 1.565852727322645799e-01, 3.049698791274280119e-01, 3.617773498503690233e-01
1.767176041119673247e-01, 1.565808017384341388e-01, 3.049698065623432375e-01, 3.617317875872552713e-01
1.767677401284284966e-01, 1.565763212756454970e-01, 3.049697242422504950e-01, 3.616862143536756502e-01
1.768179063281195007e-01, 1.565718313446232135e-01, 3.049696321658789677e-01, 3.616406301613784291e-01
1.768681026998240591e-01, 1.565673319460964275e-01, 3.049695303319584494e-01, 3.615950350221212029e-01
1.769183292323117385e-01, 1.565628230807986354e-01, 3.049694187392185674e-01, 3.615494289476711143e-01
1.769685859143383388e-01, 1.565583047494679414e-01, 3.049692973863887824e-01, 3.615038119498048541e-01
1.770188727346457547e-01, 1.565537769528470291e-01, 3.049691662721985552e-01, 3.614581840403085500e-01
1.770691896819618361e-01, 1.565492396916829121e-01, 3.049690253953776242e-01, 3.614125452309776554e-01
1.771195367450004166e-01, 1.565446929667271558e-01, 3.049688747546551726e-01, 3.613668955336171718e-01
1.771699139124617295e-01, 1.565401367787359888e-01, 3.049687143487607721e-01, 3.613212349600415929e-01
1.772203211730314643e-01, 1.565355711284698581e-01, 3.049685441764238281e-01, 3.612755635220747941e-01
1.772707585153819598e-01, 1.565309960166940129e-01, 3.049683642363738012e-01, 3.612298812315502539e-01
1.773212259281711500e-01, 1.565264114441781151e-01, 3.049681745273399858e-01, 3.611841881003107768e-01
1.773717234000432574e-01, 1.565218174116962402e-01, 3.049679750480517315e-01, 3.611384841402088264e-01
1.774222509196282938e-01, 1.565172139200271262e-01, 3.049677657972382772e-01, 3.610927693631061919e-01
1.774728084755425317e-01, 1.565126009699540910e-01, 3.049675467736290280e-01, 3.610470437808743216e-01
1.775233960563880609e-01, 1.565079785622647546e-01, 3.049673179759531116e-01, 3.610013074053939897e-01
1.775740136507530376e-01, 1.565033466977514554e-01, 3.049670794029398779e-01, 3.609555602485556847e-01
1.776246612472116571e-01, 1.564987053772109726e-01, 3.049668310533183435e-01, 3.609098023222590546e-01
1.776753388343240148e-01, 1.564940546014446654e-01, 3.049665729258177471e-01, 3.608640336384135172e-01
1.777260464006362450e-01, 1.564893943712583613e-01, 3.049663050191671609e-01, 3.608182542089382050e-01
1.777767839346805212e-01, 1.564847246874626063e-01, 3.049660273320956572e-01, 3.607724640457612431e-01
1.778275514249748612e-01, 1.564800455508721655e-01, 3.049657398633323080e-01, 3.607266631608205265e-01
1.778783488600233775e-01, 1.564753569623067719e-01, 3.049654426116060191e-01, 3.606808515660637204e-01
1.779291762283161105e-01, 1.564706589225903499e-01, 3.049651355756459181e-01, 3.606350292734475382e-01
1.779800335183289173e-01, 1.564659514325514589e-01, 3.049648187541807998e-01, 3.605891962949386298e-01
1.780309207185239440e-01, 1.564612344930233767e-01, 3.049644921459396252e-01, 3.605433526425130819e-01
1.780818378173488203e-01, 1.564565081048437112e-01, 3.049641557496511890e-01, 3.604974983281563627e-01
1.781327848032374650e-01, 1.564517722688547330e-01, 3.049638095640441748e-01, 3.604516333638635439e-01
1.781837616646096689e-01, 1.564470269859033480e-01, 3.049634535878475994e-01, 3.604057577616393560e-01
1.782347683898711510e-01, 1.564422722568408475e-01, 3.049630878197899797e-01, 3.603598715334980218e-01
1.782858049674134748e-01, 1.564375080825232966e-01, 3.049627122586001660e-01, 3.603139746914632013e-01
1.783368713856141319e-01, 1.564327344638110351e-01, 3.049623269030066752e-01, 3.602680672475683243e-01
1.783879676328366803e-01, 1.564279514015692596e-01, 3.049619317517379691e-01, 3.602221492138560910e-01
1.784390936974303843e-01, 1.564231588966676911e-01, 3.049615268035227866e-01, 3.601762206023791935e-01
1.784902495677305190e-01, 1.564183569499803528e-01, 3.049611120570894784e-01, 3.601302814251994833e-01
1.785414352320583153e-01, 1.564135455623862914e-01, 3.049606875111666726e-01, 3.600843316943886374e-01
1.785926506787208767e-01, 1.564087247347687448e-01, 3.049602531644827197e-01, 3.600383714220278253e-01
1.786438958960108736e-01, 1.564038944680156418e-01, 3.049598090157658037e-01, 3.599924006202075422e-01
1.786951708722074872e-01, 1.563990547630196848e-01, 3.049593550637444417e-01, 3.599464193010283863e-01
1.787464755955751328e-01, 1.563942056206778786e-01, 3.049588913071467622e-01, 3.599004274766001155e-01
1.787978100543646809e-01, 1.563893470418919740e-01, 3.049584177447010047e-01, 3.598544251590423126e-01
1.788491742368122916e-01, 1.563844790275683294e-01, 3.049579343751351868e-01, 3.598084123604841089e-01
1.789005681311404139e-01, 1.563796015786177995e-01, 3.049574411971777144e-01, 3.597623890930639612e-01
1.789519917255572301e-01, 1.563747146959559298e-01, 3.049569382095563830e-01, 3.597163553689304294e-01
1.790034450082567119e-01, 1.563698183805027897e-01, 3.049564254109993211e-01, 3.596703112002412883e-01
1.790549279674186756e-01, 1.563649126331830563e-01, 3.049559028002343242e-01, 3.596242565991639717e-01
1.791064405912088653e-01, 1.563599974549260141e-01, 3.049553703759894652e-01, 3.595781915778756277e-01
1.791579828677789532e-01, 1.563550728466656659e-01, 3.049548281369923175e-01, 3.595321161485631190e-01
1.792095547852660675e-01, 1.563501388093404554e-01, 3.049542760819708986e-01, 3.594860303234225785e-01
1.792611563317935419e-01, 1.563451953438934616e-01, 3.049537142096527820e-01, 3.594399341146600202e-01
1.793127874954704715e-01, 1.563402424512725375e-01, 3.049531425187657629e-01, 3.593938275344912836e-01
1.793644482643914628e-01, 1.563352801324299213e-01, 3.049525610080373594e-01, 3.593477105951412565e-01
1.794161386266373004e-01, 1.563303083883226807e-01, 3.049519696761950893e-01, 3.593015833088448741e-01
1.794678585702744467e-01, 1.563253272199122690e-01, 3.049513685219664705e-01, 3.592554456878467861e-01
1.795196080833550700e-01, 1.563203366281650242e-01, 3.049507575440789098e-01, 3.592092977444009128e-01
1.795713871539172113e-01, 1.563153366140517253e-01, 3.049501367412598141e-01, 3.591631394907710551e-01
1.796231957699847837e-01, 1.563103271785478421e-01, 3.049495061122364792e-01, 3.591169709392308951e-01
1.796750339195673507e-01, 1.563053083226333961e-01, 3.049488656557360899e-01, 3.590707921020631077e-01
1.797269015906602929e-01, 1.563002800472932108e-01, 3.049482153704858312e-01, 3.590246029915606929e-01
1.797787987712447522e-01, 1.562952423535165225e-01, 3.049475552552128876e-01, 3.589784036200257544e-01
1.798307254492877150e-01, 1.562901952422973417e-01, 3.049468853086443887e-01, 3.589321939997705546e-01
1.798826816127417627e-01, 1.562851387146343973e-01, 3.049462055295070750e-01, 3.588859741431166817e-01
1.799346672495455712e-01, 1.562800727715308591e-01, 3.049455159165280760e-01, 3.588397440623956047e-01
1.799866823476231337e-01, 1.562749974139946429e-01, 3.049448164684341323e-01, 3.587935037699481744e-01
1.800387268948844544e-01, 1.562699126430383278e-01, 3.049441071839521511e-01, 3.587472532781251222e-01
1.800908008792252990e-01, 1.562648184596790446e-01, 3.049433880618086512e-01, 3.587009925992869497e-01
1.801429042885271392e-01, 1.562597148649387813e-01, 3.049426591007306508e-01, 3.586547217458035397e-01
1.801950371106570137e-01, 1.562546018598438280e-01, 3.049419202994443912e-01, 3.586084407300547117e-01
1.802471993334679168e-01, 1.562494794454255542e-01, 3.049411716566765018e-01, 3.585621495644298884e-01
1.802993909447985488e-01, 1.562443476227196315e-01, 3.049404131711535015e-01, 3.585158482613282072e-01
1.803516119324731215e-01, 1.562392063927666164e-01, 3.049396448416018535e-01, 3.584695368331583532e-01
1.804038622843017470e-01, 1.562340557566115895e-01, 3.049388666667475212e-01, 3.584232152923390591e-01
1.804561419880801598e-01, 1.562288957153043778e-01, 3.049380786453171899e-01, 3.583768836512982725e-01
1.805084510315899393e-01, 1.562237262698993878e-01, 3.049372807760367121e-01, 3.583305419224738775e-01
1.805607894025981763e-01, 1.562185474214558556e-01, 3.049364730576323290e-01, 3.582841901183135280e-01
1.806131570888576399e-01, 1.562133591710374581e-01, 3.049356554888300597e-01, 3.582378282512747036e-01
1.806655540781071656e-01, 1.562081615197127848e-01, 3.049348280683558676e-01, 3.581914563338241542e-01
1.807179803580706845e-01, 1.562029544685548943e-01, 3.049339907949355499e-01, 3.581450743784388435e-01
1.807704359164583052e-01, 1.561977380186416742e-01, 3.049331436672950146e-01, 3.580986823976048949e-01
1.808229207409656203e-01, 1.561925121710555919e-01, 3.049322866841600588e-01, 3.580522804038188123e-01
1.808754348192738448e-01, 1.561872769268838890e-01, 3.049314198442560353e-01, 3.580058684095863142e-01
1.809279781390498720e-01, 1.561820322872183864e-01, 3.049305431463087968e-01, 3.579594464274229448e-01
1.809805506879464398e-01, 1.561767782531556514e-01, 3.049296565890438071e-01, 3.579130144698541294e-01
1.810331524536015479e-01, 1.561715148257969143e-01, 3.049287601711864748e-01, 3.578665725494150629e-01
1.810857834236393460e-01, 1.561662420062482348e-01, 3.049278538914622083e-01, 3.578201206786502664e-01
1.811384435856691899e-01, 1.561609597956201134e-01, 3.049269377485961940e-01, 3.577736588701146414e-01
1.811911329272863636e-01, 1.561556681950278802e-01, 3.049260117413135629e-01, 3.577271871363720268e-01
1.812438514360716901e-01, 1.561503672055916947e-01, 3.049250758683396678e-01, 3.576807054899968086e-01
1.812965990995916432e-01, 1.561450568284361573e-01, 3.049241301283994177e-01, 3.576342139435726986e-01
1.813493759053982357e-01, 1.561397370646908089e-01, 3.049231745202178323e-01, 3.575877125096930675e-01
1.814021818410292142e-01, 1.561344079154896591e-01, 3.049222090425196541e-01, 3.575412012009614449e-01
1.814550168940078645e-01, 1.561290693819716857e-01, 3.049212336940299028e-01, 3.574946800299905747e-01
1.815078810518431784e-01, 1.561237214652803629e-01, 3.049202484734730434e-01, 3.574481490094035263e-01
1.815607743020296039e-01, 1.561183641665639665e-01, 3.049192533795738180e-01, 3.574016081518325283e-01
1.816136966320473500e-01, 1.561129974869754633e-01, 3.049182484110569136e-01, 3.573550574699202453e-01
1.816666480293621933e-01, 1.561076214276725938e-01, 3.049172335666466283e-01, 3.573084969763184460e-01
1.817196284814254492e-01, 1.561022359898177059e-01, 3.049162088450674823e-01, 3.572619266836893348e-01
1.817726379756740285e-01, 1.560968411745780604e-01, 3.049151742450438296e-01, 3.572153466047042203e-01
1.818256764995303254e-01, 1.560914369831253590e-01, 3.049141297652996907e-01, 3.571687567520446249e-01
1.818787440404026345e-01, 1.560860234166363270e-01, 3.049130754045592528e-01, 3.571221571384017301e-01
1.819318405856845677e-01, 1.560806004762921584e-01, 3.049120111615466477e-01, 3.570755477764764874e-01
1.819849661227553594e-01, 1.560751681632790155e-01, 3.049109370349859516e-01, 3.570289286789795624e-01
1.820381206389797835e-01, 1.560697264787875849e-01, 3.049098530236009075e-01, 3.569822998586317242e-01
1.820913041217082362e-01, 1.560642754240133823e-01, 3.049087591261153696e-01, 3.569356613281630120e-01
1.821445165582766257e-01, 1.560588150001567254e-01, 3.049076553412529700e-01, 3.568890131003137345e-01
1.821977579360064547e-01, 1.560533452084224559e-01, 3.049065416677374518e-01, 3.568423551878336930e-01
1.822510282422046823e-01, 1.560478660500203840e-01, 3.049054181042922251e-01, 3.567956876034825697e-01
1.823043274641640010e-01, 1.560423775261651214e-01, 3.049042846496409220e-01, 3.567490103600299833e-01
1.823576555891624762e-01, 1.560368796380755818e-01, 3.049031413025067860e-01, 3.567023234702551560e-01
1.824110126044637403e-01, 1.560313723869759528e-01, 3.049019880616131162e-01, 3.566556269469471907e-01
1.824643984973169930e-01, 1.560258557740948904e-01, 3.049008249256831005e-01, 3.566089208029050162e-01
1.825178132549568344e-01, 1.560203298006658523e-01, 3.048996518934399269e-01, 3.565622050509374419e-01
1.825712568646036815e-01, 1.560147944679270149e-01, 3.048984689636064505e-01, 3.565154797038628809e-01
1.826247293134631300e-01, 1.560092497771214115e-01, 3.048972761349056926e-01, 3.564687447745097382e-01
1.826782305887264812e-01, 1.560036957294967108e-01, 3.048960734060603417e-01, 3.564220002757163552e-01
1.827317606775705483e-01, 1.559981323263054664e-01, 3.048948607757934193e-01, 3.563752462203305105e-01
1.827853195671575171e-01, 1.559925595688049504e-01, 3.048936382428274472e-01, 3.563284826212101408e-01
1.828389072446351959e-01, 1.559869774582570978e-01, 3.048924058058849473e-01, 3.562817094912227311e-01
1.828925236971368773e-01, 1.559813859959287841e-01, 3.048911634636883861e-01, 3.562349268432460359e-01
1.829461689117812540e-01, 1.559757851830914921e-01, 3.048899112149600077e-01, 3.561881346901671352e-01
1.829998428756725859e-01, 1.559701750210216453e-01, 3.048886490584223896e-01, 3.561413330448833237e-01
1.830535455759007002e-01, 1.559645555110002746e-01, 3.048873769927973876e-01, 3.560945219203014989e-01
1.831072769995406302e-01, 1.559589266543133512e-01, 3.048860950168075235e-01, 3.560477013293385506e-01
1.831610371336531706e-01, 1.559532884522513707e-01, 3.048848031291744864e-01, 3.560008712849209167e-01
1.832148259652844613e-01, 1.559476409061099078e-01, 3.048835013286202988e-01, 3.559540317999853043e-01
1.832686434814660426e-01, 1.559419840171891725e-01, 3.048821896138666498e-01, 3.559071828874781351e-01
1.833224896692150774e-01, 1.559363177867940931e-01, 3.048808679836353397e-01, 3.558603245603553233e-01
1.833763645155340183e-01, 1.559306422162345940e-01, 3.048795364366481131e-01, 3.558134568315831636e-01
1.834302680074109126e-01, 1.559249573068251238e-01, 3.048781949716264372e-01, 3.557665797141374431e-01
1.834842001318191251e-01, 1.559192630598851825e-01, 3.048768435872915572e-01, 3.557196932210041074e-01
1.835381608757175598e-01, 1.559135594767388500e-01, 3.048754822823651067e-01, 3.556727973651784835e-01
1.835921502260505489e-01, 1.559078465587151185e-01, 3.048741110555681644e-01, 3.556258921596662237e-01
1.836461681697477422e-01, 1.559021243071477825e-01, 3.048727299056219198e-01, 3.555789776174825834e-01
1.837002146937244396e-01, 1.558963927233752711e-01, 3.048713388312475070e-01, 3.555320537516528101e-01
1.837542897848812307e-01, 1.558906518087411208e-01, 3.048699378311656716e-01, 3.554851205752119769e-01
1.838083934301040778e-01, 1.558849015645934200e-01, 3.048685269040975476e-01, 3.554381781012049824e-01
1.838625256162645660e-01, 1.558791419922851418e-01, 3.048671060487636031e-01, 3.553912263426867169e-01
1.839166863302193478e-01, 1.558733730931741168e-01, 3.048656752638847500e-01, 3.553442653127217854e-01
1.839708755588109479e-01, 1.558675948686228663e-01, 3.048642345481814564e-01, 3.552972950243848405e-01
1.840250932888667645e-01, 1.558618073199987963e-01, 3.048627839003742457e-01, 3.552503154907601379e-01
1.840793395072001515e-01, 1.558560104486742537e-01, 3.048613233191833638e-01, 3.552033267249422033e-01
1.841336142006094190e-01, 1.558502042560261647e-01, 3.048598528033292232e-01, 3.551563287400351099e-01
1.841879173558785832e-01, 1.558443887434363684e-01, 3.048583723515320143e-01, 3.551093215491530342e-01
1.842422489597767832e-01, 1.558385639122916444e-01, 3.048568819625115944e-01, 3.550623051654199225e-01
1.842966089990587530e-01, 1.558327297639833797e-01, 3.048553816349881540e-01, 3.550152796019697132e-01
1.843509974604644330e-01, 1.558268862999080129e-01, 3.048538713676815504e-01, 3.549682448719460037e-01
1.844054143307193305e-01, 1.558210335214665898e-01, 3.048523511593114743e-01, 3.549212009885024388e-01
1.844598595965342980e-01, 1.558151714300652080e-01, 3.048508210085977277e-01, 3.548741479648028774e-01
1.845143332446053663e-01, 1.558093000271146000e-01, 3.048492809142597237e-01, 3.548270858140203932e-01
1.845688352616139949e-01, 1.558034193140304391e-01, 3.048477308750169867e-01, 3.547800145493383850e-01
1.846233656342272933e-01, 1.557975292922332278e-01, 3.048461708895891520e-01, 3.547329341839503547e-01
1.846779243490973832e-01, 1.557916299631483259e-01, 3.048446009566950776e-01, 3.546858447310593521e-01
1.847325113928618978e-01, 1.557857213282057285e-01, 3.048430210750541769e-01, 3.546387462038781413e-01
1.847871267521437044e-01, 1.557798033888406763e-01, 3.048414312433853635e-01, 3.545916386156302558e-01
1.848417704135512374e-01, 1.557738761464928789e-01, 3.048398314604078285e-01, 3.545445219795479996e-01
1.848964423636780263e-01, 1.557679396026070140e-01, 3.048382217248403747e-01, 3.544973963088745017e-01
1.849511425891031680e-01, 1.557619937586327552e-01, 3.048366020354017492e-01, 3.544502616168624387e-01
1.850058710763908543e-01, 1.557560386160244115e-01, 3.048349723908105324e-01, 3.544031179167742018e-01
1.850606278120908443e-01, 1.557500741762412044e-01, 3.048333327897854161e-01, 3.543559652218826184e-01
1.851154127827381035e-01, 1.557441004407472407e-01, 3.048316832310447588e-01, 3.543088035454699525e-01
1.851702259748528590e-01, 1.557381174110116229e-01, 3.048300237133069190e-01, 3.542616329008286269e-01
1.852250673749408216e-01, 1.557321250885079778e-01, 3.048283542352903108e-01, 3.542144533012610563e-01
1.852799369694927700e-01, 1.557261234747150114e-01, 3.048266747957128486e-01, 3.541672647600793145e-01
1.853348347449851330e-01, 1.557201125711164258e-01, 3.048249853932928355e-01, 3.541200672906056890e-01
1.853897606878794069e-01, 1.557140923792004750e-01, 3.048232860267480748e-01, 3.540728609061720711e-01
1.854447147846224886e-01, 1.557080629004604921e-01, 3.048215766947963701e-01, 3.540256456201206769e-01
1.854996970216464258e-01, 1.557020241363945567e-01, 3.048198573961555802e-01, 3.539784214458033818e-01
1.855547073853688611e-01, 1.556959760885057997e-01, 3.048181281295432865e-01, 3.539311883965821637e-01
1.856097458621923380e-01, 1.556899187583019595e-01, 3.048163888936770149e-01, 3.538839464858287709e-01
1.856648124385050502e-01, 1.556838521472959092e-01, 3.048146396872740693e-01, 3.538366957269248880e-01
1.857199071006803703e-01, 1.556777762570052681e-01, 3.048128805090519755e-01, 3.537894361332623583e-01
1.857750298350767659e-01, 1.556716910889525129e-01, 3.048111113577280373e-01, 3.537421677182427948e-01
1.858301806280382718e-01, 1.556655966446651440e-01, 3.048093322320190590e-01, 3.536948904952776918e-01
1.858853594658939623e-01, 1.556594929256752968e-01, 3.048075431306422889e-01, 3.536476044777885908e-01
1.859405663349583404e-01, 1.556533799335202140e-01, 3.048057440523144201e-01, 3.536003096792070810e-01
1.859958012215310319e-01, 1.556472576697419119e-01, 3.048039349957524791e-01, 3.535530061129745771e-01
1.860510641118971187e-01, 1.556411261358874032e-01, 3.048021159596730478e-01, 3.535056937925423193e-01
1.861063549923268057e-01, 1.556349853335084465e-01, 3.048002869427928196e-01, 3.534583727313718726e-01
1.861616738490755874e-01, 1.556288352641618522e-01, 3.047984479438281546e-01, 3.534110429429343503e-01
1.862170206683841645e-01, 1.556226759294091766e-01, 3.047965989614955240e-01, 3.533637044407110794e-01
1.862723954364785550e-01, 1.556165073308169444e-01, 3.047947399945111213e-01, 3.533163572381932127e-01
1.863277981395701499e-01, 1.556103294699565931e-01, 3.047928710415912512e-01, 3.532690013488819503e-01
1.863832287638552965e-01, 1.556041423484044728e-01, 3.047909921014518853e-01, 3.532216367862884843e-01
1.864386872955157148e-01, 1.555979459677417076e-01, 3.047891031728089950e-01, 3.531742635639336103e-01
1.864941737207183869e-01, 1.555917403295544732e-01, 3.047872042543783855e-01, 3.531268816953487266e-01
1.865496880256156120e-01, 1.555855254354338302e-01, 3.047852953448759172e-01, 3.530794911940747238e-01
1.866052301963447013e-01, 1.555793012869757797e-01, 3.047833764430172288e-01, 3.530320920736624291e-01
1.866608002190283666e-01, 1.555730678857810134e-01, 3.047814475475178475e-01, 3.529846843476729390e-01
1.867163980797744149e-01, 1.555668252334554136e-01, 3.047795086570930789e-01, 3.529372680296771758e-01
1.867720237646761094e-01, 1.555605733316095807e-01, 3.047775597704583395e-01, 3.528898431332559427e-01
1.868276772598116142e-01, 1.555543121818592223e-01, 3.047756008863289900e-01, 3.528424096720002012e-01
1.868833585512444939e-01, 1.555480417858247644e-01, 3.047736320034198365e-01, 3.527949676595106832e-01
1.869390676250235750e-01, 1.555417621451317123e-01, 3.047716531204463508e-01, 3.527475171093982786e-01
1.869948044671827792e-01, 1.555354732614103730e-01, 3.047696642361230612e-01, 3.527000580352838144e-01
1.870505690637411511e-01, 1.555291751362960495e-01, 3.047676653491648291e-01, 3.526525904507979980e-01
1.871063614007030529e-01, 1.555228677714289853e-01, 3.047656564582865157e-01, 3.526051143695814738e-01
1.871621814640581638e-01, 1.555165511684542534e-01, 3.047636375622024829e-01, 3.525576298052851554e-01
1.872180292397810641e-01, 1.555102253290219227e-01, 3.047616086596273699e-01, 3.525101367715696155e-01
1.872739047138317903e-01, 1.555038902547870583e-01, 3.047595697492755384e-01, 3.524626352821056408e-01
1.873298078721553905e-01, 1.554975459474096100e-01, 3.047575208298611282e-01, 3.524151253505738435e-01
1.873857387006821751e-01, 1.554911924085543851e-01, 3.047554619000984455e-01, 3.523676069906649388e-01
1.874416971853276603e-01, 1.554848296398911867e-01, 3.047533929587015189e-01, 3.523200802160795786e-01
1.874976833119924302e-01, 1.554784576430948695e-01, 3.047513140043843771e-01, 3.522725450405284064e-01
1.875536970665623582e-01, 1.554720764198450067e-01, 3.047492250358606602e-01, 3.522250014777320026e-01
1.876097384349083574e-01, 1.554656859718262785e-01, 3.047471260518443414e-01, 3.521774495414210504e-01
1.876658074028867418e-01, 1.554592863007283055e-01, 3.047450170510487832e-01, 3.521298892453361695e-01
1.877219039563387537e-01, 1.554528774082455933e-01, 3.047428980321879033e-01, 3.520823206032278052e-01
1.877780280810908142e-01, 1.554464592960775327e-01, 3.047407689939747866e-01, 3.520347436288567833e-01
1.878341797629547172e-01, 1.554400319659287322e-01, 3.047386299351229066e-01, 3.519871583359937550e-01
1.878903589877271296e-01, 1.554335954195084080e-01, 3.047364808543454040e-01, 3.519395647384190862e-01
1.879465657411900914e-01, 1.554271496585309942e-01, 3.047343217503553636e-01, 3.518919628499235230e-01
1.880028000091106821e-01, 1.554206946847157544e-01, 3.047321526218658705e-01, 3.518443526843076929e-01
1.880590617772411044e-01, 1.554142304997869206e-01, 3.047299734675898431e-01, 3.517967342553821042e-01
1.881153510313188226e-01, 1.554077571054737761e-01, 3.047277842862400887e-01, 3.517491075769673681e-01
1.881716677570662022e-01, 1.554012745035104615e-01, 3.047255850765291374e-01, 3.517014726628941990e-01
1.882280119401911200e-01, 1.553947826956360856e-01, 3.047233758371696299e-01, 3.516538295270031922e-01
1.882843835663862153e-01, 1.553882816835948366e-01, 3.047211565668740962e-01, 3.516061781831447686e-01
1.883407826213295833e-01, 1.553817714691357599e-01, 3.047189272643549551e-01, 3.515585186451797295e-01
1.883972090906841368e-01, 1.553752520540128690e-01, 3.047166879283242924e-01, 3.515108509269788684e-01
1.884536629600980229e-01, 1.553687234399851458e-01, 3.047144385574944159e-01, 3.514631750424224710e-01
1.885101442152046503e-01, 1.553621856288167069e-01, 3.047121791505773558e-01, 3.514154910054012593e-01
1.885666528416224397e-01, 1.553556386222764429e-01, 3.047099097062849204e-01, 3.513677988298161692e-01
1.886231888249548239e-01, 1.553490824221382960e-01, 3.047076302233291956e-01, 3.513200985295775736e-01
1.886797521507905528e-01, 1.553425170301812597e-01, 3.047053407004218228e-01, 3.512723901186063924e-01
1.887363428047033609e-01, 1.553359424481891571e-01, 3.047030411362743330e-01, 3.512246736108332601e-01
1.887929607722520775e-01, 1.553293586779509183e-01, 3.047007315295983121e-01, 3.511769490201986921e-01
1.888496060389807385e-01, 1.553227657212604140e-01, 3.046984118791052909e-01, 3.511292163606536398e-01
1.889062785904183084e-01, 1.553161635799165108e-01, 3.046960821835064115e-01, 3.510814756461587693e-01
1.889629784120789857e-01, 1.553095522557230435e-01, 3.046937424415130935e-01, 3.510337268906849051e-01
1.890197054894622308e-01, 1.553029317504888429e-01, 3.046913926518362570e-01, 3.509859701082127525e-01
1.890764598080520997e-01, 1.552963020660278193e-01, 3.046890328131870440e-01, 3.509382053127331202e-01
1.891332413533181878e-01, 1.552896632041587122e-01, 3.046866629242762636e-01, 3.508904325182468642e-01
1.891900501107150190e-01, 1.552830151667053127e-01, 3.046842829838148359e-01, 3.508426517387647214e-01
1.892468860656822405e-01, 1.552763579554965745e-01, 3.046818929905134032e-01, 3.507948629883078095e-01
1.893037492036445391e-01, 1.552696915723662530e-01, 3.046794929430824417e-01, 3.507470662809066830e-01
1.893606395100116413e-01, 1.552630160191531272e-01, 3.046770828402325937e-01, 3.506992616306024990e-01
1.894175569701785078e-01, 1.552563312977010557e-01, 3.046746626806742242e-01, 3.506514490514461291e-01
1.894745015695249446e-01, 1.552496374098588650e-01, 3.046722324631176981e-01, 3.506036285574983813e-01
1.895314732934161583e-01, 1.552429343574803777e-01, 3.046697921862729919e-01, 3.505558001628306108e-01
1.895884721272019235e-01, 1.552362221424244682e-01, 3.046673418488503593e-01, 3.505079638815232213e-01
1.896454980562176373e-01, 1.552295007665549231e-01, 3.046648814495597213e-01, 3.504601197276677738e-01
1.897025510657833480e-01, 1.552227702317406643e-01, 3.046624109871107766e-01, 3.504122677153651000e-01
1.897596311412044767e-01, 1.552160305398555817e-01, 3.046599304602137237e-01, 3.503644078587263011e-01
1.898167382677711235e-01, 1.552092816927785335e-01, 3.046574398675778172e-01, 3.503165401718725813e-01
1.898738724307587611e-01, 1.552025236923933738e-01, 3.046549392079128671e-01, 3.502686646689349703e-01
1.899310336154278467e-01, 1.551957565405891470e-01, 3.046524284799282389e-01, 3.502207813640547118e-01
1.899882218070239048e-01, 1.551889802392597828e-01, 3.046499076823333541e-01, 3.501728902713830416e-01
1.900454369907773888e-01, 1.551821947903041510e-01, 3.046473768138374671e-01, 3.501249914050809653e-01
1.901026791519038472e-01, 1.551754001956263396e-01, 3.046448358731496664e-01, 3.500770847793200913e-01
1.901599482756039794e-01, 1.551685964571354048e-01, 3.046422848589791510e-01, 3.500291704082815203e-01
1.902172443470633023e-01, 1.551617835767453157e-01, 3.046397237700347871e-01, 3.499812483061565671e-01
1.902745673514527058e-01, 1.551549615563751205e-01, 3.046371526050255518e-01, 3.499333184871466496e-01
1.903319172739277587e-01, 1.551481303979490023e-01, 3.046345713626599783e-01, 3.498853809654632885e-01
1.903892940996292360e-01, 1.551412901033961123e-01, 3.046319800416469881e-01, 3.498374357553276637e-01
1.904466978136830912e-01, 1.551344406746506255e-01, 3.046293786406950033e-01, 3.497894828709714465e-01
1.905041284011999292e-01, 1.551275821136516297e-01, 3.046267671585126124e-01, 3.497415223266359674e-01
1.905615858472756441e-01, 1.551207144223435141e-01, 3.046241455938079046e-01, 3.496935541365728817e-01
1.906190701369911977e-01, 1.551138376026755805e-01, 3.046215139452894127e-01, 3.496455783150436702e-01
1.906765812554124528e-01, 1.551069516566020434e-01, 3.046188722116653924e-01, 3.495975948763200836e-01
1.907341191875903119e-01, 1.551000565860823910e-01, 3.046162203916435440e-01, 3.495496038346836976e-01
1.907916839185606617e-01, 1.550931523930810241e-01, 3.046135584839322341e-01, 3.495016052044261912e-01
1.908492754333445396e-01, 1.550862390795673118e-01, 3.046108864872389965e-01, 3.494535989998491243e-01
1.909068937169477453e-01, 1.550793166475158968e-01, 3.046082044002718647e-01, 3.494055852352644931e-01
1.909645387543613682e-01, 1.550723850989062513e-01, 3.046055122217384281e-01, 3.493575639249940079e-01
1.910222105305613982e-01, 1.550654444357230655e-01, 3.046028099503462205e-01, 3.493095350833694268e-01
1.910799090305086434e-01, 1.550584946599559144e-01, 3.046000975848027204e-01, 3.492614987247327218e-01
1.911376342391492289e-01, 1.550515357735995914e-01, 3.045973751238154059e-01, 3.492134548634356905e-01
1.911953861414141809e-01, 1.550445677786538856e-01, 3.045946425660915335e-01, 3.491654035138404555e-01
1.912531647222192321e-01, 1.550375906771235823e-01, 3.045918999103382485e-01, 3.491173446903187982e-01
1.913109699664656271e-01, 1.550306044710186293e-01, 3.045891471552628071e-01, 3.490692784072529919e-01
1.913688018590392337e-01, 1.550236091623539147e-01, 3.045863842995720216e-01, 3.490212046790346911e-01
1.914266603848109871e-01, 1.550166047531495450e-01, 3.045836113419730373e-01, 3.489731235200664861e-01
1.914845455286368348e-01, 1.550095912454305946e-01, 3.045808282811723333e-01, 3.489250349447601818e-01
1.915424572753577914e-01, 1.550025686412271897e-01, 3.045780351158769439e-01, 3.488769389675381305e-01
1.916003956097996619e-01, 1.549955369425745633e-01, 3.045752318447933482e-01, 3.488288356028325099e-01
1.916583605167734849e-01, 1.549884961515129167e-01, 3.045724184666280809e-01, 3.487807248650855452e-01
1.917163519810750061e-01, 1.549814462700877804e-01, 3.045695949800875657e-01, 3.487326067687495645e-01
1.917743699874851770e-01, 1.549743873003494865e-01, 3.045667613838783372e-01, 3.486844813282869437e-01
1.918324145207699338e-01, 1.549673192443535297e-01, 3.045639176767064860e-01, 3.486363485581699950e-01
1.918904855656799469e-01, 1.549602421041606504e-01, 3.045610638572781581e-01, 3.485882084728813002e-01
1.919485831069510373e-01, 1.549531558818362798e-01, 3.045581999242994442e-01, 3.485400610869132110e-01
1.920067071293040661e-01, 1.549460605794513168e-01, 3.045553258764764348e-01, 3.484919064147682377e-01
1.920648576174446842e-01, 1.549389561990815456e-01, 3.045524417125148320e-01, 3.484437444709589937e-01
1.921230345560636099e-01, 1.549318427428078848e-01, 3.045495474311206152e-01, 3.483955752700078623e-01
1.921812379298365459e-01, 1.549247202127163325e-01, 3.045466430309992645e-01, 3.483473988264477739e-01
1.922394677234241789e-01, 1.549175886108979938e-01, 3.045437285108565928e-01, 3.482992151548212068e-01
1.922977239214719858e-01, 1.549104479394489142e-01, 3.045408038693980801e-01, 3.482510242696809644e-01
1.923560065086106219e-01, 1.549032982004704961e-01, 3.045378691053292064e-01, 3.482028261855898421e-01
1.924143154694554769e-01, 1.548961393960689992e-01, 3.045349242173551740e-01, 3.481546209171204609e-01
1.924726507886071469e-01, 1.548889715283558455e-01, 3.045319692041812965e-01, 3.481064084788557111e-01
1.925310124506510179e-01, 1.548817945994476752e-01, 3.045290040645128871e-01, 3.480581888853885864e-01
1.925894004401574600e-01, 1.548746086114659581e-01, 3.045260287970548152e-01, 3.480099621513218500e-01
1.926478147416817999e-01, 1.548674135665375484e-01, 3.045230434005121722e-01, 3.479617282912685350e-01
1.927062553397643485e-01, 1.548602094667942131e-01, 3.045200478735898275e-01, 3.479134873198515554e-01
1.927647222189302900e-01, 1.548529963143728816e-01, 3.045170422149927059e-01, 3.478652392517040948e-01
1.928232153636898205e-01, 1.548457741114155906e-01, 3.045140264234253435e-01, 3.478169841014690511e-01
1.928817347585381758e-01, 1.548385428600694835e-01, 3.045110004975927209e-01, 3.477687218837997030e-01
1.929402803879552153e-01, 1.548313025624867834e-01, 3.045079644361989857e-01, 3.477204526133590989e-01
1.929988522364059766e-01, 1.548240532208247644e-01, 3.045049182379488406e-01, 3.476721763048204461e-01
1.930574502883404819e-01, 1.548167948372459191e-01, 3.045018619015466554e-01, 3.476238929728669436e-01
1.931160745281935709e-01, 1.548095274139178745e-01, 3.044987954256966889e-01, 3.475756026321918934e-01
1.931747249403850397e-01, 1.548022509530131707e-01, 3.044957188091032552e-01, 3.475273052974985344e-01
1.932334015093196411e-01, 1.547949654567096767e-01, 3.044926320504703909e-01, 3.474790009835002635e-01
1.932921042193871120e-01, 1.547876709271902018e-01, 3.044895351485021329e-01, 3.474306897049205256e-01
1.933508330549619791e-01, 1.547803673666428848e-01, 3.044864281019026286e-01, 3.473823714764925907e-01
1.934095880004037815e-01, 1.547730547772607490e-01, 3.044833109093755819e-01, 3.473340463129598876e-01
1.934683690400570422e-01, 1.547657331612420639e-01, 3.044801835696248071e-01, 3.472857142290760590e-01
1.935271761582511296e-01, 1.547584025207902059e-01, 3.044770460813541191e-01, 3.472373752396044067e-01
1.935860093393003689e-01, 1.547510628581136582e-01, 3.044738984432671658e-01, 3.471890293593188348e-01
1.936448685675039583e-01, 1.547437141754260392e-01, 3.044707406540674288e-01, 3.471406766030026292e-01
1.937037538271461079e-01, 1.547363564749460463e-01, 3.044675727124585007e-01, 3.470923169854493451e-01
1.937626651024958457e-01, 1.547289897588975671e-01, 3.044643946171436966e-01, 3.470439505214629738e-01
1.938216023778072394e-01, 1.547216140295095410e-01, 3.044612063668262758e-01, 3.469955772258568882e-01
1.938805656373190633e-01, 1.547142292890162085e-01, 3.044580079602096090e-01, 3.469471971134550081e-01
1.939395548652553813e-01, 1.547068355396567230e-01, 3.044547993959968446e-01, 3.468988101990910233e-01
1.939985700458247975e-01, 1.546994327836754557e-01, 3.044515806728910756e-01, 3.468504164976087267e-01
1.940576111632209277e-01, 1.546920210233219128e-01, 3.044483517895952285e-01, 3.468020160238618477e-01
1.941166782016224834e-01, 1.546846002608507908e-01, 3.044451127448123962e-01, 3.467536087927143851e-01
1.941757711451928270e-01, 1.546771704985218654e-01, 3.044418635372452275e-01, 3.467051948190399968e-01
1.942348899780804161e-01, 1.546697317386001025e-01, 3.044386041655967046e-01, 3.466567741177228323e-01
1.942940346844185540e-01, 1.546622839833554086e-01, 3.044353346285695316e-01, 3.466083467036565890e-01
1.943532052483253614e-01, 1.546548272350631303e-01, 3.044320549248661911e-01, 3.465599125917455114e-01
1.944124016539039990e-01, 1.546473614960035547e-01, 3.044287650531892209e-01, 3.465114717969032254e-01
1.944716238852425005e-01, 1.546398867684621592e-01, 3.044254650122413808e-01, 3.464630243340540705e-01
1.945308719264137454e-01, 1.546324030547296113e-01, 3.044221548007247091e-01, 3.464145702181319342e-01
1.945901457614756247e-01, 1.546249103571016859e-01, 3.044188344173417993e-01, 3.463661094640807514e-01
1.946494453744708197e-01, 1.546174086778792922e-01, 3.044155038607949670e-01, 3.463176420868550043e-01
1.947087707494268849e-01, 1.546098980193685302e-01, 3.044121631297863062e-01, 3.462691681014183898e-01
1.947681218703564421e-01, 1.546023783838805787e-01, 3.044088122230178550e-01, 3.462206875227452629e-01
1.948274987212567366e-01, 1.545948497737318905e-01, 3.044054511391917073e-01, 3.461722003658196378e-01
1.948869012861103311e-01, 1.545873121912439419e-01, 3.044020798770099567e-01, 3.461237066456358535e-01
1.949463295488841619e-01, 1.545797656387434549e-01, 3.043986984351745861e-01, 3.460752063771979636e-01
1.950057834935304546e-01, 1.545722101185621755e-01, 3.043953068123870787e-01, 3.460266995755201247e-01
1.950652631039861973e-01, 1.545646456330372620e-01, 3.043919050073495836e-01, 3.459781862556270404e-01
1.951247683641733066e-01, 1.545570721845108131e-01, 3.043884930187636395e-01, 3.459296664325522408e-01
1.951842992579984060e-01, 1.545494897753301455e-01, 3.043850708453308407e-01, 3.458811401213405801e-01
1.952438557693533527e-01, 1.545418984078476832e-01, 3.043816384857529478e-01, 3.458326073370461273e-01
1.953034378821144612e-01, 1.545342980844211511e-01, 3.043781959387312774e-01, 3.457840680947330547e-01
1.953630455801433630e-01, 1.545266888074133260e-01, 3.043747432029674793e-01, 3.457355224094759150e-01
1.954226788472862575e-01, 1.545190705791922581e-01, 3.043712802771627590e-01, 3.456869702963588087e-01
1.954823376673743285e-01, 1.545114434021309657e-01, 3.043678071600184332e-01, 3.456384117704763281e-01
1.955420220242237717e-01, 1.545038072786078520e-01, 3.043643238502358184e-01, 3.455898468469324469e-01
1.956017319016354894e-01, 1.544961622110064547e-01, 3.043608303465161202e-01, 3.455412755408419634e-01
1.956614672833953406e-01, 1.544885082017152522e-01, 3.043573266475603778e-01, 3.454926978673290017e-01
1.957212281532740017e-01, 1.544808452531282184e-01, 3.043538127520697412e-01, 3.454441138415279000e-01
1.957810144950272446e-01, 1.544731733676444063e-01, 3.043502886587451939e-01, 3.453955234785832662e-01
1.958408262923953258e-01, 1.544654925476678375e-01, 3.043467543662876085e-01, 3.453469267936492004e-01
1.959006635291038745e-01, 1.544578027956079735e-01, 3.043432098733979685e-01, 3.452983238018902390e-01
1.959605261888628935e-01, 1.544501041138792996e-01, 3.043396551787770354e-01, 3.452497145184807437e-01
1.960204142553677031e-01, 1.544423965049014913e-01, 3.043360902811255708e-01, 3.452010989586051792e-01
1.960803277122982191e-01, 1.544346799710996088e-01, 3.043325151791443361e-01, 3.451524771374578915e-01
1.961402665433192027e-01, 1.544269545149035416e-01, 3.043289298715338709e-01, 3.451038490702432182e-01
1.962002307320807049e-01, 1.544192201387486751e-01, 3.043253343569948255e-01, 3.450552147721757112e-01
1.962602202622170389e-01, 1.544114768450753905e-01, 3.043217286342276839e-01, 3.450065742584796924e-01
1.963202351173479465e-01, 1.544037246363293703e-01, 3.043181127019330967e-01, 3.449579275443895865e-01
1.963802752810776542e-01, 1.543959635149614040e-01, 3.043144865588113257e-01, 3.449092746451496438e-01
1.964403407369954557e-01, 1.543881934834274716e-01, 3.043108502035626883e-01, 3.448606155760143843e-01
1.965004314686753517e-01, 1.543804145441888265e-01, 3.043072036348876130e-01, 3.448119503522481533e-01
1.965605474596766045e-01, 1.543726266997118568e-01, 3.043035468514864172e-01, 3.447632789891252325e-01
1.966206886935427667e-01, 1.543648299524680856e-01, 3.042998798520590298e-01, 3.447146015019300624e-01
1.966808551538027083e-01, 1.543570243049344204e-01, 3.042962026353058791e-01, 3.446659179059570755e-01
1.967410468239700339e-01, 1.543492097595926538e-01, 3.042925151999270050e-01, 3.446172282165103073e-01
1.968012636875431376e-01, 1.543413863189301016e-01, 3.042888175446225030e-01, 3.445685324489043966e-01
1.968615057280053426e-01, 1.543335539854390204e-01, 3.042851096680921907e-01, 3.445198306184634185e-01
1.969217729288249563e-01, 1.543257127616170787e-01, 3.042813915690361637e-01, 3.444711227405217735e-01
1.969820652734549649e-01, 1.543178626499669692e-01, 3.042776632461543507e-01, 3.444224088304237430e-01
1.970423827453332555e-01, 1.543100036529966856e-01, 3.042739246981465140e-01, 3.443736889035234894e-01
1.971027253278826996e-01, 1.543021357732194121e-01, 3.042701759237126380e-01, 3.443249629751853891e-01
1.971630930045108754e-01, 1.542942590131534397e-01, 3.042664169215522629e-01, 3.442762310607834220e-01
1.972234857586104007e-01, 1.542863733753224997e-01, 3.042626476903651511e-01, 3.442274931757018930e-01
1.972839035735585445e-01, 1.542784788622552639e-01, 3.042588682288511759e-01, 3.441787493353349325e-01
1.973443464327176988e-01, 1.542705754764857884e-01, 3.042550785357098220e-01, 3.441299995550868296e-01
1.974048143194348237e-01, 1.542626632205532089e-01, 3.042512786096404631e-01, 3.440812438503713655e-01
1.974653072170420853e-01, 1.542547420970020455e-01, 3.042474684493430281e-01, 3.440324822366127577e-01
1.975258251088561623e-01, 1.542468121083817867e-01, 3.042436480535168353e-01, 3.439837147292451047e-01
1.975863679781788285e-01, 1.542388732572473331e-01, 3.042398174208614248e-01, 3.439349413437124414e-01
1.976469358082966477e-01, 1.542309255461587758e-01, 3.042359765500760593e-01, 3.438861620954685172e-01
1.977075285824809736e-01, 1.542229689776813406e-01, 3.042321254398600572e-01, 3.438373769999775176e-01
1.977681462839881721e-01, 1.542150035543854991e-01, 3.042282640889130696e-01, 3.437885860727131204e-01
1.978287888960593988e-01, 1.542070292788469965e-01, 3.042243924959343593e-01, 3.437397893291591622e-01
1.978894564019205993e-01, 1.541990461536467683e-01, 3.042205106596229114e-01, 3.436909867848098044e-01
1.979501487847827035e-01, 1.541910541813708291e-01, 3.042166185786781551e-01, 3.436421784551683678e-01
1.980108660278414312e-01, 1.541830533646106061e-01, 3.042127162517991312e-01, 3.435933643557488870e-01
1.980716081142772922e-01, 1.541750437059627166e-01, 3.042088036776850468e-01, 3.435445445020748334e-01
1.981323750272558359e-01, 1.541670252080290238e-01, 3.042048808550352201e-01, 3.434957189096800034e-01
1.981931667499273186e-01, 1.541589978734163591e-01, 3.042009477825484143e-01, 3.434468875941077970e-01
1.982539832654269529e-01, 1.541509617047371605e-01, 3.041970044589239475e-01, 3.433980505709118280e-01
1.983148245568747692e-01, 1.541429167046088344e-01, 3.041930508828608049e-01, 3.433492078556556470e-01
1.983756906073755877e-01, 1.541348628756540606e-01, 3.041890870530576385e-01, 3.433003594639125744e-01
1.984365814000192130e-01, 1.541268002205008480e-01, 3.041851129682139332e-01, 3.432515054112659780e-01
1.984974969178802673e-01, 1.541187287417823126e-01, 3.041811286270282855e-01, 3.432026457133091069e-01
1.985584371440182183e-01, 1.541106484421369827e-01, 3.041771340281995695e-01, 3.431537803856453128e-01
1.986194020614773237e-01, 1.541025593242083269e-01, 3.041731291704268259e-01, 3.431049094438875513e-01
1.986803916532867975e-01, 1.540944613906452543e-01, 3.041691140524087622e-01, 3.430560329036591583e-01
1.987414059024607826e-01, 1.540863546441019194e-01, 3.041650886728442527e-01, 3.430071507805931286e-01
1.988024447919980175e-01, 1.540782390872376117e-01, 3.041610530304320048e-01, 3.429582630903322826e-01
1.988635083048824193e-01, 1.540701147227169221e-01, 3.041570071238708373e-01, 3.429093698485296549e-01
1.989245964240825004e-01, 1.540619815532097425e-01, 3.041529509518596797e-01, 3.428604710708481051e-01
1.989857091325518412e-01, 1.540538395813909889e-01, 3.041488845130969065e-01, 3.428115667729603189e-01
1.990468464132287008e-01, 1.540456888099409893e-01, 3.041448078062813365e-01, 3.427626569705489179e-01
1.991080082490363778e-01, 1.540375292415453734e-01, 3.041407208301117326e-01, 3.427137416793065716e-01
1.991691946228827670e-01, 1.540293608788948221e-01, 3.041366235832866916e-01, 3.426648209149358304e-01
1.992304055176609690e-01, 1.540211837246853732e-01, 3.041325160645047543e-01, 3.426158946931489035e-01
1.992916409162486524e-01, 1.540129977816183660e-01, 3.041283982724645729e-01, 3.425669630296683810e-01
1.993529008015085535e-01, 1.540048030524002187e-01, 3.041242702058648550e-01, 3.425180259402265115e-01
1.994141851562881151e-01, 1.539965995397427068e-01, 3.041201318634039197e-01, 3.424690834405653139e-01
1.994754939634197088e-01, 1.539883872463628789e-01, 3.041159832437804744e-01, 3.424201355464368546e-01
1.995368272057205239e-01, 1.539801661749829464e-01, 3.041118243456931713e-01, 3.423711822736033028e-01
1.995981848659928171e-01, 1.539719363283305054e-01, 3.041076551678402740e-01, 3.423222236378364314e-01
1.996595669270233298e-01, 1.539636977091381753e-01, 3.041034757089204899e-01, 3.422732596549179496e-01
1.997209733715840096e-01, 1.539554503201440716e-01, 3.040992859676321936e-01, 3.422242903406396142e-01
1.997824041824314278e-01, 1.539471941640914165e-01, 3.040950859426739816e-01, 3.421753157108031740e-01
1.998438593423072229e-01, 1.539389292437287615e-01, 3.040908756327442286e-01, 3.421263357812198147e-01
1.999053388339377679e-01, 1.539306555618098205e-01, 3.040866550365414200e-01, 3.420773505677110471e-01
1.999668426400342813e-01, 1.539223731210936363e-01, 3.040824241527638749e-01, 3.420283600861082074e-01
2.000283707432928271e-01, 1.539140819243445257e-01, 3.040781829801103009e-01, 3.419793643522523463e-01
2.000899231263946754e-01, 1.539057819743320232e-01, 3.040739315172790169e-01, 3.419303633819944510e-01
2.001514997720053868e-01, 1.538974732738308815e-01, 3.040696697629681755e-01, 3.418813571911955007e-01
2.002131006627757837e-01, 1.538891558256212932e-01, 3.040653977158765398e-01, 3.418323457957264111e-01
2.002747257813415338e-01, 1.538808296324885028e-01, 3.040611153747024287e-01, 3.417833292114677013e-01
2.003363751103230395e-01, 1.538724946972230556e-01, 3.040568227381440503e-01, 3.417343074543099379e-01
2.003980486323255206e-01, 1.538641510226208264e-01, 3.040525198049000566e-01, 3.416852805401535687e-01
2.004597463299392923e-01, 1.538557986114830189e-01, 3.040482065736687112e-01, 3.416362484849089221e-01
2.005214681857394599e-01, 1.538474374666159439e-01, 3.040438830431485551e-01, 3.415872113044962077e-01
2.005832141822856962e-01, 1.538390675908312411e-01, 3.040395492120376852e-01, 3.415381690148454608e-01
2.006449843021231028e-01, 1.538306889869458516e-01, 3.040352050790348648e-01, 3.414891216318963196e-01
2.007067785277810990e-01, 1.538223016577819069e-01, 3.040308506428381352e-01, 3.414400691715988034e-01
2.007685968417744216e-01, 1.538139056061669507e-01, 3.040264859021461485e-01, 3.413910116499126457e-01
2.008304392266022642e-01, 1.538055008349336616e-01, 3.040221108556571128e-01, 3.413419490828069058e-01
2.008923056647491379e-01, 1.537970873469200195e-01, 3.040177255020695135e-01, 3.412928814862613569e-01
2.009541961386840658e-01, 1.537886651449693609e-01, 3.040133298400818362e-01, 3.412438088762648203e-01
2.010161106308610002e-01, 1.537802342319301574e-01, 3.040089238683923445e-01, 3.411947312688165534e-01
2.010780491237189327e-01, 1.537717946106562095e-01, 3.040045075856994128e-01, 3.411456486799253618e-01
2.011400115996816729e-01, 1.537633462840066745e-01, 3.040000809907017487e-01, 3.410965611256099317e-01
2.012019980411577369e-01, 1.537548892548458723e-01, 3.039956440820975603e-01, 3.410474686218988860e-01
2.012640084305408472e-01, 1.537464235260434797e-01, 3.039911968585852775e-01, 3.409983711848305621e-01
2.013260427502091277e-01, 1.537379491004743637e-01, 3.039867393188633304e-01, 3.409492688304531227e-01
2.013881009825261026e-01, 1.537294659810188036e-01, 3.039822714616303156e-01, 3.409001615748248337e-01
2.014501831098398088e-01, 1.537209741705621857e-01, 3.039777932855846077e-01, 3.408510494340132868e-01
2.015122891144833506e-01, 1.537124736719954476e-01, 3.039733047894246920e-01, 3.408019324240966208e-01
2.015744189787745944e-01, 1.537039644882143841e-01, 3.039688059718490543e-01, 3.407528105611620228e-01
2.016365726850163353e-01, 1.536954466221204518e-01, 3.039642968315562910e-01, 3.407036838613068941e-01
2.016987502154962142e-01, 1.536869200766202703e-01, 3.039597773672448322e-01, 3.406545523406386833e-01
2.017609515524869113e-01, 1.536783848546257325e-01, 3.039552475776133300e-01, 3.406054160152740540e-01
2.018231766782457859e-01, 1.536698409590540049e-01, 3.039507074613601589e-01, 3.405562749013401058e-01
2.018854255750151538e-01, 1.536612883928275275e-01, 3.039461570171840266e-01, 3.405071290149732088e-01
2.019476982250223984e-01, 1.536527271588740695e-01, 3.039415962437836405e-01, 3.404579783723200026e-01
2.020099946104793875e-01, 1.536441572601266459e-01, 3.039370251398574307e-01, 3.404088229895365636e-01
2.020723147135831677e-01, 1.536355786995236283e-01, 3.039324437041041049e-01, 3.403596628827890713e-01
2.021346585165157694e-01, 1.536269914800085790e-01, 3.039278519352223706e-01, 3.403104980682531422e-01
2.021970260014439580e-01, 1.536183956045304444e-01, 3.039232498319108799e-01, 3.402613285621146622e-01
2.022594171505192606e-01, 1.536097910760434726e-01, 3.039186373928683960e-01, 3.402121543805690096e-01
2.023218319458782444e-01, 1.536011778975070741e-01, 3.039140146167935708e-01, 3.401629755398211663e-01
2.023842703696424605e-01, 1.535925560718859606e-01, 3.039093815023852785e-01, 3.401137920560863281e-01
2.024467324039181670e-01, 1.535839256021504506e-01, 3.039047380483421712e-01, 3.400646039455892944e-01
2.025092180307967171e-01, 1.535752864912756643e-01, 3.039000842533631230e-01, 3.400154112245644678e-01
2.025717272323540596e-01, 1.535666387422424395e-01, 3.038954201161470081e-01, 3.399662139092564095e-01
2.026342599906515163e-01, 1.535579823580366376e-01, 3.038907456353928116e-01, 3.399170120159190067e-01
2.026968162877347546e-01, 1.535493173416495605e-01, 3.038860608097993521e-01, 3.398678055608163606e-01
2.027593961056347593e-01, 1.535406436960778109e-01, 3.038813656380655037e-01, 3.398185945602218982e-01
2.028219994263672776e-01, 1.535319614243231823e-01, 3.038766601188903627e-01, 3.397693790304192607e-01
2.028846262319328742e-01, 1.535232705293928523e-01, 3.038719442509728585e-01, 3.397201589877015260e-01
2.029472765043170979e-01, 1.535145710142992170e-01, 3.038672180330121431e-01, 3.396709344483714310e-01
2.030099502254906207e-01, 1.535058628820601401e-01, 3.038624814637073124e-01, 3.396217054287419823e-01
2.030726473774084884e-01, 1.534971461356986477e-01, 3.038577345417573516e-01, 3.395724719451355678e-01
2.031353679420111469e-01, 1.534884207782430954e-01, 3.038529772658615236e-01, 3.395232340138841787e-01
2.031981119012237769e-01, 1.534796868127271119e-01, 3.038482096347190908e-01, 3.394739916513299649e-01
2.032608792369565154e-01, 1.534709442421897385e-01, 3.038434316470291496e-01, 3.394247448738246797e-01
2.033236699311042062e-01, 1.534621930696751790e-01, 3.038386433014911292e-01, 3.393754936977293468e-01
2.033864839655469547e-01, 1.534534332982330773e-01, 3.038338445968044588e-01, 3.393262381394155924e-01
2.034493213221495178e-01, 1.534446649309182398e-01, 3.038290355316682345e-01, 3.392769782152639246e-01
2.035121819827616918e-01, 1.534358879707910239e-01, 3.038242161047822187e-01, 3.392277139416652321e-01
2.035750659292180909e-01, 1.534271024209167555e-01, 3.038193863148455076e-01, 3.391784453350196737e-01
2.036379731433383133e-01, 1.534183082843663393e-01, 3.038145461605578079e-01, 3.391291724117374562e-01
2.037009036069271084e-01, 1.534095055642158978e-01, 3.038096956406187710e-01, 3.390798951882383894e-01
2.037638573017734878e-01, 1.534006942635467718e-01, 3.038048347537278815e-01, 3.390306136809516646e-01
2.038268342096522523e-01, 1.533918743854458810e-01, 3.037999634985850683e-01, 3.389813279063169649e-01
2.038898343123224377e-01, 1.533830459330050855e-01, 3.037950818738897052e-01, 3.389320378807827994e-01
2.039528575915283692e-01, 1.533742089093218519e-01, 3.037901898783417765e-01, 3.388827436208080579e-01
2.040159040289991343e-01, 1.533653633174988651e-01, 3.037852875106410444e-01, 3.388334451428609007e-01
2.040789736064489712e-01, 1.533565091606441111e-01, 3.037803747694874379e-01, 3.387841424634194798e-01
2.041420663055766860e-01, 1.533476464418708773e-01, 3.037754516535808857e-01, 3.387348355989714954e-01
2.042051821080664575e-01, 1.533387751642978636e-01, 3.037705181616213723e-01, 3.386855245660142510e-01
2.042683209955871715e-01, 1.533298953310489043e-01, 3.037655742923091040e-01, 3.386362093810549312e-01
2.043314829497924479e-01, 1.533210069452533297e-01, 3.037606200443439541e-01, 3.385868900606103793e-01
2.043946679523212240e-01, 1.533121100100456602e-01, 3.037556554164262401e-01, 3.385375666212069312e-01
2.044578759847971716e-01, 1.533032045285658285e-01, 3.037506804072563349e-01, 3.384882390793808038e-01
2.045211070288289190e-01, 1.532942905039590131e-01, 3.037456950155342783e-01, 3.384389074516778173e-01
2.045843610660102729e-01, 1.532853679393757773e-01, 3.037406992399606098e-01, 3.383895717546533954e-01
2.046476380779195803e-01, 1.532764368379719855e-01, 3.037356930792357579e-01, 3.383402320048726764e-01
2.047109380461204498e-01, 1.532674972029087479e-01, 3.037306765320602064e-01, 3.382908882189105682e-01
2.047742609521613077e-01, 1.532585490373526427e-01, 3.037256495971344950e-01, 3.382415404133515269e-01
2.048376067775755927e-01, 1.532495923444753549e-01, 3.037206122731593849e-01, 3.381921886047895009e-01
2.049009755038815328e-01, 1.532406271274542042e-01, 3.037155645588355823e-01, 3.381428328098285974e-01
2.049643671125827848e-01, 1.532316533894715060e-01, 3.037105064528637932e-01, 3.380934730450819159e-01
2.050277815851673791e-01, 1.532226711337150438e-01, 3.037054379539448901e-01, 3.380441093271726594e-01
2.050912189031085520e-01, 1.532136803633780131e-01, 3.037003590607799119e-01, 3.379947416727335230e-01
2.051546790478647186e-01, 1.532046810816588001e-01, 3.036952697720696204e-01, 3.379453700984068054e-01
2.052181620008788343e-01, 1.531956732917611752e-01, 3.036901700865154430e-01, 3.378959946208445198e-01
2.052816677435791992e-01, 1.531866569968941827e-01, 3.036850600028182523e-01, 3.378466152567083380e-01
2.053451962573789313e-01, 1.531776322002723345e-01, 3.036799395196795870e-01, 3.377972320226693137e-01
2.054087475236759941e-01, 1.531685989051152774e-01, 3.036748086358004306e-01, 3.377478449354083256e-01
2.054723215238535849e-01, 1.531595571146480983e-01, 3.036696673498824328e-01, 3.376984540116159672e-01
2.055359182392796635e-01, 1.531505068321012963e-01, 3.036645156606270213e-01, 3.376490592679921576e-01
2.055995376513073125e-01, 1.531414480607104223e-01, 3.036593535667356236e-01, 3.375996607212464751e-01
2.056631797412745433e-01, 1.531323808037166612e-01, 3.036541810669102226e-01, 3.375502583880986007e-01
2.057268444905042681e-01, 1.531233050643663884e-01, 3.036489981598522458e-01, 3.375008522852770976e-01
2.057905318803045780e-01, 1.531142208459112808e-01, 3.036438048442638427e-01, 3.374514424295205206e-01
2.058542418919682704e-01, 1.531051281516083717e-01, 3.036386011188464962e-01, 3.374020288375769727e-01
2.059179745067733214e-01, 1.530960269847200794e-01, 3.036333869823025777e-01, 3.373526115262039382e-01
2.059817297059827745e-01, 1.530869173485141510e-01, 3.036281624333340701e-01, 3.373031905121688379e-01
2.060455074708445744e-01, 1.530777992462636072e-01, 3.036229274706431780e-01, 3.372537658122485293e-01
2.061093077825915942e-01, 1.530686726812468812e-01, 3.036176820929322173e-01, 3.372043374432293628e-01
2.061731306224417193e-01, 1.530595376567475685e-01, 3.036124262989035039e-01, 3.371549054219071806e-01
2.062369759715979578e-01, 1.530503941760548436e-01, 3.036071600872595200e-01, 3.371054697650876508e-01
2.063008438112481913e-01, 1.530412422424629881e-01, 3.036018834567029701e-01, 3.370560304895858783e-01
2.063647341225654241e-01, 1.530320818592718624e-01, 3.035965964059363920e-01, 3.370065876122264603e-01
2.064286468867075341e-01, 1.530229130297864060e-01, 3.035912989336625456e-01, 3.369571411498435420e-01
2.064925820848174942e-01, 1.530137357573170265e-01, 3.035859910385843574e-01, 3.369076911192810941e-01
2.065565396980234558e-01, 1.530045500451795437e-01, 3.035806727194049204e-01, 3.368582375373921911e-01
2.066205197074381661e-01, 1.529953558966948846e-01, 3.035753439748270499e-01, 3.368087804210397884e-01
2.066845220941598282e-01, 1.529861533151896935e-01, 3.035700048035541720e-01, 3.367593197870963340e-01
2.067485468392712966e-01, 1.529769423039954723e-01, 3.035646552042894353e-01, 3.367098556524438235e-01
2.068125939238407707e-01, 1.529677228664494681e-01, 3.035592951757363767e-01, 3.366603880339734123e-01
2.068766633289212120e-01, 1.529584950058940351e-01, 3.035539247165984222e-01, 3.366109169485863029e-01
2.069407550355508996e-01, 1.529492587256770508e-01, 3.035485438255791091e-01, 3.365614424131929128e-01
2.070048690247528744e-01, 1.529400140291515275e-01, 3.035431525013822518e-01, 3.365119644447133740e-01
2.070690052775352730e-01, 1.529307609196758899e-01, 3.035377507427117205e-01, 3.364624830600770333e-01
2.071331637748914378e-01, 1.529214994006140305e-01, 3.035323385482714409e-01, 3.364129982762230631e-01
2.071973444977995293e-01, 1.529122294753350597e-01, 3.035269159167655606e-01, 3.363635101100998503e-01
2.072615474272228309e-01, 1.529029511472133895e-01, 3.035214828468980053e-01, 3.363140185786655523e-01
2.073257725441097765e-01, 1.528936644196289552e-01, 3.035160393373733667e-01, 3.362645236988878183e-01
2.073900198293937291e-01, 1.528843692959668821e-01, 3.035105853868960701e-01, 3.362150254877433464e-01
2.074542892639930358e-01, 1.528750657796175971e-01, 3.035051209941704853e-01, 3.361655239622188263e-01
2.075185808288113054e-01, 1.528657538739771060e-01, 3.034996461579013149e-01, 3.361160191393102181e-01
2.075828945047370477e-01, 1.528564335824464659e-01, 3.034941608767934285e-01, 3.360665110360229746e-01
2.076472302726439234e-01, 1.528471049084323408e-01, 3.034886651495517507e-01, 3.360169996693720407e-01
2.077115881133904940e-01, 1.528377678553465846e-01, 3.034831589748811509e-01, 3.359674850563816872e-01
2.077759680078206106e-01, 1.528284224266064084e-01, 3.034776423514870536e-01, 3.359179672140859552e-01
2.078403699367630253e-01, 1.528190686256343522e-01, 3.034721152780746056e-01, 3.358684461595279891e-01
2.079047938810315577e-01, 1.528097064558584794e-01, 3.034665777533492315e-01, 3.358189219097607037e-01
2.079692398214252613e-01, 1.528003359207119882e-01, 3.034610297760164110e-01, 3.357693944818462839e-01
2.080337077387281186e-01, 1.527909570236335168e-01, 3.034554713447820684e-01, 3.357198638928562406e-01
2.080981976137092626e-01, 1.527815697680671436e-01, 3.034499024583518501e-01, 3.356703301598718547e-01
2.081627094271228384e-01, 1.527721741574620262e-01, 3.034443231154317355e-01, 3.356207932999835664e-01
2.082272431597081697e-01, 1.527627701952728734e-01, 3.034387333147277599e-01, 3.355712533302911416e-01
2.082917987921895642e-01, 1.527533578849597784e-01, 3.034331330549462913e-01, 3.355217102679042829e-01
2.083563763052764806e-01, 1.527439372299881359e-01, 3.034275223347935868e-01, 3.354721641299417412e-01
2.084209756796635560e-01, 1.527345082338285309e-01, 3.034219011529762366e-01, 3.354226149335315932e-01
2.084855968960303563e-01, 1.527250708999571827e-01, 3.034162695082009420e-01, 3.353730626958115191e-01
2.085502399350417091e-01, 1.527156252318554175e-01, 3.034106273991744041e-01, 3.353235074339286359e-01
2.086149047773472598e-01, 1.527061712330100851e-01, 3.034049748246034905e-01, 3.352739491650391646e-01
2.086795914035821653e-01, 1.526967089069132810e-01, 3.033993117831954578e-01, 3.352243879063089849e-01
2.087442997943665113e-01, 1.526872382570625131e-01, 3.033936382736575066e-01, 3.351748236749136356e-01
2.088090299303053121e-01, 1.526777592869605349e-01, 3.033879542946968377e-01, 3.351252564880372042e-01
2.088737817919890660e-01, 1.526682720001155402e-01, 3.033822598450212626e-01, 3.350756863628740478e-01
2.089385553599930612e-01, 1.526587764000411074e-01, 3.033765549233383152e-01, 3.350261133166274607e-01
2.090033506148778475e-01, 1.526492724902561993e-01, 3.033708395283558623e-01, 3.349765373665100077e-01
2.090681675371891535e-01, 1.526397602742849691e-01, 3.033651136587818820e-01, 3.349269585297440788e-01
2.091330061074577473e-01, 1.526302397556569268e-01, 3.033593773133245186e-01, 3.348773768235606685e-01
2.091978663061996591e-01, 1.526207109379071891e-01, 3.033536304906921388e-01, 3.348277922652009853e-01
2.092627481139158752e-01, 1.526111738245760352e-01, 3.033478731895931646e-01, 3.347782048719150083e-01
2.093276515110925884e-01, 1.526016284192089900e-01, 3.033421054087361290e-01, 3.347286146609624313e-01
2.093925764782010313e-01, 1.525920747253572129e-01, 3.033363271468300093e-01, 3.346790216496117742e-01
2.094575229956980311e-01, 1.525825127465769981e-01, 3.033305384025835605e-01, 3.346294258551414935e-01
2.095224910440250388e-01, 1.525729424864300798e-01, 3.033247391747060373e-01, 3.345798272948388719e-01
2.095874806036087945e-01, 1.525633639484834936e-01, 3.033189294619066945e-01, 3.345302259860009064e-01
2.096524916548614670e-01, 1.525537771363098261e-01, 3.033131092628949532e-01, 3.344806219459337537e-01
2.097175241781800425e-01, 1.525441820534867432e-01, 3.033072785763803458e-01, 3.344310151919528407e-01
2.097825781539467971e-01, 1.525345787035974066e-01, 3.033014374010729597e-01, 3.343814057413828644e-01
2.098476535625293238e-01, 1.525249670902303345e-01, 3.032955857356822715e-01, 3.343317936115580702e-01
2.099127503842801445e-01, 1.525153472169794022e-01, 3.032897235789188128e-01, 3.342821788198218069e-01
2.099778685995369598e-01, 1.525057190874437585e-01, 3.032838509294927265e-01, 3.342325613835264719e-01
2.100430081886230094e-01, 1.524960827052280199e-01, 3.032779677861145995e-01, 3.341829413200343435e-01
2.101081691318462674e-01, 1.524864380739422431e-01, 3.032720741474949078e-01, 3.341333186467165817e-01
2.101733514095001643e-01, 1.524767851972015364e-01, 3.032661700123445714e-01, 3.340836933809535614e-01
2.102385550018632809e-01, 1.524671240786266702e-01, 3.032602553793746769e-01, 3.340340655401353720e-01
2.103037798891992383e-01, 1.524574547218435494e-01, 3.032543302472964220e-01, 3.339844351416608736e-01
2.103690260517570576e-01, 1.524477771304836304e-01, 3.032483946148210596e-01, 3.339348022029382523e-01
2.104342934697708833e-01, 1.524380913081835320e-01, 3.032424484806602871e-01, 3.338851667413853530e-01
2.104995821234599829e-01, 1.524283972585855074e-01, 3.032364918435256351e-01, 3.338355287744289579e-01
2.105648919930289409e-01, 1.524186949853368334e-01, 3.032305247021294115e-01, 3.337858883195048976e-01
2.106302230586675206e-01, 1.524089844920903380e-01, 3.032245470551834243e-01, 3.337362453940586615e-01
2.106955753005507470e-01, 1.523992657825042341e-01, 3.032185589014002036e-01, 3.336866000155448431e-01
2.107609486988387681e-01, 1.523895388602420353e-01, 3.032125602394921682e-01, 3.336369522014272504e-01
2.108263432336769660e-01, 1.523798037289725571e-01, 3.032065510681719034e-01, 3.335873019691785735e-01
2.108917588851960123e-01, 1.523700603923700825e-01, 3.032005313861524942e-01, 3.335376493362813832e-01
2.109571956335118681e-01, 1.523603088541142514e-01, 3.031945011921469701e-01, 3.334879943202269659e-01
2.110226534587255343e-01, 1.523505491178899496e-01, 3.031884604848685827e-01, 3.334383369385159890e-01
2.110881323409234678e-01, 1.523407811873874751e-01, 3.031824092630309164e-01, 3.333886772086581685e-01
2.111536322601771376e-01, 1.523310050663025939e-01, 3.031763475253476114e-01, 3.333390151481726016e-01
2.112191531965436075e-01, 1.523212207583363176e-01, 3.031702752705325299e-01, 3.332893507745875450e-01
2.112846951300647313e-01, 1.523114282671950148e-01, 3.031641924972999225e-01, 3.332396841054403591e-01
2.113502580407680409e-01, 1.523016275965904387e-01, 3.031580992043639289e-01, 3.331900151582776748e-01
2.114158419086661078e-01, 1.522918187502397269e-01, 3.031519953904390774e-01, 3.331403439506551711e-01
2.114814467137567655e-01, 1.522820017318653463e-01, 3.031458810542401738e-01, 3.330906705001377976e-01
2.115470724360231647e-01, 1.522721765451951204e-01, 3.031397561944820240e-01, 3.330409948242994966e-01
2.116127190554337734e-01, 1.522623431939623406e-01, 3.031336208098800444e-01, 3.329913169407238138e-01
2.116783865519422658e-01, 1.522525016819054888e-01, 3.031274748991493739e-01, 3.329416368670030102e-01
2.117440749054875782e-01, 1.522426520127684868e-01, 3.031213184610054845e-01, 3.328919546207383950e-01
2.118097840959940470e-01, 1.522327941903006687e-01, 3.031151514941643477e-01, 3.328422702195409921e-01
2.118755141033711598e-01, 1.522229282182566701e-01, 3.031089739973421016e-01, 3.327925836810302629e-01
2.119412649075138044e-01, 1.522130541003963999e-01, 3.031027859692546067e-01, 3.327428950228352167e-01
2.120070364883020197e-01, 1.522031718404853740e-01, 3.030965874086185008e-01, 3.326932042625940777e-01
2.120728288256014393e-01, 1.521932814422941871e-01, 3.030903783141505325e-01, 3.326435114179537855e-01
2.121386418992625700e-01, 1.521833829095990687e-01, 3.030841586845675062e-01, 3.325938165065707719e-01
2.122044756891216799e-01, 1.521734762461813550e-01, 3.030779285185866145e-01, 3.325441195461102950e-01
2.122703301750000493e-01, 1.521635614558279059e-01, 3.030716878149249949e-01, 3.324944205542469944e-01
2.123362053367044144e-01, 1.521536385423309934e-01, 3.030654365723004506e-01, 3.324447195486641138e-01
2.124021011540266901e-01, 1.521437075094879410e-01, 3.030591747894307852e-01, 3.323950165470546114e-01
2.124680176067443305e-01, 1.521337683611018177e-01, 3.030529024650338576e-01, 3.323453115671199942e-01
2.125339546746199959e-01, 1.521238211009808550e-01, 3.030466195978280819e-01, 3.322956046265712060e-01
2.125999123374015809e-01, 1.521138657329386412e-01, 3.030403261865319831e-01, 3.322458957431279059e-01
2.126658905748225747e-01, 1.521039022607941216e-01, 3.030340222298640862e-01, 3.321961849345191897e-01
2.127318893666016175e-01, 1.520939306883717368e-01, 3.030277077265435826e-01, 3.321464722184829244e-01
2.127979086924428331e-01, 1.520839510195011179e-01, 3.030213826752897743e-01, 3.320967576127662468e-01
2.128639485320355795e-01, 1.520739632580174472e-01, 3.030150470748219638e-01, 3.320470411351251205e-01
2.129300088650545320e-01, 1.520639674077610415e-01, 3.030087009238598417e-01, 3.319973228033246682e-01
2.129960896711599605e-01, 1.520539634725776856e-01, 3.030023442211232654e-01, 3.319476026351391162e-01
2.130621909299972583e-01, 1.520439514563186045e-01, 3.029959769653328139e-01, 3.318978806483513511e-01
2.131283126211973578e-01, 1.520339313628402689e-01, 3.029895991552085110e-01, 3.318481568607538068e-01
2.131944547243764254e-01, 1.520239031960045617e-01, 3.029832107894713800e-01, 3.317984312901475774e-01
2.132606172191362781e-01, 1.520138669596787784e-01, 3.029768118668420551e-01, 3.317487039543428606e-01
2.133268000850638002e-01, 1.520038226577354323e-01, 3.029704023860421702e-01, 3.316989748711587360e-01
2.133930033017313044e-01, 1.519937702940525048e-01, 3.029639823457926373e-01, 3.316492440584234425e-01
2.134592268486968092e-01, 1.519837098725133340e-01, 3.029575517448155342e-01, 3.315995115339742672e-01
2.135254707055033729e-01, 1.519736413970066702e-01, 3.029511105818327166e-01, 3.315497773156573236e-01
2.135917348516797043e-01, 1.519635648714264264e-01, 3.029446588555664288e-01, 3.315000414213274960e-01
2.136580192667397460e-01, 1.519534802996720391e-01, 3.029381965647390818e-01, 3.314503038688490499e-01
2.137243239301830633e-01, 1.519433876856483567e-01, 3.029317237080736414e-01, 3.314005646760949664e-01
2.137906488214943723e-01, 1.519332870332654462e-01, 3.029252402842927960e-01, 3.313508238609474410e-01
2.138569939201440673e-01, 1.519231783464387864e-01, 3.029187462921201224e-01, 3.313010814412971072e-01
2.139233592055878042e-01, 1.519130616290892410e-01, 3.029122417302790304e-01, 3.312513374350440354e-01
2.139897446572668338e-01, 1.519029368851429751e-01, 3.029057265974932633e-01, 3.312015918600969000e-01
2.140561502546076134e-01, 1.518928041185317046e-01, 3.028992008924870638e-01, 3.311518447343737015e-01
2.141225759770222781e-01, 1.518826633331921416e-01, 3.028926646139846746e-01, 3.311020960758008780e-01
2.141890218039083083e-01, 1.518725145330667714e-01, 3.028861177607107824e-01, 3.310523459023140824e-01
2.142554877146486680e-01, 1.518623577221031029e-01, 3.028795603313903517e-01, 3.310025942318578496e-01
2.143219736886117777e-01, 1.518521929042541685e-01, 3.028729923247484579e-01, 3.309528410823855959e-01
2.143884797051514857e-01, 1.518420200834784684e-01, 3.028664137395106204e-01, 3.309030864718594533e-01
2.144550057436070967e-01, 1.518318392637395542e-01, 3.028598245744025808e-01, 3.308533304182508239e-01
2.145215517833034269e-01, 1.518216504490066121e-01, 3.028532248281503025e-01, 3.308035729395396030e-01
2.145881178035508596e-01, 1.518114536432540185e-01, 3.028466144994803044e-01, 3.307538140537148452e-01
2.146547037836451788e-01, 1.518012488504617286e-01, 3.028399935871189386e-01, 3.307040537787742651e-01
2.147213097028675965e-01, 1.517910360746146936e-01, 3.028333620897932232e-01, 3.306542921327245144e-01
2.147879355404848922e-01, 1.517808153197035825e-01, 3.028267200062302322e-01, 3.306045291335812375e-01
2.148545812757494400e-01, 1.517705865897242545e-01, 3.028200673351577055e-01, 3.305547647993686833e-01
2.149212468878989035e-01, 1.517603498886779256e-01, 3.028134040753029388e-01, 3.305049991481203153e-01
2.149879323561567079e-01, 1.517501052205711964e-01, 3.028067302253943938e-01, 3.304552321978778129e-01
2.150546376597315124e-01, 1.517398525894159966e-01, 3.028000457841602544e-01, 3.304054639666921811e-01
2.151213627778177928e-01, 1.517295919992297515e-01, 3.027933507503290378e-01, 3.303556944726233624e-01
2.151881076895953704e-01, 1.517193234540350211e-01, 3.027866451226300382e-01, 3.303059237337396814e-01
2.152548723742295778e-01, 1.517090469578598610e-01, 3.027799288997921612e-01, 3.302561517681184555e-01
2.153216568108713980e-01, 1.516987625147376284e-01, 3.027732020805451452e-01, 3.302063785938457730e-01
2.153884609786573257e-01, 1.516884701287071480e-01, 3.027664646636187840e-01, 3.301566042290166036e-01
2.154552848567094503e-01, 1.516781698038124626e-01, 3.027597166477433155e-01, 3.301068286917347994e-01
2.155221284241352897e-01, 1.516678615441030276e-01, 3.027529580316491442e-01, 3.300570520001126495e-01
2.155889916600279010e-01, 1.516575453536336271e-01, 3.027461888140670077e-01, 3.300072741722714920e-01
2.156558745434661861e-01, 1.516472212364645133e-01, 3.027394089937279764e-01, 3.299574952263413796e-01
2.157227770535142530e-01, 1.516368891966611288e-01, 3.027326185693634542e-01, 3.299077151804610253e-01
2.157896991692220545e-01, 1.516265492382944113e-01, 3.027258175397053441e-01, 3.298579340527780790e-01
2.158566408696250827e-01, 1.516162013654405449e-01, 3.027190059034855496e-01, 3.298081518614487395e-01
2.159236021337442857e-01, 1.516058455821811812e-01, 3.027121836594363624e-01, 3.297583686246381984e-01
2.159905829405863176e-01, 1.515954818926031622e-01, 3.027053508062904630e-01, 3.297085843605199740e-01
2.160575832691433718e-01, 1.515851103007988809e-01, 3.026985073427809758e-01, 3.296587990872767437e-01
2.161246030983933475e-01, 1.515747308108659763e-01, 3.026916532676411919e-01, 3.296090128230994565e-01
2.161916424072995724e-01, 1.515643434269073608e-01, 3.026847885796046245e-01, 3.295592255861883868e-01
2.162587011748112187e-01, 1.515539481530315535e-01, 3.026779132774054526e-01, 3.295094373947519695e-01
2.163257793798628315e-01, 1.515435449933520695e-01, 3.026710273597776335e-01, 3.294596482670073545e-01
2.163928770013749114e-01, 1.515331339519881138e-01, 3.026641308254562346e-01, 3.294098582211807957e-01
2.164599940182531934e-01, 1.515227150330640260e-01, 3.026572236731758236e-01, 3.293600672755068737e-01
2.165271304093894511e-01, 1.515122882407096694e-01, 3.026503059016720232e-01, 3.293102754482288286e-01
2.165942861536607200e-01, 1.515018535790600973e-01, 3.026433775096802337e-01, 3.292604827575989490e-01
2.166614612299299913e-01, 1.514914110522557478e-01, 3.026364384959365217e-01, 3.292106892218776282e-01
2.167286556170457956e-01, 1.514809606644425821e-01, 3.026294888591772314e-01, 3.291608948593344741e-01
2.167958692938422027e-01, 1.514705024197715577e-01, 3.026225285981389290e-01, 3.291110996882472550e-01
2.168631022391392660e-01, 1.514600363223993773e-01, 3.026155577115586248e-01, 3.290613037269027874e-01
2.169303544317424670e-01, 1.514495623764878229e-01, 3.026085761981737732e-01, 3.290115069935961034e-01
2.169976258504427713e-01, 1.514390805862041722e-01, 3.026015840567218840e-01, 3.289617095066311170e-01
2.170649164740174886e-01, 1.514285909557209764e-01, 3.025945812859410777e-01, 3.289119112843204573e-01
2.171322262812288850e-01, 1.514180934892161434e-01, 3.025875678845696970e-01, 3.288621123449850803e-01
2.171995552508254879e-01, 1.514075881908729659e-01, 3.025805438513467505e-01, 3.288123127069548790e-01
2.172669033615411416e-01, 1.513970750648800656e-01, 3.025735091850108582e-01, 3.287625123885679623e-01
2.173342705920955353e-01, 1.513865541154313377e-01, 3.025664638843018617e-01, 3.287127114081711543e-01
2.174016569211942584e-01, 1.513760253467261729e-01, 3.025594079479594356e-01, 3.286629097841202163e-01
2.174690623275282730e-01, 1.513654887629692081e-01, 3.025523413747235879e-01, 3.286131075347788477e-01
2.175364867897746357e-01, 1.513549443683704643e-01, 3.025452641633351036e-01, 3.285633046785197964e-01
2.176039302865958036e-01, 1.513443921671452919e-01, 3.025381763125347678e-01, 3.285135012337242477e-01
2.176713927966401063e-01, 1.513338321635143424e-01, 3.025310778210638096e-01, 3.284636972187818249e-01
2.177388742985417736e-01, 1.513232643617036799e-01, 3.025239686876637912e-01, 3.284138926520908108e-01
2.178063747709205744e-01, 1.513126887659446973e-01, 3.025168489110767744e-01, 3.283640875520579261e-01
2.178738941923822336e-01, 1.513021053804741445e-01, 3.025097184900450986e-01, 3.283142819370985510e-01
2.179414325415179043e-01, 1.512915142095341003e-01, 3.025025774233117137e-01, 3.282644758256363926e-01
2.180089897969048618e-01, 1.512809152573719451e-01, 3.024954257096192367e-01, 3.282146692361039286e-01
2.180765659371060594e-01, 1.512703085282404436e-01, 3.024882633477116722e-01, 3.281648621869418525e-01
2.181441609406701287e-01, 1.512596940263978007e-01, 3.024810903363325254e-01, 3.281150546965995729e-01
2.182117747861316570e-01, 1.512490717561073561e-01, 3.024739066742261340e-01, 3.280652467835349917e-01
2.182794074520109096e-01, 1.512384417216378896e-01, 3.024667123601370577e-01, 3.280154384662141709e-01
2.183470589168138853e-01, 1.512278039272635655e-01, 3.024595073928105782e-01, 3.279656297631120543e-01
2.184147291590326501e-01, 1.512171583772638772e-01, 3.024522917709916991e-01, 3.279158206927116903e-01
2.184824181571448365e-01, 1.512065050759235918e-01, 3.024450654934264238e-01, 3.278660112735051202e-01
2.185501258896140053e-01, 1.511958440275329163e-01, 3.024378285588609216e-01, 3.278162015239921012e-01
2.186178523348894509e-01, 1.511851752363872481e-01, 3.024305809660416955e-01, 3.277663914626813835e-01
2.186855974714066453e-01, 1.511744987067875912e-01, 3.024233227137156921e-01, 3.277165811080900992e-01
2.187533612775864333e-01, 1.511638144430399178e-01, 3.024160538006302468e-01, 3.276667704787434299e-01
2.188211437318357822e-01, 1.511531224494557790e-01, 3.024087742255330835e-01, 3.276169595931753831e-01
2.188889448125474202e-01, 1.511424227303519996e-01, 3.024014839871723703e-01, 3.275671484699282376e-01
2.189567644980999483e-01, 1.511317152900508720e-01, 3.023941830842966083e-01, 3.275173371275525991e-01
2.190246027668579232e-01, 1.511210001328798513e-01, 3.023868715156547982e-01, 3.274675255846075106e-01
2.190924595971716626e-01, 1.511102772631716940e-01, 3.023795492799961626e-01, 3.274177138596605086e-01
2.191603349673773848e-01, 1.510995466852647073e-01, 3.023722163760706461e-01, 3.273679019712872340e-01
2.192282288557974024e-01, 1.510888084035023615e-01, 3.023648728026281929e-01, 3.273180899380721542e-01
2.192961412407394839e-01, 1.510780624222334834e-01, 3.023575185584193026e-01, 3.272682777786076747e-01
2.193640721004977701e-01, 1.510673087458122565e-01, 3.023501536421953628e-01, 3.272184655114945828e-01
2.194320214133520519e-01, 1.510565473785982771e-01, 3.023427780527074837e-01, 3.271686531553423261e-01
2.194999891575679651e-01, 1.510457783249562480e-01, 3.023353917887074416e-01, 3.271188407287683453e-01
2.195679753113972954e-01, 1.510350015892564790e-01, 3.023279948489475122e-01, 3.270690282503987412e-01
2.196359798530776730e-01, 1.510242171758743868e-01, 3.023205872321802490e-01, 3.270192157388675525e-01
2.197040027608326562e-01, 1.510134250891909391e-01, 3.023131689371588715e-01, 3.269694032128174777e-01
2.197720440128715924e-01, 1.510026253335921831e-01, 3.023057399626368769e-01, 3.269195906908993754e-01
2.198401035873900622e-01, 1.509918179134696337e-01, 3.022983003073680952e-01, 3.268697781917722645e-01
2.199081814625693243e-01, 1.509810028332201626e-01, 3.022908499701067453e-01, 3.268199657341036568e-01
2.199762776165768985e-01, 1.509701800972459151e-01, 3.022833889496077120e-01, 3.267701533365695021e-01
2.200443920275660659e-01, 1.509593497099544213e-01, 3.022759172446262688e-01, 3.267203410178534106e-01
2.201125246736759800e-01, 1.509485116757584011e-01, 3.022684348539178556e-01, 3.266705287966479299e-01
2.201806755330319720e-01, 1.509376659990759872e-01, 3.022609417762386896e-01, 3.266207166916532678e-01
2.202488445837454956e-01, 1.509268126843306967e-01, 3.022534380103452101e-01, 3.265709047215786254e-01
2.203170318039136821e-01, 1.509159517359512925e-01, 3.022459235549943002e-01, 3.265210929051406419e-01
2.203852371716198688e-01, 1.509050831583718666e-01, 3.022383984089435649e-01, 3.264712812610647275e-01
2.204534606649332651e-01, 1.508942069560318955e-01, 3.022308625709504426e-01, 3.264214698080842858e-01
2.205217022619093137e-01, 1.508833231333761016e-01, 3.022233160397736484e-01, 3.263716585649411028e-01
2.205899619405891909e-01, 1.508724316948545641e-01, 3.022157588141715090e-01, 3.263218475503847915e-01
2.206582396790004452e-01, 1.508615326449227190e-01, 3.022081908929032945e-01, 3.262720367831735135e-01
2.207265354551563863e-01, 1.508506259880411926e-01, 3.022006122747288859e-01, 3.262222262820737018e-01
2.207948492470564461e-01, 1.508397117286760236e-01, 3.021930229584077199e-01, 3.261724160658596716e-01
2.208631810326862899e-01, 1.508287898712987463e-01, 3.021854229427009542e-01, 3.261226061533140097e-01
2.209315307900173442e-01, 1.508178604203857798e-01, 3.021778122263691913e-01, 3.260727965632275183e-01
2.209998984970073244e-01, 1.508069233804193443e-01, 3.021701908081740329e-01, 3.260229873143992707e-01
2.210682841315999847e-01, 1.507959787558866560e-01, 3.021625586868772473e-01, 3.259731784256360565e-01
2.211366876717251184e-01, 1.507850265512803711e-01, 3.021549158612412689e-01, 3.259233699157532693e-01
2.212051090952986410e-01, 1.507740667710982807e-01, 3.021472623300289206e-01, 3.258735618035742410e-01
2.212735483802224790e-01, 1.507630994198437824e-01, 3.021395980920033586e-01, 3.258237541079304078e-01
2.213420055043848200e-01, 1.507521245020254641e-01, 3.021319231459284049e-01, 3.257739468476613109e-01
2.214104804456598075e-01, 1.507411420221572151e-01, 3.021242374905683259e-01, 3.257241400416147070e-01
2.214789731819079843e-01, 1.507301519847581150e-01, 3.021165411246877208e-01, 3.256743337086463463e-01
2.215474836909755441e-01, 1.507191543943527390e-01, 3.021088340470516886e-01, 3.256245278676199173e-01
2.216160119506952741e-01, 1.507081492554709079e-01, 3.021011162564262165e-01, 3.255747225374077680e-01
2.216845579388859455e-01, 1.506971365726477441e-01, 3.020933877515770694e-01, 3.255249177368893521e-01
2.217531216333523125e-01, 1.506861163504236989e-01, 3.020856485312709561e-01, 3.254751134849530603e-01
2.218217030118856681e-01, 1.506750885933446082e-01, 3.020778985942748629e-01, 3.254253098004949996e-01
2.218903020522630110e-01, 1.506640533059613318e-01, 3.020701379393564978e-01, 3.253755067024192704e-01
2.219589187322477675e-01, 1.506530104928302805e-01, 3.020623665652837353e-01, 3.253257042096380780e-01
2.220275530295897637e-01, 1.506419601585132773e-01, 3.020545844708253935e-01, 3.252759023410716765e-01
2.220962049220245038e-01, 1.506309023075771691e-01, 3.020467916547501797e-01, 3.252261011156481474e-01
2.221648743872741416e-01, 1.506198369445942986e-01, 3.020389881158277445e-01, 3.251763005523037320e-01
2.222335614030467588e-01, 1.506087640741421152e-01, 3.020311738528282386e-01, 3.251265006699829430e-01
2.223022659470366702e-01, 1.505976837008036751e-01, 3.020233488645218678e-01, 3.250767014876376759e-01
2.223709879969247294e-01, 1.505865958291671136e-01, 3.020155131496798928e-01, 3.250269030242283197e-01
2.224397275303774957e-01, 1.505755004638258954e-01, 3.020076667070737408e-01, 3.249771052987229236e-01
2.225084845250482335e-01, 1.505643976093787861e-01, 3.019998095354752832e-01, 3.249273083300977527e-01
2.225772589585761629e-01, 1.505532872704299086e-01, 3.019919416336571683e-01, 3.248775121373367325e-01
2.226460508085868484e-01, 1.505421694515887143e-01, 3.019840630003923776e-01, 3.248277167394321707e-01
2.227148600526921707e-01, 1.505310441574697344e-01, 3.019761736344545588e-01, 3.247779221553836471e-01
2.227836866684901607e-01, 1.505199113926930787e-01, 3.019682735346175262e-01, 3.247281284041993454e-01
2.228525306335652489e-01, 1.505087711618839919e-01, 3.019603626996559265e-01, 3.246783355048949438e-01
2.229213919254879606e-01, 1.504976234696730475e-01, 3.019524411283446841e-01, 3.246285434764941691e-01
2.229902705218154424e-01, 1.504864683206961762e-01, 3.019445088194597782e-01, 3.245787523380287976e-01
2.230591664000907415e-01, 1.504753057195943877e-01, 3.019365657717767992e-01, 3.245289621085379883e-01
2.231280795378434989e-01, 1.504641356710142985e-01, 3.019286119840726701e-01, 3.244791728070696157e-01
2.231970099125895335e-01, 1.504529581796076321e-01, 3.019206474551244246e-01, 3.244293844526785486e-01
2.232659575018310361e-01, 1.504417732500313021e-01, 3.019126721837097627e-01, 3.243795970644279270e-01
2.233349222830565139e-01, 1.504305808869477457e-01, 3.019046861686068284e-01, 3.243298106613889398e-01
2.234039042337406800e-01, 1.504193810950245902e-01, 3.018966894085944874e-01, 3.242800252626401591e-01
2.234729033313450908e-01, 1.504081738789347089e-01, 3.018886819024517165e-01, 3.242302408872684838e-01
2.235419195533168701e-01, 1.503969592433563041e-01, 3.018806636489584361e-01, 3.241804575543681954e-01
2.236109528770903188e-01, 1.503857371929729347e-01, 3.018726346468951216e-01, 3.241306752830417359e-01
2.236800032800854710e-01, 1.503745077324731838e-01, 3.018645948950423041e-01, 3.240808940923992076e-01
2.237490707397088996e-01, 1.503632708665512130e-01, 3.018565443921815139e-01, 3.240311140015581515e-01
2.238181552333539936e-01, 1.503520265999064298e-01, 3.018484831370949473e-01, 3.239813350296447680e-01
2.238872567383999590e-01, 1.503407749372432933e-01, 3.018404111285645786e-01, 3.239315571957921969e-01
2.239563752322126233e-01, 1.503295158832717859e-01, 3.018323283653737699e-01, 3.238817805191417376e-01
2.240255106921443529e-01, 1.503182494427071358e-01, 3.018242348463060498e-01, 3.238320050188425170e-01
2.240946630955338303e-01, 1.503069756202696505e-01, 3.018161305701453911e-01, 3.237822307140510447e-01
2.241638324197061105e-01, 1.502956944206852163e-01, 3.018080155356766547e-01, 3.237324576239320462e-01
2.242330186419727311e-01, 1.502844058486847711e-01, 3.017998897416849235e-01, 3.236826857676575742e-01
2.243022217396317686e-01, 1.502731099090046374e-01, 3.017917531869559467e-01, 3.236329151644076196e-01
2.243714416899676156e-01, 1.502618066063864111e-01, 3.017836058702762503e-01, 3.235831458333698896e-01
2.244406784702511204e-01, 1.502504959455768507e-01, 3.017754477904324717e-01, 3.235333777937395849e-01
2.245099320577396973e-01, 1.502391779313280717e-01, 3.017672789462122473e-01, 3.234836110647199003e-01
2.245792024296773270e-01, 1.502278525683976018e-01, 3.017590993364035468e-01, 3.234338456655215244e-01
2.246484895632941403e-01, 1.502165198615479091e-01, 3.017509089597950056e-01, 3.233840816153628062e-01
2.247177934358072227e-01, 1.502051798155470685e-01, 3.017427078151757036e-01, 3.233343189334700329e-01
2.247871140244196431e-01, 1.501938324351682619e-01, 3.017344959013355532e-01, 3.232845576390766529e-01
2.248564513063215364e-01, 1.501824777251898613e-01, 3.017262732170643558e-01, 3.232347977514241077e-01
2.249258052586890766e-01, 1.501711156903956790e-01, 3.017180397611535225e-01, 3.231850392897616664e-01
2.249951758586852812e-01, 1.501597463355747175e-01, 3.017097955323942982e-01, 3.231352822733455921e-01
2.250645630834596511e-01, 1.501483696655212252e-01, 3.017015405295787600e-01, 3.230855267214404192e-01
2.251339669101480312e-01, 1.501369856850347240e-01, 3.016932747514994295e-01, 3.230357726533178986e-01
2.252033873158730271e-01, 1.501255943989200092e-01, 3.016849981969494943e-01, 3.229860200882574972e-01
2.252728242777437828e-01, 1.501141958119872055e-01, 3.016767108647228635e-01, 3.229362690455462315e-01
2.253422777728560089e-01, 1.501027899290514889e-01, 3.016684127536137794e-01, 3.228865195444787783e-01
2.254117477782918988e-01, 1.500913767549335587e-01, 3.016601038624172615e-01, 3.228367716043572533e-01
2.254812342711204343e-01, 1.500799562944591936e-01, 3.016517841899288288e-01, 3.227870252444915988e-01
2.255507372283970247e-01, 1.500685285524595569e-01, 3.016434537349446665e-01, 3.227372804841988074e-01
2.256202566271636178e-01, 1.500570935337708633e-01, 3.016351124962614594e-01, 3.226875373428040317e-01
2.256897924444491443e-01, 1.500456512432348510e-01, 3.016267604726765583e-01, 3.226377958396394741e-01
2.257593446572687679e-01, 1.500342016856983096e-01, 3.016183976629879249e-01, 3.225880559940449421e-01
2.258289132426245516e-01, 1.500227448660134411e-01, 3.016100240659941312e-01, 3.225383178253679595e-01
2.258984981775048750e-01, 1.500112807890374433e-01, 3.016016396804942490e-01, 3.224885813529633771e-01
2.259680994388851838e-01, 1.499998094596331766e-01, 3.015932445052879607e-01, 3.224388465961936512e-01
2.260377170037273509e-01, 1.499883308826682471e-01, 3.015848385391758368e-01, 3.223891135744285652e-01
2.261073508489799544e-01, 1.499768450630159788e-01, 3.015764217809586145e-01, 3.223393823070455078e-01
2.261770009515781665e-01, 1.499653520055545530e-01, 3.015679942294381966e-01, 3.222896528134291394e-01
2.262466672884440311e-01, 1.499538517151677575e-01, 3.015595558834163747e-01, 3.222399251129718922e-01
2.263163498364861859e-01, 1.499423441967442927e-01, 3.015511067416962177e-01, 3.221901992250731928e-01
2.263860485726000571e-01, 1.499308294551783549e-01, 3.015426468030812379e-01, 3.221404751691404056e-01
2.264557634736674707e-01, 1.499193074953692473e-01, 3.015341760663752813e-01, 3.220907529645878897e-01
2.265254945165574574e-01, 1.499077783222215743e-01, 3.015256945303832481e-01, 3.220410326308377202e-01
2.265952416781255030e-01, 1.498962419406451585e-01, 3.015172021939103164e-01, 3.219913141873190776e-01
2.266650049352138541e-01, 1.498846983555549850e-01, 3.015086990557622748e-01, 3.219415976534688029e-01
2.267347842646515177e-01, 1.498731475718714790e-01, 3.015001851147460776e-01, 3.218918830487308425e-01
2.268045796432542893e-01, 1.498615895945201171e-01, 3.014916603696685682e-01, 3.218421703925569144e-01
2.268743910478247527e-01, 1.498500244284316496e-01, 3.014831248193378110e-01, 3.217924597044057311e-01
2.269442184551521968e-01, 1.498384520785421559e-01, 3.014745784625622593e-01, 3.217427510037432770e-01
2.270140618420128376e-01, 1.498268725497928222e-01, 3.014660212981509768e-01, 3.216930443100433634e-01
2.270839211851695127e-01, 1.498152858471301085e-01, 3.014574533249136934e-01, 3.216433396427866853e-01
2.271537964613720151e-01, 1.498036919755057761e-01, 3.014488745416608051e-01, 3.215936370214613760e-01
2.272236876473567868e-01, 1.497920909398766653e-01, 3.014402849472035961e-01, 3.215439364655629517e-01
2.272935947198474471e-01, 1.497804827452050291e-01, 3.014316845403534062e-01, 3.214942379945941453e-01
2.273635176555539872e-01, 1.497688673964582273e-01, 3.014230733199228518e-01, 3.214445416280649614e-01
2.274334564311735196e-01, 1.497572448986088378e-01, 3.014144512847247714e-01, 3.213948473854928434e-01
2.275034110233899176e-01, 1.497456152566347676e-01, 3.014058184335729473e-01, 3.213451552864022842e-01
2.275733814088741480e-01, 1.497339784755190029e-01, 3.013971747652816058e-01, 3.212954653503252156e-01
2.276433675642836607e-01, 1.497223345602498590e-01, 3.013885202786658613e-01, 3.212457775968006746e-01
2.277133694662631103e-01, 1.497106835158208971e-01, 3.013798549725412168e-01, 3.211960920453748591e-01
2.277833870914437731e-01, 1.496990253472307575e-01, 3.013711788457239527e-01, 3.211464087156015723e-01
2.278534204164441579e-01, 1.496873600594834375e-01, 3.013624918970310707e-01, 3.210967276270412230e-01
2.279234694178695342e-01, 1.496756876575880690e-01, 3.013537941252802943e-01, 3.210470487992621580e-01
2.279935340723118486e-01, 1.496640081465589744e-01, 3.013450855292898467e-01, 3.209973722518392747e-01
2.280636143563503082e-01, 1.496523215314158606e-01, 3.013363661078787281e-01, 3.209476980043549643e-01
2.281337102465509914e-01, 1.496406278171834303e-01, 3.013276358598666049e-01, 3.208980260763988901e-01
2.282038217194669316e-01, 1.496289270088917711e-01, 3.013188947840738097e-01, 3.208483564875674876e-01
2.282739487516378951e-01, 1.496172191115760219e-01, 3.013101428793214520e-01, 3.207986892574646309e-01
2.283440913195909638e-01, 1.496055041302767064e-01, 3.013013801444310302e-01, 3.207490244057013551e-01
2.284142493998399803e-01, 1.495937820700393162e-01, 3.012926065782249863e-01, 3.206993619518957450e-01
2.284844229688857142e-01, 1.495820529359148943e-01, 3.012838221795264282e-01, 3.206497019156729356e-01
2.285546120032162509e-01, 1.495703167329593131e-01, 3.012750269471591857e-01, 3.206000443166652780e-01
2.286248164793063808e-01, 1.495585734662339128e-01, 3.012662208799475883e-01, 3.205503891745121736e-01
2.286950363736179326e-01, 1.495468231408051130e-01, 3.012574039767167977e-01, 3.205007365088600180e-01
2.287652716625999672e-01, 1.495350657617447176e-01, 3.012485762362928088e-01, 3.204510863393625342e-01
2.288355223226885282e-01, 1.495233013341293049e-01, 3.012397376575018937e-01, 3.204014386856803287e-01
2.289057883303064200e-01, 1.495115298630411149e-01, 3.012308882391714349e-01, 3.203517935674810579e-01
2.289760696618639013e-01, 1.494997513535673561e-01, 3.012220279801293144e-01, 3.203021510044393727e-01
2.290463662937580469e-01, 1.494879658108004827e-01, 3.012131568792043579e-01, 3.202525110162371402e-01
2.291166782023731086e-01, 1.494761732398381393e-01, 3.012042749352255577e-01, 3.202028736225632222e-01
2.291870053640804039e-01, 1.494643736457830496e-01, 3.011953821470232939e-01, 3.201532388431131415e-01
2.292573477552383998e-01, 1.494525670337434053e-01, 3.011864785134282241e-01, 3.201036066975899153e-01
2.293277053521925457e-01, 1.494407534088323108e-01, 3.011775640332718940e-01, 3.200539772057032772e-01
2.293980781312753570e-01, 1.494289327761681441e-01, 3.011686387053863490e-01, 3.200043503871700112e-01
2.294684660688068867e-01, 1.494171051408745843e-01, 3.011597025286046336e-01, 3.199547262617138954e-01
2.295388691410939486e-01, 1.494052705080803067e-01, 3.011507555017604587e-01, 3.199051048490654248e-01
2.296092873244303390e-01, 1.493934288829192603e-01, 3.011417976236880345e-01, 3.198554861689623108e-01
2.296797205950976695e-01, 1.493815802705307227e-01, 3.011328288932224595e-01, 3.198058702411492593e-01
2.297501689293640625e-01, 1.493697246760588293e-01, 3.011238493091996649e-01, 3.197562570853774710e-01
2.298206323034851228e-01, 1.493578621046531552e-01, 3.011148588704560813e-01, 3.197066467214056407e-01
2.298911106937036597e-01, 1.493459925614683548e-01, 3.011058575758289724e-01, 3.196570391689989021e-01
2.299616040762496316e-01, 1.493341160516643562e-01, 3.010968454241565451e-01, 3.196074344479294949e-01
2.300321124273400353e-01, 1.493222325804060557e-01, 3.010878224142774506e-01, 3.195578325779764306e-01
2.301026357231794328e-01, 1.493103421528637342e-01, 3.010787885450310619e-01, 3.195082335789257155e-01
2.301731739399593968e-01, 1.492984447742126686e-01, 3.010697438152577510e-01, 3.194586374705701837e-01
2.302437270538586489e-01, 1.492865404496335202e-01, 3.010606882237983895e-01, 3.194090442727094414e-01
2.303142950410434486e-01, 1.492746291843119189e-01, 3.010516217694947927e-01, 3.193594540051498121e-01
2.303848778776669826e-01, 1.492627109834387955e-01, 3.010425444511894422e-01, 3.193098666877047798e-01
2.304554755398700860e-01, 1.492507858522101050e-01, 3.010334562677254855e-01, 3.192602823401943790e-01
2.305260880037804938e-01, 1.492388537958271311e-01, 3.010243572179469029e-01, 3.192107009824454722e-01
2.305967152455135061e-01, 1.492269148194961814e-01, 3.010152473006984519e-01, 3.191611226342918606e-01
2.306673572411715722e-01, 1.492149689284288094e-01, 3.010061265148256116e-01, 3.191115473155740068e-01
2.307380139668445407e-01, 1.492030161278417033e-01, 3.009969948591746380e-01, 3.190619750461389792e-01
2.308086853986095754e-01, 1.491910564229567693e-01, 3.009878523325926203e-01, 3.190124058458410072e-01
2.308793715125311286e-01, 1.491790898190009096e-01, 3.009786989339270913e-01, 3.189628397345408151e-01
2.309500722846609955e-01, 1.491671163212063556e-01, 3.009695346620269718e-01, 3.189132767321057882e-01
2.310207876910383706e-01, 1.491551359348103345e-01, 3.009603595157412381e-01, 3.188637168584100290e-01
2.310915177076898197e-01, 1.491431486650554028e-01, 3.009511734939201433e-01, 3.188141601333346897e-01
2.311622623106292240e-01, 1.491311545171891129e-01, 3.009419765954144954e-01, 3.187646065767673065e-01
2.312330214758578362e-01, 1.491191534964642074e-01, 3.009327688190758243e-01, 3.187150562086019656e-01
2.313037951793645852e-01, 1.491071456081386748e-01, 3.009235501637567700e-01, 3.186655090487400255e-01
2.313745833971253274e-01, 1.490951308574754719e-01, 3.009143206283104166e-01, 3.186159651170888396e-01
2.314453861051037342e-01, 1.490831092497429400e-01, 3.009050802115906809e-01, 3.185664244335626449e-01
2.315162032792506819e-01, 1.490710807902142776e-01, 3.008958289124524788e-01, 3.185168870180826173e-01
2.315870348955046121e-01, 1.490590454841679846e-01, 3.008865667297512814e-01, 3.184673528905761497e-01
2.316578809297913932e-01, 1.490470033368877234e-01, 3.008772936623433925e-01, 3.184178220709774076e-01
2.317287413580243760e-01, 1.490349543536623189e-01, 3.008680097090860039e-01, 3.183682945792273844e-01
2.317996161561041990e-01, 1.490228985397854811e-01, 3.008587148688370294e-01, 3.183187704352732905e-01
2.318705052999193161e-01, 1.490108359005563599e-01, 3.008494091404552706e-01, 3.182692496590691089e-01
2.319414087653452472e-01, 1.489987664412790735e-01, 3.008400925228001399e-01, 3.182197322705754283e-01
2.320123265282456326e-01, 1.489866901672630140e-01, 3.008307650147319934e-01, 3.181702182897593878e-01
2.320832585644709289e-01, 1.489746070838224301e-01, 3.008214266151121308e-01, 3.181207077365945102e-01
2.321542048498596300e-01, 1.489625171962769556e-01, 3.008120773228022404e-01, 3.180712006310611462e-01
2.322251653602374621e-01, 1.489504205099512757e-01, 3.008027171366653429e-01, 3.180216969931459192e-01
2.322961400714179669e-01, 1.489383170301751824e-01, 3.007933460555649030e-01, 3.179721968428420031e-01
2.323671289592019462e-01, 1.489262067622835195e-01, 3.007839640783652735e-01, 3.179227002001492886e-01
2.324381319993781281e-01, 1.489140897116164874e-01, 3.007745712039315289e-01, 3.178732070850738833e-01
2.325091491677223898e-01, 1.489019658835191162e-01, 3.007651674311300205e-01, 3.178237175176284457e-01
2.325801804399987016e-01, 1.488898352833416816e-01, 3.007557527588272661e-01, 3.177742315178323507e-01
2.326512257919582105e-01, 1.488776979164395942e-01, 3.007463271858911158e-01, 3.177247491057110240e-01
2.327222851993399066e-01, 1.488655537881733715e-01, 3.007368907111900858e-01, 3.176752703012965529e-01
2.327933586378703734e-01, 1.488534029039086659e-01, 3.007274433335934138e-01, 3.176257951246276301e-01
2.328644460832636487e-01, 1.488412452690160981e-01, 3.007179850519711706e-01, 3.175763235957489994e-01
2.329355475112218632e-01, 1.488290808888716177e-01, 3.007085158651945367e-01, 3.175268557347120657e-01
2.330066628974341858e-01, 1.488169097688561149e-01, 3.006990357721351925e-01, 3.174773915615745068e-01
2.330777922175780448e-01, 1.488047319143556702e-01, 3.006895447716658731e-01, 3.174279310964003842e-01
2.331489354473182396e-01, 1.487925473307613877e-01, 3.006800428626600907e-01, 3.173784743592603097e-01
2.332200925623072463e-01, 1.487803560234695344e-01, 3.006705300439921347e-01, 3.173290213702311124e-01
2.332912635381854394e-01, 1.487681579978815394e-01, 3.006610063145371825e-01, 3.172795721493959498e-01
2.333624483505806757e-01, 1.487559532594036893e-01, 3.006514716731714110e-01, 3.172301267168443073e-01
2.334336469751087384e-01, 1.487437418134476830e-01, 3.006419261187715519e-01, 3.171806850926719989e-01
2.335048593873729761e-01, 1.487315236654301320e-01, 3.006323696502153919e-01, 3.171312472969814444e-01
2.335760855629647748e-01, 1.487192988207727273e-01, 3.006228022663816613e-01, 3.170818133498808922e-01
2.336473254774629471e-01, 1.487070672849023223e-01, 3.006132239661497008e-01, 3.170323832714850298e-01
2.337185791064342044e-01, 1.486948290632508496e-01, 3.006036347483997395e-01, 3.169829570819151510e-01
2.337898464254331565e-01, 1.486825841612552657e-01, 3.005940346120130613e-01, 3.169335348012984888e-01
2.338611274100020621e-01, 1.486703325843577450e-01, 3.005844235558718935e-01, 3.168841164497683272e-01
2.339324220356711059e-01, 1.486580743380053748e-01, 3.005748015788587968e-01, 3.168347020474647224e-01
2.340037302779581774e-01, 1.486458094276504327e-01, 3.005651686798577193e-01, 3.167852916145336706e-01
2.340750521123689254e-01, 1.486335378587503031e-01, 3.005555248577535532e-01, 3.167358851711272183e-01
2.341463875143972029e-01, 1.486212596367673111e-01, 3.005458701114314679e-01, 3.166864827374040181e-01
2.342177364595243449e-01, 1.486089747671690553e-01, 3.005362044397779653e-01, 3.166370843335286067e-01
2.342890989232197241e-01, 1.485966832554280748e-01, 3.005265278416804353e-01, 3.165876899796717936e-01
2.343604748809404725e-01, 1.485843851070218768e-01, 3.005168403160271007e-01, 3.165382996960105499e-01
2.344318643081318432e-01, 1.485720803274333812e-01, 3.005071418617067946e-01, 3.164889135027280087e-01
2.345032671802267377e-01, 1.485597689221501982e-01, 3.004974324776096273e-01, 3.164395314200135756e-01
2.345746834726460395e-01, 1.485474508966652396e-01, 3.004877121626263747e-01, 3.163901534680623739e-01
2.346461131607987249e-01, 1.485351262564764407e-01, 3.004779809156487569e-01, 3.163407796670760774e-01
2.347175562200813914e-01, 1.485227950070867331e-01, 3.004682387355696038e-01, 3.162914100372622994e-01
2.347890126258789789e-01, 1.485104571540042107e-01, 3.004584856212820232e-01, 3.162420445988349260e-01
2.348604823535639929e-01, 1.484981127027418246e-01, 3.004487215716807325e-01, 3.161926833720133390e-01
2.349319653784971429e-01, 1.484857616588179385e-01, 3.004389465856610042e-01, 3.161433263770238589e-01
2.350034616760271755e-01, 1.484734040277556344e-01, 3.004291606621190547e-01, 3.160939736340981909e-01
2.350749712214905696e-01, 1.484610398150831845e-01, 3.004193637999519884e-01, 3.160446251634742576e-01
2.351464939902120632e-01, 1.484486690263339403e-01, 3.004095559980577979e-01, 3.159952809853960876e-01
2.352180299575042932e-01, 1.484362916670462218e-01, 3.003997372553355860e-01, 3.159459411201138157e-01
2.352895790986679614e-01, 1.484239077427635389e-01, 3.003899075706851773e-01, 3.158966055878833501e-01
2.353611413889917792e-01, 1.484115172590342036e-01, 3.003800669430072845e-01, 3.158472744089667605e-01
2.354327168037526896e-01, 1.483991202214118565e-01, 3.003702153712035083e-01, 3.157979476036320010e-01
2.355043053182152846e-01, 1.483867166354549960e-01, 3.003603528541767820e-01, 3.157486251921529097e-01
2.355759069076326373e-01, 1.483743065067271993e-01, 3.003504793908304826e-01, 3.156993071948097085e-01
2.356475215472459139e-01, 1.483618898407970677e-01, 3.003405949800688757e-01, 3.156499936318881150e-01
2.357191492122840404e-01, 1.483494666432383646e-01, 3.003306996207976143e-01, 3.156006845236799530e-01
2.357907898779644240e-01, 1.483370369196297112e-01, 3.003207933119231288e-01, 3.155513798904827638e-01
2.358624435194922875e-01, 1.483246006755548074e-01, 3.003108760523525156e-01, 3.155020797526002507e-01
2.359341101120612794e-01, 1.483121579166024606e-01, 3.003009478409940924e-01, 3.154527841303421121e-01
2.360057896308530301e-01, 1.482997086483665294e-01, 3.002910086767569542e-01, 3.154034930440234863e-01
2.360774820510373462e-01, 1.482872528764457021e-01, 3.002810585585510839e-01, 3.153542065139658401e-01
2.361491873477722381e-01, 1.482747906064439958e-01, 3.002710974852876302e-01, 3.153049245604960804e-01
2.362209054962040033e-01, 1.482623218439700630e-01, 3.002611254558786857e-01, 3.152556472039473312e-01
2.362926364714668659e-01, 1.482498465946378852e-01, 3.002511424692369535e-01, 3.152063744646582677e-01
2.363643802486835310e-01, 1.482373648640664121e-01, 3.002411485242764688e-01, 3.151571063629735603e-01
2.364361368029649080e-01, 1.482248766578795340e-01, 3.002311436199119332e-01, 3.151078429192435415e-01
2.365079061094099433e-01, 1.482123819817061650e-01, 3.002211277550593804e-01, 3.150585841538244836e-01
2.365796881431060372e-01, 1.481998808411802149e-01, 3.002111009286353438e-01, 3.150093300870783208e-01
2.366514828791287384e-01, 1.481873732419407563e-01, 3.002010631395576890e-01, 3.149600807393727608e-01
2.367232902925419935e-01, 1.481748591896317191e-01, 3.001910143867449476e-01, 3.149108361310813398e-01
2.367951103583978978e-01, 1.481623386899020012e-01, 3.001809546691168729e-01, 3.148615962825833114e-01
2.368669430517367780e-01, 1.481498117484056909e-01, 3.001708839855939948e-01, 3.148123612142635919e-01
2.369387883475875534e-01, 1.481372783708016505e-01, 3.001608023350979537e-01, 3.147631309465128702e-01
2.370106462209672638e-01, 1.481247385627539048e-01, 3.001507097165513893e-01, 3.147139054997273866e-01
2.370825166468813472e-01, 1.481121923299315024e-01, 3.001406061288777183e-01, 3.146646848943094321e-01
2.371543996003235566e-01, 1.480996396780083491e-01, 3.001304915710015786e-01, 3.146154691506665158e-01
2.372262950562759876e-01, 1.480870806126634298e-01, 3.001203660418484409e-01, 3.145662582892121972e-01
2.372982029897092171e-01, 1.480745151395806702e-01, 3.001102295403446640e-01, 3.145170523303653654e-01
2.373701233755821371e-01, 1.480619432644490474e-01, 3.001000820654178280e-01, 3.144678512945509041e-01
2.374420561888420655e-01, 1.480493649929625621e-01, 3.000899236159964567e-01, 3.144186552021988601e-01
2.375140014044245518e-01, 1.480367803308201002e-01, 3.000797541910098509e-01, 3.143694640737454971e-01
2.375859589972540153e-01, 1.480241892837255158e-01, 3.000695737893885884e-01, 3.143202779296318528e-01
2.376579289422426911e-01, 1.480115918573877698e-01, 3.000593824100641349e-01, 3.142710967903054042e-01
2.377299112142918502e-01, 1.479989880575206807e-01, 3.000491800519687335e-01, 3.142219206762186801e-01
2.378019057882909126e-01, 1.479863778898431181e-01, 3.000389667140360705e-01, 3.141727496078298154e-01
2.378739126391178349e-01, 1.479737613600789481e-01, 3.000287423952005539e-01, 3.141235836056026631e-01
2.379459317416390551e-01, 1.479611384739568380e-01, 3.000185070943976462e-01, 3.140744226900065161e-01
2.380179630707095484e-01, 1.479485092372107014e-01, 3.000082608105636428e-01, 3.140252668815161075e-01
2.380900066011726879e-01, 1.479358736555790865e-01, 2.999980035426363378e-01, 3.139761162006118322e-01
2.381620623078606058e-01, 1.479232317348059544e-01, 2.999877352895540250e-01, 3.139269706677794702e-01
2.382341301655937493e-01, 1.479105834806397068e-01, 2.999774560502561638e-01, 3.138778303035102968e-01
2.383062101491813245e-01, 1.478979288988341301e-01, 2.999671658236834904e-01, 3.138286951283010828e-01
2.383783022334208801e-01, 1.478852679951477567e-01, 2.999568646087773516e-01, 3.137795651626539839e-01
2.384504063930986406e-01, 1.478726007753441152e-01, 2.999465524044805931e-01, 3.137304404270766511e-01
2.385225226029894785e-01, 1.478599272451917856e-01, 2.999362292097367266e-01, 3.136813209420820092e-01
2.385946508378568032e-01, 1.478472474104640944e-01, 2.999258950234903742e-01, 3.136322067281888115e-01
2.386667910724526720e-01, 1.478345612769395578e-01, 2.999155498446870460e-01, 3.135830978059206964e-01
2.387389432815177071e-01, 1.478218688504013834e-01, 2.999051936722738065e-01, 3.135339941958070198e-01
2.388111074397813449e-01, 1.478091701366380240e-01, 2.998948265051981088e-01, 3.134848959183824113e-01
2.388832835219615036e-01, 1.477964651414426789e-01, 2.998844483424089602e-01, 3.134358029941868296e-01
2.389554715027647214e-01, 1.477837538706134879e-01, 2.998740591828560897e-01, 3.133867154437656177e-01
2.390276713568866007e-01, 1.477710363299536145e-01, 2.998636590254903922e-01, 3.133376332876693926e-01
2.390998830590109481e-01, 1.477583125252711627e-01, 2.998532478692637615e-01, 3.132885565464541000e-01
2.391721065838105786e-01, 1.477455824623789826e-01, 2.998428257131294239e-01, 3.132394852406810148e-01
2.392443419059468723e-01, 1.477328461470951704e-01, 2.998323925560410497e-01, 3.131904193909168521e-01
2.393165890000702178e-01, 1.477201035852425404e-01, 2.998219483969539190e-01, 3.131413590177332673e-01
2.393888478408193188e-01, 1.477073547826487920e-01, 2.998114932348242556e-01, 3.130923041417075225e-01
2.394611184028221651e-01, 1.476945997451467874e-01, 2.998010270686093381e-01, 3.130432547834218204e-01
2.395334006606949229e-01, 1.476818384785739957e-01, 2.997905498972670557e-01, 3.129942109634638592e-01
2.396056945890431555e-01, 1.476690709887731601e-01, 2.997800617197571849e-01, 3.129451727024264440e-01
2.396780001624607970e-01, 1.476562972815916586e-01, 2.997695625350398907e-01, 3.128961400209077093e-01
2.397503173555307066e-01, 1.476435173628819764e-01, 2.997590523420768926e-01, 3.128471129395105632e-01
2.398226461428246969e-01, 1.476307312385012616e-01, 2.997485311398304098e-01, 3.127980914788436873e-01
2.398949864989032288e-01, 1.476179389143119081e-01, 2.997379989272643264e-01, 3.127490756595205368e-01
2.399673383983158270e-01, 1.476051403961810005e-01, 2.997274557033434705e-01, 3.127000655021597852e-01
2.400397018156006645e-01, 1.475923356899805361e-01, 2.997169014670333920e-01, 3.126510610273853796e-01
2.401120767252850619e-01, 1.475795248015876193e-01, 2.997063362173010281e-01, 3.126020622558263184e-01
2.401844631018849319e-01, 1.475667077368838787e-01, 2.996957599531144267e-01, 3.125530692081165962e-01
2.402568609199054461e-01, 1.475538845017562717e-01, 2.996851726734426902e-01, 3.125040819048955920e-01
2.403292701538402021e-01, 1.475410551020963357e-01, 2.996745743772560311e-01, 3.124551003668074589e-01
2.404016907781723333e-01, 1.475282195438006039e-01, 2.996639650635253838e-01, 3.124061246145016235e-01
2.404741227673733994e-01, 1.475153778327706611e-01, 2.996533447312234588e-01, 3.123571546686323419e-01
2.405465660959044405e-01, 1.475025299749127827e-01, 2.996427133793235775e-01, 3.123081905498593103e-01
2.406190207382148116e-01, 1.474896759761381293e-01, 2.996320710068001714e-01, 3.122592322788467767e-01
2.406914866687434595e-01, 1.474768158423628850e-01, 2.996214176126291151e-01, 3.122102798762645404e-01
2.407639638619180900e-01, 1.474639495795079525e-01, 2.996107531957871162e-01, 3.121613333627867859e-01
2.408364522921553619e-01, 1.474510771934993969e-01, 2.996000777552519923e-01, 3.121123927590931935e-01
2.409089519338611374e-01, 1.474381986902678077e-01, 2.995893912900027267e-01, 3.120634580858682727e-01
2.409814627614302318e-01, 1.474253140757488811e-01, 2.995786937990196352e-01, 3.120145293638013073e-01
2.410539847492463583e-01, 1.474124233558831154e-01, 2.995679852812837551e-01, 3.119656066135867434e-01
2.411265178716826829e-01, 1.473995265366159768e-01, 2.995572657357774005e-01, 3.119166898559239676e-01
2.411990621031011583e-01, 1.473866236238976224e-01, 2.995465351614842175e-01, 3.118677791115170295e-01
2.412716174178529405e-01, 1.473737146236832052e-01, 2.995357935573886854e-01, 3.118188744010751967e-01
2.413441837902781939e-01, 1.473607995419327354e-01, 2.995250409224766708e-01, 3.117699757453124554e-01
2.414167611947063696e-01, 1.473478783846110252e-01, 2.995142772557348176e-01, 3.117210831649477876e-01
2.414893496054559829e-01, 1.473349511576877990e-01, 2.995035025561514908e-01, 3.116721966807046718e-01
2.415619489968347522e-01, 1.473220178671377223e-01, 2.994927168227154435e-01, 3.116233163133121375e-01
2.416345593431394601e-01, 1.473090785189400953e-01, 2.994819200544172055e-01, 3.115744420835032114e-01
2.417071806186561200e-01, 1.472961331190792145e-01, 2.994711122502481393e-01, 3.115255740120165262e-01
2.417798127976600597e-01, 1.472831816735442889e-01, 2.994602934092007729e-01, 3.114767121195948785e-01
2.418524558544156988e-01, 1.472702241883292185e-01, 2.994494635302688557e-01, 3.114278564269862271e-01
2.419251097631766878e-01, 1.472572606694328712e-01, 2.994386226124471917e-01, 3.113790069549432493e-01
2.419977744981858248e-01, 1.472442911228588613e-01, 2.994277706547320839e-01, 3.113301637242232300e-01
2.420704500336754439e-01, 1.472313155546158270e-01, 2.994169076561203346e-01, 3.112813267555885055e-01
2.421431363438668327e-01, 1.472183339707169303e-01, 2.994060336156105229e-01, 3.112324960698056864e-01
2.422158334029708426e-01, 1.472053463771805237e-01, 2.993951485322020045e-01, 3.111836716876467124e-01
2.422885411851873338e-01, 1.471923527800295395e-01, 2.993842524048955234e-01, 3.111348536298876866e-01
2.423612596647057582e-01, 1.471793531852918502e-01, 2.993733452326929334e-01, 3.110860419173094304e-01
2.424339888157046596e-01, 1.471663475990000747e-01, 2.993624270145972543e-01, 3.110372365706980391e-01
2.425067286123521182e-01, 1.471533360271918001e-01, 2.993514977496125051e-01, 3.109884376108436599e-01
2.425794790288053338e-01, 1.471403184759093041e-01, 2.993405574367442035e-01, 3.109396450585412142e-01
2.426522400392110701e-01, 1.471272949511996941e-01, 2.993296060749988108e-01, 3.108908589345903417e-01
2.427250116177055717e-01, 1.471142654591150178e-01, 2.993186436633840097e-01, 3.108420792597955118e-01
2.427977937384140361e-01, 1.471012300057120137e-01, 2.993076702009087597e-01, 3.107933060549653015e-01
2.428705863754514749e-01, 1.470881885970522773e-01, 2.992966856865830749e-01, 3.107445393409132839e-01
2.429433895029222412e-01, 1.470751412392022062e-01, 2.992856901194181352e-01, 3.106957791384573619e-01
2.430162030949200580e-01, 1.470620879382330826e-01, 2.992746834984266191e-01, 3.106470254684202681e-01
2.430890271255281010e-01, 1.470490287002207963e-01, 2.992636658226219826e-01, 3.105982783516291201e-01
2.431618615688190543e-01, 1.470359635312462332e-01, 2.992526370910191247e-01, 3.105495378089154768e-01
2.432347063988551106e-01, 1.470228924373950807e-01, 2.992415973026341658e-01, 3.105008038611156707e-01
2.433075615896878319e-01, 1.470098154247576894e-01, 2.992305464564843365e-01, 3.104520765290702533e-01
2.433804271153584275e-01, 1.469967324994292390e-01, 2.992194845515878665e-01, 3.104033558336244947e-01
2.434533029498976153e-01, 1.469836436675097668e-01, 2.992084115869645955e-01, 3.103546417956279946e-01
2.435261890673254825e-01, 1.469705489351041117e-01, 2.991973275616354733e-01, 3.103059344359349603e-01
2.435990854416519857e-01, 1.469574483083218031e-01, 2.991862324746223933e-01, 3.102572337754037624e-01
2.436719920468763678e-01, 1.469443417932772555e-01, 2.991751263249487480e-01, 3.102085398348976009e-01
2.437449088569875466e-01, 1.469312293960896298e-01, 2.991640091116390954e-01, 3.101598526352837282e-01
2.438178358459640316e-01, 1.469181111228827774e-01, 2.991528808337190481e-01, 3.101111721974340596e-01
2.438907729877741737e-01, 1.469049869797855179e-01, 2.991417414902156624e-01, 3.100624985422247848e-01
2.439637202563753327e-01, 1.468918569729312784e-01, 2.991305910801569934e-01, 3.100138316905363678e-01
2.440366776257152093e-01, 1.468787211084582323e-01, 2.991194296025725397e-01, 3.099651716632539356e-01
2.441096450697308740e-01, 1.468655793925095210e-01, 2.991082570564930210e-01, 3.099165184812666674e-01
2.441826225623488222e-01, 1.468524318312330046e-01, 2.990970734409501564e-01, 3.098678721654680723e-01
2.442556100774856964e-01, 1.468392784307810395e-01, 2.990858787549771636e-01, 3.098192327367561005e-01
2.443286075890474807e-01, 1.468261191973110058e-01, 2.990746729976083707e-01, 3.097706002160331429e-01
2.444016150709301394e-01, 1.468129541369850299e-01, 2.990634561678792713e-01, 3.097219746242054761e-01
2.444746324970190898e-01, 1.467997832559699567e-01, 2.990522282648269137e-01, 3.096733559821839288e-01
2.445476598411897295e-01, 1.467866065604372938e-01, 2.990409892874892894e-01, 3.096247443108837150e-01
2.446206970773071032e-01, 1.467734240565634896e-01, 2.990297392349055561e-01, 3.095761396312238789e-01
2.446937441792259027e-01, 1.467602357505295163e-01, 2.990184781061165920e-01, 3.095275419641280168e-01
2.447668011207909944e-01, 1.467470416485212037e-01, 2.990072059001639970e-01, 3.094789513305237216e-01
2.448398678758366420e-01, 1.467338417567291831e-01, 2.989959226160910921e-01, 3.094303677513431383e-01
2.449129444181871451e-01, 1.467206360813487209e-01, 2.989846282529421417e-01, 3.093817912475220755e-01
2.449860307216565614e-01, 1.467074246285798855e-01, 2.989733228097626871e-01, 3.093332218400008382e-01
2.450591267600488732e-01, 1.466942074046274358e-01, 2.989620062855997129e-01, 3.092846595497238948e-01
2.451322325071578212e-01, 1.466809844157009601e-01, 2.989506786795014248e-01, 3.092361043976397661e-01
2.452053479367670152e-01, 1.466677556680145711e-01, 2.989393399905172499e-01, 3.091875564047010805e-01
2.452784730226501009e-01, 1.466545211677874050e-01, 2.989279902176979475e-01, 3.091390155918646299e-01
2.453516077385705929e-01, 1.466412809212429835e-01, 2.989166293600953317e-01, 3.090904819800911474e-01
2.454247520582817643e-01, 1.466280349346098244e-01, 2.989052574167627152e-01, 3.090419555903456961e-01
2.454979059555270349e-01, 1.466147832141210250e-01, 2.988938743867547432e-01, 3.089934364435971692e-01
2.455710694040396658e-01, 1.466015257660144289e-01, 2.988824802691272264e-01, 3.089449245608186789e-01
2.456442423775428985e-01, 1.465882625965325425e-01, 2.988710750629372526e-01, 3.088964199629872232e-01
2.457174248497500102e-01, 1.465749937119227853e-01, 2.988596587672432414e-01, 3.088479226710838521e-01
2.457906167943641751e-01, 1.465617191184369894e-01, 2.988482313811050561e-01, 3.087994327060937794e-01
2.458638181850786586e-01, 1.465484388223319001e-01, 2.988367929035835591e-01, 3.087509500890058822e-01
2.459370289955767619e-01, 1.465351528298688422e-01, 2.988253433337410558e-01, 3.087024748408133679e-01
2.460102491995317664e-01, 1.465218611473139143e-01, 2.988138826706412954e-01, 3.086540069825129406e-01
2.460834787706071003e-01, 1.465085637809379615e-01, 2.988024109133490258e-01, 3.086055465351059124e-01
2.461567176824562275e-01, 1.464952607370163529e-01, 2.987909280609305496e-01, 3.085570935195969255e-01
2.462299659087226478e-01, 1.464819520218292870e-01, 2.987794341124533903e-01, 3.085086479569947304e-01
2.463032234230400075e-01, 1.464686376416616531e-01, 2.987679290669864041e-01, 3.084602098683119076e-01
2.463764901990320999e-01, 1.464553176028029202e-01, 2.987564129235997235e-01, 3.084117792745652564e-01
2.464497662103128373e-01, 1.464419919115473590e-01, 2.987448856813648135e-01, 3.083633561967749070e-01
2.465230514304863618e-01, 1.464286605741937919e-01, 2.987333473393545824e-01, 3.083149406559652084e-01
2.465963458331467961e-01, 1.464153235970457601e-01, 2.987217978966431042e-01, 3.082665326731642841e-01
2.466696493918785205e-01, 1.464019809864116062e-01, 2.987102373523058962e-01, 3.082181322694040326e-01
2.467429620802561452e-01, 1.463886327486042249e-01, 2.986986657054195859e-01, 3.081697394657200162e-01
2.468162838718445939e-01, 1.463752788899411461e-01, 2.986870829550624662e-01, 3.081213542831517382e-01
2.468896147401988539e-01, 1.463619194167446180e-01, 2.986754891003138845e-01, 3.080729767427426435e-01
2.469629546588641700e-01, 1.463485543353415241e-01, 2.986638841402546318e-01, 3.080246068655395630e-01
2.470363036013761837e-01, 1.463351836520635219e-01, 2.986522680739669977e-01, 3.079762446725933245e-01
2.471096615412606279e-01, 1.463218073732467928e-01, 2.986406409005341600e-01, 3.079278901849584749e-01
2.471830284520336596e-01, 1.463084255052320981e-01, 2.986290026190411839e-01, 3.078795434236930029e-01
2.472564043072017492e-01, 1.462950380543651396e-01, 2.986173532285741339e-01, 3.078312044098589495e-01
2.473297890802614862e-01, 1.462816450269958934e-01, 2.986056927282206841e-01, 3.077828731645218530e-01
2.474031827447001342e-01, 1.462682464294794427e-01, 2.985940211170695635e-01, 3.077345497087509152e-01
2.474765852739949923e-01, 1.462548422681750060e-01, 2.985823383942110554e-01, 3.076862340636190574e-01
2.475499966416139230e-01, 1.462414325494467426e-01, 2.985706445587367197e-01, 3.076379262502026979e-01
2.476234168210150188e-01, 1.462280172796633915e-01, 2.985589396097394488e-01, 3.075896262895820854e-01
2.476968457856469907e-01, 1.462145964651983543e-01, 2.985472235463138002e-01, 3.075413342028407993e-01
2.477702835089488631e-01, 1.462011701124296403e-01, 2.985354963675553308e-01, 3.074930500110661380e-01
2.478437299643498903e-01, 1.461877382277398107e-01, 2.985237580725610962e-01, 3.074447737353492305e-01
2.479171851252700565e-01, 1.461743008175161174e-01, 2.985120086604294842e-01, 3.073965053967842587e-01
2.479906489651197143e-01, 1.461608578881505027e-01, 2.985002481302604926e-01, 3.073482450164693458e-01
2.480641214572996966e-01, 1.461474094460392947e-01, 2.984884764811551183e-01, 3.072999926155058348e-01
2.481376025752012326e-01, 1.461339554975838451e-01, 2.984766937122160235e-01, 3.072517482149988988e-01
2.482110922922060869e-01, 1.461204960491896410e-01, 2.984648998225472027e-01, 3.072035118360569861e-01
2.482845905816868370e-01, 1.461070311072671657e-01, 2.984530948112540383e-01, 3.071552834997920423e-01
2.483580974170061795e-01, 1.460935606782312046e-01, 2.984412786774431336e-01, 3.071070632273195655e-01
2.484316127715177069e-01, 1.460800847685013726e-01, 2.984294514202227022e-01, 3.070588510397582183e-01
2.485051366185652422e-01, 1.460666033845018363e-01, 2.984176130387024006e-01, 3.070106469582306041e-01
2.485786689314836151e-01, 1.460531165326612590e-01, 2.984057635319928847e-01, 3.069624510038622134e-01
2.486522096835978302e-01, 1.460396242194129668e-01, 2.983939028992068088e-01, 3.069142631977824220e-01
2.487257588482239545e-01, 1.460261264511949486e-01, 2.983820311394576597e-01, 3.068660835611234927e-01
2.487993163986683132e-01, 1.460126232344496899e-01, 2.983701482518607007e-01, 3.068179121150212962e-01
2.488728823082279884e-01, 1.459991145756242836e-01, 2.983582542355325828e-01, 3.067697488806152006e-01
2.489464565501909310e-01, 1.459856004811703467e-01, 2.983463490895909564e-01, 3.067215938790476826e-01
2.490200390978354883e-01, 1.459720809575442146e-01, 2.983344328131555812e-01, 3.066734471314646049e-01
2.490936299244310426e-01, 1.459585560112067193e-01, 2.983225054053469938e-01, 3.066253086590152721e-01
2.491672290032372616e-01, 1.459450256486231889e-01, 2.983105668652876186e-01, 3.065771784828519864e-01
2.492408363075049038e-01, 1.459314898762636148e-01, 2.982986171921009899e-01, 3.065290566241304915e-01
2.493144518104753737e-01, 1.459179487006027065e-01, 2.982866563849122521e-01, 3.064809431040097509e-01
2.493880754853807780e-01, 1.459044021281192816e-01, 2.982746844428478261e-01, 3.064328379436521144e-01
2.494617073054439249e-01, 1.458908501652972645e-01, 2.982627013650356873e-01, 3.063847411642229845e-01
2.495353472438788800e-01, 1.458772928186247986e-01, 2.982507071506053098e-01, 3.063366527868909839e-01
2.496089952738899109e-01, 1.458637300945946624e-01, 2.982387017986875000e-01, 3.062885728328280099e-01
2.496826513686724591e-01, 1.458501619997041310e-01, 2.982266853084143965e-01, 3.062405013232089579e-01
2.497563155014128344e-01, 1.458365885404551976e-01, 2.982146576789197479e-01, 3.061924382792122756e-01
2.498299876452881318e-01, 1.458230097233542966e-01, 2.982026189093387458e-01, 3.061443837220188535e-01
2.499036677734662037e-01, 1.458094255549122475e-01, 2.981905689988079144e-01, 3.060963376728135787e-01
2.499773558591059652e-01, 1.457958360416447829e-01, 2.981785079464653876e-01, 3.060483001527838920e-01
2.500510518753572553e-01, 1.457822411900717707e-01, 2.981664357514506869e-01, 3.060002711831203426e-01
2.501247557953606426e-01, 1.457686410067179084e-01, 2.981543524129047218e-01, 3.059522507850166440e-01
2.501984675922480084e-01, 1.457550354981123064e-01, 2.981422579299699005e-01, 3.059042389796697292e-01
2.502721872391417968e-01, 1.457414246707885164e-01, 2.981301523017903521e-01, 3.058562357882793625e-01
2.503459147091556813e-01, 1.457278085312848359e-01, 2.981180355275109828e-01, 3.058082412320484722e-01
2.504196499753941763e-01, 1.457141870861438926e-01, 2.981059076062790303e-01, 3.057602553321829286e-01
2.504933930109530249e-01, 1.457005603419128936e-01, 2.980937685372425094e-01, 3.057122781098916553e-01
2.505671437889185338e-01, 1.456869283051435426e-01, 2.980816183195514890e-01, 3.056643095863864068e-01
2.506409022823688493e-01, 1.456732909823921507e-01, 2.980694569523568704e-01, 3.056163497828821574e-01
2.507146684643722923e-01, 1.456596483802193864e-01, 2.980572844348116646e-01, 3.055683987205966012e-01
2.507884423079889125e-01, 1.456460005051905260e-01, 2.980451007660700480e-01, 3.055204564207504303e-01
2.508622237862695448e-01, 1.456323473638753696e-01, 2.980329059452877516e-01, 3.054725229045673895e-01
2.509360128722561423e-01, 1.456186889628481029e-01, 2.980206999716217275e-01, 3.054245981932739995e-01
2.510098095389818873e-01, 1.456050253086874913e-01, 2.980084828442309264e-01, 3.053766823080996118e-01
2.510836137594711914e-01, 1.455913564079767963e-01, 2.979962545622755199e-01, 3.053287752702765201e-01
2.511574255067393069e-01, 1.455776822673037485e-01, 2.979840151249170677e-01, 3.052808771010398492e-01
2.512312447537929372e-01, 1.455640028932605745e-01, 2.979717645313187391e-01, 3.052329878216276660e-01
2.513050714736299041e-01, 1.455503182924439698e-01, 2.979595027806453689e-01, 3.051851074532807018e-01
2.513789056392392585e-01, 1.455366284714550984e-01, 2.979472298720629020e-01, 3.051372360172426301e-01
2.514527472236011696e-01, 1.455229334368996208e-01, 2.979349458047393928e-01, 3.050893735347597335e-01
2.515265961996873134e-01, 1.455092331953878326e-01, 2.979226505778438394e-01, 3.050415200270811811e-01
2.516004525404601511e-01, 1.454955277535340818e-01, 2.979103441905468497e-01, 3.049936755154589174e-01
2.516743162188739835e-01, 1.454818171179575459e-01, 2.978980266420209744e-01, 3.049458400211473852e-01
2.517481872078740635e-01, 1.454681012952818708e-01, 2.978856979314397635e-01, 3.048980135654043577e-01
2.518220654803969838e-01, 1.454543802921349216e-01, 2.978733580579785434e-01, 3.048501961694896067e-01
2.518959510093707332e-01, 1.454406541151491983e-01, 2.978610070208141392e-01, 3.048023878546658461e-01
2.519698437677146963e-01, 1.454269227709616141e-01, 2.978486448191249303e-01, 3.047545886421988426e-01
2.520437437283394311e-01, 1.454131862662135233e-01, 2.978362714520908505e-01, 3.047067985533561396e-01
2.521176508641471137e-01, 1.453994446075508318e-01, 2.978238869188930549e-01, 3.046590176094090552e-01
2.521915651480310383e-01, 1.453856978016236368e-01, 2.978114912187147523e-01, 3.046112458316304616e-01
2.522654865528762280e-01, 1.453719458550868093e-01, 2.977990843507404839e-01, 3.045634832412965065e-01
2.523394150515588796e-01, 1.453581887745993562e-01, 2.977866663141561232e-01, 3.045157298596856688e-01
2.524133506169468077e-01, 1.453444265668248636e-01, 2.977742371081492090e-01, 3.044679857080790919e-01
2.524872932218990562e-01, 1.453306592384314144e-01, 2.977617967319091674e-01, 3.044202508077604730e-01
2.525612428392664532e-01, 1.453168867960913935e-01, 2.977493451846262018e-01, 3.043725251800158960e-01
2.526351994418911673e-01, 1.453031092464816820e-01, 2.977368824654930135e-01, 3.043248088461341649e-01
2.527091630026069291e-01, 1.452893265962835467e-01, 2.977244085737031920e-01, 3.042771018274064709e-01
2.527831334942386987e-01, 1.452755388521827229e-01, 2.977119235084519921e-01, 3.042294041451265030e-01
2.528571108896034980e-01, 1.452617460208692757e-01, 2.976994272689366117e-01, 3.041817158205905036e-01
2.529310951615096337e-01, 1.452479481090377667e-01, 2.976869198543553585e-01, 3.041340368750971579e-01
2.530050862827570302e-01, 1.452341451233871428e-01, 2.976744012639082615e-01, 3.040863673299475378e-01
2.530790842261372298e-01, 1.452203370706207086e-01, 2.976618714967971258e-01, 3.040387072064448803e-01
2.531530889644332261e-01, 1.452065239574462652e-01, 2.976493305522249777e-01, 3.039910565258954200e-01
2.532271004704199080e-01, 1.451927057905759433e-01, 2.976367784293967311e-01, 3.039434153096073898e-01
2.533011187168637823e-01, 1.451788825767262592e-01, 2.976242151275185766e-01, 3.038957835788912987e-01
2.533751436765228626e-01, 1.451650543226182255e-01, 2.976116406457986474e-01, 3.038481613550603200e-01
2.534491753221468358e-01, 1.451512210349770460e-01, 2.975990549834464094e-01, 3.038005486594296256e-01
2.535232136264772840e-01, 1.451373827205325318e-01, 2.975864581396729380e-01, 3.037529455133171630e-01
2.535972585622474074e-01, 1.451235393860187683e-01, 2.975738501136910852e-01, 3.037053519380427669e-01
2.536713101021821903e-01, 1.451096910381741711e-01, 2.975612309047150350e-01, 3.036577679549286590e-01
2.537453682189982351e-01, 1.450958376837417074e-01, 2.975486005119606370e-01, 3.036101935852993927e-01
2.538194328854040949e-01, 1.450819793294683691e-01, 2.975359589346457390e-01, 3.035626288504817971e-01
2.538935040740999960e-01, 1.450681159821059774e-01, 2.975233061719890770e-01, 3.035150737718050329e-01
2.539675817577780048e-01, 1.450542476484104060e-01, 2.975106422232114411e-01, 3.034675283706000926e-01
2.540416659091220830e-01, 1.450403743351419694e-01, 2.974979670875353421e-01, 3.034199926682006887e-01
2.541157565008079211e-01, 1.450264960490653121e-01, 2.974852807641845120e-01, 3.033724666859421992e-01
2.541898535055030495e-01, 1.450126127969495471e-01, 2.974725832523848479e-01, 3.033249504451626111e-01
2.542639568958671159e-01, 1.449987245855680340e-01, 2.974598745513631903e-01, 3.032774439672017430e-01
2.543380666445512750e-01, 1.449848314216984624e-01, 2.974471546603484340e-01, 3.032299472734018564e-01
2.544121827241989653e-01, 1.449709333121229626e-01, 2.974344235785710278e-01, 3.031824603851070443e-01
2.544863051074454097e-01, 1.449570302636279395e-01, 2.974216813052630304e-01, 3.031349833236636759e-01
2.545604337669176154e-01, 1.449431222830040999e-01, 2.974089278396581104e-01, 3.030875161104200632e-01
2.546345686752349846e-01, 1.449292093770466472e-01, 2.973961631809917128e-01, 3.030400587667267387e-01
2.547087098050082599e-01, 1.449152915525549756e-01, 2.973833873285004481e-01, 3.029926113139362887e-01
2.547828571288409116e-01, 1.449013688163327818e-01, 2.973706002814232585e-01, 3.029451737734030203e-01
2.548570106193277507e-01, 1.448874411751881752e-01, 2.973578020390002519e-01, 3.028977461664837945e-01
2.549311702490562048e-01, 1.448735086359336233e-01, 2.973449926004732013e-01, 3.028503285145369150e-01
2.550053359906053196e-01, 1.448595712053858120e-01, 2.973321719650857675e-01, 3.028029208389229621e-01
2.550795078165465912e-01, 1.448456288903657574e-01, 2.973193401320830542e-01, 3.027555231610045694e-01
2.551536856994431335e-01, 1.448316816976988053e-01, 2.973064971007119972e-01, 3.027081355021460918e-01
2.552278696118506218e-01, 1.448177296342146037e-01, 2.972936428702209199e-01, 3.026607578837139378e-01
2.553020595263165715e-01, 1.448037727067471303e-01, 2.972807774398599778e-01, 3.026133903270762926e-01
2.553762554153806708e-01, 1.447898109221346929e-01, 2.972679008088811026e-01, 3.025660328536035615e-01
2.554504572515750027e-01, 1.447758442872198181e-01, 2.972550129765376137e-01, 3.025186854846675377e-01
2.555246650074235459e-01, 1.447618728088493067e-01, 2.972421139420847735e-01, 3.024713482416423460e-01
2.555988786554425629e-01, 1.447478964938743728e-01, 2.972292037047792879e-01, 3.024240211459037209e-01
2.556730981681406556e-01, 1.447339153491504216e-01, 2.972162822638798052e-01, 3.023767042188291176e-01
2.557473235180184323e-01, 1.447199293815371324e-01, 2.972033496186462509e-01, 3.023293974817981566e-01
2.558215546775689520e-01, 1.447059385978985702e-01, 2.971904057683405487e-01, 3.022821009561919015e-01
2.558957916192775017e-01, 1.446919430051029631e-01, 2.971774507122262876e-01, 3.022348146633933030e-01
2.559700343156214308e-01, 1.446779426100228416e-01, 2.971644844495686111e-01, 3.021875386247871997e-01
2.560442827390707055e-01, 1.446639374195350936e-01, 2.971515069796343833e-01, 3.021402728617598732e-01
2.561185368620874647e-01, 1.446499274405206314e-01, 2.971385183016923004e-01, 3.020930173956996034e-01
2.561927966571261872e-01, 1.446359126798650307e-01, 2.971255184150125017e-01, 3.020457722479962803e-01
2.562670620966337465e-01, 1.446218931444576972e-01, 2.971125073188670696e-01, 3.019985374400414591e-01
2.563413331530493000e-01, 1.446078688411926161e-01, 2.970994850125295850e-01, 3.019513129932285267e-01
2.564156097988045113e-01, 1.445938397769677697e-01, 2.970864514952755164e-01, 3.019040989289523691e-01
2.564898920063233279e-01, 1.445798059586855810e-01, 2.970734067663817757e-01, 3.018568952686092599e-01
2.565641797480223696e-01, 1.445657673932527476e-01, 2.970603508251272729e-01, 3.018097020335976377e-01
2.566384729963104294e-01, 1.445517240875799359e-01, 2.970472836707926390e-01, 3.017625192453170513e-01
2.567127717235888618e-01, 1.445376760485823364e-01, 2.970342053026597817e-01, 3.017153469251689923e-01
2.567870759022514715e-01, 1.445236232831792755e-01, 2.970211157200129404e-01, 3.016681850945562848e-01
2.568613855046847916e-01, 1.445095657982942428e-01, 2.970080149221375754e-01, 3.016210337748833625e-01
2.569357005032674723e-01, 1.444955036008550575e-01, 2.969949029083212011e-01, 3.015738929875563801e-01
2.570100208703710587e-01, 1.444814366977936471e-01, 2.969817796778527197e-01, 3.015267627539825468e-01
2.570843465783594906e-01, 1.444673650960462408e-01, 2.969686452300230872e-01, 3.014796430955711259e-01
2.571586775995893248e-01, 1.444532888025533979e-01, 2.969554995641249806e-01, 3.014325340337323245e-01
2.572330139064095689e-01, 1.444392078242596467e-01, 2.969423426794523535e-01, 3.013854355898783477e-01
2.573073554711621802e-01, 1.444251221681138453e-01, 2.969291745753017131e-01, 3.013383477854223447e-01
2.573817022661813447e-01, 1.444110318410690708e-01, 2.969159952509704548e-01, 3.012912706417791853e-01
2.574560542637941429e-01, 1.443969368500826189e-01, 2.969028047057581943e-01, 3.012442041803650716e-01
2.575304114363202723e-01, 1.443828372021158379e-01, 2.968896029389663238e-01, 3.011971484225974827e-01
2.576047737560721029e-01, 1.443687329041345724e-01, 2.968763899498976788e-01, 3.011501033898956736e-01
2.576791411953546218e-01, 1.443546239631085248e-01, 2.968631657378571487e-01, 3.011030691036796769e-01
2.577535137264656551e-01, 1.443405103860117833e-01, 2.968499303021512326e-01, 3.010560455853713568e-01
2.578278913216958124e-01, 1.443263921798225158e-01, 2.968366836420882060e-01, 3.010090328563934658e-01
2.579022739533283204e-01, 1.443122693515231925e-01, 2.968234257569780654e-01, 3.009620309381704217e-01
2.579766615936391894e-01, 1.442981419081003636e-01, 2.968101566461326946e-01, 3.009150398521277525e-01
2.580510542148973796e-01, 1.442840098565447426e-01, 2.967968763088656980e-01, 3.008680596196922630e-01
2.581254517893644684e-01, 1.442698732038512621e-01, 2.967835847444922348e-01, 3.008210902622919791e-01
2.581998542892950943e-01, 1.442557319570190177e-01, 2.967702819523295732e-01, 3.007741318013563148e-01
2.582742616869363461e-01, 1.442415861230512963e-01, 2.967569679316966469e-01, 3.007271842583157939e-01
2.583486739545286515e-01, 1.442274357089554648e-01, 2.967436426819138884e-01, 3.006802476546019398e-01
2.584230910643050549e-01, 1.442132807217430257e-01, 2.967303062023040616e-01, 3.006333220116478300e-01
2.584975129884916067e-01, 1.441991211684297836e-01, 2.967169584921912628e-01, 3.005864073508874301e-01
2.585719396993070851e-01, 1.441849570560355398e-01, 2.967035995509015311e-01, 3.005395036937559272e-01
2.586463711689634959e-01, 1.441707883915842869e-01, 2.966902293777626820e-01, 3.004926110616895074e-01
2.587208073696656840e-01, 1.441566151821042363e-01, 2.966768479721041962e-01, 3.004457294761258557e-01
2.587952482736114446e-01, 1.441424374346275961e-01, 2.966634553332576640e-01, 3.003988589585033231e-01
2.588696938529915226e-01, 1.441282551561908210e-01, 2.966500514605562300e-01, 3.003519995302613710e-01
2.589441440799897798e-01, 1.441140683538343903e-01, 2.966366363533349260e-01, 3.003051512128408485e-01
2.590185989267831945e-01, 1.440998770346030300e-01, 2.966232100109305048e-01, 3.002583140276832707e-01
2.590930583655414732e-01, 1.440856812055455460e-01, 2.966097724326816065e-01, 3.002114879962312632e-01
2.591675223684278273e-01, 1.440714808737147690e-01, 2.965963236179287588e-01, 3.001646731399286727e-01
2.592419909075981410e-01, 1.440572760461677482e-01, 2.965828635660140988e-01, 3.001178694802199565e-01
2.593164639552016926e-01, 1.440430667299655854e-01, 2.965693922762817070e-01, 3.000710770385508486e-01
2.593909414833809324e-01, 1.440288529321736288e-01, 2.965559097480774953e-01, 3.000242958363679713e-01
2.594654234642710944e-01, 1.440146346598611127e-01, 2.965424159807492077e-01, 2.999775258951185575e-01
2.595399098700009732e-01, 1.440004119201015176e-01, 2.965289109736462536e-01, 2.999307672362512833e-01
2.596144006726923692e-01, 1.439861847199723210e-01, 2.965153947261201517e-01, 2.998840198812151581e-01
2.596888958444601991e-01, 1.439719530665551916e-01, 2.965018672375240860e-01, 2.998372838514605232e-01
2.597633953574128851e-01, 1.439577169669358503e-01, 2.964883285072128505e-01, 2.997905591684383864e-01
2.598378991836517993e-01, 1.439434764282040702e-01, 2.964747785345436815e-01, 2.997438458536004768e-01
2.599124072952717635e-01, 1.439292314574537601e-01, 2.964612173188750921e-01, 2.996971439283995231e-01
2.599869196643607716e-01, 1.439149820617828535e-01, 2.964476448595674829e-01, 2.996504534142889753e-01
2.600614362630001009e-01, 1.439007282482934191e-01, 2.964340611559835303e-01, 2.996037743327231162e-01
2.601359570632644225e-01, 1.438864700240914396e-01, 2.964204662074872987e-01, 2.995571067051567837e-01
2.602104820372218019e-01, 1.438722073962871995e-01, 2.964068600134449616e-01, 2.995104505530459815e-01
2.602850111569336433e-01, 1.438579403719949246e-01, 2.963932425732246356e-01, 2.994638058978469353e-01
2.603595443944543564e-01, 1.438436689583328376e-01, 2.963796138861957696e-01, 2.994171727610170364e-01
2.604340817218323556e-01, 1.438293931624233246e-01, 2.963659739517303660e-01, 2.993705511640140093e-01
2.605086231111090611e-01, 1.438151129913926574e-01, 2.963523227692017592e-01, 2.993239411282965778e-01
2.605831685343193427e-01, 1.438008284523714098e-01, 2.963386603379855599e-01, 2.992773426753236876e-01
2.606577179634917418e-01, 1.437865395524939860e-01, 2.963249866574588776e-01, 2.992307558265554501e-01
2.607322713706480832e-01, 1.437722462988990091e-01, 2.963113017270009308e-01, 2.991841806034520879e-01
2.608068287278036967e-01, 1.437579486987287658e-01, 2.962976055459927704e-01, 2.991376170274747670e-01
2.608813900069674174e-01, 1.437436467591301226e-01, 2.962838981138173344e-01, 2.990910651200851533e-01
2.609559551801417521e-01, 1.437293404872535818e-01, 2.962701794298593372e-01, 2.990445249027454122e-01
2.610305242193225461e-01, 1.437150298902537260e-01, 2.962564494935053250e-01, 2.989979963969183197e-01
2.611050970964994278e-01, 1.437007149752893564e-01, 2.962427083041441755e-01, 2.989514796240669847e-01
2.611796737836553084e-01, 1.436863957495229382e-01, 2.962289558611662654e-01, 2.989049746056555157e-01
2.612542542527671596e-01, 1.436720722201213218e-01, 2.962151921639637475e-01, 2.988584813631477988e-01
2.613288384758050142e-01, 1.436577443942551602e-01, 2.962014172119310507e-01, 2.988119999180088304e-01
2.614034264247329653e-01, 1.436434122790989643e-01, 2.961876310044642691e-01, 2.987655302917037736e-01
2.614780180715086111e-01, 1.436290758818316859e-01, 2.961738335409614398e-01, 2.987190725056982354e-01
2.615526133880833881e-01, 1.436147352096359131e-01, 2.961600248208225428e-01, 2.986726265814582115e-01
2.616272123464021271e-01, 1.436003902696983692e-01, 2.961462048434495009e-01, 2.986261925404500861e-01
2.617018149184035525e-01, 1.435860410692096079e-01, 2.961323736082459579e-01, 2.985797704041407985e-01
2.617764210760203381e-01, 1.435716876153643740e-01, 2.961185311146177224e-01, 2.985333601939976211e-01
2.618510307911784407e-01, 1.435573299153612981e-01, 2.961046773619723793e-01, 2.984869619314877709e-01
2.619256440357980997e-01, 1.435429679764030908e-01, 2.960908123497194011e-01, 2.984405756380795194e-01
2.620002607817928375e-01, 1.435286018056961821e-01, 2.960769360772704251e-01, 2.983942013352406386e-01
2.620748810010705143e-01, 1.435142314104511929e-01, 2.960630485440385873e-01, 2.983478390444397332e-01
2.621495046655324956e-01, 1.434998567978826856e-01, 2.960491497494392998e-01, 2.983014887871455745e-01
2.622241317470740962e-01, 1.434854779752090803e-01, 2.960352396928898622e-01, 2.982551505848269890e-01
2.622987622175844136e-01, 1.434710949496528221e-01, 2.960213183738094611e-01, 2.982088244589532477e-01
2.623733960489465500e-01, 1.434567077284404357e-01, 2.960073857916191709e-01, 2.981625104309937879e-01
2.624480332130376126e-01, 1.434423163188021932e-01, 2.959934419457420085e-01, 2.981162085224181579e-01
2.625226736817284356e-01, 1.434279207279723356e-01, 2.959794868356031561e-01, 2.980699187546960727e-01
2.625973174268838584e-01, 1.434135209631891561e-01, 2.959655204606294054e-01, 2.980236411492976911e-01
2.626719644203626136e-01, 1.433991170316948061e-01, 2.959515428202497689e-01, 2.979773757276927282e-01
2.627466146340178832e-01, 1.433847089407354336e-01, 2.959375539138949796e-01, 2.979311225113517314e-01
2.628212680396961320e-01, 1.433702966975610449e-01, 2.959235537409981021e-01, 2.978848815217448043e-01
2.628959246092384960e-01, 1.433558803094256429e-01, 2.959095423009934778e-01, 2.978386527803423833e-01
2.629705843144797828e-01, 1.433414597835871163e-01, 2.958955195933182236e-01, 2.977924363086149051e-01
2.630452471272489712e-01, 1.433270351273072396e-01, 2.958814856174109553e-01, 2.977462321280329172e-01
2.631199130193691560e-01, 1.433126063478517009e-01, 2.958674403727123980e-01, 2.977000402600667450e-01
2.631945819626576588e-01, 1.432981734524902406e-01, 2.958533838586649978e-01, 2.976538607261871028e-01
2.632692539289255285e-01, 1.432837364484962905e-01, 2.958393160747135875e-01, 2.976076935478644825e-01
2.633439288899785402e-01, 1.432692953431474181e-01, 2.958252370203047210e-01, 2.975615387465693207e-01
2.634186068176162521e-01, 1.432548501437248822e-01, 2.958111466948868951e-01, 2.975153963437719984e-01
2.634932876836323934e-01, 1.432404008575139387e-01, 2.957970450979107713e-01, 2.974692663609430077e-01
2.635679714598149204e-01, 1.432259474918036735e-01, 2.957829322288287877e-01, 2.974231488195526185e-01
2.636426581179463491e-01, 1.432114900538871971e-01, 2.957688080870956582e-01, 2.973770437410709899e-01
2.637173476298029229e-01, 1.431970285510612839e-01, 2.957546726721677066e-01, 2.973309511469681143e-01
2.637920399671556670e-01, 1.431825629906267883e-01, 2.957405259835035327e-01, 2.972848710587139287e-01
2.638667351017694451e-01, 1.431680933798884503e-01, 2.957263680205637901e-01, 2.972388034977783700e-01
2.639414330054036806e-01, 1.431536197261546461e-01, 2.957121987828109089e-01, 2.971927484856305979e-01
2.640161336498121902e-01, 1.431391420367377765e-01, 2.956980182697094284e-01, 2.971467060437406049e-01
2.640908370067429622e-01, 1.431246603189542388e-01, 2.956838264807258865e-01, 2.971006761935770513e-01
2.641655430479381006e-01, 1.431101745801239555e-01, 2.956696234153288194e-01, 2.970546589566090412e-01
2.642402517451348243e-01, 1.430956848275710125e-01, 2.956554090729888173e-01, 2.970086543543054014e-01
2.643149630700641906e-01, 1.430811910686232702e-01, 2.956411834531784133e-01, 2.969626624081342370e-01
2.643896769944517056e-01, 1.430666933106121974e-01, 2.956269465553723053e-01, 2.969166831395638750e-01
2.644643934900176019e-01, 1.430521915608734818e-01, 2.956126983790470786e-01, 2.968707165700619210e-01
2.645391125284762279e-01, 1.430376858267464191e-01, 2.955984389236813725e-01, 2.968247627210960915e-01
2.646138340815366585e-01, 1.430231761155741632e-01, 2.955841681887557137e-01, 2.967788216141333257e-01
2.646885581209025839e-01, 1.430086624347038093e-01, 2.955698861737531269e-01, 2.967328932706405631e-01
2.647632846182717548e-01, 1.429941447914861163e-01, 2.955555928781580799e-01, 2.966869777120839657e-01
2.648380135453370920e-01, 1.429796231932757289e-01, 2.955412883014574832e-01, 2.966410749599295849e-01
2.649127448737856327e-01, 1.429650976474312329e-01, 2.955269724431402456e-01, 2.965951850356429165e-01
2.649874785752989181e-01, 1.429505681613148227e-01, 2.955126453026971078e-01, 2.965493079606891236e-01
2.650622146215536046e-01, 1.429360347422926614e-01, 2.954983068796209755e-01, 2.965034437565328140e-01
2.651369529842204642e-01, 1.429214973977345482e-01, 2.954839571734067527e-01, 2.964575924446380961e-01
2.652116936349652732e-01, 1.429069561350144180e-01, 2.954695961835516749e-01, 2.964117540464686340e-01
2.652864365454482010e-01, 1.428924109615095639e-01, 2.954552239095545874e-01, 2.963659285834876478e-01
2.653611816873241991e-01, 1.428778618846013870e-01, 2.954408403509167780e-01, 2.963201160771575804e-01
2.654359290322430565e-01, 1.428633089116750632e-01, 2.954264455071414219e-01, 2.962743165489405417e-01
2.655106785518490664e-01, 1.428487520501192654e-01, 2.954120393777336928e-01, 2.962285300202979199e-01
2.655854302177813597e-01, 1.428341913073268576e-01, 2.953976219622010402e-01, 2.961827565126907702e-01
2.656601840016740157e-01, 1.428196266906941458e-01, 2.953831932600526344e-01, 2.961369960475792595e-01
2.657349398751557290e-01, 1.428050582076214881e-01, 2.953687532708001440e-01, 2.960912486464227777e-01
2.658096978098496987e-01, 1.427904858655127396e-01, 2.953543019939570691e-01, 2.960455143306805481e-01
2.658844577773746276e-01, 1.427759096717756970e-01, 2.953398394290389084e-01, 2.959997931218106837e-01
2.659592197493435561e-01, 1.427613296338218485e-01, 2.953253655755636586e-01, 2.959540850412709645e-01
2.660339836973645289e-01, 1.427467457590665401e-01, 2.953108804330508153e-01, 2.959083901105181158e-01
2.661087495930404834e-01, 1.427321580549287261e-01, 2.952963840010223717e-01, 2.958627083510083633e-01
2.661835174079692501e-01, 1.427175665288312467e-01, 2.952818762790023199e-01, 2.958170397841971555e-01
2.662582871137436635e-01, 1.427029711882004670e-01, 2.952673572665168167e-01, 2.957713844315390528e-01
2.663330586819513957e-01, 1.426883720404668043e-01, 2.952528269630937952e-01, 2.957257423144879493e-01
2.664078320841751779e-01, 1.426737690930642566e-01, 2.952382853682637975e-01, 2.956801134544967957e-01
2.664826072919925792e-01, 1.426591623534303743e-01, 2.952237324815589758e-01, 2.956344978730180983e-01
2.665573842769763946e-01, 1.426445518290068437e-01, 2.952091683025139801e-01, 2.955888955915028093e-01
2.666321630106943674e-01, 1.426299375272386538e-01, 2.951945928306651257e-01, 2.955433066314017698e-01
2.667069434647092452e-01, 1.426153194555748738e-01, 2.951800060655514479e-01, 2.954977310141645441e-01
2.667817256105787238e-01, 1.426006976214679312e-01, 2.951654080067134811e-01, 2.954521687612397529e-01
2.668565094198560583e-01, 1.425860720323742781e-01, 2.951507986536944794e-01, 2.954066198940752952e-01
2.669312948640889527e-01, 1.425714426957539194e-01, 2.951361780060390849e-01, 2.953610844341179598e-01
2.670060819148207809e-01, 1.425568096190706346e-01, 2.951215460632947707e-01, 2.953155624028138138e-01
2.670808705435898656e-01, 1.425421728097917284e-01, 2.951069028250108972e-01, 2.952700538216074810e-01
2.671556607219295887e-01, 1.425275322753884188e-01, 2.950922482907386568e-01, 2.952245587119432524e-01
2.672304524213687249e-01, 1.425128880233356155e-01, 2.950775824600318509e-01, 2.951790770952638088e-01
2.673052456134312194e-01, 1.424982400611116973e-01, 2.950629053324460016e-01, 2.951336089930109430e-01
2.673800402696361322e-01, 1.424835883961989291e-01, 2.950482169075391292e-01, 2.950881544266257817e-01
2.674548363614980828e-01, 1.424689330360831563e-01, 2.950335171848710858e-01, 2.950427134175477861e-01
2.675296338605263058e-01, 1.424542739882538878e-01, 2.950188061640041104e-01, 2.949972859872156405e-01
2.676044327382261501e-01, 1.424396112602044628e-01, 2.950040838445024405e-01, 2.949518721570669189e-01
2.676792329660978020e-01, 1.424249448594316347e-01, 2.949893502259325895e-01, 2.949064719485379737e-01
2.677540345156367851e-01, 1.424102747934359592e-01, 2.949746053078630692e-01, 2.948610853830641032e-01
2.678288373583342930e-01, 1.423956010697216834e-01, 2.949598490898645564e-01, 2.948157124820794950e-01
2.679036414656765230e-01, 1.423809236957965796e-01, 2.949450815715102259e-01, 2.947703532670166160e-01
2.679784468091452876e-01, 1.423662426791723057e-01, 2.949303027523749177e-01, 2.947250077593074891e-01
2.680532533602177359e-01, 1.423515580273638503e-01, 2.949155126320359699e-01, 2.946796759803824162e-01
2.681280610903665762e-01, 1.423368697478900602e-01, 2.949007112100729411e-01, 2.946343579516704780e-01
2.682028699710597430e-01, 1.423221778482733624e-01, 2.948858984860671106e-01, 2.945890536945998117e-01
2.682776799737608409e-01, 1.423074823360397645e-01, 2.948710744596024780e-01, 2.945437632305968334e-01
2.683524910699290333e-01, 1.422927832187190489e-01, 2.948562391302648744e-01, 2.944984865810869601e-01
2.684273032310189322e-01, 1.422780805038445229e-01, 2.948413924976425182e-01, 2.944532237674939990e-01
2.685021164284805417e-01, 1.422633741989529355e-01, 2.948265345613257371e-01, 2.944079748112408690e-01
2.685769306337596474e-01, 1.422486643115849769e-01, 2.948116653209068017e-01, 2.943627397337485463e-01
2.686517458182975382e-01, 1.422339508492847515e-01, 2.947967847759805915e-01, 2.943175185564371743e-01
2.687265619535309513e-01, 1.422192338196000272e-01, 2.947818929261440957e-01, 2.942723113007248981e-01
2.688013790108925716e-01, 1.422045132300821524e-01, 2.947669897709963571e-01, 2.942271179880289189e-01
2.688761969618106429e-01, 1.421897890882860838e-01, 2.947520753101383617e-01, 2.941819386397649394e-01
2.689510157777087462e-01, 1.421750614017703862e-01, 2.947371495431739818e-01, 2.941367732773468857e-01
2.690258354300066324e-01, 1.421603301780972328e-01, 2.947222124697086998e-01, 2.940916219221874628e-01
2.691006558901193890e-01, 1.421455954248322662e-01, 2.947072640893504403e-01, 2.940464845956978213e-01
2.691754771294581627e-01, 1.421308571495448481e-01, 2.946923044017094040e-01, 2.940013613192876685e-01
2.692502991194294926e-01, 1.421161153598078097e-01, 2.946773334063978456e-01, 2.939562521143648244e-01
2.693251218314358653e-01, 1.421013700631976462e-01, 2.946623511030302955e-01, 2.939111570023361097e-01
2.693999452368757153e-01, 1.420866212672944329e-01, 2.946473574912235605e-01, 2.938660760046061249e-01
2.694747693071432026e-01, 1.420718689796816869e-01, 2.946323525705967228e-01, 2.938210091425784709e-01
2.695495940136280466e-01, 1.420571132079465060e-01, 2.946173363407708634e-01, 2.937759564376545840e-01
2.696244193277161916e-01, 1.420423539596796791e-01, 2.946023088013694502e-01, 2.937309179112347346e-01
2.696992452207892521e-01, 1.420275912424754927e-01, 2.945872699520183380e-01, 2.936858935847170837e-01
2.697740716642247905e-01, 1.420128250639315914e-01, 2.945722197923452135e-01, 2.936408834794984601e-01
2.698488986293963721e-01, 1.419980554316494226e-01, 2.945571583219804279e-01, 2.935958876169738607e-01
2.699237260876733435e-01, 1.419832823532338195e-01, 2.945420855405563310e-01, 2.935509060185365060e-01
2.699985540104211656e-01, 1.419685058362931962e-01, 2.945270014477075482e-01, 2.935059387055780067e-01
2.700733823690013025e-01, 1.419537258884395747e-01, 2.945119060430710922e-01, 2.934609856994880861e-01
2.701482111347709991e-01, 1.419389425172883079e-01, 2.944967993262858630e-01, 2.934160470216548577e-01
2.702230402790837815e-01, 1.419241557304584955e-01, 2.944816812969934805e-01, 2.933711226934643257e-01
2.702978697732889013e-01, 1.419093655355725125e-01, 2.944665519548375077e-01, 2.933262127363009952e-01
2.703726995887321682e-01, 1.418945719402564254e-01, 2.944514112994639499e-01, 2.932813171715474287e-01
2.704475296967550624e-01, 1.418797749521397700e-01, 2.944362593305209774e-01, 2.932364360205841902e-01
2.705223600686952889e-01, 1.418649745788556071e-01, 2.944210960476590921e-01, 2.931915693047899563e-01
2.705971906758867229e-01, 1.418501708280403284e-01, 2.944059214505308497e-01, 2.931467170455420157e-01
2.706720214896593535e-01, 1.418353637073341000e-01, 2.943907355387915259e-01, 2.931018792642149373e-01
2.707468524813393951e-01, 1.418205532243803357e-01, 2.943755383120981728e-01, 2.930570559821820686e-01
2.708216836222492874e-01, 1.418057393868260019e-01, 2.943603297701104515e-01, 2.930122472208142037e-01
2.708965148837075287e-01, 1.417909222023217009e-01, 2.943451099124900772e-01, 2.929674530014806932e-01
2.709713462370290094e-01, 1.417761016785213102e-01, 2.943298787389012627e-01, 2.929226733455485010e-01
2.710461776535246226e-01, 1.417612778230822324e-01, 2.943146362490104972e-01, 2.928779082743826478e-01
2.711210091045020421e-01, 1.417464506436653671e-01, 2.942993824424862681e-01, 2.928331578093463228e-01
2.711958405612647782e-01, 1.417316201479350835e-01, 2.942841173189998383e-01, 2.927884219718003833e-01
2.712706719951127332e-01, 1.417167863435591646e-01, 2.942688408782242471e-01, 2.927437007831037996e-01
2.713455033773424230e-01, 1.417019492382088630e-01, 2.942535531198353649e-01, 2.926989942646132659e-01
2.714203346792464777e-01, 1.416871088395589839e-01, 2.942382540435107829e-01, 2.926543024376836999e-01
2.714951658721140304e-01, 1.416722651552876910e-01, 2.942229436489309236e-01, 2.926096253236674660e-01
2.715699969272304393e-01, 1.416574181930765342e-01, 2.942076219357782629e-01, 2.925649629439148747e-01
2.716448278158775653e-01, 1.416425679606105603e-01, 2.941922889037375533e-01, 2.925203153197742934e-01
2.717196585093340500e-01, 1.416277144655782583e-01, 2.941769445524959337e-01, 2.924756824725917026e-01
2.717944889788745932e-01, 1.416128577156715584e-01, 2.941615888817430413e-01, 2.924310644237108625e-01
2.718693191957705091e-01, 1.415979977185857497e-01, 2.941462218911704007e-01, 2.923864611944734793e-01
2.719441491312896697e-01, 1.415831344820196180e-01, 2.941308435804721455e-01, 2.923418728062184835e-01
2.720189787566963946e-01, 1.415682680136753357e-01, 2.941154539493449627e-01, 2.922972992802833070e-01
2.720938080432517281e-01, 1.415533983212584335e-01, 2.941000529974874822e-01, 2.922527406380023285e-01
2.721686369622131618e-01, 1.415385254124779391e-01, 2.940846407246006100e-01, 2.922081969007082614e-01
2.722434654848348012e-01, 1.415236492950462943e-01, 2.940692171303881386e-01, 2.921636680897309324e-01
2.723182935823673101e-01, 1.415087699766790497e-01, 2.940537822145555258e-01, 2.921191542263980034e-01
2.723931212260581880e-01, 1.414938874650956413e-01, 2.940383359768110605e-01, 2.920746553320350825e-01
2.724679483871514929e-01, 1.414790017680186140e-01, 2.940228784168650855e-01, 2.920301714279647798e-01
2.725427750368877855e-01, 1.414641128931737046e-01, 2.940074095344305527e-01, 2.919857025355078739e-01
2.726176011465047400e-01, 1.414492208482904800e-01, 2.939919293292225788e-01, 2.919412486759822012e-01
2.726924266872363667e-01, 1.414343256411014771e-01, 2.939764378009585011e-01, 2.918968098707035441e-01
2.727672516303135675e-01, 1.414194272793429519e-01, 2.939609349493584878e-01, 2.918523861409849096e-01
2.728420759469641910e-01, 1.414045257707542136e-01, 2.939454207741445946e-01, 2.918079775081370286e-01
2.729168996084125887e-01, 1.413896211230780131e-01, 2.939298952750414307e-01, 2.917635839934679121e-01
2.729917225858800589e-01, 1.413747133440605708e-01, 2.939143584517761032e-01, 2.917192056182831839e-01
2.730665448505847914e-01, 1.413598024414514931e-01, 2.938988103040778288e-01, 2.916748424038858589e-01
2.731413663737417563e-01, 1.413448884230035785e-01, 2.938832508316782666e-01, 2.916304943715764542e-01
2.732161871265628705e-01, 1.413299712964730670e-01, 2.938676800343115181e-01, 2.915861615426525999e-01
2.732910070802568314e-01, 1.413150510696193629e-01, 2.938520979117141829e-01, 2.915418439384095395e-01
2.733658262060293942e-01, 1.413001277502055342e-01, 2.938365044636250256e-01, 2.914975415801400738e-01
2.734406444750830945e-01, 1.412852013459977296e-01, 2.938208996897852532e-01, 2.914532544891338395e-01
2.735154618586177477e-01, 1.412702718647654010e-01, 2.938052835899385706e-01, 2.914089826866782529e-01
2.735902783278297834e-01, 1.412553393142816083e-01, 2.937896561638309034e-01, 2.913647261940577327e-01
2.736650938539127997e-01, 1.412404037023223258e-01, 2.937740174112106750e-01, 2.913204850325541440e-01
2.737399084080576195e-01, 1.412254650366671083e-01, 2.937583673318287514e-01, 2.912762592234465209e-01
2.738147219614516792e-01, 1.412105233250988690e-01, 2.937427059254382189e-01, 2.912320487880111775e-01
2.738895344852799729e-01, 1.411955785754035464e-01, 2.937270331917948285e-01, 2.911878537475216522e-01
2.739643459507242751e-01, 1.411806307953706596e-01, 2.937113491306564406e-01, 2.911436741232485970e-01
2.740391563289634735e-01, 1.411656799927929196e-01, 2.936956537417837465e-01, 2.910995099364599992e-01
2.741139655911737916e-01, 1.411507261754662290e-01, 2.936799470249392696e-01, 2.910553612084206820e-01
2.741887737085285659e-01, 1.411357693511898770e-01, 2.936642289798884753e-01, 2.910112279603931928e-01
2.742635806521980801e-01, 1.411208095277664276e-01, 2.936484996063988273e-01, 2.909671102136365817e-01
2.743383863933502309e-01, 1.411058467130017480e-01, 2.936327589042406760e-01, 2.909230079894074006e-01
2.744131909031496952e-01, 1.410908809147049248e-01, 2.936170068731863148e-01, 2.908789213089589820e-01
2.744879941527588185e-01, 1.410759121406883476e-01, 2.936012435130108678e-01, 2.908348501935419939e-01
2.745627961133369488e-01, 1.410609403987675980e-01, 2.935854688234916243e-01, 2.907907946644038844e-01
2.746375967560407694e-01, 1.410459656967615882e-01, 2.935696828044084272e-01, 2.907467547427891597e-01
2.747123960520243546e-01, 1.410309880424925610e-01, 2.935538854555433952e-01, 2.907027304499397169e-01
2.747871939724389478e-01, 1.410160074437858124e-01, 2.935380767766813670e-01, 2.906587218070938450e-01
2.748619904884334608e-01, 1.410010239084699968e-01, 2.935222567676095129e-01, 2.906147288354870573e-01
2.749367855711539188e-01, 1.409860374443769326e-01, 2.935064254281172791e-01, 2.905707515563519250e-01
2.750115791917436825e-01, 1.409710480593419080e-01, 2.934905827579967208e-01, 2.905267899909177443e-01
2.750863713213438921e-01, 1.409560557612031251e-01, 2.934747287570422802e-01, 2.904828441604106470e-01
2.751611619310928569e-01, 1.409410605578022280e-01, 2.934588634250508976e-01, 2.904389140860539342e-01
2.752359509921263880e-01, 1.409260624569839970e-01, 2.934429867618221777e-01, 2.903949997890674650e-01
2.753107384755777987e-01, 1.409110614665964878e-01, 2.934270987671576680e-01, 2.903511012906679900e-01
2.753855243525780705e-01, 1.408960575944908644e-01, 2.934111994408618029e-01, 2.903072186120692066e-01
2.754603085942555207e-01, 1.408810508485216495e-01, 2.933952887827414036e-01, 2.902633517744815372e-01
2.755350911717359130e-01, 1.408660412365464187e-01, 2.933793667926057336e-01, 2.902195007991119624e-01
2.756098720561430127e-01, 1.408510287664259120e-01, 2.933634334702663327e-01, 2.901756657071645762e-01
2.756846512185978093e-01, 1.408360134460243940e-01, 2.933474888155377380e-01, 2.901318465198400864e-01
2.757594286302190167e-01, 1.408209952832089606e-01, 2.933315328282363743e-01, 2.900880432583355928e-01
2.758342042621231283e-01, 1.408059742858500385e-01, 2.933155655081814972e-01, 2.900442559438453638e-01
2.759089780854240836e-01, 1.407909504618211904e-01, 2.932995868551947494e-01, 2.900004845975600043e-01
2.759837500712336578e-01, 1.407759238189992823e-01, 2.932835968691002715e-01, 2.899567292406668995e-01
2.760585201906612385e-01, 1.407608943652641498e-01, 2.932675955497246467e-01, 2.899129898943499928e-01
2.761332884148141043e-01, 1.407458621084989592e-01, 2.932515828968969562e-01, 2.898692665797899526e-01
2.762080547147972021e-01, 1.407308270565899855e-01, 2.932355589104490012e-01, 2.898255593181638945e-01
2.762828190617130919e-01, 1.407157892174265013e-01, 2.932195235902148589e-01, 2.897818681306455479e-01
2.763575814266624464e-01, 1.407007485989013873e-01, 2.932034769360310489e-01, 2.897381930384052007e-01
2.764323417807433847e-01, 1.406857052089101889e-01, 2.931874189477367554e-01, 2.896945340626096432e-01
2.765071000950523050e-01, 1.406706590553517544e-01, 2.931713496251736051e-01, 2.896508912244223355e-01
2.765818563406832742e-01, 1.406556101461281238e-01, 2.931552689681857227e-01, 2.896072645450029071e-01
2.766566104887279720e-01, 1.406405584891445848e-01, 2.931391769766198419e-01, 2.895636540455076013e-01
2.767313625102764130e-01, 1.406255040923092003e-01, 2.931230736503253054e-01, 2.895200597470891646e-01
2.768061123764162801e-01, 1.406104469635334753e-01, 2.931069589891535099e-01, 2.894764816708967348e-01
2.768808600582332580e-01, 1.405953871107319675e-01, 2.930908329929589051e-01, 2.894329198380758417e-01
2.769556055268111994e-01, 1.405803245418223435e-01, 2.930746956615981613e-01, 2.893893742697682403e-01
2.770303487532316811e-01, 1.405652592647252952e-01, 2.930585469949307242e-01, 2.893458449871122995e-01
2.771050897085745035e-01, 1.405501912873646508e-01, 2.930423869928182046e-01, 2.893023320112426688e-01
2.771798283639173022e-01, 1.405351206176674583e-01, 2.930262156551252106e-01, 2.892588353632901121e-01
2.772545646903359362e-01, 1.405200472635637077e-01, 2.930100329817182936e-01, 2.892153550643818960e-01
2.773292986589044884e-01, 1.405049712329866640e-01, 2.929938389724672798e-01, 2.891718911356415123e-01
2.774040302406947101e-01, 1.404898925338724236e-01, 2.929776336272441051e-01, 2.891284435981887890e-01
2.774787594067769647e-01, 1.404748111741604688e-01, 2.929614169459231476e-01, 2.890850124731395021e-01
2.775534861282193400e-01, 1.404597271617930854e-01, 2.929451889283816723e-01, 2.890415977816059301e-01
2.776282103760885356e-01, 1.404446405047157787e-01, 2.929289495744991645e-01, 2.889981995446964103e-01
2.777029321214491975e-01, 1.404295512108772181e-01, 2.929126988841579404e-01, 2.889548177835156717e-01
2.777776513353641397e-01, 1.404144592882288212e-01, 2.928964368572427590e-01, 2.889114525191641691e-01
2.778523679888946218e-01, 1.403993647447254467e-01, 2.928801634936408771e-01, 2.888681037727389711e-01
2.779270820531000163e-01, 1.403842675883247848e-01, 2.928638787932424936e-01, 2.888247715653328718e-01
2.780017934990378081e-01, 1.403691678269875232e-01, 2.928475827559396949e-01, 2.887814559180348906e-01
2.780765022977644274e-01, 1.403540654686776246e-01, 2.928312753816278424e-01, 2.887381568519302721e-01
2.781512084203339175e-01, 1.403389605213618552e-01, 2.928149566702042961e-01, 2.886948743880999868e-01
2.782259118377990448e-01, 1.403238529930102008e-01, 2.927986266215695799e-01, 2.886516085476212856e-01
2.783006125212108550e-01, 1.403087428915955615e-01, 2.927822852356261607e-01, 2.886083593515674228e-01
2.783753104416188950e-01, 1.402936302250939460e-01, 2.927659325122796141e-01, 2.885651268210074893e-01
2.784500055700711019e-01, 1.402785150014843607e-01, 2.927495684514378471e-01, 2.885219109770067458e-01
2.785246978776138027e-01, 1.402633972287487540e-01, 2.927331930530114312e-01, 2.884787118406261230e-01
2.785993873352916594e-01, 1.402482769148722386e-01, 2.927168063169134915e-01, 2.884355294329226660e-01
2.786740739141481682e-01, 1.402331540678427302e-01, 2.927004082430597620e-01, 2.883923637749493118e-01
2.787487575852250488e-01, 1.402180286956514199e-01, 2.926839988313687524e-01, 2.883492148877549455e-01
2.788234383195626331e-01, 1.402029008062922744e-01, 2.926675780817610817e-01, 2.883060827923840108e-01
2.788981160881999766e-01, 1.401877704077623132e-01, 2.926511459941606441e-01, 2.882629675098771216e-01
2.789727908621745245e-01, 1.401726375080615816e-01, 2.926347025684934988e-01, 2.882198690612705616e-01
2.790474626125221125e-01, 1.401575021151931222e-01, 2.926182478046882585e-01, 2.881767874675964514e-01
2.791221313102777990e-01, 1.401423642371628919e-01, 2.926017817026766443e-01, 2.881337227498826370e-01
2.791967969264748661e-01, 1.401272238819798732e-01, 2.925853042623923761e-01, 2.880906749291529678e-01
2.792714594321452082e-01, 1.401120810576560183e-01, 2.925688154837722821e-01, 2.880476440264265747e-01
2.793461187983196647e-01, 1.400969357722062214e-01, 2.925523153667556331e-01, 2.880046300627185918e-01
2.794207749960276321e-01, 1.400817880336482912e-01, 2.925358039112841979e-01, 2.879616330590398787e-01
2.794954279962973964e-01, 1.400666378500032005e-01, 2.925192811173025209e-01, 2.879186530363967988e-01
2.795700777701558004e-01, 1.400514852292946977e-01, 2.925027469847578665e-01, 2.878756900157917187e-01
2.796447242886285212e-01, 1.400363301795493898e-01, 2.924862015135999971e-01, 2.878327440182221753e-01
2.797193675227403475e-01, 1.400211727087969926e-01, 2.924696447037811176e-01, 2.877898150646814868e-01
2.797940074435144031e-01, 1.400060128250702751e-01, 2.924530765552567080e-01, 2.877469031761586971e-01
2.798686440219728677e-01, 1.399908505364045319e-01, 2.924364970679842468e-01, 2.877040083736383536e-01
2.799432772291370330e-01, 1.399756858508383883e-01, 2.924199062419242101e-01, 2.876611306781004518e-01
2.800179070360266920e-01, 1.399605187764132730e-01, 2.924033040770395164e-01, 2.876182701105206019e-01
2.800925334136608047e-01, 1.399453493211733901e-01, 2.923866905732958599e-01, 2.875754266918699176e-01
2.801671563330572212e-01, 1.399301774931660525e-01, 2.923700657306617656e-01, 2.875326004431150162e-01
2.802417757652327368e-01, 1.399150033004413762e-01, 2.923534295491080348e-01, 2.874897913852177966e-01
2.803163916812032030e-01, 1.398998267510523918e-01, 2.923367820286083552e-01, 2.874469995391359389e-01
2.803910040519834168e-01, 1.398846478530550719e-01, 2.923201231691392454e-01, 2.874042249258222936e-01
2.804656128485871758e-01, 1.398694666145082477e-01, 2.923034529706794449e-01, 2.873614675662251039e-01
2.805402180420273339e-01, 1.398542830434736928e-01, 2.922867714332109679e-01, 2.873187274812880609e-01
2.806148196033158571e-01, 1.398390971480159561e-01, 2.922700785567178272e-01, 2.872760046919503596e-01
2.806894175034639338e-01, 1.398239089362025844e-01, 2.922533743411872553e-01, 2.872332992191462542e-01
2.807640117134815871e-01, 1.398087184161039276e-01, 2.922366587866089271e-01, 2.871906110838055026e-01
2.808386022043783403e-01, 1.397935255957932776e-01, 2.922199318929752931e-01, 2.871479403068530889e-01
2.809131889471624954e-01, 1.397783304833467855e-01, 2.922031936602813573e-01, 2.871052869092093895e-01
2.809877719128419105e-01, 1.397631330868433497e-01, 2.921864440885249548e-01, 2.870626509117897296e-01
2.810623510724234442e-01, 1.397479334143648111e-01, 2.921696831777066405e-01, 2.870200323355051042e-01
2.811369263969131782e-01, 1.397327314739958970e-01, 2.921529109278294123e-01, 2.869774312012614570e-01
2.812114978573167501e-01, 1.397175272738241658e-01, 2.921361273388993762e-01, 2.869348475299598467e-01
2.812860654246385761e-01, 1.397023208219399237e-01, 2.921193324109250256e-01, 2.868922813424965579e-01
2.813606290698827395e-01, 1.396871121264364746e-01, 2.921025261439175180e-01, 2.868497326597632680e-01
2.814351887640526018e-01, 1.396719011954098144e-01, 2.920857085378910645e-01, 2.868072015026464916e-01
2.815097444781508584e-01, 1.396566880369588537e-01, 2.920688795928622628e-01, 2.867646878920279141e-01
2.815842961831795388e-01, 1.396414726591853339e-01, 2.920520393088505418e-01, 2.867221918487845023e-01
2.816588438501401170e-01, 1.396262550701937444e-01, 2.920351876858780504e-01, 2.866797133937880604e-01
2.817333874500334567e-01, 1.396110352780914055e-01, 2.920183247239697133e-01, 2.866372525479054523e-01
2.818079269538597553e-01, 1.395958132909884963e-01, 2.920014504231531749e-01, 2.865948093319985457e-01
2.818824623326188772e-01, 1.395805891169979995e-01, 2.919845647834585778e-01, 2.865523837669244345e-01
2.819569935573101316e-01, 1.395653627642355898e-01, 2.919676678049191176e-01, 2.865099758735349944e-01
2.820315205989323282e-01, 1.395501342408199397e-01, 2.919507594875705991e-01, 2.864675856726771053e-01
2.821060434284835550e-01, 1.395349035548723027e-01, 2.919338398314515470e-01, 2.864252131851925953e-01
2.821805620169619000e-01, 1.395196707145168191e-01, 2.919169088366031506e-01, 2.863828584319181858e-01
2.822550763353646741e-01, 1.395044357278804326e-01, 2.918999665030694302e-01, 2.863405214336854354e-01
2.823295863546890216e-01, 1.394891986030927511e-01, 2.918830128308971816e-01, 2.862982022113209624e-01
2.824040920459315873e-01, 1.394739593482863527e-01, 2.918660478201359765e-01, 2.862559007856460003e-01
2.824785933800886828e-01, 1.394587179715963132e-01, 2.918490714708379952e-01, 2.862136171774770088e-01
2.825530903281563422e-01, 1.394434744811607618e-01, 2.918320837830583603e-01, 2.861713514076246190e-01
2.826275828611303220e-01, 1.394282288851203255e-01, 2.918150847568546369e-01, 2.861291034968948543e-01
2.827020709500057682e-01, 1.394129811916186290e-01, 2.917980743922874431e-01, 2.860868734660882429e-01
2.827765545657779933e-01, 1.393977314088017672e-01, 2.917810526894201728e-01, 2.860446613359999835e-01
2.828510336794419766e-01, 1.393824795448187770e-01, 2.917640196483188841e-01, 2.860024671274202235e-01
2.829255082619924755e-01, 1.393672256078214433e-01, 2.917469752690522999e-01, 2.859602908611337813e-01
2.829999782844238032e-01, 1.393519696059641599e-01, 2.917299195516922516e-01, 2.859181325579199240e-01
2.830744437177303285e-01, 1.393367115474040963e-01, 2.917128524963129022e-01, 2.858759922385526453e-01
2.831489045329064203e-01, 1.393214514403011972e-01, 2.916957741029914120e-01, 2.858338699238009983e-01
2.832233607009459475e-01, 1.393061892928180723e-01, 2.916786843718079947e-01, 2.857917656344280410e-01
2.832978121928429460e-01, 1.392909251131199955e-01, 2.916615833028451399e-01, 2.857496793911917798e-01
2.833722589795915070e-01, 1.392756589093750996e-01, 2.916444708961884458e-01, 2.857076112148449476e-01
2.834467010321852776e-01, 1.392603906897541266e-01, 2.916273471519261751e-01, 2.856655611261343375e-01
2.835211383216181824e-01, 1.392451204624305106e-01, 2.916102120701496436e-01, 2.856235291458017467e-01
2.835955708188839797e-01, 1.392298482355803224e-01, 2.915930656509525543e-01, 2.855815152945830881e-01
2.836699984949764830e-01, 1.392145740173825197e-01, 2.915759078944316629e-01, 2.855395195932092234e-01
2.837444213208897836e-01, 1.391992978160185301e-01, 2.915587388006865011e-01, 2.854975420624052962e-01
2.838188392676174732e-01, 1.391840196396725016e-01, 2.915415583698195423e-01, 2.854555827228905662e-01
2.838932523061537538e-01, 1.391687394965314128e-01, 2.915243666019356472e-01, 2.854136415953791306e-01
2.839676604074929389e-01, 1.391534573947847409e-01, 2.915071634971428960e-01, 2.853717187005794798e-01
2.840420635426290086e-01, 1.391381733426247103e-01, 2.914899490555519779e-01, 2.853298140591943310e-01
2.841164616825564981e-01, 1.391228873482461825e-01, 2.914727232772766907e-01, 2.852879276919206286e-01
2.841908547982699984e-01, 1.391075994198466559e-01, 2.914554861624331639e-01, 2.852460596194500986e-01
2.842652428607644333e-01, 1.390923095656263486e-01, 2.914382377111408573e-01, 2.852042098624684163e-01
2.843396258410347266e-01, 1.390770177937880048e-01, 2.914209779235216180e-01, 2.851623784416556506e-01
2.844140037100761353e-01, 1.390617241125371162e-01, 2.914037067997004571e-01, 2.851205653776863747e-01
2.844883764388842495e-01, 1.390464285300817560e-01, 2.913864243398049947e-01, 2.850787706912289443e-01
2.845627439984549367e-01, 1.390311310546326617e-01, 2.913691305439659596e-01, 2.850369944029464420e-01
2.846371063597841755e-01, 1.390158316944031802e-01, 2.913518254123167450e-01, 2.849952365334958992e-01
2.847114634938688882e-01, 1.390005304576092948e-01, 2.913345089449932979e-01, 2.849534971035285191e-01
2.847858153717056640e-01, 1.389852273524695425e-01, 2.913171811421348956e-01, 2.849117761336898980e-01
2.848601619642916472e-01, 1.389699223872051526e-01, 2.912998420038836467e-01, 2.848700736446195814e-01
2.849345032426247037e-01, 1.389546155700399077e-01, 2.912824915303841022e-01, 2.848283896569512863e-01
2.850088391777029218e-01, 1.389393069092001720e-01, 2.912651297217839219e-01, 2.847867241913129011e-01
2.850831697405248333e-01, 1.389239964129150573e-01, 2.912477565782336519e-01, 2.847450772683263187e-01
2.851574949020894700e-01, 1.389086840894160624e-01, 2.912303720998867806e-01, 2.847034489086076037e-01
2.852318146333964743e-01, 1.388933699469374339e-01, 2.912129762868992944e-01, 2.846618391327668807e-01
2.853061289054457106e-01, 1.388780539937158331e-01, 2.911955691394305656e-01, 2.846202479614080016e-01
2.853804376892378758e-01, 1.388627362379905861e-01, 2.911781506576422984e-01, 2.845786754151291009e-01
2.854547409557744442e-01, 1.388474166880037941e-01, 2.911607208416993053e-01, 2.845371215145224841e-01
2.855290386760567789e-01, 1.388320953519996959e-01, 2.911432796917696741e-01, 2.844955862801737956e-01
2.856033308210875754e-01, 1.388167722382254721e-01, 2.911258272080236575e-01, 2.844540697326632395e-01
2.856776173618698067e-01, 1.388014473549306904e-01, 2.911083633906347834e-01, 2.844125718925646917e-01
2.857518982694073340e-01, 1.387861207103674999e-01, 2.910908882397794661e-01, 2.843710927804457556e-01
2.858261735147042404e-01, 1.387707923127905196e-01, 2.910734017556370068e-01, 2.843296324168682054e-01
2.859004430687659970e-01, 1.387554621704571722e-01, 2.910559039383894819e-01, 2.842881908223874321e-01
2.859747069025983524e-01, 1.387401302916270451e-01, 2.910383947882217992e-01, 2.842467680175528311e-01
2.860489649872078322e-01, 1.387247966845624458e-01, 2.910208743053220859e-01, 2.842053640229075251e-01
2.861232172936020168e-01, 1.387094613575283741e-01, 2.910033424898810783e-01, 2.841639788589884752e-01
2.861974637927889864e-01, 1.386941243187920503e-01, 2.909857993420926214e-01, 2.841226125463263141e-01
2.862717044557778756e-01, 1.386787855766234423e-01, 2.909682448621532802e-01, 2.840812651054454574e-01
2.863459392535785408e-01, 1.386634451392947942e-01, 2.909506790502625062e-01, 2.840399365568641588e-01
2.864201681572018376e-01, 1.386481030150812088e-01, 2.909331019066229151e-01, 2.839986269210940661e-01
2.864943911376593433e-01, 1.386327592122598706e-01, 2.909155134314398428e-01, 2.839573362186409433e-01
2.865686081659636342e-01, 1.386174137391108507e-01, 2.908979136249214559e-01, 2.839160644700040037e-01
2.866428192131283414e-01, 1.386020666039164684e-01, 2.908803024872791965e-01, 2.838748116956759660e-01
2.867170242501680399e-01, 1.385867178149616796e-01, 2.908626800187271155e-01, 2.838335779161432204e-01
2.867912232480980816e-01, 1.385713673805337443e-01, 2.908450462194822062e-01, 2.837923631518859402e-01
2.868654161779352063e-01, 1.385560153089226143e-01, 2.908274010897645145e-01, 2.837511674233778036e-01
2.869396030106967643e-01, 1.385406616084204345e-01, 2.908097446297970290e-01, 2.837099907510857721e-01
2.870137837174014384e-01, 1.385253062873221530e-01, 2.907920768398055689e-01, 2.836688331554707565e-01
2.870879582690691323e-01, 1.385099493539249937e-01, 2.907743977200189511e-01, 2.836276946569868951e-01
2.871621266367204717e-01, 1.384945908165286510e-01, 2.907567072706690459e-01, 2.835865752760818870e-01
2.872362887913774698e-01, 1.384792306834352615e-01, 2.907390054919902767e-01, 2.835454750331969365e-01
2.873104447040634724e-01, 1.384638689629494601e-01, 2.907212923842205088e-01, 2.835043939487665865e-01
2.873845943458024910e-01, 1.384485056633782962e-01, 2.907035679476003831e-01, 2.834633320432189962e-01
2.874587376876200917e-01, 1.384331407930312896e-01, 2.906858321823732050e-01, 2.834222893369753304e-01
2.875328747005431729e-01, 1.384177743602202637e-01, 2.906680850887856660e-01, 2.833812658504508142e-01
2.876070053555995765e-01, 1.384024063732598453e-01, 2.906503266670872887e-01, 2.833402616040532895e-01
2.876811296238186433e-01, 1.383870368404665208e-01, 2.906325569175303158e-01, 2.832992766181845479e-01
2.877552474762308798e-01, 1.383716657701596631e-01, 2.906147758403703762e-01, 2.832583109132391086e-01
2.878293588838682915e-01, 1.383562931706608379e-01, 2.905969834358655413e-01, 2.832173645096052739e-01
2.879034638177639938e-01, 1.383409190502940256e-01, 2.905791797042773794e-01, 2.831764374276644625e-01
2.879775622489526565e-01, 1.383255434173857601e-01, 2.905613646458702903e-01, 2.831355296877912098e-01
2.880516541484702264e-01, 1.383101662802647958e-01, 2.905435382609113382e-01, 2.830946413103536119e-01
2.881257394873541489e-01, 1.382947876472624404e-01, 2.905257005496708622e-01, 2.830537723157126040e-01
2.881998182366432570e-01, 1.382794075267121947e-01, 2.905078515124222549e-01, 2.830129227242222933e-01
2.882738903673778830e-01, 1.382640259269501404e-01, 2.904899911494415732e-01, 2.829720925562303480e-01
2.883479558505998575e-01, 1.382486428563146075e-01, 2.904721194610082047e-01, 2.829312818320773859e-01
2.884220146573523991e-01, 1.382332583231463685e-01, 2.904542364474043126e-01, 2.828904905720968088e-01
2.884960667586804473e-01, 1.382178723357885830e-01, 2.904363421089152797e-01, 2.828497187966157456e-01
2.885701121256303847e-01, 1.382024849025867419e-01, 2.904184364458290424e-01, 2.828089665259538310e-01
2.886441507292501485e-01, 1.381870960318886676e-01, 2.904005194584370342e-01, 2.827682337804241497e-01
2.887181825405893409e-01, 1.381717057320445696e-01, 2.903825911470334642e-01, 2.827275205803327363e-01
2.887922075306992298e-01, 1.381563140114069332e-01, 2.903646515119154836e-01, 2.826868269459782979e-01
2.888662256706326370e-01, 1.381409208783307696e-01, 2.903467005533835743e-01, 2.826461528976530468e-01
2.889402369314441055e-01, 1.381255263411732825e-01, 2.903287382717407716e-01, 2.826054984556419236e-01
2.890142412841898989e-01, 1.381101304082939796e-01, 2.903107646672934417e-01, 2.825648636402226521e-01
2.890882386999280018e-01, 1.380947330880548662e-01, 2.902927797403508925e-01, 2.825242484716662394e-01
2.891622291497180086e-01, 1.380793343888201130e-01, 2.902747834912255964e-01, 2.824836529702363097e-01
2.892362126046216231e-01, 1.380639343189563328e-01, 2.902567759202326347e-01, 2.824430771561894926e-01
2.893101890357018258e-01, 1.380485328868322481e-01, 2.902387570276905304e-01, 2.824025210497753124e-01
2.893841584140239287e-01, 1.380331301008191902e-01, 2.902207268139208041e-01, 2.823619846712359105e-01
2.894581207106548537e-01, 1.380177259692906000e-01, 2.902026852792478073e-01, 2.823214680408067112e-01
2.895320758966632435e-01, 1.380023205006221387e-01, 2.901846324239990005e-01, 2.822809711787154785e-01
2.896060239431200167e-01, 1.379869137031920767e-01, 2.901665682485050635e-01, 2.822404941051828708e-01
2.896799648210974798e-01, 1.379715055853805716e-01, 2.901484927530993407e-01, 2.822000368404224413e-01
2.897538985016704927e-01, 1.379560961555705012e-01, 2.901304059381187850e-01, 2.821595994046403599e-01
2.898278249559151365e-01, 1.379406854221465750e-01, 2.901123078039027359e-01, 2.821191818180355804e-01
2.899017441549102680e-01, 1.379252733934961117e-01, 2.900941983507941968e-01, 2.820787841007995622e-01
2.899756560697359653e-01, 1.379098600780085671e-01, 2.900760775791387802e-01, 2.820384062731166042e-01
2.900495606714751373e-01, 1.378944454840757838e-01, 2.900579454892853182e-01, 2.819980483551638439e-01
2.901234579312121364e-01, 1.378790296200916032e-01, 2.900398020815858624e-01, 2.819577103671104812e-01
2.901973478200335910e-01, 1.378636124944523644e-01, 2.900216473563952402e-01, 2.819173923291188322e-01
2.902712303090282941e-01, 1.378481941155565160e-01, 2.900034813140714984e-01, 2.818770942613436081e-01
2.903451053692870931e-01, 1.378327744918049214e-01, 2.899853039549759037e-01, 2.818368161839321373e-01
2.904189729719029445e-01, 1.378173536316004144e-01, 2.899671152794725537e-01, 2.817965581170240319e-01
2.904928330879711362e-01, 1.378019315433484382e-01, 2.899489152879287102e-01, 2.817563200807517987e-01
2.905666856885887883e-01, 1.377865082354562398e-01, 2.899307039807146880e-01, 2.817161020952402284e-01
2.906405307448558517e-01, 1.377710837163337032e-01, 2.899124813582039661e-01, 2.816759041806066177e-01
2.907143682278738872e-01, 1.377556579943924886e-01, 2.898942474207729103e-01, 2.816357263569607139e-01
2.907881981087471757e-01, 1.377402310780469485e-01, 2.898760021688012722e-01, 2.815955686444046036e-01
2.908620203585818853e-01, 1.377248029757132397e-01, 2.898577456026718568e-01, 2.815554310630331014e-01
2.909358349484869599e-01, 1.377093736958099890e-01, 2.898394777227700780e-01, 2.815153136329329175e-01
2.910096418495732862e-01, 1.376939432467579882e-01, 2.898211985294852355e-01, 2.814752163741835456e-01
2.910834410329544153e-01, 1.376785116369800277e-01, 2.898029080232090715e-01, 2.814351393068565965e-01
2.911572324697458969e-01, 1.376630788749012846e-01, 2.897846062043367699e-01, 2.813950824510160764e-01
2.912310161310661116e-01, 1.376476449689490733e-01, 2.897662930732665121e-01, 2.813550458267182752e-01
2.913047919880357162e-01, 1.376322099275528454e-01, 2.897479686303995328e-01, 2.813150294540119334e-01
2.913785600117776986e-01, 1.376167737591443840e-01, 2.897296328761403972e-01, 2.812750333529376312e-01
2.914523201734176561e-01, 1.376013364721573873e-01, 2.897112858108964462e-01, 2.812350575435285660e-01
2.915260724440836837e-01, 1.375858980750279126e-01, 2.896929274350784067e-01, 2.811951020458099415e-01
2.915998167949062636e-01, 1.375704585761940713e-01, 2.896745577491002810e-01, 2.811551668797993564e-01
2.916735531970186535e-01, 1.375550179840962783e-01, 2.896561767533786247e-01, 2.811152520655063602e-01
2.917472816215566089e-01, 1.375395763071768640e-01, 2.896377844483337682e-01, 2.810753576229327311e-01
2.918210020396583837e-01, 1.375241335538805454e-01, 2.896193808343885956e-01, 2.810354835720724753e-01
2.918947144224648960e-01, 1.375086897326539825e-01, 2.896009659119695989e-01, 2.809956299329114393e-01
2.919684187411198395e-01, 1.374932448519461115e-01, 2.895825396815061015e-01, 2.809557967254279198e-01
2.920421149667693506e-01, 1.374777989202079498e-01, 2.895641021434307572e-01, 2.809159839695918870e-01
2.921158030705624520e-01, 1.374623519458925969e-01, 2.895456532981792730e-01, 2.808761916853657059e-01
2.921894830236507756e-01, 1.374469039374553170e-01, 2.895271931461904091e-01, 2.808364198927034150e-01
2.922631547971888955e-01, 1.374314549033535671e-01, 2.895087216879062009e-01, 2.807966686115513921e-01
2.923368183623337724e-01, 1.374160048520466637e-01, 2.894902389237719587e-01, 2.807569378618475775e-01
2.924104736902454760e-01, 1.374005537919963382e-01, 2.894717448542357685e-01, 2.807172276635224173e-01
2.924841207520867958e-01, 1.373851017316662648e-01, 2.894532394797492691e-01, 2.806775380364977535e-01
2.925577595190230751e-01, 1.373696486795221161e-01, 2.894347228007670969e-01, 2.806378690006876564e-01
2.926313899622232650e-01, 1.373541946440319517e-01, 2.894161948177468857e-01, 2.805982205759979253e-01
2.927050120528584820e-01, 1.373387396336655519e-01, 2.893976555311497112e-01, 2.805585927823263104e-01
2.927786257621030064e-01, 1.373232836568950288e-01, 2.893791049414395911e-01, 2.805189856395624015e-01
2.928522310611339496e-01, 1.373078267221945203e-01, 2.893605430490840402e-01, 2.804793991675874620e-01
2.929258279211316429e-01, 1.372923688380401352e-01, 2.893419698545533492e-01, 2.804398333862748727e-01
2.929994163132791374e-01, 1.372769100129101749e-01, 2.893233853583212500e-01, 2.804002883154894654e-01
2.930729962087624818e-01, 1.372614502552849391e-01, 2.893047895608645836e-01, 2.803607639750880232e-01
2.931465675787710556e-01, 1.372459895736467816e-01, 2.892861824626633549e-01, 2.803212603849188356e-01
2.932201303944968473e-01, 1.372305279764801378e-01, 2.892675640642006774e-01, 2.802817775648223098e-01
2.932936846271353426e-01, 1.372150654722713858e-01, 2.892489343659631063e-01, 2.802423155346301931e-01
2.933672302478847471e-01, 1.371996020695091523e-01, 2.892302933684401389e-01, 2.802028743141659617e-01
2.934407672279468193e-01, 1.371841377766838121e-01, 2.892116410721246034e-01, 2.801634539232448207e-01
2.935142955385259267e-01, 1.371686726022880720e-01, 2.891929774775124917e-01, 2.801240543816735928e-01
2.935878151508301559e-01, 1.371532065548163870e-01, 2.891743025851027937e-01, 2.800846757092506079e-01
2.936613260360703137e-01, 1.371377396427654605e-01, 2.891556163953982184e-01, 2.800453179257660352e-01
2.937348281654608151e-01, 1.371222718746338554e-01, 2.891369189089040836e-01, 2.800059810510012182e-01
2.938083215102190171e-01, 1.371068032589221886e-01, 2.891182101261294268e-01, 2.799666651047293398e-01
2.938818060415657740e-01, 1.370913338041331309e-01, 2.890994900475862273e-01, 2.799273701067147568e-01
2.939552817307251043e-01, 1.370758635187713237e-01, 2.890807586737895729e-01, 2.798880960767139436e-01
2.940287485489243013e-01, 1.370603924113433514e-01, 2.890620160052580490e-01, 2.798488430344742706e-01
2.941022064673941006e-01, 1.370449204903578799e-01, 2.890432620425132937e-01, 2.798096109997347258e-01
2.941756554573685678e-01, 1.370294477643253794e-01, 2.890244967860802205e-01, 2.797703999922258600e-01
2.942490954900850997e-01, 1.370139742417585960e-01, 2.890057202364869626e-01, 2.797312100316692862e-01
2.943225265367845345e-01, 1.369984999311720242e-01, 2.889869323942648172e-01, 2.796920411377786242e-01
2.943959485687112076e-01, 1.369830248410821572e-01, 2.889681332599486341e-01, 2.796528933302581676e-01
2.944693615571127299e-01, 1.369675489800074308e-01, 2.889493228340759834e-01, 2.796137666288038837e-01
2.945427654732404865e-01, 1.369520723564683351e-01, 2.889305011171879878e-01, 2.795746610531031351e-01
2.946161602883491937e-01, 1.369365949789873027e-01, 2.889116681098291006e-01, 2.795355766228345140e-01
2.946895459736968981e-01, 1.369211168560886538e-01, 2.888928238125467174e-01, 2.794965133576677863e-01
2.947629225005455322e-01, 1.369056379962986791e-01, 2.888739682258918418e-01, 2.794574712772640024e-01
2.948362898401604149e-01, 1.368901584081456402e-01, 2.888551013504183640e-01, 2.794184504012754977e-01
2.949096479638107504e-01, 1.368746781001595747e-01, 2.888362231866837271e-01, 2.793794507493458923e-01
2.949829968427688520e-01, 1.368591970808727964e-01, 2.888173337352484271e-01, 2.793404723411099244e-01
2.950563364483111406e-01, 1.368437153588190902e-01, 2.887984329966764019e-01, 2.793015151961933396e-01
2.951296667517174788e-01, 1.368282329425345167e-01, 2.887795209715346423e-01, 2.792625793342132789e-01
2.952029877242714484e-01, 1.368127498405569131e-01, 2.887605976603936364e-01, 2.792236647747780021e-01
2.952762993372604061e-01, 1.367972660614260039e-01, 2.887416630638270365e-01, 2.791847715374864980e-01
2.953496015619755388e-01, 1.367817816136834841e-01, 2.887227171824115479e-01, 2.791458996419294292e-01
2.954228943697115306e-01, 1.367662965058728808e-01, 2.887037600167274842e-01, 2.791070491076880211e-01
2.954961777317672289e-01, 1.367508107465396083e-01, 2.886847915673584897e-01, 2.790682199543347286e-01
2.955694516194448118e-01, 1.367353243442311073e-01, 2.886658118348910396e-01, 2.790294122014330691e-01
2.956427160040507873e-01, 1.367198373074965112e-01, 2.886468208199153285e-01, 2.789906258685373452e-01
2.957159708568952716e-01, 1.367043496448870077e-01, 2.886278185230246041e-01, 2.789518609751931444e-01
2.957892161492923222e-01, 1.366888613649554218e-01, 2.886088049448155557e-01, 2.789131175409367280e-01
2.958624518525597713e-01, 1.366733724762567437e-01, 2.885897800858880924e-01, 2.788743955852954204e-01
2.959356779380196145e-01, 1.366578829873476009e-01, 2.885707439468451763e-01, 2.788356951277875528e-01
2.960088943769977332e-01, 1.366423929067867027e-01, 2.885516965282935997e-01, 2.787970161879220199e-01
2.960821011408240055e-01, 1.366269022431342017e-01, 2.885326378308430972e-01, 2.787583587851988343e-01
2.961552982008320845e-01, 1.366114110049524988e-01, 2.885135678551066230e-01, 2.787197229391087938e-01
2.962284855283599527e-01, 1.365959192008057432e-01, 2.884944866017007947e-01, 2.786811086691335371e-01
2.963016630947495900e-01, 1.365804268392598608e-01, 2.884753940712451170e-01, 2.786425159947453767e-01
2.963748308713469726e-01, 1.365649339288825537e-01, 2.884562902643629245e-01, 2.786039449354075770e-01
2.964479888295021293e-01, 1.365494404782435223e-01, 2.884371751816802720e-01, 2.785653955105740764e-01
2.965211369405693631e-01, 1.365339464959141325e-01, 2.884180488238269890e-01, 2.785268677396894321e-01
2.965942751759070850e-01, 1.365184519904676652e-01, 2.883989111914361247e-01, 2.784883616421892083e-01
2.966674035068778137e-01, 1.365029569704791501e-01, 2.883797622851437814e-01, 2.784498772374991993e-01
2.967405219048482867e-01, 1.364874614445254764e-01, 2.883606021055898916e-01, 2.784114145450363731e-01
2.968136303411895716e-01, 1.364719654211852817e-01, 2.883414306534171634e-01, 2.783729735842080388e-01
2.968867287872768435e-01, 1.364564689090390359e-01, 2.883222479292721352e-01, 2.783345543744120687e-01
2.969598172144896076e-01, 1.364409719166689849e-01, 2.883030539338042320e-01, 2.782961569350370645e-01
2.970328955942116989e-01, 1.364254744526592344e-01, 2.882838486676667644e-01, 2.782577812854624133e-01
2.971059638978311712e-01, 1.364099765255955277e-01, 2.882646321315157634e-01, 2.782194274450576210e-01
2.971790220967404639e-01, 1.363944781440654952e-01, 2.882454043260111454e-01, 2.781810954331829233e-01
2.972520701623365125e-01, 1.363789793166585440e-01, 2.882261652518156581e-01, 2.781427852691892855e-01
2.973251080660204160e-01, 1.363634800519658297e-01, 2.882069149095959348e-01, 2.781044969724177918e-01
2.973981357791978808e-01, 1.363479803585802563e-01, 2.881876533000216067e-01, 2.780662305622003672e-01
2.974711532732788322e-01, 1.363324802450963658e-01, 2.881683804237658020e-01, 2.780279860578589446e-01
2.975441605196779693e-01, 1.363169797201106426e-01, 2.881490962815050350e-01, 2.779897634787062977e-01
2.976171574898143213e-01, 1.363014787922213200e-01, 2.881298008739189842e-01, 2.779515628440453745e-01
2.976901441551113026e-01, 1.362859774700282411e-01, 2.881104942016908255e-01, 2.779133841731696308e-01
2.977631204869969905e-01, 1.362704757621330254e-01, 2.880911762655072872e-01, 2.778752274853627524e-01
2.978360864569040145e-01, 1.362549736771390685e-01, 2.880718470660581509e-01, 2.778370927998988771e-01
2.979090420362695002e-01, 1.362394712236514316e-01, 2.880525066040367510e-01, 2.777989801360422617e-01
2.979819871965354028e-01, 1.362239684102769521e-01, 2.880331548801398078e-01, 2.777608895130478373e-01
2.980549219091481183e-01, 1.362084652456241884e-01, 2.880137918950673170e-01, 2.777228209501604317e-01
2.981278461455587059e-01, 1.361929617383033364e-01, 2.879944176495227159e-01, 2.776847744666151585e-01
2.982007598772229429e-01, 1.361774578969264238e-01, 2.879750321442128835e-01, 2.776467500816378053e-01
2.982736630756012697e-01, 1.361619537301070049e-01, 2.879556353798480295e-01, 2.776087478144436127e-01
2.983465557121589007e-01, 1.361464492464605214e-01, 2.879362273571417496e-01, 2.775707676842388283e-01
2.984194377583658242e-01, 1.361309444546039138e-01, 2.879168080768110816e-01, 2.775328097102191527e-01
2.984923091856967470e-01, 1.361154393631560100e-01, 2.878973775395763934e-01, 2.774948739115708496e-01
2.985651699656312053e-01, 1.360999339807371922e-01, 2.878779357461614397e-01, 2.774569603074702462e-01
2.986380200696535647e-01, 1.360844283159694801e-01, 2.878584826972934718e-01, 2.774190689170835111e-01
2.987108594692527985e-01, 1.360689223774766421e-01, 2.878390183937031832e-01, 2.773811997595672096e-01
2.987836881359232644e-01, 1.360534161738841952e-01, 2.878195428361245423e-01, 2.773433528540679149e-01
2.988565060411638163e-01, 1.360379097138190996e-01, 2.878000560252950701e-01, 2.773055282197220417e-01
2.989293131564781936e-01, 1.360224030059101752e-01, 2.877805579619555076e-01, 2.772677258756561791e-01
2.990021094533753532e-01, 1.360068960587876852e-01, 2.877610486468501483e-01, 2.772299458409867579e-01
2.990748949033691928e-01, 1.359913888810838356e-01, 2.877415280807265607e-01, 2.771921881348204386e-01
2.991476694779781620e-01, 1.359758814814321926e-01, 2.877219962643361995e-01, 2.771544527762535015e-01
2.992204331487262614e-01, 1.359603738684680985e-01, 2.877024531984332945e-01, 2.771167397843724012e-01
2.992931858871422657e-01, 1.359448660508284501e-01, 2.876828988837760170e-01, 2.770790491782532672e-01
2.993659276647600564e-01, 1.359293580371518095e-01, 2.876633333211257026e-01, 2.770413809769623481e-01
2.994386584531186224e-01, 1.359138498360784875e-01, 2.876437565112472394e-01, 2.770037351995557340e-01
2.995113782237620592e-01, 1.358983414562500713e-01, 2.876241684549087352e-01, 2.769661118650790788e-01
2.995840869482396251e-01, 1.358828329063101747e-01, 2.876045691528821280e-01, 2.769285109925680999e-01
2.996567845981055189e-01, 1.358673241949036326e-01, 2.875849586059426310e-01, 2.768909326010482452e-01
2.997294711449194904e-01, 1.358518153306772225e-01, 2.875653368148686218e-01, 2.768533767095347486e-01
2.998021465602461744e-01, 1.358363063222790268e-01, 2.875457037804423077e-01, 2.768158433370324634e-01
2.998748108156556458e-01, 1.358207971783589041e-01, 2.875260595034493383e-01, 2.767783325025361951e-01
2.999474638827230866e-01, 1.358052879075682950e-01, 2.875064039846784159e-01, 2.767408442250302025e-01
3.000201057330291188e-01, 1.357897785185600559e-01, 2.874867372249220732e-01, 2.767033785234886967e-01
3.000927363381594715e-01, 1.357742690199887914e-01, 2.874670592249763401e-01, 2.766659354168752860e-01
3.001653556697053693e-01, 1.357587594205105774e-01, 2.874473699856406328e-01, 2.766285149241434205e-01
3.002379636992632550e-01, 1.357432497287830997e-01, 2.874276695077174759e-01, 2.765911170642360584e-01
3.003105603984350669e-01, 1.357277399534655704e-01, 2.874079577920135575e-01, 2.765537418560857774e-01
3.003831457388280168e-01, 1.357122301032188116e-01, 2.873882348393382302e-01, 2.765163893186148303e-01
3.004557196920548678e-01, 1.356967201867051720e-01, 2.873685006505050654e-01, 2.764790594707348115e-01
3.005282822297338230e-01, 1.356812102125884434e-01, 2.873487552263307987e-01, 2.764417523313469349e-01
3.006008333234883589e-01, 1.356657001895341663e-01, 2.873289985676354408e-01, 2.764044679193419785e-01
3.006733729449475589e-01, 1.356501901262091581e-01, 2.873092306752428882e-01, 2.763672062536002283e-01
3.007459010657462239e-01, 1.356346800312820955e-01, 2.872894515499802015e-01, 2.763299673529914235e-01
3.008184176575244284e-01, 1.356191699134228767e-01, 2.872696611926781052e-01, 2.762927512363745897e-01
3.008909226919279090e-01, 1.356036597813029265e-01, 2.872498596041708208e-01, 2.762555579225982605e-01
3.009634161406081199e-01, 1.355881496435955014e-01, 2.872300467852959560e-01, 2.762183874305004783e-01
3.010358979752216779e-01, 1.355726395089749681e-01, 2.872102227368946714e-01, 2.761812397789086271e-01
3.011083681674314727e-01, 1.355571293861175253e-01, 2.871903874598116801e-01, 2.761441149866392664e-01
3.011808266889056673e-01, 1.355416192837005929e-01, 2.871705409548951926e-01, 2.761070130724985194e-01
3.012532735113181981e-01, 1.355261092104032838e-01, 2.871506832229968054e-01, 2.760699340552817405e-01
3.013257086063486079e-01, 1.355105991749061545e-01, 2.871308142649718342e-01, 2.760328779537734034e-01
3.013981319456823238e-01, 1.354950891858912043e-01, 2.871109340816788147e-01, 2.759958447867475462e-01
3.014705435010104906e-01, 1.354795792520419317e-01, 2.870910426739802235e-01, 2.759588345729672709e-01
3.015429432440300817e-01, 1.354640693820433062e-01, 2.870711400427415350e-01, 2.759218473311850217e-01
3.016153311464437881e-01, 1.354485595845817403e-01, 2.870512261888322203e-01, 2.758848830801421403e-01
3.016877071799600185e-01, 1.354330498683452844e-01, 2.870313011131250258e-01, 2.758479418385695880e-01
3.017600713162933990e-01, 1.354175402420231267e-01, 2.870113648164961950e-01, 2.758110236251872793e-01
3.018324235271640510e-01, 1.354020307143061486e-01, 2.869914172998256907e-01, 2.757741284587040820e-01
3.019047637842982024e-01, 1.353865212938866469e-01, 2.869714585639969173e-01, 2.757372563578182612e-01
3.019770920594279651e-01, 1.353710119894582509e-01, 2.869514886098967210e-01, 2.757004073412171463e-01
3.020494083242913352e-01, 1.353555028097161994e-01, 2.869315074384155562e-01, 2.756635814275769092e-01
3.021217125506324708e-01, 1.353399937633570083e-01, 2.869115150504474854e-01, 2.756267786355629523e-01
3.021940047102014137e-01, 1.353244848590787475e-01, 2.868915114468900684e-01, 2.755899989838297426e-01
3.022662847747540904e-01, 1.353089761055807638e-01, 2.868714966286443624e-01, 2.755532424910207001e-01
3.023385527160527553e-01, 1.352934675115640140e-01, 2.868514705966151435e-01, 2.755165091757682538e-01
3.024108085058653805e-01, 1.352779590857306757e-01, 2.868314333517103520e-01, 2.754797990566936750e-01
3.024830521159663776e-01, 1.352624508367844536e-01, 2.868113848948420364e-01, 2.754431121524071324e-01
3.025552835181360978e-01, 1.352469427734304397e-01, 2.867913252269253532e-01, 2.754064484815080260e-01
3.026275026841609983e-01, 1.352314349043750863e-01, 2.867712543488792898e-01, 2.753698080625844868e-01
3.026997095858339759e-01, 1.352159272383262889e-01, 2.867511722616263303e-01, 2.753331909142134881e-01
3.027719041949536449e-01, 1.352004197839932198e-01, 2.867310789660923454e-01, 2.752965970549606789e-01
3.028440864833252810e-01, 1.351849125500866333e-01, 2.867109744632070356e-01, 2.752600265033810500e-01
3.029162564227601551e-01, 1.351694055453184495e-01, 2.866908587539035436e-01, 2.752234792780178241e-01
3.029884139850758662e-01, 1.351538987784021151e-01, 2.866707318391186199e-01, 2.751869553974033433e-01
3.030605591420962863e-01, 1.351383922580523533e-01, 2.866505937197925680e-01, 2.751504548800586814e-01
3.031326918656516156e-01, 1.351228859929853032e-01, 2.866304443968694105e-01, 2.751139777444935874e-01
3.032048121275783270e-01, 1.351073799919184359e-01, 2.866102838712965006e-01, 2.750775240092067087e-01
3.032769198997194993e-01, 1.350918742635705827e-01, 2.865901121440249111e-01, 2.750410936926850347e-01
3.033490151539241508e-01, 1.350763688166619070e-01, 2.865699292160093781e-01, 2.750046868134045641e-01
3.034210978620480725e-01, 1.350608636599138768e-01, 2.865497350882081351e-01, 2.749683033898297491e-01
3.034931679959533279e-01, 1.350453588020495421e-01, 2.865295297615832459e-01, 2.749319434404139395e-01
3.035652255275084754e-01, 1.350298542517928413e-01, 2.865093132370998830e-01, 2.748956069835987726e-01
3.036372704285885682e-01, 1.350143500178694334e-01, 2.864890855157272709e-01, 2.748592940378147831e-01
3.037093026710750987e-01, 1.349988461090061709e-01, 2.864688465984379651e-01, 2.748230046214807376e-01
3.037813222268562208e-01, 1.349833425339311554e-01, 2.864485964862084066e-01, 2.747867387530043004e-01
3.038533290678263610e-01, 1.349678393013738764e-01, 2.864283351800183119e-01, 2.747504964507815339e-01
3.039253231658868293e-01, 1.349523364200650999e-01, 2.864080626808513941e-01, 2.747142777331966768e-01
3.039973044929453194e-01, 1.349368338987368965e-01, 2.863877789896945858e-01, 2.746780826186230873e-01
3.040692730209164085e-01, 1.349213317461227246e-01, 2.863674841075387056e-01, 2.746419111254221335e-01
3.041412287217209465e-01, 1.349058299709571807e-01, 2.863471780353781249e-01, 2.746057632719437480e-01
3.042131715672866665e-01, 1.348903285819761932e-01, 2.863268607742108784e-01, 2.745696390765262063e-01
3.042851015295480743e-01, 1.348748275879170788e-01, 2.863065323250385541e-01, 2.745335385574962928e-01
3.043570185804462258e-01, 1.348593269975182640e-01, 2.862861926888662922e-01, 2.744974617331691902e-01
3.044289226919290048e-01, 1.348438268195196466e-01, 2.862658418667031190e-01, 2.744614086218482019e-01
3.045008138359510674e-01, 1.348283270626622066e-01, 2.862454798595615024e-01, 2.744253792418252513e-01
3.045726919844737313e-01, 1.348128277356882843e-01, 2.862251066684575185e-01, 2.743893736113803827e-01
3.046445571094653082e-01, 1.347973288473414410e-01, 2.862047222944112956e-01, 2.743533917487820384e-01
3.047164091829008270e-01, 1.347818304063665151e-01, 2.861843267384458489e-01, 2.743174336722868922e-01
3.047882481767621443e-01, 1.347663324215095382e-01, 2.861639200015886342e-01, 2.742814994001396278e-01
3.048600740630382777e-01, 1.347508349015179574e-01, 2.861435020848700495e-01, 2.742455889505737709e-01
3.049318868137247951e-01, 1.347353378551401915e-01, 2.861230729893247671e-01, 2.742097023418103574e-01
3.050036864008243143e-01, 1.347198412911260745e-01, 2.861026327159907900e-01, 2.741738395920588767e-01
3.050754727963465029e-01, 1.347043452182266343e-01, 2.860821812659097851e-01, 2.741380007195171054e-01
3.051472459723079678e-01, 1.346888496451940365e-01, 2.860617186401271383e-01, 2.741021857423708852e-01
3.052190059007321987e-01, 1.346733545807818344e-01, 2.860412448396920104e-01, 2.740663946787939564e-01
3.052907525536499578e-01, 1.346578600337446086e-01, 2.860207598656569483e-01, 2.740306275469484576e-01
3.053624859030987793e-01, 1.346423660128382993e-01, 2.860002637190784402e-01, 2.739948843649844812e-01
3.054342059211235250e-01, 1.346268725268199296e-01, 2.859797564010164161e-01, 2.739591651510400183e-01
3.055059125797760511e-01, 1.346113795844477712e-01, 2.859592379125348027e-01, 2.739234699232413472e-01
3.055776058511151527e-01, 1.345958871944813728e-01, 2.859387082547009684e-01, 2.738877986997026448e-01
3.056492857072071190e-01, 1.345803953656811991e-01, 2.859181674285858343e-01, 2.738521514985258754e-01
3.057209521201250113e-01, 1.345649041068092966e-01, 2.858976154352643739e-01, 2.738165283378012904e-01
3.057926050619497182e-01, 1.345494134266285446e-01, 2.858770522758150023e-01, 2.737809292356068736e-01
3.058642445047685676e-01, 1.345339233339030993e-01, 2.858564779513197984e-01, 2.737453542100085069e-01
3.059358704206766033e-01, 1.345184338373984212e-01, 2.858358924628647824e-01, 2.737098032790603042e-01
3.060074827817760856e-01, 1.345029449458809145e-01, 2.858152958115393050e-01, 2.736742764608037226e-01
3.060790815601764914e-01, 1.344874566681182604e-01, 2.857946879984366584e-01, 2.736387737732685066e-01
3.061506667279947358e-01, 1.344719690128793610e-01, 2.857740690246539650e-01, 2.736032952344719660e-01
3.062222382573547841e-01, 1.344564819889341178e-01, 2.857534388912916778e-01, 2.735678408624194757e-01
3.062937961203881509e-01, 1.344409956050536536e-01, 2.857327975994543579e-01, 2.735324106751038653e-01
3.063653402892339561e-01, 1.344255098700102014e-01, 2.857121451502497855e-01, 2.734970046905060848e-01
3.064368707360382027e-01, 1.344100247925771041e-01, 2.856914815447900713e-01, 2.734616229265944831e-01
3.065083874329550540e-01, 1.343945403815289541e-01, 2.856708067841904897e-01, 2.734262654013255855e-01
3.065798903521452790e-01, 1.343790566456413149e-01, 2.856501208695703675e-01, 2.733909321326429831e-01
3.066513794657778624e-01, 1.343635735936909714e-01, 2.856294238020524734e-01, 2.733556231384786650e-01
3.067228547460288390e-01, 1.343480912344557077e-01, 2.856087155827638502e-01, 2.733203384367517419e-01
3.067943161650820150e-01, 1.343326095767145290e-01, 2.855879962128344829e-01, 2.732850780453690009e-01
3.068657636951285239e-01, 1.343171286292474953e-01, 2.855672656933986864e-01, 2.732498419822253499e-01
3.069371973083673821e-01, 1.343016484008357769e-01, 2.855465240255942727e-01, 2.732146302652025960e-01
3.070086169770048778e-01, 1.342861689002615988e-01, 2.855257712105629397e-01, 2.731794429121705559e-01
3.070800226732552374e-01, 1.342706901363083238e-01, 2.855050072494498825e-01, 2.731442799409865563e-01
3.071514143693400145e-01, 1.342552121177603974e-01, 2.854842321434042374e-01, 2.731091413694952674e-01
3.072227920374888122e-01, 1.342397348534032642e-01, 2.854634458935788599e-01, 2.730740272155291470e-01
3.072941556499384497e-01, 1.342242583520235344e-01, 2.854426485011302139e-01, 2.730389374969077743e-01
3.073655051789341286e-01, 1.342087826224088731e-01, 2.854218399672185380e-01, 2.730038722314385158e-01
3.074368405967279338e-01, 1.341933076733478891e-01, 2.854010202930081230e-01, 2.729688314369160818e-01
3.075081618755804991e-01, 1.341778335136304401e-01, 2.853801894796666461e-01, 2.729338151311224703e-01
3.075794689877597854e-01, 1.341623601520472442e-01, 2.853593475283657255e-01, 2.728988233318272449e-01
3.076507619055418030e-01, 1.341468875973902131e-01, 2.853384944402806989e-01, 2.728638560567873683e-01
3.077220406012102782e-01, 1.341314158584522853e-01, 2.853176302165906231e-01, 2.728289133237468689e-01
3.077933050470567644e-01, 1.341159449440273155e-01, 2.852967548584784407e-01, 2.727939951504375071e-01
3.078645552153808640e-01, 1.341004748629103516e-01, 2.852758683671307027e-01, 2.727591015545780539e-01
3.079357910784900065e-01, 1.340850056238973020e-01, 2.852549707437379012e-01, 2.727242325538747347e-01
3.080070126086995042e-01, 1.340695372357852688e-01, 2.852340619894941365e-01, 2.726893881660210073e-01
3.080782197783326626e-01, 1.340540697073722975e-01, 2.852131421055974503e-01, 2.726545684086976173e-01
3.081494125597208367e-01, 1.340386030474573775e-01, 2.851922110932495480e-01, 2.726197732995723211e-01
3.082205909252031528e-01, 1.340231372648405805e-01, 2.851712689536559098e-01, 2.725850028563003291e-01
3.082917548471271751e-01, 1.340076723683230053e-01, 2.851503156880260126e-01, 2.725502570965238625e-01
3.083629042978481283e-01, 1.339922083667066111e-01, 2.851293512975727196e-01, 2.725155360378725966e-01
3.084340392497295080e-01, 1.339767452687945504e-01, 2.851083757835130017e-01, 2.724808396979629399e-01
3.085051596751428038e-01, 1.339612830833908641e-01, 2.850873891470676602e-01, 2.724461680943987552e-01
3.085762655464678317e-01, 1.339458218193004535e-01, 2.850663913894611046e-01, 2.724115212447705825e-01
3.086473568360922348e-01, 1.339303614853295521e-01, 2.850453825119215745e-01, 2.723768991666566941e-01
3.087184335164121496e-01, 1.339149020902848375e-01, 2.850243625156810845e-01, 2.723423018776218174e-01
3.087894955598317615e-01, 1.338994436429744861e-01, 2.850033314019758124e-01, 2.723077293952179678e-01
3.088605429387633605e-01, 1.338839861522072294e-01, 2.849822891720452667e-01, 2.722731817369841711e-01
3.089315756256277301e-01, 1.338685296267930203e-01, 2.849612358271328416e-01, 2.722386589204463525e-01
3.090025935928537026e-01, 1.338530740755427273e-01, 2.849401713684859838e-01, 2.722041609631175585e-01
3.090735968128784927e-01, 1.338376195072680241e-01, 2.849190957973558591e-01, 2.721696878824975130e-01
3.091445852581476972e-01, 1.338221659307816114e-01, 2.848980091149974636e-01, 2.721352396960731723e-01
3.092155589011151284e-01, 1.338067133548971888e-01, 2.848769113226694571e-01, 2.721008164213182812e-01
3.092865177142429256e-01, 1.337912617884292610e-01, 2.848558024216344964e-01, 2.720664180756933170e-01
3.093574616700018320e-01, 1.337758112401934152e-01, 2.848346824131590127e-01, 2.720320446766457678e-01
3.094283907408706402e-01, 1.337603617190060434e-01, 2.848135512985133233e-01, 2.719976962416099653e-01
3.094993048993369689e-01, 1.337449132336845092e-01, 2.847924090789714646e-01, 2.719633727880070295e-01
3.095702041178967634e-01, 1.337294657930470365e-01, 2.847712557558113033e-01, 2.719290743332448690e-01
3.096410883690542404e-01, 1.337140194059127929e-01, 2.847500913303148140e-01, 2.718948008947181250e-01
3.097119576253223872e-01, 1.336985740811019174e-01, 2.847289158037674128e-01, 2.718605524898082826e-01
3.097828118592224622e-01, 1.336831298274353264e-01, 2.847077291774586794e-01, 2.718263291358835043e-01
3.098536510432846613e-01, 1.336676866537348518e-01, 2.846865314526817459e-01, 2.717921308502985744e-01
3.099244751500472850e-01, 1.336522445688233807e-01, 2.846653226307341300e-01, 2.717579576503952876e-01
3.099952841520576818e-01, 1.336368035815244382e-01, 2.846441027129164580e-01, 2.717238095535015052e-01
3.100660780218712498e-01, 1.336213637006625210e-01, 2.846228717005336861e-01, 2.716896865769324876e-01
3.101368567320527125e-01, 1.336059249350631251e-01, 2.846016295948946562e-01, 2.716555887379894507e-01
3.102076202551749540e-01, 1.335904872935524401e-01, 2.845803763973119849e-01, 2.716215160539606210e-01
3.102783685638198508e-01, 1.335750507849576274e-01, 2.845591121091018416e-01, 2.715874685421207357e-01
3.103491016305777728e-01, 1.335596154181065975e-01, 2.845378367315848367e-01, 2.715534462197308208e-01
3.104198194280478051e-01, 1.335441812018283436e-01, 2.845165502660849666e-01, 2.715194491040389124e-01
3.104905219288381923e-01, 1.335287481449524138e-01, 2.844952527139302245e-01, 2.714854772122791138e-01
3.105612091055654500e-01, 1.335133162563094111e-01, 2.844739440764527671e-01, 2.714515305616723162e-01
3.106318809308554751e-01, 1.334978855447306878e-01, 2.844526243549883038e-01, 2.714176091694257553e-01
3.107025373773422139e-01, 1.334824560190484288e-01, 2.844312935508763740e-01, 2.713837130527330110e-01
3.107731784176691048e-01, 1.334670276880957351e-01, 2.844099516654608473e-01, 2.713498422287743961e-01
3.108438040244883571e-01, 1.334516005607064570e-01, 2.843885987000888682e-01, 2.713159967147164009e-01
3.109144141704609510e-01, 1.334361746457151665e-01, 2.843672346561119113e-01, 2.712821765277119712e-01
3.109850088282568037e-01, 1.334207499519575180e-01, 2.843458595348852813e-01, 2.712483816849003415e-01
3.110555879705549920e-01, 1.334053264882697487e-01, 2.843244733377680022e-01, 2.712146122034072571e-01
3.111261515700431413e-01, 1.333899042634889842e-01, 2.843030760661231504e-01, 2.711808681003446408e-01
3.111966995994184804e-01, 1.333744832864531826e-01, 2.842816677213175769e-01, 2.711471493928107601e-01
3.112672320313866203e-01, 1.333590635660009682e-01, 2.842602483047221296e-01, 2.711134560978902819e-01
3.113377488386626091e-01, 1.333436451109719090e-01, 2.842388178177115976e-01, 2.710797882326538288e-01
3.114082499939705428e-01, 1.333282279302062667e-01, 2.842173762616646004e-01, 2.710461458141586455e-01
3.114787354700433997e-01, 1.333128120325451083e-01, 2.841959236379636988e-01, 2.710125288594478210e-01
3.115492052396235945e-01, 1.332973974268303052e-01, 2.841744599479952282e-01, 2.709789373855508998e-01
3.116196592754623129e-01, 1.332819841219045065e-01, 2.841529851931496875e-01, 2.709453714094835486e-01
3.116900975503201776e-01, 1.332665721266109715e-01, 2.841314993748214612e-01, 2.709118309482474451e-01
3.117605200369669149e-01, 1.332511614497939867e-01, 2.841100024944085423e-01, 2.708783160188306671e-01
3.118309267081813552e-01, 1.332357521002983380e-01, 2.840884945533131978e-01, 2.708448266382070257e-01
3.119013175367518764e-01, 1.332203440869697553e-01, 2.840669755529414697e-01, 2.708113628233369541e-01
3.119716924954757942e-01, 1.332049374186546620e-01, 2.840454454947033414e-01, 2.707779245911662858e-01
3.120420515571596387e-01, 1.331895321042000924e-01, 2.840239043800127372e-01, 2.707445119586275317e-01
3.121123946946195993e-01, 1.331741281524540244e-01, 2.840023522102876341e-01, 2.707111249426387700e-01
3.121827218806809690e-01, 1.331587255722650465e-01, 2.839807889869496726e-01, 2.706777635601043119e-01
3.122530330881784777e-01, 1.331433243724824689e-01, 2.839592147114247678e-01, 2.706444278279142579e-01
3.123233282899561258e-01, 1.331279245619564344e-01, 2.839376293851424427e-01, 2.706111177629451636e-01
3.123936074588671841e-01, 1.331125261495375578e-01, 2.839160330095364393e-01, 2.705778333820587633e-01
3.124638705677748596e-01, 1.330971291440775084e-01, 2.838944255860441634e-01, 2.705445747021034131e-01
3.125341175895512968e-01, 1.330817335544283997e-01, 2.838728071161074618e-01, 2.705113417399129250e-01
3.126043484970782993e-01, 1.330663393894430946e-01, 2.838511776011715670e-01, 2.704781345123070668e-01
3.126745632632471072e-01, 1.330509466579753441e-01, 2.838295370426860420e-01, 2.704449530360915621e-01
3.127447618609585644e-01, 1.330355553688792880e-01, 2.838078854421041131e-01, 2.704117973280579790e-01
3.128149442631229515e-01, 1.330201655310100095e-01, 2.837862228008833365e-01, 2.703786674049836747e-01
3.128851104426602081e-01, 1.330047771532231471e-01, 2.837645491204849879e-01, 2.703455632836315736e-01
3.129552603724998217e-01, 1.329893902443750331e-01, 2.837428644023743951e-01, 2.703124849807508334e-01
3.130253940255807721e-01, 1.329740048133226937e-01, 2.837211686480207717e-01, 2.702794325130757902e-01
3.130955113748518093e-01, 1.329586208689238214e-01, 2.836994618588973838e-01, 2.702464058973269578e-01
3.131656123932714531e-01, 1.329432384200367745e-01, 2.836777440364814384e-01, 2.702134051502103618e-01
3.132356970538076046e-01, 1.329278574755205777e-01, 2.836560151822541398e-01, 2.701804302884177611e-01
3.133057653294379352e-01, 1.329124780442348941e-01, 2.836342752977006332e-01, 2.701474813286265930e-01
3.133758171931500525e-01, 1.328971001350400249e-01, 2.836125243843101162e-01, 2.701145582874998063e-01
3.134458526179412230e-01, 1.328817237567969656e-01, 2.835907624435756724e-01, 2.700816611816861390e-01
3.135158715768182613e-01, 1.328663489183672941e-01, 2.835689894769946040e-01, 2.700487900278198405e-01
3.135858740427981406e-01, 1.328509756286132548e-01, 2.835472054860679325e-01, 2.700159448425207831e-01
3.136558599889072152e-01, 1.328356038963977304e-01, 2.835254104723007318e-01, 2.699831256423942949e-01
3.137258293881822202e-01, 1.328202337305842140e-01, 2.835036044372021835e-01, 2.699503324440313823e-01
3.137957822136692720e-01, 1.328048651400368374e-01, 2.834817873822854106e-01, 2.699175652640084522e-01
3.138657184384247567e-01, 1.327894981336202596e-01, 2.834599593090675884e-01, 2.698848241188874786e-01
3.139356380355145526e-01, 1.327741327201999444e-01, 2.834381202190696669e-01, 2.698521090252158361e-01
3.140055409780148632e-01, 1.327587689086417722e-01, 2.834162701138170370e-01, 2.698194199995264664e-01
3.140754272390116064e-01, 1.327434067078122337e-01, 2.833944089948386980e-01, 2.697867570583374897e-01
3.141452967916008032e-01, 1.327280461265785694e-01, 2.833725368636678121e-01, 2.697541202181528153e-01
3.142151496088884666e-01, 1.327126871738085467e-01, 2.833506537218415944e-01, 2.697215094954613090e-01
3.142849856639905459e-01, 1.326973298583704608e-01, 2.833287595709013118e-01, 2.696889249067376815e-01
3.143548049300331493e-01, 1.326819741891331617e-01, 2.833068544123921173e-01, 2.696563664684415440e-01
3.144246073801524877e-01, 1.326666201749661933e-01, 2.832849382478632716e-01, 2.696238341970180752e-01
3.144943929874946531e-01, 1.326512678247396548e-01, 2.832630110788679767e-01, 2.695913281088977431e-01
3.145641617252161182e-01, 1.326359171473241172e-01, 2.832410729069635980e-01, 2.695588482204961944e-01
3.146339135664832920e-01, 1.326205681515907897e-01, 2.832191237337115530e-01, 2.695263945482143653e-01
3.147036484844729642e-01, 1.326052208464114091e-01, 2.831971635606771454e-01, 2.694939671084385369e-01
3.147733664523719166e-01, 1.325898752406582948e-01, 2.831751923894297862e-01, 2.694615659175400024e-01
3.148430674433771448e-01, 1.325745313432043493e-01, 2.831532102215428282e-01, 2.694291909918755668e-01
3.149127514306960807e-01, 1.325591891629229191e-01, 2.831312170585940091e-01, 2.693968423477869911e-01
3.149824183875463701e-01, 1.325438487086879058e-01, 2.831092129021646198e-01, 2.693645200016011043e-01
3.150520682871556510e-01, 1.325285099893739049e-01, 2.830871977538403916e-01, 2.693322239696301357e-01
3.151217011027621084e-01, 1.325131730138557895e-01, 2.830651716152110531e-01, 2.692999542681710490e-01
3.151913168076143079e-01, 1.324978377910091820e-01, 2.830431344878701072e-01, 2.692677109135063751e-01
3.152609153749711957e-01, 1.324825043297100657e-01, 2.830210863734153315e-01, 2.692354939219034349e-01
3.153304967781017654e-01, 1.324671726388350623e-01, 2.829990272734486112e-01, 2.692033033096145611e-01
3.154000609902857799e-01, 1.324518427272612098e-01, 2.829769571895759395e-01, 2.691711390928771541e-01
3.154696079848131607e-01, 1.324365146038661012e-01, 2.829548761234070287e-01, 2.691390012879137372e-01
3.155391377349844317e-01, 1.324211882775277460e-01, 2.829327840765560320e-01, 2.691068899109317347e-01
3.156086502141106087e-01, 1.324058637571248198e-01, 2.829106810506409331e-01, 2.690748049781235829e-01
3.156781453955130323e-01, 1.323905410515364423e-01, 2.828885670472839897e-01, 2.690427465056665635e-01
3.157476232525237014e-01, 1.323752201696420105e-01, 2.828664420681114011e-01, 2.690107145097228591e-01
3.158170837584851065e-01, 1.323599011203216991e-01, 2.828443061147534188e-01, 2.689787090064398312e-01
3.158865268867502851e-01, 1.323445839124559598e-01, 2.828221591888444575e-01, 2.689467300119493531e-01
3.159559526106828220e-01, 1.323292685549257719e-01, 2.828000012920230399e-01, 2.689147775423683107e-01
3.160253609036570710e-01, 1.323139550566126421e-01, 2.827778324259316300e-01, 2.688828516137986568e-01
3.160947517390577111e-01, 1.322986434263984656e-01, 2.827556525922169661e-01, 2.688509522423267462e-01
3.161641250902804123e-01, 1.322833336731656373e-01, 2.827334617925297833e-01, 2.688190794440241116e-01
3.162334809307313921e-01, 1.322680258057969682e-01, 2.827112600285248134e-01, 2.687872332349467985e-01
3.163028192338274147e-01, 1.322527198331757137e-01, 2.826890473018611738e-01, 2.687554136311356423e-01
3.163721399729962358e-01, 1.322374157641857395e-01, 2.826668236142017010e-01, 2.687236206486163792e-01
3.164414431216760470e-01, 1.322221136077109949e-01, 2.826445889672136724e-01, 2.686918543033992579e-01
3.165107286533160869e-01, 1.322068133726362338e-01, 2.826223433625682513e-01, 2.686601146114794836e-01
3.165799965413761963e-01, 1.321915150678464879e-01, 2.826000868019407641e-01, 2.686284015888364962e-01
3.166492467593272075e-01, 1.321762187022271773e-01, 2.825778192870107564e-01, 2.685967152514349143e-01
3.167184792806506666e-01, 1.321609242846641941e-01, 2.825555408194616591e-01, 2.685650556152234802e-01
3.167876940788389439e-01, 1.321456318240437910e-01, 2.825332514009814000e-01, 2.685334226961360038e-01
3.168568911273952349e-01, 1.321303413292526929e-01, 2.825109510332614593e-01, 2.685018165100905296e-01
3.169260703998340034e-01, 1.321150528091780962e-01, 2.824886397179980357e-01, 2.684702370729898369e-01
3.169952318696802607e-01, 1.320997662727073918e-01, 2.824663174568911028e-01, 2.684386844007213835e-01
3.170643755104700090e-01, 1.320844817287285256e-01, 2.824439842516447419e-01, 2.684071585091566958e-01
3.171335012957504640e-01, 1.320691991861298320e-01, 2.824216401039674196e-01, 2.683756594141523122e-01
3.172026091990796104e-01, 1.320539186538000065e-01, 2.823992850155714329e-01, 2.683441871315490057e-01
3.172716991940264797e-01, 1.320386401406280219e-01, 2.823769189881734087e-01, 2.683127416771720064e-01
3.173407712541713166e-01, 1.320233636555035450e-01, 2.823545420234941372e-01, 2.682813230668311122e-01
3.174098253531052460e-01, 1.320080892073161871e-01, 2.823321541232583498e-01, 2.682499313163203003e-01
3.174788614644304952e-01, 1.319928168049562534e-01, 2.823097552891950524e-01, 2.682185664414183379e-01
3.175478795617604488e-01, 1.319775464573142987e-01, 2.822873455230374140e-01, 2.681872284578878940e-01
3.176168796187197607e-01, 1.319622781732812111e-01, 2.822649248265227118e-01, 2.681559173814764274e-01
3.176858616089439646e-01, 1.319470119617482673e-01, 2.822424932013923859e-01, 2.681246332279154099e-01
3.177548255060799742e-01, 1.319317478316071324e-01, 2.822200506493920402e-01, 2.680933760129208809e-01
3.178237712837859164e-01, 1.319164857917497491e-01, 2.821975971722713306e-01, 2.680621457521930595e-01
3.178926989157308536e-01, 1.319012258510684210e-01, 2.821751327717842983e-01, 2.680309424614164548e-01
3.179616083755955613e-01, 1.318859680184557570e-01, 2.821526574496888706e-01, 2.679997661562597000e-01
3.180304996370718063e-01, 1.318707123028048378e-01, 2.821301712077474155e-01, 2.679686168523759404e-01
3.180993726738625682e-01, 1.318554587130089384e-01, 2.821076740477261868e-01, 2.679374945654022788e-01
3.181682274596822624e-01, 1.318402072579616668e-01, 2.820851659713959347e-01, 2.679063993109601083e-01
3.182370639682568503e-01, 1.318249579465569365e-01, 2.820626469805311287e-01, 2.678753311046551677e-01
3.183058821733230626e-01, 1.318097107876890495e-01, 2.820401170769109012e-01, 2.678442899620768758e-01
3.183746820486298423e-01, 1.317944657902525574e-01, 2.820175762623182703e-01, 2.678132758987993300e-01
3.184434635679367909e-01, 1.317792229631424006e-01, 2.819950245385403620e-01, 2.677822889303804188e-01
3.185122267050153333e-01, 1.317639823152536582e-01, 2.819724619073687988e-01, 2.677513290723622097e-01
3.185809714336482190e-01, 1.317487438554818258e-01, 2.819498883705992553e-01, 2.677203963402707276e-01
3.186496977276297993e-01, 1.317335075927227039e-01, 2.819273039300312922e-01, 2.676894907496161768e-01
3.187184055607658051e-01, 1.317182735358722323e-01, 2.819047085874691883e-01, 2.676586123158928299e-01
3.187870949068734583e-01, 1.317030416938268222e-01, 2.818821023447209972e-01, 2.676277610545788055e-01
3.188557657397815825e-01, 1.316878120754830239e-01, 2.818594852035991027e-01, 2.675969369811361798e-01
3.189244180333307144e-01, 1.316725846897377206e-01, 2.818368571659202737e-01, 2.675661401110113191e-01
3.189930517613726590e-01, 1.316573595454880730e-01, 2.818142182335051094e-01, 2.675353704596342141e-01
3.190616668977711012e-01, 1.316421366516314639e-01, 2.817915684081787053e-01, 2.675046280424188128e-01
3.191302634164012164e-01, 1.316269160170655261e-01, 2.817689076917701541e-01, 2.674739128747630756e-01
3.191988412911499484e-01, 1.316116976506881697e-01, 2.817462360861129334e-01, 2.674432249720489208e-01
3.192674004959157874e-01, 1.315964815613975825e-01, 2.817235535930448509e-01, 2.674125643496417792e-01
3.193359410046091029e-01, 1.315812677580921464e-01, 2.817008602144074336e-01, 2.673819310228913171e-01
3.194044627911518108e-01, 1.315660562496704378e-01, 2.816781559520469824e-01, 2.673513250071308245e-01
3.194729658294776509e-01, 1.315508470450314493e-01, 2.816554408078136285e-01, 2.673207463176773824e-01
3.195414500935320756e-01, 1.315356401530741737e-01, 2.816327147835618327e-01, 2.672901949698318624e-01
3.196099155572725281e-01, 1.315204355826979921e-01, 2.816099778811504417e-01, 2.672596709788790381e-01
3.196783621946679421e-01, 1.315052333428024800e-01, 2.815872301024423541e-01, 2.672291743600871405e-01
3.197467899796994639e-01, 1.314900334422873240e-01, 2.815644714493047429e-01, 2.671987051287084691e-01
3.198151988863597306e-01, 1.314748358900525715e-01, 2.815417019236089446e-01, 2.671682632999787810e-01
3.198835888886535361e-01, 1.314596406949983254e-01, 2.815189215272306811e-01, 2.671378488891174574e-01
3.199519599605973874e-01, 1.314444478660250770e-01, 2.814961302620498373e-01, 2.671074619113277260e-01
3.200203120762198927e-01, 1.314292574120333179e-01, 2.814733281299504619e-01, 2.670771023817962719e-01
3.200886452095615953e-01, 1.314140693419238726e-01, 2.814505151328209331e-01, 2.670467703156935713e-01
3.201569593346746956e-01, 1.313988836645977043e-01, 2.814276912725540147e-01, 2.670164657281736686e-01
3.202252544256238842e-01, 1.313837003889558874e-01, 2.814048565510462452e-01, 2.669861886343739554e-01
3.202935304564854535e-01, 1.313685195238998571e-01, 2.813820109701989924e-01, 2.669559390494156692e-01
3.203617874013480193e-01, 1.313533410783310484e-01, 2.813591545319175657e-01, 2.669257169884034497e-01
3.204300252343120214e-01, 1.313381650611511464e-01, 2.813362872381114932e-01, 2.668955224664253389e-01
3.204982439294902230e-01, 1.313229914812619470e-01, 2.813134090906946883e-01, 2.668653554985531140e-01
3.205664434610073776e-01, 1.313078203475655514e-01, 2.812905200915852832e-01, 2.668352160998418432e-01
3.206346238030002294e-01, 1.312926516689640055e-01, 2.812676202427056849e-01, 2.668051042853301080e-01
3.207027849296180122e-01, 1.312774854543596881e-01, 2.812447095459825186e-01, 2.667750200700398366e-01
3.207709268150216730e-01, 1.312623217126550612e-01, 2.812217880033466844e-01, 2.667449634689765814e-01
3.208390494333848153e-01, 1.312471604527526703e-01, 2.811988556167335784e-01, 2.667149344971289637e-01
3.209071527588930328e-01, 1.312320016835552550e-01, 2.811759123880823719e-01, 2.666849331694693404e-01
3.209752367657441319e-01, 1.312168454139656659e-01, 2.811529583193370652e-01, 2.666549595009530815e-01
3.210433014281484088e-01, 1.312016916528870314e-01, 2.811299934124455446e-01, 2.666250135065191262e-01
3.211113467203280392e-01, 1.311865404092223131e-01, 2.811070176693601375e-01, 2.665950952010894826e-01
3.211793726165177998e-01, 1.311713916918748613e-01, 2.810840310920375007e-01, 2.665652045995697828e-01
3.212473790909649018e-01, 1.311562455097479984e-01, 2.810610336824385103e-01, 2.665353417168485617e-01
3.213153661179285470e-01, 1.311411018717451860e-01, 2.810380254425283164e-01, 2.665055065677978674e-01
3.213833336716807598e-01, 1.311259607867700516e-01, 2.810150063742763438e-01, 2.664756991672729280e-01
3.214512817265055000e-01, 1.311108222637261955e-01, 2.809919764796563468e-01, 2.664459195301119854e-01
3.215192102566993837e-01, 1.310956863115174120e-01, 2.809689357606464100e-01, 2.664161676711367943e-01
3.215871192365714615e-01, 1.310805529390476898e-01, 2.809458842192289474e-01, 2.663864436051518458e-01
3.216550086404434405e-01, 1.310654221552208509e-01, 2.809228218573905367e-01, 2.663567473469452551e-01
3.217228784426490740e-01, 1.310502939689409396e-01, 2.808997486771220853e-01, 2.663270789112878734e-01
3.217907286175349379e-01, 1.310351683891121666e-01, 2.808766646804189415e-01, 2.662974383129338984e-01
3.218585591394600987e-01, 1.310200454246387147e-01, 2.808535698692806171e-01, 2.662678255666204863e-01
3.219263699827961678e-01, 1.310049250844248225e-01, 2.808304642457111755e-01, 2.662382406870678619e-01
3.219941611219271360e-01, 1.309898073773748117e-01, 2.808073478117187327e-01, 2.662086836889794306e-01
3.220619325312498726e-01, 1.309746923123930318e-01, 2.807842205693156790e-01, 2.661791545870413334e-01
3.221296841851737924e-01, 1.309595798983840820e-01, 2.807610825205189564e-01, 2.661496533959231137e-01
3.221974160581208557e-01, 1.309444701442523951e-01, 2.807379336673497816e-01, 2.661201801302769399e-01
3.222651281245257904e-01, 1.309293630589025148e-01, 2.807147740118335899e-01, 2.660907348047380494e-01
3.223328203588358698e-01, 1.309142586512390682e-01, 2.806916035560002021e-01, 2.660613174339249709e-01
3.224004927355111905e-01, 1.308991569301666547e-01, 2.806684223018837687e-01, 2.660319280324384139e-01
3.224681452290247274e-01, 1.308840579045899566e-01, 2.806452302515228259e-01, 2.660025666148625456e-01
3.225357778138618348e-01, 1.308689615834137121e-01, 2.806220274069600173e-01, 2.659732331957644358e-01
3.226033904645208561e-01, 1.308538679755426037e-01, 2.805988137702427054e-01, 2.659439277896937237e-01
3.226709831555130692e-01, 1.308387770898814251e-01, 2.805755893434223602e-01, 2.659146504111830622e-01
3.227385558613623529e-01, 1.308236889353349974e-01, 2.805523541285547817e-01, 2.658854010747479513e-01
3.228061085566054644e-01, 1.308086035208079478e-01, 2.805291081277000997e-01, 2.658561797948865157e-01
3.228736412157919844e-01, 1.307935208552051531e-01, 2.805058513429229405e-01, 2.658269865860798942e-01
3.229411538134846493e-01, 1.307784409474314347e-01, 2.804825837762921492e-01, 2.657978214627918501e-01
3.230086463242586858e-01, 1.307633638063916137e-01, 2.804593054298809562e-01, 2.657686844394688275e-01
3.230761187227025877e-01, 1.307482894409903451e-01, 2.804360163057669220e-01, 2.657395755305401175e-01
3.231435709834176717e-01, 1.307332178601325334e-01, 2.804127164060321031e-01, 2.657104947504177472e-01
3.232110030810181334e-01, 1.307181490727228890e-01, 2.803894057327627753e-01, 2.656814421134962023e-01
3.232784149901314352e-01, 1.307030830876661220e-01, 2.803660842880496551e-01, 2.656524176341528154e-01
3.233458066853977519e-01, 1.306880199138670540e-01, 2.803427520739877332e-01, 2.656234213267475996e-01
3.234131781414704143e-01, 1.306729595602302285e-01, 2.803194090926764415e-01, 2.655944532056229157e-01
3.234805293330158538e-01, 1.306579020356604948e-01, 2.802960553462195414e-01, 2.655655132851040823e-01
3.235478602347136579e-01, 1.306428473490623687e-01, 2.802726908367252356e-01, 2.655366015794987655e-01
3.236151708212562372e-01, 1.306277955093404775e-01, 2.802493155663060564e-01, 2.655077181030972011e-01
3.236824610673493807e-01, 1.306127465253992814e-01, 2.802259295370789771e-01, 2.654788628701723052e-01
3.237497309477120333e-01, 1.305977004061434077e-01, 2.802025327511652453e-01, 2.654500358949793415e-01
3.238169804370761851e-01, 1.305826571604772057e-01, 2.801791252106904384e-01, 2.654212371917561986e-01
3.238842095101869267e-01, 1.305676167973051083e-01, 2.801557069177848525e-01, 2.653924667747231125e-01
3.239514181418028937e-01, 1.305525793255313816e-01, 2.801322778745828357e-01, 2.653637246580829445e-01
3.240186063066957112e-01, 1.305375447540602918e-01, 2.801088380832231772e-01, 2.653350108560208476e-01
3.240857739796501602e-01, 1.305225130917960774e-01, 2.800853875458492737e-01, 2.653063253827045442e-01
3.241529211354646778e-01, 1.305074843476427549e-01, 2.800619262646086294e-01, 2.652776682522840490e-01
3.242200477489505239e-01, 1.304924585305043960e-01, 2.800384542416533562e-01, 2.652490394788917238e-01
3.242871537949327254e-01, 1.304774356492849618e-01, 2.800149714791398958e-01, 2.652204390766424447e-01
3.243542392482494097e-01, 1.304624157128882744e-01, 2.799914779792290753e-01, 2.651918670596332128e-01
3.244213040837520823e-01, 1.304473987302181004e-01, 2.799679737440862182e-01, 2.651633234419435436e-01
3.244883482763057381e-01, 1.304323847101781508e-01, 2.799444587758809777e-01, 2.651348082376350779e-01
3.245553718007886945e-01, 1.304173736616719148e-01, 2.799209330767873927e-01, 2.651063214607519702e-01
3.246223746320926473e-01, 1.304023655936029091e-01, 2.798973966489838872e-01, 2.650778631253204454e-01
3.246893567451230034e-01, 1.303873605148744286e-01, 2.798738494946536592e-01, 2.650494332453490753e-01
3.247563181147981592e-01, 1.303723584343897124e-01, 2.798502916159836817e-01, 2.650210318348283911e-01
3.248232587160506113e-01, 1.303573593610518333e-01, 2.798267230151660345e-01, 2.649926589077314931e-01
3.248901785238259565e-01, 1.303423633037639195e-01, 2.798031436943966832e-01, 2.649643144780134962e-01
3.249570775130833922e-01, 1.303273702714286830e-01, 2.797795536558762564e-01, 2.649359985596116407e-01
3.250239556587957712e-01, 1.303123802729488911e-01, 2.797559529018099345e-01, 2.649077111664453477e-01
3.250908129359496024e-01, 1.302973933172272003e-01, 2.797323414344070058e-01, 2.648794523124161637e-01
3.251576493195447171e-01, 1.302824094131659893e-01, 2.797087192558815882e-01, 2.648512220114077609e-01
3.252244647845948244e-01, 1.302674285696675260e-01, 2.796850863684517963e-01, 2.648230202772858810e-01
3.252912593061271229e-01, 1.302524507956341615e-01, 2.796614427743406295e-01, 2.647948471238981694e-01
3.253580328591826332e-01, 1.302374760999676362e-01, 2.796377884757751953e-01, 2.647667025650745631e-01
3.254247854188159761e-01, 1.302225044915699959e-01, 2.796141234749871529e-01, 2.647385866146269584e-01
3.254915169600955949e-01, 1.302075359793428144e-01, 2.795904477742126026e-01, 2.647104992863489881e-01
3.255582274581033664e-01, 1.301925705721876658e-01, 2.795667613756922520e-01, 2.646824405940167435e-01
3.256249168879352118e-01, 1.301776082790057909e-01, 2.795430642816711386e-01, 2.646544105513878864e-01
3.256915852247007637e-01, 1.301626491086985138e-01, 2.795193564943984632e-01, 2.646264091722021483e-01
3.257582324435234766e-01, 1.301476930701666868e-01, 2.794956380161284781e-01, 2.645984364701812752e-01
3.258248585195405722e-01, 1.301327401723112454e-01, 2.794719088491194325e-01, 2.645704924590287499e-01
3.258914634279030387e-01, 1.301177904240327088e-01, 2.794481689956342940e-01, 2.645425771524300140e-01
3.259580471437758531e-01, 1.301028438342315130e-01, 2.794244184579402490e-01, 2.645146905640524126e-01
3.260246096423378148e-01, 1.300879004118079274e-01, 2.794006572383090914e-01, 2.644868327075451386e-01
3.260911508987817120e-01, 1.300729601656619716e-01, 2.793768853390172224e-01, 2.644590035965391217e-01
3.261576708883141551e-01, 1.300580231046934709e-01, 2.793531027623452623e-01, 2.644312032446472505e-01
3.262241695861556323e-01, 1.300430892378020009e-01, 2.793293095105784385e-01, 2.644034316654638728e-01
3.262906469675408982e-01, 1.300281585738869983e-01, 2.793055055860065861e-01, 2.643756888725655174e-01
3.263571030077184743e-01, 1.300132311218476500e-01, 2.792816909909237033e-01, 2.643479748795102280e-01
3.264235376819508150e-01, 1.299983068905829209e-01, 2.792578657276285625e-01, 2.643202896998377849e-01
3.264899509655146415e-01, 1.299833858889914706e-01, 2.792340297984242103e-01, 2.642926333470697053e-01
3.265563428337005525e-01, 1.299684681259718477e-01, 2.792101832056183008e-01, 2.642650058347092434e-01
3.266227132618134132e-01, 1.299535536104223787e-01, 2.791863259515230400e-01, 2.642374071762412790e-01
3.266890622251718002e-01, 1.299386423512410293e-01, 2.791624580384548526e-01, 2.642098373851322068e-01
3.267553896991089446e-01, 1.299237343573256265e-01, 2.791385794687350486e-01, 2.641822964748303249e-01
3.268216956589717337e-01, 1.299088296375736917e-01, 2.791146902446891565e-01, 2.641547844587653904e-01
3.268879800801215985e-01, 1.298939282008824692e-01, 2.790907903686472569e-01, 2.641273013503486200e-01
3.269542429379339032e-01, 1.298790300561490918e-01, 2.790668798429439823e-01, 2.640998471629730782e-01
3.270204842077981677e-01, 1.298641352122701931e-01, 2.790429586699184616e-01, 2.640724219100130665e-01
3.270867038651184555e-01, 1.298492436781424064e-01, 2.790190268519143202e-01, 2.640450256048247346e-01
3.271529018853128190e-01, 1.298343554626618657e-01, 2.789950843912796796e-01, 2.640176582607455802e-01
3.272190782438135770e-01, 1.298194705747246769e-01, 2.789711312903671026e-01, 2.639903198910945603e-01
3.272852329160674256e-01, 1.298045890232263633e-01, 2.789471675515339810e-01, 2.639630105091722023e-01
3.273513658775353830e-01, 1.297897108170624481e-01, 2.789231931771417594e-01, 2.639357301282604373e-01
3.274174771036928444e-01, 1.297748359651279826e-01, 2.788992081695567116e-01, 2.639084787616225447e-01
3.274835665700291942e-01, 1.297599644763178239e-01, 2.788752125311496632e-01, 2.638812564225032631e-01
3.275496342520487492e-01, 1.297450963595265516e-01, 2.788512062642957146e-01, 2.638540631241290124e-01
3.276156801252698703e-01, 1.297302316236483843e-01, 2.788271893713746841e-01, 2.638268988797070613e-01
3.276817041652253515e-01, 1.297153702775772632e-01, 2.788031618547708868e-01, 2.637997637024265263e-01
3.277477063474624752e-01, 1.297005123302067131e-01, 2.787791237168732450e-01, 2.637726576054574834e-01
3.278136866475430677e-01, 1.296856577904302310e-01, 2.787550749600750666e-01, 2.637455806019516347e-01
3.278796450410432772e-01, 1.296708066671407034e-01, 2.787310155867742667e-01, 2.637185327050416972e-01
3.279455815035539068e-01, 1.296559589692308778e-01, 2.787069455993733125e-01, 2.636915139278419029e-01
3.280114960106801369e-01, 1.296411147055930579e-01, 2.786828650002791674e-01, 2.636645242834476655e-01
3.280773885380416921e-01, 1.296262738851193808e-01, 2.786587737919034580e-01, 2.636375637849354692e-01
3.281432590612730626e-01, 1.296114365167014837e-01, 2.786346719766620850e-01, 2.636106324453634242e-01
3.282091075560230053e-01, 1.295966026092307266e-01, 2.786105595569759452e-01, 2.635837302777702673e-01
3.282749339979552650e-01, 1.295817721715981918e-01, 2.785864365352700434e-01, 2.635568572951764166e-01
3.283407383627477971e-01, 1.295669452126945731e-01, 2.785623029139742135e-01, 2.635300135105833053e-01
3.284065206260936010e-01, 1.295521217414101478e-01, 2.785381586955228417e-01, 2.635031989369734928e-01
3.284722807636999975e-01, 1.295373017666349713e-01, 2.785140038823545883e-01, 2.634764135873105539e-01
3.285380187512890737e-01, 1.295224852972586271e-01, 2.784898384769129986e-01, 2.634496574745391895e-01
3.286037345645980712e-01, 1.295076723421703935e-01, 2.784656624816461146e-01, 2.634229306115853375e-01
3.286694281793782757e-01, 1.294928629102592432e-01, 2.784414758990064742e-01, 2.633962330113561179e-01
3.287350995713961277e-01, 1.294780570104136774e-01, 2.784172787314511122e-01, 2.633695646867391105e-01
3.288007487164327225e-01, 1.294632546515218086e-01, 2.783930709814417814e-01, 2.633429256506036320e-01
3.288663755902840879e-01, 1.294484558424715270e-01, 2.783688526514448425e-01, 2.633163159157995703e-01
3.289319801687607958e-01, 1.294336605921501959e-01, 2.783446237439310411e-01, 2.632897354951579394e-01
3.289975624276885724e-01, 1.294188689094447897e-01, 2.783203842613759527e-01, 2.632631844014907130e-01
3.290631223429077434e-01, 1.294040808032420609e-01, 2.782961342062594268e-01, 2.632366626475907689e-01
3.291286598902736227e-01, 1.293892962824281512e-01, 2.782718735810661981e-01, 2.632101702462319448e-01
3.291941750456563454e-01, 1.293745153558890360e-01, 2.782476023882854421e-01, 2.631837072101691488e-01
3.292596677849413123e-01, 1.293597380325100243e-01, 2.782233206304108863e-01, 2.631572735521378603e-01
3.293251380840282461e-01, 1.293449643211762035e-01, 2.781990283099409211e-01, 2.631308692848546849e-01
3.293905859188322460e-01, 1.293301942307722441e-01, 2.781747254293785443e-01, 2.631044944210169656e-01
3.294560112652833439e-01, 1.293154277701823451e-01, 2.781504119912313611e-01, 2.630781489733030054e-01
3.295214140993265040e-01, 1.293006649482902892e-01, 2.781260879980114176e-01, 2.630518329543718448e-01
3.295867943969217895e-01, 1.292859057739794981e-01, 2.781017534522355339e-01, 2.630255463768631508e-01
3.296521521340441407e-01, 1.292711502561328940e-01, 2.780774083564251375e-01, 2.629992892533977722e-01
3.297174872866838191e-01, 1.292563984036330105e-01, 2.780530527131060969e-01, 2.629730615965769625e-01
3.297827998308459074e-01, 1.292416502253619925e-01, 2.780286865248091654e-01, 2.629468634189829346e-01
3.298480897425507541e-01, 1.292269057302014301e-01, 2.780043097940694263e-01, 2.629206947331783617e-01
3.299133569978338065e-01, 1.292121649270325245e-01, 2.779799225234266813e-01, 2.628945555517069876e-01
3.299786015727455557e-01, 1.291974278247361163e-01, 2.779555247154254505e-01, 2.628684458870928498e-01
3.300438234433518692e-01, 1.291826944321925186e-01, 2.779311163726146949e-01, 2.628423657518409451e-01
3.301090225857335470e-01, 1.291679647582815171e-01, 2.779066974975481497e-01, 2.628163151584367863e-01
3.301741989759867657e-01, 1.291532388118825647e-01, 2.778822680927841016e-01, 2.627902941193466235e-01
3.302393525902228011e-01, 1.291385166018746422e-01, 2.778578281608853895e-01, 2.627643026470171117e-01
3.303044834045684719e-01, 1.291237981371362309e-01, 2.778333777044196817e-01, 2.627383407538756432e-01
3.303695913951654184e-01, 1.291090834265452847e-01, 2.778089167259591430e-01, 2.627124084523302372e-01
3.304346765381708240e-01, 1.290943724789793967e-01, 2.777844452280805454e-01, 2.626865057547693172e-01
3.304997388097572486e-01, 1.290796653033155772e-01, 2.777599632133653240e-01, 2.626606326735618224e-01
3.305647781861124623e-01, 1.290649619084304478e-01, 2.777354706843996324e-01, 2.626347892210574297e-01
3.306297946434396673e-01, 1.290502623032000751e-01, 2.777109676437742314e-01, 2.626089754095861095e-01
3.306947881579572757e-01, 1.290355664965000815e-01, 2.776864540940843784e-01, 2.625831912514583477e-01
3.307597587058991317e-01, 1.290208744972055344e-01, 2.776619300379302158e-01, 2.625574367589650904e-01
3.308247062635147340e-01, 1.290061863141911402e-01, 2.776373954779163267e-01, 2.625317119443778546e-01
3.308896308070686798e-01, 1.289915019563309673e-01, 2.776128504166521238e-01, 2.625060168199482291e-01
3.309545323128412209e-01, 1.289768214324985562e-01, 2.775882948567515163e-01, 2.624803513979087066e-01
3.310194107571280964e-01, 1.289621447515671149e-01, 2.775637288008331316e-01, 2.624547156904716294e-01
3.310842661162404221e-01, 1.289474719224091293e-01, 2.775391522515202603e-01, 2.624291097098301884e-01
3.311490983665048016e-01, 1.289328029538966969e-01, 2.775145652114409667e-01, 2.624035334681575349e-01
3.312139074842635478e-01, 1.289181378549014434e-01, 2.774899676832277007e-01, 2.623779869776073359e-01
3.312786934458743504e-01, 1.289034766342942728e-01, 2.774653596695178526e-01, 2.623524702503136075e-01
3.313434562277104978e-01, 1.288888193009457006e-01, 2.774407411729533091e-01, 2.623269832983904370e-01
3.314081958061609878e-01, 1.288741658637257148e-01, 2.774161121961807863e-01, 2.623015261339324833e-01
3.314729121576304172e-01, 1.288595163315037484e-01, 2.773914727418513859e-01, 2.622760987690144763e-01
3.315376052585388700e-01, 1.288448707131486792e-01, 2.773668228126212054e-01, 2.622507012156912176e-01
3.316022750853221401e-01, 1.288302290175287745e-01, 2.773421624111508943e-01, 2.622253334859980800e-01
3.316669216144318977e-01, 1.288155912535119130e-01, 2.773174915401058205e-01, 2.621999955919504521e-01
3.317315448223351892e-01, 1.288009574299652238e-01, 2.772928102021558483e-01, 2.621746875455437942e-01
3.317961446855148822e-01, 1.287863275557555309e-01, 2.772681183999757826e-01, 2.621494093587538043e-01
3.318607211804697754e-01, 1.287717016397488257e-01, 2.772434161362448690e-01, 2.621241610435364744e-01
3.319252742837141557e-01, 1.287570796908107107e-01, 2.772187034136474049e-01, 2.620989426118277010e-01
3.319898039717783522e-01, 1.287424617178062058e-01, 2.771939802348719062e-01, 2.620737540755436745e-01
3.320543102212081266e-01, 1.287278477295996093e-01, 2.771692466026119406e-01, 2.620485954465803791e-01
3.321187930085653384e-01, 1.287132377350548862e-01, 2.771445025195656275e-01, 2.620234667368141479e-01
3.321832523104276125e-01, 1.286986317430352522e-01, 2.771197479884359161e-01, 2.619983679581013303e-01
3.322476881033883944e-01, 1.286840297624033402e-01, 2.770949830119301960e-01, 2.619732991222781249e-01
3.323121003640571169e-01, 1.286694318020212280e-01, 2.770702075927608532e-01, 2.619482602411606909e-01
3.323764890690589779e-01, 1.286548378707505491e-01, 2.770454217336448255e-01, 2.619232513265456475e-01
3.324408541950351625e-01, 1.286402479774520213e-01, 2.770206254373037691e-01, 2.618982723902091303e-01
3.325051957186426210e-01, 1.286256621309860848e-01, 2.769958187064640032e-01, 2.618733234439072910e-01
3.325695136165546240e-01, 1.286110803402123193e-01, 2.769710015438567319e-01, 2.618484044993763526e-01
3.326338078654599850e-01, 1.285965026139898881e-01, 2.769461739522177113e-01, 2.618235155683324433e-01
3.326980784420638382e-01, 1.285819289611772609e-01, 2.769213359342874159e-01, 2.617986566624713740e-01
3.327623253230871936e-01, 1.285673593906323242e-01, 2.768964874928112607e-01, 2.617738277934691937e-01
3.328265484852671596e-01, 1.285527939112122986e-01, 2.768716286305391017e-01, 2.617490289729814679e-01
3.328907479053568874e-01, 1.285382325317737939e-01, 2.768467593502256241e-01, 2.617242602126437778e-01
3.329549235601253487e-01, 1.285236752611728095e-01, 2.768218796546302873e-01, 2.616995215240716655e-01
3.330190754263579467e-01, 1.285091221082647062e-01, 2.767969895465172692e-01, 2.616748129188600225e-01
3.330832034808561271e-01, 1.284945730819043175e-01, 2.767720890286554658e-01, 2.616501344085840342e-01
3.331473077004375449e-01, 1.284800281909455888e-01, 2.767471781038184919e-01, 2.616254860047984021e-01
3.332113880619355650e-01, 1.284654874442421324e-01, 2.767222567747847362e-01, 2.616008677190376219e-01
3.332754445422003720e-01, 1.284509508506466169e-01, 2.766973250443372501e-01, 2.615762795628157611e-01
3.333394771180978045e-01, 1.284364184190113223e-01, 2.766723829152639147e-01, 2.615517215476270141e-01
3.334034857665101881e-01, 1.284218901581877237e-01, 2.766474303903572740e-01, 2.615271936849448142e-01
3.334674704643360021e-01, 1.284073660770266301e-01, 2.766224674724148125e-01, 2.615026959862226108e-01
3.335314311884900462e-01, 1.283928461843782676e-01, 2.765974941642384555e-01, 2.614782284628932030e-01
3.335953679159034402e-01, 1.283783304890921406e-01, 2.765725104686351243e-01, 2.614537911263692949e-01
3.336592806235232356e-01, 1.283638190000171708e-01, 2.765475163884164034e-01, 2.614293839880432180e-01
3.337231692883131928e-01, 1.283493117260015026e-01, 2.765225119263986508e-01, 2.614050070592865982e-01
3.337870338872533926e-01, 1.283348086758926421e-01, 2.764974970854029990e-01, 2.613806603514509663e-01
3.338508743973399584e-01, 1.283203098585374846e-01, 2.764724718682552984e-01, 2.613563438758673696e-01
3.339146907955855004e-01, 1.283058152827821763e-01, 2.764474362777861738e-01, 2.613320576438462051e-01
3.339784830590192821e-01, 1.282913249574721137e-01, 2.764223903168310237e-01, 2.613078016666776082e-01
3.340422511646866099e-01, 1.282768388914521107e-01, 2.763973339882300762e-01, 2.612835759556311754e-01
3.341059950896495545e-01, 1.282623570935663149e-01, 2.763722672948282222e-01, 2.612593805219560195e-01
3.341697148109862847e-01, 1.282478795726579857e-01, 2.763471902394752377e-01, 2.612352153768804919e-01
3.342334103057917893e-01, 1.282334063375699107e-01, 2.763221028250255062e-01, 2.612110805316127937e-01
3.342970815511770999e-01, 1.282189373971440172e-01, 2.762970050543383516e-01, 2.611869759973403649e-01
3.343607285242703453e-01, 1.282044727602216494e-01, 2.762718969302779271e-01, 2.611629017852301060e-01
3.344243512022156417e-01, 1.281900124356432635e-01, 2.762467784557129380e-01, 2.611388579064281013e-01
3.344879495621739807e-01, 1.281755564322487606e-01, 2.762216496335170857e-01, 2.611148443720602286e-01
3.345515235813226740e-01, 1.281611047588772367e-01, 2.761965104665687343e-01, 2.610908611932313828e-01
3.346150732368558534e-01, 1.281466574243671219e-01, 2.761713609577510220e-01, 2.610669083810259195e-01
3.346785985059841373e-01, 1.281322144375560690e-01, 2.761462011099520830e-01, 2.610429859465077107e-01
3.347420993659347421e-01, 1.281177758072810091e-01, 2.761210309260646034e-01, 2.610190939007197009e-01
3.348055757939514820e-01, 1.281033415423781519e-01, 2.760958504089862098e-01, 2.609952322546841286e-01
3.348690277672951021e-01, 1.280889116516829851e-01, 2.760706595616191916e-01, 2.609714010194026379e-01
3.349324552632427232e-01, 1.280744861440302473e-01, 2.760454583868709455e-01, 2.609476002058561117e-01
3.349958582590881750e-01, 1.280600650282538444e-01, 2.760202468876532533e-01, 2.609238298250047272e-01
3.350592367321422738e-01, 1.280456483131870160e-01, 2.759950250668828931e-01, 2.609000898877876229e-01
3.351225906597324333e-01, 1.280312360076623079e-01, 2.759697929274816386e-01, 2.608763804051235091e-01
3.351859200192027211e-01, 1.280168281205114333e-01, 2.759445504723757603e-01, 2.608527013879100576e-01
3.352492247879140241e-01, 1.280024246605653004e-01, 2.759192977044966355e-01, 2.608290528470240677e-01
3.353125049432442162e-01, 1.279880256366540958e-01, 2.758940346267801935e-01, 2.608054347933215777e-01
3.353757604625876021e-01, 1.279736310576072844e-01, 2.758687612421672486e-01, 2.607818472376378649e-01
3.354389913233556952e-01, 1.279592409322535262e-01, 2.758434775536035555e-01, 2.607582901907872230e-01
3.355021975029766623e-01, 1.279448552694207042e-01, 2.758181835640396429e-01, 2.607347636635629073e-01
3.355653789788957675e-01, 1.279304740779359240e-01, 2.757928792764308690e-01, 2.607112676667375228e-01
3.356285357285747062e-01, 1.279160973666254864e-01, 2.757675646937373104e-01, 2.606878022110625248e-01
3.356916677294926599e-01, 1.279017251443148873e-01, 2.757422398189240398e-01, 2.606643673072684964e-01
3.357547749591452413e-01, 1.278873574198289564e-01, 2.757169046549607372e-01, 2.606409629660650373e-01
3.358178573950454382e-01, 1.278729942019915800e-01, 2.756915592048222452e-01, 2.606175891981408199e-01
3.358809150147228917e-01, 1.278586354996259500e-01, 2.756662034714879583e-01, 2.605942460141633110e-01
3.359439477957242848e-01, 1.278442813215544260e-01, 2.756408374579421561e-01, 2.605709334247792719e-01
3.360069557156133424e-01, 1.278299316765985072e-01, 2.756154611671740584e-01, 2.605476514406140365e-01
3.360699387519709980e-01, 1.278155865735789987e-01, 2.755900746021777703e-01, 2.605244000722722886e-01
3.361328968823948937e-01, 1.278012460213158175e-01, 2.755646777659520041e-01, 2.605011793303372847e-01
3.361958300844999914e-01, 1.277869100286280757e-01, 2.755392706615006904e-01, 2.604779892253712981e-01
3.362587383359181281e-01, 1.277725786043340805e-01, 2.755138532918321448e-01, 2.604548297679156743e-01
3.363216216142984605e-01, 1.277582517572512788e-01, 2.754884256599599568e-01, 2.604317009684902762e-01
3.363844798973071870e-01, 1.277439294961963956e-01, 2.754629877689023232e-01, 2.604086028375940387e-01
3.364473131626276037e-01, 1.277296118299851846e-01, 2.754375396216825478e-01, 2.603855353857047472e-01
3.365101213879601039e-01, 1.277152987674326778e-01, 2.754120812213282643e-01, 2.603624986232789262e-01
3.365729045510223449e-01, 1.277009903173530192e-01, 2.753866125708726575e-01, 2.603394925607519506e-01
3.366356626295492482e-01, 1.276866864885595476e-01, 2.753611336733534087e-01, 2.603165172085378787e-01
3.366983956012927770e-01, 1.276723872898646583e-01, 2.753356445318129730e-01, 2.602935725770295639e-01
3.367611034440223250e-01, 1.276580927300800805e-01, 2.753101451492988572e-01, 2.602706586765986541e-01
3.368237861355243834e-01, 1.276438028180165440e-01, 2.752846355288634528e-01, 2.602477755175955365e-01
3.368864436536025964e-01, 1.276295175624840572e-01, 2.752591156735639255e-01, 2.602249231103494487e-01
3.369490759760783716e-01, 1.276152369722915181e-01, 2.752335855864623815e-01, 2.602021014651677566e-01
3.370116830807899366e-01, 1.276009610562472696e-01, 2.752080452706257008e-01, 2.601793105923371208e-01
3.370742649455929496e-01, 1.275866898231586000e-01, 2.751824947291258150e-01, 2.601565505021226632e-01
3.371368215483606101e-01, 1.275724232818320203e-01, 2.751569339650394297e-01, 2.601338212047679677e-01
3.371993528669833262e-01, 1.275581614410730424e-01, 2.751313629814481354e-01, 2.601111227104954127e-01
3.372618588793688810e-01, 1.275439043096865954e-01, 2.751057817814385187e-01, 2.600884550295060604e-01
3.373243395634425990e-01, 1.275296518964762482e-01, 2.750801903681018845e-01, 2.600658181719792683e-01
3.373867948971470132e-01, 1.275154042102452367e-01, 2.750545887445345339e-01, 2.600432121480732439e-01
3.374492248584423093e-01, 1.275011612597955202e-01, 2.750289769138375973e-01, 2.600206369679246565e-01
3.375116294253059368e-01, 1.274869230539282527e-01, 2.750033548791173121e-01, 2.599980926416485816e-01
3.375740085757328313e-01, 1.274726896014438393e-01, 2.749777226434845234e-01, 2.599755791793388338e-01
3.376363622877356363e-01, 1.274584609111416300e-01, 2.749520802100551276e-01, 2.599530965910675784e-01
3.376986905393443705e-01, 1.274442369918201423e-01, 2.749264275819499614e-01, 2.599306448868855535e-01
3.377609933086065386e-01, 1.274300178522770333e-01, 2.749007647622946915e-01, 2.599082240768217922e-01
3.378232705735872976e-01, 1.274158035013089330e-01, 2.748750917542199246e-01, 2.598858341708839559e-01
3.378855223123691243e-01, 1.274015939477116388e-01, 2.748494085608610971e-01, 2.598634751790580566e-01
3.379477485030524808e-01, 1.273873892002801156e-01, 2.748237151853588078e-01, 2.598411471113085680e-01
3.380099491237552045e-01, 1.273731892678082456e-01, 2.747980116308582077e-01, 2.598188499775784255e-01
3.380721241526126741e-01, 1.273589941590890784e-01, 2.747722979005097210e-01, 2.597965837877885265e-01
3.381342735677780320e-01, 1.273448038829147755e-01, 2.747465739974683796e-01, 2.597743485518387296e-01
3.381963973474220730e-01, 1.273306184480765546e-01, 2.747208399248944888e-01, 2.597521442796069113e-01
3.382584954697332447e-01, 1.273164378633646343e-01, 2.746950956859529613e-01, 2.597299709809491874e-01
3.383205679129178134e-01, 1.273022621375682895e-01, 2.746693412838136505e-01, 2.597078286657002466e-01
3.383826146551993652e-01, 1.272880912794760455e-01, 2.746435767216515722e-01, 2.596857173436729060e-01
3.384446356748198048e-01, 1.272739252978752622e-01, 2.746178020026466826e-01, 2.596636370246582781e-01
3.385066309500383008e-01, 1.272597642015525221e-01, 2.745920171299834900e-01, 2.596415877184256593e-01
3.385686004591321185e-01, 1.272456079992933253e-01, 2.745662221068517206e-01, 2.596195694347228078e-01
3.386305441803960092e-01, 1.272314566998823115e-01, 2.745404169364462632e-01, 2.595975821832753883e-01
3.386924620921428208e-01, 1.272173103121031768e-01, 2.745146016219663920e-01, 2.595756259737876936e-01
3.387543541727029428e-01, 1.272031688447385345e-01, 2.744887761666167658e-01, 2.595537008159417014e-01
3.388162204004249167e-01, 1.271890323065703043e-01, 2.744629405736068173e-01, 2.595318067193980727e-01
3.388780607536748257e-01, 1.271749007063790737e-01, 2.744370948461509196e-01, 2.595099436937951531e-01
3.389398752108369051e-01, 1.271607740529447916e-01, 2.744112389874685531e-01, 2.594881117487497502e-01
3.390016637503131536e-01, 1.271466523550462691e-01, 2.743853730007838609e-01, 2.594663108938566332e-01
3.390634263505234447e-01, 1.271325356214613733e-01, 2.743594968893263708e-01, 2.594445411386888667e-01
3.391251629899056930e-01, 1.271184238609669448e-01, 2.743336106563299959e-01, 2.594228024927973109e-01
3.391868736469156875e-01, 1.271043170823389634e-01, 2.743077143050341449e-01, 2.594010949657110654e-01
3.392485583000272586e-01, 1.270902152943523822e-01, 2.742818078386830005e-01, 2.593794185669374697e-01
3.393102169277320557e-01, 1.270761185057810716e-01, 2.742558912605254640e-01, 2.593577733059613810e-01
3.393718495085399356e-01, 1.270620267253980418e-01, 2.742299645738158764e-01, 2.593361591922461740e-01
3.394334560209786855e-01, 1.270479399619751648e-01, 2.742040277818130756e-01, 2.593145762352330741e-01
3.394950364435941337e-01, 1.270338582242835634e-01, 2.741780808877811726e-01, 2.592930244443411025e-01
3.395565907549501494e-01, 1.270197815210930836e-01, 2.741521238949892192e-01, 2.592715038289675755e-01
3.396181189336287543e-01, 1.270057098611727109e-01, 2.741261568067110410e-01, 2.592500143984874938e-01
3.396796209582298998e-01, 1.269916432532903761e-01, 2.741001796262257373e-01, 2.592285561622538759e-01
3.397410968073719673e-01, 1.269775817062130385e-01, 2.740741923568171257e-01, 2.592071291295978130e-01
3.398025464596911571e-01, 1.269635252287066585e-01, 2.740481950017741863e-01, 2.591857333098279148e-01
3.398639698938418219e-01, 1.269494738295361413e-01, 2.740221875643908955e-01, 2.591643687122311412e-01
3.399253670884966883e-01, 1.269354275174653934e-01, 2.739961700479659479e-01, 2.591430353460720259e-01
3.399867380223465241e-01, 1.269213863012571830e-01, 2.739701424558034226e-01, 2.591217332205928980e-01
3.400480826741004159e-01, 1.269073501896734735e-01, 2.739441047912118954e-01, 2.591004623450142152e-01
3.401094010224853803e-01, 1.268933191914750069e-01, 2.739180570575056040e-01, 2.590792227285340088e-01
3.401706930462471967e-01, 1.268792933154216374e-01, 2.738919992580030605e-01, 2.590580143803281055e-01
3.402319587241493526e-01, 1.268652725702720252e-01, 2.738659313960283281e-01, 2.590368373095502386e-01
3.402931980349738206e-01, 1.268512569647839427e-01, 2.738398534749102442e-01, 2.590156915253319925e-01
3.403544109575209475e-01, 1.268372465077140243e-01, 2.738137654979826419e-01, 2.589945770367824696e-01
3.404155974706092880e-01, 1.268232412078179050e-01, 2.737876674685843503e-01, 2.589734938529885122e-01
3.404767575530757151e-01, 1.268092410738501097e-01, 2.737615593900592503e-01, 2.589524419830148694e-01
3.405378911837756428e-01, 1.267952461145642473e-01, 2.737354412657562741e-01, 2.589314214359038635e-01
3.405989983415826372e-01, 1.267812563387126779e-01, 2.737093130990292389e-01, 2.589104322206755571e-01
3.406600790053884720e-01, 1.267672717550468453e-01, 2.736831748932371244e-01, 2.588894743463275305e-01
3.407211331541036836e-01, 1.267532923723170835e-01, 2.736570266517439065e-01, 2.588685478218352709e-01
3.407821607666571273e-01, 1.267393181992727547e-01, 2.736308683779182793e-01, 2.588476526561517832e-01
3.408431618219959769e-01, 1.267253492446619445e-01, 2.736047000751345992e-01, 2.588267888582075349e-01
3.409041362990859469e-01, 1.267113855172317949e-01, 2.735785217467714969e-01, 2.588059564369107335e-01
3.409650841769110152e-01, 1.266974270257284485e-01, 2.735523333962132653e-01, 2.587851554011472710e-01
3.410260054344739777e-01, 1.266834737788968268e-01, 2.735261350268486935e-01, 2.587643857597804464e-01
3.410869000507958937e-01, 1.266695257854808798e-01, 2.734999266420719555e-01, 2.587436475216511877e-01
3.411477680049164740e-01, 1.266555830542234196e-01, 2.734737082452823320e-01, 2.587229406955778299e-01
3.412086092758938038e-01, 1.266416455938661756e-01, 2.734474798398836559e-01, 2.587022652903563924e-01
3.412694238428046201e-01, 1.266277134131497117e-01, 2.734212414292853666e-01, 2.586816213147603016e-01
3.413302116847443113e-01, 1.266137865208137037e-01, 2.733949930169015108e-01, 2.586610087775405020e-01
3.413909727808266403e-01, 1.265998649255964670e-01, 2.733687346061515200e-01, 2.586404276874255115e-01
3.414517071101842438e-01, 1.265859486362355124e-01, 2.733424662004593775e-01, 2.586198780531209773e-01
3.415124146519679660e-01, 1.265720376614669074e-01, 2.733161878032547842e-01, 2.585993598833102869e-01
3.415730953853479135e-01, 1.265581320100259699e-01, 2.732898994179719931e-01, 2.585788731866541790e-01
3.416337492895122896e-01, 1.265442316906466302e-01, 2.732636010480504196e-01, 2.585584179717907438e-01
3.416943763436681714e-01, 1.265303367120618194e-01, 2.732372926969345306e-01, 2.585379942473354786e-01
3.417549765270413431e-01, 1.265164470830033860e-01, 2.732109743680739555e-01, 2.585176020218812321e-01
3.418155498188764074e-01, 1.265025628122019852e-01, 2.731846460649233754e-01, 2.584972413039983152e-01
3.418760961984364521e-01, 1.264886839083871062e-01, 2.731583077909422452e-01, 2.584769121022341132e-01
3.419366156450033833e-01, 1.264748103802873780e-01, 2.731319595495955710e-01, 2.584566144251136954e-01
3.419971081378780364e-01, 1.264609422366299585e-01, 2.731056013443529107e-01, 2.584363482811390944e-01
3.420575736563797320e-01, 1.264470794861410619e-01, 2.730792331786892069e-01, 2.584161136787898605e-01
3.421180121798468865e-01, 1.264332221375458476e-01, 2.730528550560844536e-01, 2.583959106265228400e-01
3.421784236876365681e-01, 1.264193701995680041e-01, 2.730264669800236965e-01, 2.583757391327718422e-01
3.422388081591246634e-01, 1.264055236809305260e-01, 2.730000689539967551e-01, 2.583555992059480833e-01
3.422991655737058214e-01, 1.263916825903548813e-01, 2.729736609814989445e-01, 2.583354908544402417e-01
3.423594959107938429e-01, 1.263778469365616774e-01, 2.729472430660305760e-01, 2.583154140866138482e-01
3.424197991498212357e-01, 1.263640167282701621e-01, 2.729208152110969010e-01, 2.582953689108117845e-01
3.424800752702392148e-01, 1.263501919741985557e-01, 2.728943774202081674e-01, 2.582753553353541176e-01
3.425403242515182023e-01, 1.263363726830638856e-01, 2.728679296968798962e-01, 2.582553733685379327e-01
3.426005460731474384e-01, 1.263225588635819852e-01, 2.728414720446328268e-01, 2.582354230186377220e-01
3.426607407146350925e-01, 1.263087505244676056e-01, 2.728150044669924168e-01, 2.582155042939049405e-01
3.427209081555082637e-01, 1.262949476744342214e-01, 2.727885269674894531e-01, 2.581956172025680063e-01
3.427810483753132020e-01, 1.262811503221942799e-01, 2.727620395496598849e-01, 2.581757617528327997e-01
3.428411613536148650e-01, 1.262673584764589518e-01, 2.727355422170443799e-01, 2.581559379528818310e-01
3.429012470699974724e-01, 1.262535721459382698e-01, 2.727090349731891017e-01, 2.581361458108750728e-01
3.429613055040642289e-01, 1.262397913393411009e-01, 2.726825178216452650e-01, 2.581163853349493498e-01
3.430213366354373239e-01, 1.262260160653750629e-01, 2.726559907659690252e-01, 2.580966565332186158e-01
3.430813404437579872e-01, 1.262122463327467470e-01, 2.726294538097215892e-01, 2.580769594137736767e-01
3.431413169086866000e-01, 1.261984821501614118e-01, 2.726029069564695484e-01, 2.580572939846824121e-01
3.432012660099027501e-01, 1.261847235263231504e-01, 2.725763502097843238e-01, 2.580376602539897202e-01
3.432611877271048439e-01, 1.261709704699349177e-01, 2.725497835732427765e-01, 2.580180582297175174e-01
3.433210820400106056e-01, 1.261572229896983921e-01, 2.725232070504264303e-01, 2.579984879198645720e-01
3.433809489283568550e-01, 1.261434810943142248e-01, 2.724966206449221384e-01, 2.579789493324066707e-01
3.434407883718997856e-01, 1.261297447924816795e-01, 2.724700243603222494e-01, 2.579594424752963411e-01
3.435006003504144645e-01, 1.261160140928988538e-01, 2.724434182002234972e-01, 2.579399673564631845e-01
3.435603848436952212e-01, 1.261022890042627631e-01, 2.724168021682283891e-01, 2.579205239838137098e-01
3.436201418315558143e-01, 1.260885695352690350e-01, 2.723901762679440952e-01, 2.579011123652311110e-01
3.436798712938288758e-01, 1.260748556946122423e-01, 2.723635405029831147e-01, 2.578817325085757117e-01
3.437395732103666890e-01, 1.260611474909856533e-01, 2.723368948769632203e-01, 2.578623844216844652e-01
3.437992475610404663e-01, 1.260474449330813151e-01, 2.723102393935070697e-01, 2.578430681123711210e-01
3.438588943257409603e-01, 1.260337480295901369e-01, 2.722835740562425388e-01, 2.578237835884264473e-01
3.439185134843779634e-01, 1.260200567892016954e-01, 2.722568988688025549e-01, 2.578045308576177308e-01
3.439781050168808085e-01, 1.260063712206044295e-01, 2.722302138348254852e-01, 2.577853099276892768e-01
3.440376689031979796e-01, 1.259926913324855013e-01, 2.722035189579544712e-01, 2.577661208063621312e-01
3.440972051232974449e-01, 1.259790171335307685e-01, 2.721768142418379832e-01, 2.577469635013338589e-01
3.441567136571664354e-01, 1.259653486324251170e-01, 2.721500996901294878e-01, 2.577278380202789321e-01
3.442161944848116661e-01, 1.259516858378518234e-01, 2.721233753064878358e-01, 2.577087443708485637e-01
3.442756475862591703e-01, 1.259380287584932756e-01, 2.720966410945769853e-01, 2.576896825606706520e-01
3.443350729415542988e-01, 1.259243774030303353e-01, 2.720698970580657794e-01, 2.576706525973496698e-01
3.443944705307619980e-01, 1.259107317801427817e-01, 2.720431432006283901e-01, 2.576516544884667748e-01
3.444538403339666433e-01, 1.258970918985091447e-01, 2.720163795259442630e-01, 2.576326882415799213e-01
3.445131823312720387e-01, 1.258834577668066224e-01, 2.719896060376977842e-01, 2.576137538642235825e-01
3.445724965028013620e-01, 1.258698293937111634e-01, 2.719628227395786690e-01, 2.575948513639088056e-01
3.446317828286973306e-01, 1.258562067878974955e-01, 2.719360296352816841e-01, 2.575759807481234342e-01
3.446910412891224240e-01, 1.258425899580391527e-01, 2.719092267285068143e-01, 2.575571420243316090e-01
3.447502718642581065e-01, 1.258289789128082259e-01, 2.718824140229592068e-01, 2.575383351999743775e-01
3.448094745343059930e-01, 1.258153736608757511e-01, 2.718555915223491160e-01, 2.575195602824691399e-01
3.448686492794868497e-01, 1.258017742109112658e-01, 2.718287592303920142e-01, 2.575008172792098704e-01
3.449277960800411491e-01, 1.257881805715832801e-01, 2.718019171508086473e-01, 2.574821061975670067e-01
3.449869149162289594e-01, 1.257745927515588058e-01, 2.717750652873246464e-01, 2.574634270448876161e-01
3.450460057683298332e-01, 1.257610107595037718e-01, 2.717482036436712489e-01, 2.574447798284952293e-01
3.451050686166430848e-01, 1.257474346040826363e-01, 2.717213322235844108e-01, 2.574261645556897848e-01
3.451641034414877351e-01, 1.257338642939587747e-01, 2.716944510308056393e-01, 2.574075812337479063e-01
3.452231102232021787e-01, 1.257202998377940917e-01, 2.716675600690812709e-01, 2.573890298699224033e-01
3.452820889421449047e-01, 1.257067412442493259e-01, 2.716406593421633597e-01, 2.573705104714425485e-01
3.453410395786934983e-01, 1.256931885219838008e-01, 2.716137488538085676e-01, 2.573520230455141888e-01
3.453999621132456954e-01, 1.256796416796557292e-01, 2.715868286077789406e-01, 2.573335675993195792e-01
3.454588565262190492e-01, 1.256661007259219365e-01, 2.715598986078419652e-01, 2.573151441400171047e-01
3.455177227980503196e-01, 1.256525656694378046e-01, 2.715329588577700126e-01, 2.572967526747418909e-01
3.455765609091964730e-01, 1.256390365188576885e-01, 2.715060093613407832e-01, 2.572783932106050830e-01
3.456353708401340707e-01, 1.256255132828343613e-01, 2.714790501223371955e-01, 2.572600657546944003e-01
3.456941525713594920e-01, 1.256119959700195132e-01, 2.714520811445472748e-01, 2.572417703140736922e-01
3.457529060833888224e-01, 1.255984845890633916e-01, 2.714251024317643202e-01, 2.572235068957833826e-01
3.458116313567580757e-01, 1.255849791486150224e-01, 2.713981139877869597e-01, 2.572052755068400254e-01
3.458703283720230837e-01, 1.255714796573219605e-01, 2.713711158164185955e-01, 2.571870761542364159e-01
3.459289971097593286e-01, 1.255579861238306505e-01, 2.713441079214684026e-01, 2.571689088449416460e-01
3.459876375505624990e-01, 1.255444985567860106e-01, 2.713170903067503859e-01, 2.571507735859011601e-01
3.460462496750478789e-01, 1.255310169648317931e-01, 2.712900629760838234e-01, 2.571326703840365879e-01
3.461048334638507362e-01, 1.255175413566102793e-01, 2.712630259332933225e-01, 2.571145992462456342e-01
3.461633888976262119e-01, 1.255040717407626127e-01, 2.712359791822087085e-01, 2.570965601794025224e-01
3.462219159570494309e-01, 1.254906081259284101e-01, 2.712089227266648028e-01, 2.570785531903573840e-01
3.462804146228152802e-01, 1.254771505207461224e-01, 2.711818565705019224e-01, 2.570605782859364807e-01
3.463388848756390193e-01, 1.254636989338526742e-01, 2.711547807175655467e-01, 2.570426354729427043e-01
3.463973266962553921e-01, 1.254502533738838521e-01, 2.711276951717062067e-01, 2.570247247581546324e-01
3.464557400654192931e-01, 1.254368138494738605e-01, 2.711005999367798180e-01, 2.570068461483269728e-01
3.465141249639057119e-01, 1.254233803692557936e-01, 2.710734950166475699e-01, 2.569889996501908414e-01
3.465724813725096776e-01, 1.254099529418613301e-01, 2.710463804151757583e-01, 2.569711852704532618e-01
3.466308092720459810e-01, 1.253965315759207055e-01, 2.710192561362359531e-01, 2.569534030157973326e-01
3.466891086433498415e-01, 1.253831162800628507e-01, 2.709921221837050531e-01, 2.569356528928823935e-01
3.467473794672761289e-01, 1.253697070629153365e-01, 2.709649785614649531e-01, 2.569179349083435260e-01
3.468056217247001416e-01, 1.253563039331045126e-01, 2.709378252734030990e-01, 2.569002490687922746e-01
3.468638353965171062e-01, 1.253429068992550910e-01, 2.709106623234119327e-01, 2.568825953808158702e-01
3.469220204636423444e-01, 1.253295159699907013e-01, 2.708834897153893362e-01, 2.568649738509776181e-01
3.469801769070112729e-01, 1.253161311539333911e-01, 2.708563074532384096e-01, 2.568473844858170096e-01
3.470383047075795702e-01, 1.253027524597039033e-01, 2.708291155408672490e-01, 2.568298272918492775e-01
3.470964038463230095e-01, 1.252893798959216765e-01, 2.708019139821895571e-01, 2.568123022755657847e-01
3.471544743042375147e-01, 1.252760134712047890e-01, 2.707747027811240326e-01, 2.567948094434337469e-01
3.472125160623391049e-01, 1.252626531941697097e-01, 2.707474819415947032e-01, 2.567773488018963435e-01
3.472705291016642271e-01, 1.252492990734319078e-01, 2.707202514675310923e-01, 2.567599203573727729e-01
3.473285134032694232e-01, 1.252359511176051321e-01, 2.706930113628674417e-01, 2.567425241162579752e-01
3.473864689482313306e-01, 1.252226093353018543e-01, 2.706657616315437664e-01, 2.567251600849229098e-01
3.474443957176470699e-01, 1.252092737351332141e-01, 2.706385022775052995e-01, 2.567078282697143887e-01
3.475022936926338013e-01, 1.251959443257089355e-01, 2.706112333047022700e-01, 2.566905286769550765e-01
3.475601628543288912e-01, 1.251826211156372992e-01, 2.705839547170901804e-01, 2.566732613129434348e-01
3.476180031838906892e-01, 1.251693041135253370e-01, 2.705566665186301401e-01, 2.566560261839538337e-01
3.476758146624968626e-01, 1.251559933279783876e-01, 2.705293687132882541e-01, 2.566388232962364957e-01
3.477335972713459511e-01, 1.251426887676007904e-01, 2.705020613050360123e-01, 2.566216526560171629e-01
3.477913509916567003e-01, 1.251293904409951085e-01, 2.704747442978501226e-01, 2.566045142694980408e-01
3.478490758046684506e-01, 1.251160983567627671e-01, 2.704474176957125664e-01, 2.565874081428562992e-01
3.479067716916404152e-01, 1.251028125235035260e-01, 2.704200815026107096e-01, 2.565703342822452937e-01
3.479644386338527351e-01, 1.250895329498160902e-01, 2.703927357225370254e-01, 2.565532926937941771e-01
3.480220766126054799e-01, 1.250762596442973051e-01, 2.703653803594895932e-01, 2.565362833836075662e-01
3.480796856092193692e-01, 1.250629926155430172e-01, 2.703380154174713779e-01, 2.565193063577662080e-01
3.481372656050356063e-01, 1.250497318721474627e-01, 2.703106409004908950e-01, 2.565023616223261471e-01
3.481948165814155449e-01, 1.250364774227034070e-01, 2.702832568125618784e-01, 2.564854491833192252e-01
3.482523385197413557e-01, 1.250232292758022834e-01, 2.702558631577032799e-01, 2.564685690467531365e-01
3.483098314014153596e-01, 1.250099874400341093e-01, 2.702284599399395471e-01, 2.564517212186110395e-01
3.483672952078605833e-01, 1.249967519239873898e-01, 2.702010471633002897e-01, 2.564349057048517788e-01
3.484247299205203707e-01, 1.249835227362492696e-01, 2.701736248318204470e-01, 2.564181225114099405e-01
3.484821355208588267e-01, 1.249702998854054087e-01, 2.701461929495402314e-01, 2.564013716441956303e-01
3.485395119903603178e-01, 1.249570833800401209e-01, 2.701187515205051848e-01, 2.563846531090944736e-01
3.485968593105298052e-01, 1.249438732287361797e-01, 2.700913005487661223e-01, 2.563679669119678373e-01
3.486541774628930668e-01, 1.249306694400749707e-01, 2.700638400383792437e-01, 2.563513130586527189e-01
3.487114664289961419e-01, 1.249174720226364360e-01, 2.700363699934060224e-01, 2.563346915549613581e-01
3.487687261904056646e-01, 1.249042809849990471e-01, 2.700088904179133165e-01, 2.563181024066819580e-01
3.488259567287091412e-01, 1.248910963357398596e-01, 2.699814013159730908e-01, 2.563015456195779640e-01
3.488831580255143949e-01, 1.248779180834344443e-01, 2.699539026916628059e-01, 2.562850211993882854e-01
3.489403300624501214e-01, 1.248647462366569566e-01, 2.699263945490653072e-01, 2.562685291518276287e-01
3.489974728211654997e-01, 1.248515808039800945e-01, 2.698988768922684356e-01, 2.562520694825859424e-01
3.490545862833303037e-01, 1.248384217939751129e-01, 2.698713497253658611e-01, 2.562356421973288612e-01
3.491116704306351792e-01, 1.248252692152116566e-01, 2.698438130524560830e-01, 2.562192473016970951e-01
3.491687252447913670e-01, 1.248121230762580802e-01, 2.698162668776432072e-01, 2.562028848013073179e-01
3.492257507075308687e-01, 1.247989833856813363e-01, 2.697887112050365022e-01, 2.561865547017512235e-01
3.492827468006062808e-01, 1.247858501520466568e-01, 2.697611460387509541e-01, 2.561702570085960806e-01
3.493397135057909608e-01, 1.247727233839180244e-01, 2.697335713829063786e-01, 2.561539917273845668e-01
3.493966508048790831e-01, 1.247596030898578262e-01, 2.697059872416282533e-01, 2.561377588636348790e-01
3.494535586796855831e-01, 1.247464892784270613e-01, 2.696783936190471631e-01, 2.561215584228402342e-01
3.495104371120459352e-01, 1.247333819581852021e-01, 2.696507905192992993e-01, 2.561053904104695356e-01
3.495672860838169305e-01, 1.247202811376901949e-01, 2.696231779465260159e-01, 2.560892548319668172e-01
3.496241055768755102e-01, 1.247071868254986254e-01, 2.695955559048741623e-01, 2.560731516927517437e-01
3.496808955731199875e-01, 1.246940990301655117e-01, 2.695679243984956397e-01, 2.560570809982189444e-01
3.497376560544690483e-01, 1.246810177602443864e-01, 2.695402834315480112e-01, 2.560410427537385125e-01
3.497943870028625835e-01, 1.246679430242873948e-01, 2.695126330081941135e-01, 2.560250369646559498e-01
3.498510884002612453e-01, 1.246548748308450028e-01, 2.694849731326020015e-01, 2.560090636362918337e-01
3.499077602286463917e-01, 1.246418131884663300e-01, 2.694573038089451700e-01, 2.559931227739419834e-01
3.499644024700204747e-01, 1.246287581056990251e-01, 2.694296250414026650e-01, 2.559772143828778490e-01
3.500210151064067077e-01, 1.246157095910890855e-01, 2.694019368341584730e-01, 2.559613384683456783e-01
3.500775981198493980e-01, 1.246026676531811761e-01, 2.693742391914024092e-01, 2.559454950355670722e-01
3.501341514924134479e-01, 1.245896323005182549e-01, 2.693465321173292848e-01, 2.559296840897389846e-01
3.501906752061850758e-01, 1.245766035416420864e-01, 2.693188156161394620e-01, 2.559139056360332787e-01
3.502471692432712613e-01, 1.245635813850926865e-01, 2.692910896920386321e-01, 2.558981596795973923e-01
3.503036335858000783e-01, 1.245505658394085446e-01, 2.692633543492378156e-01, 2.558824462255535614e-01
3.503600682159203061e-01, 1.245375569131267762e-01, 2.692356095919534731e-01, 2.558667652789993752e-01
3.504164731158020407e-01, 1.245245546147829563e-01, 2.692078554244075050e-01, 2.558511168450075535e-01
3.504728482676363055e-01, 1.245115589529110778e-01, 2.691800918508269747e-01, 2.558355009286257808e-01
3.505291936536349406e-01, 1.244985699360436349e-01, 2.691523188754444407e-01, 2.558199175348770393e-01
3.505855092560312136e-01, 1.244855875727116507e-01, 2.691245365024978464e-01, 2.558043666687592754e-01
3.506417950570791531e-01, 1.244726118714445939e-01, 2.690967447362305753e-01, 2.557888483352456777e-01
3.506980510390538819e-01, 1.244596428407703653e-01, 2.690689435808913954e-01, 2.557733625392843435e-01
3.507542771842517282e-01, 1.244466804892153944e-01, 2.690411330407342927e-01, 2.557579092857985570e-01
3.508104734749900588e-01, 1.244337248253046674e-01, 2.690133131200188599e-01, 2.557424885796865111e-01
3.508666398936072239e-01, 1.244207758575613804e-01, 2.689854838230097966e-01, 2.557271004258215297e-01
3.509227764224629453e-01, 1.244078335945075359e-01, 2.689576451539775759e-01, 2.557117448290519013e-01
3.509788830439379281e-01, 1.243948980446632629e-01, 2.689297971171977775e-01, 2.556964217942010453e-01
3.510349597404339717e-01, 1.243819692165474278e-01, 2.689019397169514769e-01, 2.556811313260671792e-01
3.510910064943741360e-01, 1.243690471186771063e-01, 2.688740729575251343e-01, 2.556658734294234847e-01
3.511470232882027975e-01, 1.243561317595681254e-01, 2.688461968432107607e-01, 2.556506481090183858e-01
3.512030101043851493e-01, 1.243432231477345357e-01, 2.688183113783054190e-01, 2.556354553695748821e-01
3.512589669254079228e-01, 1.243303212916888889e-01, 2.687904165671118895e-01, 2.556202952157913266e-01
3.513148937337789990e-01, 1.243174261999422103e-01, 2.687625124139381705e-01, 2.556051676523405369e-01
3.513707905120272978e-01, 1.243045378810040541e-01, 2.687345989230979226e-01, 2.555900726838705728e-01
3.514266572427032775e-01, 1.242916563433823229e-01, 2.687066760989100245e-01, 2.555750103150042918e-01
3.514824939083786015e-01, 1.242787815955833375e-01, 2.686787439456986282e-01, 2.555599805503394606e-01
3.515383004916458054e-01, 1.242659136461119473e-01, 2.686508024677936590e-01, 2.555449833944485327e-01
3.515940769751193518e-01, 1.242530525034714201e-01, 2.686228516695302604e-01, 2.555300188518790372e-01
3.516498233414344088e-01, 1.242401981761633717e-01, 2.685948915552489047e-01, 2.555150869271533010e-01
3.517055395732479051e-01, 1.242273506726880583e-01, 2.685669221292957265e-01, 2.555001876247683934e-01
3.517612256532378634e-01, 1.242145100015439041e-01, 2.685389433960220229e-01, 2.554853209491962374e-01
3.518168815641036229e-01, 1.242016761712280010e-01, 2.685109553597847531e-01, 2.554704869048836091e-01
3.518725072885661720e-01, 1.241888491902357339e-01, 2.684829580249460945e-01, 2.554556854962520274e-01
3.519281028093673713e-01, 1.241760290670609612e-01, 2.684549513958738309e-01, 2.554409167276977533e-01
3.519836681092710085e-01, 1.241632158101959454e-01, 2.684269354769411864e-01, 2.554261806035918458e-01
3.520392031710617986e-01, 1.241504094281314363e-01, 2.683989102725266029e-01, 2.554114771282801621e-01
3.520947079775459954e-01, 1.241376099293565322e-01, 2.683708757870141848e-01, 2.553968063060833016e-01
3.521501825115515572e-01, 1.241248173223587631e-01, 2.683428320247933097e-01, 2.553821681412963285e-01
3.522056267559274811e-01, 1.241120316156240772e-01, 2.683147789902590730e-01, 2.553675626381893826e-01
3.522610406935445249e-01, 1.240992528176368820e-01, 2.682867166878115106e-01, 2.553529898010071242e-01
3.523164243072945956e-01, 1.240864809368800309e-01, 2.682586451218565982e-01, 2.553384496339687892e-01
3.523717775800913055e-01, 1.240737159818345453e-01, 2.682305642968055848e-01, 2.553239421412684673e-01
3.524271004948698049e-01, 1.240609579609801838e-01, 2.682024742170751042e-01, 2.553094673270748793e-01
3.524823930345864498e-01, 1.240482068827949841e-01, 2.681743748870872857e-01, 2.552950251955313776e-01
3.525376551822193560e-01, 1.240354627557552214e-01, 2.681462663112696987e-01, 2.552806157507557239e-01
3.525928869207680116e-01, 1.240227255883358110e-01, 2.681181484940554638e-01, 2.552662389968406997e-01
3.526480882332536093e-01, 1.240099953890100026e-01, 2.680900214398829751e-01, 2.552518949378533852e-01
3.527032591027187691e-01, 1.239972721662494087e-01, 2.680618851531962887e-01, 2.552375835778354363e-01
3.527583995122276495e-01, 1.239845559285239901e-01, 2.680337396384447901e-01, 2.552233049208034732e-01
3.528135094448662246e-01, 1.239718466843022365e-01, 2.680055849000834711e-01, 2.552090589707480817e-01
3.528685888837415630e-01, 1.239591444420509447e-01, 2.679774209425723752e-01, 2.551948457316350338e-01
3.529236378119829376e-01, 1.239464492102353155e-01, 2.679492477703777076e-01, 2.551806652074040671e-01
3.529786562127408267e-01, 1.239337609973189119e-01, 2.679210653879704473e-01, 2.551665174019698834e-01
3.530336440691873579e-01, 1.239210798117637291e-01, 2.678928737998275134e-01, 2.551524023192213719e-01
3.530886013645165300e-01, 1.239084056620301244e-01, 2.678646730104311535e-01, 2.551383199630222198e-01
3.531435280819438249e-01, 1.238957385565768593e-01, 2.678364630242689448e-01, 2.551242703372104126e-01
3.531984242047063183e-01, 1.238830785038610577e-01, 2.678082438458342929e-01, 2.551102534455984006e-01
3.532532897160630125e-01, 1.238704255123382059e-01, 2.677800154796255994e-01, 2.550962692919732655e-01
3.533081245992943376e-01, 1.238577795904622081e-01, 2.677517779301470946e-01, 2.550823178800962765e-01
3.533629288377027056e-01, 1.238451407466853171e-01, 2.677235312019085600e-01, 2.550683992137033340e-01
3.534177024146119561e-01, 1.238325089894581621e-01, 2.676952752994250506e-01, 2.550545132965049144e-01
3.534724453133676891e-01, 1.238198843272297345e-01, 2.676670102272170615e-01, 2.550406601321854594e-01
3.535271575173375980e-01, 1.238072667684474576e-01, 2.676387359898107499e-01, 2.550268397244041529e-01
3.535818390099106368e-01, 1.237946563215570339e-01, 2.676104525917377686e-01, 2.550130520767944220e-01
3.536364897744979641e-01, 1.237820529950025700e-01, 2.675821600375350995e-01, 2.549992971929642693e-01
3.536911097945322213e-01, 1.237694567972265208e-01, 2.675538583317454422e-01, 2.549855750764958295e-01
3.537456990534678103e-01, 1.237568677366697595e-01, 2.675255474789168808e-01, 2.549718857309455911e-01
3.538002575347813927e-01, 1.237442858217714658e-01, 2.674972274836026620e-01, 2.549582291598444517e-01
3.538547852219708356e-01, 1.237317110609692100e-01, 2.674688983503623052e-01, 2.549446053666978296e-01
3.539092820985560994e-01, 1.237191434626987857e-01, 2.674405600837601038e-01, 2.549310143549849417e-01
3.539637481480791270e-01, 1.237065830353945989e-01, 2.674122126883663464e-01, 2.549174561281599138e-01
3.540181833541036771e-01, 1.236940297874891959e-01, 2.673838561687564286e-01, 2.549039306896507262e-01
3.540725877002151023e-01, 1.236814837274135132e-01, 2.673554905295115747e-01, 2.548904380428598238e-01
3.541269611700208486e-01, 1.236689448635969052e-01, 2.673271157752185045e-01, 2.548769781911637833e-01
3.541813037471503445e-01, 1.236564132044670750e-01, 2.672987319104691006e-01, 2.548635511379135354e-01
3.542356154152546122e-01, 1.236438887584499491e-01, 2.672703389398611851e-01, 2.548501568864341982e-01
3.542898961580070449e-01, 1.236313715339698721e-01, 2.672419368679979090e-01, 2.548367954400252433e-01
3.543441459591023524e-01, 1.236188615394495510e-01, 2.672135256994879193e-01, 2.548234668019601079e-01
3.543983648022578925e-01, 1.236063587833100413e-01, 2.671851054389454694e-01, 2.548101709754865829e-01
3.544525526712123953e-01, 1.235938632739706916e-01, 2.671566760909902527e-01, 2.547969079638267020e-01
3.545067095497266840e-01, 1.235813750198491989e-01, 2.671282376602475139e-01, 2.547836777701764643e-01
3.545608354215838975e-01, 1.235688940293616228e-01, 2.670997901513481598e-01, 2.547704803977063892e-01
3.546149302705886575e-01, 1.235564203109222742e-01, 2.670713335689283152e-01, 2.547573158495606838e-01
3.546689940805679564e-01, 1.235439538729439235e-01, 2.670428679176300446e-01, 2.547441841288580200e-01
3.547230268353706584e-01, 1.235314947238375233e-01, 2.670143932021006306e-01, 2.547310852386912017e-01
3.547770285188677208e-01, 1.235190428720124856e-01, 2.669859094269929067e-01, 2.547180191821268869e-01
3.548309991149519727e-01, 1.235065983258764183e-01, 2.669574165969654800e-01, 2.547049859622060319e-01
3.548849386075386136e-01, 1.234941610938354722e-01, 2.669289147166822862e-01, 2.546919855819437251e-01
3.549388469805643820e-01, 1.234817311842937720e-01, 2.669004037908128679e-01, 2.546790180443290197e-01
3.549927242179886089e-01, 1.234693086056540684e-01, 2.668718838240323743e-01, 2.546660833523250456e-01
3.550465703037923859e-01, 1.234568933663172940e-01, 2.668433548210212836e-01, 2.546531815088690087e-01
3.551003852219791757e-01, 1.234444854746827719e-01, 2.668148167864659581e-01, 2.546403125168720805e-01
3.551541689565742566e-01, 1.234320849391480762e-01, 2.667862697250580895e-01, 2.546274763792196749e-01
3.552079214916251670e-01, 1.234196917681091021e-01, 2.667577136414948091e-01, 2.546146730987709494e-01
3.552616428112016500e-01, 1.234073059699599961e-01, 2.667291485404791329e-01, 2.546019026783593042e-01
3.553153328993953752e-01, 1.233949275530933781e-01, 2.667005744267192946e-01, 2.545891651207919382e-01
3.553689917403203835e-01, 1.233825565259000223e-01, 2.666719913049294122e-01, 2.545764604288501265e-01
3.554226193181128091e-01, 1.233701928967691347e-01, 2.666433991798289882e-01, 2.545637886052891652e-01
3.554762156169308795e-01, 1.233578366740880616e-01, 2.666147980561429098e-01, 2.545511496528380935e-01
3.555297806209550826e-01, 1.233454878662426230e-01, 2.665861879386021149e-01, 2.545385435742001934e-01
3.555833143143882213e-01, 1.233331464816168066e-01, 2.665575688319424819e-01, 2.545259703720524902e-01
3.556368166814550813e-01, 1.233208125285929629e-01, 2.665289407409059952e-01, 2.545134300490458634e-01
3.556902877064028190e-01, 1.233084860155518186e-01, 2.665003036702400241e-01, 2.545009226078053799e-01
3.557437273735008509e-01, 1.232961669508722130e-01, 2.664716576246973223e-01, 2.544884480509296831e-01
3.557971356670407426e-01, 1.232838553429313755e-01, 2.664430026090364168e-01, 2.544760063809913819e-01
3.558505125713363193e-01, 1.232715512001049396e-01, 2.664143386280214409e-01, 2.544635976005372169e-01
3.559038580707237776e-01, 1.232592545307665266e-01, 2.663856656864221351e-01, 2.544512217120876163e-01
3.559571721495615182e-01, 1.232469653432883561e-01, 2.663569837890134018e-01, 2.544388787181366962e-01
3.560104547922303131e-01, 1.232346836460408573e-01, 2.663282929405763610e-01, 2.544265686211524824e-01
3.560637059831329720e-01, 1.232224094473926279e-01, 2.662995931458973509e-01, 2.544142914235770214e-01
3.561169257066951754e-01, 1.232101427557106138e-01, 2.662708844097682048e-01, 2.544020471278259921e-01
3.561701139473642530e-01, 1.231978835793601512e-01, 2.662421667369865852e-01, 2.543898357362889828e-01
3.562232706896104051e-01, 1.231856319267046890e-01, 2.662134401323555943e-01, 2.543776572513293255e-01
3.562763959179259254e-01, 1.231733878061059828e-01, 2.661847046006840523e-01, 2.543655116752839840e-01
3.563294896168255899e-01, 1.231611512259242064e-01, 2.661559601467862191e-01, 2.543533990104639431e-01
3.563825517708463231e-01, 1.231489221945176599e-01, 2.661272067754821280e-01, 2.543413192591538197e-01
3.564355823645476984e-01, 1.231367007202430197e-01, 2.660984444915971414e-01, 2.543292724236120295e-01
3.564885813825116045e-01, 1.231244868114550750e-01, 2.660696732999626724e-01, 2.543172585060706758e-01
3.565415488093423568e-01, 1.231122804765071160e-01, 2.660408932054151854e-01, 2.543052775087354389e-01
3.565944846296664195e-01, 1.231000817237505457e-01, 2.660121042127970847e-01, 2.542933294337860195e-01
3.566473888281331273e-01, 1.230878905615350183e-01, 2.659833063269563258e-01, 2.542814142833755287e-01
3.567002613894138530e-01, 1.230757069982085922e-01, 2.659544995527465816e-01, 2.542695320596309316e-01
3.567531022982028954e-01, 1.230635310421174522e-01, 2.659256838950267987e-01, 2.542576827646528259e-01
3.568059115392164249e-01, 1.230513627016061318e-01, 2.658968593586619189e-01, 2.542458664005155522e-01
3.568586890971934267e-01, 1.230392019850173463e-01, 2.658680259485223241e-01, 2.542340829692669169e-01
3.569114349568954792e-01, 1.230270489006921736e-01, 2.658391836694838917e-01, 2.542223324729285250e-01
3.569641491031064762e-01, 1.230149034569698596e-01, 2.658103325264283279e-01, 2.542106149134953363e-01
3.570168315206326826e-01, 1.230027656621879573e-01, 2.657814725242428344e-01, 2.541989302929364980e-01
3.570694821943030672e-01, 1.229906355246822985e-01, 2.657526036678203307e-01, 2.541872786131942896e-01
3.571221011089692476e-01, 1.229785130527868420e-01, 2.657237259620591763e-01, 2.541756598761846231e-01
3.571746882495052122e-01, 1.229663982548339779e-01, 2.656948394118636703e-01, 2.541640740837971535e-01
3.572272436008073759e-01, 1.229542911391542370e-01, 2.656659440221433299e-01, 2.541525212378950571e-01
3.572797671477949688e-01, 1.229421917140763598e-01, 2.656370397978137232e-01, 2.541410013403149204e-01
3.573322588754095919e-01, 1.229300999879274631e-01, 2.656081267437957472e-01, 2.541295143928672395e-01
3.573847187686156612e-01, 1.229180159690328178e-01, 2.655792048650159609e-01, 2.541180603973355878e-01
3.574371468123998530e-01, 1.229059396657159325e-01, 2.655502741664066413e-01, 2.541066393554775038e-01
3.574895429917717138e-01, 1.228938710862986644e-01, 2.655213346529058938e-01, 2.540952512690237142e-01
3.575419072917634389e-01, 1.228818102391009831e-01, 2.654923863294570974e-01, 2.540838961396785778e-01
3.575942396974294279e-01, 1.228697571324412069e-01, 2.654634292010093488e-01, 2.540725739691200302e-01
3.576465401938473954e-01, 1.228577117746357805e-01, 2.654344632725175734e-01, 2.540612847589993062e-01
3.576988087661170934e-01, 1.228456741739994418e-01, 2.654054885489422477e-01, 2.540500285109413281e-01
3.577510453993610895e-01, 1.228336443388452492e-01, 2.653765050352495103e-01, 2.540388052265442620e-01
3.578032500787249326e-01, 1.228216222774842908e-01, 2.653475127364109953e-01, 2.540276149073797951e-01
3.578554227893764317e-01, 1.228096079982261279e-01, 2.653185116574042213e-01, 2.540164575549932469e-01
3.579075635165062663e-01, 1.227976015093784068e-01, 2.652895018032122021e-01, 2.540053331709030693e-01
3.579596722453278757e-01, 1.227856028192470111e-01, 2.652604831788237250e-01, 2.539942417566013466e-01
3.580117489610773474e-01, 1.227736119361361178e-01, 2.652314557892331282e-01, 2.539831833135534067e-01
3.580637936490133622e-01, 1.227616288683480578e-01, 2.652024196394404676e-01, 2.539721578431980986e-01
3.581158062944175269e-01, 1.227496536241834135e-01, 2.651733747344514058e-01, 2.539611653469476815e-01
3.581677868825941524e-01, 1.227376862119409912e-01, 2.651443210792772120e-01, 2.539502058261876027e-01
3.582197353988701982e-01, 1.227257266399178898e-01, 2.651152586789350951e-01, 2.539392792822767753e-01
3.582716518285953833e-01, 1.227137749164093072e-01, 2.650861875384475930e-01, 2.539283857165476332e-01
3.583235361571424638e-01, 1.227018310497087344e-01, 2.650571076628431832e-01, 2.539175251303056324e-01
3.583753883699065668e-01, 1.226898950481079137e-01, 2.650280190571557837e-01, 2.539066975248297497e-01
3.584272084523058566e-01, 1.226779669198967554e-01, 2.649989217264251407e-01, 2.538959029013723168e-01
3.584789963897812015e-01, 1.226660466733633520e-01, 2.649698156756965517e-01, 2.538851412611588532e-01
3.585307521677965625e-01, 1.226541343167940473e-01, 2.649407009100211985e-01, 2.538744126053882333e-01
3.585824757718382161e-01, 1.226422298584734366e-01, 2.649115774344556473e-01, 2.538637169352326306e-01
3.586341671874158088e-01, 1.226303333066842555e-01, 2.648824452540624597e-01, 2.538530542518374622e-01
3.586858264000613583e-01, 1.226184446697075325e-01, 2.648533043739095816e-01, 2.538424245563214998e-01
3.587374533953301414e-01, 1.226065639558225062e-01, 2.648241547990708988e-01, 2.538318278497765368e-01
3.587890481587998615e-01, 1.225946911733064165e-01, 2.647949965346257373e-01, 2.538212641332678876e-01
3.588406106760715919e-01, 1.225828263304350463e-01, 2.647658295856593069e-01, 2.538107334078339994e-01
3.588921409327689438e-01, 1.225709694354820967e-01, 2.647366539572624800e-01, 2.538002356744864518e-01
3.589436389145383988e-01, 1.225591204967197007e-01, 2.647074696545316796e-01, 2.537897709342101793e-01
3.589951046070495866e-01, 1.225472795224179512e-01, 2.646782766825691580e-01, 2.537793391879632487e-01
3.590465379959949521e-01, 1.225354465208453592e-01, 2.646490750464829400e-01, 2.537689404366768597e-01
3.590979390670896998e-01, 1.225236215002684509e-01, 2.646198647513863800e-01, 2.537585746812554555e-01
3.591493078060722377e-01, 1.225118044689521707e-01, 2.645906458023989938e-01, 2.537482419225766672e-01
3.592006441987035670e-01, 1.224999954351594922e-01, 2.645614182046456819e-01, 2.537379421614912589e-01
3.592519482307680589e-01, 1.224881944071515988e-01, 2.645321819632571181e-01, 2.537276753988231826e-01
3.593032198880726780e-01, 1.224764013931879253e-01, 2.645029370833698601e-01, 2.537174416353694673e-01
3.593544591564477031e-01, 1.224646164015261163e-01, 2.644736835701259614e-01, 2.537072408719002192e-01
3.594056660217459509e-01, 1.224528394404219150e-01, 2.644444214286731931e-01, 2.536970731091589548e-01
3.594568404698437192e-01, 1.224410705181293302e-01, 2.644151506641650440e-01, 2.536869383478618789e-01
3.595079824866399543e-01, 1.224293096429005939e-01, 2.643858712817609979e-01, 2.536768365886985510e-01
3.595590920580567507e-01, 1.224175568229859401e-01, 2.643565832866257015e-01, 2.536667678323315522e-01
3.596101691700393510e-01, 1.224058120666340760e-01, 2.643272866839299629e-01, 2.536567320793966518e-01
3.596612138085555910e-01, 1.223940753820916688e-01, 2.642979814788503079e-01, 2.536467293305024184e-01
3.597122259595968985e-01, 1.223823467776036650e-01, 2.642686676765687026e-01, 2.536367595862308311e-01
3.597632056091772390e-01, 1.223706262614130819e-01, 2.642393452822729971e-01, 2.536268228471366126e-01
3.598141527433342257e-01, 1.223589138417613686e-01, 2.642100143011568147e-01, 2.536169191137476187e-01
3.598650673481278983e-01, 1.223472095268879622e-01, 2.641806747384193299e-01, 2.536070483865648373e-01
3.599159494096417222e-01, 1.223355133250304677e-01, 2.641513265992656567e-01, 2.535972106660620562e-01
3.599667989139824220e-01, 1.223238252444247276e-01, 2.641219698889064604e-01, 2.535874059526863067e-01
3.600176158472794263e-01, 1.223121452933047804e-01, 2.640926046125582904e-01, 2.535776342468575306e-01
3.600684001956854230e-01, 1.223004734799028326e-01, 2.640632307754434138e-01, 2.535678955489684139e-01
3.601191519453762480e-01, 1.222888098124492173e-01, 2.640338483827894267e-01, 2.535581898593850525e-01
3.601698710825509409e-01, 1.222771542991724775e-01, 2.640044574398303645e-01, 2.535485171784461755e-01
3.602205575934315784e-01, 1.222655069482993240e-01, 2.639750579518055362e-01, 2.535388775064636446e-01
3.602712114642631636e-01, 1.222538677680546498e-01, 2.639456499239600240e-01, 2.535292708437221210e-01
3.603218326813143468e-01, 1.222422367666615300e-01, 2.639162333615448497e-01, 2.535196971904792873e-01
3.603724212308765384e-01, 1.222306139523411661e-01, 2.638868082698165307e-01, 2.535101565469657370e-01
3.604229770992644633e-01, 1.222189993333129693e-01, 2.638573746540375797e-01, 2.535006489133850294e-01
3.604735002728160498e-01, 1.222073929177944634e-01, 2.638279325194759495e-01, 2.534911742899134124e-01
3.605239907378923192e-01, 1.221957947140014239e-01, 2.637984818714056989e-01, 2.534817326767005441e-01
3.605744484808776629e-01, 1.221842047301477663e-01, 2.637690227151064382e-01, 2.534723240738681604e-01
3.606248734881795093e-01, 1.221726229744455050e-01, 2.637395550558634394e-01, 2.534629484815116851e-01
3.606752657462283795e-01, 1.221610494551048087e-01, 2.637100788989679145e-01, 2.534536058996987862e-01
3.607256252414784981e-01, 1.221494841803341530e-01, 2.636805942497167932e-01, 2.534442963284704309e-01
3.607759519604067378e-01, 1.221379271583400705e-01, 2.636511011134128335e-01, 2.534350197678402750e-01
3.608262458895138414e-01, 1.221263783973271788e-01, 2.636215994953642339e-01, 2.534257762177946627e-01
3.608765070153232002e-01, 1.221148379054984440e-01, 2.635920894008854098e-01, 2.534165656782929599e-01
3.609267353243819088e-01, 1.221033056910548753e-01, 2.635625708352961061e-01, 2.534073881492671654e-01
3.609769308032599322e-01, 1.220917817621955531e-01, 2.635330438039221734e-01, 2.533982436306222441e-01
3.610270934385511055e-01, 1.220802661271178785e-01, 2.635035083120950694e-01, 2.533891321222360160e-01
3.610772232168718010e-01, 1.220687587940172958e-01, 2.634739643651520802e-01, 2.533800536239588230e-01
3.611273201248623721e-01, 1.220572597710875423e-01, 2.634444119684360985e-01, 2.533710081356140287e-01
3.611773841491859316e-01, 1.220457690665203154e-01, 2.634148511272961235e-01, 2.533619956569975740e-01
3.612274152765292956e-01, 1.220342866885055499e-01, 2.633852818470865942e-01, 2.533530161878784215e-01
3.612774134936025394e-01, 1.220228126452314182e-01, 2.633557041331678894e-01, 2.533440697279980558e-01
3.613273787871389975e-01, 1.220113469448841081e-01, 2.633261179909062721e-01, 2.533351562770707055e-01
3.613773111438952634e-01, 1.219998895956479895e-01, 2.632965234256735010e-01, 2.533262758347833432e-01
3.614272105506511901e-01, 1.219884406057056281e-01, 2.632669204428472742e-01, 2.533174284007957966e-01
3.614770769942105000e-01, 1.219769999832376883e-01, 2.632373090478112299e-01, 2.533086139747405263e-01
3.615269104613997309e-01, 1.219655677364230723e-01, 2.632076892459546125e-01, 2.532998325562226261e-01
3.615767109390691791e-01, 1.219541438734385863e-01, 2.631780610426723288e-01, 2.532910841448199335e-01
3.616264784140922339e-01, 1.219427284024595104e-01, 2.631484244433653918e-01, 2.532823687400829193e-01
3.616762128733657655e-01, 1.219313213316589595e-01, 2.631187794534403102e-01, 2.532736863415347983e-01
3.617259143038102365e-01, 1.219199226692084387e-01, 2.630891260783097541e-01, 2.532650369486715847e-01
3.617755826923692575e-01, 1.219085324232775241e-01, 2.630594643233918339e-01, 2.532564205609615371e-01
3.618252180260099760e-01, 1.218971506020337242e-01, 2.630297941941104889e-01, 2.532478371778459358e-01
3.618748202917229095e-01, 1.218857772136429374e-01, 2.630001156958956532e-01, 2.532392867987384721e-01
3.619243894765221126e-01, 1.218744122662691054e-01, 2.629704288341830343e-01, 2.532307694230257478e-01
3.619739255674451206e-01, 1.218630557680743520e-01, 2.629407336144140017e-01, 2.532222850500666089e-01
3.620234285515527284e-01, 1.218517077272188442e-01, 2.629110300420357538e-01, 2.532138336791927014e-01
3.620728984159292674e-01, 1.218403681518610004e-01, 2.628813181225014284e-01, 2.532054153097082483e-01
3.621223351476827168e-01, 1.218290370501572267e-01, 2.628515978612698811e-01, 2.531970299408901615e-01
3.621717387339442040e-01, 1.218177144302621806e-01, 2.628218692638058518e-01, 2.531886775719878191e-01
3.622211091618685597e-01, 1.218064003003286738e-01, 2.627921323355796868e-01, 2.531803582022230659e-01
3.622704464186340956e-01, 1.217950946685075198e-01, 2.627623870820677832e-01, 2.531720718307906015e-01
3.623197504914426048e-01, 1.217837975429476721e-01, 2.627326335087523113e-01, 2.531638184568573702e-01
3.623690213675194172e-01, 1.217725089317964332e-01, 2.627028716211210480e-01, 2.531555980795630045e-01
3.624182590341132326e-01, 1.217612288431989681e-01, 2.626731014246679874e-01, 2.531474106980197702e-01
3.624674634784966210e-01, 1.217499572852986517e-01, 2.626433229248925638e-01, 2.531392563113122329e-01
3.625166346879651336e-01, 1.217386942662370547e-01, 2.626135361273002067e-01, 2.531311349184976467e-01
3.625657726498384137e-01, 1.217274397941538189e-01, 2.625837410374021741e-01, 2.531230465186056766e-01
3.626148773514593637e-01, 1.217161938771866569e-01, 2.625539376607154418e-01, 2.531149911106385098e-01
3.626639487801945338e-01, 1.217049565234715608e-01, 2.625241260027630918e-01, 2.531069686935708551e-01
3.627129869234338999e-01, 1.216937277411423990e-01, 2.624943060690737573e-01, 2.530989792663499438e-01
3.627619917685913631e-01, 1.216825075383314997e-01, 2.624644778651819554e-01, 2.530910228278952512e-01
3.628109633031039727e-01, 1.216712959231689567e-01, 2.624346413966280323e-01, 2.530830993770990522e-01
3.628599015144327034e-01, 1.216600929037832124e-01, 2.624047966689583844e-01, 2.530752089128257554e-01
3.629088063900618444e-01, 1.216488984883007662e-01, 2.623749436877249597e-01, 2.530673514339123464e-01
3.629576779174996104e-01, 1.216377126848462026e-01, 2.623450824584857566e-01, 2.530595269391684443e-01
3.630065160842776417e-01, 1.216265355015422878e-01, 2.623152129868044358e-01, 2.530517354273757458e-01
3.630553208779510044e-01, 1.216153669465098452e-01, 2.622853352782505976e-01, 2.530439768972885251e-01
3.631040922860988562e-01, 1.216042070278678666e-01, 2.622554493383997820e-01, 2.530362513476334674e-01
3.631528302963236143e-01, 1.215930557537333867e-01, 2.622255551728331913e-01, 2.530285587771097244e-01
3.632015348962515655e-01, 1.215819131322216085e-01, 2.621956527871380782e-01, 2.530208991843887478e-01
3.632502060735324778e-01, 1.215707791714458752e-01, 2.621657421869073024e-01, 2.530132725681142336e-01
3.632988438158400446e-01, 1.215596538795175735e-01, 2.621358233777397739e-01, 2.530056789269026218e-01
3.633474481108711629e-01, 1.215485372645462026e-01, 2.621058963652401763e-01, 2.529981182593424305e-01
3.633960189463468216e-01, 1.215374293346394713e-01, 2.620759611550191326e-01, 2.529905905639945329e-01
3.634445563100116017e-01, 1.215263300979030486e-01, 2.620460177526930390e-01, 2.529830958393923801e-01
3.634930601896337321e-01, 1.215152395624408688e-01, 2.620160661638840649e-01, 2.529756340840413897e-01
3.635415305730049784e-01, 1.215041577363548120e-01, 2.619861063942204304e-01, 2.529682052964197236e-01
3.635899674479412536e-01, 1.214930846277450516e-01, 2.619561384493362954e-01, 2.529608094749775660e-01
3.636383708022815631e-01, 1.214820202447096653e-01, 2.619261623348713153e-01, 2.529534466181375119e-01
3.636867406238892264e-01, 1.214709645953450379e-01, 2.618961780564711961e-01, 2.529461167242945119e-01
3.637350769006509332e-01, 1.214599176877454584e-01, 2.618661856197878057e-01, 2.529388197918157055e-01
3.637833796204773540e-01, 1.214488795300035368e-01, 2.618361850304783967e-01, 2.529315558190406987e-01
3.638316487713025849e-01, 1.214378501302097735e-01, 2.618061762942064385e-01, 2.529243248042810643e-01
3.638798843410847583e-01, 1.214268294964529760e-01, 2.617761594166411743e-01, 2.529171267458211192e-01
3.639280863178055991e-01, 1.214158176368197867e-01, 2.617461344034576198e-01, 2.529099616419169250e-01
3.639762546894707573e-01, 1.214048145593952938e-01, 2.617161012603367864e-01, 2.529028294907971763e-01
3.640243894441093642e-01, 1.213938202722624204e-01, 2.616860599929656250e-01, 2.528957302906624793e-01
3.640724905697747538e-01, 1.213828347835022581e-01, 2.616560106070368041e-01, 2.528886640396861285e-01
3.641205580545436860e-01, 1.213718581011940800e-01, 2.616259531082490430e-01, 2.528816307360132742e-01
3.641685918865168459e-01, 1.213608902334151057e-01, 2.615958875023066676e-01, 2.528746303777613114e-01
3.642165920538187884e-01, 1.213499311882408060e-01, 2.615658137949203876e-01, 2.528676629630201012e-01
3.642645585445977163e-01, 1.213389809737446673e-01, 2.615357319918061307e-01, 2.528607284898515273e-01
3.643124913470258130e-01, 1.213280395979982745e-01, 2.615056420986864305e-01, 2.528538269562894958e-01
3.643603904492989654e-01, 1.213171070690713116e-01, 2.614755441212892606e-01, 2.528469583603406012e-01
3.644082558396369298e-01, 1.213061833950316165e-01, 2.614454380653484789e-01, 2.528401226999830720e-01
3.644560875062832217e-01, 1.212952685839450290e-01, 2.614153239366040493e-01, 2.528333199731676584e-01
3.645038854375055037e-01, 1.212843626438755845e-01, 2.613852017408018202e-01, 2.528265501778171331e-01
3.645516496215949753e-01, 1.212734655828852648e-01, 2.613550714836932465e-01, 2.528198133118264579e-01
3.645993800468667057e-01, 1.212625774090343306e-01, 2.613249331710362222e-01, 2.528131093730627832e-01
3.646470767016597447e-01, 1.212516981303809888e-01, 2.612947868085939152e-01, 2.528064383593653375e-01
3.646947395743370124e-01, 1.212408277549815866e-01, 2.612646324021359323e-01, 2.527998002685454271e-01
3.647423686532851872e-01, 1.212299662908906117e-01, 2.612344699574374318e-01, 2.527931950983866582e-01
3.647899639269152616e-01, 1.212191137461605117e-01, 2.612042994802796780e-01, 2.527866228466446041e-01
3.648375253836612653e-01, 1.212082701288419995e-01, 2.611741209764497085e-01, 2.527800835110470268e-01
3.648850530119819857e-01, 1.211974354469836784e-01, 2.611439344517407224e-01, 2.527735770892936551e-01
3.649325468003595252e-01, 1.211866097086324451e-01, 2.611137399119515257e-01, 2.527671035790564069e-01
3.649800067373005219e-01, 1.211757929218331281e-01, 2.610835373628869749e-01, 2.527606629779794445e-01
3.650274328113347622e-01, 1.211649850946287105e-01, 2.610533268103578108e-01, 2.527542552836787304e-01
3.650748250110165127e-01, 1.211541862350603294e-01, 2.610231082601809360e-01, 2.527478804937423607e-01
3.651221833249236881e-01, 1.211433963511669570e-01, 2.609928817181786931e-01, 2.527415386057306201e-01
3.651695077416585722e-01, 1.211326154509859560e-01, 2.609626471901797529e-01, 2.527352296171756496e-01
3.652167982498467635e-01, 1.211218435425526208e-01, 2.609324046820186704e-01, 2.527289535255819453e-01
3.652640548381382857e-01, 1.211110806339003171e-01, 2.609021541995356630e-01, 2.527227103284255816e-01
3.653112774952070874e-01, 1.211003267330605926e-01, 2.608718957485771650e-01, 2.527165000231552106e-01
3.653584662097506541e-01, 1.210895818480629271e-01, 2.608416293349953841e-01, 2.527103226071910069e-01
3.654056209704909519e-01, 1.210788459869350381e-01, 2.608113549646486340e-01, 2.527041780779253899e-01
3.654527417661736499e-01, 1.210681191577026028e-01, 2.607810726434007798e-01, 2.526980664327229120e-01
3.654998285855686757e-01, 1.210574013683895084e-01, 2.607507823771220701e-01, 2.526919876689198152e-01
3.655468814174693826e-01, 1.210466926270175325e-01, 2.607204841716884713e-01, 2.526859417838245303e-01
3.655939002506938817e-01, 1.210359929416067737e-01, 2.606901780329818341e-01, 2.526799287747174549e-01
3.656408850740836547e-01, 1.210253023201752209e-01, 2.606598639668901707e-01, 2.526739486388510647e-01
3.656878358765044967e-01, 1.210146207707390315e-01, 2.606295419793071555e-01, 2.526680013734494135e-01
3.657347526468460175e-01, 1.210039483013123363e-01, 2.605992120761325692e-01, 2.526620869757089660e-01
3.657816353740222515e-01, 1.209932849199075733e-01, 2.605688742632722432e-01, 2.526562054427979320e-01
3.658284840469708810e-01, 1.209826306345350017e-01, 2.605385285466376710e-01, 2.526503567718564880e-01
3.658752986546535690e-01, 1.209719854532030903e-01, 2.605081749321466189e-01, 2.526445409599966663e-01
3.659220791860565147e-01, 1.209613493839183651e-01, 2.604778134257225153e-01, 2.526387580043026326e-01
3.659688256301893428e-01, 1.209507224346854509e-01, 2.604474440332948948e-01, 2.526330079018301866e-01
3.660155379760862693e-01, 1.209401046135069602e-01, 2.604170667607993428e-01, 2.526272906496074278e-01
3.660622162128051027e-01, 1.209294959283837290e-01, 2.603866816141771623e-01, 2.526216062446340893e-01
3.661088603294280208e-01, 1.209188963873144979e-01, 2.603562885993756515e-01, 2.526159546838817049e-01
3.661554703150613488e-01, 1.209083059982962588e-01, 2.603258877223484369e-01, 2.526103359642941082e-01
3.662020461588350595e-01, 1.208977247693239082e-01, 2.602954789890544185e-01, 2.526047500827864889e-01
3.662485878499037728e-01, 1.208871527083905384e-01, 2.602650624054593242e-01, 2.525991970362464478e-01
3.662950953774456453e-01, 1.208765898234872016e-01, 2.602346379775340446e-01, 2.525936768215331640e-01
3.663415687306633695e-01, 1.208660361226031876e-01, 2.602042057112559648e-01, 2.525881894354775614e-01
3.663880078987835076e-01, 1.208554916137256907e-01, 2.601737656126080211e-01, 2.525827348748828083e-01
3.664344128710567694e-01, 1.208449563048400871e-01, 2.601433176875796449e-01, 2.525773131365234847e-01
3.664807836367580673e-01, 1.208344302039298518e-01, 2.601128619421657628e-01, 2.525719242171463597e-01
3.665271201851861838e-01, 1.208239133189763087e-01, 2.600823983823676300e-01, 2.525665681134698914e-01
3.665734225056643258e-01, 1.208134056579590748e-01, 2.600519270141921635e-01, 2.525612448221844497e-01
3.666196905875397372e-01, 1.208029072288558659e-01, 2.600214478436524423e-01, 2.525559543399519824e-01
3.666659244201836976e-01, 1.207924180396422742e-01, 2.599909608767674851e-01, 2.525506966634065709e-01
3.667121239929916898e-01, 1.207819380982920743e-01, 2.599604661195622501e-01, 2.525454717891539302e-01
3.667582892953834550e-01, 1.207714674127771254e-01, 2.599299635780679685e-01, 2.525402797137715760e-01
3.668044203168026041e-01, 1.207610059910672606e-01, 2.598994532583212558e-01, 2.525351204338089350e-01
3.668505170467172283e-01, 1.207505538411305368e-01, 2.598689351663652780e-01, 2.525299939457869569e-01
3.668965794746193998e-01, 1.207401109709329429e-01, 2.598384093082489743e-01, 2.525249002461987802e-01
3.669426075900253381e-01, 1.207296773884385804e-01, 2.598078756900272790e-01, 2.525198393315088996e-01
3.669886013824755766e-01, 1.207192531016096082e-01, 2.597773343177610106e-01, 2.525148111981538324e-01
3.670345608415346850e-01, 1.207088381184062975e-01, 2.597467851975172604e-01, 2.525098158425417294e-01
3.670804859567916023e-01, 1.206984324467869213e-01, 2.597162283353687262e-01, 2.525048532610525975e-01
3.671263767178592485e-01, 1.206880360947078928e-01, 2.596856637373946008e-01, 2.524999234500381884e-01
3.671722331143748574e-01, 1.206776490701236132e-01, 2.596550914096795726e-01, 2.524950264058218874e-01
3.672180551359998657e-01, 1.206672713809865821e-01, 2.596245113583146580e-01, 2.524901621246988248e-01
3.672638427724199128e-01, 1.206569030352473842e-01, 2.595939235893968133e-01, 2.524853306029360422e-01
3.673095960133447302e-01, 1.206465440408545919e-01, 2.595633281090288791e-01, 2.524805318367719376e-01
3.673553148485084741e-01, 1.206361944057549873e-01, 2.595327249233196909e-01, 2.524757658224168755e-01
3.674009992676692815e-01, 1.206258541378932986e-01, 2.595021140383843572e-01, 2.524710325560530766e-01
3.674466492606099921e-01, 1.206155232452123249e-01, 2.594714954603437040e-01, 2.524663320338340622e-01
3.674922648171369266e-01, 1.206052017356529366e-01, 2.594408691953246637e-01, 2.524616642518853205e-01
3.675378459270813858e-01, 1.205948896171541579e-01, 2.594102352494603858e-01, 2.524570292063040289e-01
3.675833925802985402e-01, 1.205845868976529733e-01, 2.593795936288896820e-01, 2.524524268931588322e-01
3.676289047666677634e-01, 1.205742935850844105e-01, 2.593489443397575256e-01, 2.524478573084903421e-01
3.676743824760927426e-01, 1.205640096873816930e-01, 2.593182873882149964e-01, 2.524433204483105264e-01
3.677198256985016456e-01, 1.205537352124759626e-01, 2.592876227804191136e-01, 2.524388163086032644e-01
3.677652344238467319e-01, 1.205434701682964460e-01, 2.592569505225330029e-01, 2.524343448853239025e-01
3.678106086421042420e-01, 1.205332145627705659e-01, 2.592262706207255629e-01, 2.524299061743994765e-01
3.678559483432753963e-01, 1.205229684038237048e-01, 2.591955830811720207e-01, 2.524255001717289892e-01
3.679012535173849519e-01, 1.205127316993791914e-01, 2.591648879100534875e-01, 2.524211268731824109e-01
3.679465241544824239e-01, 1.205025044573586057e-01, 2.591341851135570140e-01, 2.524167862746019009e-01
3.679917602446414193e-01, 1.204922866856815294e-01, 2.591034746978759240e-01, 2.524124783718010856e-01
3.680369617779600255e-01, 1.204820783922656013e-01, 2.590727566692093697e-01, 2.524082031605649479e-01
3.680821287445603662e-01, 1.204718795850264756e-01, 2.590420310337625542e-01, 2.524039606366506039e-01
3.681272611345889900e-01, 1.204616902718779192e-01, 2.590112977977468423e-01, 2.523997507957862485e-01
3.681723589382168149e-01, 1.204515104607317560e-01, 2.589805569673794827e-01, 2.523955736336720435e-01
3.682174221456390173e-01, 1.204413401594978394e-01, 2.589498085488837198e-01, 2.523914291459793957e-01
3.682624507470750874e-01, 1.204311793760840937e-01, 2.589190525484891814e-01, 2.523873173283516236e-01
3.683074447327688294e-01, 1.204210281183965003e-01, 2.588882889724311576e-01, 2.523832381764035127e-01
3.683524040929885279e-01, 1.204108863943390978e-01, 2.588575178269511556e-01, 2.523791916857212048e-01
3.683973288180265593e-01, 1.204007542118140373e-01, 2.588267391182966226e-01, 2.523751778518628641e-01
3.684422188981997248e-01, 1.203906315787214160e-01, 2.587959528527212782e-01, 2.523711966703575671e-01
3.684870743238493063e-01, 1.203805185029595270e-01, 2.587651590364846155e-01, 2.523672481367065790e-01
3.685318950853406217e-01, 1.203704149924245959e-01, 2.587343576758524000e-01, 2.523633322463824102e-01
3.685766811730637471e-01, 1.203603210550110297e-01, 2.587035487770962261e-01, 2.523594489948289832e-01
3.686214325774329059e-01, 1.203502366986111266e-01, 2.586727323464939610e-01, 2.523555983774621314e-01
3.686661492888865799e-01, 1.203401619311154497e-01, 2.586419083903293004e-01, 2.523517803896688783e-01
3.687108312978876201e-01, 1.203300967604124111e-01, 2.586110769148922128e-01, 2.523479950268078253e-01
3.687554785949235248e-01, 1.203200411943886189e-01, 2.585802379264786621e-01, 2.523442422842091526e-01
3.688000911705059948e-01, 1.203099952409287243e-01, 2.585493914313906072e-01, 2.523405221571747292e-01
3.688446690151709895e-01, 1.202999589079153525e-01, 2.585185374359360577e-01, 2.523368346409775587e-01
3.688892121194791152e-01, 1.202899322032292967e-01, 2.584876759464292961e-01, 2.523331797308623337e-01
3.689337204740150700e-01, 1.202799151347493656e-01, 2.584568069691903225e-01, 2.523295574220452697e-01
3.689781940693881435e-01, 1.202699077103523695e-01, 2.584259305105454652e-01, 2.523259677097140496e-01
3.690226328962319391e-01, 1.202599099379132314e-01, 2.583950465768271032e-01, 2.523224105890278235e-01
3.690670369452044852e-01, 1.202499218253049451e-01, 2.583641551743735554e-01, 2.523188860551170420e-01
3.691114062069883461e-01, 1.202399433803984646e-01, 2.583332563095292467e-01, 2.523153941030839564e-01
3.691557406722901780e-01, 1.202299746110629258e-01, 2.583023499886447638e-01, 2.523119347280020630e-01
3.692000403318413393e-01, 1.202200155251654939e-01, 2.582714362180766887e-01, 2.523085079249163809e-01
3.692443051763976136e-01, 1.202100661305713358e-01, 2.582405150041877651e-01, 2.523051136888433410e-01
3.692885351967388208e-01, 1.202001264351436477e-01, 2.582095863533467872e-01, 2.523017520147707859e-01
3.693327303836696496e-01, 1.201901964467438216e-01, 2.581786502719284337e-01, 2.522984228976581367e-01
3.693768907280190472e-01, 1.201802761732311403e-01, 2.581477067663137670e-01, 2.522951263324361149e-01
3.694210162206403303e-01, 1.201703656224630407e-01, 2.581167558428897335e-01, 2.522918623140068539e-01
3.694651068524114623e-01, 1.201604648022950167e-01, 2.580857975080494415e-01, 2.522886308372441766e-01
3.695091626142345542e-01, 1.201505737205805779e-01, 2.580548317681919945e-01, 2.522854318969927623e-01
3.695531834970363083e-01, 1.201406923851713188e-01, 2.580238586297228243e-01, 2.522822654880694793e-01
3.695971694917680739e-01, 1.201308208039168768e-01, 2.579928780990531911e-01, 2.522791316052618305e-01
3.696411205894052365e-01, 1.201209589846650022e-01, 2.579618901826005728e-01, 2.522760302433293411e-01
3.696850367809478843e-01, 1.201111069352612942e-01, 2.579308948867883866e-01, 2.522729613970024487e-01
3.697289180574205858e-01, 1.201012646635497283e-01, 2.578998922180464337e-01, 2.522699250609832244e-01
3.697727644098724453e-01, 1.200914321773720317e-01, 2.578688821828103994e-01, 2.522669212299452068e-01
3.698165758293767147e-01, 1.200816094845682247e-01, 2.578378647875219087e-01, 2.522639498985330686e-01
3.698603523070315147e-01, 1.200717965929762460e-01, 2.578068400386291370e-01, 2.522610110613630052e-01
3.699040938339590578e-01, 1.200619935104320773e-01, 2.577758079425860882e-01, 2.522581047130227905e-01
3.699478004013064814e-01, 1.200522002447698411e-01, 2.577447685058527616e-01, 2.522552308480709438e-01
3.699914720002447921e-01, 1.200424168038216471e-01, 2.577137217348954845e-01, 2.522523894610379513e-01
3.700351086219701990e-01, 1.200326431954178014e-01, 2.576826676361866908e-01, 2.522495805464254337e-01
3.700787102577028920e-01, 1.200228794273864169e-01, 2.576516062162045873e-01, 2.522468040987061455e-01
3.701222768986876521e-01, 1.200131255075537889e-01, 2.576205374814338755e-01, 2.522440601123246973e-01
3.701658085361939077e-01, 1.200033814437444502e-01, 2.575894614383652526e-01, 2.522413485816965006e-01
3.702093051615154007e-01, 1.199936472437806295e-01, 2.575583780934953548e-01, 2.522386695012084901e-01
3.702527667659706312e-01, 1.199839229154828629e-01, 2.575272874533272582e-01, 2.522360228652192338e-01
3.702961933409023021e-01, 1.199742084666697434e-01, 2.574961895243698118e-01, 2.522334086680581011e-01
3.703395848776778743e-01, 1.199645039051577544e-01, 2.574650843131383593e-01, 2.522308269040260953e-01
3.703829413676890669e-01, 1.199548092387615755e-01, 2.574339718261538512e-01, 2.522282775673954647e-01
3.704262628023524684e-01, 1.199451244752939433e-01, 2.574028520699439548e-01, 2.522257606524097029e-01
3.704695491731088697e-01, 1.199354496225655403e-01, 2.573717250510418331e-01, 2.522232761532837153e-01
3.705128004714237089e-01, 1.199257846883852174e-01, 2.573405907759874212e-01, 2.522208240642035970e-01
3.705560166887870155e-01, 1.199161296805597715e-01, 2.573094492513263165e-01, 2.522184043793268549e-01
3.705991978167131884e-01, 1.199064846068941953e-01, 2.572783004836103893e-01, 2.522160170927821854e-01
3.706423438467414955e-01, 1.198968494751914138e-01, 2.572471444793975603e-01, 2.522136621986694749e-01
3.706854547704352409e-01, 1.198872242932525201e-01, 2.572159812452520788e-01, 2.522113396910601324e-01
3.707285305793825980e-01, 1.198776090688765533e-01, 2.571848107877440781e-01, 2.522090495639967012e-01
3.707715712651963313e-01, 1.198680038098606793e-01, 2.571536331134500752e-01, 2.522067918114929141e-01
3.708145768195135750e-01, 1.198584085239999958e-01, 2.571224482289524715e-01, 2.522045664275338606e-01
3.708575472339961099e-01, 1.198488232190879077e-01, 2.570912561408401076e-01, 2.522023734060759859e-01
3.709004825003301420e-01, 1.198392479029156271e-01, 2.570600568557075416e-01, 2.522002127410465921e-01
3.709433826102267462e-01, 1.198296825832725759e-01, 2.570288503801559377e-01, 2.521980844263448374e-01
3.709862475554210892e-01, 1.198201272679461638e-01, 2.569976367207921775e-01, 2.521959884558406251e-01
3.710290773276733178e-01, 1.198105819647218434e-01, 2.569664158842295820e-01, 2.521939248233752151e-01
3.710718719187679482e-01, 1.198010466813831804e-01, 2.569351878770876341e-01, 2.521918935227611680e-01
3.711146313205141989e-01, 1.197915214257117833e-01, 2.569039527059915895e-01, 2.521898945477823450e-01
3.711573555247456024e-01, 1.197820062054873319e-01, 2.568727103775734766e-01, 2.521879278921937417e-01
3.712000445233205048e-01, 1.197725010284874519e-01, 2.568414608984706526e-01, 2.521859935497214877e-01
3.712426983081217324e-01, 1.197630059024879928e-01, 2.568102042753274139e-01, 2.521840915140629025e-01
3.712853168710567031e-01, 1.197535208352627362e-01, 2.567789405147937742e-01, 2.521822217788868281e-01
3.713279002040573706e-01, 1.197440458345835346e-01, 2.567476696235260203e-01, 2.521803843378330190e-01
3.713704482990805023e-01, 1.197345809082204504e-01, 2.567163916081866004e-01, 2.521785791845125302e-01
3.714129611481071791e-01, 1.197251260639413950e-01, 2.566851064754440137e-01, 2.521768063125074955e-01
3.714554387431431293e-01, 1.197156813095124200e-01, 2.566538142319729765e-01, 2.521750657153714048e-01
3.714978810762187278e-01, 1.197062466526977037e-01, 2.566225148844545889e-01, 2.521733573866288824e-01
3.715402881393889412e-01, 1.196968221012593564e-01, 2.565912084395757797e-01, 2.521716813197757978e-01
3.715826599247334383e-01, 1.196874076629576844e-01, 2.565598949040298060e-01, 2.521700375082790435e-01
3.716249964243562576e-01, 1.196780033455509401e-01, 2.565285742845160311e-01, 2.521684259455767019e-01
3.716672976303862508e-01, 1.196686091567954885e-01, 2.564972465877400354e-01, 2.521668466250781560e-01
3.717095635349766392e-01, 1.196592251044457794e-01, 2.564659118204136168e-01, 2.521652995401639230e-01
3.717517941303056239e-01, 1.196498511962542227e-01, 2.564345699892546238e-01, 2.521637846841855990e-01
3.717939894085756647e-01, 1.196404874399714241e-01, 2.564032211009870665e-01, 2.521623020504660251e-01
3.718361493620139235e-01, 1.196311338433458799e-01, 2.563718651623411171e-01, 2.521608516322990101e-01
3.718782739828723205e-01, 1.196217904141243377e-01, 2.563405021800534977e-01, 2.521594334229498302e-01
3.719203632634272561e-01, 1.196124571600514636e-01, 2.563091321608665374e-01, 2.521580474156546181e-01
3.719624171959798331e-01, 1.196031340888701194e-01, 2.562777551115291153e-01, 2.521566936036208073e-01
3.720044357728557460e-01, 1.195938212083210578e-01, 2.562463710387963278e-01, 2.521553719800270210e-01
3.720464189864052806e-01, 1.195845185261431992e-01, 2.562149799494289337e-01, 2.521540825380226281e-01
3.720883668290033142e-01, 1.195752260500734798e-01, 2.561835818501945194e-01, 2.521528252707286311e-01
3.721302792930495928e-01, 1.195659437878469900e-01, 2.561521767478665557e-01, 2.521516001712368893e-01
3.721721563709681768e-01, 1.195566717471967383e-01, 2.561207646492247303e-01, 2.521504072326103962e-01
3.722139980552078842e-01, 1.195474099358539433e-01, 2.560893455610548375e-01, 2.521492464478833351e-01
3.722558043382423465e-01, 1.195381583615477694e-01, 2.560579194901491662e-01, 2.521481178100608012e-01
3.722975752125695648e-01, 1.195289170320055216e-01, 2.560264864433057230e-01, 2.521470213121192461e-01
3.723393106707122424e-01, 1.195196859549525620e-01, 2.559950464273289539e-01, 2.521459569470062001e-01
3.723810107052179519e-01, 1.195104651381122124e-01, 2.559635994490296884e-01, 2.521449247076401612e-01
3.724226753086586350e-01, 1.195012545892059769e-01, 2.559321455152246960e-01, 2.521439245869107060e-01
3.724643044736309916e-01, 1.194920543159534443e-01, 2.559006846327368523e-01, 2.521429565776787118e-01
3.725058981927564794e-01, 1.194828643260720802e-01, 2.558692168083955276e-01, 2.521420206727758573e-01
3.725474564586808701e-01, 1.194736846272776709e-01, 2.558377420490361431e-01, 2.521411168650052326e-01
3.725889792640750264e-01, 1.194645152272839350e-01, 2.558062603615004482e-01, 2.521402451471407291e-01
3.726304666016341249e-01, 1.194553561338025510e-01, 2.557747717526359654e-01, 2.521394055119273725e-01
3.726719184640781557e-01, 1.194462073545433933e-01, 2.557432762292970452e-01, 2.521385979520813225e-01
3.727133348441518668e-01, 1.194370688972145322e-01, 2.557117737983436445e-01, 2.521378224602899287e-01
3.727547157346242646e-01, 1.194279407695218037e-01, 2.556802644666424928e-01, 2.521370790292113973e-01
3.727960611282896686e-01, 1.194188229791693090e-01, 2.556487482410660927e-01, 2.521363676514749574e-01
3.728373710179663236e-01, 1.194097155338591509e-01, 2.556172251284933861e-01, 2.521356883196810839e-01
3.728786453964976766e-01, 1.194006184412915589e-01, 2.555856951358094209e-01, 2.521350410264011632e-01
3.729198842567517658e-01, 1.193915317091647776e-01, 2.555541582699054626e-01, 2.521344257641779385e-01
3.729610875916211099e-01, 1.193824553451751092e-01, 2.555226145376791047e-01, 2.521338425255246762e-01
3.730022553940228747e-01, 1.193733893570169402e-01, 2.554910639460340471e-01, 2.521332913029261102e-01
3.730433876568992058e-01, 1.193643337523827563e-01, 2.554595065018802069e-01, 2.521327720888378865e-01
3.730844843732166183e-01, 1.193552885389630863e-01, 2.554279422121336629e-01, 2.521322848756865631e-01
3.731255455359663853e-01, 1.193462537244465854e-01, 2.553963710837169887e-01, 2.521318296558699434e-01
3.731665711381648154e-01, 1.193372293165197995e-01, 2.553647931235586421e-01, 2.521314064217566875e-01
3.732075611728521980e-01, 1.193282153228675119e-01, 2.553332083385936313e-01, 2.521310151656865339e-01
3.732485156330940801e-01, 1.193192117511726047e-01, 2.553016167357627930e-01, 2.521306558799704667e-01
3.732894345119803781e-01, 1.193102186091158784e-01, 2.552700183220136254e-01, 2.521303285568900487e-01
3.733303178026258773e-01, 1.193012359043763571e-01, 2.552384131042995663e-01, 2.521300331886981438e-01
3.733711654981700101e-01, 1.192922636446310247e-01, 2.552068010895803263e-01, 2.521297697676186389e-01
3.734119775917767448e-01, 1.192833018375549503e-01, 2.551751822848218887e-01, 2.521295382858464995e-01
3.734527540766348630e-01, 1.192743504908213154e-01, 2.551435566969963986e-01, 2.521293387355472704e-01
3.734934949459580156e-01, 1.192654096121014140e-01, 2.551119243330825515e-01, 2.521291711088579635e-01
3.735342001929842226e-01, 1.192564792090645698e-01, 2.550802852000648158e-01, 2.521290353978864474e-01
3.735748698109762067e-01, 1.192475592893780661e-01, 2.550486393049341549e-01, 2.521289315947114473e-01
3.736155037932217815e-01, 1.192386498607074796e-01, 2.550169866546877495e-01, 2.521288596913830449e-01
3.736561021330330190e-01, 1.192297509307163189e-01, 2.549853272563290529e-01, 2.521288196799217896e-01
3.736966648237466382e-01, 1.192208625070661221e-01, 2.549536611168675138e-01, 2.521288115523195872e-01
3.737371918587246711e-01, 1.192119845974166925e-01, 2.549219882433192974e-01, 2.521288353005393112e-01
3.737776832313532416e-01, 1.192031172094257935e-01, 2.548903086427062870e-01, 2.521288909165146364e-01
3.738181389350432871e-01, 1.191942603507491760e-01, 2.548586223220570823e-01, 2.521289783921504268e-01
3.738585589632306694e-01, 1.191854140290407593e-01, 2.548269292884062787e-01, 2.521290977193222371e-01
3.738989433093757309e-01, 1.191765782519526723e-01, 2.547952295487946328e-01, 2.521292488898770334e-01
3.739392919669636273e-01, 1.191677530271348373e-01, 2.547635231102692299e-01, 2.521294318956323055e-01
3.739796049295041058e-01, 1.191589383622355530e-01, 2.547318099798835944e-01, 2.521296467283767884e-01
3.740198821905318383e-01, 1.191501342649009115e-01, 2.547000901646973570e-01, 2.521298933798699071e-01
3.740601237436059767e-01, 1.191413407427753535e-01, 2.546683636717763655e-01, 2.521301718418423876e-01
3.741003295823103758e-01, 1.191325578035011823e-01, 2.546366305081927406e-01, 2.521304821059956458e-01
3.741404997002538146e-01, 1.191237854547188557e-01, 2.546048906810249868e-01, 2.521308241640022874e-01
3.741806340910696083e-01, 1.191150237040669996e-01, 2.545731441973577702e-01, 2.521311980075056636e-01
3.742207327484157742e-01, 1.191062725591822136e-01, 2.545413910642819744e-01, 2.521316036281200934e-01
3.742607956659751989e-01, 1.190975320276992100e-01, 2.545096312888946999e-01, 2.521320410174309190e-01
3.743008228374551383e-01, 1.190888021172507583e-01, 2.544778648782995978e-01, 2.521325101669945057e-01
3.743408142565880503e-01, 1.190800828354678237e-01, 2.544460918396062588e-01, 2.521330110683379644e-01
3.743807699171305958e-01, 1.190713741899793038e-01, 2.544143121799307683e-01, 2.521335437129593182e-01
3.744206898128645822e-01, 1.190626761884122642e-01, 2.543825259063952071e-01, 2.521341080923279465e-01
3.744605739375960751e-01, 1.190539888383917860e-01, 2.543507330261283728e-01, 2.521347041978835857e-01
3.745004222851563980e-01, 1.190453121475412018e-01, 2.543189335462649470e-01, 2.521353320210373838e-01
3.745402348494012434e-01, 1.190366461234817624e-01, 2.542871274739459952e-01, 2.521359915531710127e-01
3.745800116242109512e-01, 1.190279907738328036e-01, 2.542553148163189669e-01, 2.521366827856374448e-01
3.746197526034906189e-01, 1.190193461062118013e-01, 2.542234955805372509e-01, 2.521374057097601762e-01
3.746594577811705462e-01, 1.190107121282344277e-01, 2.541916697737610642e-01, 2.521381603168340035e-01
3.746991271512049582e-01, 1.190020888475142036e-01, 2.541598374031563412e-01, 2.521389465981245248e-01
3.747387607075732818e-01, 1.189934762716629291e-01, 2.541279984758957333e-01, 2.521397645448680280e-01
3.747783584442795912e-01, 1.189848744082904614e-01, 2.540961529991578871e-01, 2.521406141482720464e-01
3.748179203553527739e-01, 1.189762832650046176e-01, 2.540643009801278329e-01, 2.521414953995147479e-01
3.748574464348459756e-01, 1.189677028494115912e-01, 2.540324424259970959e-01, 2.521424082897454344e-01
3.748969366768375999e-01, 1.189591331691152443e-01, 2.540005773439629744e-01, 2.521433528100840982e-01
3.749363910754306417e-01, 1.189505742317179537e-01, 2.539687057412295945e-01, 2.521443289516219766e-01
3.749758096247525763e-01, 1.189420260448197930e-01, 2.539368276250070222e-01, 2.521453367054206085e-01
3.750151923189558034e-01, 1.189334886160193644e-01, 2.539049430025117626e-01, 2.521463760625130557e-01
3.750545391522174254e-01, 1.189249619529129665e-01, 2.538730518809665937e-01, 2.521474470139030144e-01
3.750938501187390806e-01, 1.189164460630952463e-01, 2.538411542676006216e-01, 2.521485495505649821e-01
3.751331252127476090e-01, 1.189079409541588112e-01, 2.538092501696491698e-01, 2.521496836634445349e-01
3.751723644284938874e-01, 1.188994466336943806e-01, 2.537773395943538901e-01, 2.521508493434579390e-01
3.752115677602538280e-01, 1.188909631092908425e-01, 2.537454225489627069e-01, 2.521520465814924838e-01
3.752507352023284892e-01, 1.188824903885351697e-01, 2.537134990407299839e-01, 2.521532753684064820e-01
3.752898667490428553e-01, 1.188740284790123086e-01, 2.536815690769160803e-01, 2.521545356950287697e-01
3.753289623947472231e-01, 1.188655773883054434e-01, 2.536496326647880717e-01, 2.521558275521593173e-01
3.753680221338163148e-01, 1.188571371239957597e-01, 2.536176898116190292e-01, 2.521571509305689518e-01
3.754070459606497767e-01, 1.188487076936626391e-01, 2.535857405246883522e-01, 2.521585058209992458e-01
3.754460338696718469e-01, 1.188402891048834648e-01, 2.535537848112819348e-01, 2.521598922141627952e-01
3.754849858553313546e-01, 1.188318813652338019e-01, 2.535218226786916662e-01, 2.521613101007431634e-01
3.755239019121021649e-01, 1.188234844822871478e-01, 2.534898541342162637e-01, 2.521627594713944376e-01
3.755627820344825674e-01, 1.188150984636154039e-01, 2.534578791851601620e-01, 2.521642403167418944e-01
3.756016262169957765e-01, 1.188067233167883069e-01, 2.534258978388344019e-01, 2.521657526273815009e-01
3.756404344541896534e-01, 1.187983590493737890e-01, 2.533939101025565188e-01, 2.521672963938801915e-01
3.756792067406366509e-01, 1.187900056689378536e-01, 2.533619159836498769e-01, 2.521688716067755909e-01
3.757179430709342016e-01, 1.187816631830446723e-01, 2.533299154894445571e-01, 2.521704782565765135e-01
3.757566434397042188e-01, 1.187733315992565014e-01, 2.532979086272769687e-01, 2.521721163337622973e-01
3.757953078415934289e-01, 1.187650109251336683e-01, 2.532658954044894606e-01, 2.521737858287833589e-01
3.758339362712733722e-01, 1.187567011682346407e-01, 2.532338758284312097e-01, 2.521754867320608606e-01
3.758725287234400136e-01, 1.187484023361158880e-01, 2.532018499064572770e-01, 2.521772190339868214e-01
3.759110851928144093e-01, 1.187401144363322003e-01, 2.531698176459293848e-01, 2.521789827249241722e-01
3.759496056741419845e-01, 1.187318374764362305e-01, 2.531377790542151396e-01, 2.521807777952066454e-01
3.759880901621931448e-01, 1.187235714639789108e-01, 2.531057341386891979e-01, 2.521826042351389408e-01
3.760265386517628317e-01, 1.187153164065092026e-01, 2.530736829067317117e-01, 2.521844620349962818e-01
3.760649511376707999e-01, 1.187070723115742493e-01, 2.530416253657297165e-01, 2.521863511850251371e-01
3.761033276147615623e-01, 1.186988391867192377e-01, 2.530095615230764650e-01, 2.521882716754426101e-01
3.761416680779042232e-01, 1.186906170394874949e-01, 2.529774913861714269e-01, 2.521902234964367717e-01
3.761799725219925894e-01, 1.186824058774203910e-01, 2.529454149624205672e-01, 2.521922066381663829e-01
3.762182409419453366e-01, 1.186742057080575341e-01, 2.529133322592359567e-01, 2.521942210907611170e-01
3.762564733327057320e-01, 1.186660165389365751e-01, 2.528812432840362723e-01, 2.521962668443213929e-01
3.762946696892416898e-01, 1.186578383775932222e-01, 2.528491480442462969e-01, 2.521983438889187634e-01
3.763328300065459930e-01, 1.186496712315614349e-01, 2.528170465472973638e-01, 2.522004522145951388e-01
3.763709542796360719e-01, 1.186415151083731606e-01, 2.527849388006268017e-01, 2.522025918113638410e-01
3.764090425035541143e-01, 1.186333700155585563e-01, 2.527528248116788778e-01, 2.522047626692084377e-01
3.764470946733668444e-01, 1.186252359606458084e-01, 2.527207045879035774e-01, 2.522069647780838531e-01
3.764851107841657440e-01, 1.186171129511612993e-01, 2.526885781367574912e-01, 2.522091981279154793e-01
3.765230908310672198e-01, 1.186090009946294821e-01, 2.526564454657037051e-01, 2.522114627085995653e-01
3.765610348092120474e-01, 1.186009000985729228e-01, 2.526243065822114664e-01, 2.522137585100035495e-01
3.765989427137660384e-01, 1.185928102705124110e-01, 2.525921614937562953e-01, 2.522160855219651721e-01
3.766368145399195400e-01, 1.185847315179667100e-01, 2.525600102078203180e-01, 2.522184437342934182e-01
3.766746502828875465e-01, 1.185766638484527374e-01, 2.525278527318918220e-01, 2.522208331367679635e-01
3.767124499379097546e-01, 1.185686072694856485e-01, 2.524956890734653681e-01, 2.522232537191391177e-01
3.767502135002507302e-01, 1.185605617885785723e-01, 2.524635192400422889e-01, 2.522257054711283808e-01
3.767879409651995748e-01, 1.185525274132428336e-01, 2.524313432391297463e-01, 2.522281883824277759e-01
3.768256323280702591e-01, 1.185445041509879255e-01, 2.523991610782416184e-01, 2.522307024427003497e-01
3.768632875842010677e-01, 1.185364920093213564e-01, 2.523669727648979455e-01, 2.522332476415795055e-01
3.769009067289555981e-01, 1.185284909957488447e-01, 2.523347783066252625e-01, 2.522358239686703363e-01
3.769384897577215399e-01, 1.185205011177742074e-01, 2.523025777109563772e-01, 2.522384314135479033e-01
3.769760366659115625e-01, 1.185125223828994434e-01, 2.522703709854304810e-01, 2.522410699657585131e-01
3.770135474489630933e-01, 1.185045547986245257e-01, 2.522381581375931492e-01, 2.522437396148192734e-01
3.770510221023380404e-01, 1.184965983724477340e-01, 2.522059391749962853e-01, 2.522464403502179264e-01
3.770884606215231249e-01, 1.184886531118654190e-01, 2.521737141051982878e-01, 2.522491721614131821e-01
3.771258630020296598e-01, 1.184807190243720026e-01, 2.521414829357636611e-01, 2.522519350378345515e-01
3.771632292393939934e-01, 1.184727961174601440e-01, 2.521092456742635712e-01, 2.522547289688821803e-01
3.772005593291766767e-01, 1.184648843986205041e-01, 2.520770023282753458e-01, 2.522575539439274594e-01
3.772378532669631301e-01, 1.184569838753419674e-01, 2.520447529053828073e-01, 2.522604099523120813e-01
3.772751110483635317e-01, 1.184490945551115587e-01, 2.520124974131761064e-01, 2.522632969833487060e-01
3.773123326690127621e-01, 1.184412164454144434e-01, 2.519802358592518332e-01, 2.522662150263210723e-01
3.773495181245701824e-01, 1.184333495537337883e-01, 2.519479682512126839e-01, 2.522691640704832761e-01
3.773866674107201336e-01, 1.184254938875511504e-01, 2.519156945966680716e-01, 2.522721441050607694e-01
3.774237805231711596e-01, 1.184176494543459079e-01, 2.518834149032335712e-01, 2.522751551192491948e-01
3.774608574576571729e-01, 1.184098162615958849e-01, 2.518511291785314188e-01, 2.522781971022156622e-01
3.774978982099359559e-01, 1.184019943167768651e-01, 2.518188374301897903e-01, 2.522812700430974164e-01
3.775349027757907150e-01, 1.183941836273627313e-01, 2.517865396658436894e-01, 2.522843739310030031e-01
3.775718711510286929e-01, 1.183863842008257006e-01, 2.517542358931340596e-01, 2.522875087550115469e-01
3.776088033314823345e-01, 1.183785960446359503e-01, 2.517219261197086722e-01, 2.522906745041730847e-01
3.776456993130082873e-01, 1.183708191662618814e-01, 2.516896103532213491e-01, 2.522938711675083989e-01
3.776825590914882902e-01, 1.183630535731701044e-01, 2.516572886013326293e-01, 2.522970987340090732e-01
3.777193826628282292e-01, 1.183552992728251901e-01, 2.516249608717089914e-01, 2.523003571926374922e-01
3.777561700229593589e-01, 1.183475562726900021e-01, 2.515926271720237972e-01, 2.523036465323268973e-01
3.777929211678369148e-01, 1.183398245802255444e-01, 2.515602875099564040e-01, 2.523069667419812201e-01
3.778296360934410569e-01, 1.183321042028908643e-01, 2.515279418931927191e-01, 2.523103178104753597e-01
3.778663147957767587e-01, 1.183243951481433437e-01, 2.514955903294252004e-01, 2.523136997266549053e-01
3.779029572708733631e-01, 1.183166974234382829e-01, 2.514632328263522454e-01, 2.523171124793361364e-01
3.779395635147850263e-01, 1.183090110362292752e-01, 2.514308693916792459e-01, 2.523205560573064110e-01
3.779761335235904962e-01, 1.183013359939680542e-01, 2.513985000331175335e-01, 2.523240304493237773e-01
3.780126672933933341e-01, 1.182936723041045080e-01, 2.513661247583851011e-01, 2.523275356441169737e-01
3.780491648203215815e-01, 1.182860199740866092e-01, 2.513337435752062143e-01, 2.523310716303857060e-01
3.780856261005278163e-01, 1.182783790113605682e-01, 2.513013564913114672e-01, 2.523346383968002593e-01
3.781220511301893183e-01, 1.182707494233707080e-01, 2.512689635144381151e-01, 2.523382359320018309e-01
3.781584399055083479e-01, 1.182631312175594779e-01, 2.512365646523295748e-01, 2.523418642246026411e-01
3.781947924227113678e-01, 1.182555244013675511e-01, 2.512041599127357028e-01, 2.523455232631853784e-01
3.782311086780496545e-01, 1.182479289822337409e-01, 2.511717493034129056e-01, 2.523492130363036434e-01
3.782673886677991870e-01, 1.182403449675949458e-01, 2.511393328321239737e-01, 2.523529335324819489e-01
3.783036323882603691e-01, 1.182327723648863849e-01, 2.511069105066378593e-01, 2.523566847402154423e-01
3.783398398357584180e-01, 1.182252111815412093e-01, 2.510744823347302312e-01, 2.523604666479700720e-01
3.783760110066430871e-01, 1.182176614249909469e-01, 2.510420483241829759e-01, 2.523642792441829208e-01
3.784121458972888319e-01, 1.182101231026651544e-01, 2.510096084827846408e-01, 2.523681225172613729e-01
3.784482445040946441e-01, 1.182025962219915988e-01, 2.509771628183298242e-01, 2.523719964555840023e-01
3.784843068234840513e-01, 1.181950807903961870e-01, 2.509447113386197303e-01, 2.523759010474999620e-01
3.785203328519055055e-01, 1.181875768153030776e-01, 2.509122540514620581e-01, 2.523798362813292062e-01
3.785563225858318281e-01, 1.181800843041344445e-01, 2.508797909646708901e-01, 2.523838021453627123e-01
3.785922760217604321e-01, 1.181726032643107827e-01, 2.508473220860666930e-01, 2.523877986278622032e-01
3.786281931562133773e-01, 1.181651337032506438e-01, 2.508148474234761505e-01, 2.523918257170597590e-01
3.786640739857374816e-01, 1.181576756283707896e-01, 2.507823669847327741e-01, 2.523958834011589270e-01
3.786999185069039320e-01, 1.181502290470861916e-01, 2.507498807776763483e-01, 2.523999716683335559e-01
3.787357267163087848e-01, 1.181427939668098781e-01, 2.507173888101527637e-01, 2.524040905067286844e-01
3.787714986105722992e-01, 1.181353703949531292e-01, 2.506848910900147942e-01, 2.524082399044598191e-01
3.788072341863397696e-01, 1.181279583389254761e-01, 2.506523876251213756e-01, 2.524124198496133231e-01
3.788429334402808601e-01, 1.181205578061344796e-01, 2.506198784233379939e-01, 2.524166303302466385e-01
3.788785963690897707e-01, 1.181131688039859517e-01, 2.505873634925365190e-01, 2.524208713343877308e-01
3.789142229694854036e-01, 1.181057913398838033e-01, 2.505548428405952044e-01, 2.524251428500355332e-01
3.789498132382113083e-01, 1.180984254212302659e-01, 2.505223164753987986e-01, 2.524294448651596690e-01
3.789853671720352923e-01, 1.180910710554255588e-01, 2.504897844048385447e-01, 2.524337773677005070e-01
3.790208847677501991e-01, 1.180837282498683333e-01, 2.504572466368118477e-01, 2.524381403455695505e-01
3.790563660221730746e-01, 1.180763970119551864e-01, 2.504247031792229405e-01, 2.524425337866487151e-01
3.790918109321458895e-01, 1.180690773490809808e-01, 2.503921540399822732e-01, 2.524469576787910507e-01
3.791272194945345952e-01, 1.180617692686387332e-01, 2.503595992270066239e-01, 2.524514120098199643e-01
3.791625917062305118e-01, 1.180544727780197534e-01, 2.503270387482195436e-01, 2.524558967675302190e-01
3.791979275641487734e-01, 1.180471878846133665e-01, 2.502944726115506890e-01, 2.524604119396871016e-01
3.792332270652297166e-01, 1.180399145958072882e-01, 2.502619008249363231e-01, 2.524649575140268110e-01
3.792684902064375474e-01, 1.180326529189871798e-01, 2.502293233963191477e-01, 2.524695334782560141e-01
3.793037169847617851e-01, 1.180254028615370515e-01, 2.501967403336483042e-01, 2.524741398200528453e-01
3.793389073972159853e-01, 1.180181644308391092e-01, 2.501641516448793179e-01, 2.524787765270656292e-01
3.793740614408383505e-01, 1.180109376342736438e-01, 2.501315573379742085e-01, 2.524834435869138249e-01
3.794091791126917856e-01, 1.180037224792192668e-01, 2.500989574209016020e-01, 2.524881409871875260e-01
3.794442604098634542e-01, 1.179965189730526332e-01, 2.500663519016361191e-01, 2.524928687154479046e-01
3.794793053294653329e-01, 1.179893271231487045e-01, 2.500337407881593754e-01, 2.524976267592267121e-01
3.795143138686338791e-01, 1.179821469368805276e-01, 2.500011240884590924e-01, 2.525024151060266120e-01
3.795492860245299194e-01, 1.179749784216195113e-01, 2.499685018105295975e-01, 2.525072337433210135e-01
3.795842217943390384e-01, 1.179678215847351219e-01, 2.499358739623716297e-01, 2.525120826585542932e-01
3.796191211752711903e-01, 1.179606764335950214e-01, 2.499032405519922839e-01, 2.525169618391414628e-01
3.796539841645609759e-01, 1.179535429755651926e-01, 2.498706015874053166e-01, 2.525218712724685566e-01
3.796888107594673656e-01, 1.179464212180096339e-01, 2.498379570766307289e-01, 2.525268109458922439e-01
3.797236009572740323e-01, 1.179393111682908030e-01, 2.498053070276951559e-01, 2.525317808467401060e-01
3.797583547552889072e-01, 1.179322128337690068e-01, 2.497726514486315330e-01, 2.525367809623104698e-01
3.797930721508446239e-01, 1.179251262218031088e-01, 2.497399903474794292e-01, 2.525418112798727410e-01
3.798277531412984076e-01, 1.179180513397499047e-01, 2.497073237322848527e-01, 2.525468717866667934e-01
3.798623977240317418e-01, 1.179109881949645389e-01, 2.496746516111000569e-01, 2.525519624699036347e-01
3.798970058964507568e-01, 1.179039367948003514e-01, 2.496419739919839842e-01, 2.525570833167648521e-01
3.799315776559860636e-01, 1.178968971466088089e-01, 2.496092908830019885e-01, 2.525622343144030002e-01
3.799661130000927534e-01, 1.178898692577397267e-01, 2.495766022922260297e-01, 2.525674154499416013e-01
3.800006119262503979e-01, 1.178828531355409354e-01, 2.495439082277340348e-01, 2.525726267104745904e-01
3.800350744319631047e-01, 1.178758487873586974e-01, 2.495112086976110366e-01, 2.525778680830671474e-01
3.800695005147592398e-01, 1.178688562205372492e-01, 2.494785037099482294e-01, 2.525831395547552538e-01
3.801038901721920382e-01, 1.178618754424192172e-01, 2.494457932728432470e-01, 2.525884411125454143e-01
3.801382434018389378e-01, 1.178549064603454100e-01, 2.494130773944002455e-01, 2.525937727434153235e-01
3.801725602013019678e-01, 1.178479492816548319e-01, 2.493803560827299037e-01, 2.525991344343133105e-01
3.802068405682075269e-01, 1.178410039136846277e-01, 2.493476293459493398e-01, 2.526045261721585611e-01
3.802410845002064388e-01, 1.178340703637702769e-01, 2.493148971921821111e-01, 2.526099479438412287e-01
3.802752919949740074e-01, 1.178271486392454270e-01, 2.492821596295583531e-01, 2.526153997362221570e-01
3.803094630502103501e-01, 1.178202387474419216e-01, 2.492494166662146127e-01, 2.526208815361331572e-01
3.803435976636394544e-01, 1.178133406956898277e-01, 2.492166683102939040e-01, 2.526263933303768416e-01
3.803776958330101765e-01, 1.178064544913174916e-01, 2.491839145699456803e-01, 2.526319351057266238e-01
3.804117575560956310e-01, 1.177995801416514415e-01, 2.491511554533260009e-01, 2.526375068489268849e-01
3.804457828306933576e-01, 1.177927176540164156e-01, 2.491183909685974751e-01, 2.526431085466928073e-01
3.804797716546255981e-01, 1.177858670357354032e-01, 2.490856211239288187e-01, 2.526487401857102078e-01
3.805137240257385756e-01, 1.177790282941295480e-01, 2.490528459274956585e-01, 2.526544017526362040e-01
3.805476399419033262e-01, 1.177722014365183978e-01, 2.490200653874798664e-01, 2.526600932340983263e-01
3.805815194010150337e-01, 1.177653864702195019e-01, 2.489872795120700311e-01, 2.526658146166954055e-01
3.806153624009936398e-01, 1.177585834025488137e-01, 2.489544883094608474e-01, 2.526715658869966852e-01
3.806491689397831224e-01, 1.177517922408203715e-01, 2.489216917878538937e-01, 2.526773470315425429e-01
3.806829390153521064e-01, 1.177450129923465899e-01, 2.488888899554570489e-01, 2.526831580368442132e-01
3.807166726256936973e-01, 1.177382456644380654e-01, 2.488560828204846032e-01, 2.526889988893837313e-01
3.807503697688250366e-01, 1.177314902644035904e-01, 2.488232703911575083e-01, 2.526948695756139340e-01
3.807840304427880240e-01, 1.177247467995501812e-01, 2.487904526757031276e-01, 2.527007700819586811e-01
3.808176546456488731e-01, 1.177180152771831190e-01, 2.487576296823554856e-01, 2.527067003948126334e-01
3.808512423754978893e-01, 1.177112957046059505e-01, 2.487248014193547407e-01, 2.527126605005413085e-01
3.808847936304503023e-01, 1.177045880891204876e-01, 2.486919678949480184e-01, 2.527186503854811916e-01
3.809183084086453785e-01, 1.176978924380266689e-01, 2.486591291173884943e-01, 2.527246700359394027e-01
3.809517867082467535e-01, 1.176912087586227257e-01, 2.486262850949362002e-01, 2.527307194381941957e-01
3.809852285274425987e-01, 1.176845370582052241e-01, 2.485934358358574403e-01, 2.527367985784947924e-01
3.810186338644451776e-01, 1.176778773440688569e-01, 2.485605813484251247e-01, 2.527429074430609379e-01
3.810520027174913449e-01, 1.176712296235065541e-01, 2.485277216409186030e-01, 2.527490460180835119e-01
3.810853350848423249e-01, 1.176645939038095529e-01, 2.484948567216238302e-01, 2.527552142897243059e-01
3.811186309647836556e-01, 1.176579701922673415e-01, 2.484619865988331455e-01, 2.527614122441158018e-01
3.811518903556251336e-01, 1.176513584961676184e-01, 2.484291112808455493e-01, 2.527676398673616154e-01
3.811851132557010913e-01, 1.176447588227963748e-01, 2.483962307759663424e-01, 2.527738971455362194e-01
3.812182996633698973e-01, 1.176381711794377977e-01, 2.483633450925076258e-01, 2.527801840646846654e-01
3.812514495770146228e-01, 1.176315955733743673e-01, 2.483304542387876623e-01, 2.527865006108233614e-01
3.812845629950423754e-01, 1.176250320118867598e-01, 2.482975582231316258e-01, 2.527928467699394055e-01
3.813176399158846874e-01, 1.176184805022540136e-01, 2.482646570538707131e-01, 2.527992225279906413e-01
3.813506803379974608e-01, 1.176119410517532660e-01, 2.482317507393430045e-01, 2.528056278709061577e-01
3.813836842598609667e-01, 1.176054136676601553e-01, 2.481988392878930472e-01, 2.528120627845858448e-01
3.814166516799794571e-01, 1.175988983572483076e-01, 2.481659227078718832e-01, 2.528185272549002272e-01
3.814495825968820530e-01, 1.175923951277897811e-01, 2.481330010076369386e-01, 2.528250212676911302e-01
3.814824770091216344e-01, 1.175859039865547878e-01, 2.481000741955524669e-01, 2.528315448087710693e-01
3.815153349152757833e-01, 1.175794249408119441e-01, 2.480671422799887726e-01, 2.528380978639236387e-01
3.815481563139458965e-01, 1.175729579978278816e-01, 2.480342052693229882e-01, 2.528446804189030672e-01
3.815809412037584059e-01, 1.175665031648678027e-01, 2.480012631719388794e-01, 2.528512924594348843e-01
3.816136895833631693e-01, 1.175600604491949946e-01, 2.479683159962265127e-01, 2.528579339712153096e-01
3.816464014514349690e-01, 1.175536298580710098e-01, 2.479353637505824492e-01, 2.528646049399115858e-01
3.816790768066724571e-01, 1.175472113987556799e-01, 2.479024064434099395e-01, 2.528713053511617570e-01
3.817117156477988771e-01, 1.175408050785072267e-01, 2.478694440831188117e-01, 2.528780351905750012e-01
3.817443179735614533e-01, 1.175344109045819568e-01, 2.478364766781251394e-01, 2.528847944437313533e-01
3.817768837827318351e-01, 1.175280288842345811e-01, 2.478035042368517404e-01, 2.528915830961817046e-01
3.818094130741060410e-01, 1.175216590247180615e-01, 2.477705267677279000e-01, 2.528984011334480808e-01
3.818419058465039595e-01, 1.175153013332835145e-01, 2.477375442791894256e-01, 2.529052485410231976e-01
3.818743620987699039e-01, 1.175089558171805160e-01, 2.477045567796786751e-01, 2.529121253043708495e-01
3.819067818297727235e-01, 1.175026224836567962e-01, 2.476715642776445570e-01, 2.529190314089259095e-01
3.819391650384049708e-01, 1.174963013399584200e-01, 2.476385667815424463e-01, 2.529259668400941075e-01
3.819715117235838453e-01, 1.174899923933297313e-01, 2.476055642998344630e-01, 2.529329315832520297e-01
3.820038218842504718e-01, 1.174836956510132424e-01, 2.475725568409888333e-01, 2.529399256237473415e-01
3.820360955193704555e-01, 1.174774111202499804e-01, 2.475395444134807776e-01, 2.529469489468986754e-01
3.820683326279336045e-01, 1.174711388082790159e-01, 2.475065270257917893e-01, 2.529540015379956319e-01
3.821005332089535411e-01, 1.174648787223378232e-01, 2.474735046864099952e-01, 2.529610833822987237e-01
3.821326972614684792e-01, 1.174586308696621562e-01, 2.474404774038299892e-01, 2.529681944650394310e-01
3.821648247845405577e-01, 1.174523952574860475e-01, 2.474074451865529989e-01, 2.529753347714203127e-01
3.821969157772566739e-01, 1.174461718930417953e-01, 2.473744080430867465e-01, 2.529825042866148954e-01
3.822289702387269839e-01, 1.174399607835600323e-01, 2.473413659819454768e-01, 2.529897029957675625e-01
3.822609881680867350e-01, 1.174337619362696428e-01, 2.473083190116499852e-01, 2.529969308839937203e-01
3.822929695644946557e-01, 1.174275753583978454e-01, 2.472752671407275615e-01, 2.530041879363799651e-01
3.823249144271340660e-01, 1.174214010571701106e-01, 2.472422103777122682e-01, 2.530114741379836385e-01
3.823568227552122112e-01, 1.174152390398101875e-01, 2.472091487311444680e-01, 2.530187894738330501e-01
3.823886945479606503e-01, 1.174090893135401742e-01, 2.471760822095711019e-01, 2.530261339289279210e-01
3.824205298046350343e-01, 1.174029518855805171e-01, 2.471430108215458832e-01, 2.530335074882386626e-01
3.824523285245151616e-01, 1.173968267631497475e-01, 2.471099345756287147e-01, 2.530409101367063762e-01
3.824840907069048668e-01, 1.173907139534650090e-01, 2.470768534803862992e-01, 2.530483418592438527e-01
3.825158163511322984e-01, 1.173846134637414468e-01, 2.470437675443918624e-01, 2.530558026407345174e-01
3.825475054565495858e-01, 1.173785253011926516e-01, 2.470106767762251243e-01, 2.530632924660327077e-01
3.825791580225329502e-01, 1.173724494730305351e-01, 2.469775811844723001e-01, 2.530708113199640619e-01
3.826107740484829822e-01, 1.173663859864653713e-01, 2.469444807777264606e-01, 2.530783591873251304e-01
3.826423535338241977e-01, 1.173603348487055192e-01, 2.469113755645868380e-01, 2.530859360528834312e-01
3.826738964780050933e-01, 1.173542960669578805e-01, 2.468782655536594095e-01, 2.530935419013776166e-01
3.827054028804984798e-01, 1.173482696484275389e-01, 2.468451507535567857e-01, 2.531011767175172511e-01
3.827368727408009819e-01, 1.173422556003178990e-01, 2.468120311728980720e-01, 2.531088404859830332e-01
3.827683060584339825e-01, 1.173362539298307694e-01, 2.467789068203086467e-01, 2.531165331914266292e-01
3.827997028329420126e-01, 1.173302646441661129e-01, 2.467457777044210210e-01, 2.531242548184708396e-01
3.828310630638942502e-01, 1.173242877505223936e-01, 2.467126438338738403e-01, 2.531320053517094881e-01
3.828623867508839096e-01, 1.173183232560962297e-01, 2.466795052173123837e-01, 2.531397847757074770e-01
3.828936738935280193e-01, 1.173123711680826298e-01, 2.466463618633885913e-01, 2.531475930750006764e-01
3.829249244914680328e-01, 1.173064314936749369e-01, 2.466132137807609259e-01, 2.531554302340960350e-01
3.829561385443690513e-01, 1.173005042400648568e-01, 2.465800609780944008e-01, 2.531632962374716911e-01
3.829873160519204900e-01, 1.172945894144422629e-01, 2.465469034640605517e-01, 2.531711910695767509e-01
3.830184570138356337e-01, 1.172886870239954749e-01, 2.465137412473376033e-01, 2.531791147148313437e-01
3.830495614298520257e-01, 1.172827970759110772e-01, 2.464805743366101365e-01, 2.531870671576266774e-01
3.830806292997310236e-01, 1.172769195773740586e-01, 2.464474027405695877e-01, 2.531950483823253162e-01
3.831116606232579658e-01, 1.172710545355676870e-01, 2.464142264679138883e-01, 2.532030583732605145e-01
3.831426554002423934e-01, 1.172652019576735927e-01, 2.463810455273471312e-01, 2.532110971147368828e-01
3.831736136305177731e-01, 1.172593618508715602e-01, 2.463478599275806813e-01, 2.532191645910299993e-01
3.832045353139414412e-01, 1.172535342223399862e-01, 2.463146696773318989e-01, 2.532272607863865765e-01
3.832354204503951034e-01, 1.172477190792554497e-01, 2.462814747853249719e-01, 2.532353856850244611e-01
3.832662690397838912e-01, 1.172419164287928361e-01, 2.462482752602906388e-01, 2.532435392711324673e-01
3.832970810820374719e-01, 1.172361262781254632e-01, 2.462150711109662438e-01, 2.532517215288708767e-01
3.833278565771090496e-01, 1.172303486344248302e-01, 2.461818623460955702e-01, 2.532599324423704945e-01
3.833585955249761423e-01, 1.172245835048609797e-01, 2.461486489744290629e-01, 2.532681719957338706e-01
3.833892979256396938e-01, 1.172188308966021636e-01, 2.461154310047238836e-01, 2.532764401730341897e-01
3.834199637791254611e-01, 1.172130908168149549e-01, 2.460822084457434111e-01, 2.532847369583160480e-01
3.834505930854822942e-01, 1.172073632726643860e-01, 2.460489813062581854e-01, 2.532930623355950650e-01
3.834811858447835786e-01, 1.172016482713137270e-01, 2.460157495950446305e-01, 2.533014162888581056e-01
3.835117420571261815e-01, 1.171959458199246379e-01, 2.459825133208862480e-01, 2.533097988020629465e-01
3.835422617226312281e-01, 1.171902559256571275e-01, 2.459492724925729790e-01, 2.533182098591387210e-01
3.835727448414436580e-01, 1.171845785956695390e-01, 2.459160271189012870e-01, 2.533266494439855854e-01
3.836031914137322252e-01, 1.171789138371185646e-01, 2.458827772086742691e-01, 2.533351175404749411e-01
3.836336014396898308e-01, 1.171732616571592861e-01, 2.458495227707016839e-01, 2.533436141324492685e-01
3.836639749195328575e-01, 1.171676220629450649e-01, 2.458162638137997291e-01, 2.533521392037222375e-01
3.836943118535022235e-01, 1.171619950616276939e-01, 2.457830003467913194e-01, 2.533606927380788187e-01
3.837246122418619954e-01, 1.171563806603572594e-01, 2.457497323785059196e-01, 2.533692747192748951e-01
3.837548760849006646e-01, 1.171507788662822513e-01, 2.457164599177794340e-01, 2.533778851310375946e-01
3.837851033829304814e-01, 1.171451896865494946e-01, 2.456831829734546224e-01, 2.533865239570654571e-01
3.838152941362872883e-01, 1.171396131283042041e-01, 2.456499015543806563e-01, 2.533951911810278790e-01
3.838454483453310750e-01, 1.171340491986898880e-01, 2.456166156694133129e-01, 2.534038867865656686e-01
3.838755660104457013e-01, 1.171284979048484581e-01, 2.455833253274151140e-01, 2.534126107572907682e-01
3.839056471320386188e-01, 1.171229592539202169e-01, 2.455500305372549097e-01, 2.534213630767863101e-01
3.839356917105412603e-01, 1.171174332530438150e-01, 2.455167313078083224e-01, 2.534301437286065606e-01
3.839656997464089838e-01, 1.171119199093562241e-01, 2.454834276479575805e-01, 2.534389526962771977e-01
3.839956712401207950e-01, 1.171064192299928614e-01, 2.454501195665914903e-01, 2.534477899632948672e-01
3.840256061921796249e-01, 1.171009312220874371e-01, 2.454168070726053530e-01, 2.534566555131275156e-01
3.840555046031121633e-01, 1.170954558927721073e-01, 2.453834901749012143e-01, 2.534655493292145012e-01
3.840853664734690809e-01, 1.170899932491773487e-01, 2.453501688823875315e-01, 2.534744713949660944e-01
3.841151918038244184e-01, 1.170845432984320422e-01, 2.453168432039795344e-01, 2.534834216937639217e-01
3.841449805947765306e-01, 1.170791060476634310e-01, 2.452835131485991416e-01, 2.534924002089610773e-01
3.841747328469470313e-01, 1.170736815039970791e-01, 2.452501787251744891e-01, 2.535014069238814560e-01
3.842044485609817372e-01, 1.170682696745570933e-01, 2.452168399426406797e-01, 2.535104418218205313e-01
3.842341277375500574e-01, 1.170628705664657210e-01, 2.451834968099391998e-01, 2.535195048860450218e-01
3.842637703773451041e-01, 1.170574841868437937e-01, 2.451501493360184192e-01, 2.535285960997927246e-01
3.842933764810837483e-01, 1.170521105428105058e-01, 2.451167975298329249e-01, 2.535377154462727933e-01
3.843229460495068972e-01, 1.170467496414832748e-01, 2.450834414003441597e-01, 2.535468629086657377e-01
3.843524790833786065e-01, 1.170414014899780614e-01, 2.450500809565201443e-01, 2.535560384701230907e-01
3.843819755834873009e-01, 1.170360660954092163e-01, 2.450167162073355887e-01, 2.535652421137679635e-01
3.844114355506445535e-01, 1.170307434648893696e-01, 2.449833471617714753e-01, 2.535744738226944905e-01
3.844408589856861957e-01, 1.170254336055296107e-01, 2.449499738288158091e-01, 2.535837335799683845e-01
3.844702458894713737e-01, 1.170201365244394193e-01, 2.449165962174629507e-01, 2.535930213686263257e-01
3.844995962628829922e-01, 1.170148522287266235e-01, 2.448832143367138947e-01, 2.536023371716765173e-01
3.845289101068277704e-01, 1.170095807254975667e-01, 2.448498281955763800e-01, 2.536116809720983523e-01
3.845581874222360197e-01, 1.170043220218568020e-01, 2.448164378030645016e-01, 2.536210527528426906e-01
3.845874282100616992e-01, 1.169990761249074945e-01, 2.447830431681993490e-01, 2.536304524968313601e-01
3.846166324712826379e-01, 1.169938430417510611e-01, 2.447496443000083399e-01, 2.536398801869580444e-01
3.846458002069000903e-01, 1.169886227794872807e-01, 2.447162412075254700e-01, 2.536493358060872283e-01
3.846749314179389589e-01, 1.169834153452144199e-01, 2.446828338997915908e-01, 2.536588193370550859e-01
3.847040261054480714e-01, 1.169782207460292323e-01, 2.446494223858539097e-01, 2.536683307626688144e-01
3.847330842704995146e-01, 1.169730389890267230e-01, 2.446160066747664341e-01, 2.536778700657073005e-01
3.847621059141892452e-01, 1.169678700813003708e-01, 2.445825867755896943e-01, 2.536874372289206758e-01
3.847910910376368121e-01, 1.169627140299420165e-01, 2.445491626973909094e-01, 2.536970322350300955e-01
3.848200396419854119e-01, 1.169575708420420301e-01, 2.445157344492439044e-01, 2.537066550667285703e-01
3.848489517284017225e-01, 1.169524405246890469e-01, 2.444823020402290825e-01, 2.537163057066801897e-01
3.848778272980759585e-01, 1.169473230849702033e-01, 2.444488654794333971e-01, 2.537259841375203440e-01
3.849066663522220932e-01, 1.169422185299710260e-01, 2.444154247759506848e-01, 2.537356903418562237e-01
3.849354688920778589e-01, 1.169371268667754316e-01, 2.443819799388810277e-01, 2.537454243022657097e-01
3.849642349189040802e-01, 1.169320481024657826e-01, 2.443485309773313907e-01, 2.537551860012987048e-01
3.849929644339854518e-01, 1.169269822441228873e-01, 2.443150779004154283e-01, 2.537649754214761910e-01
3.850216574386302049e-01, 1.169219292988259162e-01, 2.442816207172531506e-01, 2.537747925452906728e-01
3.850503139341701631e-01, 1.169168892736524995e-01, 2.442481594369714237e-01, 2.537846373552059553e-01
3.850789339219604646e-01, 1.169118621756787130e-01, 2.442146940687035250e-01, 2.537945098336573668e-01
3.851075174033800619e-01, 1.169068480119788978e-01, 2.441812246215896154e-01, 2.538044099630514805e-01
3.851360643798311112e-01, 1.169018467896260766e-01, 2.441477511047762394e-01, 2.538143377257665589e-01
3.851645748527397495e-01, 1.168968585156915235e-01, 2.441142735274168529e-01, 2.538242931041519990e-01
3.851930488235550398e-01, 1.168918831972450278e-01, 2.440807918986711567e-01, 2.538342760805288312e-01
3.852214862937501372e-01, 1.168869208413546579e-01, 2.440473062277057070e-01, 2.538442866371893869e-01
3.852498872648212336e-01, 1.168819714550871219e-01, 2.440138165236938883e-01, 2.538543247563976868e-01
3.852782517382881133e-01, 1.168770350455074492e-01, 2.439803227958153575e-01, 2.538643904203889967e-01
3.853065797156942640e-01, 1.168721116196791143e-01, 2.439468250532565441e-01, 2.538744836113699943e-01
3.853348711986063768e-01, 1.168672011846640657e-01, 2.439133233052104555e-01, 2.538846043115190465e-01
3.853631261886147907e-01, 1.168623037475225862e-01, 2.438798175608769547e-01, 2.538947525029857655e-01
3.853913446873329374e-01, 1.168574193153135016e-01, 2.438463078294622333e-01, 2.539049281678913417e-01
3.854195266963982847e-01, 1.168525478950940416e-01, 2.438127941201791993e-01, 2.539151312883283773e-01
3.854476722174712267e-01, 1.168476894939198818e-01, 2.437792764422476444e-01, 2.539253618463612749e-01
3.854757812522356386e-01, 1.168428441188452405e-01, 2.437457548048937439e-01, 2.539356198240254603e-01
3.855038538023990435e-01, 1.168380117769225318e-01, 2.437122292173501681e-01, 2.539459052033282149e-01
3.855318898696923346e-01, 1.168331924752028655e-01, 2.436786996888567203e-01, 2.539562179662481212e-01
3.855598894558696088e-01, 1.168283862207356860e-01, 2.436451662286593656e-01, 2.539665580947353951e-01
3.855878525627084441e-01, 1.168235930205689388e-01, 2.436116288460109525e-01, 2.539769255707117201e-01
3.856157791920098998e-01, 1.168188128817489596e-01, 2.435780875501708798e-01, 2.539873203760704135e-01
3.856436693455981835e-01, 1.168140458113205438e-01, 2.435445423504051243e-01, 2.539977424926762040e-01
3.856715230253211502e-01, 1.168092918163270016e-01, 2.435109932559865464e-01, 2.540081919023653434e-01
3.856993402330498033e-01, 1.168045509038100199e-01, 2.434774402761945011e-01, 2.540186685869457173e-01
3.857271209706785164e-01, 1.167998230808098559e-01, 2.434438834203147273e-01, 2.540291725281967339e-01
3.857548652401251998e-01, 1.167951083543651014e-01, 2.434103226976400414e-01, 2.540397037078694908e-01
3.857825730433308009e-01, 1.167904067315129468e-01, 2.433767581174698658e-01, 2.540502621076863865e-01
3.858102443822597483e-01, 1.167857182192889032e-01, 2.433431896891097845e-01, 2.540608477093415085e-01
3.858378792588997297e-01, 1.167810428247269966e-01, 2.433096174218725150e-01, 2.540714604945006894e-01
3.858654776752616922e-01, 1.167763805548597961e-01, 2.432760413250773524e-01, 2.540821004448011733e-01
3.858930396333800639e-01, 1.167717314167182191e-01, 2.432424614080498648e-01, 2.540927675418517273e-01
3.859205651353124211e-01, 1.167670954173316705e-01, 2.432088776801228647e-01, 2.541034617672330298e-01
3.859480541831395439e-01, 1.167624725637281397e-01, 2.431752901506353814e-01, 2.541141831024969489e-01
3.859755067789656935e-01, 1.167578628629339782e-01, 2.431416988289331060e-01, 2.541249315291673749e-01
3.860029229249179461e-01, 1.167532663219740391e-01, 2.431081037243685294e-01, 2.541357070287394437e-01
3.860303026231472479e-01, 1.167486829478716209e-01, 2.430745048463008040e-01, 2.541465095826803133e-01
3.860576458758273044e-01, 1.167441127476485929e-01, 2.430409022040956324e-01, 2.541573391724283870e-01
3.860849526851553026e-01, 1.167395557283252006e-01, 2.430072958071253786e-01, 2.541681957793940350e-01
3.861122230533516331e-01, 1.167350118969202183e-01, 2.429736856647690679e-01, 2.541790793849590946e-01
3.861394569826595569e-01, 1.167304812604509218e-01, 2.429400717864124426e-01, 2.541899899704771482e-01
3.861666544753459829e-01, 1.167259638259329629e-01, 2.429064541814477951e-01, 2.542009275172732452e-01
3.861938155337010237e-01, 1.167214596003806476e-01, 2.428728328592741070e-01, 2.542118920066443466e-01
3.862209401600372738e-01, 1.167169685908066162e-01, 2.428392078292970768e-01, 2.542228834198590470e-01
3.862480283566914196e-01, 1.167124908042220521e-01, 2.428055791009290088e-01, 2.542339017381575750e-01
3.862750801260229072e-01, 1.167080262476366537e-01, 2.427719466835887852e-01, 2.542449469427517372e-01
3.863020954704141086e-01, 1.167035749280585788e-01, 2.427383105867019497e-01, 2.542560190148253074e-01
3.863290743922709325e-01, 1.166991368524945005e-01, 2.427046708197009850e-01, 2.542671179355335265e-01
3.863560168940222694e-01, 1.166947120279495792e-01, 2.426710273920246463e-01, 2.542782436860034356e-01
3.863829229781199914e-01, 1.166903004614274209e-01, 2.426373803131185725e-01, 2.542893962473338765e-01
3.864097926470393962e-01, 1.166859021599302437e-01, 2.426037295924350357e-01, 2.543005756005953244e-01
3.864366259032786521e-01, 1.166815171304586285e-01, 2.425700752394328863e-01, 2.543117817268299441e-01
3.864634227493590757e-01, 1.166771453800117125e-01, 2.425364172635775528e-01, 2.543230146070517006e-01
3.864901831878250205e-01, 1.166727869155871483e-01, 2.425027556743413748e-01, 2.543342742222464148e-01
3.865169072212441548e-01, 1.166684417441811311e-01, 2.424690904812032144e-01, 2.543455605533714858e-01
3.865435948522069065e-01, 1.166641098727882742e-01, 2.424354216936486783e-01, 2.543568735813562243e-01
3.865702460833269072e-01, 1.166597913084017474e-01, 2.424017493211696739e-01, 2.543682132871015189e-01
3.865968609172410475e-01, 1.166554860580132080e-01, 2.423680733732653525e-01, 2.543795796514802809e-01
3.866234393566087557e-01, 1.166511941286128423e-01, 2.423343938594411384e-01, 2.543909726553371109e-01
3.866499814041131633e-01, 1.166469155271893376e-01, 2.423007107892091727e-01, 2.544023922794883541e-01
3.866764870624596062e-01, 1.166426502607299104e-01, 2.422670241720882578e-01, 2.544138385047221562e-01
3.867029563343771792e-01, 1.166383983362202642e-01, 2.422333340176039684e-01, 2.544253113117986298e-01
3.867293892226176255e-01, 1.166341597606445485e-01, 2.421996403352885130e-01, 2.544368106814493546e-01
3.867557857299555590e-01, 1.166299345409856775e-01, 2.421659431346805391e-01, 2.544483365943782105e-01
3.867821458591889638e-01, 1.166257226842247890e-01, 2.421322424253257444e-01, 2.544598890312605999e-01
3.868084696131384170e-01, 1.166215241973416888e-01, 2.420985382167761268e-01, 2.544714679727436146e-01
3.868347569946476994e-01, 1.166173390873147114e-01, 2.420648305185906513e-01, 2.544830733994468130e-01
3.868610080065836287e-01, 1.166131673611206787e-01, 2.420311193403346661e-01, 2.544947052919609987e-01
3.868872226518353941e-01, 1.166090090257350109e-01, 2.419974046915804311e-01, 2.545063636308491084e-01
3.869134009333159985e-01, 1.166048640881314907e-01, 2.419636865819068672e-01, 2.545180483966458240e-01
3.869395428539605386e-01, 1.166007325552825546e-01, 2.419299650208992236e-01, 2.545297595698576831e-01
3.869656484167273702e-01, 1.165966144341591681e-01, 2.418962400181499106e-01, 2.545414971309634677e-01
3.869917176245981638e-01, 1.165925097317308673e-01, 2.418625115832575279e-01, 2.545532610604134827e-01
3.870177504805765167e-01, 1.165884184549655644e-01, 2.418287797258277250e-01, 2.545650513386301106e-01
3.870437469876900072e-01, 1.165843406108298536e-01, 2.417950444554727851e-01, 2.545768679460074790e-01
3.870697071489881402e-01, 1.165802762062887327e-01, 2.417613057818112643e-01, 2.545887108629117934e-01
3.870956309675438467e-01, 1.165762252483059369e-01, 2.417275637144689626e-01, 2.546005800696811705e-01
3.871215184464529280e-01, 1.165721877438436194e-01, 2.416938182630778698e-01, 2.546124755466256384e-01
3.871473695888336120e-01, 1.165681636998623788e-01, 2.416600694372769420e-01, 2.546243972740271921e-01
3.871731843978272192e-01, 1.165641531233214817e-01, 2.416263172467116305e-01, 2.546363452321396825e-01
3.871989628765979408e-01, 1.165601560211787929e-01, 2.415925617010342696e-01, 2.546483194011888718e-01
3.872247050283327274e-01, 1.165561724003905536e-01, 2.415588028099036055e-01, 2.546603197613729885e-01
3.872504108562414005e-01, 1.165522022679117004e-01, 2.415250405829853508e-01, 2.546723462928616177e-01
3.872760803635563742e-01, 1.165482456306956432e-01, 2.414912750299515465e-01, 2.546843989757965887e-01
3.873017135535327671e-01, 1.165443024956943491e-01, 2.414575061604812833e-01, 2.546964777902916421e-01
3.873273104294489011e-01, 1.165403728698583413e-01, 2.414237339842599250e-01, 2.547085827164327632e-01
3.873528709946056359e-01, 1.165364567601367557e-01, 2.413899585109798851e-01, 2.547207137342776817e-01
3.873783952523263685e-01, 1.165325541734771736e-01, 2.413561797503400996e-01, 2.547328708238563166e-01
3.874038832059576443e-01, 1.165286651168258025e-01, 2.413223977120461106e-01, 2.547450539651704426e-01
3.874293348588683239e-01, 1.165247895971273789e-01, 2.412886124058101767e-01, 2.547572631381940789e-01
3.874547502144501943e-01, 1.165209276213253486e-01, 2.412548238413514123e-01, 2.547694983228730448e-01
3.874801292761177463e-01, 1.165170791963614089e-01, 2.412210320283952325e-01, 2.547817594991254597e-01
3.875054720473083414e-01, 1.165132443291761744e-01, 2.411872369766741575e-01, 2.547940466468414100e-01
3.875307785314814901e-01, 1.165094230267084696e-01, 2.411534386959270360e-01, 2.548063597458830043e-01
3.875560487321198511e-01, 1.165056152958960228e-01, 2.411196371958996276e-01, 2.548186987760844846e-01
3.875812826527287314e-01, 1.165018211436748830e-01, 2.410858324863443258e-01, 2.548310637172521154e-01
3.876064802968359202e-01, 1.164980405769797944e-01, 2.410520245770199910e-01, 2.548434545491642389e-01
3.876316416679919108e-01, 1.164942736027440445e-01, 2.410182134776925889e-01, 2.548558712515714975e-01
3.876567667697696229e-01, 1.164905202278994911e-01, 2.409843991981343303e-01, 2.548683138041965557e-01
3.876818556057650134e-01, 1.164867804593765072e-01, 2.409505817481244205e-01, 2.548807821867340451e-01
3.877069081795964101e-01, 1.164830543041041611e-01, 2.409167611374485318e-01, 2.548932763788508971e-01
3.877319244949046784e-01, 1.164793417690100641e-01, 2.408829373758991366e-01, 2.549057963601861210e-01
3.877569045553534433e-01, 1.164756428610202732e-01, 2.408491104732753962e-01, 2.549183421103508596e-01
3.877818483646287007e-01, 1.164719575870596796e-01, 2.408152804393830504e-01, 2.549309136089286110e-01
3.878067559264392616e-01, 1.164682859540515231e-01, 2.407814472840346942e-01, 2.549435108354745627e-01
3.878316272445162527e-01, 1.164646279689176556e-01, 2.407476110170492789e-01, 2.549561337695167018e-01
3.878564623226135599e-01, 1.164609836385787217e-01, 2.407137716482529999e-01, 2.549687823905547601e-01
3.878812611645073849e-01, 1.164573529699536591e-01, 2.406799291874781865e-01, 2.549814566780607694e-01
3.879060237739965222e-01, 1.164537359699602675e-01, 2.406460836445641072e-01, 2.549941566114790059e-01
3.879307501549025261e-01, 1.164501326455147368e-01, 2.406122350293567191e-01, 2.550068821702259902e-01
3.879554403110692662e-01, 1.164465430035319798e-01, 2.405783833517085579e-01, 2.550196333336903209e-01
3.879800942463627056e-01, 1.164429670509253278e-01, 2.405445286214789313e-01, 2.550324100812330075e-01
3.880047119646718445e-01, 1.164394047946069877e-01, 2.405106708485338640e-01, 2.550452123921872483e-01
3.880292934699082208e-01, 1.164358562414875009e-01, 2.404768100427459587e-01, 2.550580402458583751e-01
3.880538387660051325e-01, 1.164323213984761601e-01, 2.404429462139945906e-01, 2.550708936215239642e-01
3.880783478569191369e-01, 1.164288002724807591e-01, 2.404090793721658792e-01, 2.550837724984342803e-01
3.881028207466287183e-01, 1.164252928704077872e-01, 2.403752095271523836e-01, 2.550966768558112219e-01
3.881272574391347874e-01, 1.164217991991623041e-01, 2.403413366888535463e-01, 2.551096066728493206e-01
3.881516579384609589e-01, 1.164183192656479265e-01, 2.403074608671755819e-01, 2.551225619287155744e-01
3.881760222486529410e-01, 1.164148530767668555e-01, 2.402735820720311721e-01, 2.551355426025488926e-01
3.882003503737791461e-01, 1.164114006394201123e-01, 2.402397003133398268e-01, 2.551485486734608732e-01
3.882246423179299688e-01, 1.164079619605070531e-01, 2.402058156010277445e-01, 2.551615801205351364e-01
3.882488980852186189e-01, 1.164045370469258683e-01, 2.401719279450278133e-01, 2.551746369228277689e-01
3.882731176797802886e-01, 1.164011259055731523e-01, 2.401380373552794434e-01, 2.551877190593672129e-01
3.882973011057725410e-01, 1.163977285433442921e-01, 2.401041438417289564e-01, 2.552008265091542105e-01
3.883214483673755324e-01, 1.163943449671332037e-01, 2.400702474143292797e-01, 2.552139592511619703e-01
3.883455594687916235e-01, 1.163909751838324569e-01, 2.400363480830400298e-01, 2.552271172643360009e-01
3.883696344142453794e-01, 1.163876192003331783e-01, 2.400024458578274844e-01, 2.552403005275940551e-01
3.883936732079835696e-01, 1.163842770235251900e-01, 2.399685407486646938e-01, 2.552535090198265189e-01
3.884176758542757235e-01, 1.163809486602969123e-01, 2.399346327655312583e-01, 2.552667427198960781e-01
3.884416423574131305e-01, 1.163776341175354334e-01, 2.399007219184136896e-01, 2.552800016066377742e-01
3.884655727217095067e-01, 1.163743334021263703e-01, 2.398668082173050498e-01, 2.552932856588591704e-01
3.884894669515008281e-01, 1.163710465209539802e-01, 2.398328916722049231e-01, 2.553065948553401854e-01
3.885133250511455527e-01, 1.163677734809012709e-01, 2.397989722931200274e-01, 2.553199291748332045e-01
3.885371470250238990e-01, 1.163645142888496964e-01, 2.397650500900633808e-01, 2.553332885960630794e-01
3.885609328775386229e-01, 1.163612689516795584e-01, 2.397311250730548016e-01, 2.553466730977270727e-01
3.885846826131145737e-01, 1.163580374762696046e-01, 2.396971972521209082e-01, 2.553600826584949135e-01
3.886083962361989164e-01, 1.163548198694973196e-01, 2.396632666372949527e-01, 2.553735172570089640e-01
3.886320737512607426e-01, 1.163516161382387309e-01, 2.396293332386167929e-01, 2.553869768718837197e-01
3.886557151627915152e-01, 1.163484262893687282e-01, 2.395953970661331700e-01, 2.554004614817067531e-01
3.886793204753049014e-01, 1.163452503297605356e-01, 2.395614581298971535e-01, 2.554139710650374928e-01
3.887028896933364397e-01, 1.163420882662861977e-01, 2.395275164399690015e-01, 2.554275056004083888e-01
3.887264228214440953e-01, 1.163389401058164546e-01, 2.394935720064153006e-01, 2.554410650663240800e-01
3.887499198642079268e-01, 1.163358058552205199e-01, 2.394596248393095206e-01, 2.554546494412620605e-01
3.887733808262296420e-01, 1.163326855213664274e-01, 2.394256749487317093e-01, 2.554682587036720687e-01
3.887968057121338750e-01, 1.163295791111207261e-01, 2.393917223447688258e-01, 2.554818928319767535e-01
3.888201945265665760e-01, 1.163264866313486051e-01, 2.393577670375140465e-01, 2.554955518045708418e-01
3.888435472741959553e-01, 1.163234080889141014e-01, 2.393238090370678472e-01, 2.555092355998220266e-01
3.888668639597127052e-01, 1.163203434906796979e-01, 2.392898483535369492e-01, 2.555229441960706338e-01
3.888901445878291119e-01, 1.163172928435066006e-01, 2.392558849970349566e-01, 2.555366775716292893e-01
3.889133891632794993e-01, 1.163142561542547110e-01, 2.392219189776822463e-01, 2.555504357047834740e-01
3.889365976908206735e-01, 1.163112334297825290e-01, 2.391879503056057177e-01, 2.555642185737911354e-01
3.889597701752307013e-01, 1.163082246769472361e-01, 2.391539789909389868e-01, 2.555780261568829648e-01
3.889829066213104092e-01, 1.163052299026047370e-01, 2.391200050438225810e-01, 2.555918584322623976e-01
3.890060070338821618e-01, 1.163022491136094239e-01, 2.390860284744034114e-01, 2.556057153781051139e-01
3.890290714177903064e-01, 1.162992823168145784e-01, 2.390520492928352447e-01, 2.556195969725598149e-01
3.890520997779015056e-01, 1.162963295190720253e-01, 2.390180675092786755e-01, 2.556335031937478353e-01
3.890750921191037937e-01, 1.162933907272322431e-01, 2.389840831339007654e-01, 2.556474340197632533e-01
3.890980484463077982e-01, 1.162904659481444197e-01, 2.389500961768753207e-01, 2.556613894286725031e-01
3.891209687644454074e-01, 1.162875551886563830e-01, 2.389161066483829476e-01, 2.556753693985150955e-01
3.891438530784711580e-01, 1.162846584556146839e-01, 2.388821145586110528e-01, 2.556893739073031191e-01
3.891667013933605146e-01, 1.162817757558645276e-01, 2.388481199177534264e-01, 2.557034029330214064e-01
3.891895137141120342e-01, 1.162789070962498283e-01, 2.388141227360106589e-01, 2.557174564536274786e-01
3.892122900457451462e-01, 1.162760524836130432e-01, 2.387801230235903072e-01, 2.557315344470516560e-01
3.892350303933014288e-01, 1.162732119247954082e-01, 2.387461207907062288e-01, 2.557456368911968370e-01
3.892577347618445538e-01, 1.162703854266368825e-01, 2.387121160475792758e-01, 2.557597637639392185e-01
3.892804031564598422e-01, 1.162675729959760373e-01, 2.386781088044369337e-01, 2.557739150431271868e-01
3.893030355822544863e-01, 1.162647746396501813e-01, 2.386440990715132660e-01, 2.557880907065821496e-01
3.893256320443573282e-01, 1.162619903644951935e-01, 2.386100868590491364e-01, 2.558022907320983697e-01
3.893481925479192474e-01, 1.162592201773458150e-01, 2.385760721772921256e-01, 2.558165150974427982e-01
3.893707170981128840e-01, 1.162564640850353298e-01, 2.385420550364963366e-01, 2.558307637803554080e-01
3.893932057001323610e-01, 1.162537220943957728e-01, 2.385080354469229780e-01, 2.558450367585489160e-01
3.894156583591939502e-01, 1.162509942122578604e-01, 2.384740134188395311e-01, 2.558593340097087832e-01
3.894380750805352953e-01, 1.162482804454509772e-01, 2.384399889625203051e-01, 2.558736555114933808e-01
3.894604558694162999e-01, 1.162455808008032859e-01, 2.384059620882463815e-01, 2.558880012415339911e-01
3.894828007311179618e-01, 1.162428952851415620e-01, 2.383719328063056697e-01, 2.559023711774348619e-01
3.895051096709433169e-01, 1.162402239052913178e-01, 2.383379011269924075e-01, 2.559167652967728745e-01
3.895273826942173834e-01, 1.162375666680767333e-01, 2.383038670606079101e-01, 2.559311835770980426e-01
3.895496198062861071e-01, 1.162349235803207537e-01, 2.382698306174597935e-01, 2.559456259959332347e-01
3.895718210125179159e-01, 1.162322946488449499e-01, 2.382357918078628900e-01, 2.559600925307742858e-01
3.895939863183022212e-01, 1.162296798804696302e-01, 2.382017506421383324e-01, 2.559745831590898857e-01
3.896161157290505828e-01, 1.162270792820138121e-01, 2.381677071306139426e-01, 2.559890978583216348e-01
3.896382092501959882e-01, 1.162244928602952365e-01, 2.381336612836245092e-01, 2.560036366058842661e-01
3.896602668871929631e-01, 1.162219206221303536e-01, 2.380996131115114545e-01, 2.560181993791652566e-01
3.896822886455176826e-01, 1.162193625743342534e-01, 2.380655626246226120e-01, 2.560327861555253270e-01
3.897042745306681932e-01, 1.162168187237209022e-01, 2.380315098333130042e-01, 2.560473969122979976e-01
3.897262245481636911e-01, 1.162142890771026837e-01, 2.379974547479437874e-01, 2.560620316267897545e-01
3.897481387035451328e-01, 1.162117736412910524e-01, 2.379633973788833623e-01, 2.560766902762803277e-01
3.897700170023751798e-01, 1.162092724230959911e-01, 2.379293377365065965e-01, 2.560913728380224130e-01
3.897918594502376433e-01, 1.162067854293260954e-01, 2.378952758311948246e-01, 2.561060792892413951e-01
3.898136660527383723e-01, 1.162043126667889753e-01, 2.378612116733365145e-01, 2.561208096071362350e-01
3.898354368155041993e-01, 1.162018541422907419e-01, 2.378271452733264624e-01, 2.561355637688785825e-01
3.898571717441838280e-01, 1.161994098626362298e-01, 2.377930766415665143e-01, 2.561503417516134418e-01
3.898788708444474449e-01, 1.161969798346291355e-01, 2.377590057884649000e-01, 2.561651435324585613e-01
3.899005341219864418e-01, 1.161945640650716566e-01, 2.377249327244367327e-01, 2.561799690885051550e-01
3.899221615825138598e-01, 1.161921625607650749e-01, 2.376908574599037594e-01, 2.561948183968172921e-01
3.899437532317641675e-01, 1.161897753285090346e-01, 2.376567800052945267e-01, 2.562096914344322851e-01
3.899653090754933715e-01, 1.161874023751021529e-01, 2.376227003710441044e-01, 2.562245881783605239e-01
3.899868291194786285e-01, 1.161850437073415898e-01, 2.375886185675943896e-01, 2.562395086055855309e-01
3.900083133695185778e-01, 1.161826993320234647e-01, 2.375545346053939133e-01, 2.562544526930640720e-01
3.900297618314336745e-01, 1.161803692559424256e-01, 2.375204484948979788e-01, 2.562694204177259905e-01
3.900511745110651352e-01, 1.161780534858920105e-01, 2.374863602465686063e-01, 2.562844117564742619e-01
3.900725514142758255e-01, 1.161757520286643836e-01, 2.374522698708744495e-01, 2.562994266861854387e-01
3.900938925469500940e-01, 1.161734648910504875e-01, 2.374181773782908511e-01, 2.563144651837085952e-01
3.901151979149933835e-01, 1.161711920798400854e-01, 2.373840827792999264e-01, 2.563295272258666602e-01
3.901364675243325641e-01, 1.161689336018215668e-01, 2.373499860843903408e-01, 2.563446127894554172e-01
3.901577013809158223e-01, 1.161666894637821412e-01, 2.373158873040577266e-01, 2.563597218512441156e-01
3.901788994907128827e-01, 1.161644596725077555e-01, 2.372817864488042383e-01, 2.563748543879751929e-01
3.902000618597141202e-01, 1.161622442347830242e-01, 2.372476835291386366e-01, 2.563900103763641081e-01
3.902211884939318365e-01, 1.161600431573914793e-01, 2.372135785555766208e-01, 2.564051897931000079e-01
3.902422793993993166e-01, 1.161578564471152375e-01, 2.371794715386404684e-01, 2.564203926148450052e-01
3.902633345821709399e-01, 1.161556841107352633e-01, 2.371453624888590350e-01, 2.564356188182347340e-01
3.902843540483226792e-01, 1.161535261550312448e-01, 2.371112514167680319e-01, 2.564508683798779609e-01
3.903053378039514354e-01, 1.161513825867816069e-01, 2.370771383329100535e-01, 2.564661412763569182e-01
3.903262858551753145e-01, 1.161492534127635951e-01, 2.370430232478339672e-01, 2.564814374842271372e-01
3.903471982081336833e-01, 1.161471386397531780e-01, 2.370089061720954959e-01, 2.564967569800175040e-01
3.903680748689874469e-01, 1.161450382745250892e-01, 2.369747871162573294e-01, 2.565120997402303149e-01
3.903889158439178275e-01, 1.161429523238527439e-01, 2.369406660908885409e-01, 2.565274657413408876e-01
3.904097211391278632e-01, 1.161408807945084887e-01, 2.369065431065650040e-01, 2.565428549597985053e-01
3.904304907608416864e-01, 1.161388236932633516e-01, 2.368724181738694201e-01, 2.565582673720256390e-01
3.904512247153043014e-01, 1.161367810268870149e-01, 2.368382913033909021e-01, 2.565737029544177816e-01
3.904719230087819182e-01, 1.161347528021482167e-01, 2.368041625057253352e-01, 2.565891616833444466e-01
3.904925856475618406e-01, 1.161327390258141412e-01, 2.367700317914758490e-01, 2.566046435351483357e-01
3.905132126379523561e-01, 1.161307397046509732e-01, 2.367358991712513461e-01, 2.566201484861453386e-01
3.905338039862830679e-01, 1.161287548454235236e-01, 2.367017646556682231e-01, 2.566356765126252548e-01
3.905543596989043409e-01, 1.161267844548954375e-01, 2.366676282553490107e-01, 2.566512275908511831e-01
3.905748797821878560e-01, 1.161248285398292779e-01, 2.366334899809233450e-01, 2.566668016970596322e-01
3.905953642425259997e-01, 1.161228871069860530e-01, 2.365993498430273845e-01, 2.566823988074606877e-01
3.906158130863322531e-01, 1.161209601631259386e-01, 2.365652078523039215e-01, 2.566980188982379008e-01
3.906362263200413576e-01, 1.161190477150075978e-01, 2.365310640194025482e-01, 2.567136619455484547e-01
3.906566039501088161e-01, 1.161171497693886390e-01, 2.364969183549796850e-01, 2.567293279255229987e-01
3.906769459830108926e-01, 1.161152663330253382e-01, 2.364627708696980524e-01, 2.567450168142657585e-01
3.906972524252452228e-01, 1.161133974126728474e-01, 2.364286215742275044e-01, 2.567607285878545365e-01
3.907175232833300371e-01, 1.161115430150850975e-01, 2.363944704792443618e-01, 2.567764632223405452e-01
3.907377585638047157e-01, 1.161097031470147700e-01, 2.363603175954315794e-01, 2.567922206937488516e-01
3.907579582732294554e-01, 1.161078778152133811e-01, 2.363261629334791614e-01, 2.568080009780779882e-01
3.907781224181852697e-01, 1.161060670264311423e-01, 2.362920065040833850e-01, 2.568238040513002862e-01
3.907982510052739888e-01, 1.161042707874172381e-01, 2.362578483179471889e-01, 2.568396298893614316e-01
3.908183440411187037e-01, 1.161024891049194790e-01, 2.362236883857808944e-01, 2.568554784681809644e-01
3.908384015323629890e-01, 1.161007219856845379e-01, 2.361895267183006519e-01, 2.568713497636518350e-01
3.908584234856711803e-01, 1.160989694364578523e-01, 2.361553633262299112e-01, 2.568872437516410145e-01
3.908784099077287078e-01, 1.160972314639837633e-01, 2.361211982202986170e-01, 2.569031604079889397e-01
3.908983608052417069e-01, 1.160955080750052798e-01, 2.360870314112432644e-01, 2.569190997085096795e-01
3.909182761849371301e-01, 1.160937992762643561e-01, 2.360528629098072317e-01, 2.569350616289913236e-01
3.909381560535625799e-01, 1.160921050745015864e-01, 2.360186927267405033e-01, 2.569510461451953165e-01
3.909580004178865309e-01, 1.160904254764564825e-01, 2.359845208727999744e-01, 2.569670532328570678e-01
3.909778092846979969e-01, 1.160887604888673347e-01, 2.359503473587488964e-01, 2.569830828676858414e-01
3.909975826608071414e-01, 1.160871101184712123e-01, 2.359161721953573765e-01, 2.569991350253642004e-01
3.910173205530446117e-01, 1.160854743720041160e-01, 2.358819953934023217e-01, 2.570152096815490061e-01
3.910370229682615939e-01, 1.160838532562007142e-01, 2.358478169636671062e-01, 2.570313068118705857e-01
3.910566899133301466e-01, 1.160822467777945094e-01, 2.358136369169420432e-01, 2.570474263919333424e-01
3.910763213951430339e-01, 1.160806549435178942e-01, 2.357794552640239405e-01, 2.570635683973151453e-01
3.910959174206135036e-01, 1.160790777601020535e-01, 2.357452720157162673e-01, 2.570797328035681617e-01
3.911154779966756756e-01, 1.160775152342769234e-01, 2.357110871828295429e-01, 2.570959195862179691e-01
3.911350031302840424e-01, 1.160759673727713576e-01, 2.356769007761805035e-01, 2.571121287207640549e-01
3.911544928284139133e-01, 1.160744341823129605e-01, 2.356427128065929910e-01, 2.571283601826800935e-01
3.911739470980610811e-01, 1.160729156696282405e-01, 2.356085232848971756e-01, 2.571446139474134474e-01
3.911933659462420443e-01, 1.160714118414423457e-01, 2.355743322219302216e-01, 2.571608899903852774e-01
3.912127493799937850e-01, 1.160699227044795223e-01, 2.355401396285357885e-01, 2.571771882869908765e-01
3.912320974063737689e-01, 1.160684482654626704e-01, 2.355059455155643633e-01, 2.571935088125992808e-01
3.912514100324599453e-01, 1.160669885311134270e-01, 2.354717498938729558e-01, 2.572098515425536580e-01
3.912706872653512469e-01, 1.160655435081524856e-01, 2.354375527743254592e-01, 2.572262164521708638e-01
3.912899291121664236e-01, 1.160641132032992351e-01, 2.354033541677923447e-01, 2.572426035167419966e-01
3.913091355800452087e-01, 1.160626976232719404e-01, 2.353691540851507447e-01, 2.572590127115320091e-01
3.913283066761479301e-01, 1.160612967747877283e-01, 2.353349525372845086e-01, 2.572754440117798191e-01
3.913474424076547331e-01, 1.160599106645624906e-01, 2.353007495350843969e-01, 2.572918973926984765e-01
3.913665427817667464e-01, 1.160585392993109671e-01, 2.352665450894474153e-01, 2.573083728294749406e-01
3.913856078057053600e-01, 1.160571826857467043e-01, 2.352323392112776190e-01, 2.573248702972703028e-01
3.914046374867125033e-01, 1.160558408305822631e-01, 2.351981319114855584e-01, 2.573413897712195642e-01
3.914236318320504227e-01, 1.160545137405288724e-01, 2.351639232009886671e-01, 2.573579312264320795e-01
3.914425908490014594e-01, 1.160532014222966368e-01, 2.351297130907109012e-01, 2.573744946379908916e-01
3.914615145448689382e-01, 1.160519038825945648e-01, 2.350955015915830171e-01, 2.573910799809535632e-01
3.914804029269760011e-01, 1.160506211281304850e-01, 2.350612887145420438e-01, 2.574076872303514563e-01
3.914992560026664403e-01, 1.160493531656110328e-01, 2.350270744705325321e-01, 2.574243163611899532e-01
3.915180737793042542e-01, 1.160481000017417330e-01, 2.349928588705049171e-01, 2.574409673484491234e-01
3.915368562642736472e-01, 1.160468616432269312e-01, 2.349586419254167391e-01, 2.574576401670827241e-01
3.915556034649794181e-01, 1.160456380967699319e-01, 2.349244236462320612e-01, 2.574743347920187553e-01
3.915743153888461836e-01, 1.160444293690727213e-01, 2.348902040439216632e-01, 2.574910511981594041e-01
3.915929920433193767e-01, 1.160432354668362309e-01, 2.348559831294631250e-01, 2.575077893603812673e-01
3.916116334358642481e-01, 1.160420563967602819e-01, 2.348217609138405770e-01, 2.575245492535347958e-01
3.916302395739665876e-01, 1.160408921655435299e-01, 2.347875374080448663e-01, 2.575413308524450162e-01
3.916488104651321134e-01, 1.160397427798834785e-01, 2.347533126230734457e-01, 2.575581341319110318e-01
3.916673461168867498e-01, 1.160386082464764379e-01, 2.347190865699307349e-01, 2.575749590667061328e-01
3.916858465367769604e-01, 1.160374885720177052e-01, 2.346848592596273431e-01, 2.575918056315778526e-01
3.917043117323690815e-01, 1.160363837632013007e-01, 2.346506307031811511e-01, 2.576086738012483002e-01
3.917227417112497667e-01, 1.160352938267202733e-01, 2.346164009116163129e-01, 2.576255635504136610e-01
3.917411364810254870e-01, 1.160342187692664090e-01, 2.345821698959636714e-01, 2.576424748537444742e-01
3.917594960493232525e-01, 1.160331585975304253e-01, 2.345479376672609806e-01, 2.576594076858854110e-01
3.917778204237900019e-01, 1.160321133182017905e-01, 2.345137042365524338e-01, 2.576763620214558848e-01
3.917961096120925468e-01, 1.160310829379690295e-01, 2.344794696148891078e-01, 2.576933378350494408e-01
3.918143636219181825e-01, 1.160300674635193763e-01, 2.344452338133286295e-01, 2.577103351012338672e-01
3.918325824609739105e-01, 1.160290669015391629e-01, 2.344109968429352875e-01, 2.577273537945515836e-01
3.918507661369871609e-01, 1.160280812587133198e-01, 2.343767587147802534e-01, 2.577443938895193631e-01
3.918689146577049032e-01, 1.160271105417258058e-01, 2.343425194399409439e-01, 2.577614553606283332e-01
3.918870280308946463e-01, 1.160261547572594421e-01, 2.343082790295020201e-01, 2.577785381823438637e-01
3.919051062643434946e-01, 1.160252139119958975e-01, 2.342740374945543880e-01, 2.577956423291062893e-01
3.919231493658584808e-01, 1.160242880126158421e-01, 2.342397948461957535e-01, 2.578127677753298541e-01
3.919411573432670104e-01, 1.160233770657986413e-01, 2.342055510955305953e-01, 2.578299144954036559e-01
3.919591302044161951e-01, 1.160224810782226751e-01, 2.341713062536699697e-01, 2.578470824636910907e-01
3.919770679571731309e-01, 1.160216000565651578e-01, 2.341370603317316224e-01, 2.578642716545301861e-01
3.919949706094246200e-01, 1.160207340075022492e-01, 2.341028133408399603e-01, 2.578814820422332121e-01
3.920128381690776154e-01, 1.160198829377088459e-01, 2.340685652921260240e-01, 2.578987136010874037e-01
3.920306706440589983e-01, 1.160190468538590119e-01, 2.340343161967276819e-01, 2.579159663053543494e-01
3.920484680423152457e-01, 1.160182257626254099e-01, 2.340000660657892972e-01, 2.579332401292700472e-01
3.920662303718130404e-01, 1.160174196706796612e-01, 2.339658149104620055e-01, 2.579505350470452929e-01
3.920839576405384386e-01, 1.160166285846925133e-01, 2.339315627419036037e-01, 2.579678510328653473e-01
3.921016498564978137e-01, 1.160158525113333117e-01, 2.338973095712785777e-01, 2.579851880608903247e-01
3.921193070277169679e-01, 1.160150914572704861e-01, 2.338630554097578806e-01, 2.580025461052546376e-01
3.921369291622416320e-01, 1.160143454291712728e-01, 2.338288002685195432e-01, 2.580199251400675520e-01
3.921545162681374097e-01, 1.160136144337017977e-01, 2.337945441587478967e-01, 2.580373251394128542e-01
3.921720683534894447e-01, 1.160128984775272154e-01, 2.337602870916341002e-01, 2.580547460773491286e-01
3.921895854264029202e-01, 1.160121975673114314e-01, 2.337260290783759742e-01, 2.580721879279098130e-01
3.922070674950022262e-01, 1.160115117097173520e-01, 2.336917701301778894e-01, 2.580896506651025324e-01
3.922245145674320699e-01, 1.160108409114066902e-01, 2.336575102582510166e-01, 2.581071342629100984e-01
3.922419266518564762e-01, 1.160101851790402289e-01, 2.336232494738131882e-01, 2.581246386952900651e-01
3.922593037564593432e-01, 1.160095445192775021e-01, 2.335889877880888976e-01, 2.581421639361743958e-01
3.922766458894437758e-01, 1.160089189387770170e-01, 2.335547252123091611e-01, 2.581597099594700184e-01
3.922939530590333068e-01, 1.160083084441961565e-01, 2.335204617577119057e-01, 2.581772767390587697e-01
3.923112252734702876e-01, 1.160077130421913322e-01, 2.334861974355414149e-01, 2.581948642487970624e-01
3.923284625410172199e-01, 1.160071327394176788e-01, 2.334519322570489108e-01, 2.582124724625162182e-01
3.923456648699560345e-01, 1.160065675425294568e-01, 2.334176662334921104e-01, 2.582301013540224677e-01
3.923628322685880354e-01, 1.160060174581796499e-01, 2.333833993761355030e-01, 2.582477508970967839e-01
3.923799647452344552e-01, 1.160054824930202982e-01, 2.333491316962502671e-01, 2.582654210654951044e-01
3.923970623082356779e-01, 1.160049626537023038e-01, 2.333148632051139371e-01, 2.582831118329481090e-01
3.924141249659520159e-01, 1.160044579468754999e-01, 2.332805939140111529e-01, 2.583008231731614424e-01
3.924311527267629329e-01, 1.160039683791885823e-01, 2.332463238342328271e-01, 2.583185550598157132e-01
3.924481455990675438e-01, 1.160034939572893026e-01, 2.332120529770768114e-01, 2.583363074665662729e-01
3.924651035912846142e-01, 1.160030346878242191e-01, 2.331777813538474797e-01, 2.583540803670437702e-01
3.924820267118520056e-01, 1.160025905774388078e-01, 2.331435089758558121e-01, 2.583718737348534300e-01
3.924989149692271195e-01, 1.160021616327776423e-01, 2.331092358544195609e-01, 2.583896875435756635e-01
3.925157683718870083e-01, 1.160017478604839919e-01, 2.330749620008630563e-01, 2.584075217667658464e-01
3.925325869283280977e-01, 1.160013492672002794e-01, 2.330406874265173733e-01, 2.584253763779543744e-01
3.925493706470657984e-01, 1.160009658595675813e-01, 2.330064121427201651e-01, 2.584432513506464968e-01
3.925661195366353939e-01, 1.160005976442262526e-01, 2.329721361608156627e-01, 2.584611466583228157e-01
3.925828336055910972e-01, 1.160002446278153021e-01, 2.329378594921549250e-01, 2.584790622744386757e-01
3.925995128625069941e-01, 1.159999068169727671e-01, 2.329035821480955615e-01, 2.584969981724246635e-01
3.926161573159759888e-01, 1.159995842183356440e-01, 2.328693041400018149e-01, 2.585149543256864968e-01
3.926327669746105253e-01, 1.159992768385399026e-01, 2.328350254792447560e-01, 2.585329307076049132e-01
3.926493418470423102e-01, 1.159989846842203465e-01, 2.328007461772016728e-01, 2.585509272915357259e-01
3.926658819419222013e-01, 1.159987077620107249e-01, 2.327664662452570699e-01, 2.585689440508099901e-01
3.926823872679206517e-01, 1.159984460785438987e-01, 2.327321856948015855e-01, 2.585869809587337809e-01
3.926988578337269886e-01, 1.159981996404515214e-01, 2.326979045372328803e-01, 2.586050379885886374e-01
3.927152936480498568e-01, 1.159979684543641781e-01, 2.326636227839551929e-01, 2.586231151136308970e-01
3.927316947196172192e-01, 1.159977525269114268e-01, 2.326293404463791736e-01, 2.586412123070923608e-01
3.927480610571759678e-01, 1.159975518647218540e-01, 2.325950575359223560e-01, 2.586593295421799610e-01
3.927643926694926457e-01, 1.159973664744228666e-01, 2.325607740640088239e-01, 2.586774667920758164e-01
3.927806895653523367e-01, 1.159971963626409558e-01, 2.325264900420692393e-01, 2.586956240299375098e-01
3.927969517535598309e-01, 1.159970415360014051e-01, 2.324922054815410921e-01, 2.587138012288975886e-01
3.928131792429387370e-01, 1.159969020011286378e-01, 2.324579203938683947e-01, 2.587319983620642860e-01
3.928293720423316482e-01, 1.159967777646458142e-01, 2.324236347905017652e-01, 2.587502154025205781e-01
3.928455301606006977e-01, 1.159966688331753037e-01, 2.323893486828985944e-01, 2.587684523233253486e-01
3.928616536066265041e-01, 1.159965752133382128e-01, 2.323550620825228230e-01, 2.587867090975125017e-01
3.928777423893091703e-01, 1.159964969117546901e-01, 2.323207750008448313e-01, 2.588049856980912944e-01
3.928937965175676172e-01, 1.159964339350438439e-01, 2.322864874493421050e-01, 2.588232820980463922e-01
3.929098160003398621e-01, 1.159963862898237413e-01, 2.322521994394984024e-01, 2.588415982703380358e-01
3.929258008465829621e-01, 1.159963539827114504e-01, 2.322179109828040600e-01, 2.588599341879014304e-01
3.929417510652729040e-01, 1.159963370203228733e-01, 2.321836220907565196e-01, 2.588782898236476893e-01
3.929576666654046035e-01, 1.159963354092730797e-01, 2.321493327748593016e-01, 2.588966651504630567e-01
3.929735476559918506e-01, 1.159963491561759319e-01, 2.321150430466227821e-01, 2.589150601412094077e-01
3.929893940460675861e-01, 1.159963782676442373e-01, 2.320807529175641926e-01, 2.589334747687239147e-01
3.930052058446835694e-01, 1.159964227502899431e-01, 2.320464623992070929e-01, 2.589519090058193251e-01
3.930209830609104893e-01, 1.159964826107239000e-01, 2.320121715030817322e-01, 2.589703628252840173e-01
3.930367257038375195e-01, 1.159965578555557791e-01, 2.319778802407249374e-01, 2.589888361998816668e-01
3.930524337825733738e-01, 1.159966484913944745e-01, 2.319435886236804745e-01, 2.590073291023516910e-01
3.930681073062450293e-01, 1.159967545248476173e-01, 2.319092966634984376e-01, 2.590258415054088603e-01
3.930837462839985585e-01, 1.159968759625220475e-01, 2.318750043717356657e-01, 2.590443733817438532e-01
3.930993507249987973e-01, 1.159970128110232868e-01, 2.318407117599554090e-01, 2.590629247040224792e-01
3.931149206384293993e-01, 1.159971650769560658e-01, 2.318064188397279124e-01, 2.590814954448865670e-01
3.931304560334927811e-01, 1.159973327669240883e-01, 2.317721256226296933e-01, 2.591000855769533540e-01
3.931459569194100112e-01, 1.159975158875299200e-01, 2.317378321202441527e-01, 2.591186950728158189e-01
3.931614233054210317e-01, 1.159977144453751552e-01, 2.317035383441612417e-01, 2.591373239050425159e-01
3.931768552007843254e-01, 1.159979284470603750e-01, 2.316692443059774897e-01, 2.591559720461777960e-01
3.931922526147772490e-01, 1.159981578991851892e-01, 2.316349500172960041e-01, 2.591746394687415300e-01
3.932076155566957554e-01, 1.159984028083480695e-01, 2.316006554897266367e-01, 2.591933261452296078e-01
3.932229440358544492e-01, 1.159986631811465441e-01, 2.315663607348857622e-01, 2.592120320481132723e-01
3.932382380615866424e-01, 1.159989390241772250e-01, 2.315320657643962776e-01, 2.592307571498398411e-01
3.932534976432442986e-01, 1.159992303440355449e-01, 2.314977705898879912e-01, 2.592495014228321515e-01
3.932687227901979221e-01, 1.159995371473160619e-01, 2.314634752229971226e-01, 2.592682648394890044e-01
3.932839135118363916e-01, 1.159998594406121825e-01, 2.314291796753664976e-01, 2.592870473721848867e-01
3.932990698175676814e-01, 1.160001972305164525e-01, 2.313948839586456585e-01, 2.593058489932702493e-01
3.933141917168178625e-01, 1.160005505236202800e-01, 2.313605880844904761e-01, 2.593246696750712843e-01
3.933292792190319354e-01, 1.160009193265141431e-01, 2.313262920645639820e-01, 2.593435093898899813e-01
3.933443323336729414e-01, 1.160013036457874930e-01, 2.312919959105352308e-01, 2.593623681100042377e-01
3.933593510702228513e-01, 1.160017034880288650e-01, 2.312576996340802715e-01, 2.593812458076680261e-01
3.933743354381818436e-01, 1.160021188598255731e-01, 2.312234032468816758e-01, 2.594001424551108936e-01
3.933892854470686928e-01, 1.160025497677641404e-01, 2.311891067606284822e-01, 2.594190580245386846e-01
3.934042011064206035e-01, 1.160029962184300767e-01, 2.311548101870165017e-01, 2.594379924881329291e-01
3.934190824257932095e-01, 1.160034582184076984e-01, 2.311205135377479569e-01, 2.594569458180511212e-01
3.934339294147605748e-01, 1.160039357742805033e-01, 2.310862168245319537e-01, 2.594759179864269405e-01
3.934487420829150817e-01, 1.160044288926309480e-01, 2.310519200590839539e-01, 2.594949089653699192e-01
3.934635204398675978e-01, 1.160049375800405458e-01, 2.310176232531262475e-01, 2.595139187269655534e-01
3.934782644952473651e-01, 1.160054618430896717e-01, 2.309833264183874801e-01, 2.595329472432755247e-01
3.934929742587016666e-01, 1.160060016883578127e-01, 2.309490295666029869e-01, 2.595519944863374229e-01
3.935076497398964923e-01, 1.160065571224234843e-01, 2.309147327095148750e-01, 2.595710604281651901e-01
3.935222909485159848e-01, 1.160071281518641334e-01, 2.308804358588715522e-01, 2.595901450407483435e-01
3.935368978942625495e-01, 1.160077147832563327e-01, 2.308461390264282265e-01, 2.596092482960530301e-01
3.935514705868566887e-01, 1.160083170231754474e-01, 2.308118422239466005e-01, 2.596283701660212495e-01
3.935660090360375007e-01, 1.160089348781960794e-01, 2.307775454631951495e-01, 2.596475106225712426e-01
3.935805132515621807e-01, 1.160095683548917206e-01, 2.307432487559487044e-01, 2.596666696375974359e-01
3.935949832432060758e-01, 1.160102174598350161e-01, 2.307089521139887578e-01, 2.596858471829702197e-01
3.936094190207626298e-01, 1.160108821995973760e-01, 2.306746555491035189e-01, 2.597050432305365031e-01
3.936238205940434942e-01, 1.160115625807495304e-01, 2.306403590730877473e-01, 2.597242577521192142e-01
3.936381879728789168e-01, 1.160122586098609465e-01, 2.306060626977425865e-01, 2.597434907195175779e-01
3.936525211671166313e-01, 1.160129702935002727e-01, 2.305717664348759521e-01, 2.597627421045069496e-01
3.936668201866229122e-01, 1.160136976382351581e-01, 2.305374702963025879e-01, 2.597820118788394250e-01
3.936810850412818530e-01, 1.160144406506322667e-01, 2.305031742938431216e-01, 2.598013000142426754e-01
3.936953157409960324e-01, 1.160151993372572771e-01, 2.304688784393255085e-01, 2.598206064824212236e-01
3.937095122956856819e-01, 1.160159737046748546e-01, 2.304345827445838657e-01, 2.598399312550556672e-01
3.937236747152891292e-01, 1.160167637594487766e-01, 2.304002872214589437e-01, 2.598592743038031228e-01
3.937378030097630766e-01, 1.160175695081416963e-01, 2.303659918817982100e-01, 2.598786356002969478e-01
3.937518971890818231e-01, 1.160183909573154898e-01, 2.303316967374556823e-01, 2.598980151161470187e-01
3.937659572632378757e-01, 1.160192281135309367e-01, 2.302974018002918455e-01, 2.599174128229393976e-01
3.937799832422415602e-01, 1.160200809833478036e-01, 2.302631070821737347e-01, 2.599368286922368876e-01
3.937939751361213547e-01, 1.160209495733250523e-01, 2.302288125949752684e-01, 2.599562626955783107e-01
3.938079329549236118e-01, 1.160218338900205204e-01, 2.301945183505764714e-01, 2.599757148044793409e-01
3.938218567087124478e-01, 1.160227339399911156e-01, 2.301602243608643628e-01, 2.599951849904320600e-01
3.938357464075700753e-01, 1.160236497297928299e-01, 2.301259306377322622e-01, 2.600146732249047909e-01
3.938496020615964155e-01, 1.160245812659806697e-01, 2.300916371930802617e-01, 2.600341794793427641e-01
3.938634236809092637e-01, 1.160255285551085869e-01, 2.300573440388148927e-01, 2.600537037251673400e-01
3.938772112756445121e-01, 1.160264916037297422e-01, 2.300230511868491534e-01, 2.600732459337767866e-01
3.938909648559553722e-01, 1.160274704183961586e-01, 2.299887586491027869e-01, 2.600928060765456684e-01
3.939046844320133189e-01, 1.160284650056590261e-01, 2.299544664375022252e-01, 2.601123841248254576e-01
3.939183700140073685e-01, 1.160294753720684802e-01, 2.299201745639801175e-01, 2.601319800499439783e-01
3.939320216121445228e-01, 1.160305015241737681e-01, 2.298858830404759412e-01, 2.601515938232057401e-01
3.939456392366492699e-01, 1.160315434685231378e-01, 2.298515918789356127e-01, 2.601712254158919935e-01
3.939592228977639166e-01, 1.160326012116639494e-01, 2.298173010913115710e-01, 2.601908747992605631e-01
3.939727726057484225e-01, 1.160336747601424384e-01, 2.297830106895629998e-01, 2.602105419445461254e-01
3.939862883708806218e-01, 1.160347641205040498e-01, 2.297487206856554942e-01, 2.602302268229597648e-01
3.939997702034558902e-01, 1.160358692992932428e-01, 2.297144310915612275e-01, 2.602499294056897505e-01
3.940132181137870337e-01, 1.160369903030534500e-01, 2.296801419192589511e-01, 2.602696496639005375e-01
3.940266321122050663e-01, 1.160381271383272711e-01, 2.296458531807339110e-01, 2.602893875687338210e-01
3.940400122090578772e-01, 1.160392798116562374e-01, 2.296115648879779592e-01, 2.603091430913078708e-01
3.940533584147116186e-01, 1.160404483295809086e-01, 2.295772770529895535e-01, 2.603289162027178083e-01
3.940666707395495405e-01, 1.160416326986410812e-01, 2.295429896877737019e-01, 2.603487068740356070e-01
3.940799491939727672e-01, 1.160428329253754692e-01, 2.295087028043417132e-01, 2.603685150763100919e-01
3.940931937883995206e-01, 1.160440490163218014e-01, 2.294744164147118348e-01, 2.603883407805667738e-01
3.941064045332662302e-01, 1.160452809780169736e-01, 2.294401305309084482e-01, 2.604081839578084590e-01
3.941195814390260899e-01, 1.160465288169967718e-01, 2.294058451649628461e-01, 2.604280445790142506e-01
3.941327245161501680e-01, 1.160477925397962046e-01, 2.293715603289126770e-01, 2.604479226151408811e-01
3.941458337751270746e-01, 1.160490721529493230e-01, 2.293372760348021400e-01, 2.604678180371214347e-01
3.941589092264625727e-01, 1.160503676629891373e-01, 2.293029922946820121e-01, 2.604877308158662919e-01
3.941719508806799110e-01, 1.160516790764477418e-01, 2.292687091206094818e-01, 2.605076609222626849e-01
3.941849587483198802e-01, 1.160530063998564121e-01, 2.292344265246485657e-01, 2.605276083271750309e-01
3.941979328399406457e-01, 1.160543496397452301e-01, 2.292001445188696085e-01, 2.605475730014444880e-01
3.942108731661174703e-01, 1.160557088026436257e-01, 2.291658631153493664e-01, 2.605675549158894544e-01
3.942237797374433805e-01, 1.160570838950799183e-01, 2.291315823261714513e-01, 2.605875540413053471e-01
3.942366525645281117e-01, 1.160584749235815116e-01, 2.290973021634257201e-01, 2.606075703484647121e-01
3.942494916579993292e-01, 1.160598818946749211e-01, 2.290630226392087465e-01, 2.606276038081170032e-01
3.942622970285016293e-01, 1.160613048148856630e-01, 2.290287437656235159e-01, 2.606476543909891919e-01
3.942750686866970944e-01, 1.160627436907384069e-01, 2.289944655547796470e-01, 2.606677220677849349e-01
3.942878066432647377e-01, 1.160641985287567818e-01, 2.289601880187931149e-01, 2.606878068091852962e-01
3.943005109089011140e-01, 1.160656693354636254e-01, 2.289259111697867222e-01, 2.607079085858486911e-01
3.943131814943197089e-01, 1.160671561173806238e-01, 2.288916350198893501e-01, 2.607280273684102756e-01
3.943258184102513830e-01, 1.160686588810288522e-01, 2.288573595812368744e-01, 2.607481631274829459e-01
3.943384216674442611e-01, 1.160701776329281232e-01, 2.288230848659713323e-01, 2.607683158336564500e-01
3.943509912766630654e-01, 1.160717123795975414e-01, 2.287888108862415892e-01, 2.607884854574978872e-01
3.943635272486903376e-01, 1.160732631275551430e-01, 2.287545376542026720e-01, 2.608086719695519307e-01
3.943760295943252725e-01, 1.160748298833182007e-01, 2.287202651820162969e-01, 2.608288753403402160e-01
3.943884983243843845e-01, 1.160764126534029050e-01, 2.286859934818508688e-01, 2.608490955403618416e-01
3.944009334497011743e-01, 1.160780114443245997e-01, 2.286517225658810104e-01, 2.608693325400931462e-01
3.944133349811260736e-01, 1.160796262625977543e-01, 2.286174524462880886e-01, 2.608895863099880419e-01
3.944257029295266670e-01, 1.160812571147357281e-01, 2.285831831352597987e-01, 2.609098568204777369e-01
3.944380373057875810e-01, 1.160829040072511725e-01, 2.285489146449904974e-01, 2.609301440419707352e-01
3.944503381208103732e-01, 1.160845669466556845e-01, 2.285146469876808695e-01, 2.609504479448531145e-01
3.944626053855134762e-01, 1.160862459394599866e-01, 2.284803801755382335e-01, 2.609707684994884147e-01
3.944748391108323093e-01, 1.160879409921738853e-01, 2.284461142207764028e-01, 2.609911056762173609e-01
3.944870393077193893e-01, 1.160896521113062574e-01, 2.284118491356157687e-01, 2.610114594453586401e-01
3.944992059871439971e-01, 1.160913793033650637e-01, 2.283775849322829676e-01, 2.610318297772079577e-01
3.945113391600922892e-01, 1.160931225748573492e-01, 2.283433216230113805e-01, 2.610522166420390366e-01
3.945234388375672974e-01, 1.160948819322892150e-01, 2.283090592200407998e-01, 2.610726200101027294e-01
3.945355050305888733e-01, 1.160966573821658743e-01, 2.282747977356175129e-01, 2.610930398516276840e-01
3.945475377501938552e-01, 1.160984489309916934e-01, 2.282405371819943296e-01, 2.611134761368201218e-01
3.945595370074356234e-01, 1.161002565852699842e-01, 2.282062775714304437e-01, 2.611339288358638933e-01
3.945715028133846003e-01, 1.161020803515032396e-01, 2.281720189161916823e-01, 2.611543979189204223e-01
3.945834351791278616e-01, 1.161039202361930089e-01, 2.281377612285502843e-01, 2.611748833561287064e-01
3.945953341157693028e-01, 1.161057762458399256e-01, 2.281035045207850387e-01, 2.611953851176057606e-01
3.946071996344292510e-01, 1.161076483869437348e-01, 2.280692488051810629e-01, 2.612159031734458403e-01
3.946190317462451858e-01, 1.161095366660032935e-01, 2.280349940940301634e-01, 2.612364374937212186e-01
3.946308304623709629e-01, 1.161114410895164734e-01, 2.280007403996304194e-01, 2.612569880484819640e-01
3.946425957939772022e-01, 1.161133616639803690e-01, 2.279664877342866824e-01, 2.612775548077556631e-01
3.946543277522511772e-01, 1.161152983958909785e-01, 2.279322361103099381e-01, 2.612981377415479201e-01
3.946660263483967035e-01, 1.161172512917435368e-01, 2.278979855400178611e-01, 2.613187368198418570e-01
3.946776915936344166e-01, 1.161192203580323212e-01, 2.278637360357345931e-01, 2.613393520125987246e-01
3.946893234992012167e-01, 1.161212056012506932e-01, 2.278294876097906596e-01, 2.613599832897574027e-01
3.947009220763508797e-01, 1.161232070278911954e-01, 2.277952402745232197e-01, 2.613806306212348440e-01
3.947124873363533348e-01, 1.161252246444453712e-01, 2.277609940422755663e-01, 2.614012939769255195e-01
3.947240192904956646e-01, 1.161272584574039174e-01, 2.277267489253979593e-01, 2.614219733267024726e-01
3.947355179500807720e-01, 1.161293084732565040e-01, 2.276925049362466535e-01, 2.614426686404159872e-01
3.947469833264285466e-01, 1.161313746984921486e-01, 2.276582620871847040e-01, 2.614633798878946980e-01
3.947584154308749760e-01, 1.161334571395987447e-01, 2.276240203905813553e-01, 2.614841070389449240e-01
3.947698142747727013e-01, 1.161355558030633672e-01, 2.275897798588125409e-01, 2.615048500633513906e-01
3.947811798694907948e-01, 1.161376706953721333e-01, 2.275555405042605783e-01, 2.615256089308763410e-01
3.947925122264146491e-01, 1.161398018230104523e-01, 2.275213023393141965e-01, 2.615463836112607021e-01
3.948038113569461993e-01, 1.161419491924625680e-01, 2.274870653763685635e-01, 2.615671740742227525e-01
3.948150772725032009e-01, 1.161441128102120163e-01, 2.274528296278255091e-01, 2.615879802894592876e-01
3.948263099845205071e-01, 1.161462926827414033e-01, 2.274185951060929134e-01, 2.616088022266451207e-01
3.948375095044489580e-01, 1.161484888165323637e-01, 2.273843618235855957e-01, 2.616296398554331382e-01
3.948486758437553812e-01, 1.161507012180656995e-01, 2.273501297927244258e-01, 2.616504931454544658e-01
3.948598090139233685e-01, 1.161529298938212967e-01, 2.273158990259369905e-01, 2.616713620663183026e-01
3.948709090264525545e-01, 1.161551748502781672e-01, 2.272816695356571215e-01, 2.616922465876120873e-01
3.948819758928588386e-01, 1.161574360939145040e-01, 2.272474413343252564e-01, 2.617131466789014427e-01
3.948930096246742738e-01, 1.161597136312074174e-01, 2.272132144343881055e-01, 2.617340623097302310e-01
3.949040102334470670e-01, 1.161620074686332965e-01, 2.271789888482989850e-01, 2.617549934496206654e-01
3.949149777307419118e-01, 1.161643176126675309e-01, 2.271447645885175948e-01, 2.617759400680730320e-01
3.949259121281393226e-01, 1.161666440697847469e-01, 2.271105416675099076e-01, 2.617969021345660785e-01
3.949368134372360228e-01, 1.161689868464585301e-01, 2.270763200977485297e-01, 2.618178796185568480e-01
3.949476816696449455e-01, 1.161713459491617029e-01, 2.270420998917126176e-01, 2.618388724894807340e-01
3.949585168369950106e-01, 1.161737213843661298e-01, 2.270078810618874343e-01, 2.618598807167514808e-01
3.949693189509312363e-01, 1.161761131585427459e-01, 2.269736636207648484e-01, 2.618809042697611278e-01
3.949800880231147948e-01, 1.161785212781618060e-01, 2.269394475808431677e-01, 2.619019431178803425e-01
3.949908240652226232e-01, 1.161809457496923714e-01, 2.269052329546270286e-01, 2.619229972304580323e-01
3.950015270889480345e-01, 1.161833865796028931e-01, 2.268710197546274787e-01, 2.619440665768215659e-01
3.950121971060000514e-01, 1.161858437743607114e-01, 2.268368079933621995e-01, 2.619651511262768850e-01
3.950228341281038502e-01, 1.161883173404325842e-01, 2.268025976833551727e-01, 2.619862508481084484e-01
3.950334381670002060e-01, 1.161908072842840062e-01, 2.267683888371367085e-01, 2.620073657115790655e-01
3.950440092344462695e-01, 1.161933136123799032e-01, 2.267341814672436118e-01, 2.620284956859302850e-01
3.950545473422148457e-01, 1.161958363311841325e-01, 2.266999755862190158e-01, 2.620496407403820616e-01
3.950650525020946713e-01, 1.161983754471597186e-01, 2.266657712066124930e-01, 2.620708008441330894e-01
3.950755247258901925e-01, 1.162009309667689227e-01, 2.266315683409804160e-01, 2.620919759663605242e-01
3.950859640254221761e-01, 1.162035028964728822e-01, 2.265973670018848474e-01, 2.621131660762202054e-01
3.950963704125264320e-01, 1.162060912427320958e-01, 2.265631672018947329e-01, 2.621343711428467116e-01
3.951067438990553127e-01, 1.162086960120060908e-01, 2.265289689535852635e-01, 2.621555911353532498e-01
3.951170844968766027e-01, 1.162113172107534509e-01, 2.264947722695383192e-01, 2.621768260228316549e-01
3.951273922178736853e-01, 1.162139548454319271e-01, 2.264605771623417474e-01, 2.621980757743525015e-01
3.951376670739462638e-01, 1.162166089224985210e-01, 2.264263836445899181e-01, 2.622193403589653249e-01
3.951479090770090852e-01, 1.162192794484090824e-01, 2.263921917288838903e-01, 2.622406197456980670e-01
3.951581182389927727e-01, 1.162219664296188781e-01, 2.263580014278307184e-01, 2.622619139035576308e-01
3.951682945718440476e-01, 1.162246698725820371e-01, 2.263238127540440903e-01, 2.622832228015298806e-01
3.951784380875246749e-01, 1.162273897837520498e-01, 2.262896257201438832e-01, 2.623045464085793088e-01
3.951885487980124623e-01, 1.162301261695813936e-01, 2.262554403387567470e-01, 2.623258846936494249e-01
3.951986267153007604e-01, 1.162328790365216857e-01, 2.262212566225152988e-01, 2.623472376256623662e-01
3.952086718513981300e-01, 1.162356483910237520e-01, 2.261870745840587893e-01, 2.623686051735193425e-01
3.952186842183293969e-01, 1.162384342395373221e-01, 2.261528942360326588e-01, 2.623899873061007471e-01
3.952286638281340969e-01, 1.162412365885115428e-01, 2.261187155910888980e-01, 2.624113839922653790e-01
3.952386106928682530e-01, 1.162440554443944646e-01, 2.260845386618858532e-01, 2.624327952008514986e-01
3.952485248246023208e-01, 1.162468908136334717e-01, 2.260503634610881163e-01, 2.624542209006761051e-01
3.952584062354232985e-01, 1.162497427026749214e-01, 2.260161900013667180e-01, 2.624756610605351592e-01
3.952682549374326726e-01, 1.162526111179642413e-01, 2.259820182953992673e-01, 2.624971156492039159e-01
3.952780709427480277e-01, 1.162554960659461650e-01, 2.259478483558693407e-01, 2.625185846354364805e-01
3.952878542635020476e-01, 1.162583975530645519e-01, 2.259136801954671203e-01, 2.625400679879661414e-01
3.952976049118431257e-01, 1.162613155857622066e-01, 2.258795138268893665e-01, 2.625615656755052596e-01
3.953073228999346433e-01, 1.162642501704812814e-01, 2.258453492628386683e-01, 2.625830776667454347e-01
3.953170082399554697e-01, 1.162672013136628324e-01, 2.258111865160243314e-01, 2.626046039303572832e-01
3.953266609440999613e-01, 1.162701690217473188e-01, 2.257770255991621011e-01, 2.626261444349906049e-01
3.953362810245775183e-01, 1.162731533011740759e-01, 2.257428665249738564e-01, 2.626476991492744939e-01
3.953458684936130285e-01, 1.162761541583817448e-01, 2.257087093061878325e-01, 2.626692680418172832e-01
3.953554233634467008e-01, 1.162791715998079956e-01, 2.256745539555386759e-01, 2.626908510812064890e-01
3.953649456463336764e-01, 1.162822056318897623e-01, 2.256404004857676671e-01, 2.627124482360089219e-01
3.953744353545446399e-01, 1.162852562610628832e-01, 2.256062489096218038e-01, 2.627340594747705760e-01
3.953838925003653193e-01, 1.162883234937626548e-01, 2.255720992398550784e-01, 2.627556847660170725e-01
3.953933170960964305e-01, 1.162914073364231526e-01, 2.255379514892273396e-01, 2.627773240782529940e-01
3.954027091540543437e-01, 1.162945077954778694e-01, 2.255038056705051253e-01, 2.627989773799626061e-01
3.954120686865703060e-01, 1.162976248773594096e-01, 2.254696617964609684e-01, 2.628206446396094687e-01
3.954213957059903306e-01, 1.163007585884991840e-01, 2.254355198798741189e-01, 2.628423258256362693e-01
3.954306902246760846e-01, 1.163039089353282290e-01, 2.254013799335298218e-01, 2.628640209064657673e-01
3.954399522550040014e-01, 1.163070759242764846e-01, 2.253672419702199559e-01, 2.628857298504995721e-01
3.954491818093656685e-01, 1.163102595617728358e-01, 2.253331060027424226e-01, 2.629074526261190869e-01
3.954583789001676064e-01, 1.163134598542456405e-01, 2.252989720439016186e-01, 2.629291892016850651e-01
3.954675435398313788e-01, 1.163166768081222158e-01, 2.252648401065083517e-01, 2.629509395455381093e-01
3.954766757407934819e-01, 1.163199104298290876e-01, 2.252307102033795638e-01, 2.629727036259978945e-01
3.954857755155054555e-01, 1.163231607257918243e-01, 2.251965823473386918e-01, 2.629944814113640006e-01
3.954948428764337720e-01, 1.163264277024352450e-01, 2.251624565512153064e-01, 2.630162728699156349e-01
3.955038778360597806e-01, 1.163297113661832111e-01, 2.251283328278454177e-01, 2.630380779699115212e-01
3.955128804068798742e-01, 1.163330117234588068e-01, 2.250942111900712805e-01, 2.630598966795900107e-01
3.955218506014049895e-01, 1.163363287806842700e-01, 2.250600916507415616e-01, 2.630817289671692483e-01
3.955307884321611067e-01, 1.163396625442808668e-01, 2.250259742227111170e-01, 2.631035748008468955e-01
3.955396939116891941e-01, 1.163430130206690727e-01, 2.249918589188412699e-01, 2.631254341488005188e-01
3.955485670525447084e-01, 1.163463802162685579e-01, 2.249577457519994494e-01, 2.631473069791874231e-01
3.955574078672979832e-01, 1.163497641374979935e-01, 2.249236347350594412e-01, 2.631691932601444850e-01
3.955662163685344512e-01, 1.163531647907753847e-01, 2.248895258809014419e-01, 2.631910929597887638e-01
3.955749925688538116e-01, 1.163565821825176955e-01, 2.248554192024117826e-01, 2.632130060462166687e-01
3.955837364808707513e-01, 1.163600163191411407e-01, 2.248213147124833167e-01, 2.632349324875047913e-01
3.955924481172145568e-01, 1.163634672070610609e-01, 2.247872124240149760e-01, 2.632568722517094617e-01
3.956011274905291142e-01, 1.163669348526919223e-01, 2.247531123499119932e-01, 2.632788253068669149e-01
3.956097746134731308e-01, 1.163704192624473999e-01, 2.247190145030860953e-01, 2.633007916209934018e-01
3.956183894987199690e-01, 1.163739204427401142e-01, 2.246849188964549493e-01, 2.633227711620849121e-01
3.956269721589575350e-01, 1.163774383999821027e-01, 2.246508255429428835e-01, 2.633447638981175620e-01
3.956355226068880571e-01, 1.163809731405844039e-01, 2.246167344554801659e-01, 2.633667697970474286e-01
3.956440408552286403e-01, 1.163845246709570985e-01, 2.245826456470036425e-01, 2.633887888268105493e-01
3.956525269167108227e-01, 1.163880929975096845e-01, 2.245485591304561823e-01, 2.634108209553231439e-01
3.956609808040808529e-01, 1.163916781266505773e-01, 2.245144749187872601e-01, 2.634328661504813929e-01
3.956694025300991902e-01, 1.163952800647874153e-01, 2.244803930249520407e-01, 2.634549243801613261e-01
3.956777921075408933e-01, 1.163988988183269346e-01, 2.244463134619125444e-01, 2.634769956122197110e-01
3.956861495491953429e-01, 1.164025343936751500e-01, 2.244122362426367867e-01, 2.634990798144927204e-01
3.956944748678666302e-01, 1.164061867972370490e-01, 2.243781613800990837e-01, 2.635211769547973204e-01
3.957027680763730015e-01, 1.164098560354169115e-01, 2.243440888872799410e-01, 2.635432870009301598e-01
3.957110291875471919e-01, 1.164135421146180460e-01, 2.243100187771663034e-01, 2.635654099206684031e-01
3.957192582142362580e-01, 1.164172450412430393e-01, 2.242759510627511943e-01, 2.635875456817695084e-01
3.957274551693016340e-01, 1.164209648216934789e-01, 2.242418857570339374e-01, 2.636096942519708941e-01
3.957356200656190759e-01, 1.164247014623702309e-01, 2.242078228730202405e-01, 2.636318555989905499e-01
3.957437529160786061e-01, 1.164284549696732313e-01, 2.241737624237218063e-01, 2.636540296905265368e-01
3.957518537335844022e-01, 1.164322253500015836e-01, 2.241397044221566937e-01, 2.636762164942573761e-01
3.957599225310551860e-01, 1.164360126097535308e-01, 2.241056488813493175e-01, 2.636984159778419934e-01
3.957679593214236125e-01, 1.164398167553264141e-01, 2.240715958143302267e-01, 2.637206281089196080e-01
3.957759641176366583e-01, 1.164436377931169220e-01, 2.240375452341362983e-01, 2.637428528551100104e-01
3.957839369326556778e-01, 1.164474757295206747e-01, 2.240034971538104047e-01, 2.637650901840131734e-01
3.957918777794558474e-01, 1.164513305709324875e-01, 2.239694515864020241e-01, 2.637873400632097520e-01
3.957997866710264434e-01, 1.164552023237463846e-01, 2.239354085449662968e-01, 2.638096024602607503e-01
3.958076636203712861e-01, 1.164590909943555436e-01, 2.239013680425654407e-01, 2.638318773427077435e-01
3.958155086405080181e-01, 1.164629965891522678e-01, 2.238673300922668918e-01, 2.638541646780728778e-01
3.958233217444681040e-01, 1.164669191145278893e-01, 2.238332947071452472e-01, 2.638764644338587595e-01
3.958311029452976637e-01, 1.164708585768730736e-01, 2.237992619002806272e-01, 2.638987765775486216e-01
3.958388522560563061e-01, 1.164748149825775847e-01, 2.237652316847597578e-01, 2.639211010766064347e-01
3.958465696898178510e-01, 1.164787883380302702e-01, 2.237312040736753882e-01, 2.639434378984765739e-01
3.958542552596699404e-01, 1.164827786496191869e-01, 2.236971790801265680e-01, 2.639657870105842630e-01
3.958619089787146494e-01, 1.164867859237315312e-01, 2.236631567172186752e-01, 2.639881483803352968e-01
3.958695308600672091e-01, 1.164908101667535972e-01, 2.236291369980629162e-01, 2.640105219751162080e-01
3.958771209168575056e-01, 1.164948513850709577e-01, 2.235951199357770758e-01, 2.640329077622943776e-01
3.958846791622289141e-01, 1.164989095850681583e-01, 2.235611055434849614e-01, 2.640553057092178690e-01
3.958922056093387987e-01, 1.165029847731291202e-01, 2.235270938343166258e-01, 2.640777157832155386e-01
3.958997002713581792e-01, 1.165070769556366542e-01, 2.234930848214082832e-01, 2.641001379515968694e-01
3.959071631614720088e-01, 1.165111861389729331e-01, 2.234590785179024208e-01, 2.641225721816525818e-01
3.959145942928792294e-01, 1.165153123295191023e-01, 2.234250749369476319e-01, 2.641450184406539670e-01
3.959219936787923277e-01, 1.165194555336556970e-01, 2.233910740916987270e-01, 2.641674766958532206e-01
3.959293613324375016e-01, 1.165236157577621140e-01, 2.233570759953166507e-01, 2.641899469144836088e-01
3.959366972670549378e-01, 1.165277930082171676e-01, 2.233230806609686758e-01, 2.642124290637593020e-01
3.959440014958981457e-01, 1.165319872913986310e-01, 2.232890881018279872e-01, 2.642349231108751528e-01
3.959512740322347346e-01, 1.165361986136834588e-01, 2.232550983310743198e-01, 2.642574290230074729e-01
3.959585148893456363e-01, 1.165404269814478977e-01, 2.232211113618930987e-01, 2.642799467673134228e-01
3.959657240805254386e-01, 1.165446724010671398e-01, 2.231871272074765211e-01, 2.643024763109307895e-01
3.959729016190828288e-01, 1.165489348789157248e-01, 2.231531458810223634e-01, 2.643250176209790969e-01
3.959800475183393176e-01, 1.165532144213672211e-01, 2.231191673957348687e-01, 2.643475706645586065e-01
3.959871617916304598e-01, 1.165575110347943089e-01, 2.230851917648245253e-01, 2.643701354087506505e-01
3.959942444523053551e-01, 1.165618247255689466e-01, 2.230512190015077056e-01, 2.643927118206179094e-01
3.960012955137264257e-01, 1.165661555000621907e-01, 2.230172491190071382e-01, 2.644152998672041344e-01
3.960083149892697496e-01, 1.165705033646441957e-01, 2.229832821305517687e-01, 2.644378995155343137e-01
3.960153028923247831e-01, 1.165748683256843249e-01, 2.229493180493763993e-01, 2.644605107326146176e-01
3.960222592362943050e-01, 1.165792503895510812e-01, 2.229153568887222159e-01, 2.644831334854323424e-01
3.960291840345949721e-01, 1.165836495626120656e-01, 2.228813986618365106e-01, 2.645057677409564656e-01
3.960360773006563750e-01, 1.165880658512341295e-01, 2.228474433819727096e-01, 2.645284134661368691e-01
3.960429390479215939e-01, 1.165924992617832084e-01, 2.228134910623902898e-01, 2.645510706279048385e-01
3.960497692898473088e-01, 1.165969498006244470e-01, 2.227795417163550840e-01, 2.645737391931732851e-01
3.960565680399031896e-01, 1.166014174741219489e-01, 2.227455953571386704e-01, 2.645964191288361911e-01
3.960633353115723954e-01, 1.166059022886392904e-01, 2.227116519980192888e-01, 2.646191104017689977e-01
3.960700711183514633e-01, 1.166104042505389099e-01, 2.226777116522807576e-01, 2.646418129788288276e-01
3.960767754737500868e-01, 1.166149233661825241e-01, 2.226437743332133901e-01, 2.646645268268539297e-01
3.960834483912910042e-01, 1.166194596419309892e-01, 2.226098400541135502e-01, 2.646872519126644008e-01
3.960900898845105544e-01, 1.166240130841442596e-01, 2.225759088282836806e-01, 2.647099882030615192e-01
3.960966999669580657e-01, 1.166285836991815400e-01, 2.225419806690322744e-01, 2.647327356648281338e-01
3.961032786521959670e-01, 1.166331714934011332e-01, 2.225080555896739587e-01, 2.647554942647289966e-01
3.961098259537998989e-01, 1.166377764731603844e-01, 2.224741336035296613e-01, 2.647782639695100415e-01
3.961163418853588247e-01, 1.166423986448159589e-01, 2.224402147239261385e-01, 2.648010447458991612e-01
3.961228264604743088e-01, 1.166470380147236197e-01, 2.224062989641964194e-01, 2.648238365606055966e-01
3.961292796927616267e-01, 1.166516945892382140e-01, 2.223723863376796117e-01, 2.648466393803205476e-01
3.961357015958485994e-01, 1.166563683747137564e-01, 2.223384768577208459e-01, 2.648694531717167844e-01
3.961420921833763154e-01, 1.166610593775034982e-01, 2.223045705376714698e-01, 2.648922779014486473e-01
3.961484514689988523e-01, 1.166657676039597191e-01, 2.222706673908889097e-01, 2.649151135361525466e-01
3.961547794663832778e-01, 1.166704930604339219e-01, 2.222367674307364482e-01, 2.649379600424464631e-01
3.961610761892094268e-01, 1.166752357532767348e-01, 2.222028706705837242e-01, 2.649608173869302252e-01
3.961673416511703461e-01, 1.166799956888379397e-01, 2.221689771238063160e-01, 2.649836855361855092e-01
3.961735758659716833e-01, 1.166847728734664025e-01, 2.221350868037861026e-01, 2.650065644567758394e-01
3.961797788473324089e-01, 1.166895673135102812e-01, 2.221011997239106806e-01, 2.650294541152466987e-01
3.961859506089840388e-01, 1.166943790153167210e-01, 2.220673158975740025e-01, 2.650523544781253626e-01
3.961920911646706900e-01, 1.166992079852321867e-01, 2.220334353381759052e-01, 2.650752655119211765e-01
3.961982005281500796e-01, 1.167040542296020472e-01, 2.219995580591224982e-01, 2.650981871831253334e-01
3.962042787131920818e-01, 1.167089177547711160e-01, 2.219656840738257753e-01, 2.651211194582112074e-01
3.962103257335791717e-01, 1.167137985670830685e-01, 2.219318133957038364e-01, 2.651440623036339095e-01
3.962163416031073693e-01, 1.167186966728808589e-01, 2.218979460381809155e-01, 2.651670156858308425e-01
3.962223263355847402e-01, 1.167236120785066361e-01, 2.218640820146871862e-01, 2.651899795712213681e-01
3.962282799448321735e-01, 1.167285447903016332e-01, 2.218302213386589561e-01, 2.652129539262071956e-01
3.962342024446834921e-01, 1.167334948146062090e-01, 2.217963640235385558e-01, 2.652359387171717153e-01
3.962400938489848978e-01, 1.167384621577599452e-01, 2.217625100827743945e-01, 2.652589339104808874e-01
3.962459541715951938e-01, 1.167434468261014380e-01, 2.217286595298208207e-01, 2.652819394724825752e-01
3.962517834263861172e-01, 1.167484488259684927e-01, 2.216948123781383451e-01, 2.653049553695071561e-01
3.962575816272416729e-01, 1.167534681636981930e-01, 2.216609686411934177e-01, 2.653279815678669107e-01
3.962633487880584116e-01, 1.167585048456264568e-01, 2.216271283324585117e-01, 2.653510180338565227e-01
3.962690849227456513e-01, 1.167635588780887024e-01, 2.215932914654124009e-01, 2.653740647337533010e-01
3.962747900452250893e-01, 1.167686302674192378e-01, 2.215594580535392988e-01, 2.653971216338161798e-01
3.962804641694310237e-01, 1.167737190199515801e-01, 2.215256281103301639e-01, 2.654201887002872184e-01
3.962861073093099651e-01, 1.167788251420184553e-01, 2.214918016492814223e-01, 2.654432658993901573e-01
3.962917194788209141e-01, 1.167839486399516041e-01, 2.214579786838957454e-01, 2.654663531973316948e-01
3.962973006919354724e-01, 1.167890895200820595e-01, 2.214241592276818271e-01, 2.654894505603007104e-01
3.963028509626375095e-01, 1.167942477887399105e-01, 2.213903432941543015e-01, 2.655125579544684866e-01
3.963083703049232187e-01, 1.167994234522542890e-01, 2.213565308968337142e-01, 2.655356753459888752e-01
3.963138587328012274e-01, 1.168046165169536466e-01, 2.213227220492469116e-01, 2.655588027009981866e-01
3.963193162602924313e-01, 1.168098269891655605e-01, 2.212889167649264577e-01, 2.655819399856154672e-01
3.963247429014301049e-01, 1.168150548752165674e-01, 2.212551150574110781e-01, 2.656050871659422219e-01
3.963301386702595686e-01, 1.168203001814325515e-01, 2.212213169402453550e-01, 2.656282442080625250e-01
3.963355035808386329e-01, 1.168255629141383839e-01, 2.211875224269800322e-01, 2.656514110780429094e-01
3.963408376472370986e-01, 1.168308430796582142e-01, 2.211537315311717100e-01, 2.656745877419329771e-01
3.963461408835372013e-01, 1.168361406843152622e-01, 2.211199442663828729e-01, 2.656977741657646774e-01
3.963514133038331111e-01, 1.168414557344316651e-01, 2.210861606461824169e-01, 2.657209703155528069e-01
3.963566549222315993e-01, 1.168467882363291716e-01, 2.210523806841445393e-01, 2.657441761572947869e-01
3.963618657528508171e-01, 1.168521381963281980e-01, 2.210186043938500433e-01, 2.657673916569709416e-01
3.963670458098216276e-01, 1.168575056207486473e-01, 2.209848317888854219e-01, 2.657906167805443864e-01
3.963721951072867178e-01, 1.168628905159093401e-01, 2.209510628828430523e-01, 2.658138514939609176e-01
3.963773136594009316e-01, 1.168682928881283334e-01, 2.209172976893214180e-01, 2.658370957631492892e-01
3.963824014803309925e-01, 1.168737127437227269e-01, 2.208835362219250531e-01, 2.658603495540211581e-01
3.963874585842558362e-01, 1.168791500890088986e-01, 2.208497784942642095e-01, 2.658836128324711390e-01
3.963924849853661114e-01, 1.168846049303022827e-01, 2.208160245199551064e-01, 2.659068855643765272e-01
3.963974806978647902e-01, 1.168900772739172589e-01, 2.207822743126201803e-01, 2.659301677155977983e-01
3.964024457359662801e-01, 1.168955671261677626e-01, 2.207485278858875299e-01, 2.659534592519783858e-01
3.964073801138973674e-01, 1.169010744933664664e-01, 2.207147852533913324e-01, 2.659767601393447367e-01
3.964122838458964959e-01, 1.169065993818254046e-01, 2.206810464287717599e-01, 2.660000703435063119e-01
3.964171569462139333e-01, 1.169121417978556815e-01, 2.206473114256747581e-01, 2.660233898302556965e-01
3.964219994291118820e-01, 1.169177017477673747e-01, 2.206135802577523508e-01, 2.660467185653684896e-01
3.964268113088641465e-01, 1.169232792378700203e-01, 2.205798529386622797e-01, 2.660700565146035812e-01
3.964315925997567436e-01, 1.169288742744719334e-01, 2.205461294820684759e-01, 2.660934036437029304e-01
3.964363433160869032e-01, 1.169344868638808183e-01, 2.205124099016406158e-01, 2.661167599183915655e-01
3.964410634721640680e-01, 1.169401170124034078e-01, 2.204786942110544545e-01, 2.661401253043780279e-01
3.964457530823090603e-01, 1.169457647263455607e-01, 2.204449824239914646e-01, 2.661634997673538172e-01
3.964504121608546927e-01, 1.169514300120122058e-01, 2.204112745541392526e-01, 2.661868832729938350e-01
3.964550407221449912e-01, 1.169571128757075640e-01, 2.203775706151909486e-01, 2.662102757869563296e-01
3.964596387805362498e-01, 1.169628133237347462e-01, 2.203438706208460662e-01, 2.662336772748828406e-01
3.964642063503956981e-01, 1.169685313623962525e-01, 2.203101745848096982e-01, 2.662570877023982541e-01
3.964687434461026116e-01, 1.169742669979935146e-01, 2.202764825207930155e-01, 2.662805070351108028e-01
3.964732500820477012e-01, 1.169800202368271869e-01, 2.202427944425129347e-01, 2.663039352386122327e-01
3.964777262726330576e-01, 1.169857910851969246e-01, 2.202091103636922564e-01, 2.663273722784776920e-01
3.964821720322726506e-01, 1.169915795494016891e-01, 2.201754302980599154e-01, 2.663508181202658420e-01
3.964865873753916081e-01, 1.169973856357393732e-01, 2.201417542593504251e-01, 2.663742727295185797e-01
3.964909723164265487e-01, 1.170032093505072035e-01, 2.201080822613042942e-01, 2.663977360717619813e-01
3.964953268698258038e-01, 1.170090507000013103e-01, 2.200744143176678602e-01, 2.664212081125049147e-01
3.964996510500488625e-01, 1.170149096905170605e-01, 2.200407504421936500e-01, 2.664446888172404271e-01
3.965039448715667048e-01, 1.170207863283489746e-01, 2.200070906486395195e-01, 2.664681781514449121e-01
3.965082083488615239e-01, 1.170266806197905463e-01, 2.199734349507695697e-01, 2.664916760805783325e-01
3.965124414964271704e-01, 1.170325925711345472e-01, 2.199397833623536469e-01, 2.665151825700847188e-01
3.965166443287683751e-01, 1.170385221886727917e-01, 2.199061358971675095e-01, 2.665386975853913376e-01
3.965208168604017480e-01, 1.170444694786962198e-01, 2.198724925689926335e-01, 2.665622210919094126e-01
3.965249591058545020e-01, 1.170504344474949110e-01, 2.198388533916165455e-01, 2.665857530550340138e-01
3.965290710796657292e-01, 1.170564171013579735e-01, 2.198052183788324065e-01, 2.666092934401438908e-01
3.965331527963851799e-01, 1.170624174465737244e-01, 2.197715875444393729e-01, 2.666328422126017506e-01
3.965372042705741507e-01, 1.170684354894295787e-01, 2.197379609022423463e-01, 2.666563993377539243e-01
3.965412255168049849e-01, 1.170744712362121048e-01, 2.197043384660522514e-01, 2.666799647809307561e-01
3.965452165496611836e-01, 1.170805246932067750e-01, 2.196707202496855638e-01, 2.667035385074466025e-01
3.965491773837374057e-01, 1.170865958666984924e-01, 2.196371062669645602e-01, 2.667271204825995001e-01
3.965531080336394121e-01, 1.170926847629709527e-01, 2.196034965317179011e-01, 2.667507106716718868e-01
3.965570085139839551e-01, 1.170987913883072273e-01, 2.195698910577793261e-01, 2.667743090399295469e-01
3.965608788393987227e-01, 1.171049157489893328e-01, 2.195362898589888478e-01, 2.667979155526229440e-01
3.965647190245227827e-01, 1.171110578512985084e-01, 2.195026929491922241e-01, 2.668215301749864432e-01
3.965685290840059718e-01, 1.171172177015148974e-01, 2.194691003422409026e-01, 2.668451528722381449e-01
3.965723090325090627e-01, 1.171233953059180877e-01, 2.194355120519922431e-01, 2.668687836095806620e-01
3.965760588847037638e-01, 1.171295906707864459e-01, 2.194019280923093507e-01, 2.668924223522005090e-01
3.965797786552727744e-01, 1.171358038023975756e-01, 2.193683484770609926e-01, 2.669160690652684909e-01
3.965834683589097853e-01, 1.171420347070282336e-01, 2.193347732201222644e-01, 2.669397237139397583e-01
3.965871280103190899e-01, 1.171482833909541638e-01, 2.193012023353732576e-01, 2.669633862633533083e-01
3.965907576242161947e-01, 1.171545498604504298e-01, 2.192676358367005029e-01, 2.669870566786329835e-01
3.965943572153269314e-01, 1.171608341217908328e-01, 2.192340737379959437e-01, 2.670107349248861950e-01
3.965979267983885115e-01, 1.171671361812486184e-01, 2.192005160531574903e-01, 2.670344209672053104e-01
3.966014663881485269e-01, 1.171734560450960055e-01, 2.191669627960887712e-01, 2.670581147706668212e-01
3.966049759993651724e-01, 1.171797937196043110e-01, 2.191334139806990489e-01, 2.670818163003313983e-01
3.966084556468078559e-01, 1.171861492110438940e-01, 2.190998696209036367e-01, 2.671055255212445578e-01
3.966119053452563104e-01, 1.171925225256843228e-01, 2.190663297306234547e-01, 2.671292423984358844e-01
3.966153251095011489e-01, 1.171989136697941941e-01, 2.190327943237850294e-01, 2.671529668969196414e-01
3.966187149543434209e-01, 1.172053226496411610e-01, 2.189992634143210215e-01, 2.671766989816944937e-01
3.966220748945948893e-01, 1.172117494714920993e-01, 2.189657370161692262e-01, 2.672004386177437851e-01
3.966254049450780306e-01, 1.172181941416128720e-01, 2.189322151432739061e-01, 2.672241857700351497e-01
3.966287051206257019e-01, 1.172246566662684397e-01, 2.188986978095845970e-01, 2.672479404035212336e-01
3.966319754360814742e-01, 1.172311370517229168e-01, 2.188651850290567469e-01, 2.672717024831388621e-01
3.966352159062992433e-01, 1.172376353042395153e-01, 2.188316768156514658e-01, 2.672954719738098173e-01
3.966384265461435077e-01, 1.172441514300804066e-01, 2.187981731833355814e-01, 2.673192488404404488e-01
3.966416073704893130e-01, 1.172506854355069988e-01, 2.187646741460818056e-01, 2.673430330479218409e-01
3.966447583942221411e-01, 1.172572373267796730e-01, 2.187311797178684292e-01, 2.673668245611298122e-01
3.966478796322375211e-01, 1.172638071101580193e-01, 2.186976899126793217e-01, 2.673906233449250269e-01
3.966509710994421400e-01, 1.172703947919006284e-01, 2.186642047445044590e-01, 2.674144293641528836e-01
3.966540328107520108e-01, 1.172770003782651477e-01, 2.186307242273392015e-01, 2.674382425836436816e-01
3.966570647810945816e-01, 1.172836238755084609e-01, 2.185972483751846551e-01, 2.674620629682123996e-01
3.966600670254067929e-01, 1.172902652898863002e-01, 2.185637772020476710e-01, 2.674858904826591388e-01
3.966630395586362989e-01, 1.172969246276537453e-01, 2.185303107219410956e-01, 2.675097250917689018e-01
3.966659823957409126e-01, 1.173036018950648074e-01, 2.184968489488828824e-01, 2.675335667603115364e-01
3.966688955516884940e-01, 1.173102970983724291e-01, 2.184633918968970634e-01, 2.675574154530419579e-01
3.966717790414576172e-01, 1.173170102438289703e-01, 2.184299395800133603e-01, 2.675812711347000383e-01
3.966746328800365706e-01, 1.173237413376856664e-01, 2.183964920122669906e-01, 2.676051337700108834e-01
3.966774570824239676e-01, 1.173304903861927956e-01, 2.183630492076989449e-01, 2.676290033236843335e-01
3.966802516636284692e-01, 1.173372573955998449e-01, 2.183296111803560147e-01, 2.676528797604156851e-01
3.966830166386691725e-01, 1.173440423721552606e-01, 2.182961779442904038e-01, 2.676767630448851354e-01
3.966857520225749445e-01, 1.173508453221066283e-01, 2.182627495135601448e-01, 2.677006531417582824e-01
3.966884578303847553e-01, 1.173576662517005764e-01, 2.182293259022289322e-01, 2.677245500156856806e-01
3.966911340771476224e-01, 1.173645051671828726e-01, 2.181959071243660675e-01, 2.677484536313033403e-01
3.966937807779228331e-01, 1.173713620747982161e-01, 2.181624931940465417e-01, 2.677723639532324507e-01
3.966963979477791113e-01, 1.173782369807904874e-01, 2.181290841253510082e-01, 2.677962809460793792e-01
3.966989856017958394e-01, 1.173851298914025815e-01, 2.180956799323656714e-01, 2.678202045744359494e-01
3.967015437550617252e-01, 1.173920408128765192e-01, 2.180622806291823979e-01, 2.678441348028792746e-01
3.967040724226758019e-01, 1.173989697514534053e-01, 2.180288862298988550e-01, 2.678680715959720349e-01
3.967065716197465952e-01, 1.174059167133732484e-01, 2.179954967486180673e-01, 2.678920149182620891e-01
3.967090413613930111e-01, 1.174128817048752660e-01, 2.179621121994489152e-01, 2.679159647342828632e-01
3.967114816627432816e-01, 1.174198647321977040e-01, 2.179287325965058308e-01, 2.679399210085532390e-01
3.967138925389356863e-01, 1.174268658015778788e-01, 2.178953579539088525e-01, 2.679638837055776102e-01
3.967162740051183301e-01, 1.174338849192521489e-01, 2.178619882857835421e-01, 2.679878527898459373e-01
3.967186260764491434e-01, 1.174409220914559293e-01, 2.178286236062612347e-01, 2.680118282258337481e-01
3.967209487680952162e-01, 1.174479773244236913e-01, 2.177952639294788439e-01, 2.680358099780022485e-01
3.967232420952342409e-01, 1.174550506243889347e-01, 2.177619092695788072e-01, 2.680597980107979894e-01
3.967255060730527916e-01, 1.174621419975843822e-01, 2.177285596407091406e-01, 2.680837922886536440e-01
3.967277407167477121e-01, 1.174692514502415214e-01, 2.176952150570235500e-01, 2.681077927759872304e-01
3.967299460415249501e-01, 1.174763789885911319e-01, 2.176618755326813204e-01, 2.681317994372025004e-01
3.967321220626005007e-01, 1.174835246188629390e-01, 2.176285410818472321e-01, 2.681558122366893282e-01
3.967342687951997404e-01, 1.174906883472857794e-01, 2.175952117186916168e-01, 2.681798311388228773e-01
3.967363862545573161e-01, 1.174978701800874631e-01, 2.175618874573906902e-01, 2.682038561079645445e-01
3.967384744559179777e-01, 1.175050701234949396e-01, 2.175285683121258862e-01, 2.682278871084613492e-01
3.967405334145354678e-01, 1.175122881837340622e-01, 2.174952542970842451e-01, 2.682519241046463221e-01
3.967425631456732993e-01, 1.175195243670298512e-01, 2.174619454264585250e-01, 2.682759670608383384e-01
3.967445636646044216e-01, 1.175267786796063418e-01, 2.174286417144470906e-01, 2.683000159413421737e-01
3.967465349866110547e-01, 1.175340511276866118e-01, 2.173953431752535526e-01, 2.683240707104487810e-01
3.967484771269848554e-01, 1.175413417174928088e-01, 2.173620498230873221e-01, 2.683481313324350137e-01
3.967503901010269174e-01, 1.175486504552460676e-01, 2.173287616721633897e-01, 2.683721977715636253e-01
3.967522739240477159e-01, 1.175559773471665514e-01, 2.172954787367020468e-01, 2.683962699920836581e-01
3.967541286113668297e-01, 1.175633223994734800e-01, 2.172622010309293306e-01, 2.684203479582303320e-01
3.967559541783134969e-01, 1.175706856183851567e-01, 2.172289285690768013e-01, 2.684444316342245451e-01
3.967577506402258924e-01, 1.175780670101189140e-01, 2.171956613653814039e-01, 2.684685209842738729e-01
3.967595180124514620e-01, 1.175854665808909877e-01, 2.171623994340856068e-01, 2.684926159725719019e-01
3.967612563103470880e-01, 1.175928843369168086e-01, 2.171291427894376513e-01, 2.685167165632985076e-01
3.967629655492787011e-01, 1.176003202844107393e-01, 2.170958914456909972e-01, 2.685408227206196874e-01
3.967646457446211694e-01, 1.176077744295862121e-01, 2.170626454171047937e-01, 2.685649344086876722e-01
3.967662969117590754e-01, 1.176152467786557437e-01, 2.170294047179436303e-01, 2.685890515916415922e-01
3.967679190660855504e-01, 1.176227373378306990e-01, 2.169961693624775367e-01, 2.686131742336062000e-01
3.967695122230031068e-01, 1.176302461133216515e-01, 2.169629393649822324e-01, 2.686373022986929815e-01
3.967710763979233057e-01, 1.176377731113381481e-01, 2.169297147397386549e-01, 2.686614357510000439e-01
3.967726116062665898e-01, 1.176453183380885975e-01, 2.168964955010333762e-01, 2.686855745546115060e-01
3.967741178634624499e-01, 1.176528817997807286e-01, 2.168632816631584637e-01, 2.687097186735983301e-01
3.967755951849494811e-01, 1.176604635026210488e-01, 2.168300732404114806e-01, 2.687338680720178785e-01
3.967770435861752709e-01, 1.176680634528151775e-01, 2.167968702470954023e-01, 2.687580227139141908e-01
3.967784630825960113e-01, 1.176756816565676655e-01, 2.167636726975187000e-01, 2.687821825633175399e-01
3.967798536896771644e-01, 1.176833181200823142e-01, 2.167304806059952849e-01, 2.688063475842452088e-01
3.967812154228929633e-01, 1.176909728495615926e-01, 2.166972939868444525e-01, 2.688305177407009916e-01
3.967825482977263563e-01, 1.176986458512072203e-01, 2.166641128543910777e-01, 2.688546929966753041e-01
3.967838523296691733e-01, 1.177063371312199180e-01, 2.166309372229656138e-01, 2.688788733161452948e-01
3.967851275342221817e-01, 1.177140466957992543e-01, 2.165977671069035937e-01, 2.689030586630750119e-01
3.967863739268948087e-01, 1.177217745511440067e-01, 2.165646025205462399e-01, 2.689272490014149586e-01
3.967875915232051409e-01, 1.177295207034518287e-01, 2.165314434782401321e-01, 2.689514442951029261e-01
3.967887803386803136e-01, 1.177372851589193886e-01, 2.164982899943373451e-01, 2.689756445080629943e-01
3.967899403888556775e-01, 1.177450679237423969e-01, 2.164651420831952833e-01, 2.689998496042065868e-01
3.967910716892756318e-01, 1.177528690041156206e-01, 2.164319997591769296e-01, 2.690240595474318597e-01
3.967921742554932352e-01, 1.177606884062325637e-01, 2.163988630366504573e-01, 2.690482743016237022e-01
3.967932481030697622e-01, 1.177685261362861474e-01, 2.163657319299895632e-01, 2.690724938306545133e-01
3.967942932475755913e-01, 1.177763822004678773e-01, 2.163326064535734394e-01, 2.690967180983830920e-01
3.967953097045891497e-01, 1.177842566049685097e-01, 2.162994866217866352e-01, 2.691209470686556360e-01
3.967962974896979134e-01, 1.177921493559777322e-01, 2.162663724490189454e-01, 2.691451807053054646e-01
3.967972566184974625e-01, 1.178000604596841638e-01, 2.162332639496657161e-01, 2.691694189721526298e-01
3.967981871065920929e-01, 1.178079899222754245e-01, 2.162001611381276500e-01, 2.691936618330046938e-01
3.967990889695945378e-01, 1.178159377499383154e-01, 2.161670640288108625e-01, 2.692179092516562844e-01
3.967999622231259127e-01, 1.178239039488583190e-01, 2.161339726361266589e-01, 2.692421611918891511e-01
3.968008068828156043e-01, 1.178318885252200715e-01, 2.161008869744920069e-01, 2.692664176174723312e-01
3.968016229643016590e-01, 1.178398914852071960e-01, 2.160678070583289812e-01, 2.692906784921621499e-01
3.968024104832302834e-01, 1.178479128350022609e-01, 2.160347329020652629e-01, 2.693149437797022205e-01
3.968031694552561217e-01, 1.178559525807868213e-01, 2.160016645201336405e-01, 2.693392134438233887e-01
3.968038998960420338e-01, 1.178640107287413502e-01, 2.159686019269724255e-01, 2.693634874482441766e-01
3.968046018212592063e-01, 1.178720872850454737e-01, 2.159355451370252310e-01, 2.693877657566701167e-01
3.968052752465869859e-01, 1.178801822558775830e-01, 2.159024941647409712e-01, 2.694120483327944182e-01
3.968059201877130460e-01, 1.178882956474151950e-01, 2.158694490245740838e-01, 2.694363351402976892e-01
3.968065366603332200e-01, 1.178964274658346328e-01, 2.158364097309841134e-01, 2.694606261428479366e-01
3.968071246801516683e-01, 1.179045777173114012e-01, 2.158033762984359616e-01, 2.694849213041010660e-01
3.968076842628802670e-01, 1.179127464080198251e-01, 2.157703487413999421e-01, 2.695092205876999936e-01
3.968082154242395521e-01, 1.179209335441332440e-01, 2.157373270743516425e-01, 2.695335239572756447e-01
3.968087181799576091e-01, 1.179291391318239013e-01, 2.157043113117719790e-01, 2.695578313764463996e-01
3.968091925457710722e-01, 1.179373631772631381e-01, 2.156713014681472806e-01, 2.695821428088185367e-01
3.968096385374243473e-01, 1.179456056866211022e-01, 2.156382975579689276e-01, 2.696064582179856228e-01
3.968100561706698337e-01, 1.179538666660669560e-01, 2.156052995957338791e-01, 2.696307775675294005e-01
3.968104454612679799e-01, 1.179621461217688905e-01, 2.155723075959440627e-01, 2.696551008210189004e-01
3.968108064249873945e-01, 1.179704440598939724e-01, 2.155393215731070955e-01, 2.696794279420116069e-01
3.968111390776041247e-01, 1.179787604866081724e-01, 2.155063415417355632e-01, 2.697037588940520147e-01
3.968114434349027664e-01, 1.179870954080765866e-01, 2.154733675163474915e-01, 2.697280936406731833e-01
3.968117195126750207e-01, 1.179954488304630761e-01, 2.154403995114660963e-01, 2.697524321453957374e-01
3.968119673267213043e-01, 1.180038207599305861e-01, 2.154074375416198395e-01, 2.697767743717282563e-01
3.968121868928491947e-01, 1.180122112026408820e-01, 2.153744816213425395e-01, 2.698011202831673283e-01
3.968123782268742072e-01, 1.180206201647548137e-01, 2.153415317651733996e-01, 2.698254698431976073e-01
3.968125413446200178e-01, 1.180290476524319954e-01, 2.153085879876564246e-01, 2.698498230152915900e-01
3.968126762619174630e-01, 1.180374936718311951e-01, 2.152756503033413926e-01, 2.698741797629100048e-01
3.968127829946054841e-01, 1.180459582291099319e-01, 2.152427187267829112e-01, 2.698985400495016451e-01
3.968128615585306274e-01, 1.180544413304248225e-01, 2.152097932725410834e-01, 2.699229038385035362e-01
3.968129119695471552e-01, 1.180629429819312903e-01, 2.151768739551811749e-01, 2.699472710933404351e-01
3.968129342435167684e-01, 1.180714631897836764e-01, 2.151439607892736139e-01, 2.699716417774258859e-01
3.968129283963090503e-01, 1.180800019601353917e-01, 2.151110537893942409e-01, 2.699960158541613864e-01
3.968128944438010230e-01, 1.180885592991385846e-01, 2.150781529701238093e-01, 2.700203932869366663e-01
3.968128324018771469e-01, 1.180971352129446261e-01, 2.150452583460485678e-01, 2.700447740391296869e-01
3.968127422864297649e-01, 1.181057297077034718e-01, 2.150123699317597892e-01, 2.700691580741070297e-01
3.968126241133583809e-01, 1.181143427895642167e-01, 2.149794877418541028e-01, 2.700935453552233412e-01
3.968124778985701040e-01, 1.181229744646747765e-01, 2.149466117909332175e-01, 2.701179358458219437e-01
3.968123036579796481e-01, 1.181316247391820812e-01, 2.149137420936039766e-01, 2.701423295092342802e-01
3.968121014075088882e-01, 1.181402936192318121e-01, 2.148808786644786084e-01, 2.701667263087805249e-01
3.968118711630871931e-01, 1.181489811109688315e-01, 2.148480215181744202e-01, 2.701911262077694720e-01
3.968116129406514814e-01, 1.181576872205366419e-01, 2.148151706693138541e-01, 2.702155291694980366e-01
3.968113267561456103e-01, 1.181664119540777880e-01, 2.147823261325245703e-01, 2.702399351572519204e-01
3.968110126255213754e-01, 1.181751553177337322e-01, 2.147494879224394193e-01, 2.702643441343055564e-01
3.968106705647372334e-01, 1.181839173176447710e-01, 2.147166560536963031e-01, 2.702887560639216646e-01
3.968103005897593571e-01, 1.181926979599502298e-01, 2.146838305409383696e-01, 2.703131709093521406e-01
3.968099027165606918e-01, 1.182014972507881428e-01, 2.146510113988139290e-01, 2.703375886338372225e-01
3.968094769611219541e-01, 1.182103151962956983e-01, 2.146181986419763987e-01, 2.703620092006059350e-01
3.968090233394306887e-01, 1.182191518026087240e-01, 2.145853922850843032e-01, 2.703864325728762008e-01
3.968085418674816567e-01, 1.182280070758621876e-01, 2.145525923428014126e-01, 2.704108587138546738e-01
3.968080325612768355e-01, 1.182368810221896688e-01, 2.145197988297965208e-01, 2.704352875867369610e-01
3.968074954368253082e-01, 1.182457736477239285e-01, 2.144870117607435567e-01, 2.704597191547072899e-01
3.968069305101429856e-01, 1.182546849585964094e-01, 2.144542311503215559e-01, 2.704841533809390075e-01
3.968063377972531613e-01, 1.182636149609375548e-01, 2.144214570132147168e-01, 2.705085902285944144e-01
3.968057173141861238e-01, 1.182725636608766839e-01, 2.143886893641124836e-01, 2.705330296608248752e-01
3.968050690769787114e-01, 1.182815310645419504e-01, 2.143559282177089353e-01, 2.705574716407703750e-01
3.968043931016753123e-01, 1.182905171780604114e-01, 2.143231735887038136e-01, 2.705819161315604071e-01
3.968036894043269758e-01, 1.182995220075579584e-01, 2.142904254918015228e-01, 2.706063630963134181e-01
3.968029580009918011e-01, 1.183085455591594976e-01, 2.142576839417119072e-01, 2.706308124981367524e-01
3.968021989077344935e-01, 1.183175878389886582e-01, 2.142249489531495854e-01, 2.706552643001272074e-01
3.968014121406270300e-01, 1.183266488531680011e-01, 2.141922205408342827e-01, 2.706797184653705890e-01
3.968005977157478270e-01, 1.183357286078190046e-01, 2.141594987194909705e-01, 2.707041749569421563e-01
3.967997556491823508e-01, 1.183448271090619536e-01, 2.141267835038497547e-01, 2.707286337379060104e-01
3.967988859570228954e-01, 1.183539443630159532e-01, 2.140940749086452655e-01, 2.707530947713159275e-01
3.967979886553681945e-01, 1.183630803757991096e-01, 2.140613729486179062e-01, 2.707775580202148591e-01
3.967970637603240314e-01, 1.183722351535283490e-01, 2.140286776385125767e-01, 2.708020234476350430e-01
3.967961112880027952e-01, 1.183814087023192935e-01, 2.139959889930795334e-01, 2.708264910165984474e-01
3.967951312545235365e-01, 1.183906010282866350e-01, 2.139633070270738346e-01, 2.708509606901159938e-01
3.967941236760118562e-01, 1.183998121375438306e-01, 2.139306317552558123e-01, 2.708754324311885564e-01
3.967930885686002940e-01, 1.184090420362031715e-01, 2.138979631923905167e-01, 2.708999062028060734e-01
3.967920259484274403e-01, 1.184182907303758664e-01, 2.138653013532484382e-01, 2.709243819679482690e-01
3.967909358316388801e-01, 1.184275582261719306e-01, 2.138326462526047023e-01, 2.709488596895844315e-01
3.967898182343869706e-01, 1.184368445297001166e-01, 2.137999979052395694e-01, 2.709733393306734128e-01
3.967886731728295646e-01, 1.184461496470683162e-01, 2.137673563259383513e-01, 2.709978208541636846e-01
3.967875006631322865e-01, 1.184554735843828671e-01, 2.137347215294913005e-01, 2.710223042229935597e-01
3.967863007214663118e-01, 1.184648163477493021e-01, 2.137020935306936653e-01, 2.710467894000906930e-01
3.967850733640096439e-01, 1.184741779432717940e-01, 2.136694723443456900e-01, 2.710712763483728582e-01
3.967838186069465034e-01, 1.184835583770533773e-01, 2.136368579852526983e-01, 2.710957650307475042e-01
3.967825364664675503e-01, 1.184929576551959352e-01, 2.136042504682247600e-01, 2.711202554101116990e-01
3.967812269587698837e-01, 1.185023757838001984e-01, 2.135716498080770798e-01, 2.711447474493527410e-01
3.967798901000568201e-01, 1.185118127689657463e-01, 2.135390560196298304e-01, 2.711692411113476031e-01
3.967785259065380044e-01, 1.185212686167908119e-01, 2.135064691177081531e-01, 2.711937363589630445e-01
3.967771343944294093e-01, 1.185307433333726984e-01, 2.134738891171419628e-01, 2.712182331550559433e-01
3.967757155799531699e-01, 1.185402369248073767e-01, 2.134413160327661985e-01, 2.712427314624732411e-01
3.967742694793375824e-01, 1.185497493971896937e-01, 2.134087498794209614e-01, 2.712672312440517763e-01
3.967727961088173272e-01, 1.185592807566132195e-01, 2.133761906719509605e-01, 2.712917324626185622e-01
3.967712954846328577e-01, 1.185688310091704833e-01, 2.133436384252061224e-01, 2.713162350809905643e-01
3.967697676230313442e-01, 1.185784001609527238e-01, 2.133110931540409816e-01, 2.713407390619749782e-01
3.967682125402656190e-01, 1.185879882180499029e-01, 2.132785548733152903e-01, 2.713652443683691740e-01
3.967666302525946209e-01, 1.185975951865510108e-01, 2.132460235978936303e-01, 2.713897509629607518e-01
3.967650207762835057e-01, 1.186072210725436921e-01, 2.132134993426452740e-01, 2.714142588085274865e-01
3.967633841276035356e-01, 1.186168658821143695e-01, 2.131809821224446844e-01, 2.714387678678374383e-01
3.967617203228315237e-01, 1.186265296213484116e-01, 2.131484719521710425e-01, 2.714632781036490083e-01
3.967600293782506116e-01, 1.186362122963298266e-01, 2.131159688467085256e-01, 2.714877894787109947e-01
3.967583113101501024e-01, 1.186459139131414292e-01, 2.130834728209460849e-01, 2.715123019557624251e-01
3.967565661348245176e-01, 1.186556344778649102e-01, 2.130509838897775288e-01, 2.715368154975328907e-01
3.967547938685749842e-01, 1.186653739965807114e-01, 2.130185020681018282e-01, 2.715613300667424901e-01
3.967529945277078474e-01, 1.186751324753680253e-01, 2.129860273708223950e-01, 2.715858456261016074e-01
3.967511681285360581e-01, 1.186849099203048791e-01, 2.129535598128478591e-01, 2.716103621383113009e-01
3.967493146873775078e-01, 1.186947063374680228e-01, 2.129210994090913744e-01, 2.716348795660631366e-01
3.967474342205565274e-01, 1.187045217329330410e-01, 2.128886461744712300e-01, 2.716593978720392988e-01
3.967455267444028322e-01, 1.187143561127741859e-01, 2.128562001239103496e-01, 2.716839170189125907e-01
3.967435922752521327e-01, 1.187242094830647243e-01, 2.128237612723366812e-01, 2.717084369693464896e-01
3.967416308294455796e-01, 1.187340818498763134e-01, 2.127913296346828076e-01, 2.717329576859952578e-01
3.967396424233302077e-01, 1.187439732192797498e-01, 2.127589052258862246e-01, 2.717574791315037208e-01
3.967376270732585475e-01, 1.187538835973444284e-01, 2.127264880608894237e-01, 2.717820012685077113e-01
3.967355847955886805e-01, 1.187638129901384121e-01, 2.126940781546393100e-01, 2.718065240596335697e-01
3.967335156066844615e-01, 1.187737614037286532e-01, 2.126616755220879229e-01, 2.718310474674989208e-01
3.967314195229151852e-01, 1.187837288441809247e-01, 2.126292801781919095e-01, 2.718555714547118973e-01
3.967292965606559751e-01, 1.187937153175595284e-01, 2.125968921379129128e-01, 2.718800959838715836e-01
3.967271467362868953e-01, 1.188037208299276976e-01, 2.125645114162172111e-01, 2.719046210175682932e-01
3.967249700661938383e-01, 1.188137453873473887e-01, 2.125321380280757178e-01, 2.719291465183830137e-01
3.967227665667681369e-01, 1.188237889958792121e-01, 2.124997719884645919e-01, 2.719536724488880175e-01
3.967205362544066194e-01, 1.188338516615826262e-01, 2.124674133123642394e-01, 2.719781987716465288e-01
3.967182791455113877e-01, 1.188439333905158130e-01, 2.124350620147600899e-01, 2.720027254492127788e-01
3.967159952564897063e-01, 1.188540341887356078e-01, 2.124027181106424023e-01, 2.720272524441323392e-01
3.967136846037546127e-01, 1.188641540622975834e-01, 2.123703816150059320e-01, 2.720517797189417886e-01
3.967113472037241406e-01, 1.188742930172562301e-01, 2.123380525428504306e-01, 2.720763072361689905e-01
3.967089830728219302e-01, 1.188844510596645671e-01, 2.123057309091802847e-01, 2.721008349583331487e-01
3.967065922274764511e-01, 1.188946281955743922e-01, 2.122734167290045992e-01, 2.721253628479445852e-01
3.967041746841216132e-01, 1.189048244310362823e-01, 2.122411100173371146e-01, 2.721498908675050177e-01
3.967017304591966553e-01, 1.189150397720994401e-01, 2.122088107891964004e-01, 2.721744189795073932e-01
3.966992595691458123e-01, 1.189252742248118611e-01, 2.121765190596059392e-01, 2.721989471464363874e-01
3.966967620304184816e-01, 1.189355277952201806e-01, 2.121442348435935155e-01, 2.722234753307677391e-01
3.966942378594693341e-01, 1.189458004893699378e-01, 2.121119581561918821e-01, 2.722480034949688599e-01
3.966916870727579814e-01, 1.189560923133050757e-01, 2.120796890124384826e-01, 2.722725316014985020e-01
3.966891096867490862e-01, 1.189664032730684690e-01, 2.120474274273752013e-01, 2.722970596128072573e-01
3.966865057179124188e-01, 1.189767333747016737e-01, 2.120151734160488910e-01, 2.723215874913369472e-01
3.966838751827228560e-01, 1.189870826242449275e-01, 2.119829269935110394e-01, 2.723461151995212881e-01
3.966812180976598823e-01, 1.189974510277370251e-01, 2.119506881748176308e-01, 2.723706426997853369e-01
3.966785344792087553e-01, 1.190078385912156089e-01, 2.119184569750294789e-01, 2.723951699545460459e-01
3.966758243438586184e-01, 1.190182453207171281e-01, 2.118862334092120325e-01, 2.724196969262122625e-01
3.966730877081041662e-01, 1.190286712222763527e-01, 2.118540174924352648e-01, 2.724442235771842302e-01
3.966703245884447560e-01, 1.190391163019271087e-01, 2.118218092397740615e-01, 2.724687498698540877e-01
3.966675350013847412e-01, 1.190495805657016543e-01, 2.117896086663074995e-01, 2.724932757666059246e-01
3.966647189634332493e-01, 1.190600640196311094e-01, 2.117574157871199292e-01, 2.725178012298157815e-01
3.966618764911040707e-01, 1.190705666697451232e-01, 2.117252306172996146e-01, 2.725423262218512055e-01
3.966590076009157140e-01, 1.190810885220721371e-01, 2.116930531719399822e-01, 2.725668507050721390e-01
3.966561123093918506e-01, 1.190916295826391774e-01, 2.116608834661387883e-01, 2.725913746418303085e-01
3.966531906330602597e-01, 1.191021898574720489e-01, 2.116287215149985357e-01, 2.726158979944692251e-01
3.966502425884537719e-01, 1.191127693525949882e-01, 2.115965673336262232e-01, 2.726404207253250167e-01
3.966472681921099364e-01, 1.191233680740311773e-01, 2.115644209371335960e-01, 2.726649427967253181e-01
3.966442674605706875e-01, 1.191339860278023133e-01, 2.115322823406367014e-01, 2.726894641709903255e-01
3.966412404103825673e-01, 1.191446232199287053e-01, 2.115001515592564996e-01, 2.727139848104321307e-01
3.966381870580970026e-01, 1.191552796564294275e-01, 2.114680286081183636e-01, 2.727385046773551647e-01
3.966351074202694726e-01, 1.191659553433221524e-01, 2.114359135023522462e-01, 2.727630237340560315e-01
3.966320015134604526e-01, 1.191766502866231925e-01, 2.114038062570926524e-01, 2.727875419428235637e-01
3.966288693542346921e-01, 1.191873644923475417e-01, 2.113717068874786664e-01, 2.728120592659391552e-01
3.966257109591612151e-01, 1.191980979665087231e-01, 2.113396154086538969e-01, 2.728365756656762620e-01
3.966225263448137639e-01, 1.192088507151190524e-01, 2.113075318357665322e-01, 2.728610911043006793e-01
3.966193155277703553e-01, 1.192196227441893880e-01, 2.112754561839692291e-01, 2.728856055440710415e-01
3.966160785246134468e-01, 1.192304140597291867e-01, 2.112433884684192242e-01, 2.729101189472379896e-01
3.966128153519298261e-01, 1.192412246677466980e-01, 2.112113287042783616e-01, 2.729346312760450588e-01
3.966095260263106104e-01, 1.192520545742486310e-01, 2.111792769067128983e-01, 2.729591424927280685e-01
3.966062105643509694e-01, 1.192629037852402929e-01, 2.111472330908933659e-01, 2.729836525595153440e-01
3.966028689826507914e-01, 1.192737723067258115e-01, 2.111151972719954306e-01, 2.730081614386280497e-01
3.965995012978137946e-01, 1.192846601447076910e-01, 2.110831694651985890e-01, 2.730326690922799115e-01
3.965961075264481384e-01, 1.192955673051872834e-01, 2.110511496856872782e-01, 2.730571754826772723e-01
3.965926876851660898e-01, 1.193064937941643588e-01, 2.110191379486502650e-01, 2.730816805720193696e-01
3.965892417905841350e-01, 1.193174396176373553e-01, 2.109871342692805074e-01, 2.731061843224978913e-01
3.965857698593227565e-01, 1.193284047816033644e-01, 2.109551386627761260e-01, 2.731306866962976976e-01
3.965822719080066006e-01, 1.193393892920580346e-01, 2.109231511443390439e-01, 2.731551876555962100e-01
3.965787479532646986e-01, 1.193503931549955571e-01, 2.108911717291759302e-01, 2.731796871625639112e-01
3.965751980117293574e-01, 1.193614163764088465e-01, 2.108592004324977565e-01, 2.732041851793639564e-01
3.965716221000376573e-01, 1.193724589622892907e-01, 2.108272372695202679e-01, 2.732286816681528396e-01
3.965680202348302319e-01, 1.193835209186269453e-01, 2.107952822554631511e-01, 2.732531765910796162e-01
3.965643924327519332e-01, 1.193946022514103811e-01, 2.107633354055510055e-01, 2.732776699102865137e-01
3.965607387104514991e-01, 1.194057029666267811e-01, 2.107313967350126493e-01, 2.733021615879090982e-01
3.965570590845813315e-01, 1.194168230702619266e-01, 2.106994662590811473e-01, 2.733266515860754975e-01
3.965533535717980507e-01, 1.194279625683001139e-01, 2.106675439929942550e-01, 2.733511398669075110e-01
3.965496221887619410e-01, 1.194391214667243351e-01, 2.106356299519940578e-01, 2.733756263925197771e-01
3.965458649521368950e-01, 1.194502997715159442e-01, 2.106037241513269154e-01, 2.734001111250202731e-01
3.965420818785911350e-01, 1.194614974886550607e-01, 2.105718266062436284e-01, 2.734245940265103147e-01
3.965382729847961030e-01, 1.194727146241202909e-01, 2.105399373319994660e-01, 2.734490750590842234e-01
3.965344382874274043e-01, 1.194839511838886731e-01, 2.105080563438539998e-01, 2.734735541848298257e-01
3.965305778031641415e-01, 1.194952071739360661e-01, 2.104761836570712974e-01, 2.734980313658285089e-01
3.965266915486891919e-01, 1.195064826002366631e-01, 2.104443192869194235e-01, 2.735225065641547215e-01
3.965227795406889300e-01, 1.195177774687633115e-01, 2.104124632486712998e-01, 2.735469797418765281e-01
3.965188417958534495e-01, 1.195290917854872348e-01, 2.103806155576039283e-01, 2.735714508610553874e-01
3.965148783308764524e-01, 1.195404255563784490e-01, 2.103487762289986962e-01, 2.735959198837463746e-01
3.965108891624554155e-01, 1.195517787874053189e-01, 2.103169452781411819e-01, 2.736203867719982363e-01
3.965068743072909241e-01, 1.195631514845348353e-01, 2.102851227203214046e-01, 2.736448514878528360e-01
3.965028337820873938e-01, 1.195745436537325318e-01, 2.102533085708339633e-01, 2.736693139933461527e-01
3.964987676035527375e-01, 1.195859553009622905e-01, 2.102215028449773149e-01, 2.736937742505077265e-01
3.964946757883980322e-01, 1.195973864321868280e-01, 2.101897055580545792e-01, 2.737182322213606578e-01
3.964905583533380184e-01, 1.196088370533671397e-01, 2.101579167253729563e-01, 2.737426878679218856e-01
3.964864153150912118e-01, 1.196203071704626808e-01, 2.101261363622440315e-01, 2.737671411522021869e-01
3.964822466903785703e-01, 1.196317967894317408e-01, 2.100943644839836921e-01, 2.737915920362061217e-01
3.964780524959252705e-01, 1.196433059162307910e-01, 2.100626011059120446e-01, 2.738160404819319216e-01
3.964738327484594316e-01, 1.196548345568149430e-01, 2.100308462433535805e-01, 2.738404864513721004e-01
3.964695874647123364e-01, 1.196663827171378786e-01, 2.099990999116370383e-01, 2.738649299065127329e-01
3.964653166614190427e-01, 1.196779504031515867e-01, 2.099673621260952638e-01, 2.738893708093341761e-01
3.964610203553172174e-01, 1.196895376208068490e-01, 2.099356329020654888e-01, 2.739138091218105697e-01
3.964566985631482465e-01, 1.197011443760526012e-01, 2.099039122548890801e-01, 2.739382448059101693e-01
3.964523513016562917e-01, 1.197127706748365161e-01, 2.098722001999118181e-01, 2.739626778235954019e-01
3.964479785875890117e-01, 1.197244165231045598e-01, 2.098404967524836462e-01, 2.739871081368228101e-01
3.964435804376970074e-01, 1.197360819268014354e-01, 2.098088019279586436e-01, 2.740115357075428859e-01
3.964391568687339329e-01, 1.197477668918700694e-01, 2.097771157416951360e-01, 2.740359604977008479e-01
3.964347078974567173e-01, 1.197594714242519592e-01, 2.097454382090557790e-01, 2.740603824692355306e-01
3.964302335406251765e-01, 1.197711955298870617e-01, 2.097137693454073915e-01, 2.740848015840803842e-01
3.964257338150020682e-01, 1.197829392147139183e-01, 2.096821091661207892e-01, 2.741092178041632521e-01
3.964212087373533699e-01, 1.197947024846693215e-01, 2.096504576865711456e-01, 2.741336310914061491e-01
3.964166583244477793e-01, 1.198064853456886625e-01, 2.096188149221379637e-01, 2.741580414077254835e-01
3.964120825930571024e-01, 1.198182878037057919e-01, 2.095871808882046883e-01, 2.741824487150323342e-01
3.964074815599560320e-01, 1.198301098646529367e-01, 2.095555556001590380e-01, 2.742068529752320072e-01
3.964028552419220364e-01, 1.198419515344608804e-01, 2.095239390733926177e-01, 2.742312541502245349e-01
3.963982036557352484e-01, 1.198538128190586582e-01, 2.094923313233017226e-01, 2.742556522019042875e-01
3.963935268181792981e-01, 1.198656937243740284e-01, 2.094607323652863951e-01, 2.742800470921603617e-01
3.963888247460397585e-01, 1.198775942563328895e-01, 2.094291422147508408e-01, 2.743044387828764696e-01
3.963840974561055330e-01, 1.198895144208598079e-01, 2.093975608871036231e-01, 2.743288272359309943e-01
3.963793449651680789e-01, 1.199014542238776571e-01, 2.093659883977571357e-01, 2.743532124131970451e-01
3.963745672900215178e-01, 1.199134136713077559e-01, 2.093344247621282406e-01, 2.743775942765423470e-01
3.963697644474629689e-01, 1.199253927690698968e-01, 2.093028699956375749e-01, 2.744019727878296289e-01
3.963649364542916054e-01, 1.199373915230822207e-01, 2.092713241137099112e-01, 2.744263479089164015e-01
3.963600833273095425e-01, 1.199494099392613283e-01, 2.092397871317743518e-01, 2.744507196016547357e-01
3.963552050833216711e-01, 1.199614480235221825e-01, 2.092082590652639407e-01, 2.744750878278921502e-01
3.963503017391353800e-01, 1.199735057817782335e-01, 2.091767399296157737e-01, 2.744994525494706128e-01
3.963453733115603339e-01, 1.199855832199412664e-01, 2.091452297402711102e-01, 2.745238137282272617e-01
3.963404198174088067e-01, 1.199976803439215534e-01, 2.091137285126752621e-01, 2.745481713259944057e-01
3.963354412734957366e-01, 1.200097971596276042e-01, 2.090822362622774266e-01, 2.745725253045991354e-01
3.963304376966385045e-01, 1.200219336729664993e-01, 2.090507530045311868e-01, 2.745968756258639343e-01
3.963254091036566007e-01, 1.200340898898435288e-01, 2.090192787548938169e-01, 2.746212222516061230e-01
3.963203555113722354e-01, 1.200462658161625673e-01, 2.089878135288269212e-01, 2.746455651436383594e-01
3.963152769366099504e-01, 1.200584614578256576e-01, 2.089563573417958231e-01, 2.746699042637685828e-01
3.963101733961963413e-01, 1.200706768207333991e-01, 2.089249102092702870e-01, 2.746942395737999032e-01
3.963050449069609460e-01, 1.200829119107847537e-01, 2.088934721467237132e-01, 2.747185710355306565e-01
3.962998914857347454e-01, 1.200951667338768514e-01, 2.088620431696336932e-01, 2.747428986107546822e-01
3.962947131493516073e-01, 1.201074412959054344e-01, 2.088306232934816487e-01, 2.747672222612612125e-01
3.962895099146476752e-01, 1.201197356027644270e-01, 2.087992125337533034e-01, 2.747915419488345945e-01
3.962842817984607580e-01, 1.201320496603462962e-01, 2.087678109059381004e-01, 2.748158576352549010e-01
3.962790288176313291e-01, 1.201443834745415662e-01, 2.087364184255295352e-01, 2.748401692822975972e-01
3.962737509890015275e-01, 1.201567370512394567e-01, 2.087050351080251831e-01, 2.748644768517338743e-01
3.962684483294162119e-01, 1.201691103963272722e-01, 2.086736609689263666e-01, 2.748887803053301493e-01
3.962631208557220175e-01, 1.201815035156908323e-01, 2.086422960237385160e-01, 2.749130796048486203e-01
3.962577685847676334e-01, 1.201939164152141110e-01, 2.086109402879709751e-01, 2.749373747120472111e-01
3.962523915334036917e-01, 1.202063491007796525e-01, 2.085795937771370845e-01, 2.749616655886795158e-01
3.962469897184829892e-01, 1.202188015782681141e-01, 2.085482565067540428e-01, 2.749859521964948539e-01
3.962415631568603769e-01, 1.202312738535585707e-01, 2.085169284923428790e-01, 2.750102344972381596e-01
3.962361118653924263e-01, 1.202437659325284736e-01, 2.084856097494288407e-01, 2.750345124526502039e-01
3.962306358609378187e-01, 1.202562778210534422e-01, 2.084543002935407563e-01, 2.750587860244679272e-01
3.962251351603569560e-01, 1.202688095250075972e-01, 2.084230001402116172e-01, 2.750830551744238295e-01
3.962196097805124051e-01, 1.202813610502631303e-01, 2.083917093049780511e-01, 2.751073198642464135e-01
3.962140597382682317e-01, 1.202939324026908591e-01, 2.083604278033807933e-01, 2.751315800556601299e-01
3.962084850504903333e-01, 1.203065235881595751e-01, 2.083291556509644926e-01, 2.751558357103855434e-01
3.962028857340468280e-01, 1.203191346125365713e-01, 2.082978928632774063e-01, 2.751800867901392778e-01
3.961972618058069440e-01, 1.203317654816873361e-01, 2.082666394558718159e-01, 2.752043332566338485e-01
3.961916132826422410e-01, 1.203444162014757624e-01, 2.082353954443039723e-01, 2.752285750715780521e-01
3.961859401814255555e-01, 1.203570867777638970e-01, 2.082041608441337066e-01, 2.752528121966768548e-01
3.961802425190315557e-01, 1.203697772164121216e-01, 2.081729356709250134e-01, 2.752770445936313370e-01
3.961745203123365200e-01, 1.203824875232791247e-01, 2.081417199402454121e-01, 2.753012722241389709e-01
3.961687735782185027e-01, 1.203952177042217631e-01, 2.081105136676664469e-01, 2.753254950498933429e-01
3.961630023335567796e-01, 1.204079677650953251e-01, 2.080793168687634642e-01, 2.753497130325844311e-01
3.961572065952325694e-01, 1.204207377117532396e-01, 2.080481295591155300e-01, 2.753739261338987165e-01
3.961513863801285340e-01, 1.204335275500472147e-01, 2.080169517543054569e-01, 2.753981343155187389e-01
3.961455417051285566e-01, 1.204463372858272235e-01, 2.079857834699202213e-01, 2.754223375391240403e-01
3.961396725871181856e-01, 1.204591669249415464e-01, 2.079546247215501298e-01, 2.754465357663901104e-01
3.961337790429846906e-01, 1.204720164732365900e-01, 2.079234755247894584e-01, 2.754707289589892194e-01
3.961278610896162844e-01, 1.204848859365571651e-01, 2.078923358952363964e-01, 2.754949170785902512e-01
3.961219187439027900e-01, 1.204977753207461255e-01, 2.078612058484926306e-01, 2.755191000868584261e-01
3.961159520227355291e-01, 1.205106846316447017e-01, 2.078300854001638998e-01, 2.755432779454559666e-01
3.961099609430068225e-01, 1.205236138750923752e-01, 2.077989745658593013e-01, 2.755674506160414872e-01
3.961039455216107119e-01, 1.205365630569267682e-01, 2.077678733611920681e-01, 2.755916180602705490e-01
3.960979057754420163e-01, 1.205495321829836430e-01, 2.077367818017789580e-01, 2.756157802397952716e-01
3.960918417213973863e-01, 1.205625212590972356e-01, 2.077056999032405316e-01, 2.756399371162648326e-01
3.960857533763741389e-01, 1.205755302910998111e-01, 2.076746276812009573e-01, 2.756640886513250233e-01
3.960796407572713118e-01, 1.205885592848218169e-01, 2.076435651512882896e-01, 2.756882348066187483e-01
3.960735038809884423e-01, 1.206016082460920208e-01, 2.076125123291340802e-01, 2.757123755437855261e-01
3.960673427644268996e-01, 1.206146771807373591e-01, 2.075814692303736830e-01, 2.757365108244620444e-01
3.960611574244888855e-01, 1.206277660945828806e-01, 2.075504358706461439e-01, 2.757606406102821039e-01
3.960549478780773791e-01, 1.206408749934519270e-01, 2.075194122655943385e-01, 2.757847648628763970e-01
3.960487141420968582e-01, 1.206540038831659944e-01, 2.074883984308644735e-01, 2.758088835438727293e-01
3.960424562334527443e-01, 1.206671527695447055e-01, 2.074573943821066413e-01, 2.758329966148960755e-01
3.960361741690511250e-01, 1.206803216584059063e-01, 2.074264001349744035e-01, 2.758571040375685235e-01
3.960298679657995313e-01, 1.206935105555657362e-01, 2.073954157051252911e-01, 2.758812057735093859e-01
3.960235376406061047e-01, 1.207067194668382526e-01, 2.073644411082202765e-01, 2.759053017843353661e-01
3.960171832103799860e-01, 1.207199483980359589e-01, 2.073334763599238850e-01, 2.759293920316601145e-01
3.960108046920312597e-01, 1.207331973549692211e-01, 2.073025214759044721e-01, 2.759534764770951720e-01
3.960044021024707317e-01, 1.207464663434467261e-01, 2.072715764718337517e-01, 2.759775550822487489e-01
3.959979754586102074e-01, 1.207597553692754538e-01, 2.072406413633872124e-01, 2.760016278087271679e-01
3.959915247773621583e-01, 1.207730644382602470e-01, 2.072097161662439790e-01, 2.760256946181336990e-01
3.959850500756398328e-01, 1.207863935562042135e-01, 2.071788008960866456e-01, 2.760497554720692803e-01
3.959785513703574789e-01, 1.207997427289086712e-01, 2.071478955686013590e-01, 2.760738103321324632e-01
3.959720286784295662e-01, 1.208131119621730087e-01, 2.071170001994781240e-01, 2.760978591599193011e-01
3.959654820167717304e-01, 1.208265012617946721e-01, 2.070861148044101374e-01, 2.761219019170235156e-01
3.959589114022999401e-01, 1.208399106335693723e-01, 2.070552393990943985e-01, 2.761459385650363307e-01
3.959523168519311076e-01, 1.208533400832908777e-01, 2.070243739992312093e-01, 2.761699690655468054e-01
3.959456983825824228e-01, 1.208667896167510414e-01, 2.069935186205247857e-01, 2.761939933801417224e-01
3.959390560111717972e-01, 1.208802592397398151e-01, 2.069626732786826739e-01, 2.762180114704057554e-01
3.959323897546177529e-01, 1.208937489580453883e-01, 2.069318379894158344e-01, 2.762420232979210799e-01
3.959256996298392006e-01, 1.209072587774538410e-01, 2.069010127684388911e-01, 2.762660288242680395e-01
3.959189856537556618e-01, 1.209207887037495599e-01, 2.068701976314699931e-01, 2.762900280110247575e-01
3.959122478432871017e-01, 1.209343387427149058e-01, 2.068393925942305922e-01, 2.763140208197673586e-01
3.959054862153538745e-01, 1.209479089001303659e-01, 2.068085976724459984e-01, 2.763380072120698028e-01
3.958987007868767782e-01, 1.209614991817744567e-01, 2.067778128818446026e-01, 2.763619871495042735e-01
3.958918915747766665e-01, 1.209751095934238629e-01, 2.067470382381584593e-01, 2.763859605936409003e-01
3.958850585959753920e-01, 1.209887401408532848e-01, 2.067162737571232867e-01, 2.764099275060479255e-01
3.958782018673947523e-01, 1.210023908298354656e-01, 2.066855194544777730e-01, 2.764338878482918704e-01
3.958713214059567664e-01, 1.210160616661413585e-01, 2.066547753459645753e-01, 2.764578415819371471e-01
3.958644172285839535e-01, 1.210297526555397657e-01, 2.066240414473295151e-01, 2.764817886685467796e-01
3.958574893521987770e-01, 1.210434638037977129e-01, 2.065933177743217997e-01, 2.765057290696817938e-01
3.958505377937240333e-01, 1.210571951166800747e-01, 2.065626043426942171e-01, 2.765296627469015500e-01
3.958435625700829630e-01, 1.210709465999501855e-01, 2.065319011682029415e-01, 2.765535896617639655e-01
3.958365636981985292e-01, 1.210847182593688814e-01, 2.065012082666074500e-01, 2.765775097758250700e-01
3.958295411949941944e-01, 1.210985101006954029e-01, 2.064705256536708000e-01, 2.766014230506395055e-01
3.958224950773933104e-01, 1.211123221296869917e-01, 2.064398533451592965e-01, 2.766253294477604152e-01
3.958154253623193952e-01, 1.211261543520986833e-01, 2.064091913568426584e-01, 2.766492289287392770e-01
3.958083320666957450e-01, 1.211400067736839031e-01, 2.063785397044939629e-01, 2.766731214551264584e-01
3.958012152074460999e-01, 1.211538794001936620e-01, 2.063478984038898123e-01, 2.766970069884704397e-01
3.957940748014939225e-01, 1.211677722373773747e-01, 2.063172674708098897e-01, 2.767208854903188131e-01
3.957869108657626755e-01, 1.211816852909822356e-01, 2.062866469210375142e-01, 2.767447569222176718e-01
3.957797234171756551e-01, 1.211956185667535518e-01, 2.062560367703590858e-01, 2.767686212457117767e-01
3.957725124726563237e-01, 1.212095720704344792e-01, 2.062254370345645849e-01, 2.767924784223446677e-01
3.957652780491275890e-01, 1.212235458077663697e-01, 2.061948477294472115e-01, 2.768163284136587743e-01
3.957580201635128581e-01, 1.212375397844884656e-01, 2.061642688708032467e-01, 2.768401711811953603e-01
3.957507388327347053e-01, 1.212515540063379277e-01, 2.061337004744328572e-01, 2.768640066864945237e-01
3.957434340737158718e-01, 1.212655884790500294e-01, 2.061031425561389019e-01, 2.768878348910951970e-01
3.957361059033784878e-01, 1.212796432083579207e-01, 2.060725951317278759e-01, 2.769116557565356462e-01
3.957287543386451278e-01, 1.212937181999927672e-01, 2.060420582170094106e-01, 2.769354692443527499e-01
3.957213793964372006e-01, 1.213078134596836249e-01, 2.060115318277964958e-01, 2.769592753160826648e-01
3.957139810936764479e-01, 1.213219289931576211e-01, 2.059810159799054241e-01, 2.769830739332606040e-01
3.957065594472837233e-01, 1.213360648061397595e-01, 2.059505106891556248e-01, 2.770068650574208369e-01
3.956991144741801580e-01, 1.213502209043530594e-01, 2.059200159713698297e-01, 2.770306486500970222e-01
3.956916461912859395e-01, 1.213643972935183613e-01, 2.058895318423740461e-01, 2.770544246728217086e-01
3.956841546155209222e-01, 1.213785939793545904e-01, 2.058590583179972788e-01, 2.770781930871270560e-01
3.956766397638048494e-01, 1.213928109675785211e-01, 2.058285954140722795e-01, 2.771019538545443361e-01
3.956691016530564098e-01, 1.214070482639048876e-01, 2.057981431464344924e-01, 2.771257069366041548e-01
3.956615403001942366e-01, 1.214213058740463563e-01, 2.057677015309227475e-01, 2.771494522948366734e-01
3.956539557221361858e-01, 1.214355838037134566e-01, 2.057372705833792059e-01, 2.771731898907712210e-01
3.956463479357993362e-01, 1.214498820586147193e-01, 2.057068503196489984e-01, 2.771969196859369045e-01
3.956387169581008778e-01, 1.214642006444564687e-01, 2.056764407555805585e-01, 2.772206416418620534e-01
3.956310628059565571e-01, 1.214785395669431417e-01, 2.056460419070256507e-01, 2.772443557200747755e-01
3.956233854962818985e-01, 1.214928988317767466e-01, 2.056156537898387038e-01, 2.772680618821026233e-01
3.956156850459917051e-01, 1.215072784446575432e-01, 2.055852764198777549e-01, 2.772917600894729273e-01
3.956079614719999471e-01, 1.215216784112834458e-01, 2.055549098130038943e-01, 2.773154503037126295e-01
3.956002147912200950e-01, 1.215360987373503288e-01, 2.055245539850812375e-01, 2.773391324863483387e-01
3.955924450205642873e-01, 1.215505394285519292e-01, 2.054942089519771198e-01, 2.773628065989065528e-01
3.955846521769446622e-01, 1.215650004905798887e-01, 2.054638747295620127e-01, 2.773864726029133809e-01
3.955768362772718039e-01, 1.215794819291237255e-01, 2.054335513337093300e-01, 2.774101304598950990e-01
3.955689973384559077e-01, 1.215939837498706960e-01, 2.054032387802958715e-01, 2.774337801313775387e-01
3.955611353774060590e-01, 1.216085059585061134e-01, 2.053729370852012404e-01, 2.774574215788866427e-01
3.955532504110305658e-01, 1.216230485607130152e-01, 2.053426462643081762e-01, 2.774810547639482983e-01
3.955453424562366260e-01, 1.216376115621722598e-01, 2.053123663335027493e-01, 2.775046796480883926e-01
3.955374115299306603e-01, 1.216521949685627352e-01, 2.052820973086736944e-01, 2.775282961928328684e-01
3.955294576490179237e-01, 1.216667987855609701e-01, 2.052518392057132157e-01, 2.775519043597078350e-01
3.955214808304028939e-01, 1.216814230188413976e-01, 2.052215920405162652e-01, 2.775755041102395682e-01
3.955134810909884946e-01, 1.216960676740762165e-01, 2.051913558289810424e-01, 2.775990954059542881e-01
3.955054584476771495e-01, 1.217107327569356412e-01, 2.051611305870084667e-01, 2.776226782083787148e-01
3.954974129173700614e-01, 1.217254182730874990e-01, 2.051309163305029271e-01, 2.776462524790396236e-01
3.954893445169667676e-01, 1.217401242281974383e-01, 2.051007130753713104e-01, 2.776698181794643450e-01
3.954812532633663613e-01, 1.217548506279290954e-01, 2.050705208375240285e-01, 2.776933752711804315e-01
3.954731391734665480e-01, 1.217695974779437751e-01, 2.050403396328741024e-01, 2.777169237157157689e-01
3.954650022641632012e-01, 1.217843647839004922e-01, 2.050101694773376615e-01, 2.777404634745986867e-01
3.954568425523518060e-01, 1.217991525514562773e-01, 2.049800103868338885e-01, 2.777639945093580698e-01
3.954486600549261266e-01, 1.218139607862657597e-01, 2.049498623772847139e-01, 2.777875167815234136e-01
3.954404547887785948e-01, 1.218287894939814042e-01, 2.049197254646154820e-01, 2.778110302526244912e-01
3.954322267708005878e-01, 1.218436386802535798e-01, 2.048895996647538686e-01, 2.778345348841920193e-01
3.954239760178816510e-01, 1.218585083507301575e-01, 2.048594849936309914e-01, 2.778580306377571585e-01
3.954157025469106079e-01, 1.218733985110570101e-01, 2.048293814671806323e-01, 2.778815174748517358e-01
3.954074063747742840e-01, 1.218883091668776231e-01, 2.047992891013395711e-01, 2.779049953570084663e-01
3.953990875183582276e-01, 1.219032403238334145e-01, 2.047692079120475850e-01, 2.779284642457607868e-01
3.953907459945467107e-01, 1.219181919875632902e-01, 2.047391379152472823e-01, 2.779519241026427445e-01
3.953823818202222284e-01, 1.219331641637041441e-01, 2.047090791268839916e-01, 2.779753748891895526e-01
3.953739950122660551e-01, 1.219481568578904968e-01, 2.046790315629062607e-01, 2.779988165669373124e-01
3.953655855875574665e-01, 1.219631700757545373e-01, 2.046489952392652745e-01, 2.780222490974226801e-01
3.953571535629746281e-01, 1.219782038229262761e-01, 2.046189701719152709e-01, 2.780456724421838111e-01
3.953486989553938180e-01, 1.219932581050335030e-01, 2.045889563768130137e-01, 2.780690865627595820e-01
3.953402217816896491e-01, 1.220083329277015932e-01, 2.045589538699185972e-01, 2.780924914206900356e-01
3.953317220587354575e-01, 1.220234282965537431e-01, 2.045289626671945860e-01, 2.781158869775162690e-01
3.953231998034023031e-01, 1.220385442172106510e-01, 2.044989827846064034e-01, 2.781392731947806007e-01
3.953146550325599140e-01, 1.220536806952910169e-01, 2.044690142381225262e-01, 2.781626500340265706e-01
3.953060877630761305e-01, 1.220688377364110011e-01, 2.044390570437140675e-01, 2.781860174567988842e-01
3.952974980118170722e-01, 1.220840153461845157e-01, 2.044091112173548885e-01, 2.782093754246435791e-01
3.952888857956470270e-01, 1.220992135302232245e-01, 2.043791767750218202e-01, 2.782327238991079699e-01
3.952802511314284506e-01, 1.221144322941364185e-01, 2.043492537326943026e-01, 2.782560628417410364e-01
3.952715940360216340e-01, 1.221296716435310292e-01, 2.043193421063547177e-01, 2.782793922140925358e-01
3.952629145262859245e-01, 1.221449315840116984e-01, 2.042894419119881122e-01, 2.783027119777143898e-01
3.952542126190775607e-01, 1.221602121211806946e-01, 2.042595531655823082e-01, 2.783260220941594087e-01
3.952454883312515599e-01, 1.221755132606379968e-01, 2.042296758831279035e-01, 2.783493225249825676e-01
3.952367416796608302e-01, 1.221908350079811828e-01, 2.041998100806181327e-01, 2.783726132317398405e-01
3.952279726811560590e-01, 1.222061773688055408e-01, 2.041699557740491722e-01, 2.783958941759892003e-01
3.952191813525862685e-01, 1.222215403487038748e-01, 2.041401129794197522e-01, 2.784191653192901184e-01
3.952103677107982049e-01, 1.222369239532667684e-01, 2.041102817127311564e-01, 2.784424266232038425e-01
3.952015317726362831e-01, 1.222523281880822654e-01, 2.040804619899878880e-01, 2.784656780492933970e-01
3.951926735549435299e-01, 1.222677530587362449e-01, 2.040506538271966153e-01, 2.784889195591236377e-01
3.951837930745600302e-01, 1.222831985708120323e-01, 2.040208572403668930e-01, 2.785121511142610307e-01
3.951748903483242037e-01, 1.222986647298905799e-01, 2.039910722455109959e-01, 2.785353726762742066e-01
3.951659653930720828e-01, 1.223141515415506059e-01, 2.039612988586438080e-01, 2.785585842067336282e-01
3.951570182256373687e-01, 1.223296590113682192e-01, 2.039315370957828777e-01, 2.785817856672115900e-01
3.951480488628518195e-01, 1.223451871449171835e-01, 2.039017869729482790e-01, 2.786049770192826625e-01
3.951390573215447510e-01, 1.223607359477689449e-01, 2.038720485061630283e-01, 2.786281582245232480e-01
3.951300436185430920e-01, 1.223763054254924376e-01, 2.038423217114524733e-01, 2.786513292445119139e-01
3.951210077706716062e-01, 1.223918955836542227e-01, 2.038126066048447094e-01, 2.786744900408294479e-01
3.951119497947523929e-01, 1.224075064278184050e-01, 2.037829032023703857e-01, 2.786976405750588026e-01
3.951028697076055529e-01, 1.224231379635465633e-01, 2.037532115200628158e-01, 2.787207808087849847e-01
3.950937675260485227e-01, 1.224387901963981534e-01, 2.037235315739578945e-01, 2.787439107035954988e-01
3.950846432668963515e-01, 1.224544631319297583e-01, 2.036938633800939591e-01, 2.787670302210800144e-01
3.950754969469614797e-01, 1.224701567756958098e-01, 2.036642069545120670e-01, 2.787901393228305880e-01
3.950663285830542382e-01, 1.224858711332481587e-01, 2.036345623132559124e-01, 2.788132379704418851e-01
3.950571381919819047e-01, 1.225016062101362269e-01, 2.036049294723713543e-01, 2.788363261255105141e-01
3.950479257905495367e-01, 1.225173620119069939e-01, 2.035753084479072217e-01, 2.788594037496361366e-01
3.950386913955595825e-01, 1.225331385441048998e-01, 2.035456992559147860e-01, 2.788824708044206901e-01
3.950294350238118812e-01, 1.225489358122719696e-01, 2.035161019124476778e-01, 2.789055272514684991e-01
3.950201566921033303e-01, 1.225647538219476335e-01, 2.034865164335621923e-01, 2.789285730523868856e-01
3.950108564172286063e-01, 1.225805925786689898e-01, 2.034569428353168730e-01, 2.789516081687854476e-01
3.950015342159794440e-01, 1.225964520879705560e-01, 2.034273811337730942e-01, 2.789746325622769474e-01
3.949921901051446915e-01, 1.226123323553843514e-01, 2.033978313449945341e-01, 2.789976461944763675e-01
3.949828241015110319e-01, 1.226282333864397583e-01, 2.033682934850474522e-01, 2.790206490270017992e-01
3.949734362218617623e-01, 1.226441551866638835e-01, 2.033387675700003561e-01, 2.790436410214742202e-01
3.949640264829772929e-01, 1.226600977615811550e-01, 2.033092536159243346e-01, 2.790666221395171065e-01
3.949545949016360358e-01, 1.226760611167135029e-01, 2.032797516388931136e-01, 2.790895923427573755e-01
3.949451414946127392e-01, 1.226920452575803733e-01, 2.032502616549825003e-01, 2.791125515928243317e-01
3.949356662786794869e-01, 1.227080501896986031e-01, 2.032207836802709944e-01, 2.791354998513509433e-01
3.949261692706054205e-01, 1.227240759185824343e-01, 2.031913177308393992e-01, 2.791584370799726211e-01
3.949166504871570171e-01, 1.227401224497437909e-01, 2.031618638227709328e-01, 2.791813632403283285e-01
3.949071099450974232e-01, 1.227561897886917663e-01, 2.031324219721511726e-01, 2.792042782940596379e-01
3.948975476611868429e-01, 1.227722779409330112e-01, 2.031029921950681383e-01, 2.792271822028119521e-01
3.948879636521826497e-01, 1.227883869119717059e-01, 2.030735745076123200e-01, 2.792500749282333383e-01
3.948783579348389972e-01, 1.228045167073091859e-01, 2.030441689258763449e-01, 2.792729564319755275e-01
3.948687305259069857e-01, 1.228206673324445386e-01, 2.030147754659553938e-01, 2.792958266756931929e-01
3.948590814421344408e-01, 1.228368387928739786e-01, 2.029853941439468124e-01, 2.793186856210446156e-01
3.948494107002665787e-01, 1.228530310940913750e-01, 2.029560249759505830e-01, 2.793415332296915743e-01
3.948397183170447855e-01, 1.228692442415876690e-01, 2.029266679780686866e-01, 2.793643694632988450e-01
3.948300043092077272e-01, 1.228854782408515950e-01, 2.028973231664055465e-01, 2.793871942835352007e-01
3.948202686934904615e-01, 1.229017330973689592e-01, 2.028679905570679731e-01, 2.794100076520725784e-01
3.948105114866251042e-01, 1.229180088166231394e-01, 2.028386701661650249e-01, 2.794328095305865789e-01
3.948007327053406623e-01, 1.229343054040947930e-01, 2.028093620098079253e-01, 2.794555998807565778e-01
3.947909323663621461e-01, 1.229506228652619410e-01, 2.027800661041104791e-01, 2.794783786642654477e-01
3.947811104864119569e-01, 1.229669612056000227e-01, 2.027507824651883506e-01, 2.795011458427996698e-01
3.947712670822087766e-01, 1.229833204305818550e-01, 2.027215111091597577e-01, 2.795239013780497217e-01
3.947614021704676790e-01, 1.229997005456775205e-01, 2.026922520521451943e-01, 2.795466452317096340e-01
3.947515157679010178e-01, 1.230161015563544652e-01, 2.026630053102670970e-01, 2.795693773654774339e-01
3.947416078912170945e-01, 1.230325234680775676e-01, 2.026337708996504283e-01, 2.795920977410549235e-01
3.947316785571209352e-01, 1.230489662863089584e-01, 2.026045488364222880e-01, 2.796148063201479017e-01
3.947217277823140136e-01, 1.230654300165080761e-01, 2.025753391367117739e-01, 2.796375030644660531e-01
3.947117555834945279e-01, 1.230819146641317641e-01, 2.025461418166505378e-01, 2.796601879357231701e-01
3.947017619773565134e-01, 1.230984202346341733e-01, 2.025169568923723129e-01, 2.796828608956369311e-01
3.946917469805913958e-01, 1.231149467334665959e-01, 2.024877843800127197e-01, 2.797055219059293441e-01
3.946817106098859385e-01, 1.231314941660778539e-01, 2.024586242957099047e-01, 2.797281709283263029e-01
3.946716528819241288e-01, 1.231480625379139104e-01, 2.024294766556040126e-01, 2.797508079245579760e-01
3.946615738133857354e-01, 1.231646518544180363e-01, 2.024003414758373254e-01, 2.797734328563588058e-01
3.946514734209470854e-01, 1.231812621210309766e-01, 2.023712187725543454e-01, 2.797960456854676203e-01
3.946413517212806199e-01, 1.231978933431904788e-01, 2.023421085619016291e-01, 2.798186463736273000e-01
3.946312087310552830e-01, 1.232145455263317368e-01, 2.023130108600279531e-01, 2.798412348825851104e-01
3.946210444669359663e-01, 1.232312186758870998e-01, 2.022839256830841204e-01, 2.798638111740928691e-01
3.946108589455840088e-01, 1.232479127972862520e-01, 2.022548530472227934e-01, 2.798863752099068347e-01
3.946006521836568637e-01, 1.232646278959561442e-01, 2.022257929685993272e-01, 2.799089269517877065e-01
3.945904241978078208e-01, 1.232813639773209097e-01, 2.021967454633706029e-01, 2.799314663615005139e-01
3.945801750046868950e-01, 1.232981210468020172e-01, 2.021677105476957503e-01, 2.799539934008153375e-01
3.945699046209395489e-01, 1.233148991098180214e-01, 2.021386882377361194e-01, 2.799765080315063659e-01
3.945596130632076926e-01, 1.233316981717848260e-01, 2.021096785496547532e-01, 2.799990102153527283e-01
3.945493003481292948e-01, 1.233485182381154344e-01, 2.020806814996170819e-01, 2.800214999141382166e-01
3.945389664923379391e-01, 1.233653593142203381e-01, 2.020516971037902842e-01, 2.800439770896513969e-01
3.945286115124638782e-01, 1.233822214055068367e-01, 2.020227253783438426e-01, 2.800664417036855536e-01
3.945182354251325352e-01, 1.233991045173797180e-01, 2.019937663394490157e-01, 2.800888937180388560e-01
3.945078382469657252e-01, 1.234160086552409663e-01, 2.019648200032790331e-01, 2.801113330945144142e-01
3.944974199945809890e-01, 1.234329338244895130e-01, 2.019358863860094000e-01, 2.801337597949200564e-01
3.944869806845919813e-01, 1.234498800305217497e-01, 2.019069655038173150e-01, 2.801561737810689956e-01
3.944765203336078607e-01, 1.234668472787311400e-01, 2.018780573728819194e-01, 2.801785750147790521e-01
3.944660389582340110e-01, 1.234838355745082328e-01, 2.018491620093845196e-01, 2.802009634578731534e-01
3.944555365750711529e-01, 1.235008449232408989e-01, 2.018202794295083924e-01, 2.802233390721796114e-01
3.944450132007160104e-01, 1.235178753303139698e-01, 2.017914096494383969e-01, 2.802457018195315674e-01
3.944344688517610331e-01, 1.235349268011095847e-01, 2.017625526853618068e-01, 2.802680516617676587e-01
3.944239035447944519e-01, 1.235519993410070100e-01, 2.017337085534672003e-01, 2.802903885607314072e-01
3.944133172963998346e-01, 1.235690929553825840e-01, 2.017048772699457093e-01, 2.803127124782719415e-01
3.944027101231568633e-01, 1.235862076496098000e-01, 2.016760588509899088e-01, 2.803350233762433863e-01
3.943920820416405015e-01, 1.236033434290592786e-01, 2.016472533127944555e-01, 2.803573212165056949e-01
3.943814330684216052e-01, 1.236205002990988927e-01, 2.016184606715558103e-01, 2.803796059609237057e-01
3.943707632200663116e-01, 1.236376782650932954e-01, 2.015896809434722381e-01, 2.804018775713681411e-01
3.943600725131362617e-01, 1.236548773324045725e-01, 2.015609141447440578e-01, 2.804241360097150526e-01
3.943493609641892106e-01, 1.236720975063917427e-01, 2.015321602915731980e-01, 2.804463812378459320e-01
3.943386285897775290e-01, 1.236893387924109522e-01, 2.015034194001635859e-01, 2.804686132176479885e-01
3.943278754064496461e-01, 1.237066011958154049e-01, 2.014746914867208416e-01, 2.804908319110140935e-01
3.943171014307493838e-01, 1.237238847219555016e-01, 2.014459765674523894e-01, 2.805130372798427252e-01
3.943063066792156790e-01, 1.237411893761785620e-01, 2.014172746585677076e-01, 2.805352292860380792e-01
3.942954911683830832e-01, 1.237585151638290193e-01, 2.013885857762776621e-01, 2.805574078915101799e-01
3.942846549147814295e-01, 1.237758620902484619e-01, 2.013599099367952561e-01, 2.805795730581748804e-01
3.942737979349358879e-01, 1.237932301607753555e-01, 2.013312471563351025e-01, 2.806017247479536958e-01
3.942629202453668547e-01, 1.238106193807453209e-01, 2.013025974511135074e-01, 2.806238629227743031e-01
3.942520218625902850e-01, 1.238280297554910508e-01, 2.012739608373485256e-01, 2.806459875445701524e-01
3.942411028031169717e-01, 1.238454612903421848e-01, 2.012453373312602101e-01, 2.806680985752806889e-01
3.942301630834532111e-01, 1.238629139906253507e-01, 2.012167269490700294e-01, 2.806901959768514643e-01
3.942192027201001370e-01, 1.238803878616644011e-01, 2.011881297070012009e-01, 2.807122797112341916e-01
3.942082217295546642e-01, 1.238978829087799827e-01, 2.011595456212789401e-01, 2.807343497403864130e-01
3.941972201283083788e-01, 1.239153991372898000e-01, 2.011309747081297117e-01, 2.807564060262721095e-01
3.941861979328479815e-01, 1.239329365525086296e-01, 2.011024169837821174e-01, 2.807784485308613132e-01
3.941751551596552328e-01, 1.239504951597482363e-01, 2.010738724644659803e-01, 2.808004772161304952e-01
3.941640918252074521e-01, 1.239680749643172486e-01, 2.010453411664132328e-01, 2.808224920440622330e-01
3.941530079459761859e-01, 1.239856759715213808e-01, 2.010168231058569455e-01, 2.808444929766454878e-01
3.941419035384285952e-01, 1.240032981866632383e-01, 2.009883182990324368e-01, 2.808664799758756603e-01
3.941307786190267337e-01, 1.240209416150425126e-01, 2.009598267621761358e-01, 2.808884530037545901e-01
3.941196332042272710e-01, 1.240386062619558138e-01, 2.009313485115263864e-01, 2.809104120222905565e-01
3.941084673104822134e-01, 1.240562921326965329e-01, 2.009028835633230037e-01, 2.809323569934983333e-01
3.940972809542379052e-01, 1.240739992325552710e-01, 2.008744319338074680e-01, 2.809542878793994114e-01
3.940860741519363053e-01, 1.240917275668193265e-01, 2.008459936392227307e-01, 2.809762046420216097e-01
3.940748469200135995e-01, 1.241094771407731112e-01, 2.008175686958134365e-01, 2.809981072433996863e-01
3.940635992749009775e-01, 1.241272479596979561e-01, 2.007891571198260339e-01, 2.810199956455750603e-01
3.940523312330245775e-01, 1.241450400288718614e-01, 2.007607589275078319e-01, 2.810418698105958124e-01
3.940410428108050422e-01, 1.241628533535700657e-01, 2.007323741351083601e-01, 2.810637297005165736e-01
3.940297340246579072e-01, 1.241806879390644353e-01, 2.007040027588783415e-01, 2.810855752773993022e-01
3.940184048909932124e-01, 1.241985437906239775e-01, 2.006756448150701644e-01, 2.811074065033124514e-01
3.940070554262160019e-01, 1.242164209135144248e-01, 2.006473003199377714e-01, 2.811292233403316354e-01
3.939956856467257684e-01, 1.242343193129984424e-01, 2.006189692897363819e-01, 2.811510257505394073e-01
3.939842955689166759e-01, 1.242522389943355177e-01, 2.005906517407227696e-01, 2.811728136960250368e-01
3.939728852091772260e-01, 1.242701799627821263e-01, 2.005623476891552626e-01, 2.811945871388852325e-01
3.939614545838910908e-01, 1.242881422235914551e-01, 2.005340571512937986e-01, 2.812163460412236970e-01
3.939500037094357809e-01, 1.243061257820136239e-01, 2.005057801433995368e-01, 2.812380903651510722e-01
3.939385326021839218e-01, 1.243241306432956994e-01, 2.004775166817350796e-01, 2.812598200727853825e-01
3.939270412785020881e-01, 1.243421568126813759e-01, 2.004492667825646113e-01, 2.812815351262518693e-01
3.939155297547519141e-01, 1.243602042954112946e-01, 2.004210304621537320e-01, 2.813032354876831564e-01
3.939039980472888725e-01, 1.243782730967230160e-01, 2.003928077367692073e-01, 2.813249211192189181e-01
3.938924461724633286e-01, 1.243963632218507004e-01, 2.003645986226795517e-01, 2.813465919830064332e-01
3.938808741466195973e-01, 1.244144746760255382e-01, 2.003364031361544451e-01, 2.813682480412003084e-01
3.938692819860968863e-01, 1.244326074644754310e-01, 2.003082212934650941e-01, 2.813898892559625886e-01
3.938576697072280752e-01, 1.244507615924249910e-01, 2.002800531108839266e-01, 2.814115155894629239e-01
3.938460373263409919e-01, 1.244689370650957916e-01, 2.002518986046848137e-01, 2.814331270038783472e-01
3.938343848597572472e-01, 1.244871338877061168e-01, 2.002237577911429312e-01, 2.814547234613936633e-01
3.938227123237929006e-01, 1.245053520654709478e-01, 2.001956306865348978e-01, 2.814763049242011150e-01
3.938110197347584052e-01, 1.245235916036021018e-01, 2.001675173071384706e-01, 2.814978713545009392e-01
3.937993071089580521e-01, 1.245418525073082733e-01, 2.001394176692329607e-01, 2.815194227145007000e-01
3.937875744626905261e-01, 1.245601347817947013e-01, 2.001113317890987064e-01, 2.815409589664161216e-01
3.937758218122485165e-01, 1.245784384322634608e-01, 2.000832596830175725e-01, 2.815624800724704224e-01
3.937640491739190507e-01, 1.245967634639135041e-01, 2.000552013672725615e-01, 2.815839859948948698e-01
3.937522565639830496e-01, 1.246151098819402586e-01, 2.000271568581479531e-01, 2.816054766959285582e-01
3.937404439987156057e-01, 1.246334776915361681e-01, 1.999991261719294422e-01, 2.816269521378187424e-01
3.937286114943857607e-01, 1.246518668978900818e-01, 1.999711093249038341e-01, 2.816484122828203374e-01
3.937167590672565609e-01, 1.246702775061878099e-01, 1.999431063333592107e-01, 2.816698570931965295e-01
3.937048867335851687e-01, 1.246887095216118180e-01, 1.999151172135846810e-01, 2.816912865312184433e-01
3.936929945096223626e-01, 1.247071629493411576e-01, 1.998871419818709361e-01, 2.817127005591655298e-01
3.936810824116134255e-01, 1.247256377945516886e-01, 1.998591806545096106e-01, 2.817340991393252336e-01
3.936691504557970345e-01, 1.247441340624159123e-01, 1.998312332477936992e-01, 2.817554822339933818e-01
3.936571986584058713e-01, 1.247626517581029992e-01, 1.998032997780171960e-01, 2.817768498054739057e-01
3.936452270356665673e-01, 1.247811908867788311e-01, 1.997753802614753438e-01, 2.817982018160792301e-01
3.936332356037995917e-01, 1.247997514536058894e-01, 1.997474747144645513e-01, 2.818195382281298289e-01
3.936212243790191967e-01, 1.248183334637433667e-01, 1.997195831532823374e-01, 2.818408590039550021e-01
3.936091933775332508e-01, 1.248369369223471109e-01, 1.996917055942275809e-01, 2.818621641058920990e-01
3.935971426155433495e-01, 1.248555618345695006e-01, 1.996638420535998826e-01, 2.818834534962872951e-01
3.935850721092450377e-01, 1.248742082055596947e-01, 1.996359925477002584e-01, 2.819047271374949815e-01
3.935729818748274211e-01, 1.248928760404633964e-01, 1.996081570928307514e-01, 2.819259849918784866e-01
3.935608719284733881e-01, 1.249115653444228813e-01, 1.995803357052943483e-01, 2.819472270218093546e-01
3.935487422863591656e-01, 1.249302761225772190e-01, 1.995525284013954515e-01, 2.819684531896682333e-01
3.935365929646549854e-01, 1.249490083800618018e-01, 1.995247351974391292e-01, 2.819896634578440420e-01
3.935244239795241961e-01, 1.249677621220089685e-01, 1.994969561097319211e-01, 2.820108577887348589e-01
3.935122353471242618e-01, 1.249865373535472973e-01, 1.994691911545809493e-01, 2.820320361447474222e-01
3.935000270836058189e-01, 1.250053340798021884e-01, 1.994414403482948628e-01, 2.820531984882971854e-01
3.934877992051128426e-01, 1.250241523058954751e-01, 1.994137037071830043e-01, 2.820743447818087057e-01
3.934755517277833126e-01, 1.250429920369456882e-01, 1.993859812475557158e-01, 2.820954749877152556e-01
3.934632846677482698e-01, 1.250618532780678471e-01, 1.993582729857244495e-01, 2.821165890684594335e-01
3.934509980411322605e-01, 1.250807360343734742e-01, 1.993305789380017679e-01, 2.821376869864925530e-01
3.934386918640531694e-01, 1.250996403109707333e-01, 1.993028991207008438e-01, 2.821587687042751424e-01
3.934263661526226086e-01, 1.251185661129642357e-01, 1.992752335501363492e-01, 2.821798341842768343e-01
3.934140209229450846e-01, 1.251375134454552340e-01, 1.992475822426233723e-01, 2.822008833889763091e-01
3.934016561911186094e-01, 1.251564823135414006e-01, 1.992199452144782224e-01, 2.822219162808618509e-01
3.933892719732344778e-01, 1.251754727223169383e-01, 1.991923224820180971e-01, 2.822429328224304590e-01
3.933768682853774346e-01, 1.251944846768725805e-01, 1.991647140615611378e-01, 2.822639329761889027e-01
3.933644451436251188e-01, 1.252135181822956744e-01, 1.991371199694263738e-01, 2.822849167046529439e-01
3.933520025640485640e-01, 1.252325732436697925e-01, 1.991095402219336952e-01, 2.823058839703479483e-01
3.933395405627121977e-01, 1.252516498660752320e-01, 1.990819748354038798e-01, 2.823268347358086627e-01
3.933270591556733420e-01, 1.252707480545886543e-01, 1.990544238261586496e-01, 2.823477689635793819e-01
3.933145583589823802e-01, 1.252898678142832234e-01, 1.990268872105205866e-01, 2.823686866162137821e-01
3.933020381886829231e-01, 1.253090091502286063e-01, 1.989993650048130225e-01, 2.823895876562753648e-01
3.932894986608121424e-01, 1.253281720674908339e-01, 1.989718572253601769e-01, 2.824104720463368468e-01
3.932769397913993825e-01, 1.253473565711324955e-01, 1.989443638884871024e-01, 2.824313397489810473e-01
3.932643615964676043e-01, 1.253665626662124055e-01, 1.989168850105197672e-01, 2.824521907268001675e-01
3.932517640920327184e-01, 1.253857903577861310e-01, 1.988894206077847504e-01, 2.824730249423964556e-01
3.932391472941034194e-01, 1.254050396509054088e-01, 1.988619706966095468e-01, 2.824938423583816527e-01
3.932265112186815736e-01, 1.254243105506184786e-01, 1.988345352933224008e-01, 2.825146429373774914e-01
3.932138558817618312e-01, 1.254436030619700548e-01, 1.988071144142523894e-01, 2.825354266420156968e-01
3.932011812993319033e-01, 1.254629171900011886e-01, 1.987797080757292556e-01, 2.825561934349377635e-01
3.931884874873721181e-01, 1.254822529397492115e-01, 1.987523162940834920e-01, 2.825769432787952340e-01
3.931757744618558648e-01, 1.255016103162480967e-01, 1.987249390856463682e-01, 2.825976761362496426e-01
3.931630422387493717e-01, 1.255209893245279595e-01, 1.986975764667498201e-01, 2.826183919699727376e-01
3.931502908340114844e-01, 1.255403899696155012e-01, 1.986702284537266994e-01, 2.826390907426462595e-01
3.931375202635941091e-01, 1.255598122565335928e-01, 1.986428950629103296e-01, 2.826597724169620518e-01
3.931247305434414918e-01, 1.255792561903014970e-01, 1.986155763106347560e-01, 2.826804369556222274e-01
3.931119216894912172e-01, 1.255987217759349239e-01, 1.985882722132346900e-01, 2.827010843213392799e-01
3.930990937176727096e-01, 1.256182090184459477e-01, 1.985609827870456479e-01, 2.827217144768358059e-01
3.930862466439087877e-01, 1.256377179228427565e-01, 1.985337080484036176e-01, 2.827423273848447827e-01
3.930733804841147760e-01, 1.256572484941300416e-01, 1.985064480136453091e-01, 2.827629230081097900e-01
3.930604952541982833e-01, 1.256768007373088858e-01, 1.984792026991082647e-01, 2.827835013093845107e-01
3.930475909700599790e-01, 1.256963746573764584e-01, 1.984519721211301657e-01, 2.828040622514334523e-01
3.930346676475927059e-01, 1.257159702593264039e-01, 1.984247562960496925e-01, 2.828246057970311700e-01
3.930217253026819235e-01, 1.257355875481485641e-01, 1.983975552402060805e-01, 2.828451319089633764e-01
3.930087639512058195e-01, 1.257552265288291171e-01, 1.983703689699390094e-01, 2.828656405500259985e-01
3.929957836090350876e-01, 1.257748872063505219e-01, 1.983431975015886306e-01, 2.828861316830257322e-01
3.929827842920323722e-01, 1.257945695856914625e-01, 1.983160408514961781e-01, 2.829066052707800982e-01
3.929697660160533235e-01, 1.258142736718269594e-01, 1.982888990360027193e-01, 2.829270612761169978e-01
3.929567287969457645e-01, 1.258339994697282860e-01, 1.982617720714502929e-01, 2.829474996618756566e-01
3.929436726505500799e-01, 1.258537469843628021e-01, 1.982346599741814652e-01, 2.829679203909056806e-01
3.929305975926986050e-01, 1.258735162206943703e-01, 1.982075627605391910e-01, 2.829883234260678893e-01
3.929175036392164588e-01, 1.258933071836828566e-01, 1.981804804468669523e-01, 2.830087087302338156e-01
3.929043908059208223e-01, 1.259131198782844907e-01, 1.981534130495085366e-01, 2.830290762662860948e-01
3.928912591086213268e-01, 1.259329543094516168e-01, 1.981263605848086751e-01, 2.830494259971183535e-01
3.928781085631198877e-01, 1.259528104821328875e-01, 1.980993230691119877e-01, 2.830697578856353203e-01
3.928649391852100936e-01, 1.259726884012731252e-01, 1.980723005187640662e-01, 2.830900718947527706e-01
3.928517509906785388e-01, 1.259925880718133218e-01, 1.980452929501105575e-01, 2.831103679873976375e-01
3.928385439953035463e-01, 1.260125094986905836e-01, 1.980183003794977192e-01, 2.831306461265081231e-01
3.928253182148557232e-01, 1.260324526868383810e-01, 1.979913228232722255e-01, 2.831509062750336980e-01
3.928120736650976830e-01, 1.260524176411861597e-01, 1.979643602977810557e-01, 2.831711483959349906e-01
3.927988103617843785e-01, 1.260724043666597016e-01, 1.979374128193717164e-01, 2.831913724521841758e-01
3.927855283206625470e-01, 1.260924128681807921e-01, 1.979104804043919363e-01, 2.832115784067647524e-01
3.927722275574713207e-01, 1.261124431506673860e-01, 1.978835630691899161e-01, 2.832317662226714328e-01
3.927589080879415051e-01, 1.261324952190337190e-01, 1.978566608301141894e-01, 2.832519358629106976e-01
3.927455699277960788e-01, 1.261525690781899744e-01, 1.978297737035136505e-01, 2.832720872905004073e-01
3.927322130927500266e-01, 1.261726647330425055e-01, 1.978029017057374439e-01, 2.832922204684700240e-01
3.927188375985103952e-01, 1.261927821884938905e-01, 1.977760448531351301e-01, 2.833123353598606120e-01
3.927054434607759048e-01, 1.262129214494426832e-01, 1.977492031620564084e-01, 2.833324319277250036e-01
3.926920306952372264e-01, 1.262330825207835516e-01, 1.977223766488516443e-01, 2.833525101351275222e-01
3.926785993175770928e-01, 1.262532654074073335e-01, 1.976955653298711757e-01, 2.833725699451445368e-01
3.926651493434699103e-01, 1.262734701142008142e-01, 1.976687692214655068e-01, 2.833926113208638520e-01
3.926516807885820359e-01, 1.262936966460470600e-01, 1.976419883399856137e-01, 2.834126342253852626e-01
3.926381936685714447e-01, 1.263139450078249459e-01, 1.976152227017828333e-01, 2.834326386218207205e-01
3.926246879990881733e-01, 1.263342152044096001e-01, 1.975884723232084472e-01, 2.834526244732937239e-01
3.926111637957736544e-01, 1.263545072406721537e-01, 1.975617372206140976e-01, 2.834725917429399833e-01
3.925976210742613826e-01, 1.263748211214797135e-01, 1.975350174103517320e-01, 2.834925403939071442e-01
3.925840598501763590e-01, 1.263951568516954727e-01, 1.975083129087732425e-01, 2.835124703893549536e-01
3.925704801391353138e-01, 1.264155144361786831e-01, 1.974816237322308821e-01, 2.835323816924552043e-01
3.925568819567464285e-01, 1.264358938797845167e-01, 1.974549498970770423e-01, 2.835522742663919571e-01
3.925432653186100018e-01, 1.264562951873642038e-01, 1.974282914196643646e-01, 2.835721480743614853e-01
3.925296302403173954e-01, 1.264767183637651171e-01, 1.974016483163454905e-01, 2.835920030795720526e-01
3.925159767374518660e-01, 1.264971634138302437e-01, 1.973750206034732002e-01, 2.836118392452446901e-01
3.925023048255881775e-01, 1.265176303423990456e-01, 1.973484082974005238e-01, 2.836316565346123086e-01
3.924886145202923227e-01, 1.265381191543064610e-01, 1.973218114144805746e-01, 2.836514549109205308e-01
3.924749058371224120e-01, 1.265586298543838750e-01, 1.972952299710664936e-01, 2.836712343374272471e-01
3.924611787916273409e-01, 1.265791624474582877e-01, 1.972686639835114497e-01, 2.836909947774028939e-01
3.924474333993479003e-01, 1.265997169383527576e-01, 1.972421134681689170e-01, 2.837107361941303973e-01
3.924336696758161658e-01, 1.266202933318863744e-01, 1.972155784413921753e-01, 2.837304585509051180e-01
3.924198876365556088e-01, 1.266408916328740364e-01, 1.971890589195347543e-01, 2.837501618110355173e-01
3.924060872970812075e-01, 1.266615118461266176e-01, 1.971625549189500448e-01, 2.837698459378422688e-01
3.923922686728988363e-01, 1.266821539764508842e-01, 1.971360664559916320e-01, 2.837895108946587031e-01
3.923784317795062648e-01, 1.267028180286495775e-01, 1.971095935470130178e-01, 2.838091566448311398e-01
3.923645766323922146e-01, 1.267235040075212482e-01, 1.970831362083677041e-01, 2.838287831517188331e-01
3.923507032470369693e-01, 1.267442119178604776e-01, 1.970566944564091649e-01, 2.838483903786934159e-01
3.923368116389115978e-01, 1.267649417644575727e-01, 1.970302683074910133e-01, 2.838679782891397885e-01
3.923229018234788978e-01, 1.267856935520988715e-01, 1.970038577779664735e-01, 2.838875468464557295e-01
3.923089738161925633e-01, 1.268064672855664099e-01, 1.969774628841891306e-01, 2.839070960140519517e-01
3.922950276324974617e-01, 1.268272629696382825e-01, 1.969510836425122091e-01, 2.839266257553520467e-01
3.922810632878298009e-01, 1.268480806090882818e-01, 1.969247200692890720e-01, 2.839461360337930396e-01
3.922670807976165741e-01, 1.268689202086860368e-01, 1.968983721808727216e-01, 2.839656268128245009e-01
3.922530801772764475e-01, 1.268897817731972077e-01, 1.968720399936164378e-01, 2.839850980559099902e-01
3.922390614422185395e-01, 1.269106653073830138e-01, 1.968457235238730285e-01, 2.840045497265254459e-01
3.922250246078433644e-01, 1.269315708160007050e-01, 1.968194227879954128e-01, 2.840239817881605733e-01
3.922109696895424436e-01, 1.269524983038032573e-01, 1.967931378023362321e-01, 2.840433942043181781e-01
3.921968967026981390e-01, 1.269734477755393998e-01, 1.967668685832479614e-01, 2.840627869385144444e-01
3.921828056626839865e-01, 1.269944192359537816e-01, 1.967406151470832143e-01, 2.840821599542791009e-01
3.921686965848643625e-01, 1.270154126897867219e-01, 1.967143775101939940e-01, 2.841015132151550326e-01
3.921545694845944841e-01, 1.270364281417743491e-01, 1.966881556889323590e-01, 2.841208466846987801e-01
3.921404243772207976e-01, 1.270574655966486000e-01, 1.966619496996501737e-01, 2.841401603264804288e-01
3.921262612780802015e-01, 1.270785250591371651e-01, 1.966357595586991636e-01, 2.841594541040835531e-01
3.921120802025007679e-01, 1.270996065339634051e-01, 1.966095852824304713e-01, 2.841787279811054390e-01
3.920978811658011320e-01, 1.271207100258465450e-01, 1.965834268871954060e-01, 2.841979819211569724e-01
3.920836641832909919e-01, 1.271418355395015076e-01, 1.965572843893447774e-01, 2.842172158878626953e-01
3.920694292702707195e-01, 1.271629830796388583e-01, 1.965311578052293950e-01, 2.842364298448610271e-01
3.920551764420314722e-01, 1.271841526509648879e-01, 1.965050471511993191e-01, 2.842556237558043208e-01
3.920409057138549702e-01, 1.272053442581818350e-01, 1.964789524436049151e-01, 2.842747975843581965e-01
3.920266171010138856e-01, 1.272265579059873308e-01, 1.964528736987957436e-01, 2.842939512942030400e-01
3.920123106187713979e-01, 1.272477935990748432e-01, 1.964268109331214762e-01, 2.843130848490322826e-01
3.919979862823814720e-01, 1.272690513421334824e-01, 1.964007641629310630e-01, 2.843321982125540659e-01
3.919836441070884692e-01, 1.272903311398480841e-01, 1.963747334045733428e-01, 2.843512913484901872e-01
3.919692841081276469e-01, 1.273116329968991267e-01, 1.963487186743967106e-01, 2.843703642205764326e-01
3.919549063007248257e-01, 1.273329569179628140e-01, 1.963227199887493390e-01, 2.843894167925630212e-01
3.919405107000961119e-01, 1.273543029077108257e-01, 1.962967373639789015e-01, 2.844084490282141608e-01
3.919260973214483412e-01, 1.273756709708105950e-01, 1.962707708164327103e-01, 2.844274608913082703e-01
3.919116661799789680e-01, 1.273970611119252527e-01, 1.962448203624575782e-01, 2.844464523456380900e-01
3.918972172908757878e-01, 1.274184733357134891e-01, 1.962188860184001238e-01, 2.844654233550107381e-01
3.918827506693167706e-01, 1.274399076468295533e-01, 1.961929678006062994e-01, 2.844843738832472657e-01
3.918682663304710601e-01, 1.274613640499233647e-01, 1.961670657254218075e-01, 2.845033038941837678e-01
3.918537642894975859e-01, 1.274828425496404571e-01, 1.961411798091917402e-01, 2.845222133516703278e-01
3.918392445615456743e-01, 1.275043431506219238e-01, 1.961153100682608286e-01, 2.845411022195714623e-01
3.918247071617556587e-01, 1.275258658575044168e-01, 1.960894565189734429e-01, 2.845599704617665648e-01
3.918101521052573810e-01, 1.275474106749202030e-01, 1.960636191776729820e-01, 2.845788180421494062e-01
3.917955794071714681e-01, 1.275689776074971082e-01, 1.960377980607029835e-01, 2.845976449246284123e-01
3.917809890826088326e-01, 1.275905666598585453e-01, 1.960119931844060137e-01, 2.846164510731266639e-01
3.917663811466705615e-01, 1.276121778366233750e-01, 1.959862045651242224e-01, 2.846352364515819522e-01
3.917517556144479163e-01, 1.276338111424061006e-01, 1.959604322191992876e-01, 2.846540010239466678e-01
3.917371125010226107e-01, 1.276554665818166179e-01, 1.959346761629722766e-01, 2.846727447541885225e-01
3.917224518214662554e-01, 1.276771441594606038e-01, 1.959089364127836463e-01, 2.846914676062894944e-01
3.917077735908408576e-01, 1.276988438799389336e-01, 1.958832129849734927e-01, 2.847101695442467717e-01
3.916930778241985989e-01, 1.277205657478481804e-01, 1.958575058958808568e-01, 2.847288505320723639e-01
3.916783645365815025e-01, 1.277423097677803099e-01, 1.958318151618447245e-01, 2.847475105337934353e-01
3.916636337430219883e-01, 1.277640759443230134e-01, 1.958061407992029712e-01, 2.847661495134519716e-01
3.916488854585424284e-01, 1.277858642820590973e-01, 1.957804828242931949e-01, 2.847847674351051683e-01
3.916341196981553696e-01, 1.278076747855670658e-01, 1.957548412534521332e-01, 2.848033642628253204e-01
3.916193364768632001e-01, 1.278295074594208713e-01, 1.957292161030160516e-01, 2.848219399606998214e-01
3.916045358096583162e-01, 1.278513623081898309e-01, 1.957036073893203831e-01, 2.848404944928314420e-01
3.915897177115232330e-01, 1.278732393364387376e-01, 1.956780151286998670e-01, 2.848590278233380513e-01
3.915748821974304739e-01, 1.278951385487279435e-01, 1.956524393374886317e-01, 2.848775399163529509e-01
3.915600292823423478e-01, 1.279170599496129712e-01, 1.956268800320200285e-01, 2.848960307360247080e-01
3.915451589812108946e-01, 1.279390035436449857e-01, 1.956013372286267427e-01, 2.849145002465173215e-01
3.915302713089785502e-01, 1.279609693353704891e-01, 1.955758109436407377e-01, 2.849329484120101674e-01
3.915153662805772039e-01, 1.279829573293313205e-01, 1.955503011933930613e-01, 2.849513751966982755e-01
3.915004439109287526e-01, 1.280049675300647949e-01, 1.955248079942142336e-01, 2.849697805647921633e-01
3.914855042149448239e-01, 1.280269999421035643e-01, 1.954993313624338869e-01, 2.849881644805177250e-01
3.914705472075269421e-01, 1.280490545699756455e-01, 1.954738713143806816e-01, 2.850065269081166752e-01
3.914555729035662512e-01, 1.280711314182044203e-01, 1.954484278663828900e-01, 2.850248678118464385e-01
3.914405813179437366e-01, 1.280932304913086905e-01, 1.954230010347675073e-01, 2.850431871559800934e-01
3.914255724655301139e-01, 1.281153517938025677e-01, 1.953975908358610292e-01, 2.850614849048063726e-01
3.914105463611856628e-01, 1.281374953301953890e-01, 1.953721972859889799e-01, 2.850797610226299406e-01
3.913955030197606155e-01, 1.281596611049920231e-01, 1.953468204014760234e-01, 2.850980154737712269e-01
3.913804424560947126e-01, 1.281818491226924261e-01, 1.953214601986461019e-01, 2.851162482225667594e-01
3.913653646850170920e-01, 1.282040593877920853e-01, 1.952961166938218807e-01, 2.851344592333688865e-01
3.913502697213468995e-01, 1.282262919047816307e-01, 1.952707899033255534e-01, 2.851526484705458331e-01
3.913351575798924564e-01, 1.282485466781471961e-01, 1.952454798434782313e-01, 2.851708158984820329e-01
3.913200282754520365e-01, 1.282708237123698081e-01, 1.952201865306001372e-01, 2.851889614815779628e-01
3.913048818228131442e-01, 1.282931230119262189e-01, 1.951949099810105503e-01, 2.852070851842500310e-01
3.912897182367529592e-01, 1.283154445812880740e-01, 1.951696502110277509e-01, 2.852251869709312437e-01
3.912745375320380026e-01, 1.283377884249225498e-01, 1.951444072369690752e-01, 2.852432668060704279e-01
3.912593397234244708e-01, 1.283601545472919103e-01, 1.951191810751508604e-01, 2.852613246541327863e-01
3.912441248256576798e-01, 1.283825429528536732e-01, 1.950939717418886388e-01, 2.852793604795999527e-01
3.912288928534727317e-01, 1.284049536460606378e-01, 1.950687792534967213e-01, 2.852973742469698260e-01
3.912136438215940704e-01, 1.284273866313608847e-01, 1.950436036262884754e-01, 2.853153659207566251e-01
3.911983777447350374e-01, 1.284498419131975266e-01, 1.950184448765762135e-01, 2.853333354654911669e-01
3.911830946375989271e-01, 1.284723194960090131e-01, 1.949933030206713602e-01, 2.853512828457206996e-01
3.911677945148780422e-01, 1.284948193842289366e-01, 1.949681780748839799e-01, 2.853692080260090136e-01
3.911524773912540831e-01, 1.285173415822860876e-01, 1.949430700555234153e-01, 2.853871109709364418e-01
3.911371432813978144e-01, 1.285398860946045108e-01, 1.949179789788976769e-01, 2.854049916451000257e-01
3.911217921999696201e-01, 1.285624529256031712e-01, 1.948929048613138038e-01, 2.854228500131132940e-01
3.911064241616188375e-01, 1.285850420796965377e-01, 1.948678477190776970e-01, 2.854406860396068724e-01
3.910910391809842568e-01, 1.286076535612939997e-01, 1.948428075684941196e-01, 2.854584996892277626e-01
3.910756372726933439e-01, 1.286302873748000342e-01, 1.948177844258666414e-01, 2.854762909266398974e-01
3.910602184513634616e-01, 1.286529435246144826e-01, 1.947927783074979158e-01, 2.854940597165241956e-01
3.910447827316004266e-01, 1.286756220151320795e-01, 1.947677892296890700e-01, 2.855118060235782851e-01
3.910293301279997302e-01, 1.286983228507428412e-01, 1.947428172087403986e-01, 2.855295298125169468e-01
3.910138606551456508e-01, 1.287210460358317599e-01, 1.947178622609508081e-01, 2.855472310480718368e-01
3.909983743276113088e-01, 1.287437915747790262e-01, 1.946929244026180672e-01, 2.855649096949915422e-01
3.909828711599594997e-01, 1.287665594719597795e-01, 1.946680036500387512e-01, 2.855825657180419141e-01
3.909673511667415280e-01, 1.287893497317444402e-01, 1.946431000195081029e-01, 2.856001990820059566e-01
3.909518143624978181e-01, 1.288121623584982944e-01, 1.946182135273201996e-01, 2.856178097516836045e-01
3.909362607617579144e-01, 1.288349973565817708e-01, 1.945933441897680360e-01, 2.856353976918923343e-01
3.909206903790402587e-01, 1.288578547303503574e-01, 1.945684920231429138e-01, 2.856529628674665533e-01
3.909051032288519689e-01, 1.288807344841545466e-01, 1.945436570437351076e-01, 2.856705052432582659e-01
3.908894993256896155e-01, 1.289036366223399455e-01, 1.945188392678337819e-01, 2.856880247841367404e-01
3.908738786840380564e-01, 1.289265611492469710e-01, 1.944940387117264080e-01, 2.857055214549885647e-01
3.908582413183713800e-01, 1.289495080692113771e-01, 1.944692553916994859e-01, 2.857229952207177015e-01
3.908425872431524617e-01, 1.289724773865636442e-01, 1.944444893240378780e-01, 2.857404460462460438e-01
3.908269164728329637e-01, 1.289954691056293401e-01, 1.944197405250252531e-01, 2.857578738965124709e-01
3.908112290218532792e-01, 1.290184832307290086e-01, 1.943950090109438367e-01, 2.857752787364737923e-01
3.907955249046426438e-01, 1.290415197661782531e-01, 1.943702947980747164e-01, 2.857926605311043033e-01
3.907798041356191354e-01, 1.290645787162874869e-01, 1.943455979026972036e-01, 2.858100192453961741e-01
3.907640667291895076e-01, 1.290876600853622103e-01, 1.943209183410894991e-01, 2.858273548443588385e-01
3.907483126997489120e-01, 1.291107638777027333e-01, 1.942962561295282498e-01, 2.858446672930199939e-01
3.907325420616817313e-01, 1.291338900976044812e-01, 1.942716112842887699e-01, 2.858619565564250453e-01
3.907167548293606352e-01, 1.291570387493577166e-01, 1.942469838216447919e-01, 2.858792225996368286e-01
3.907009510171468580e-01, 1.291802098372475949e-01, 1.942223737578687437e-01, 2.858964653877367756e-01
3.906851306393906986e-01, 1.292034033655541925e-01, 1.941977811092314155e-01, 2.859136848858237490e-01
3.906692937104306873e-01, 1.292266193385525341e-01, 1.941732058920022652e-01, 2.859308810590146521e-01
3.906534402445937526e-01, 1.292498577605124266e-01, 1.941486481224491412e-01, 2.859480538724447074e-01
3.906375702561959984e-01, 1.292731186356987361e-01, 1.941241078168383927e-01, 2.859652032912669006e-01
3.906216837595413716e-01, 1.292964019683711108e-01, 1.940995849914348703e-01, 2.859823292806525363e-01
3.906057807689229389e-01, 1.293197077627839808e-01, 1.940750796625019536e-01, 2.859994318057911267e-01
3.905898612986218321e-01, 1.293430360231867249e-01, 1.940505918463013013e-01, 2.860165108318902805e-01
3.905739253629076368e-01, 1.293663867538235868e-01, 1.940261215590931287e-01, 2.860335663241758142e-01
3.905579729760386143e-01, 1.293897599589334535e-01, 1.940016688171359860e-01, 2.860505982478919185e-01
3.905420041522613128e-01, 1.294131556427504659e-01, 1.939772336366869243e-01, 2.860676065683013802e-01
3.905260189058106790e-01, 1.294365738095029916e-01, 1.939528160340013574e-01, 2.860845912506850275e-01
3.905100172509100576e-01, 1.294600144634147354e-01, 1.939284160253330336e-01, 2.861015522603421735e-01
3.904939992017710249e-01, 1.294834776087039063e-01, 1.939040336269340081e-01, 2.861184895625910607e-01
3.904779647725938330e-01, 1.295069632495836065e-01, 1.938796688550548375e-01, 2.861354031227678063e-01
3.904619139775664660e-01, 1.295304713902616645e-01, 1.938553217259442185e-01, 2.861522929062276788e-01
3.904458468308658059e-01, 1.295540020349406907e-01, 1.938309922558493492e-01, 2.861691588783441542e-01
3.904297633466565220e-01, 1.295775551878180776e-01, 1.938066804610157623e-01, 2.861860010045096381e-01
3.904136635390917376e-01, 1.296011308530859718e-01, 1.937823863576870198e-01, 2.862028192501351320e-01
3.903975474223129183e-01, 1.296247290349312464e-01, 1.937581099621052683e-01, 2.862196135806505670e-01
3.903814150104493730e-01, 1.296483497375355287e-01, 1.937338512905106558e-01, 2.862363839615044148e-01
3.903652663176188087e-01, 1.296719929650750891e-01, 1.937096103591417762e-01, 2.862531303581641318e-01
3.903491013579272195e-01, 1.296956587217210632e-01, 1.936853871842354191e-01, 2.862698527361162704e-01
3.903329201454683317e-01, 1.297193470116391467e-01, 1.936611817820265424e-01, 2.862865510608659791e-01
3.903167226943244361e-01, 1.297430578389897615e-01, 1.936369941687483553e-01, 2.863032252979375025e-01
3.903005090185655557e-01, 1.297667912079280561e-01, 1.936128243606321797e-01, 2.863198754128742918e-01
3.902842791322498339e-01, 1.297905471226038221e-01, 1.935886723739076165e-01, 2.863365013712386720e-01
3.902680330494237015e-01, 1.298143255871615498e-01, 1.935645382248024904e-01, 2.863531031386121750e-01
3.902517707841213768e-01, 1.298381266057404004e-01, 1.935404219295426276e-01, 2.863696806805956507e-01
3.902354923503650319e-01, 1.298619501824739841e-01, 1.935163235043520502e-01, 2.863862339628088227e-01
3.902191977621651819e-01, 1.298857963214909705e-01, 1.934922429654530041e-01, 2.864027629508908990e-01
3.902028870335196853e-01, 1.299096650269141728e-01, 1.934681803290657087e-01, 2.864192676105004609e-01
3.901865601784150761e-01, 1.299335563028612694e-01, 1.934441356114084687e-01, 2.864357479073151858e-01
3.901702172108250100e-01, 1.299574701534446652e-01, 1.934201088286978953e-01, 2.864522038070324017e-01
3.901538581447118181e-01, 1.299814065827711584e-01, 1.933960999971483796e-01, 2.864686352753686993e-01
3.901374829940250644e-01, 1.300053655949420794e-01, 1.933721091329725639e-01, 2.864850422780603201e-01
3.901210917727024330e-01, 1.300293471940536238e-01, 1.933481362523810920e-01, 2.865014247808627679e-01
3.901046844946696179e-01, 1.300533513841962974e-01, 1.933241813715826374e-01, 2.865177827495514751e-01
3.900882611738396566e-01, 1.300773781694553877e-01, 1.933002445067837916e-01, 2.865341161499211919e-01
3.900718218241138180e-01, 1.301014275539104925e-01, 1.932763256741892866e-01, 2.865504249477864862e-01
3.900553664593808256e-01, 1.301254995416358806e-01, 1.932524248900017727e-01, 2.865667091089815766e-01
3.900388950935173571e-01, 1.301495941367003251e-01, 1.932285421704218464e-01, 2.865829685993605547e-01
3.900224077403875445e-01, 1.301737113431671866e-01, 1.932046775316481335e-01, 2.865992033847969966e-01
3.900059044138436404e-01, 1.301978511650943582e-01, 1.931808309898770948e-01, 2.866154134311847956e-01
3.899893851277251855e-01, 1.302220136065340428e-01, 1.931570025613033870e-01, 2.866315987044373292e-01
3.899728498958596745e-01, 1.302461986715331144e-01, 1.931331922621191688e-01, 2.866477591704881811e-01
3.899562987320616125e-01, 1.302704063641328958e-01, 1.931094001085147949e-01, 2.866638947952906968e-01
3.899397316501341804e-01, 1.302946366883691032e-01, 1.930856261166784271e-01, 2.866800055448183171e-01
3.899231486638671251e-01, 1.303188896482720682e-01, 1.930618703027961458e-01, 2.866960913850646886e-01
3.899065497870383146e-01, 1.303431652478664327e-01, 1.930381326830518107e-01, 2.867121522820434421e-01
3.898899350334130709e-01, 1.303674634911713703e-01, 1.930144132736272000e-01, 2.867281882017882477e-01
3.898733044167443373e-01, 1.303917843822004763e-01, 1.929907120907019269e-01, 2.867441991103533705e-01
3.898566579507721230e-01, 1.304161279249617389e-01, 1.929670291504532176e-01, 2.867601849738130038e-01
3.898399956492245577e-01, 1.304404941234575122e-01, 1.929433644690564109e-01, 2.867761457582615470e-01
3.898233175258166705e-01, 1.304648829816847933e-01, 1.929197180626844310e-01, 2.867920814298140497e-01
3.898066235942513336e-01, 1.304892945036346674e-01, 1.928960899475082036e-01, 2.868079919546057677e-01
3.897899138682186515e-01, 1.305137286932928353e-01, 1.928724801396960176e-01, 2.868238772987924401e-01
3.897731883613962944e-01, 1.305381855546392522e-01, 1.928488886554142745e-01, 2.868397374285502344e-01
3.897564470874489984e-01, 1.305626650916482390e-01, 1.928253155108269612e-01, 2.868555723100758570e-01
3.897396900600291203e-01, 1.305871673082885376e-01, 1.928017607220956775e-01, 2.868713819095865536e-01
3.897229172927763607e-01, 1.306116922085233667e-01, 1.927782243053799693e-01, 2.868871661933202200e-01
3.897061287993176526e-01, 1.306362397963099220e-01, 1.927547062768369401e-01, 2.869029251275355130e-01
3.896893245932671612e-01, 1.306608100756000423e-01, 1.927312066526212786e-01, 2.869186586785114068e-01
3.896725046882265620e-01, 1.306854030503397379e-01, 1.927077254488855362e-01, 2.869343668125480806e-01
3.896556690977844850e-01, 1.307100187244694123e-01, 1.926842626817797666e-01, 2.869500494959663639e-01
3.896388178355169596e-01, 1.307346571019236681e-01, 1.926608183674516361e-01, 2.869657066951076252e-01
3.896219509149873583e-01, 1.307593181866316678e-01, 1.926373925220466188e-01, 2.869813383763344383e-01
3.896050683497460643e-01, 1.307840019825163291e-01, 1.926139851617074683e-01, 2.869969445060301938e-01
3.895881701533306374e-01, 1.308087084934953237e-01, 1.925905963025749124e-01, 2.870125250505992098e-01
3.895712563392657035e-01, 1.308334377234804391e-01, 1.925672259607868197e-01, 2.870280799764670099e-01
3.895543269210635096e-01, 1.308581896763776620e-01, 1.925438741524790887e-01, 2.870436092500798231e-01
3.895373819122226466e-01, 1.308829643560872058e-01, 1.925205408937848139e-01, 2.870591128379053059e-01
3.895204213262294934e-01, 1.309077617665035942e-01, 1.924972262008347590e-01, 2.870745907064321534e-01
3.895034451765572170e-01, 1.309325819115155776e-01, 1.924739300897572170e-01, 2.870900428221699885e-01
3.894864534766657727e-01, 1.309574247950059944e-01, 1.924506525766779275e-01, 2.871054691516502499e-01
3.894694462400027368e-01, 1.309822904208519656e-01, 1.924273936777201044e-01, 2.871208696614250822e-01
3.894524234800021967e-01, 1.310071787929249221e-01, 1.924041534090045746e-01, 2.871362443180683344e-01
3.894353852100855273e-01, 1.310320899150902163e-01, 1.923809317866494728e-01, 2.871515930881749501e-01
3.894183314436606702e-01, 1.310570237912075664e-01, 1.923577288267703245e-01, 2.871669159383614112e-01
3.894012621941230212e-01, 1.310819804251308063e-01, 1.923345445454803793e-01, 2.871822128352657932e-01
3.893841774748546536e-01, 1.311069598207079134e-01, 1.923113789588899447e-01, 2.871974837455473772e-01
3.893670772992245954e-01, 1.311319619817809534e-01, 1.922882320831070802e-01, 2.872127286358872600e-01
3.893499616805887187e-01, 1.311569869121863297e-01, 1.922651039342369861e-01, 2.872279474729880211e-01
3.893328306322896282e-01, 1.311820346157542838e-01, 1.922419945283821707e-01, 2.872431402235738340e-01
3.893156841676572721e-01, 1.312071050963093677e-01, 1.922189038816428386e-01, 2.872583068543906326e-01
3.892985223000078321e-01, 1.312321983576700268e-01, 1.921958320101161688e-01, 2.872734473322059445e-01
3.892813450426446109e-01, 1.312573144036491835e-01, 1.921727789298969258e-01, 2.872885616238091688e-01
3.892641524088576999e-01, 1.312824532380534870e-01, 1.921497446570770984e-01, 2.873036496960117425e-01
3.892469444119238675e-01, 1.313076148646837860e-01, 1.921267292077459277e-01, 2.873187115156464744e-01
3.892297210651066708e-01, 1.313327992873349059e-01, 1.921037325979900734e-01, 2.873337470495683221e-01
3.892124823816562884e-01, 1.313580065097958438e-01, 1.920807548438933365e-01, 2.873487562646543925e-01
3.891952283748099095e-01, 1.313832365358497123e-01, 1.920577959615367980e-01, 2.873637391278034969e-01
3.891779590577912340e-01, 1.314084893692734068e-01, 1.920348559669988464e-01, 2.873786956059365405e-01
3.891606744438103060e-01, 1.314337650138379665e-01, 1.920119348763550948e-01, 2.873936256659965216e-01
3.891433745460644578e-01, 1.314590634733086016e-01, 1.919890327056782697e-01, 2.874085292749486986e-01
3.891260593777371435e-01, 1.314843847514443054e-01, 1.919661494710382943e-01, 2.874234063997803124e-01
3.891087289519986059e-01, 1.315097288519980478e-01, 1.919432851885024549e-01, 2.874382570075009191e-01
3.890913832820057650e-01, 1.315350957787169983e-01, 1.919204398741351236e-01, 2.874530810651422241e-01
3.890740223809018850e-01, 1.315604855353420810e-01, 1.918976135439975916e-01, 2.874678785397584146e-01
3.890566462618169630e-01, 1.315858981256083915e-01, 1.918748062141487354e-01, 2.874826493984258269e-01
3.890392549378675624e-01, 1.316113335532448081e-01, 1.918520179006442117e-01, 2.874973936082434456e-01
3.890218484221565354e-01, 1.316367918219741029e-01, 1.918292486195369295e-01, 2.875121111363324045e-01
3.890044267277735224e-01, 1.316622729355132471e-01, 1.918064983868768003e-01, 2.875268019498363747e-01
3.889869898677942861e-01, 1.316877768975729113e-01, 1.917837672187109321e-01, 2.875414660159218427e-01
3.889695378552814331e-01, 1.317133037118577432e-01, 1.917610551310834910e-01, 2.875561033017773882e-01
3.889520707032835256e-01, 1.317388533820662011e-01, 1.917383621400355620e-01, 2.875707137746146835e-01
3.889345884248360807e-01, 1.317644259118909422e-01, 1.917156882616053715e-01, 2.875852974016676056e-01
3.889170910329607378e-01, 1.317900213050180735e-01, 1.916930335118281481e-01, 2.875998541501931238e-01
3.888995785406652583e-01, 1.318156395651278734e-01, 1.916703979067362340e-01, 2.876143839874707453e-01
3.888820509609441367e-01, 1.318412806958944306e-01, 1.916477814623587517e-01, 2.876288868808027921e-01
3.888645083067781005e-01, 1.318669447009855611e-01, 1.916251841947219647e-01, 2.876433627975142904e-01
3.888469505911343327e-01, 1.318926315840631691e-01, 1.916026061198490282e-01, 2.876578117049535255e-01
3.888293778269659162e-01, 1.319183413487827194e-01, 1.915800472537601551e-01, 2.876722335704913203e-01
3.888117900272126115e-01, 1.319440739987935707e-01, 1.915575076124723941e-01, 2.876866283615214792e-01
3.887941872048000236e-01, 1.319698295377390584e-01, 1.915349872119996022e-01, 2.877009960454612325e-01
3.887765693726405458e-01, 1.319956079692562179e-01, 1.915124860683528329e-01, 2.877153365897503479e-01
3.887589365436323607e-01, 1.320214092969757835e-01, 1.914900041975398093e-01, 2.877296499618520187e-01
3.887412887306600506e-01, 1.320472335245224116e-01, 1.914675416155651733e-01, 2.877439361292524200e-01
3.887236259465942645e-01, 1.320730806555143189e-01, 1.914450983384304028e-01, 2.877581950594609306e-01
3.887059482042918845e-01, 1.320989506935638103e-01, 1.914226743821339782e-01, 2.877724267200101882e-01
3.886882555165959707e-01, 1.321248436422767236e-01, 1.914002697626711047e-01, 2.877866310784562009e-01
3.886705478963355387e-01, 1.321507595052526240e-01, 1.913778844960336845e-01, 2.878008081023781806e-01
3.886528253563258928e-01, 1.321766982860848594e-01, 1.913555185982105944e-01, 2.878149577593785979e-01
3.886350879093684041e-01, 1.322026599883605047e-01, 1.913331720851874362e-01, 2.878290800170836272e-01
3.886173355682504549e-01, 1.322286446156604456e-01, 1.913108449729466476e-01, 2.878431748431425352e-01
3.885995683457453831e-01, 1.322546521715590173e-01, 1.912885372774672799e-01, 2.878572422052283475e-01
3.885817862546128154e-01, 1.322806826596244767e-01, 1.912662490147252758e-01, 2.878712820710375708e-01
3.885639893075980011e-01, 1.323067360834186690e-01, 1.912439802006931366e-01, 2.878852944082901377e-01
3.885461775174328669e-01, 1.323328124464970557e-01, 1.912217308513403380e-01, 2.878992791847299060e-01
3.885283508968343513e-01, 1.323589117524088810e-01, 1.911995009826328307e-01, 2.879132363681241036e-01
3.885105094585061258e-01, 1.323850340046969221e-01, 1.911772906105332070e-01, 2.879271659262636618e-01
3.884926532151375955e-01, 1.324111792068977111e-01, 1.911550997510010341e-01, 2.879410678269636037e-01
3.884747821794039546e-01, 1.324373473625412856e-01, 1.911329284199921874e-01, 2.879549420380624891e-01
3.884568963639664085e-01, 1.324635384751513267e-01, 1.911107766334594338e-01, 2.879687885274228032e-01
3.884389957814718963e-01, 1.324897525482453542e-01, 1.910886444073520152e-01, 2.879826072629307343e-01
3.884210804445534237e-01, 1.325159895853340597e-01, 1.910665317576157318e-01, 2.879963982124966737e-01
3.884031503658297857e-01, 1.325422495899220288e-01, 1.910444387001933031e-01, 2.880101613440548824e-01
3.883852055579053997e-01, 1.325685325655074076e-01, 1.910223652510235626e-01, 2.880238966255634914e-01
3.883672460333709164e-01, 1.325948385155818199e-01, 1.910003114260422907e-01, 2.880376040250049452e-01
3.883492718048022208e-01, 1.326211674436304500e-01, 1.909782772411816321e-01, 2.880512835103857250e-01
3.883312828847614862e-01, 1.326475193531320429e-01, 1.909562627123702339e-01, 2.880649350497362371e-01
3.883132792857963422e-01, 1.326738942475589877e-01, 1.909342678555334682e-01, 2.880785586111113128e-01
3.882952610204400967e-01, 1.327002921303770400e-01, 1.909122926865929326e-01, 2.880921541625899862e-01
3.882772281012120130e-01, 1.327267130050454880e-01, 1.908903372214668936e-01, 2.881057216722755498e-01
3.882591805406169216e-01, 1.327531568750172919e-01, 1.908684014760701486e-01, 2.881192611082955546e-01
3.882411183511454422e-01, 1.327796237437387228e-01, 1.908464854663138310e-01, 2.881327724388020317e-01
3.882230415452737060e-01, 1.328061136146495846e-01, 1.908245892081054385e-01, 2.881462556319712154e-01
3.882049501354634669e-01, 1.328326264911832422e-01, 1.908027127173490822e-01, 2.881597106560040977e-01
3.881868441341622677e-01, 1.328591623767663987e-01, 1.907808560099452377e-01, 2.881731374791260403e-01
3.881687235538031078e-01, 1.328857212748193184e-01, 1.907590191017907444e-01, 2.881865360695868294e-01
3.881505884068046641e-01, 1.329123031887556317e-01, 1.907372020087787778e-01, 2.881999063956608431e-01
3.881324387055712366e-01, 1.329389081219824187e-01, 1.907154047467990166e-01, 2.882132484256472726e-01
3.881142744624925256e-01, 1.329655360779002926e-01, 1.906936273317373920e-01, 2.882265621278698453e-01
3.880960956899438541e-01, 1.329921870599030387e-01, 1.906718697794761441e-01, 2.882398474706769909e-01
3.880779024002860011e-01, 1.330188610713780861e-01, 1.906501321058939602e-01, 2.882531044224419525e-01
3.880596946058653685e-01, 1.330455581157061751e-01, 1.906284143268658360e-01, 2.882663329515627870e-01
3.880414723190136472e-01, 1.330722781962613566e-01, 1.906067164582627982e-01, 2.882795330264622535e-01
3.880232355520482623e-01, 1.330990213164111313e-01, 1.905850385159524596e-01, 2.882927046155881468e-01
3.880049843172718727e-01, 1.331257874795163942e-01, 1.905633805157986027e-01, 2.883058476874132414e-01
3.879867186269726487e-01, 1.331525766889312123e-01, 1.905417424736612075e-01, 2.883189622104350147e-01
3.879684384934239949e-01, 1.331793889480031856e-01, 1.905201244053965626e-01, 2.883320481531762014e-01
3.879501439288849940e-01, 1.332062242600732249e-01, 1.904985263268570983e-01, 2.883451054841846273e-01
3.879318349456000181e-01, 1.332330826284754688e-01, 1.904769482538914982e-01, 2.883581341720329871e-01
3.879135115557986735e-01, 1.332599640565373667e-01, 1.904553902023445600e-01, 2.883711341853193999e-01
3.878951737716959114e-01, 1.332868685475798176e-01, 1.904338521880573898e-01, 2.883841054926668535e-01
3.878768216054922502e-01, 1.333137961049167819e-01, 1.904123342268671526e-01, 2.883970480627239263e-01
3.878584550693732202e-01, 1.333407467318556416e-01, 1.903908363346070998e-01, 2.884099618641641216e-01
3.878400741755096415e-01, 1.333677204316970621e-01, 1.903693585271067634e-01, 2.884228468656864219e-01
3.878216789360579564e-01, 1.333947172077349086e-01, 1.903479008201917067e-01, 2.884357030360154006e-01
3.878032693631594530e-01, 1.334217370632562183e-01, 1.903264632296835790e-01, 2.884485303439006110e-01
3.877848454689409308e-01, 1.334487800015415337e-01, 1.903050457714002275e-01, 2.884613287581173080e-01
3.877664072655143679e-01, 1.334758460258642365e-01, 1.902836484611552803e-01, 2.884740982474661153e-01
3.877479547649765879e-01, 1.335029351394912966e-01, 1.902622713147587019e-01, 2.884868387807734691e-01
3.877294879794100924e-01, 1.335300473456826620e-01, 1.902409143480163767e-01, 2.884995503268908412e-01
3.877110069208823395e-01, 1.335571826476915358e-01, 1.902195775767302199e-01, 2.885122328546959602e-01
3.876925116014459105e-01, 1.335843410487642657e-01, 1.901982610166982057e-01, 2.885248863330917013e-01
3.876740020331384540e-01, 1.336115225521404548e-01, 1.901769646837141448e-01, 2.885375107310068632e-01
3.876554782279829636e-01, 1.336387271610528504e-01, 1.901556885935680452e-01, 2.885501060173961130e-01
3.876369401979873897e-01, 1.336659548787273166e-01, 1.901344327620456687e-01, 2.885626721612396528e-01
3.876183879551447498e-01, 1.336932057083827785e-01, 1.901131972049289187e-01, 2.885752091315437196e-01
3.875998215114329071e-01, 1.337204796532314721e-01, 1.900919819379953135e-01, 2.885877168973401963e-01
3.875812408788154029e-01, 1.337477767164786668e-01, 1.900707869770187353e-01, 2.886001954276871673e-01
3.875626460692402353e-01, 1.337750969013227487e-01, 1.900496123377685420e-01, 2.886126446916685295e-01
3.875440370946404145e-01, 1.338024402109551370e-01, 1.900284580360102615e-01, 2.886250646583941037e-01
3.875254139669343512e-01, 1.338298066485605065e-01, 1.900073240875051750e-01, 2.886374552969999674e-01
3.875067766980251904e-01, 1.338571962173163987e-01, 1.899862105080103725e-01, 2.886498165766481216e-01
3.874881252998008674e-01, 1.338846089203935830e-01, 1.899651173132788085e-01, 2.886621484665266024e-01
3.874694597841347177e-01, 1.339120447609558895e-01, 1.899440445190593851e-01, 2.886744509358499799e-01
3.874507801628846448e-01, 1.339395037421600154e-01, 1.899229921410965638e-01, 2.886867239538587482e-01
3.874320864478933424e-01, 1.339669858671559688e-01, 1.899019601951309755e-01, 2.886989674898197134e-01
3.874133786509889599e-01, 1.339944911390865134e-01, 1.898809486968985327e-01, 2.887111815130259940e-01
3.873946567839840482e-01, 1.340220195610876130e-01, 1.898599576621313734e-01, 2.887233659927971319e-01
3.873759208586759484e-01, 1.340495711362881537e-01, 1.898389871065570556e-01, 2.887355208984788701e-01
3.873571708868472907e-01, 1.340771458678100270e-01, 1.898180370458990296e-01, 2.887476461994436527e-01
3.873384068802652735e-01, 1.341047437587681579e-01, 1.897971074958764437e-01, 2.887597418650900694e-01
3.873196288506817742e-01, 1.341323648122704215e-01, 1.897761984722041717e-01, 2.887718078648435771e-01
3.873008368098339038e-01, 1.341600090314175597e-01, 1.897553099905925911e-01, 2.887838441681559454e-01
3.872820307694430086e-01, 1.341876764193035143e-01, 1.897344420667478881e-01, 2.887958507445055334e-01
3.872632107412155578e-01, 1.342153669790148163e-01, 1.897135947163720304e-01, 2.888078275633974568e-01
3.872443767368427547e-01, 1.342430807136311965e-01, 1.896927679551624057e-01, 2.888197745943635875e-01
3.872255287680004265e-01, 1.342708176262252806e-01, 1.896719617988121276e-01, 2.888316918069622208e-01
3.872066668463490791e-01, 1.342985777198624497e-01, 1.896511762630098130e-01, 2.888435791707787414e-01
3.871877909835338416e-01, 1.343263609976011463e-01, 1.896304113634398048e-01, 2.888554366554251240e-01
3.871689011911849110e-01, 1.343541674624926796e-01, 1.896096671157820046e-01, 2.888672642305404326e-01
3.871499974809167743e-01, 1.343819971175810868e-01, 1.895889435357118458e-01, 2.888790618657903209e-01
3.871310798643287088e-01, 1.344098499659034940e-01, 1.895682406389002095e-01, 2.888908295308674767e-01
3.871121483530046703e-01, 1.344377260104897553e-01, 1.895475584410136471e-01, 2.889025671954918995e-01
3.870932029585131273e-01, 1.344656252543625918e-01, 1.895268969577141582e-01, 2.889142748294101781e-01
3.870742436924072272e-01, 1.344935477005374247e-01, 1.895062562046593291e-01, 2.889259524023960468e-01
3.870552705662245740e-01, 1.345214933520229028e-01, 1.894856361975019998e-01, 2.889375998842505511e-01
3.870362835914875066e-01, 1.345494622118199313e-01, 1.894650369518908195e-01, 2.889492172448016594e-01
3.870172827797028758e-01, 1.345774542829228093e-01, 1.894444584834695799e-01, 2.889608044539047071e-01
3.869982681423620452e-01, 1.346054695683180646e-01, 1.894239008078776598e-01, 2.889723614814421748e-01
3.869792396909410015e-01, 1.346335080709854803e-01, 1.894033639407498304e-01, 2.889838882973237433e-01
3.869601974368998554e-01, 1.346615697938973455e-01, 1.893828478977162832e-01, 2.889953848714865714e-01
3.869411413916837850e-01, 1.346896547400187050e-01, 1.893623526944026303e-01, 2.890068511738949630e-01
3.869220715667219257e-01, 1.347177629123074982e-01, 1.893418783464297095e-01, 2.890182871745409221e-01
3.869029879734282029e-01, 1.347458943137142540e-01, 1.893214248694138346e-01, 2.890296928434435975e-01
3.868838906232009434e-01, 1.347740489471824787e-01, 1.893009922789667954e-01, 2.890410681506498936e-01
3.868647795274227086e-01, 1.348022268156479908e-01, 1.892805805906953853e-01, 2.890524130662337488e-01
3.868456546974607391e-01, 1.348304279220397806e-01, 1.892601898202020960e-01, 2.890637275602974676e-01
3.868265161446665101e-01, 1.348586522692791223e-01, 1.892398199830842842e-01, 2.890750116029701111e-01
3.868073638803756764e-01, 1.348868998602802682e-01, 1.892194710949349490e-01, 2.890862651644090509e-01
3.867881979159088490e-01, 1.349151706979500043e-01, 1.891991431713421490e-01, 2.890974882147989145e-01
3.867690182625703743e-01, 1.349434647851879276e-01, 1.891788362278893909e-01, 2.891086807243523071e-01
3.867498249316493331e-01, 1.349717821248860306e-01, 1.891585502801551300e-01, 2.891198426633095342e-01
3.867306179344188743e-01, 1.350001227199291443e-01, 1.891382853437133249e-01, 2.891309740019386565e-01
3.867113972821366041e-01, 1.350284865731947448e-01, 1.891180414341329385e-01, 2.891420747105356570e-01
3.866921629860443632e-01, 1.350568736875528419e-01, 1.890978185669781875e-01, 2.891531447594245519e-01
3.866729150573682827e-01, 1.350852840658661180e-01, 1.890776167578085698e-01, 2.891641841189570017e-01
3.866536535073187286e-01, 1.351137177109898169e-01, 1.890574360221785322e-01, 2.891751927595129223e-01
3.866343783470903572e-01, 1.351421746257717715e-01, 1.890372763756377472e-01, 2.891861706514999852e-01
3.866150895878620597e-01, 1.351706548130524876e-01, 1.890171378337311692e-01, 2.891971177653542280e-01
3.865957872407969065e-01, 1.351991582756649490e-01, 1.889970204119987007e-01, 2.892080340715395548e-01
3.865764713170419808e-01, 1.352276850164345900e-01, 1.889769241259752208e-01, 2.892189195405481805e-01
3.865571418277289339e-01, 1.352562350381796841e-01, 1.889568489911909455e-01, 2.892297741429004088e-01
3.865377987839734852e-01, 1.352848083437108162e-01, 1.889367950231710114e-01, 2.892405978491448537e-01
3.865184421968750339e-01, 1.353134049358311053e-01, 1.889167622374356703e-01, 2.892513906298583293e-01
3.864990720775177691e-01, 1.353420248173363150e-01, 1.888967506495000948e-01, 2.892621524556457380e-01
3.864796884369697261e-01, 1.353706679910145760e-01, 1.888767602748745722e-01, 2.892728832971411257e-01
3.864602912862828976e-01, 1.353993344596466919e-01, 1.888567911290643664e-01, 2.892835831250059608e-01
3.864408806364937887e-01, 1.354280242260056943e-01, 1.888368432275697451e-01, 2.892942519099307441e-01
3.864214564986224731e-01, 1.354567372928573432e-01, 1.888169165858858412e-01, 2.893048896226342870e-01
3.864020188836734815e-01, 1.354854736629596823e-01, 1.887970112195028749e-01, 2.893154962338639336e-01
3.863825678026352461e-01, 1.355142333390632337e-01, 1.887771271439059317e-01, 2.893260717143955607e-01
3.863631032664799902e-01, 1.355430163239111363e-01, 1.887572643745750733e-01, 2.893366160350338001e-01
3.863436252861645603e-01, 1.355718226202386467e-01, 1.887374229269851156e-01, 2.893471291666115386e-01
3.863241338726292606e-01, 1.356006522307737772e-01, 1.887176028166060171e-01, 2.893576110799908618e-01
3.863046290367987967e-01, 1.356295051582367128e-01, 1.886978040589024630e-01, 2.893680617460621662e-01
3.862851107895812208e-01, 1.356583814053400616e-01, 1.886780266693337815e-01, 2.893784811357448805e-01
3.862655791418693196e-01, 1.356872809747889375e-01, 1.886582706633546380e-01, 2.893888692199871326e-01
3.862460341045393930e-01, 1.357162038692807382e-01, 1.886385360564140912e-01, 2.893992259697658054e-01
3.862264756884518091e-01, 1.357451500915052289e-01, 1.886188228639561759e-01, 2.894095513560867583e-01
3.862069039044506158e-01, 1.357741196441446252e-01, 1.885991311014198479e-01, 2.894198453499849388e-01
3.861873187633640403e-01, 1.358031125298733155e-01, 1.885794607842385950e-01, 2.894301079225240492e-01
3.861677202760043781e-01, 1.358321287513581110e-01, 1.885598119278408258e-01, 2.894403390447967683e-01
3.861481084531671049e-01, 1.358611683112583013e-01, 1.885401845476496197e-01, 2.894505386879250852e-01
3.861284833056322641e-01, 1.358902312122251543e-01, 1.885205786590828936e-01, 2.894607068230597990e-01
3.861088448441634124e-01, 1.359193174569024998e-01, 1.885009942775530689e-01, 2.894708434213809634e-01
3.860891930795080640e-01, 1.359484270479263956e-01, 1.884814314184676542e-01, 2.894809484540978861e-01
3.860695280223974679e-01, 1.359775599879251284e-01, 1.884618900972283018e-01, 2.894910218924490186e-01
3.860498496835467197e-01, 1.360067162795192963e-01, 1.884423703292320007e-01, 2.895010637077020665e-01
3.860301580736546501e-01, 1.360358959253217537e-01, 1.884228721298696896e-01, 2.895110738711539344e-01
3.860104532034039360e-01, 1.360650989279375833e-01, 1.884033955145275052e-01, 2.895210523541311143e-01
3.859907350834609896e-01, 1.360943252899640965e-01, 1.883839404985857835e-01, 2.895309991279890749e-01
3.859710037244761249e-01, 1.361235750139908607e-01, 1.883645070974198366e-01, 2.895409141641132056e-01
3.859512591370831136e-01, 1.361528481025997273e-01, 1.883450953263993144e-01, 2.895507974339180390e-01
3.859315013318995735e-01, 1.361821445583645540e-01, 1.883257052008884824e-01, 2.895606489088474733e-01
3.859117303195269688e-01, 1.362114643838515382e-01, 1.883063367362462770e-01, 2.895704685603752715e-01
3.858919461105501658e-01, 1.362408075816189945e-01, 1.882869899478260833e-01, 2.895802563600046731e-01
3.858721487155380991e-01, 1.362701741542175493e-01, 1.882676648509758188e-01, 2.895900122792685050e-01
3.858523381450432166e-01, 1.362995641041897243e-01, 1.882483614610379885e-01, 2.895997362897291261e-01
3.858325144096012571e-01, 1.363289774340704918e-01, 1.882290797933494353e-01, 2.896094283629789268e-01
3.858126775197320835e-01, 1.363584141463867472e-01, 1.882098198632415897e-01, 2.896190884706395519e-01
3.857928274859390161e-01, 1.363878742436575864e-01, 1.881905816860403313e-01, 2.896287165843630107e-01
3.857729643187090551e-01, 1.364173577283941952e-01, 1.881713652770660439e-01, 2.896383126758306226e-01
3.857530880285127139e-01, 1.364468646030999599e-01, 1.881521706516334769e-01, 2.896478767167539048e-01
3.857331986258040746e-01, 1.364763948702702179e-01, 1.881329978250517454e-01, 2.896574086788740177e-01
3.857132961210207323e-01, 1.365059485323925348e-01, 1.881138468126244967e-01, 2.896669085339623195e-01
3.856933805245841840e-01, 1.365355255919463717e-01, 1.880947176296495771e-01, 2.896763762538198672e-01
3.856734518468990514e-01, 1.365651260514034737e-01, 1.880756102914193373e-01, 2.896858118102780821e-01
3.856535100983539133e-01, 1.365947499132274812e-01, 1.880565248132206047e-01, 2.896952151751981397e-01
3.856335552893204177e-01, 1.366243971798740964e-01, 1.880374612103341281e-01, 2.897045863204713578e-01
3.856135874301538924e-01, 1.366540678537910558e-01, 1.880184194980354939e-01, 2.897139252180194191e-01
3.855936065311934557e-01, 1.366837619374182689e-01, 1.879993996915942378e-01, 2.897232318397941486e-01
3.855736126027613508e-01, 1.367134794331873182e-01, 1.879804018062742055e-01, 2.897325061577771810e-01
3.855536056551632784e-01, 1.367432203435220983e-01, 1.879614258573337193e-01, 2.897417481439808484e-01
3.855335856986886744e-01, 1.367729846708383712e-01, 1.879424718600251620e-01, 2.897509577704479033e-01
3.855135527436102660e-01, 1.368027724175439053e-01, 1.879235398295951431e-01, 2.897601350092507411e-01
3.854935068001841825e-01, 1.368325835860382811e-01, 1.879046297812846933e-01, 2.897692798324928432e-01
3.854734478786498442e-01, 1.368624181787133076e-01, 1.878857417303289867e-01, 2.897783922123078337e-01
3.854533759892305733e-01, 1.368922761979524672e-01, 1.878668756919572302e-01, 2.897874721208597015e-01
3.854332911421324281e-01, 1.369221576461313872e-01, 1.878480316813929962e-01, 2.897965195303432995e-01
3.854131933475453686e-01, 1.369520625256174240e-01, 1.878292097138538064e-01, 2.898055344129834010e-01
3.853930826156423128e-01, 1.369819908387700513e-01, 1.878104098045516035e-01, 2.898145167410359768e-01
3.853729589565799141e-01, 1.370119425879404995e-01, 1.877916319686921964e-01, 2.898234664867874177e-01
3.853528223804977837e-01, 1.370419177754718665e-01, 1.877728762214757319e-01, 2.898323836225545347e-01
3.853326728975193793e-01, 1.370719164036993398e-01, 1.877541425780962780e-01, 2.898412681206850583e-01
3.853125105177508392e-01, 1.371019384749495862e-01, 1.877354310537420190e-01, 2.898501199535574169e-01
3.852923352512821475e-01, 1.371319839915415562e-01, 1.877167416635953656e-01, 2.898589390935809029e-01
3.852721471081863025e-01, 1.371620529557857626e-01, 1.876980744228325393e-01, 2.898677255131953956e-01
3.852519460985195932e-01, 1.371921453699846694e-01, 1.876794293466239327e-01, 2.898764791848718603e-01
3.852317322323217108e-01, 1.372222612364324967e-01, 1.876608064501338602e-01, 2.898852000811120155e-01
3.852115055196153048e-01, 1.372524005574154160e-01, 1.876422057485206962e-01, 2.898938881744486107e-01
3.851912659704067599e-01, 1.372825633352111330e-01, 1.876236272569369312e-01, 2.899025434374452037e-01
3.851710135946850855e-01, 1.373127495720894431e-01, 1.876050709905288383e-01, 2.899111658426966054e-01
3.851507484024231931e-01, 1.373429592703117874e-01, 1.875865369644366398e-01, 2.899197553628283797e-01
3.851304704035764526e-01, 1.373731924321312803e-01, 1.875680251937946186e-01, 2.899283119704975098e-01
3.851101796080841910e-01, 1.374034490597930147e-01, 1.875495356937308677e-01, 2.899368356383919543e-01
3.850898760258682496e-01, 1.374337291555335905e-01, 1.875310684793674021e-01, 2.899453263392307023e-01
3.850695596668340381e-01, 1.374640327215815305e-01, 1.875126235658202412e-01, 2.899537840457640514e-01
3.850492305408699800e-01, 1.374943597601570311e-01, 1.874942009681991317e-01, 2.899622087307737184e-01
3.850288886578478453e-01, 1.375247102734719340e-01, 1.874758007016077976e-01, 2.899706003670725063e-01
3.850085340276220291e-01, 1.375550842637298377e-01, 1.874574227811436067e-01, 2.899789589275044710e-01
3.849881666600306618e-01, 1.375854817331260416e-01, 1.874390672218979592e-01, 2.899872843849453652e-01
3.849677865648945541e-01, 1.376159026838475186e-01, 1.874207340389559828e-01, 2.899955767123019168e-01
3.849473937520178635e-01, 1.376463471180729148e-01, 1.874024232473966156e-01, 2.900038358825125506e-01
3.849269882311876501e-01, 1.376768150379725497e-01, 1.873841348622924952e-01, 2.900120618685473328e-01
3.849065700121741540e-01, 1.377073064457082496e-01, 1.873658688987101251e-01, 2.900202546434074158e-01
3.848861391047307401e-01, 1.377378213434337917e-01, 1.873476253717096807e-01, 2.900284141801257043e-01
3.848656955185937312e-01, 1.377683597332942378e-01, 1.873294042963450923e-01, 2.900365404517669110e-01
3.848452392634824082e-01, 1.377989216174264897e-01, 1.873112056876640175e-01, 2.900446334314271124e-01
3.848247703490992877e-01, 1.378295069979589560e-01, 1.872930295607077855e-01, 2.900526930922340818e-01
3.848042887851296778e-01, 1.378601158770116630e-01, 1.872748759305113697e-01, 2.900607194073474004e-01
3.847837945812419003e-01, 1.378907482566961995e-01, 1.872567448121033873e-01, 2.900687123499584019e-01
3.847632877470877344e-01, 1.379214041391158552e-01, 1.872386362205062660e-01, 2.900766718932900612e-01
3.847427682923013625e-01, 1.379520835263652323e-01, 1.872205501707359665e-01, 2.900845980105974942e-01
3.847222362265000917e-01, 1.379827864205306898e-01, 1.872024866778020102e-01, 2.900924906751671806e-01
3.847016915592842978e-01, 1.380135128236900932e-01, 1.871844457567075071e-01, 2.901003498603180186e-01
3.846811343002373151e-01, 1.380442627379127318e-01, 1.871664274224493218e-01, 2.901081755394006034e-01
3.846605644589252693e-01, 1.380750361652595681e-01, 1.871484316900176581e-01, 2.901159676857975045e-01
3.846399820448974105e-01, 1.381058331077829604e-01, 1.871304585743963911e-01, 2.901237262729232103e-01
3.846193870676857252e-01, 1.381366535675267737e-01, 1.871125080905629845e-01, 2.901314512742245721e-01
3.845987795368052131e-01, 1.381674975465264077e-01, 1.870945802534882685e-01, 2.901391426631802495e-01
3.845781594617536658e-01, 1.381983650468086855e-01, 1.870766750781366616e-01, 2.901468004133011536e-01
3.845575268520117773e-01, 1.382292560703918261e-01, 1.870587925794661155e-01, 2.901544244981303367e-01
3.845368817170431996e-01, 1.382601706192856938e-01, 1.870409327724279758e-01, 2.901620148912431030e-01
3.845162240662945430e-01, 1.382911086954914659e-01, 1.870230956719670379e-01, 2.901695715662468977e-01
3.844955539091948760e-01, 1.383220703010017982e-01, 1.870052812930215469e-01, 2.901770944967817512e-01
3.844748712551565584e-01, 1.383530554378006594e-01, 1.869874896505232531e-01, 2.901845836565195569e-01
3.844541761135744640e-01, 1.383840641078635247e-01, 1.869697207593971067e-01, 2.901920390191648491e-01
3.844334684938263691e-01, 1.384150963131573486e-01, 1.869519746345617850e-01, 2.901994605584545805e-01
3.844127484052728416e-01, 1.384461520556402037e-01, 1.869342512909289433e-01, 2.902068482481580114e-01
3.843920158572573520e-01, 1.384772313372618080e-01, 1.869165507434037699e-01, 2.902142020620769869e-01
3.843712708591060512e-01, 1.385083341599631368e-01, 1.868988730068849302e-01, 2.902215219740458263e-01
3.843505134201279372e-01, 1.385394605256764777e-01, 1.868812180962642067e-01, 2.902288079579313229e-01
3.843297435496146330e-01, 1.385706104363255697e-01, 1.868635860264267756e-01, 2.902360599876329661e-01
3.843089612568406088e-01, 1.386017838938253255e-01, 1.868459768122510967e-01, 2.902432780370828858e-01
3.842881665510631817e-01, 1.386329809000821922e-01, 1.868283904686088570e-01, 2.902504620802457969e-01
3.842673594415222382e-01, 1.386642014569936798e-01, 1.868108270103651936e-01, 2.902576120911189994e-01
3.842465399374404011e-01, 1.386954455664487773e-01, 1.867932864523781100e-01, 2.902647280437328225e-01
3.842257080480230291e-01, 1.387267132303276751e-01, 1.867757688094992263e-01, 2.902718099121500139e-01
3.842048637824582724e-01, 1.387580044505019872e-01, 1.867582740965731958e-01, 2.902788576704666279e-01
3.841840071499168507e-01, 1.387893192288343347e-01, 1.867408023284378438e-01, 2.902858712928111373e-01
3.841631381595521644e-01, 1.388206575671788179e-01, 1.867233535199242511e-01, 2.902928507533448776e-01
3.841422568205004606e-01, 1.388520194673806274e-01, 1.867059276858564765e-01, 2.902997960262624355e-01
3.841213631418803898e-01, 1.388834049312763219e-01, 1.866885248410520837e-01, 2.903067070857912046e-01
3.841004571327934491e-01, 1.389148139606936616e-01, 1.866711450003213368e-01, 2.903135839061916634e-01
3.840795388023235946e-01, 1.389462465574514138e-01, 1.866537881784679775e-01, 2.903204264617569308e-01
3.840586081595376844e-01, 1.389777027233598805e-01, 1.866364543902885587e-01, 2.903272347268137654e-01
3.840376652134848690e-01, 1.390091824602203152e-01, 1.866191436505729995e-01, 2.903340086757216776e-01
3.840167099731972011e-01, 1.390406857698251730e-01, 1.866018559741040306e-01, 2.903407482828735398e-01
3.839957424476891923e-01, 1.390722126539581938e-01, 1.865845913756574714e-01, 2.903474535226950870e-01
3.839747626459579233e-01, 1.391037631143941800e-01, 1.865673498700023414e-01, 2.903541243696455831e-01
3.839537705769829889e-01, 1.391353371528989968e-01, 1.865501314719004711e-01, 2.903607607982174876e-01
3.839327662497268867e-01, 1.391669347712299054e-01, 1.865329361961067522e-01, 2.903673627829365111e-01
3.839117496731341839e-01, 1.391985559711349518e-01, 1.865157640573692488e-01, 2.903739302983616155e-01
3.838907208561324613e-01, 1.392302007543536613e-01, 1.864986150704286416e-01, 2.903804633190852913e-01
3.838696798076314809e-01, 1.392618691226162608e-01, 1.864814892500188392e-01, 2.903869618197333358e-01
3.838486265365238514e-01, 1.392935610776444566e-01, 1.864643866108665338e-01, 2.903934257749651304e-01
3.838275610516845293e-01, 1.393252766211507676e-01, 1.864473071676914506e-01, 2.903998551594733080e-01
3.838064833619709293e-01, 1.393570157548388866e-01, 1.864302509352061266e-01, 2.904062499479840853e-01
3.837853934762229802e-01, 1.393887784804035967e-01, 1.864132179281159929e-01, 2.904126101152574857e-01
3.837642914032634023e-01, 1.394205647995305497e-01, 1.863962081611194033e-01, 2.904189356360867280e-01
3.837431771518968748e-01, 1.394523747138967096e-01, 1.863792216489074671e-01, 2.904252264852989485e-01
3.837220507309110351e-01, 1.394842082251697979e-01, 1.863622584061642717e-01, 2.904314826377547565e-01
3.837009121490757568e-01, 1.395160653350087099e-01, 1.863453184475666602e-01, 2.904377040683487343e-01
3.836797614151435387e-01, 1.395479460450633757e-01, 1.863284017877841758e-01, 2.904438907520089375e-01
3.836585985378490049e-01, 1.395798503569745108e-01, 1.863115084414792566e-01, 2.904500426636972832e-01
3.836374235259094045e-01, 1.396117782723740319e-01, 1.862946384233070407e-01, 2.904561597784094396e-01
3.836162363880246118e-01, 1.396437297928847521e-01, 1.862777917479156997e-01, 2.904622420711749919e-01
3.835950371328766262e-01, 1.396757049201204082e-01, 1.862609684299456059e-01, 2.904682895170574430e-01
3.835738257691299058e-01, 1.397077036556856333e-01, 1.862441684840303036e-01, 2.904743020911541018e-01
3.835526023054315337e-01, 1.397397260011761788e-01, 1.862273919247959542e-01, 2.904802797685963611e-01
3.835313667504106627e-01, 1.397717719581785811e-01, 1.862106387668612528e-01, 2.904862225245494201e-01
3.835101191126791820e-01, 1.398038415282703284e-01, 1.861939090248377060e-01, 2.904921303342127836e-01
3.834888594008311058e-01, 1.398359347130197217e-01, 1.861772027133293816e-01, 2.904980031728197631e-01
3.834675876234427405e-01, 1.398680515139862079e-01, 1.861605198469331035e-01, 2.905038410156378648e-01
3.834463037890731285e-01, 1.399001919327198251e-01, 1.861438604402383123e-01, 2.905096438379687340e-01
3.834250079062632710e-01, 1.399323559707616738e-01, 1.861272245078268994e-01, 2.905154116151481558e-01
3.834036999835366277e-01, 1.399645436296436674e-01, 1.861106120642734285e-01, 2.905211443225462209e-01
3.833823800293992834e-01, 1.399967549108885045e-01, 1.860940231241452192e-01, 2.905268419355671039e-01
3.833610480523390041e-01, 1.400289898160097524e-01, 1.860774577020018472e-01, 2.905325044296494519e-01
3.833397040608266249e-01, 1.400612483465118463e-01, 1.860609158123955886e-01, 2.905381317802659402e-01
3.833183480633147178e-01, 1.400935305038900902e-01, 1.860443974698712255e-01, 2.905437239629238833e-01
3.832969800682384798e-01, 1.401258362896304344e-01, 1.860279026889661291e-01, 2.905492809531649012e-01
3.832756000840151778e-01, 1.401581657052097529e-01, 1.860114314842100103e-01, 2.905548027265649758e-01
3.832542081190445926e-01, 1.401905187520955942e-01, 1.859949838701252245e-01, 2.905602892587346164e-01
3.832328041817086306e-01, 1.402228954317464860e-01, 1.859785598612263835e-01, 2.905657405253185832e-01
3.832113882803712679e-01, 1.402552957456114358e-01, 1.859621594720206605e-01, 2.905711565019967191e-01
3.831899604233791057e-01, 1.402877196951304306e-01, 1.859457827170077626e-01, 2.905765371644827288e-01
3.831685206190609816e-01, 1.403201672817340762e-01, 1.859294296106795419e-01, 2.905818824885254004e-01
3.831470688757276366e-01, 1.403526385068437077e-01, 1.859131001675205230e-01, 2.905871924499081049e-01
3.831256052016723257e-01, 1.403851333718715289e-01, 1.858967944020074592e-01, 2.905924670244487418e-01
3.831041296051704848e-01, 1.404176518782202787e-01, 1.858805123286094707e-01, 2.905977061879998491e-01
3.830826420944795641e-01, 1.404501940272833704e-01, 1.858642539617880451e-01, 2.906029099164489926e-01
3.830611426778395834e-01, 1.404827598204451133e-01, 1.858480193159970373e-01, 2.906080781857183215e-01
3.830396313634724659e-01, 1.405153492590802966e-01, 1.858318084056824471e-01, 2.906132109717647349e-01
3.830181081595825376e-01, 1.405479623445543835e-01, 1.858156212452829192e-01, 2.906183082505801596e-01
3.829965730743561392e-01, 1.405805990782237058e-01, 1.857994578492289939e-01, 2.906233699981912721e-01
3.829750261159616809e-01, 1.406132594614348807e-01, 1.857833182319436893e-01, 2.906283961906597768e-01
3.829534672925501981e-01, 1.406459434955255050e-01, 1.857672024078421968e-01, 2.906333868040821278e-01
3.829318966122544632e-01, 1.406786511818235719e-01, 1.857511103913319916e-01, 2.906383418145900288e-01
3.829103140831895402e-01, 1.407113825216477487e-01, 1.857350421968127774e-01, 2.906432611983499892e-01
3.828887197134526743e-01, 1.407441375163073216e-01, 1.857189978386763196e-01, 2.906481449315637122e-01
3.828671135111231805e-01, 1.407769161671021674e-01, 1.857029773313067511e-01, 2.906529929904679288e-01
3.828454954842626101e-01, 1.408097184753227538e-01, 1.856869806890802110e-01, 2.906578053513344528e-01
3.828238656409145291e-01, 1.408425444422498896e-01, 1.856710079263650670e-01, 2.906625819904703478e-01
3.828022239891048506e-01, 1.408753940691554185e-01, 1.856550590575219151e-01, 2.906673228842178713e-01
3.827805705368411693e-01, 1.409082673573012201e-01, 1.856391340969032466e-01, 2.906720280089544195e-01
3.827589052921134272e-01, 1.409411643079399867e-01, 1.856232330588537538e-01, 2.906766973410926935e-01
3.827372282628939137e-01, 1.409740849223149739e-01, 1.856073559577103571e-01, 2.906813308570808108e-01
3.827155394571365443e-01, 1.410070292016596949e-01, 1.855915028078017615e-01, 2.906859285334020826e-01
3.826938388827775261e-01, 1.410399971471983094e-01, 1.855756736234489834e-01, 2.906904903465751810e-01
3.826721265477352474e-01, 1.410729887601455679e-01, 1.855598684189649350e-01, 2.906950162731541387e-01
3.826504024599100551e-01, 1.411060040417065620e-01, 1.855440872086545623e-01, 2.906995062897288484e-01
3.826286666271844217e-01, 1.411390429930769463e-01, 1.855283300068148178e-01, 2.907039603729239530e-01
3.826069190574225565e-01, 1.411721056154426612e-01, 1.855125968277346882e-01, 2.907083784994002884e-01
3.825851597584710717e-01, 1.412051919099802100e-01, 1.854968876856950555e-01, 2.907127606458536628e-01
3.825633887381585940e-01, 1.412383018778566590e-01, 1.854812025949688081e-01, 2.907171067890158556e-01
3.825416060042958200e-01, 1.412714355202293048e-01, 1.854655415698207299e-01, 2.907214169056541730e-01
3.825198115646751273e-01, 1.413045928382458405e-01, 1.854499046245076388e-01, 2.907256909725713934e-01
3.824980054270711305e-01, 1.413377738330445221e-01, 1.854342917732779983e-01, 2.907299289666063213e-01
3.824761875992406246e-01, 1.413709785057538915e-01, 1.854187030303724171e-01, 2.907341308646330669e-01
3.824543580889220862e-01, 1.414042068574929423e-01, 1.854031384100232605e-01, 2.907382966435616001e-01
3.824325169038363947e-01, 1.414374588893708706e-01, 1.853875979264548168e-01, 2.907424262803379178e-01
3.824106640516860001e-01, 1.414707346024874912e-01, 1.853720815938831035e-01, 2.907465197519435440e-01
3.823887995401554774e-01, 1.415040339979326545e-01, 1.853565894265160330e-01, 2.907505770353958074e-01
3.823669233769114717e-01, 1.415373570767869127e-01, 1.853411214385533301e-01, 2.907545981077482855e-01
3.823450355696025871e-01, 1.415707038401207984e-01, 1.853256776441864762e-01, 2.907585829460901383e-01
3.823231361258593863e-01, 1.416040742889954074e-01, 1.853102580575987091e-01, 2.907625315275466638e-01
3.823012250532942802e-01, 1.416374684244618432e-01, 1.852948626929649678e-01, 2.907664438292788534e-01
3.822793023595016937e-01, 1.416708862475619946e-01, 1.852794915644522533e-01, 2.907703198284841695e-01
3.822573680520579553e-01, 1.417043277593275086e-01, 1.852641446862187680e-01, 2.907741595023956016e-01
3.822354221385216855e-01, 1.417377929607806786e-01, 1.852488220724148593e-01, 2.907779628282827211e-01
3.822134646264329083e-01, 1.417712818529338337e-01, 1.852335237371823817e-01, 2.907817297834508485e-01
3.821914955233139399e-01, 1.418047944367895885e-01, 1.852182496946549184e-01, 2.907854603452416087e-01
3.821695148366688333e-01, 1.418383307133409543e-01, 1.852029999589575038e-01, 2.907891544910328196e-01
3.821475225739834336e-01, 1.418718906835709781e-01, 1.851877745442071510e-01, 2.907928121982383263e-01
3.821255187427261002e-01, 1.419054743484530756e-01, 1.851725734645122134e-01, 2.907964334443085552e-01
3.821035033503463740e-01, 1.419390817089506429e-01, 1.851573967339728843e-01, 2.908000182067300154e-01
3.820814764042760880e-01, 1.419727127660176114e-01, 1.851422443666808082e-01, 2.908035664630254646e-01
3.820594379119289230e-01, 1.420063675205978093e-01, 1.851271163767191641e-01, 2.908070781907540758e-01
3.820373878807002965e-01, 1.420400459736253507e-01, 1.851120127781628322e-01, 2.908105533675115484e-01
3.820153263179676406e-01, 1.420737481260245516e-01, 1.850969335850779773e-01, 2.908139919709297749e-01
3.819932532310902906e-01, 1.421074739787097641e-01, 1.850818788115227431e-01, 2.908173939786771744e-01
3.819711686274094298e-01, 1.421412235325855422e-01, 1.850668484715463080e-01, 2.908207593684586922e-01
3.819490725142479781e-01, 1.421749967885466148e-01, 1.850518425791896349e-01, 2.908240881180158000e-01
3.819269648989107591e-01, 1.422087937474777464e-01, 1.850368611484849712e-01, 2.908273802051263290e-01
3.819048457886846104e-01, 1.422426144102539869e-01, 1.850219041934562936e-01, 2.908306356076050814e-01
3.818827151908382178e-01, 1.422764587777402001e-01, 1.850069717281186410e-01, 2.908338543033028856e-01
3.818605731126217262e-01, 1.423103268507915631e-01, 1.849920637664788647e-01, 2.908370362701078182e-01
3.818384195612675724e-01, 1.423442186302532331e-01, 1.849771803225349620e-01, 2.908401814859442047e-01
3.818162545439897637e-01, 1.423781341169604586e-01, 1.849623214102764923e-01, 2.908432899287733964e-01
3.817940780679841550e-01, 1.424120733117385795e-01, 1.849474870436841334e-01, 2.908463615765931598e-01
3.817718901404286158e-01, 1.424460362154028326e-01, 1.849326772367303195e-01, 2.908493964074382321e-01
3.817496907684826413e-01, 1.424800228287587400e-01, 1.849178920033784645e-01, 2.908523943993801542e-01
3.817274799592874635e-01, 1.425140331526015547e-01, 1.849031313575836000e-01, 2.908553555305273264e-01
3.817052577199663843e-01, 1.425480671877168704e-01, 1.848883953132918756e-01, 2.908582797790249530e-01
3.816830240576242761e-01, 1.425821249348799558e-01, 1.848736838844406705e-01, 2.908611671230551532e-01
3.816607789793478589e-01, 1.426162063948562264e-01, 1.848589970849589259e-01, 2.908640175408370165e-01
3.816385224922058117e-01, 1.426503115684011336e-01, 1.848443349287665627e-01, 2.908668310106265475e-01
3.816162546032483283e-01, 1.426844404562599977e-01, 1.848296974297749806e-01, 2.908696075107166656e-01
3.815939753195076167e-01, 1.427185930591680918e-01, 1.848150846018866977e-01, 2.908723470194377603e-01
3.815716846479974000e-01, 1.427527693778507245e-01, 1.848004964589953225e-01, 2.908750495151565807e-01
3.815493825957135265e-01, 1.427869694130230738e-01, 1.847859330149858592e-01, 2.908777149762775127e-01
3.815270691696333039e-01, 1.428211931653902145e-01, 1.847713942837344303e-01, 2.908803433812420236e-01
3.815047443767159430e-01, 1.428554406356472295e-01, 1.847568802791083598e-01, 2.908829347085284955e-01
3.814824082239023362e-01, 1.428897118244790987e-01, 1.847423910149659232e-01, 2.908854889366527807e-01
3.814600607181151126e-01, 1.429240067325604768e-01, 1.847279265051568198e-01, 2.908880060441675908e-01
3.814377018662588048e-01, 1.429583253605562765e-01, 1.847134867635216171e-01, 2.908904860096632738e-01
3.814153316752195155e-01, 1.429926677091209464e-01, 1.846990718038921120e-01, 2.908929288117672596e-01
3.813929501518653620e-01, 1.430270337788990542e-01, 1.846846816400911639e-01, 2.908953344291444476e-01
3.813705573030456430e-01, 1.430614235705247594e-01, 1.846703162859326675e-01, 2.908977028404968745e-01
3.813481531355920606e-01, 1.430958370846223127e-01, 1.846559757552215519e-01, 2.909000340245639915e-01
3.813257376563174428e-01, 1.431302743218055562e-01, 1.846416600617540038e-01, 2.909023279601229972e-01
3.813033108720167985e-01, 1.431647352826784236e-01, 1.846273692193167448e-01, 2.909045846259880608e-01
3.812808727894665406e-01, 1.431992199678343292e-01, 1.846131032416879758e-01, 2.909068040010111544e-01
3.812584234154249851e-01, 1.432337283778568060e-01, 1.845988621426366827e-01, 2.909089860640816094e-01
3.812359627566320186e-01, 1.432682605133189790e-01, 1.845846459359226921e-01, 2.909111307941262825e-01
3.812134908198094863e-01, 1.433028163747837869e-01, 1.845704546352970321e-01, 2.909132381701098335e-01
3.811910076116604706e-01, 1.433373959628038707e-01, 1.845562882545015437e-01, 2.909153081710341149e-01
3.811685131388701797e-01, 1.433719992779217967e-01, 1.845421468072689086e-01, 2.909173407759390040e-01
3.811460074081054472e-01, 1.434066263206697223e-01, 1.845280303073228712e-01, 2.909193359639020149e-01
3.811234904260143996e-01, 1.434412770915696189e-01, 1.845139387683779886e-01, 2.909212937140378541e-01
3.811009621992275109e-01, 1.434759515911330774e-01, 1.844998722041396588e-01, 2.909232140054996973e-01
3.810784227343563813e-01, 1.435106498198616132e-01, 1.844858306283041482e-01, 2.909250968174778573e-01
3.810558720379944586e-01, 1.435453717782461391e-01, 1.844718140545585638e-01, 2.909269421292008384e-01
3.810333101167169279e-01, 1.435801174667675206e-01, 1.844578224965807700e-01, 2.909287499199347260e-01
3.810107369770806551e-01, 1.436148868858961036e-01, 1.844438559680396383e-01, 2.909305201689836307e-01
3.809881526256240769e-01, 1.436496800360921033e-01, 1.844299144825945480e-01, 2.909322528556892995e-01
3.809655570688673110e-01, 1.436844969178052156e-01, 1.844159980538958021e-01, 2.909339479594315603e-01
3.809429503133122674e-01, 1.437193375314748944e-01, 1.844021066955844890e-01, 2.909356054596284324e-01
3.809203323654421491e-01, 1.437542018775301023e-01, 1.843882404212923154e-01, 2.909372253357353499e-01
3.808977032317223399e-01, 1.437890899563896707e-01, 1.843743992446418289e-01, 2.909388075672461049e-01
3.808750629185995162e-01, 1.438240017684617733e-01, 1.843605831792462790e-01, 2.909403521336926257e-01
3.808524114325018695e-01, 1.438589373141443140e-01, 1.843467922387094227e-01, 2.909418590146444217e-01
3.808297487798396053e-01, 1.438938965938248160e-01, 1.843330264366258853e-01, 2.909433281897096379e-01
3.808070749670044441e-01, 1.439288796078803112e-01, 1.843192857865809109e-01, 2.909447596385343338e-01
3.807843900003696769e-01, 1.439638863566775062e-01, 1.843055703021503067e-01, 2.909461533408025935e-01
3.807616938862900535e-01, 1.439989168405725328e-01, 1.842918799969005261e-01, 2.909475092762368598e-01
3.807389866311022830e-01, 1.440339710599111978e-01, 1.842782148843886969e-01, 2.909488274245977668e-01
3.807162682411246446e-01, 1.440690490150287328e-01, 1.842645749781625097e-01, 2.909501077656839740e-01
3.806935387226568213e-01, 1.441041507062500449e-01, 1.842509602917601630e-01, 2.909513502793328876e-01
3.806707980819803439e-01, 1.441392761338894657e-01, 1.842373708387103903e-01, 2.909525549454197724e-01
3.806480463253582025e-01, 1.441744252982508079e-01, 1.842238066325326828e-01, 2.909537217438583623e-01
3.806252834590349021e-01, 1.442095981996274756e-01, 1.842102676867367894e-01, 2.909548506546008051e-01
3.806025094892369620e-01, 1.442447948383022427e-01, 1.841967540148231608e-01, 2.909559416576375512e-01
3.805797244221721942e-01, 1.442800152145475023e-01, 1.841832656302825610e-01, 2.909569947329976869e-01
3.805569282640300921e-01, 1.443152593286249896e-01, 1.841698025465963728e-01, 2.909580098607485454e-01
3.805341210209816638e-01, 1.443505271807859203e-01, 1.841563647772364587e-01, 2.909589870209960405e-01
3.805113026991795433e-01, 1.443858187712710461e-01, 1.841429523356649389e-01, 2.909599261938843329e-01
3.804884733047582124e-01, 1.444211341003104054e-01, 1.841295652353344969e-01, 2.909608273595967187e-01
3.804656328438335011e-01, 1.444564731681236280e-01, 1.841162034896882960e-01, 2.909616904983545749e-01
3.804427813225027544e-01, 1.444918359749196302e-01, 1.841028671121597293e-01, 2.909625155904179694e-01
3.804199187468449983e-01, 1.445272225208967531e-01, 1.840895561161726146e-01, 2.909633026160856062e-01
3.803970451229211069e-01, 1.445626328062427635e-01, 1.840762705151412493e-01, 2.909640515556949358e-01
3.803741604567731360e-01, 1.445980668311347972e-01, 1.840630103224699943e-01, 2.909647623896220447e-01
3.803512647544249892e-01, 1.446335245957393323e-01, 1.840497755515538569e-01, 2.909654350982817661e-01
3.803283580218818627e-01, 1.446690061002123273e-01, 1.840365662157781024e-01, 2.909660696621277354e-01
3.803054402651310228e-01, 1.447045113446988884e-01, 1.840233823285180315e-01, 2.909666660616521128e-01
3.802825114901407511e-01, 1.447400403293335747e-01, 1.840102239031393971e-01, 2.909672242773861939e-01
3.802595717028613431e-01, 1.447755930542403702e-01, 1.839970909529984044e-01, 2.909677442898999100e-01
3.802366209092243321e-01, 1.448111695195323512e-01, 1.839839834914411276e-01, 2.909682260798021614e-01
3.802136591151431544e-01, 1.448467697253121023e-01, 1.839709015318040930e-01, 2.909686696277405948e-01
3.801906863265124836e-01, 1.448823936716714667e-01, 1.839578450874140569e-01, 2.909690749144020483e-01
3.801677025492087858e-01, 1.449180413586914629e-01, 1.839448141715879503e-01, 2.909694419205118843e-01
3.801447077890899306e-01, 1.449537127864424513e-01, 1.839318087976327121e-01, 2.909697706268348782e-01
3.801217020519956358e-01, 1.449894079549841897e-01, 1.839188289788457609e-01, 2.909700610141745525e-01
3.800986853437466340e-01, 1.450251268643654723e-01, 1.839058747285142736e-01, 2.909703130633735646e-01
3.800756576701458944e-01, 1.450608695146244354e-01, 1.838929460599158794e-01, 2.909705267553137076e-01
3.800526190369774016e-01, 1.450966359057885291e-01, 1.838800429863182428e-01, 2.909707020709156877e-01
3.800295694500069876e-01, 1.451324260378742403e-01, 1.838671655209791478e-01, 2.909708389911395132e-01
3.800065089149820552e-01, 1.451682399108875365e-01, 1.838543136771462749e-01, 2.909709374969841611e-01
3.799834374376311885e-01, 1.452040775248232274e-01, 1.838414874680574795e-01, 2.909709975694879658e-01
3.799603550236649863e-01, 1.452399388796656587e-01, 1.838286869069409024e-01, 2.909710191897284526e-01
3.799372616787752288e-01, 1.452758239753882130e-01, 1.838159120070142483e-01, 2.909710023388221711e-01
3.799141574086357109e-01, 1.453117328119534757e-01, 1.838031627814857294e-01, 2.909709469979251395e-01
3.798910422189010760e-01, 1.453476653893130410e-01, 1.837904392435532053e-01, 2.909708531482327332e-01
3.798679161152080930e-01, 1.453836217074079284e-01, 1.837777414064045434e-01, 2.909707207709793519e-01
3.798447791031750453e-01, 1.454196017661681384e-01, 1.837650692832178134e-01, 2.909705498474390861e-01
3.798216311884013430e-01, 1.454556055655127633e-01, 1.837524228871609266e-01, 2.909703403589251058e-01
3.797984723764682990e-01, 1.454916331053500433e-01, 1.837398022313915247e-01, 2.909700922867902717e-01
3.797753026729386860e-01, 1.455276843855773383e-01, 1.837272073290575347e-01, 2.909698056124264687e-01
3.797521220833567357e-01, 1.455637594060812945e-01, 1.837146381932964201e-01, 2.909694803172656052e-01
3.797289306132483611e-01, 1.455998581667372893e-01, 1.837020948372357909e-01, 2.909691163827786142e-01
3.797057282681207124e-01, 1.456359806674100421e-01, 1.836895772739929877e-01, 2.909687137904761189e-01
3.796825150534629545e-01, 1.456721269079533365e-01, 1.836770855166753036e-01, 2.909682725219084332e-01
3.796592909747453226e-01, 1.457082968882097984e-01, 1.836646195783798174e-01, 2.909677925586650060e-01
3.796360560374199555e-01, 1.457444906080113123e-01, 1.836521794721934497e-01, 2.909672738823754212e-01
3.796128102469201182e-01, 1.457807080671786604e-01, 1.836397652111928236e-01, 2.909667164747083423e-01
3.795895536086609789e-01, 1.458169492655219113e-01, 1.836273768084444868e-01, 2.909661203173726784e-01
3.795662861280391653e-01, 1.458532142028397260e-01, 1.836150142770046900e-01, 2.909654853921163631e-01
3.795430078104325422e-01, 1.458895028789201631e-01, 1.836026776299194418e-01, 2.909648116807276863e-01
3.795197186612009332e-01, 1.459258152935400399e-01, 1.835903668802245647e-01, 2.909640991650343511e-01
3.794964186856853994e-01, 1.459621514464653214e-01, 1.835780820409454728e-01, 2.909633478269037510e-01
3.794731078892087384e-01, 1.459985113374507593e-01, 1.835658231250974493e-01, 2.909625576482430809e-01
3.794497862770748742e-01, 1.460348949662402529e-01, 1.835535901456851471e-01, 2.909617286109996703e-01
3.794264538545699117e-01, 1.460713023325664883e-01, 1.835413831157033659e-01, 2.909608606971602618e-01
3.794031106269607490e-01, 1.461077334361512714e-01, 1.835292020481361919e-01, 2.909599538887518433e-01
3.793797565994964649e-01, 1.461441882767052780e-01, 1.835170469559574691e-01, 2.909590081678408158e-01
3.793563917774072647e-01, 1.461806668539279985e-01, 1.835049178521307445e-01, 2.909580235165341033e-01
3.793330161659049238e-01, 1.462171691675079321e-01, 1.834928147496090178e-01, 2.909569999169782095e-01
3.793096297701827879e-01, 1.462536952171224758e-01, 1.834807376613350194e-01, 2.909559373513596614e-01
3.792862325954158842e-01, 1.462902450024379797e-01, 1.834686866002410155e-01, 2.909548358019050096e-01
3.792628246467606989e-01, 1.463268185231095531e-01, 1.834566615792488087e-01, 2.909536952508808838e-01
3.792394059293550668e-01, 1.463634157787812584e-01, 1.834446626112697376e-01, 2.909525156805940482e-01
3.792159764483182816e-01, 1.464000367690859450e-01, 1.834326897092046493e-01, 2.909512970733910686e-01
3.791925362087517071e-01, 1.464366814936454153e-01, 1.834207428859440103e-01, 2.909500394116588118e-01
3.791690852157376668e-01, 1.464733499520702587e-01, 1.834088221543677122e-01, 2.909487426778243901e-01
3.791456234743401654e-01, 1.465100421439599065e-01, 1.833969275273450994e-01, 2.909474068543548286e-01
3.791221509896049446e-01, 1.465467580689025495e-01, 1.833850590177349416e-01, 2.909460319237575643e-01
3.790986677665590387e-01, 1.465834977264753036e-01, 1.833732166383856554e-01, 2.909446178685800577e-01
3.790751738102110524e-01, 1.466202611162440439e-01, 1.833614004021348609e-01, 2.909431646714101816e-01
3.790516691255511605e-01, 1.466570482377633489e-01, 1.833496103218096585e-01, 2.909416723148759432e-01
3.790281537175509974e-01, 1.466938590905766393e-01, 1.833378464102265459e-01, 2.909401407816456508e-01
3.790046275911639895e-01, 1.467306936742161783e-01, 1.833261086801916129e-01, 2.909385700544281916e-01
3.789810907513246896e-01, 1.467675519882028490e-01, 1.833143971444999298e-01, 2.909369601159723651e-01
3.789575432029494984e-01, 1.468044340320464602e-01, 1.833027118159362145e-01, 2.909353109490677158e-01
3.789339849509361646e-01, 1.468413398052454411e-01, 1.832910527072743601e-01, 2.909336225365440898e-01
3.789104160001641186e-01, 1.468782693072868129e-01, 1.832794198312775735e-01, 2.909318948612714673e-01
3.788868363554940832e-01, 1.469152225376466336e-01, 1.832678132006986260e-01, 2.909301279061606849e-01
3.788632460217684628e-01, 1.469521994957894429e-01, 1.832562328282791586e-01, 2.909283216541628247e-01
3.788396450038115093e-01, 1.469892001811685944e-01, 1.832446787267503763e-01, 2.909264760882696033e-01
3.788160333064283236e-01, 1.470262245932259793e-01, 1.832331509088326316e-01, 2.909245911915130933e-01
3.787924109344059653e-01, 1.470632727313923582e-01, 1.832216493872356189e-01, 2.909226669469661131e-01
3.787687778925131199e-01, 1.471003445950870292e-01, 1.832101741746580137e-01, 2.909207033377418372e-01
3.787451341854999320e-01, 1.471374401837180212e-01, 1.831987252837879443e-01, 2.909187003469942412e-01
3.787214798180976172e-01, 1.471745594966819282e-01, 1.831873027273025478e-01, 2.909166579579178791e-01
3.786978147950198492e-01, 1.472117025333640195e-01, 1.831759065178683032e-01, 2.909145761537478281e-01
3.786741391209610397e-01, 1.472488692931382959e-01, 1.831645366681407261e-01, 2.909124549177599661e-01
3.786504528005974479e-01, 1.472860597753671286e-01, 1.831531931907645072e-01, 2.909102942332708608e-01
3.786267558385869036e-01, 1.473232739794018697e-01, 1.831418760983733462e-01, 2.909080940836378804e-01
3.786030482395687513e-01, 1.473605119045821310e-01, 1.831305854035902292e-01, 2.909058544522589163e-01
3.785793300081637947e-01, 1.473977735502361441e-01, 1.831193211190271786e-01, 2.909035753225728826e-01
3.785556011489744632e-01, 1.474350589156810387e-01, 1.831080832572852257e-01, 2.909012566780593279e-01
3.785318616665847569e-01, 1.474723680002220372e-01, 1.830968718309545495e-01, 2.908988985022387674e-01
3.785081115655600237e-01, 1.475097008031533430e-01, 1.830856868526142267e-01, 2.908965007786722956e-01
3.784843508504475706e-01, 1.475470573237574745e-01, 1.830745283348325092e-01, 2.908940634909623624e-01
3.784605795257759975e-01, 1.475844375613055426e-01, 1.830633962901666578e-01, 2.908915866227518854e-01
3.784367975960551966e-01, 1.476218415150571117e-01, 1.830522907311628034e-01, 2.908890701577248050e-01
3.784130050657771860e-01, 1.476592691842605054e-01, 1.830412116703561687e-01, 2.908865140796061954e-01
3.783892019394150541e-01, 1.476967205681522233e-01, 1.830301591202708189e-01, 2.908839183721618205e-01
3.783653882214238484e-01, 1.477341956659574962e-01, 1.830191330934199667e-01, 2.908812830191986887e-01
3.783415639162397981e-01, 1.477716944768900087e-01, 1.830081336023054450e-01, 2.908786080045648315e-01
3.783177290282809802e-01, 1.478092170001517880e-01, 1.829971606594183176e-01, 2.908758933121490253e-01
3.782938835619465978e-01, 1.478467632349335092e-01, 1.829862142772383793e-01, 2.908731389258814581e-01
3.782700275216182018e-01, 1.478843331804142180e-01, 1.829752944682343507e-01, 2.908703448297332295e-01
3.782461609116582468e-01, 1.479219268357614692e-01, 1.829644012448636836e-01, 2.908675110077166837e-01
3.782222837364109247e-01, 1.479595442001310490e-01, 1.829535346195730050e-01, 2.908646374438850768e-01
3.781983960002019973e-01, 1.479971852726674197e-01, 1.829426946047972846e-01, 2.908617241223331318e-01
3.781744977073390190e-01, 1.480348500525034416e-01, 1.829318812129609173e-01, 2.908587710271965943e-01
3.781505888621108924e-01, 1.480725385387601511e-01, 1.829210944564765295e-01, 2.908557781426523992e-01
3.781266694687879792e-01, 1.481102507305472049e-01, 1.829103343477457566e-01, 2.908527454529188927e-01
3.781027395316227668e-01, 1.481479866269626855e-01, 1.828996008991592148e-01, 2.908496729422553884e-01
3.780787990548485356e-01, 1.481857462270928238e-01, 1.828888941230958909e-01, 2.908465605949627220e-01
3.780548480426808577e-01, 1.482235295300124156e-01, 1.828782140319237803e-01, 2.908434083953830296e-01
3.780308864993163209e-01, 1.482613365347845713e-01, 1.828675606379994711e-01, 2.908402163278997477e-01
3.780069144289336935e-01, 1.482991672404605776e-01, 1.828569339536683103e-01, 2.908369843769375018e-01
3.779829318356928702e-01, 1.483370216460803415e-01, 1.828463339912642927e-01, 2.908337125269624401e-01
3.779589387237356490e-01, 1.483748997506719458e-01, 1.828357607631102000e-01, 2.908304007624823995e-01
3.779349350971849542e-01, 1.484128015532518163e-01, 1.828252142815171288e-01, 2.908270490680460174e-01
3.779109209601460018e-01, 1.484507270528246936e-01, 1.828146945587853789e-01, 2.908236574282438425e-01
3.778868963167051342e-01, 1.484886762483836053e-01, 1.828042016072033982e-01, 2.908202258277078900e-01
3.778628611709303753e-01, 1.485266491389098942e-01, 1.827937354390484215e-01, 2.908167542511113646e-01
3.778388155268713189e-01, 1.485646457233731343e-01, 1.827832960665862760e-01, 2.908132426831692707e-01
3.778147593885592959e-01, 1.486026660007312150e-01, 1.827728835020712705e-01, 2.908096911086381353e-01
3.777906927600073184e-01, 1.486407099699302570e-01, 1.827624977577465004e-01, 2.908060995123158965e-01
3.777666156452099133e-01, 1.486787776299046127e-01, 1.827521388458433482e-01, 2.908024678790420703e-01
3.777425280481431225e-01, 1.487168689795770327e-01, 1.827418067785819000e-01, 2.907987961936981391e-01
3.777184299727645023e-01, 1.487549840178583049e-01, 1.827315015681705290e-01, 2.907950844412066638e-01
3.776943214230139567e-01, 1.487931227436475046e-01, 1.827212232268063952e-01, 2.907913326065322268e-01
3.776702024028120164e-01, 1.488312851558319105e-01, 1.827109717666749733e-01, 2.907875406746811553e-01
3.776460729160615593e-01, 1.488694712532870890e-01, 1.827007471999502197e-01, 2.907837086307010765e-01
3.776219329666468671e-01, 1.489076810348766711e-01, 1.826905495387946554e-01, 2.907798364596818619e-01
3.775977825584338476e-01, 1.489459144994525197e-01, 1.826803787953589775e-01, 2.907759241467546829e-01
3.775736216952700897e-01, 1.489841716458547016e-01, 1.826702349817825033e-01, 2.907719716770927332e-01
3.775494503809848079e-01, 1.490224524729114874e-01, 1.826601181101929483e-01, 2.907679790359108951e-01
3.775252686193887874e-01, 1.490607569794391019e-01, 1.826500281927063152e-01, 2.907639462084657400e-01
3.775010764142746611e-01, 1.490990851642421400e-01, 1.826399652414270602e-01, 2.907598731800560832e-01
3.774768737694165766e-01, 1.491374370261132898e-01, 1.826299292684478992e-01, 2.907557599360222067e-01
3.774526606885704183e-01, 1.491758125638331933e-01, 1.826199202858499737e-01, 2.907516064617463036e-01
3.774284371754736411e-01, 1.492142117761708631e-01, 1.826099383057027681e-01, 2.907474127426527555e-01
3.774042032338454367e-01, 1.492526346618832100e-01, 1.825999833400638872e-01, 2.907431787642074661e-01
3.773799588673866778e-01, 1.492910812197153492e-01, 1.825900554009795007e-01, 2.907389045119185833e-01
3.773557040797798634e-01, 1.493295514484004327e-01, 1.825801545004837600e-01, 2.907345899713360549e-01
3.773314388746891179e-01, 1.493680453466596503e-01, 1.825702806505992981e-01, 2.907302351280518504e-01
3.773071632557604138e-01, 1.494065629132024231e-01, 1.825604338633370072e-01, 2.907258399677001837e-01
3.772828772266212938e-01, 1.494451041467260988e-01, 1.825506141506956781e-01, 2.907214044759569016e-01
3.772585807908810929e-01, 1.494836690459160622e-01, 1.825408215246626942e-01, 2.907169286385401508e-01
3.772342739521306609e-01, 1.495222576094457634e-01, 1.825310559972135038e-01, 2.907124124412100441e-01
3.772099567139427512e-01, 1.495608698359767175e-01, 1.825213175803117038e-01, 2.907078558697689386e-01
3.771856290798716871e-01, 1.495995057241584769e-01, 1.825116062859089006e-01, 2.907032589100610465e-01
3.771612910534534180e-01, 1.496381652726284373e-01, 1.825019221259451818e-01, 2.906986215479729907e-01
3.771369426382059631e-01, 1.496768484800122534e-01, 1.824922651123484785e-01, 2.906939437694333606e-01
3.771125838376285788e-01, 1.497155553449233123e-01, 1.824826352570350085e-01, 2.906892255604131003e-01
3.770882146552026470e-01, 1.497542858659631215e-01, 1.824730325719089719e-01, 2.906844669069251763e-01
3.770638350943911199e-01, 1.497930400417213093e-01, 1.824634570688628554e-01, 2.906796677950247987e-01
3.770394451586385198e-01, 1.498318178707750414e-01, 1.824539087597768783e-01, 2.906748282108095882e-01
3.770150448513713282e-01, 1.498706193516898544e-01, 1.824443876565195743e-01, 2.906699481404191876e-01
3.769906341759977630e-01, 1.499094444830190997e-01, 1.824348937709474316e-01, 2.906650275700357611e-01
3.769662131359075574e-01, 1.499482932633038612e-01, 1.824254271149049200e-01, 2.906600664858836058e-01
3.769417817344724586e-01, 1.499871656910734818e-01, 1.824159877002246577e-01, 2.906550648742294296e-01
3.769173399750457287e-01, 1.500260617648449535e-01, 1.824065755387270782e-01, 2.906500227213821286e-01
3.768928878609628108e-01, 1.500649814831234163e-01, 1.823971906422206246e-01, 2.906449400136932315e-01
3.768684253955401076e-01, 1.501039248444015484e-01, 1.823878330225017774e-01, 2.906398167375564556e-01
3.768439525820767577e-01, 1.501428918471602869e-01, 1.823785026913549434e-01, 2.906346528794079842e-01
3.768194694238529152e-01, 1.501818824898683291e-01, 1.823691996605523447e-01, 2.906294484257264665e-01
3.767949759241308594e-01, 1.502208967709820486e-01, 1.823599239418542406e-01, 2.906242033630328514e-01
3.767704720861546619e-01, 1.502599346889459675e-01, 1.823506755470087337e-01, 2.906189176778907202e-01
3.767459579131499092e-01, 1.502989962421922288e-01, 1.823414544877517418e-01, 2.906135913569060647e-01
3.767214334083243688e-01, 1.503380814291409295e-01, 1.823322607758072200e-01, 2.906082243867274539e-01
3.766968985748673782e-01, 1.503771902482000655e-01, 1.823230944228867445e-01, 2.906028167540458118e-01
3.766723534159500675e-01, 1.504163226977651979e-01, 1.823139554406899010e-01, 2.905973684455948614e-01
3.766477979347254146e-01, 1.504554787762200363e-01, 1.823048438409040073e-01, 2.905918794481506251e-01
3.766232321343279676e-01, 1.504946584819358280e-01, 1.822957596352042242e-01, 2.905863497485319247e-01
3.765986560178748443e-01, 1.505338618132717743e-01, 1.822867028352534169e-01, 2.905807793336000477e-01
3.765740695884640110e-01, 1.505730887685746699e-01, 1.822776734527022657e-01, 2.905751681902590811e-01
3.765494728491758925e-01, 1.506123393461793469e-01, 1.822686714991893220e-01, 2.905695163054554664e-01
3.765248658030724282e-01, 1.506516135444082305e-01, 1.822596969863406191e-01, 2.905638236661786666e-01
3.765002484531977389e-01, 1.506909113615714779e-01, 1.822507499257701724e-01, 2.905580902594604997e-01
3.764756208025776263e-01, 1.507302327959670896e-01, 1.822418303290795349e-01, 2.905523160723757492e-01
3.764509828542194625e-01, 1.507695778458808256e-01, 1.822329382078579918e-01, 2.905465010920417757e-01
3.764263346111128006e-01, 1.508089465095860393e-01, 1.822240735736825601e-01, 2.905406453056187388e-01
3.764016760762289859e-01, 1.508483387853438995e-01, 1.822152364381177114e-01, 2.905347487003093754e-01
3.763770072525211563e-01, 1.508877546714033346e-01, 1.822064268127159270e-01, 2.905288112633596098e-01
3.763523281429244638e-01, 1.509271941660007277e-01, 1.821976447090169760e-01, 2.905228329820577216e-01
3.763276387503559084e-01, 1.509666572673605545e-01, 1.821888901385483872e-01, 2.905168138437351777e-01
3.763029390777141159e-01, 1.510061439736946065e-01, 1.821801631128253107e-01, 2.905107538357660224e-01
3.762782291278798930e-01, 1.510456542832025462e-01, 1.821714636433503509e-01, 2.905046529455672655e-01
3.762535089037158387e-01, 1.510851881940716290e-01, 1.821627917416138442e-01, 2.904985111605987158e-01
3.762287784080665110e-01, 1.511247457044768150e-01, 1.821541474190935261e-01, 2.904923284683631479e-01
3.762040376437582601e-01, 1.511643268125806294e-01, 1.821455306872547808e-01, 2.904861048564064130e-01
3.761792866135994506e-01, 1.512039315165332742e-01, 1.821369415575504191e-01, 2.904798403123168837e-01
3.761545253203802952e-01, 1.512435598144727666e-01, 1.821283800414207898e-01, 2.904735348237261761e-01
3.761297537668730762e-01, 1.512832117045242730e-01, 1.821198461502938071e-01, 2.904671883783089270e-01
3.761049719558317017e-01, 1.513228871848010804e-01, 1.821113398955846452e-01, 2.904608009637825727e-01
3.760801798899923165e-01, 1.513625862534037914e-01, 1.821028612886962383e-01, 2.904543725679076260e-01
3.760553775720730241e-01, 1.514023089084206852e-01, 1.820944103410187254e-01, 2.904479031784876208e-01
3.760305650047736092e-01, 1.514420551479274957e-01, 1.820859870639296996e-01, 2.904413927833690567e-01
3.760057421907760378e-01, 1.514818249699878550e-01, 1.820775914687942643e-01, 2.904348413704417320e-01
3.759809091327441233e-01, 1.515216183726526000e-01, 1.820692235669648940e-01, 2.904282489276382995e-01
3.759560658333239158e-01, 1.515614353539602999e-01, 1.820608833697813511e-01, 2.904216154429345997e-01
3.759312122951427582e-01, 1.516012759119369502e-01, 1.820525708885707972e-01, 2.904149409043494945e-01
3.759063485208107847e-01, 1.516411400445962787e-01, 1.820442861346477370e-01, 2.904082252999450886e-01
3.758814745129197554e-01, 1.516810277499394399e-01, 1.820360291193141022e-01, 2.904014686178266191e-01
3.758565902740434450e-01, 1.517209390259550428e-01, 1.820277998538591402e-01, 2.903946708461423998e-01
3.758316958067374203e-01, 1.517608738706193172e-01, 1.820195983495591641e-01, 2.903878319730839874e-01
3.758067911135397621e-01, 1.518008322818960032e-01, 1.820114246176781081e-01, 2.903809519868862377e-01
3.757818761969701216e-01, 1.518408142577360731e-01, 1.820032786694668059e-01, 2.903740308758269717e-01
3.757569510595302753e-01, 1.518808197960783424e-01, 1.819951605161637953e-01, 2.903670686282275870e-01
3.757320157037042363e-01, 1.519208488948489422e-01, 1.819870701689944303e-01, 2.903600652324523912e-01
3.757070701319577544e-01, 1.519609015519613748e-01, 1.819790076391714917e-01, 2.903530206769092681e-01
3.756821143467389268e-01, 1.520009777653168470e-01, 1.819709729378949647e-01, 2.903459349500491782e-01
3.756571483504777542e-01, 1.520410775328037145e-01, 1.819629660763520673e-01, 2.903388080403664362e-01
3.756321721455860296e-01, 1.520812008522980097e-01, 1.819549870657170554e-01, 2.903316399363988221e-01
3.756071857344582265e-01, 1.521213477216630527e-01, 1.819470359171515006e-01, 2.903244306267272479e-01
3.755821891194703332e-01, 1.521615181387497018e-01, 1.819391126418039573e-01, 2.903171800999760355e-01
3.755571823029805745e-01, 1.522017121013961305e-01, 1.819312172508102399e-01, 2.903098883448129719e-01
3.755321652873294669e-01, 1.522419296074279393e-01, 1.819233497552933676e-01, 2.903025553499492539e-01
3.755071380748394860e-01, 1.522821706546581555e-01, 1.819155101663630647e-01, 2.902951811041393215e-01
3.754821006678150663e-01, 1.523224352408871496e-01, 1.819076984951166764e-01, 2.902877655961811354e-01
3.754570530685429341e-01, 1.523627233639027467e-01, 1.818999147526382532e-01, 2.902803088149160660e-01
3.754319952792918857e-01, 1.524030350214800045e-01, 1.818921589499989666e-01, 2.902728107492291709e-01
3.754069273023128428e-01, 1.524433702113815459e-01, 1.818844310982571655e-01, 2.902652713880484736e-01
3.753818491398389079e-01, 1.524837289313570599e-01, 1.818767312084580423e-01, 2.902576907203460732e-01
3.753567607940850870e-01, 1.525241111791439119e-01, 1.818690592916338833e-01, 2.902500687351371456e-01
3.753316622672490110e-01, 1.525645169524665057e-01, 1.818614153588040128e-01, 2.902424054214804983e-01
3.753065535615099368e-01, 1.526049462490367270e-01, 1.818537994209745989e-01, 2.902347007684786262e-01
3.752814346790295796e-01, 1.526453990665538607e-01, 1.818462114891389869e-01, 2.902269547652775450e-01
3.752563056219519466e-01, 1.526858754027042575e-01, 1.818386515742773102e-01, 2.902191674010666245e-01
3.752311663924027263e-01, 1.527263752551616949e-01, 1.818311196873566016e-01, 2.902113386650789773e-01
3.752060169924905098e-01, 1.527668986215872937e-01, 1.818236158393309043e-01, 2.902034685465914032e-01
3.751808574243052918e-01, 1.528074454996294074e-01, 1.818161400411411610e-01, 2.901955570349241120e-01
3.751556876899199700e-01, 1.528480158869235661e-01, 1.818086923037152136e-01, 2.901876041194412226e-01
3.751305077913891228e-01, 1.528886097810928379e-01, 1.818012726379677202e-01, 2.901796097895502635e-01
3.751053177307501207e-01, 1.529292271797472180e-01, 1.817938810548002659e-01, 2.901715740347025063e-01
3.750801175100218487e-01, 1.529698680804841560e-01, 1.817865175651010579e-01, 2.901634968443928542e-01
3.750549071312060390e-01, 1.530105324808882783e-01, 1.817791821797455076e-01, 2.901553782081602306e-01
3.750296865962863824e-01, 1.530512203785314440e-01, 1.817718749095955932e-01, 2.901472181155866914e-01
3.750044559072288064e-01, 1.530919317709726890e-01, 1.817645957654999700e-01, 2.901390165562984791e-01
3.749792150659816414e-01, 1.531326666557584204e-01, 1.817573447582944424e-01, 2.901307735199654680e-01
3.749539640744753433e-01, 1.531734250304221112e-01, 1.817501218988012424e-01, 2.901224889963012199e-01
3.749287029346229372e-01, 1.532142068924844114e-01, 1.817429271978296124e-01, 2.901141629750631501e-01
3.749034316483192408e-01, 1.532550122394532310e-01, 1.817357606661753056e-01, 2.901057954460523614e-01
3.748781502174416413e-01, 1.532958410688236017e-01, 1.817286223146208635e-01, 2.900973863991138657e-01
3.748528586438500954e-01, 1.533366933780777874e-01, 1.817215121539356160e-01, 2.900889358241364735e-01
3.748275569293864629e-01, 1.533775691646852291e-01, 1.817144301948755702e-01, 2.900804437110528489e-01
3.748022450758750068e-01, 1.534184684261023779e-01, 1.817073764481833276e-01, 2.900719100498393432e-01
3.747769230851222821e-01, 1.534593911597730564e-01, 1.817003509245881387e-01, 2.900633348305163839e-01
3.747515909589176908e-01, 1.535003373631280144e-01, 1.816933536348060985e-01, 2.900547180431482519e-01
3.747262486990322050e-01, 1.535413070335852614e-01, 1.816863845895395901e-01, 2.900460596778429712e-01
3.747008963072195886e-01, 1.535823001685498179e-01, 1.816794437994779798e-01, 2.900373597247525859e-01
3.746755337852160084e-01, 1.536233167654139642e-01, 1.816725312752970056e-01, 2.900286181740729385e-01
3.746501611347399230e-01, 1.536643568215569633e-01, 1.816656470276590274e-01, 2.900198350160441141e-01
3.746247783574920831e-01, 1.537054203343451719e-01, 1.816587910672129436e-01, 2.900110102409498292e-01
3.745993854551555868e-01, 1.537465073011321237e-01, 1.816519634045943854e-01, 2.900021438391178763e-01
3.745739824293963238e-01, 1.537876177192584182e-01, 1.816451640504253562e-01, 2.899932358009200684e-01
3.745485692818621426e-01, 1.538287515860514987e-01, 1.816383930153143422e-01, 2.899842861167720165e-01
3.745231460141835167e-01, 1.538699088988263186e-01, 1.816316503098565349e-01, 2.899752947771336853e-01
3.744977126279733226e-01, 1.539110896548844531e-01, 1.816249359446334977e-01, 2.899662617725087821e-01
3.744722691248268953e-01, 1.539522938515146822e-01, 1.816182499302131936e-01, 2.899571870934452567e-01
3.744468155063221393e-01, 1.539935214859929347e-01, 1.816115922771501801e-01, 2.899480707305348015e-01
3.744213517740189734e-01, 1.540347725555819280e-01, 1.816049629959854417e-01, 2.899389126744134626e-01
3.743958779294602746e-01, 1.540760470575317231e-01, 1.815983620972465573e-01, 2.899297129157613617e-01
3.743703939741713227e-01, 1.541173449890791136e-01, 1.815917895914470892e-01, 2.899204714453024745e-01
3.743448999096596341e-01, 1.541586663474479590e-01, 1.815852454890874157e-01, 2.899111882538050189e-01
3.743193957374154057e-01, 1.542000111298491571e-01, 1.815787298006540373e-01, 2.899018633320813998e-01
3.742938814589111263e-01, 1.542413793334806715e-01, 1.815722425366201598e-01, 2.898924966709879869e-01
3.742683570756022426e-01, 1.542827709555272542e-01, 1.815657837074449166e-01, 2.898830882614255033e-01
3.742428225889262716e-01, 1.543241859931607507e-01, 1.815593533235742574e-01, 2.898736380943386926e-01
3.742172780003035215e-01, 1.543656244435400171e-01, 1.815529513954400043e-01, 2.898641461607164849e-01
3.741917233111368146e-01, 1.544070863038107810e-01, 1.815465779334606566e-01, 2.898546124515918310e-01
3.741661585228112652e-01, 1.544485715711056417e-01, 1.815402329480407251e-01, 2.898450369580423125e-01
3.741405836366950011e-01, 1.544900802425443476e-01, 1.815339164495713142e-01, 2.898354196711892539e-01
3.741149986541384975e-01, 1.545316123152334353e-01, 1.815276284484295399e-01, 2.898257605821985550e-01
3.740894035764746328e-01, 1.545731677862663689e-01, 1.815213689549789733e-01, 2.898160596822801360e-01
3.740637984050191323e-01, 1.546147466527235115e-01, 1.815151379795691966e-01, 2.898063169626882152e-01
3.740381831410703461e-01, 1.546563489116722367e-01, 1.815089355325362752e-01, 2.897965324147212529e-01
3.740125577859088613e-01, 1.546979745601667067e-01, 1.815027616242022024e-01, 2.897867060297221742e-01
3.739869223407985555e-01, 1.547396235952480381e-01, 1.814966162648755377e-01, 2.897768377990779243e-01
3.739612768069853210e-01, 1.547812960139442195e-01, 1.814904994648506575e-01, 2.897669277142198019e-01
3.739356211856979528e-01, 1.548229918132700833e-01, 1.814844112344083937e-01, 2.897569757666235701e-01
3.739099554781479817e-01, 1.548647109902273333e-01, 1.814783515838154782e-01, 2.897469819478092345e-01
3.738842796855294526e-01, 1.549064535418046562e-01, 1.814723205233249870e-01, 2.897369462493410430e-01
3.738585938090189797e-01, 1.549482194649773603e-01, 1.814663180631760353e-01, 2.897268686628276524e-01
3.738328978497763577e-01, 1.549900087567077089e-01, 1.814603442135938327e-01, 2.897167491799221839e-01
3.738071918089434509e-01, 1.550318214139448647e-01, 1.814543989847896832e-01, 2.897065877923220567e-01
3.737814756876452482e-01, 1.550736574336247786e-01, 1.814484823869610686e-01, 2.896963844917689879e-01
3.737557494869893082e-01, 1.551155168126701622e-01, 1.814425944302913984e-01, 2.896861392700491034e-01
3.737300132080659809e-01, 1.551573995479905432e-01, 1.814367351249502325e-01, 2.896758521189931601e-01
3.737042668519483524e-01, 1.551993056364824042e-01, 1.814309044810931970e-01, 2.896655230304760464e-01
3.736785104196921337e-01, 1.552412350750288494e-01, 1.814251025088617075e-01, 2.896551519964172816e-01
3.736527439123359939e-01, 1.552831878604997995e-01, 1.814193292183834683e-01, 2.896447390087807938e-01
3.736269673309011718e-01, 1.553251639897519354e-01, 1.814135846197720281e-01, 2.896342840595747536e-01
3.736011806763918641e-01, 1.553671634596289763e-01, 1.814078687231270026e-01, 2.896237871408521292e-01
3.735753839497950035e-01, 1.554091862669610136e-01, 1.814021815385338521e-01, 2.896132482447101308e-01
3.735495771520803143e-01, 1.554512324085650654e-01, 1.813965230760640479e-01, 2.896026673632907111e-01
3.735237602842002569e-01, 1.554933018812449386e-01, 1.813908933457749617e-01, 2.895920444887798428e-01
3.734979333470903051e-01, 1.555353946817911448e-01, 1.813852923577100595e-01, 2.895813796134084628e-01
3.734720963416686135e-01, 1.555775108069809842e-01, 1.813797201218984301e-01, 2.895706727294519722e-01
3.734462492688362945e-01, 1.556196502535783510e-01, 1.813741766483552564e-01, 2.895599238292301258e-01
3.734203921294771411e-01, 1.556618130183339277e-01, 1.813686619470815109e-01, 2.895491329051072538e-01
3.733945249244581266e-01, 1.557039990979852129e-01, 1.813631760280640937e-01, 2.895382999494924281e-01
3.733686476546289601e-01, 1.557462084892562437e-01, 1.813577189012756663e-01, 2.895274249548391299e-01
3.733427603208219203e-01, 1.557884411888578180e-01, 1.813522905766747906e-01, 2.895165079136454156e-01
3.733168629238527436e-01, 1.558306971934873830e-01, 1.813468910642058174e-01, 2.895055488184539172e-01
3.732909554645198469e-01, 1.558729764998292300e-01, 1.813415203737989423e-01, 2.894945476618520086e-01
3.732650379436043830e-01, 1.559152791045540221e-01, 1.813361785153700667e-01, 2.894835044364715282e-01
3.732391103618707406e-01, 1.559576050043194051e-01, 1.813308654988209367e-01, 2.894724191349890008e-01
3.732131727200661553e-01, 1.559999541957694802e-01, 1.813255813340389488e-01, 2.894612917501254157e-01
3.731872250189207652e-01, 1.560423266755350535e-01, 1.813203260308975107e-01, 2.894501222746467262e-01
3.731612672591477775e-01, 1.560847224402335254e-01, 1.813150995992553749e-01, 2.894389107013633500e-01
3.731352994414433022e-01, 1.561271414864690843e-01, 1.813099020489574165e-01, 2.894276570231302803e-01
3.731093215664865737e-01, 1.561695838108323464e-01, 1.813047333898338831e-01, 2.894163612328472523e-01
3.730833336349396179e-01, 1.562120494099006884e-01, 1.812995936317008394e-01, 2.894050233234588543e-01
3.730573356474477520e-01, 1.562545382802380256e-01, 1.812944827843601669e-01, 2.893936432879540277e-01
3.730313276046391957e-01, 1.562970504183949783e-01, 1.812894008575991200e-01, 2.893822211193666782e-01
3.730053095071251268e-01, 1.563395858209085942e-01, 1.812843478611908810e-01, 2.893707568107754535e-01
3.729792813555000142e-01, 1.563821444843026265e-01, 1.812793238048938937e-01, 2.893592503553033546e-01
3.729532431503411738e-01, 1.564247264050873942e-01, 1.812743286984527802e-01, 2.893477017461187351e-01
3.729271948922091573e-01, 1.564673315797598385e-01, 1.812693625515972295e-01, 2.893361109764339689e-01
3.729011365816473078e-01, 1.565099600048032169e-01, 1.812644253740426648e-01, 2.893244780395066718e-01
3.728750682191827037e-01, 1.565526116766878806e-01, 1.812595171754903534e-01, 2.893128029286391456e-01
3.728489898053247709e-01, 1.565952865918701087e-01, 1.812546379656267970e-01, 2.893010856371782680e-01
3.728229013405668368e-01, 1.566379847467930797e-01, 1.812497877541241753e-01, 2.892893261585159359e-01
3.727968028253847987e-01, 1.566807061378865384e-01, 1.812449665506401519e-01, 2.892775244860885664e-01
3.727706942602377893e-01, 1.567234507615665740e-01, 1.812401743648179298e-01, 2.892656806133777625e-01
3.727445756455683434e-01, 1.567662186142358971e-01, 1.812354112062863343e-01, 2.892537945339093697e-01
3.727184469818022317e-01, 1.568090096922837851e-01, 1.812306770846594806e-01, 2.892418662412546415e-01
3.726923082693478495e-01, 1.568518239920858592e-01, 1.812259720095370508e-01, 2.892298957290292405e-01
3.726661595085975498e-01, 1.568946615100043629e-01, 1.812212959905041831e-01, 2.892178829908939042e-01
3.726400006999264214e-01, 1.569375222423881333e-01, 1.812166490371314442e-01, 2.892058280205539456e-01
3.726138318436928998e-01, 1.569804061855723243e-01, 1.812120311589749677e-01, 2.891937308117598082e-01
3.725876529402388226e-01, 1.570233133358786004e-01, 1.812074423655760380e-01, 2.891815913583066777e-01
3.725614639898888192e-01, 1.570662436896150815e-01, 1.812028826664615622e-01, 2.891694096540345371e-01
3.725352649929514759e-01, 1.571091972430765371e-01, 1.811983520711437090e-01, 2.891571856928283890e-01
3.725090559497181708e-01, 1.571521739925438033e-01, 1.811938505891201590e-01, 2.891449194686179225e-01
3.724828368604636841e-01, 1.571951739342846432e-01, 1.811893782298738265e-01, 2.891326109753778462e-01
3.724566077254461427e-01, 1.572381970645529148e-01, 1.811849350028730266e-01, 2.891202602071278882e-01
3.724303685449070200e-01, 1.572812433795890696e-01, 1.811805209175713915e-01, 2.891078671579324633e-01
3.724041193190710808e-01, 1.573243128756200426e-01, 1.811761359834079266e-01, 2.890954318219010610e-01
3.723778600481464363e-01, 1.573674055488589463e-01, 1.811717802098068153e-01, 2.890829541931878022e-01
3.723515907323244889e-01, 1.574105213955055149e-01, 1.811674536061776974e-01, 2.890704342659922155e-01
3.723253113717802654e-01, 1.574536604117459659e-01, 1.811631561819154190e-01, 2.890578720345584052e-01
3.722990219666719725e-01, 1.574968225937525557e-01, 1.811588879463999491e-01, 2.890452674931755506e-01
3.722727225171411636e-01, 1.575400079376843010e-01, 1.811546489089967404e-01, 2.890326206361777950e-01
3.722464130233130719e-01, 1.575832164396865354e-01, 1.811504390790563412e-01, 2.890199314579441348e-01
3.722200934852958887e-01, 1.576264480958907976e-01, 1.811462584659145891e-01, 2.890071999528986968e-01
3.721937639031818734e-01, 1.576697029024151375e-01, 1.811421070788924170e-01, 2.889944261155105720e-01
3.721674242770462437e-01, 1.577129808553640045e-01, 1.811379849272960474e-01, 2.889816099402937044e-01
3.721410746069479525e-01, 1.577562819508281089e-01, 1.811338920204169090e-01, 2.889687514218070019e-01
3.721147148929291881e-01, 1.577996061848845610e-01, 1.811298283675315812e-01, 2.889558505546546141e-01
3.720883451350159854e-01, 1.578429535535968709e-01, 1.811257939779016835e-01, 2.889429073334855991e-01
3.720619653332175036e-01, 1.578863240530146983e-01, 1.811217888607739579e-01, 2.889299217529938679e-01
3.720355754875266374e-01, 1.579297176791742419e-01, 1.811178130253805751e-01, 2.889168938079184623e-01
3.720091755979198500e-01, 1.579731344280980165e-01, 1.811138664809384125e-01, 2.889038234930436100e-01
3.719827656643571734e-01, 1.580165742957946873e-01, 1.811099492366498587e-01, 2.888907108031982252e-01
3.719563456867819307e-01, 1.580600372782593188e-01, 1.811060613017018428e-01, 2.888775557332567412e-01
3.719299156651214022e-01, 1.581035233714734034e-01, 1.811022026852669997e-01, 2.888643582781382224e-01
3.719034755992861041e-01, 1.581470325714045000e-01, 1.810983733965024767e-01, 2.888511184328068637e-01
3.718770254891703431e-01, 1.581905648740066506e-01, 1.810945734445507660e-01, 2.888378361922721571e-01
3.718505653346521056e-01, 1.582341202752201026e-01, 1.810908028385393442e-01, 2.888245115515883921e-01
3.718240951355929469e-01, 1.582776987709713923e-01, 1.810870615875805056e-01, 2.888111445058550997e-01
3.717976148918379908e-01, 1.583213003571732613e-01, 1.810833497007719173e-01, 2.887977350502168306e-01
3.717711246032160965e-01, 1.583649250297248512e-01, 1.810796671871958696e-01, 2.887842831798632104e-01
3.717446242695398584e-01, 1.584085727845114533e-01, 1.810760140559197762e-01, 2.887707888900289954e-01
3.717181138906053839e-01, 1.584522436174046200e-01, 1.810723903159960346e-01, 2.887572521759940725e-01
3.716915934661925158e-01, 1.584959375242622204e-01, 1.810687959764618882e-01, 2.887436730330832924e-01
3.716650629960651098e-01, 1.585396545009282732e-01, 1.810652310463397030e-01, 2.887300514566668586e-01
3.716385224799705345e-01, 1.585833945432330583e-01, 1.810616955346365520e-01, 2.887163874421598830e-01
3.716119719176396718e-01, 1.586271576469930888e-01, 1.810581894503444922e-01, 2.887026809850226083e-01
3.715854113087876942e-01, 1.586709438080111945e-01, 1.810547128024404817e-01, 2.886889320807606851e-01
3.715588406531128984e-01, 1.587147530220761604e-01, 1.810512655998863796e-01, 2.886751407249244505e-01
3.715322599502980383e-01, 1.587585852849632551e-01, 1.810478478516287792e-01, 2.886613069131098719e-01
3.715056692000092697e-01, 1.588024405924337579e-01, 1.810444595665993694e-01, 2.886474306409576029e-01
3.714790684018965949e-01, 1.588463189402352094e-01, 1.810411007537143513e-01, 2.886335119041538166e-01
3.714524575555939734e-01, 1.588902203241013555e-01, 1.810377714218750766e-01, 2.886195506984295944e-01
3.714258366607190998e-01, 1.589341447397520923e-01, 1.810344715799674653e-01, 2.886055470195613704e-01
3.713992057168736816e-01, 1.589780921828934102e-01, 1.810312012368622825e-01, 2.885915008633705980e-01
3.713725647236431060e-01, 1.590220626492176992e-01, 1.810279604014151666e-01, 2.885774122257239727e-01
3.713459136805968286e-01, 1.590660561344032220e-01, 1.810247490824664629e-01, 2.885632811025334865e-01
3.713192525872881511e-01, 1.591100726341145577e-01, 1.810215672888413341e-01, 2.885491074897560404e-01
3.712925814432541105e-01, 1.591541121440024631e-01, 1.810184150293494831e-01, 2.885348913833940543e-01
3.712659002480160897e-01, 1.591981746597036507e-01, 1.810152923127855418e-01, 2.885206327794947456e-01
3.712392090010790402e-01, 1.592422601768412049e-01, 1.810121991479287928e-01, 2.885063316741509065e-01
3.712125077019322039e-01, 1.592863686910241661e-01, 1.810091355435432259e-01, 2.884919880635004041e-01
3.711857963500483915e-01, 1.593305001978478352e-01, 1.810061015083775648e-01, 2.884776019437263472e-01
3.711590749448848703e-01, 1.593746546928933583e-01, 1.810030970511650183e-01, 2.884631733110568641e-01
3.711323434858825876e-01, 1.594188321717284196e-01, 1.810001221806236960e-01, 2.884487021617654912e-01
3.711056019724666144e-01, 1.594630326299063539e-01, 1.809971769054561641e-01, 2.884341884921709509e-01
3.710788504040460900e-01, 1.595072560629668401e-01, 1.809942612343497792e-01, 2.884196322986372074e-01
3.710520887800143330e-01, 1.595515024664356796e-01, 1.809913751759764655e-01, 2.884050335775734109e-01
3.710253170997485084e-01, 1.595957718358246846e-01, 1.809885187389926597e-01, 2.883903923254340640e-01
3.709985353626100157e-01, 1.596400641666317344e-01, 1.809856919320395607e-01, 2.883757085387188002e-01
3.709717435679441566e-01, 1.596843794543406914e-01, 1.809828947637427687e-01, 2.883609822139723833e-01
3.709449417150807449e-01, 1.597287176944216791e-01, 1.809801272427125074e-01, 2.883462133477850409e-01
3.709181298033334406e-01, 1.597730788823307491e-01, 1.809773893775436793e-01, 2.883314019367921865e-01
3.708913078319999168e-01, 1.598174630135100471e-01, 1.809746811768155328e-01, 2.883165479776744755e-01
3.708644758003624142e-01, 1.598618700833877027e-01, 1.809720026490920508e-01, 2.883016514671578046e-01
3.708376337076870755e-01, 1.599063000873780227e-01, 1.809693538029215343e-01, 2.882867124020133121e-01
3.708107815532243889e-01, 1.599507530208812145e-01, 1.809667346468368521e-01, 2.882717307790576000e-01
3.707839193362088004e-01, 1.599952288792836075e-01, 1.809641451893554409e-01, 2.882567065951521790e-01
3.707570470558592679e-01, 1.600397276579574590e-01, 1.809615854389790557e-01, 2.882416398472040786e-01
3.707301647113789289e-01, 1.600842493522610932e-01, 1.809590554041940746e-01, 2.882265305321657367e-01
3.707032723019551557e-01, 1.601287939575389008e-01, 1.809565550934713052e-01, 2.882113786470346661e-01
3.706763698267595553e-01, 1.601733614691211449e-01, 1.809540845152658173e-01, 2.881961841888533993e-01
3.706494572849480251e-01, 1.602179518823242665e-01, 1.809516436780173043e-01, 2.881809471547104873e-01
3.706225346756608086e-01, 1.602625651924504124e-01, 1.809492325901497223e-01, 2.881656675417390567e-01
3.705956019980224947e-01, 1.603072013947881014e-01, 1.809468512600715673e-01, 2.881503453471179754e-01
3.705686592511419630e-01, 1.603518604846114748e-01, 1.809444996961755703e-01, 2.881349805680710752e-01
3.705417064341124389e-01, 1.603965424571809351e-01, 1.809421779068387526e-01, 2.881195732018677624e-01
3.705147435460117156e-01, 1.604412473077426182e-01, 1.809398859004229254e-01, 2.881041232458227408e-01
3.704877705859016546e-01, 1.604859750315287825e-01, 1.809376236852738296e-01, 2.880886306972956779e-01
3.704607875528288519e-01, 1.605307256237575864e-01, 1.809353912697216349e-01, 2.880730955536920379e-01
3.704337944458238607e-01, 1.605754990796330606e-01, 1.809331886620808016e-01, 2.880575178124622493e-01
3.704067912639021909e-01, 1.606202953943453027e-01, 1.809310158706502469e-01, 2.880418974711020930e-01
3.703797780060636424e-01, 1.606651145630704214e-01, 1.809288729037130394e-01, 2.880262345271528135e-01
3.703527546712923613e-01, 1.607099565809702035e-01, 1.809267597695365382e-01, 2.880105289782009526e-01
3.703257212585568392e-01, 1.607548214431925304e-01, 1.809246764763723925e-01, 2.879947808218781269e-01
3.702986777668106355e-01, 1.607997091448712390e-01, 1.809226230324565421e-01, 2.879789900558615834e-01
3.702716241949912668e-01, 1.608446196811259832e-01, 1.809205994460090783e-01, 2.879631566778738105e-01
3.702445605420209285e-01, 1.608895530470623725e-01, 1.809186057252342716e-01, 2.879472806856823719e-01
3.702174868068065505e-01, 1.609345092377719166e-01, 1.809166418783209607e-01, 2.879313620771005167e-01
3.701904029882396308e-01, 1.609794882483320533e-01, 1.809147079134416358e-01, 2.879154008499867357e-01
3.701633090851958463e-01, 1.610244900738060370e-01, 1.809128038387534942e-01, 2.878993970022445947e-01
3.701362050965361083e-01, 1.610695147092431057e-01, 1.809109296623974683e-01, 2.878833505318234010e-01
3.701090910211052298e-01, 1.611145621496783142e-01, 1.809090853924990305e-01, 2.878672614367173144e-01
3.700819668577333132e-01, 1.611596323901326733e-01, 1.809072710371675274e-01, 2.878511297149664583e-01
3.700548326052347514e-01, 1.612047254256129269e-01, 1.809054866044966237e-01, 2.878349553646556425e-01
3.700276882624087826e-01, 1.612498412511118584e-01, 1.809037321025639966e-01, 2.878187383839154179e-01
3.700005338280391021e-01, 1.612949798616079011e-01, 1.809020075394314198e-01, 2.878024787709217436e-01
3.699733693008943614e-01, 1.613401412520655276e-01, 1.809003129231447626e-01, 2.877861765238953762e-01
3.699461946797277800e-01, 1.613853254174349994e-01, 1.808986482617341851e-01, 2.877698316411030355e-01
3.699190099632774231e-01, 1.614305323526523950e-01, 1.808970135632136378e-01, 2.877534441208565719e-01
3.698918151502658680e-01, 1.614757620526397208e-01, 1.808954088355813339e-01, 2.877370139615129663e-01
3.698646102394009816e-01, 1.615210145123046614e-01, 1.808938340868194439e-01, 2.877205411614748853e-01
3.698373952293748101e-01, 1.615662897265408848e-01, 1.808922893248940955e-01, 2.877040257191902373e-01
3.698101701188645229e-01, 1.616115876902277371e-01, 1.808907745577556236e-01, 2.876874676331520608e-01
3.697829349065321902e-01, 1.616569083982305477e-01, 1.808892897933382093e-01, 2.876708669018990250e-01
3.697556895910245056e-01, 1.617022518454003244e-01, 1.808878350395601575e-01, 2.876542235240149847e-01
3.697284341709731748e-01, 1.617476180265738639e-01, 1.808864103043236748e-01, 2.876375374981293698e-01
3.697011686449947487e-01, 1.617930069365739465e-01, 1.808850155955148420e-01, 2.876208088229165183e-01
3.696738930116904576e-01, 1.618384185702089473e-01, 1.808836509210040022e-01, 2.876040374970965652e-01
3.696466072696468763e-01, 1.618838529222731137e-01, 1.808823162886451508e-01, 2.875872235194347759e-01
3.696193114174353145e-01, 1.619293099875464825e-01, 1.808810117062763512e-01, 2.875703668887419351e-01
3.695920054536118160e-01, 1.619747897607949072e-01, 1.808797371817194577e-01, 2.875534676038738469e-01
3.695646893767175478e-01, 1.620202922367699472e-01, 1.808784927227804762e-01, 2.875365256637320566e-01
3.695373631852786889e-01, 1.620658174102089788e-01, 1.808772783372491200e-01, 2.875195410672631846e-01
3.695100268778064301e-01, 1.621113652758350565e-01, 1.808760940328990596e-01, 2.875025138134594260e-01
3.694826804527970299e-01, 1.621569358283570794e-01, 1.808749398174876732e-01, 2.874854439013581620e-01
3.694553239087315921e-01, 1.622025290624696803e-01, 1.808738156987564627e-01, 2.874683313300421816e-01
3.694279572440764547e-01, 1.622481449728532810e-01, 1.808727216844305818e-01, 2.874511760986396269e-01
3.694005804572828566e-01, 1.622937835541739815e-01, 1.808716577822191418e-01, 2.874339782063239368e-01
3.693731935467873262e-01, 1.623394448010836155e-01, 1.808706239998150722e-01, 2.874167376523140138e-01
3.693457965110112928e-01, 1.623851287082198336e-01, 1.808696203448948714e-01, 2.873994544358740577e-01
3.693183893483613645e-01, 1.624308352702059088e-01, 1.808686468251191060e-01, 2.873821285563136207e-01
3.692909720572294940e-01, 1.624765644816509591e-01, 1.808677034481319945e-01, 2.873647600129875523e-01
3.692635446359924800e-01, 1.625223163371496415e-01, 1.808667902215617129e-01, 2.873473488052961100e-01
3.692361070830126324e-01, 1.625680908312825690e-01, 1.808659071530199502e-01, 2.873298949326849594e-01
3.692086593966369956e-01, 1.626138879586158104e-01, 1.808650542501022140e-01, 2.873123983946448967e-01
3.691812015751984033e-01, 1.626597077137013903e-01, 1.808642315203878304e-01, 2.872948591907124039e-01
3.691537336170145900e-01, 1.627055500910767616e-01, 1.808634389714397772e-01, 2.872772773204689267e-01
3.691262555203884133e-01, 1.627514150852652497e-01, 1.808626766108047401e-01, 2.872596527835415414e-01
3.690987672836082423e-01, 1.627973026907759135e-01, 1.808619444460131676e-01, 2.872419855796026211e-01
3.690712689049477913e-01, 1.628432129021033514e-01, 1.808612424845791877e-01, 2.872242757083697251e-01
3.690437603826658419e-01, 1.628891457137278953e-01, 1.808605707340004698e-01, 2.872065231696059318e-01
3.690162417150064655e-01, 1.629351011201155552e-01, 1.808599292017584459e-01, 2.871887279631195611e-01
3.689887129001994670e-01, 1.629810791157180194e-01, 1.808593178953182279e-01, 2.871708900887642857e-01
3.689611739364596632e-01, 1.630270796949726542e-01, 1.808587368221285518e-01, 2.871530095464392418e-01
3.689336248219873271e-01, 1.630731028523024206e-01, 1.808581859896217225e-01, 2.871350863360885852e-01
3.689060655549681322e-01, 1.631191485821159859e-01, 1.808576654052137245e-01, 2.871171204577021019e-01
3.688784961335733192e-01, 1.631652168788077506e-01, 1.808571750763039443e-01, 2.870991119113149304e-01
3.688509165559592518e-01, 1.632113077367576548e-01, 1.808567150102758647e-01, 2.870810606970073398e-01
3.688233268202681381e-01, 1.632574211503311779e-01, 1.808562852144958155e-01, 2.870629668149048963e-01
3.687957269246272540e-01, 1.633035571138796438e-01, 1.808558856963142780e-01, 2.870448302651787409e-01
3.687681168671498311e-01, 1.633497156217398882e-01, 1.808555164630651357e-01, 2.870266510480452005e-01
3.687404966459340572e-01, 1.633958966682344527e-01, 1.808551775220655911e-01, 2.870084291637658991e-01
3.687128662590640205e-01, 1.634421002476713902e-01, 1.808548688806167204e-01, 2.869901646126478134e-01
3.686852257046094317e-01, 1.634883263543445708e-01, 1.808545905460027803e-01, 2.869718573950432172e-01
3.686575749806252911e-01, 1.635345749825331818e-01, 1.808543425254918180e-01, 2.869535075113497924e-01
3.686299140851523326e-01, 1.635808461265022551e-01, 1.808541248263351442e-01, 2.869351149620103514e-01
3.686022430162168573e-01, 1.636271397805023065e-01, 1.808539374557677215e-01, 2.869166797475130593e-01
3.685745617718307887e-01, 1.636734559387695853e-01, 1.808537804210079147e-01, 2.868982018683917112e-01
3.685468703499917287e-01, 1.637197945955257417e-01, 1.808536537292575186e-01, 2.868796813252249001e-01
3.685191687486829570e-01, 1.637661557449782423e-01, 1.808535573877018687e-01, 2.868611181186368486e-01
3.684914569658733763e-01, 1.638125393813199271e-01, 1.808534914035095642e-01, 2.868425122492971324e-01
3.684637349995176780e-01, 1.638589454987293692e-01, 1.808534557838327450e-01, 2.868238637179202910e-01
3.684360028475560100e-01, 1.639053740913706259e-01, 1.808534505358068978e-01, 2.868051725252664386e-01
3.684082605079146977e-01, 1.639518251533933768e-01, 1.808534756665511056e-01, 2.867864386721409309e-01
3.683805079785053560e-01, 1.639982986789328689e-01, 1.808535311831675207e-01, 2.867676621593941988e-01
3.683527452572258332e-01, 1.640447946621099162e-01, 1.808536170927420028e-01, 2.867488429879223588e-01
3.683249723419593225e-01, 1.640913130970308165e-01, 1.808537334023433696e-01, 2.867299811586663805e-01
3.682971892305752504e-01, 1.641378539777875178e-01, 1.808538801190242296e-01, 2.867110766726129190e-01
3.682693959209287216e-01, 1.641844172984575356e-01, 1.808540572498201771e-01, 2.866921295307935935e-01
3.682415924108605187e-01, 1.642310030531038134e-01, 1.808542648017502918e-01, 2.866731397342852650e-01
3.682137786981976024e-01, 1.642776112357749174e-01, 1.808545027818170836e-01, 2.866541072842104243e-01
3.681859547807525002e-01, 1.643242418405050087e-01, 1.808547711970060201e-01, 2.866350321817364155e-01
3.681581206563239173e-01, 1.643708948613137044e-01, 1.808550700542863598e-01, 2.866159144280761573e-01
3.681302763226962926e-01, 1.644175702922060500e-01, 1.808553993606100974e-01, 2.865967540244874767e-01
3.681024217776403540e-01, 1.644642681271728246e-01, 1.808557591229128514e-01, 2.865775509722738867e-01
3.680745570189123961e-01, 1.645109883601903467e-01, 1.808561493481134208e-01, 2.865583052727838642e-01
3.680466820442549469e-01, 1.645577309852201409e-01, 1.808565700431138679e-01, 2.865390169274110721e-01
3.680187968513964347e-01, 1.646044959962096321e-01, 1.808570212147993794e-01, 2.865196859375945815e-01
3.679909014380515209e-01, 1.646512833870913961e-01, 1.808575028700384613e-01, 2.865003123048187605e-01
3.679629958019204339e-01, 1.646980931517838254e-01, 1.808580150156827993e-01, 2.864808960306127750e-01
3.679350799406903016e-01, 1.647449252841906020e-01, 1.808585576585672872e-01, 2.864614371165516982e-01
3.679071538520336526e-01, 1.647917797782010307e-01, 1.808591308055101099e-01, 2.864419355642552345e-01
3.678792175336090819e-01, 1.648386566276898169e-01, 1.808597344633123272e-01, 2.864223913753886075e-01
3.678512709830619176e-01, 1.648855558265172883e-01, 1.808603686387585674e-01, 2.864028045516621712e-01
3.678233141980232213e-01, 1.649324773685291179e-01, 1.808610333386163060e-01, 2.863831750948315213e-01
3.677953471761100657e-01, 1.649794212475564070e-01, 1.808617285696362265e-01, 2.863635030066972731e-01
3.677673699149262010e-01, 1.650263874574160183e-01, 1.808624543385522754e-01, 2.863437882891055053e-01
3.677393824120612775e-01, 1.650733759919100208e-01, 1.808632106520813576e-01, 2.863240309439473719e-01
3.677113846650911788e-01, 1.651203868448260781e-01, 1.808639975169235581e-01, 2.863042309731591573e-01
3.676833766715781326e-01, 1.651674200099372547e-01, 1.808648149397620031e-01, 2.862843883787225541e-01
3.676553584290706556e-01, 1.652144754810021265e-01, 1.808656629272629990e-01, 2.862645031626641079e-01
3.676273299351035528e-01, 1.652615532517647257e-01, 1.808665414860759768e-01, 2.862445753270558280e-01
3.675992911871977520e-01, 1.653086533159545124e-01, 1.808674506228332146e-01, 2.862246048740145210e-01
3.675712421828608023e-01, 1.653557756672863477e-01, 1.808683903441501428e-01, 2.862045918057026794e-01
3.675431829195863198e-01, 1.654029202994607428e-01, 1.808693606566253442e-01, 2.861845361243276487e-01
3.675151133948547089e-01, 1.654500872061633598e-01, 1.808703615668401932e-01, 2.861644378321416826e-01
3.674870336061323295e-01, 1.654972763810655667e-01, 1.808713930813593829e-01, 2.861442969314427209e-01
3.674589435508722191e-01, 1.655444878178240486e-01, 1.808724552067303981e-01, 2.861241134245734452e-01
3.674308432265137037e-01, 1.655917215100808360e-01, 1.808735479494837373e-01, 2.861038873139217786e-01
3.674027326304827312e-01, 1.656389774514635260e-01, 1.808746713161329400e-01, 2.860836186019207195e-01
3.673746117601916494e-01, 1.656862556355852001e-01, 1.808758253131745042e-01, 2.860633072910486741e-01
3.673464806130391502e-01, 1.657335560560440624e-01, 1.808770099470879134e-01, 2.860429533838288463e-01
3.673183391864108249e-01, 1.657808787064241063e-01, 1.808782252243354982e-01, 2.860225568828295706e-01
3.672901874776783315e-01, 1.658282235802944760e-01, 1.808794711513627140e-01, 2.860021177906644785e-01
3.672620254842003384e-01, 1.658755906712097994e-01, 1.808807477345977521e-01, 2.859816361099921100e-01
3.672338532033216363e-01, 1.659229799727101884e-01, 1.808820549804517896e-01, 2.859611118435161914e-01
3.672056706323742481e-01, 1.659703914783211554e-01, 1.808833928953190451e-01, 2.859405449939856347e-01
3.671774777686762636e-01, 1.660178251815533912e-01, 1.808847614855763619e-01, 2.859199355641941498e-01
3.671492746095324500e-01, 1.660652810759031817e-01, 1.808861607575836805e-01, 2.858992835569806323e-01
3.671210611522346401e-01, 1.661127591548523519e-01, 1.808875907176838160e-01, 2.858785889752292753e-01
3.670928373940610112e-01, 1.661602594118677390e-01, 1.808890513722022364e-01, 2.858578518218691245e-01
3.670646033322764734e-01, 1.662077818404018026e-01, 1.808905427274476452e-01, 2.858370720998742454e-01
3.670363589641327251e-01, 1.662553264338924586e-01, 1.808920647897110101e-01, 2.858162498122637230e-01
3.670081042868683641e-01, 1.663028931857628290e-01, 1.808936175652667844e-01, 2.857953849621019393e-01
3.669798392977086654e-01, 1.663504820894214642e-01, 1.808952010603717686e-01, 2.857744775524980185e-01
3.669515639938655815e-01, 1.663980931382623152e-01, 1.808968152812657770e-01, 2.857535275866062707e-01
3.669232783725379643e-01, 1.664457263256647057e-01, 1.808984602341713877e-01, 2.857325350676259146e-01
3.668949824309115093e-01, 1.664933816449932769e-01, 1.809001359252938868e-01, 2.857114999988013548e-01
3.668666761661587561e-01, 1.665410590895980980e-01, 1.809018423608214909e-01, 2.856904223834217382e-01
3.668383595754389770e-01, 1.665887586528146114e-01, 1.809035795469248198e-01, 2.856693022248214531e-01
3.668100326558987878e-01, 1.666364803279634377e-01, 1.809053474897579228e-01, 2.856481395263797962e-01
3.667816954046712596e-01, 1.666842241083509035e-01, 1.809071461954569748e-01, 2.856269342915210285e-01
3.667533478188765850e-01, 1.667319899872682643e-01, 1.809089756701410256e-01, 2.856056865237141529e-01
3.667249898956218557e-01, 1.667797779579924811e-01, 1.809108359199120275e-01, 2.855843962264736913e-01
3.666966216320013405e-01, 1.668275880137855549e-01, 1.809127269508545022e-01, 2.855630634033586301e-01
3.666682430250960967e-01, 1.668754201478951926e-01, 1.809146487690356797e-01, 2.855416880579730310e-01
3.666398540719743582e-01, 1.669232743535540853e-01, 1.809166013805055817e-01, 2.855202701939660304e-01
3.666114547696912584e-01, 1.669711506239804633e-01, 1.809185847912966882e-01, 2.854988098150315623e-01
3.665830451152892189e-01, 1.670190489523778465e-01, 1.809205990074244375e-01, 2.854773069249085249e-01
3.665546251057975602e-01, 1.670669693319349614e-01, 1.809226440348866705e-01, 2.854557615273808358e-01
3.665261947382327246e-01, 1.671149117558261288e-01, 1.809247198796639922e-01, 2.854341736262770435e-01
3.664977540095984976e-01, 1.671628762172107097e-01, 1.809268265477197435e-01, 2.854125432254709382e-01
3.664693029168857308e-01, 1.672108627092336319e-01, 1.809289640449997794e-01, 2.853908703288810522e-01
3.664408414570720640e-01, 1.672588712250249465e-01, 1.809311323774324132e-01, 2.853691549404706596e-01
3.664123696271230912e-01, 1.673069017577000495e-01, 1.809333315509286944e-01, 2.853473970642481095e-01
3.663838874239910837e-01, 1.673549543003598483e-01, 1.809355615713826027e-01, 2.853255967042664931e-01
3.663553948446156006e-01, 1.674030288460902627e-01, 1.809378224446701044e-01, 2.853037538646240323e-01
3.663268918859237111e-01, 1.674511253879627515e-01, 1.809401141766502075e-01, 2.852818685494633577e-01
3.662983785448295504e-01, 1.674992439190338689e-01, 1.809424367731641836e-01, 2.852599407629722861e-01
3.662698548182347635e-01, 1.675473844323458195e-01, 1.809447902400360964e-01, 2.852379705093833762e-01
3.662413207030282281e-01, 1.675955469209256532e-01, 1.809471745830723011e-01, 2.852159577929737622e-01
3.662127761960859429e-01, 1.676437313777860982e-01, 1.809495898080620280e-01, 2.851939026180659864e-01
3.661842212942718056e-01, 1.676919377959248669e-01, 1.809520359207766327e-01, 2.851718049890266671e-01
3.661556559944366684e-01, 1.677401661683252665e-01, 1.809545129269702624e-01, 2.851496649102677750e-01
3.661270802934191715e-01, 1.677884164879556439e-01, 1.809570208323794949e-01, 2.851274823862457453e-01
3.660984941880449650e-01, 1.678366887477697467e-01, 1.809595596427232833e-01, 2.851052574214620328e-01
3.660698976751273759e-01, 1.678849829407065841e-01, 1.809621293637032891e-01, 2.850829900204626677e-01
3.660412907514674630e-01, 1.679332990596905106e-01, 1.809647300010034099e-01, 2.850606801878385888e-01
3.660126734138534621e-01, 1.679816370976310314e-01, 1.809673615602902241e-01, 2.850383279282252547e-01
3.659840456590613411e-01, 1.680299970474229410e-01, 1.809700240472126020e-01, 2.850159332463032547e-01
3.659554074838545223e-01, 1.680783789019464625e-01, 1.809727174674017891e-01, 2.849934961467973649e-01
3.659267588849838826e-01, 1.681267826540668586e-01, 1.809754418264716280e-01, 2.849710166344776030e-01
3.658980998591883638e-01, 1.681752082966349315e-01, 1.809781971300183923e-01, 2.849484947141583957e-01
3.658694304031939737e-01, 1.682236558224864398e-01, 1.809809833836206749e-01, 2.849259303906988561e-01
3.658407505137146742e-01, 1.682721252244427090e-01, 1.809838005928394167e-01, 2.849033236690030058e-01
3.658120601874523814e-01, 1.683206164953100492e-01, 1.809866487632181553e-01, 2.848806745540194418e-01
3.657833594210957995e-01, 1.683691296278803096e-01, 1.809895279002825541e-01, 2.848579830507413369e-01
3.657546482113224195e-01, 1.684176646149302681e-01, 1.809924380095408458e-01, 2.848352491642066053e-01
3.657259265547966320e-01, 1.684662214492222143e-01, 1.809953790964833886e-01, 2.848124728994977373e-01
3.656971944481711700e-01, 1.685148001235035886e-01, 1.809983511665832767e-01, 2.847896542617419646e-01
3.656684518880861101e-01, 1.685634006305071764e-01, 1.810013542252955077e-01, 2.847667932561110948e-01
3.656396988711698715e-01, 1.686120229629508027e-01, 1.810043882780577595e-01, 2.847438898878216773e-01
3.656109353940379947e-01, 1.686606671135376934e-01, 1.810074533302897803e-01, 2.847209441621345039e-01
3.655821614532944741e-01, 1.687093330749564191e-01, 1.810105493873937488e-01, 2.846979560843554413e-01
3.655533770455309250e-01, 1.687580208398804238e-01, 1.810136764547541355e-01, 2.846749256598345434e-01
3.655245821673268058e-01, 1.688067304009687464e-01, 1.810168345377377308e-01, 2.846518528939667725e-01
3.654957768152497510e-01, 1.688554617508656042e-01, 1.810200236416935060e-01, 2.846287377921912776e-01
3.654669609858549051e-01, 1.689042148822002543e-01, 1.810232437719527798e-01, 2.846055803599921163e-01
3.654381346756858662e-01, 1.689529897875873266e-01, 1.810264949338291629e-01, 2.845823806028976444e-01
3.654092978812740200e-01, 1.690017864596267683e-01, 1.810297771326183358e-01, 2.845591385264809037e-01
3.653804505991387619e-01, 1.690506048909035108e-01, 1.810330903735984931e-01, 2.845358541363593452e-01
3.653515928257872747e-01, 1.690994450739879140e-01, 1.810364346620297882e-01, 2.845125274381949954e-01
3.653227245577154725e-01, 1.691483070014354606e-01, 1.810398100031548330e-01, 2.844891584376942895e-01
3.652938457914065018e-01, 1.691971906657868951e-01, 1.810432164021982260e-01, 2.844657471406083493e-01
3.652649565233322404e-01, 1.692460960595681962e-01, 1.810466538643670242e-01, 2.844422935527324836e-01
3.652360567499525756e-01, 1.692950231752904933e-01, 1.810501223948502159e-01, 2.844187976799067430e-01
3.652071464677153489e-01, 1.693439720054502051e-01, 1.810536219988191919e-01, 2.843952595280153095e-01
3.651782256730566889e-01, 1.693929425425289015e-01, 1.810571526814273302e-01, 2.843716791029871072e-01
3.651492943624009002e-01, 1.694419347789934138e-01, 1.810607144478102448e-01, 2.843480564107953579e-01
3.651203525321607413e-01, 1.694909487072957244e-01, 1.810643073030858141e-01, 2.843243914574576925e-01
3.650914001787368135e-01, 1.695399843198730772e-01, 1.810679312523538753e-01, 2.843006842490360953e-01
3.650624372985183386e-01, 1.695890416091479502e-01, 1.810715863006966131e-01, 2.842769347916370704e-01
3.650334638878825477e-01, 1.696381205675278891e-01, 1.810752724531780877e-01, 2.842531430914113644e-01
3.650044799431952369e-01, 1.696872211874057568e-01, 1.810789897148445682e-01, 2.842293091545543549e-01
3.649754854608106003e-01, 1.697363434611596777e-01, 1.810827380907246154e-01, 2.842054329873052176e-01
3.649464804370706750e-01, 1.697854873811527332e-01, 1.810865175858285270e-01, 2.841815145959479816e-01
3.649174648683064515e-01, 1.698346529397335436e-01, 1.810903282051491425e-01, 2.841575539868109179e-01
3.648884387508371518e-01, 1.698838401292354916e-01, 1.810941699536608995e-01, 2.841335511662664848e-01
3.648594020809703409e-01, 1.699330489419775825e-01, 1.810980428363206662e-01, 2.841095061407313827e-01
3.648303548550020370e-01, 1.699822793702637780e-01, 1.811019468580671865e-01, 2.840854189166668875e-01
3.648012970692169898e-01, 1.700315314063832739e-01, 1.811058820238213851e-01, 2.840612895005782401e-01
3.647722287198882918e-01, 1.700808050426105000e-01, 1.811098483384860347e-01, 2.840371178990152012e-01
3.647431498032774333e-01, 1.701301002712049260e-01, 1.811138458069461166e-01, 2.840129041185715519e-01
3.647140603156346361e-01, 1.701794170844114495e-01, 1.811178744340684599e-01, 2.839886481658855377e-01
3.646849602531985757e-01, 1.702287554744598419e-01, 1.811219342247021857e-01, 2.839643500476392579e-01
3.646558496121966031e-01, 1.702781154335654135e-01, 1.811260251836782076e-01, 2.839400097705596648e-01
3.646267283888448563e-01, 1.703274969539284311e-01, 1.811301473158093700e-01, 2.839156273414172316e-01
3.645975965793478712e-01, 1.703769000277343126e-01, 1.811343006258906707e-01, 2.838912027670270621e-01
3.645684541798989153e-01, 1.704263246471537652e-01, 1.811384851186990108e-01, 2.838667360542482254e-01
3.645393011866800426e-01, 1.704757708043426190e-01, 1.811427007989933335e-01, 2.838422272099840327e-01
3.645101375958619272e-01, 1.705252384914419661e-01, 1.811469476715143190e-01, 2.838176762411818155e-01
3.644809634036039747e-01, 1.705747277005778550e-01, 1.811512257409849391e-01, 2.837930831548332034e-01
3.644517786060544884e-01, 1.706242384238618182e-01, 1.811555350121096253e-01, 2.837684479579740127e-01
3.644225831993505582e-01, 1.706737706533902887e-01, 1.811598754895753227e-01, 2.837437706576837471e-01
3.643933771796180610e-01, 1.707233243812449897e-01, 1.811642471780504082e-01, 2.837190512610864856e-01
3.643641605429714936e-01, 1.707728995994928778e-01, 1.811686500821855506e-01, 2.836942897753501058e-01
3.643349332855144729e-01, 1.708224963001858665e-01, 1.811730842066129332e-01, 2.836694862076866719e-01
3.643056954033396799e-01, 1.708721144753612420e-01, 1.811775495559468929e-01, 2.836446405653521019e-01
3.642764468925282495e-01, 1.709217541170414134e-01, 1.811820461347836697e-01, 2.836197528556466674e-01
3.642471877491504917e-01, 1.709714152172338852e-01, 1.811865739477011850e-01, 2.835948230859143826e-01
3.642179179692658919e-01, 1.710210977679313127e-01, 1.811911329992595132e-01, 2.835698512635433932e-01
3.641886375489223893e-01, 1.710708017611116405e-01, 1.811957232940001605e-01, 2.835448373959657542e-01
3.641593464841575423e-01, 1.711205271887378532e-01, 1.812003448364469804e-01, 2.835197814906576519e-01
3.641300447709975296e-01, 1.711702740427581693e-01, 1.812049976311053134e-01, 2.834946835551391264e-01
3.641007324054575944e-01, 1.712200423151059026e-01, 1.812096816824623757e-01, 2.834695435969740163e-01
3.640714093835425436e-01, 1.712698319976995731e-01, 1.812143969949874256e-01, 2.834443616237705132e-01
3.640420757012456932e-01, 1.713196430824427963e-01, 1.812191435731312916e-01, 2.834191376431802190e-01
3.640127313545497012e-01, 1.713694755612245046e-01, 1.812239214213267335e-01, 2.833938716628990329e-01
3.639833763394266786e-01, 1.714193294259185318e-01, 1.812287305439882479e-01, 2.833685636906665972e-01
3.639540106518374118e-01, 1.714692046683840565e-01, 1.812335709455120958e-01, 2.833432137342663526e-01
3.639246342877323070e-01, 1.715191012804654080e-01, 1.812384426302764695e-01, 2.833178218015257044e-01
3.638952472430509455e-01, 1.715690192539919834e-01, 1.812433456026411593e-01, 2.832923879003159118e-01
3.638658495137218618e-01, 1.716189585807783025e-01, 1.812482798669478035e-01, 2.832669120385519212e-01
3.638364410956633210e-01, 1.716689192526242302e-01, 1.812532454275197491e-01, 2.832413942241927551e-01
3.638070219847825415e-01, 1.717189012613145327e-01, 1.812582422886621081e-01, 2.832158344652408455e-01
3.637775921769761389e-01, 1.717689045986192098e-01, 1.812632704546617846e-01, 2.831902327697427557e-01
3.637481516681302374e-01, 1.718189292562936066e-01, 1.812683299297872808e-01, 2.831645891457889030e-01
3.637187004541203028e-01, 1.718689752260778858e-01, 1.812734207182889745e-01, 2.831389036015128369e-01
3.636892385308110875e-01, 1.719190424996976108e-01, 1.812785428243988695e-01, 2.831131761450925710e-01
3.636597658940567968e-01, 1.719691310688633568e-01, 1.812836962523305950e-01, 2.830874067847493625e-01
3.636302825397012550e-01, 1.720192409252709331e-01, 1.812888810062794898e-01, 2.830615955287483221e-01
3.636007884635776843e-01, 1.720693720606012167e-01, 1.812940970904228233e-01, 2.830357423853983034e-01
3.635712836615087040e-01, 1.721195244665202073e-01, 1.812993445089192968e-01, 2.830098473630517919e-01
3.635417681293064418e-01, 1.721696981346791944e-01, 1.813046232659092649e-01, 2.829839104701049601e-01
3.635122418627730889e-01, 1.722198930567145070e-01, 1.813099333655149303e-01, 2.829579317149975015e-01
3.634827048576996233e-01, 1.722701092242476251e-01, 1.813152748118398438e-01, 2.829319111062128522e-01
3.634531571098672531e-01, 1.723203466288850960e-01, 1.813206476089695429e-01, 2.829058486522780247e-01
3.634235986150464726e-01, 1.723706052622188123e-01, 1.813260517609710243e-01, 2.828797443617637186e-01
3.633940293689976730e-01, 1.724208851158255118e-01, 1.813314872718929105e-01, 2.828535982432838769e-01
3.633644493674708098e-01, 1.724711861812674440e-01, 1.813369541457653666e-01, 2.828274103054964073e-01
3.633348586062054020e-01, 1.725215084500916485e-01, 1.813424523866004057e-01, 2.828011805571025716e-01
3.633052570809309212e-01, 1.725718519138305374e-01, 1.813479819983913888e-01, 2.827749090068472082e-01
3.632756447873666250e-01, 1.726222165640014794e-01, 1.813535429851133862e-01, 2.827485956635185649e-01
3.632460217212213349e-01, 1.726726023921071329e-01, 1.813591353507231219e-01, 2.827222405359483548e-01
3.632163878781939359e-01, 1.727230093896352792e-01, 1.813647590991587233e-01, 2.826958436330119229e-01
3.631867432539729323e-01, 1.727734375480588502e-01, 1.813704142343400827e-01, 2.826694049636282458e-01
3.631570878442367811e-01, 1.728238868588356791e-01, 1.813761007601683850e-01, 2.826429245367590992e-01
3.631274216446538916e-01, 1.728743573134091105e-01, 1.813818186805266630e-01, 2.826164023614103904e-01
3.630977446508824036e-01, 1.729248489032073621e-01, 1.813875679992792977e-01, 2.825898384466309365e-01
3.630680568585705204e-01, 1.729753616196438304e-01, 1.813933487202722961e-01, 2.825632328015134087e-01
3.630383582633563422e-01, 1.730258954541172012e-01, 1.813991608473331518e-01, 2.825365854351932771e-01
3.630086488608681994e-01, 1.730764503980110891e-01, 1.814050043842709292e-01, 2.825098963568498656e-01
3.629789286467240972e-01, 1.731270264426943983e-01, 1.814108793348760962e-01, 2.824831655757055748e-01
3.629491976165320488e-01, 1.731776235795210450e-01, 1.814167857029206909e-01, 2.824563931010261597e-01
3.629194557658906861e-01, 1.732282417998301516e-01, 1.814227234921582943e-01, 2.824295789421208402e-01
3.628897030903880383e-01, 1.732788810949460745e-01, 1.814286927063238630e-01, 2.824027231083419132e-01
3.628599395856028087e-01, 1.733295414561781544e-01, 1.814346933491340907e-01, 2.823758256090850849e-01
3.628301652471032090e-01, 1.733802228748208829e-01, 1.814407254242866863e-01, 2.823488864537890830e-01
3.628003800704484028e-01, 1.734309253421540131e-01, 1.814467889354612895e-01, 2.823219056519363224e-01
3.627705840511872282e-01, 1.734816488494422548e-01, 1.814528838863186944e-01, 2.822948832130518504e-01
3.627407771848586426e-01, 1.735323933879356351e-01, 1.814590102805012650e-01, 2.822678191467044018e-01
3.627109594669924442e-01, 1.735831589488691651e-01, 1.814651681216328249e-01, 2.822407134625056768e-01
3.626811308931079392e-01, 1.736339455234631179e-01, 1.814713574133185459e-01, 2.822135661701104525e-01
3.626512914587152192e-01, 1.736847531029227787e-01, 1.814775781591450865e-01, 2.821863772792169156e-01
3.626214411593148279e-01, 1.737355816784386942e-01, 1.814838303626804816e-01, 2.821591467995661073e-01
3.625915799903970393e-01, 1.737864312411864787e-01, 1.814901140274741698e-01, 2.821318747409422012e-01
3.625617079474430793e-01, 1.738373017823269251e-01, 1.814964291570571042e-01, 2.821045611131727804e-01
3.625318250259244590e-01, 1.738881932930058938e-01, 1.815027757549415310e-01, 2.820772059261280607e-01
3.625019312213029199e-01, 1.739391057643544791e-01, 1.815091538246211000e-01, 2.820498091897215565e-01
3.624720265290307109e-01, 1.739900391874887875e-01, 1.815155633695707538e-01, 2.820223709139096369e-01
3.624421109445506439e-01, 1.740409935535102148e-01, 1.815220043932470051e-01, 2.819948911086920806e-01
3.624121844632960388e-01, 1.740919688535052245e-01, 1.815284768990875486e-01, 2.819673697841111881e-01
3.623822470806907226e-01, 1.741429650785453753e-01, 1.815349808905115103e-01, 2.819398069502523363e-01
3.623522987921488636e-01, 1.741939822196874321e-01, 1.815415163709194479e-01, 2.819122026172441453e-01
3.623223395930756929e-01, 1.742450202679732552e-01, 1.815480833436930452e-01, 2.818845567952579234e-01
3.622923694788665605e-01, 1.742960792144299109e-01, 1.815546818121955008e-01, 2.818568694945080555e-01
3.622623884449077125e-01, 1.743471590500695056e-01, 1.815613117797712783e-01, 2.818291407252515035e-01
3.622323964865760137e-01, 1.743982597658894351e-01, 1.815679732497462173e-01, 2.818013704977884171e-01
3.622023935992388921e-01, 1.744493813528719961e-01, 1.815746662254272559e-01, 2.817735588224617449e-01
3.621723797782548937e-01, 1.745005238019849969e-01, 1.815813907101029856e-01, 2.817457057096572348e-01
3.621423550189725726e-01, 1.745516871041809526e-01, 1.815881467070429856e-01, 2.817178111698034892e-01
3.621123193167319343e-01, 1.746028712503978619e-01, 1.815949342194983496e-01, 2.816898752133717432e-01
3.620822726668634917e-01, 1.746540762315587914e-01, 1.816017532507012977e-01, 2.816618978508764193e-01
3.620522150646884874e-01, 1.747053020385718469e-01, 1.816086038038653427e-01, 2.816338790928742397e-01
3.620221465055192267e-01, 1.747565486623303410e-01, 1.816154858821853457e-01, 2.816058189499650033e-01
3.619920669846589667e-01, 1.748078160937127645e-01, 1.816223994888373772e-01, 2.815777174327910304e-01
3.619619764974011944e-01, 1.748591043235826759e-01, 1.816293446269786338e-01, 2.815495745520373849e-01
3.619318750390312367e-01, 1.749104133427889229e-01, 1.816363212997479659e-01, 2.815213903184319855e-01
3.619017626048247060e-01, 1.749617431421653935e-01, 1.816433295102648782e-01, 2.814931647427451056e-01
3.618716391900483331e-01, 1.750130937125310426e-01, 1.816503692616305565e-01, 2.814648978357898734e-01
3.618415047899602999e-01, 1.750644650446901984e-01, 1.816574405569273409e-01, 2.814365896084221053e-01
3.618113593998091293e-01, 1.751158571294322008e-01, 1.816645433992185588e-01, 2.814082400715399723e-01
3.617812030148349067e-01, 1.751672699575315684e-01, 1.816716777915490244e-01, 2.813798492360845560e-01
3.617510356302683916e-01, 1.752187035197478870e-01, 1.816788437369445675e-01, 2.813514171130391261e-01
3.617208572413319057e-01, 1.752701578068260879e-01, 1.816860412384123102e-01, 2.813229437134297517e-01
3.616906678432385003e-01, 1.753216328094961141e-01, 1.816932702989405291e-01, 2.812944290483248566e-01
3.616604674311926781e-01, 1.753731285184730593e-01, 1.817005309214986264e-01, 2.812658731288356084e-01
3.616302560003899491e-01, 1.754246449244572237e-01, 1.817078231090373808e-01, 2.812372759661154187e-01
3.616000335460171633e-01, 1.754761820181341136e-01, 1.817151468644884471e-01, 2.812086375713602759e-01
3.615698000632522890e-01, 1.755277397901743031e-01, 1.817225021907648841e-01, 2.811799579558085793e-01
3.615395555472646349e-01, 1.755793182312334610e-01, 1.817298890907607101e-01, 2.811512371307410829e-01
3.615092999932149609e-01, 1.756309173319527128e-01, 1.817373075673513472e-01, 2.811224751074809514e-01
3.614790333962550339e-01, 1.756825370829580568e-01, 1.817447576233931217e-01, 2.810936718973939819e-01
3.614487557515279614e-01, 1.757341774748606700e-01, 1.817522392617234583e-01, 2.810648275118878825e-01
3.614184670541686906e-01, 1.757858384982570465e-01, 1.817597524851612412e-01, 2.810359419624130495e-01
3.613881672993031757e-01, 1.758375201437288038e-01, 1.817672972965061196e-01, 2.810070152604620120e-01
3.613578564820487116e-01, 1.758892224018426265e-01, 1.817748736985391467e-01, 2.809780474175695986e-01
3.613275345975144881e-01, 1.759409452631504611e-01, 1.817824816940220578e-01, 2.809490384453129930e-01
3.612972016408008691e-01, 1.759926887181894328e-01, 1.817901212856981863e-01, 2.809199883553115118e-01
3.612668576069996695e-01, 1.760444527574817342e-01, 1.817977924762916864e-01, 2.808908971592269377e-01
3.612365024911943223e-01, 1.760962373715349305e-01, 1.818054952685078107e-01, 2.808617648687629642e-01
3.612061362884601001e-01, 1.761480425508414882e-01, 1.818132296650329660e-01, 2.808325914956655289e-01
3.611757589938632829e-01, 1.761998682858792464e-01, 1.818209956685345186e-01, 2.808033770517229799e-01
3.611453706024623234e-01, 1.762517145671111118e-01, 1.818287932816610442e-01, 2.807741215487654651e-01
3.611149711093071257e-01, 1.763035813849853639e-01, 1.818366225070421061e-01, 2.807448249986653765e-01
3.610845605094391564e-01, 1.763554687299352386e-01, 1.818444833472883104e-01, 2.807154874133372946e-01
3.610541387978917216e-01, 1.764073765923791781e-01, 1.818523758049913341e-01, 2.806861088047378217e-01
3.610237059696896900e-01, 1.764593049627209143e-01, 1.818602998827239248e-01, 2.806566891848654710e-01
3.609932620198500475e-01, 1.765112538313493018e-01, 1.818682555830396785e-01, 2.806272285657610555e-01
3.609628069433809539e-01, 1.765632231886384296e-01, 1.818762429084735399e-01, 2.805977269595070767e-01
3.609323407352829638e-01, 1.766152130249474539e-01, 1.818842618615412188e-01, 2.805681843782284468e-01
3.609018633905481943e-01, 1.766672233306208484e-01, 1.818923124447394957e-01, 2.805386008340914894e-01
3.608713749041606023e-01, 1.767192540959882652e-01, 1.819003946605462496e-01, 2.805089763393048274e-01
3.608408752710963174e-01, 1.767713053113644794e-01, 1.819085085114202083e-01, 2.804793109061191059e-01
3.608103644863227544e-01, 1.768233769670494726e-01, 1.819166539998012810e-01, 2.804496045468264920e-01
3.607798425448001112e-01, 1.768754690533284601e-01, 1.819248311281102537e-01, 2.804198572737612860e-01
3.607493094414798707e-01, 1.769275815604717805e-01, 1.819330398987488162e-01, 2.803900690992995881e-01
3.607187651713057996e-01, 1.769797144787350895e-01, 1.819412803140998125e-01, 2.803602400358592428e-01
3.606882097292138378e-01, 1.770318677983591382e-01, 1.819495523765269629e-01, 2.803303700959001166e-01
3.606576431101315428e-01, 1.770840415095699394e-01, 1.819578560883750029e-01, 2.803004592919234872e-01
3.606270653089789224e-01, 1.771362356025787121e-01, 1.819661914519695167e-01, 2.802705076364728209e-01
3.605964763206681578e-01, 1.771884500675818264e-01, 1.819745584696171037e-01, 2.802405151421329954e-01
3.605658761401031032e-01, 1.772406848947608859e-01, 1.819829571436054061e-01, 2.802104818215305770e-01
3.605352647621802853e-01, 1.772929400742827566e-01, 1.819913874762028594e-01, 2.801804076873341542e-01
3.605046421817880709e-01, 1.773452155962994825e-01, 1.819998494696588309e-01, 2.801502927522536157e-01
3.604740083938072215e-01, 1.773975114509482032e-01, 1.820083431262037865e-01, 2.801201370290408166e-01
3.604433633931107273e-01, 1.774498276283514864e-01, 1.820168684480489019e-01, 2.800899405304889678e-01
3.604127071745636957e-01, 1.775021641186168841e-01, 1.820254254373864511e-01, 2.800597032694328581e-01
3.603820397330238512e-01, 1.775545209118374046e-01, 1.820340140963894737e-01, 2.800294252587491317e-01
3.603513610633409803e-01, 1.776068979980912343e-01, 1.820426344272121078e-01, 2.799991065113557887e-01
3.603206711603571533e-01, 1.776592953674415720e-01, 1.820512864319890622e-01, 2.799687470402121847e-01
3.602899700189072796e-01, 1.777117130099370168e-01, 1.820599701128362558e-01, 2.799383468583195866e-01
3.602592576338179975e-01, 1.777641509156114019e-01, 1.820686854718502057e-01, 2.799079059787203394e-01
3.602285339999091174e-01, 1.778166090744837391e-01, 1.820774325111086944e-01, 2.798774244144984769e-01
3.601977991119922895e-01, 1.778690874765581909e-01, 1.820862112326701032e-01, 2.798469021787793332e-01
3.601670529648720587e-01, 1.779215861118244590e-01, 1.820950216385735787e-01, 2.798163392847298203e-01
3.601362955533453647e-01, 1.779741049702571742e-01, 1.821038637308395047e-01, 2.797857357455579841e-01
3.601055268722015978e-01, 1.780266440418162843e-01, 1.821127375114687252e-01, 2.797550915745134481e-01
3.600747469162229319e-01, 1.780792033164469157e-01, 1.821216429824431826e-01, 2.797244067848869697e-01
3.600439556801838248e-01, 1.781317827840797063e-01, 1.821305801457256957e-01, 2.796936813900108287e-01
3.600131531588518508e-01, 1.781843824346301675e-01, 1.821395490032595710e-01, 2.796629154032583831e-01
3.599823393469867572e-01, 1.782370022579994051e-01, 1.821485495569694912e-01, 2.796321088380444020e-01
3.599515142393413525e-01, 1.782896422440735651e-01, 1.821575818087604604e-01, 2.796012617078246776e-01
3.599206778306608401e-01, 1.783423023827240272e-01, 1.821666457605186362e-01, 2.795703740260965242e-01
3.598898301156833179e-01, 1.783949826638076552e-01, 1.821757414141107756e-01, 2.795394458063981680e-01
3.598589710891398896e-01, 1.784476830771662137e-01, 1.821848687713847059e-01, 2.795084770623091908e-01
3.598281007457539982e-01, 1.785004036126271176e-01, 1.821940278341687702e-01, 2.794774678074501417e-01
3.597972190802421477e-01, 1.785531442600026830e-01, 1.822032186042723267e-01, 2.794464180554827037e-01
3.597663260873140145e-01, 1.786059050090907929e-01, 1.822124410834853603e-01, 2.794153278201098045e-01
3.597354217616714478e-01, 1.786586858496743979e-01, 1.822216952735788431e-01, 2.793841971150752834e-01
3.597045060980096909e-01, 1.787114867715218491e-01, 1.822309811763043463e-01, 2.793530259541640026e-01
3.596735790910170483e-01, 1.787643077643866485e-01, 1.822402987933943730e-01, 2.793218143512019025e-01
3.596426407353744414e-01, 1.788171488180076985e-01, 1.822496481265619972e-01, 2.792905623200558352e-01
3.596116910257558530e-01, 1.788700099221090800e-01, 1.822590291775013638e-01, 2.792592698746337310e-01
3.595807299568284376e-01, 1.789228910664001082e-01, 1.822684419478869944e-01, 2.792279370288843765e-01
3.595497575232523557e-01, 1.789757922405756374e-01, 1.822778864393745091e-01, 2.791965637967974145e-01
3.595187737196808286e-01, 1.790287134343155617e-01, 1.822873626536001268e-01, 2.791651501924034551e-01
3.594877785407600834e-01, 1.790816546372851203e-01, 1.822968705921808319e-01, 2.791336962297739643e-01
3.594567719811297413e-01, 1.791346158391348420e-01, 1.823064102567143463e-01, 2.791022019230211537e-01
3.594257540354220959e-01, 1.791875970295006837e-01, 1.823159816487790463e-01, 2.790706672862981463e-01
3.593947246982633348e-01, 1.792405981980037255e-01, 1.823255847699343235e-01, 2.790390923337986440e-01
3.593636839642722069e-01, 1.792936193342503648e-01, 1.823352196217199184e-01, 2.790074770797574821e-01
3.593326318280611886e-01, 1.793466604278324272e-01, 1.823448862056565589e-01, 2.789758215384497975e-01
3.593015682842358172e-01, 1.793997214683269725e-01, 1.823545845232455442e-01, 2.789441257241916938e-01
3.592704933273946910e-01, 1.794528024452962944e-01, 1.823643145759690498e-01, 2.789123896513399647e-01
3.592394069521303579e-01, 1.795059033482880317e-01, 1.823740763652896835e-01, 2.788806133342917604e-01
3.592083091530281491e-01, 1.795590241668354181e-01, 1.823838698926510404e-01, 2.788487967874851980e-01
3.591771999246671787e-01, 1.796121648904564772e-01, 1.823936951594772315e-01, 2.788169400253989738e-01
3.591460792616197328e-01, 1.796653255086550771e-01, 1.824035521671731608e-01, 2.787850430625520293e-01
3.591149471584516029e-01, 1.797185060109200150e-01, 1.824134409171244142e-01, 2.787531059135040512e-01
3.590838036097220298e-01, 1.797717063867256826e-01, 1.824233614106969825e-01, 2.787211285928553606e-01
3.590526486099837600e-01, 1.798249266255315948e-01, 1.824333136492380381e-01, 2.786891111152466349e-01
3.590214821537833223e-01, 1.798781667167828058e-01, 1.824432976340749912e-01, 2.786570534953589640e-01
3.589903042356603624e-01, 1.799314266499095205e-01, 1.824533133665161011e-01, 2.786249557479140160e-01
3.589591148501484197e-01, 1.799847064143275110e-01, 1.824633608478503644e-01, 2.785928178876737604e-01
3.589279139917746497e-01, 1.800380059994375337e-01, 1.824734400793472378e-01, 2.785606399294406899e-01
3.588967016550597688e-01, 1.800913253946260784e-01, 1.824835510622568047e-01, 2.785284218880574869e-01
3.588654778345179430e-01, 1.801446645892647580e-01, 1.824936937978101359e-01, 2.784961637784071353e-01
3.588342425246575096e-01, 1.801980235727105861e-01, 1.825038682872185680e-01, 2.784638656154131420e-01
3.588029957199803666e-01, 1.802514023343060046e-01, 1.825140745316744251e-01, 2.784315274140392038e-01
3.587717374149819172e-01, 1.803048008633786337e-01, 1.825243125323501858e-01, 2.783991491892891523e-01
3.587404676041516249e-01, 1.803582191492417997e-01, 1.825345822903994553e-01, 2.783667309562072312e-01
3.587091862819725696e-01, 1.804116571811936742e-01, 1.825448838069561319e-01, 2.783342727298775965e-01
3.586778934429219468e-01, 1.804651149485183570e-01, 1.825552170831348520e-01, 2.783017745254248720e-01
3.586465890814705681e-01, 1.805185924404848763e-01, 1.825655821200309614e-01, 2.782692363580135386e-01
3.586152731920831949e-01, 1.805720896463480218e-01, 1.825759789187202109e-01, 2.782366582428486002e-01
3.585839457692187038e-01, 1.806256065553476231e-01, 1.825864074802589776e-01, 2.782040401951747510e-01
3.585526068073296435e-01, 1.806791431567090211e-01, 1.825968678056845151e-01, 2.781713822302767647e-01
3.585212563008627340e-01, 1.807326994396431241e-01, 1.826073598960143429e-01, 2.781386843634798822e-01
3.584898942442587000e-01, 1.807862753933458522e-01, 1.826178837522466902e-01, 2.781059466101486466e-01
3.584585206319523265e-01, 1.808398710069989146e-01, 1.826284393753603852e-01, 2.780731689856882349e-01
3.584271354583724034e-01, 1.808934862697692270e-01, 1.826390267663149380e-01, 2.780403515055434038e-01
3.583957387179416698e-01, 1.809471211708090777e-01, 1.826496459260502636e-01, 2.780074941851988779e-01
3.583643304050774803e-01, 1.810007756992562111e-01, 1.826602968554869311e-01, 2.779745970401793498e-01
3.583329105141908610e-01, 1.810544498442338279e-01, 1.826709795555260529e-01, 2.779416600860493136e-01
3.583014790396871763e-01, 1.811081435948503904e-01, 1.826816940270493406e-01, 2.779086833384131205e-01
3.582700359759660169e-01, 1.811618569401999557e-01, 1.826924402709189654e-01, 2.778756668129149232e-01
3.582385813174213118e-01, 1.812155898693620093e-01, 1.827032182879779476e-01, 2.778426105252387313e-01
3.582071150584411612e-01, 1.812693423714012986e-01, 1.827140280790494065e-01, 2.778095144911081893e-01
3.581756371934079475e-01, 1.813231144353679991e-01, 1.827248696449374210e-01, 2.777763787262865769e-01
3.581441477166984466e-01, 1.813769060502979924e-01, 1.827357429864264193e-01, 2.777432032465771972e-01
3.581126466226838834e-01, 1.814307172052122830e-01, 1.827466481042811786e-01, 2.777099880678227106e-01
3.580811339057295983e-01, 1.814845478891173869e-01, 1.827575849992475743e-01, 2.776767332059054127e-01
3.580496095601956030e-01, 1.815383980910055262e-01, 1.827685536720513870e-01, 2.776434386767475115e-01
3.580180735804363024e-01, 1.815922677998539347e-01, 1.827795541233993570e-01, 2.776101044963104059e-01
3.579865259608004391e-01, 1.816461570046257190e-01, 1.827905863539785181e-01, 2.775767306805953516e-01
3.579549666956314269e-01, 1.817000656942691639e-01, 1.828016503644565860e-01, 2.775433172456430175e-01
3.579233957792669618e-01, 1.817539938577180381e-01, 1.828127461554815147e-01, 2.775098642075333188e-01
3.578918132060397994e-01, 1.818079414838918162e-01, 1.828238737276821624e-01, 2.774763715823861943e-01
3.578602189702767555e-01, 1.818619085616951514e-01, 1.828350330816676250e-01, 2.774428393863604403e-01
3.578286130662995390e-01, 1.819158950800182917e-01, 1.828462242180274866e-01, 2.774092676356545994e-01
3.577969954884244741e-01, 1.819699010277370521e-01, 1.828574471373320132e-01, 2.773756563465065161e-01
3.577653662309625004e-01, 1.820239263937124818e-01, 1.828687018401317643e-01, 2.773420055351933367e-01
3.577337252882192842e-01, 1.820779711667913359e-01, 1.828799883269579540e-01, 2.773083152180315092e-01
3.577020726544952733e-01, 1.821320353358058808e-01, 1.828913065983221453e-01, 2.772745854113767838e-01
3.576704083240855869e-01, 1.821861188895736727e-01, 1.829026566547164723e-01, 2.772408161316242681e-01
3.576387322912802924e-01, 1.822402218168978905e-01, 1.829140384966136124e-01, 2.772070073952081493e-01
3.576070445503641837e-01, 1.822943441065672521e-01, 1.829254521244666198e-01, 2.771731592186019721e-01
3.575753450956167812e-01, 1.823484857473559595e-01, 1.829368975387089813e-01, 2.771392716183182503e-01
3.575436339213126646e-01, 1.824026467280236985e-01, 1.829483747397547544e-01, 2.771053446109088547e-01
3.575119110217214180e-01, 1.824568270373156387e-01, 1.829598837279983459e-01, 2.770713782129647362e-01
3.574801763911071850e-01, 1.825110266639624612e-01, 1.829714245038148168e-01, 2.770373724411155925e-01
3.574484300237294465e-01, 1.825652455966805809e-01, 1.829829970675594109e-01, 2.770033273120305894e-01
3.574166719138424653e-01, 1.826194838241716467e-01, 1.829946014195681370e-01, 2.769692428424177510e-01
3.573849020556957301e-01, 1.826737413351230133e-01, 1.830062375601571589e-01, 2.769351190490240699e-01
3.573531204435334563e-01, 1.827280181182075747e-01, 1.830179054896233504e-01, 2.769009559486356187e-01
3.573213270715952516e-01, 1.827823141620836533e-01, 1.830296052082438230e-01, 2.768667535580771055e-01
3.572895219341158946e-01, 1.828366294553953608e-01, 1.830413367162761762e-01, 2.768325118942126517e-01
3.572577050253248343e-01, 1.828909639867720149e-01, 1.830531000139584974e-01, 2.767982309739446256e-01
3.572258763394470238e-01, 1.829453177448287782e-01, 1.830648951015094172e-01, 2.767639108142147530e-01
3.571940358707028085e-01, 1.829996907181662136e-01, 1.830767219791277212e-01, 2.767295514320032290e-01
3.571621836133074268e-01, 1.830540828953704791e-01, 1.830885806469927934e-01, 2.766951528443292174e-01
3.571303195614715098e-01, 1.831084942650134662e-01, 1.831004711052645062e-01, 2.766607150682505734e-01
3.570984437094008590e-01, 1.831629248156524115e-01, 1.831123933540829141e-01, 2.766262381208638987e-01
3.570665560512967796e-01, 1.832173745358302297e-01, 1.831243473935686428e-01, 2.765917220193044312e-01
3.570346565813557471e-01, 1.832718434140754027e-01, 1.831363332238227504e-01, 2.765571667807460998e-01
3.570027452937697965e-01, 1.833263314389020904e-01, 1.831483508449268383e-01, 2.765225724224014137e-01
3.569708221827261885e-01, 1.833808385988098533e-01, 1.831604002569424683e-01, 2.764879389615215177e-01
3.569388872424077430e-01, 1.834353648822841520e-01, 1.831724814599119955e-01, 2.764532664153960262e-01
3.569069404669927281e-01, 1.834899102777957369e-01, 1.831845944538581517e-01, 2.764185548013534666e-01
3.568749818506547489e-01, 1.835444747738011195e-01, 1.831967392387838234e-01, 2.763838041367602250e-01
3.568430113875631360e-01, 1.835990583587424896e-01, 1.832089158146726626e-01, 2.763490144390217673e-01
3.568110290718826128e-01, 1.836536610210475207e-01, 1.832211241814883096e-01, 2.763141857255815292e-01
3.567790348977736836e-01, 1.837082827491295645e-01, 1.832333643391750033e-01, 2.762793180139217486e-01
3.567470288593921901e-01, 1.837629235313875953e-01, 1.832456362876573874e-01, 2.762444113215627994e-01
3.567150109508899769e-01, 1.838175833562062933e-01, 1.832579400268403436e-01, 2.762094656660633030e-01
3.566829811664141148e-01, 1.838722622119558781e-01, 1.832702755566093245e-01, 2.761744810650206827e-01
3.566509395001076221e-01, 1.839269600869922749e-01, 1.832826428768300486e-01, 2.761394575360701098e-01
3.566188859461092431e-01, 1.839816769696570042e-01, 1.832950419873485282e-01, 2.761043950968851135e-01
3.565868204985535583e-01, 1.840364128482773476e-01, 1.833074728879913462e-01, 2.760692937651776924e-01
3.565547431515705412e-01, 1.840911677111660982e-01, 1.833199355785652962e-01, 2.760341535586979256e-01
3.565226538992866678e-01, 1.841459415466218108e-01, 1.833324300588576039e-01, 2.759989744952338619e-01
3.564905527358235848e-01, 1.842007343429287458e-01, 1.833449563286357331e-01, 2.759637565926119640e-01
3.564584396552990531e-01, 1.842555460883567309e-01, 1.833575143876477742e-01, 2.759284998686966084e-01
3.564263146518267811e-01, 1.843103767711612717e-01, 1.833701042356218336e-01, 2.758932043413900304e-01
3.563941777195164806e-01, 1.843652263795838020e-01, 1.833827258722666165e-01, 2.758578700286331009e-01
3.563620288524735891e-01, 1.844200949018511282e-01, 1.833953792972710939e-01, 2.758224969484041056e-01
3.563298680447999911e-01, 1.844749823261759569e-01, 1.834080645103044749e-01, 2.757870851187196881e-01
3.562976952905928529e-01, 1.845298886407565342e-01, 1.834207815110166506e-01, 2.757516345576339623e-01
3.562655105839460656e-01, 1.845848138337769784e-01, 1.834335302990373895e-01, 2.757161452832395110e-01
3.562333139189493014e-01, 1.846397578934071693e-01, 1.834463108739772530e-01, 2.756806173136663318e-01
3.562011052896884022e-01, 1.846947208078023317e-01, 1.834591232354267631e-01, 2.756450506670824474e-01
3.561688846902452688e-01, 1.847497025651039237e-01, 1.834719673829570130e-01, 2.756094453616937945e-01
3.561366521146981379e-01, 1.848047031534387208e-01, 1.834848433161193615e-01, 2.755738014157438354e-01
3.561044075571213052e-01, 1.848597225609195371e-01, 1.834977510344453777e-01, 2.755381188475138909e-01
3.560721510115851252e-01, 1.849147607756446154e-01, 1.835106905374471187e-01, 2.755023976753230297e-01
3.560398824721567324e-01, 1.849698177856983206e-01, 1.835236618246169349e-01, 2.754666379175280122e-01
3.560076019328989871e-01, 1.850248935791504457e-01, 1.835366648954274704e-01, 2.754308395925231245e-01
3.559753093878714192e-01, 1.850799881440566008e-01, 1.835496997493316351e-01, 2.753950027187401783e-01
3.559430048311298389e-01, 1.851351014684584073e-01, 1.835627663857627434e-01, 2.753591273146489549e-01
3.559106882567261154e-01, 1.851902335403829147e-01, 1.835758648041344310e-01, 2.753232133987564834e-01
3.558783596587091203e-01, 1.852453843478432671e-01, 1.835889950038404606e-01, 2.752872609896072076e-01
3.558460190311234506e-01, 1.853005538788380369e-01, 1.836021569842551382e-01, 2.752512701057832634e-01
3.558136663680108724e-01, 1.853557421213519463e-01, 1.836153507447330357e-01, 2.752152407659042566e-01
3.557813016634090442e-01, 1.854109490633551738e-01, 1.836285762846088798e-01, 2.751791729886268190e-01
3.557489249113525709e-01, 1.854661746928040200e-01, 1.836418336031978293e-01, 2.751430667926454965e-01
3.557165361058723385e-01, 1.855214189976403250e-01, 1.836551226997953368e-01, 2.751069221966918610e-01
3.556841352409960688e-01, 1.855766819657919120e-01, 1.836684435736770371e-01, 2.750707392195349543e-01
3.556517223107478198e-01, 1.856319635851722827e-01, 1.836817962240990532e-01, 2.750345178799808998e-01
3.556192973091483189e-01, 1.856872638436809220e-01, 1.836951806502976348e-01, 2.749982581968731243e-01
3.555868602302152404e-01, 1.857425827292029930e-01, 1.837085968514893808e-01, 2.749619601890924692e-01
3.555544110679626502e-01, 1.857979202296095034e-01, 1.837220448268711559e-01, 2.749256238755566351e-01
3.555219498164015057e-01, 1.858532763327575277e-01, 1.837355245756202016e-01, 2.748892492752207928e-01
3.554894764695396003e-01, 1.859086510264896519e-01, 1.837490360968939418e-01, 2.748528364070768615e-01
3.554569910213811190e-01, 1.859640442986344733e-01, 1.837625793898300941e-01, 2.748163852901542303e-01
3.554244934659275823e-01, 1.860194561370065169e-01, 1.837761544535467806e-01, 2.747798959435190369e-01
3.553919837971770135e-01, 1.860748865294060972e-01, 1.837897612871421671e-01, 2.747433683862746112e-01
3.553594620091244938e-01, 1.861303354636194007e-01, 1.838033998896950461e-01, 2.747068026375610872e-01
3.553269280957618292e-01, 1.861858029274184589e-01, 1.838170702602640594e-01, 2.746701987165556802e-01
3.552943820510779394e-01, 1.862412889085612033e-01, 1.838307723978883645e-01, 2.746335566424725205e-01
3.552618238690585795e-01, 1.862967933947914378e-01, 1.838445063015874958e-01, 2.745968764345624868e-01
3.552292535436866183e-01, 1.863523163738391442e-01, 1.838582719703609758e-01, 2.745601581121133172e-01
3.551966710689418161e-01, 1.864078578334195935e-01, 1.838720694031888425e-01, 2.745234016944496647e-01
3.551640764388010463e-01, 1.864634177612346511e-01, 1.838858985990313166e-01, 2.744866072009330971e-01
3.551314696472384069e-01, 1.865189961449714995e-01, 1.838997595568287458e-01, 2.744497746509613201e-01
3.550988506882249984e-01, 1.865745929723037766e-01, 1.839136522755018821e-01, 2.744129040639695094e-01
3.550662195557287570e-01, 1.866302082308905763e-01, 1.839275767539518269e-01, 2.743759954594288675e-01
3.550335762437152876e-01, 1.866858419083772536e-01, 1.839415329910597252e-01, 2.743390488568476782e-01
3.550009207461471972e-01, 1.867414939923950079e-01, 1.839555209856871543e-01, 2.743020642757705851e-01
3.549682530569843175e-01, 1.867971644705608281e-01, 1.839695407366757907e-01, 2.742650417357789250e-01
3.549355731701838157e-01, 1.868528533304778805e-01, 1.839835922428477710e-01, 2.742279812564905050e-01
3.549028810796998612e-01, 1.869085605597352595e-01, 1.839976755030053313e-01, 2.741908828575594925e-01
3.548701767794844031e-01, 1.869642861459079597e-01, 1.840117905159309453e-01, 2.741537465586767475e-01
3.548374602634863373e-01, 1.870200300765567647e-01, 1.840259372803873528e-01, 2.741165723795694897e-01
3.548047315256523393e-01, 1.870757923392288302e-01, 1.840401157951176148e-01, 2.740793603400012435e-01
3.547719905599258650e-01, 1.871315729214571011e-01, 1.840543260588450580e-01, 2.740421104597720037e-01
3.547392373602484827e-01, 1.871873718107603668e-01, 1.840685680702730809e-01, 2.740048227587179031e-01
3.547064719205590966e-01, 1.872431889946437611e-01, 1.840828418280855416e-01, 2.739674972567117672e-01
3.546736942347936683e-01, 1.872990244605980126e-01, 1.840971473309463147e-01, 2.739301339736620600e-01
3.546409042968860503e-01, 1.873548781961001108e-01, 1.841114845774998177e-01, 2.738927329295139934e-01
3.546081021007677081e-01, 1.874107501886131677e-01, 1.841258535663702900e-01, 2.738552941442486954e-01
3.545752876403677201e-01, 1.874666404255860008e-01, 1.841402542961626809e-01, 2.738178176378835427e-01
3.545424609096122781e-01, 1.875225488944538554e-01, 1.841546867654617892e-01, 2.737803034304720495e-01
3.545096219024259088e-01, 1.875784755826375994e-01, 1.841691509728328180e-01, 2.737427515421035906e-01
3.544767706127303630e-01, 1.876344204775444169e-01, 1.841836469168212920e-01, 2.737051619929039004e-01
3.544439070344452825e-01, 1.876903835665674480e-01, 1.841981745959527517e-01, 2.736675348030344623e-01
3.544110311614879771e-01, 1.877463648370860383e-01, 1.842127340087331422e-01, 2.736298699926927869e-01
3.543781429877736477e-01, 1.878023642764653223e-01, 1.842273251536485912e-01, 2.735921675821124666e-01
3.543452425072151635e-01, 1.878583818720567233e-01, 1.842419480291653811e-01, 2.735544275915627321e-01
3.543123297137231731e-01, 1.879144176111977871e-01, 1.842566026337301988e-01, 2.735166500413489521e-01
3.542794046012062159e-01, 1.879704714812119593e-01, 1.842712889657696640e-01, 2.734788349518120776e-01
3.542464671635709994e-01, 1.880265434694088633e-01, 1.842860070236910230e-01, 2.734409823433290865e-01
3.542135173947218441e-01, 1.880826335630843005e-01, 1.843007568058814272e-01, 2.734030922363124283e-01
3.541805552885609609e-01, 1.881387417495200554e-01, 1.843155383107084044e-01, 2.733651646512106348e-01
3.541475808389886737e-01, 1.881948680159840903e-01, 1.843303515365194989e-01, 2.733271996085075983e-01
3.541145940399035297e-01, 1.882510123497305177e-01, 1.843451964816429089e-01, 2.732891971287229604e-01
3.540815948852018002e-01, 1.883071747379995720e-01, 1.843600731443866547e-01, 2.732511572324120563e-01
3.540485833687777584e-01, 1.883633551680175544e-01, 1.843749815230390221e-01, 2.732130799401656929e-01
3.540155594845240672e-01, 1.884195536269969995e-01, 1.843899216158687293e-01, 2.731749652726103150e-01
3.539825232263313359e-01, 1.884757701021365639e-01, 1.844048934211244828e-01, 2.731368132504076174e-01
3.539494745880883420e-01, 1.885320045806211098e-01, 1.844198969370353935e-01, 2.730986238942551547e-01
3.539164135636821418e-01, 1.885882570496214272e-01, 1.844349321618106996e-01, 2.730603972248856759e-01
3.538833401469980711e-01, 1.886445274962949004e-01, 1.844499990936398492e-01, 2.730221332630671793e-01
3.538502543319191895e-01, 1.887008159077847025e-01, 1.844650977306925288e-01, 2.729838320296035237e-01
3.538171561123276132e-01, 1.887571222712204344e-01, 1.844802280711186349e-01, 2.729454935453332620e-01
3.537840454821031821e-01, 1.888134465737177914e-01, 1.844953901130483020e-01, 2.729071178311308077e-01
3.537509224351242931e-01, 1.888697888023787019e-01, 1.845105838545917920e-01, 2.728687049079052684e-01
3.537177869652676776e-01, 1.889261489442912445e-01, 1.845258092938396877e-01, 2.728302547966014457e-01
3.536846390664085127e-01, 1.889825269865298973e-01, 1.845410664288628100e-01, 2.727917675181988910e-01
3.536514787324201992e-01, 1.890389229161550666e-01, 1.845563552577119404e-01, 2.727532430937127383e-01
3.536183059571749721e-01, 1.890953367202137247e-01, 1.845716757784184592e-01, 2.727146815441929273e-01
3.535851207345431790e-01, 1.891517683857388554e-01, 1.845870279889936516e-01, 2.726760828907244250e-01
3.535519230583937245e-01, 1.892082178997497310e-01, 1.846024118874290687e-01, 2.726374471544274480e-01
3.535187129225943470e-01, 1.892646852492519960e-01, 1.846178274716965828e-01, 2.725987743564570187e-01
3.534854903210110089e-01, 1.893211704212373336e-01, 1.846332747397483043e-01, 2.725600645180032422e-01
3.534522552475085622e-01, 1.893776734026840491e-01, 1.846487536895163595e-01, 2.725213176602910292e-01
3.534190076959503046e-01, 1.894341941805563201e-01, 1.846642643189131960e-01, 2.724825338045802070e-01
3.533857476601982572e-01, 1.894907327418049459e-01, 1.846798066258314164e-01, 2.724437129721654083e-01
3.533524751341130532e-01, 1.895472890733667093e-01, 1.846953806081439720e-01, 2.724048551843761823e-01
3.533191901115542155e-01, 1.896038631621650150e-01, 1.847109862637039690e-01, 2.723659604625767727e-01
3.532858925863798794e-01, 1.896604549951094454e-01, 1.847266235903445297e-01, 2.723270288281660623e-01
3.532525825524471252e-01, 1.897170645590958438e-01, 1.847422925858792087e-01, 2.722880603025779056e-01
3.532192600036114793e-01, 1.897736918410063145e-01, 1.847579932481016041e-01, 2.722490549072804078e-01
3.531859249337278572e-01, 1.898303368277096392e-01, 1.847737255747858298e-01, 2.722100126637766460e-01
3.531525773366496757e-01, 1.898869995060604998e-01, 1.847894895636859047e-01, 2.721709335936040031e-01
3.531192172062290746e-01, 1.899436798629002277e-01, 1.848052852125360024e-01, 2.721318177183346676e-01
3.530858445363176390e-01, 1.900003778850563319e-01, 1.848211125190507842e-01, 2.720926650595751894e-01
3.530524593207656769e-01, 1.900570935593429156e-01, 1.848369714809249553e-01, 2.720534756389664244e-01
3.530190615534222753e-01, 1.901138268725602321e-01, 1.848528620958334034e-01, 2.720142494781840892e-01
3.529856512281359104e-01, 1.901705778114949896e-01, 1.848687843614312543e-01, 2.719749865989378179e-01
3.529522283387537818e-01, 1.902273463629202965e-01, 1.848847382753539270e-01, 2.719356870229719392e-01
3.529187928791224782e-01, 1.902841325135956607e-01, 1.849007238352169402e-01, 2.718963507720648654e-01
3.528853448430875339e-01, 1.903409362502670454e-01, 1.849167410386160781e-01, 2.718569778680294813e-01
3.528518842244933729e-01, 1.903977575596667027e-01, 1.849327898831271966e-01, 2.718175683327126446e-01
3.528184110171841414e-01, 1.904545964285133952e-01, 1.849488703663066391e-01, 2.717781221879957965e-01
3.527849252150027648e-01, 1.905114528435122578e-01, 1.849649824856907376e-01, 2.717386394557941842e-01
3.527514268117916685e-01, 1.905683267913550194e-01, 1.849811262387960065e-01, 2.716991201580574167e-01
3.527179158013921123e-01, 1.906252182587196697e-01, 1.849973016231192813e-01, 2.716595643167689644e-01
3.526843921776451340e-01, 1.906821272322707095e-01, 1.850135086361375802e-01, 2.716199719539466040e-01
3.526508559343908278e-01, 1.907390536986590668e-01, 1.850297472753081318e-01, 2.715803430916419736e-01
3.526173070654687325e-01, 1.907959976445223194e-01, 1.850460175380682915e-01, 2.715406777519405734e-01
3.525837455647178320e-01, 1.908529590564843892e-01, 1.850623194218357637e-01, 2.715009759569621539e-01
3.525501714259761110e-01, 1.909099379211555425e-01, 1.850786529240083522e-01, 2.714612377288599943e-01
3.525165846430814987e-01, 1.909669342251328061e-01, 1.850950180419642377e-01, 2.714214630898216241e-01
3.524829852098711469e-01, 1.910239479549996067e-01, 1.851114147730613668e-01, 2.713816520620678796e-01
3.524493731201819302e-01, 1.910809790973258537e-01, 1.851278431146385073e-01, 2.713418046678538476e-01
3.524157483678497238e-01, 1.911380276386679677e-01, 1.851443030640142207e-01, 2.713019209294681433e-01
3.523821109467107360e-01, 1.911950935655689354e-01, 1.851607946184873066e-01, 2.712620008692330775e-01
3.523484608506000093e-01, 1.912521768645583375e-01, 1.851773177753370803e-01, 2.712220445095046562e-01
3.523147980733524753e-01, 1.913092775221521824e-01, 1.851938725318226786e-01, 2.711820518726725249e-01
3.522811226088031211e-01, 1.913663955248531556e-01, 1.852104588851836708e-01, 2.711420229811599691e-01
3.522474344507860455e-01, 1.914235308591503149e-01, 1.852270768326399197e-01, 2.711019578574236366e-01
3.522137335931353475e-01, 1.914806835115195893e-01, 1.852437263713911653e-01, 2.710618565239538147e-01
3.521800200296846262e-01, 1.915378534684232803e-01, 1.852604074986177463e-01, 2.710217190032742640e-01
3.521462937542676475e-01, 1.915950407163102276e-01, 1.852771202114800175e-01, 2.709815453179421074e-01
3.521125547607174555e-01, 1.916522452416160871e-01, 1.852938645071184609e-01, 2.709413354905478855e-01
3.520788030428674831e-01, 1.917094670307628868e-01, 1.853106403826539905e-01, 2.709010895437156119e-01
3.520450385945505523e-01, 1.917667060701594428e-01, 1.853274478351876198e-01, 2.708608075001023296e-01
3.520112614095995962e-01, 1.918239623462011934e-01, 1.853442868618006278e-01, 2.708204893823985548e-01
3.519774714818474926e-01, 1.918812358452700317e-01, 1.853611574595544487e-01, 2.707801352133279993e-01
3.519436688051270079e-01, 1.919385265537346397e-01, 1.853780596254907265e-01, 2.707397450156476260e-01
3.519098533732706313e-01, 1.919958344579504039e-01, 1.853949933566314268e-01, 2.706993188121474825e-01
3.518760251801115180e-01, 1.920531595442592498e-01, 1.854119586499787531e-01, 2.706588566256506456e-01
3.518421842194819349e-01, 1.921105017989897246e-01, 1.854289555025149250e-01, 2.706183584790134988e-01
3.518083304852151483e-01, 1.921678612084573023e-01, 1.854459839112024555e-01, 2.705778243951251216e-01
3.517744639711438692e-01, 1.922252377589638572e-01, 1.854630438729843178e-01, 2.705372543969079002e-01
3.517405846711012529e-01, 1.922826314367981626e-01, 1.854801353847833900e-01, 2.704966485073169724e-01
3.517066925789204546e-01, 1.923400422282356692e-01, 1.854972584435031491e-01, 2.704560067493406161e-01
3.516727876884349069e-01, 1.923974701195383663e-01, 1.855144130460268104e-01, 2.704153291459997499e-01
3.516388699934783202e-01, 1.924549150969552258e-01, 1.855315991892181882e-01, 2.703746157203483214e-01
3.516049394878842382e-01, 1.925123771467217026e-01, 1.855488168699211959e-01, 2.703338664954728077e-01
3.515709961654871485e-01, 1.925698562550601511e-01, 1.855660660849600130e-01, 2.702930814944927151e-01
3.515370400201211498e-01, 1.926273524081796862e-01, 1.855833468311390289e-01, 2.702522607405601351e-01
3.515030710456212848e-01, 1.926848655922760445e-01, 1.856006591052428711e-01, 2.702114042568598551e-01
3.514690892358225405e-01, 1.927423957935319176e-01, 1.856180029040362944e-01, 2.701705120666092474e-01
3.514350945845603480e-01, 1.927999429981165636e-01, 1.856353782242645412e-01, 2.701295841930584363e-01
3.514010870856710822e-01, 1.928575071921862227e-01, 1.856527850626528420e-01, 2.700886206594899641e-01
3.513670667329904518e-01, 1.929150883618838408e-01, 1.856702234159068043e-01, 2.700476214892188476e-01
3.513330335203559418e-01, 1.929726864933390684e-01, 1.856876932807121905e-01, 2.700065867055926883e-01
3.512989874416047043e-01, 1.930303015726686222e-01, 1.857051946537351117e-01, 2.699655163319915063e-01
3.512649284905745573e-01, 1.930879335859759238e-01, 1.857227275316218895e-01, 2.699244103918276849e-01
3.512308566611041516e-01, 1.931455825193510167e-01, 1.857402919109988892e-01, 2.698832689085460257e-01
3.511967719470325267e-01, 1.932032483588710936e-01, 1.857578877884729640e-01, 2.698420919056233602e-01
3.511626743421994989e-01, 1.932609310906001077e-01, 1.857755151606312050e-01, 2.698008794065693272e-01
3.511285638404452181e-01, 1.933186307005887727e-01, 1.857931740240407192e-01, 2.697596314349252067e-01
3.510944404356111659e-01, 1.933763471748747298e-01, 1.858108643752491573e-01, 2.697183480142650858e-01
3.510603041215388243e-01, 1.934340804994825747e-01, 1.858285862107841580e-01, 2.696770291681945264e-01
3.510261548920707297e-01, 1.934918306604237193e-01, 1.858463395271538476e-01, 2.696356749203516756e-01
3.509919927410504181e-01, 1.935495976436964749e-01, 1.858641243208463412e-01, 2.695942852944066548e-01
3.509578176623219803e-01, 1.936073814352860800e-01, 1.858819405883304632e-01, 2.695528603140616153e-01
3.509236296497301733e-01, 1.936651820211647002e-01, 1.858997883260546102e-01, 2.695114000030505719e-01
3.508894286971210863e-01, 1.937229993872914280e-01, 1.859176675304480553e-01, 2.694699043851395692e-01
3.508552147983414193e-01, 1.937808335196122556e-01, 1.859355781979198929e-01, 2.694283734841264599e-01
3.508209879472387605e-01, 1.938386844040600743e-01, 1.859535203248599278e-01, 2.693868073238411265e-01
3.507867481376617524e-01, 1.938965520265549802e-01, 1.859714939076377860e-01, 2.693452059281453703e-01
3.507524953634600928e-01, 1.939544363730037746e-01, 1.859894989426036371e-01, 2.693035693209325232e-01
3.507182296184842563e-01, 1.940123374293002967e-01, 1.860075354260877500e-01, 2.692618975261276693e-01
3.506839508965860497e-01, 1.940702551813253407e-01, 1.860256033544007981e-01, 2.692201905676876450e-01
3.506496591916182792e-01, 1.941281896149469333e-01, 1.860437027238336372e-01, 2.691784484696012059e-01
3.506153544974345282e-01, 1.941861407160198061e-01, 1.860618335306574167e-01, 2.691366712558882490e-01
3.505810368078901007e-01, 1.942441084703857845e-01, 1.860799957711236075e-01, 2.690948589506005351e-01
3.505467061168409115e-01, 1.943020928638738709e-01, 1.860981894414638627e-01, 2.690530115778214659e-01
3.505123624181444297e-01, 1.943600938822998836e-01, 1.861164145378901846e-01, 2.690111291616655298e-01
3.504780057056591791e-01, 1.944181115114669289e-01, 1.861346710565948137e-01, 2.689692117262791338e-01
3.504436359732449602e-01, 1.944761457371648739e-01, 1.861529589937502838e-01, 2.689272592958397712e-01
3.504092532147630723e-01, 1.945341965451709565e-01, 1.861712783455094500e-01, 2.688852718945565767e-01
3.503748574240755920e-01, 1.945922639212492589e-01, 1.861896291080053500e-01, 2.688432495466697159e-01
3.503404485950466496e-01, 1.946503478511510676e-01, 1.862080112773515095e-01, 2.688011922764507178e-01
3.503060267215410972e-01, 1.947084483206147076e-01, 1.862264248496415531e-01, 2.687591001082026976e-01
3.502715917974255633e-01, 1.947665653153655974e-01, 1.862448698209493436e-01, 2.687169730662594125e-01
3.502371438165680084e-01, 1.948246988211163877e-01, 1.862633461873293428e-01, 2.686748111749862056e-01
3.502026827728380032e-01, 1.948828488235666845e-01, 1.862818539448160005e-01, 2.686326144587793396e-01
3.501682086601061727e-01, 1.949410153084034092e-01, 1.863003930894241711e-01, 2.685903829420662747e-01
3.501337214722451407e-01, 1.949991982613004105e-01, 1.863189636171490582e-01, 2.685481166493053906e-01
3.500992212031288631e-01, 1.950573976679189081e-01, 1.863375655239661033e-01, 2.685058156049860978e-01
3.500647078466328499e-01, 1.951156135139071879e-01, 1.863561988058311802e-01, 2.684634798336288930e-01
3.500301813966342768e-01, 1.951738457849006292e-01, 1.863748634586801789e-01, 2.684211093597849151e-01
3.499956418470120401e-01, 1.952320944665219826e-01, 1.863935594784296157e-01, 2.683787042080364449e-01
3.499610891916464239e-01, 1.952903595443810647e-01, 1.864122868609762174e-01, 2.683362644029963495e-01
3.499265234244198219e-01, 1.953486410040748689e-01, 1.864310456021969209e-01, 2.682937899693085271e-01
3.498919445392159044e-01, 1.954069388311876765e-01, 1.864498356979490679e-01, 2.682512809316473512e-01
3.498573525299204512e-01, 1.954652530112910847e-01, 1.864686571440702101e-01, 2.682087373147181708e-01
3.498227473904208518e-01, 1.955235835299437563e-01, 1.864875099363786093e-01, 2.681661591432566993e-01
3.497881291146064386e-01, 1.955819303726916980e-01, 1.865063940706722934e-01, 2.681235464420295700e-01
3.497534976963681541e-01, 1.956402935250681485e-01, 1.865253095427299723e-01, 2.680808992358338361e-01
3.497188531295989944e-01, 1.956986729725935792e-01, 1.865442563483105665e-01, 2.680382175494968044e-01
3.496841954081938986e-01, 1.957570687007757493e-01, 1.865632344831533729e-01, 2.679955014078768127e-01
3.496495245260496376e-01, 1.958154806951099280e-01, 1.865822439429780377e-01, 2.679527508358623411e-01
3.496148404770649254e-01, 1.958739089410782563e-01, 1.866012847234845007e-01, 2.679099658583723453e-01
3.495801432551404742e-01, 1.959323534241505793e-01, 1.866203568203530228e-01, 2.678671465003560348e-01
3.495454328541791611e-01, 1.959908141297838080e-01, 1.866394602292442417e-01, 2.678242927867928169e-01
3.495107092680856398e-01, 1.960492910434222802e-01, 1.866585949457992000e-01, 2.677814047426929078e-01
3.494759724907669507e-01, 1.961077841504977326e-01, 1.866777609656390668e-01, 2.677384823930961666e-01
3.494412225161320218e-01, 1.961662934364292177e-01, 1.866969582843657494e-01, 2.676955257630729834e-01
3.494064593380920569e-01, 1.962248188866231036e-01, 1.867161868975611150e-01, 2.676525348777237800e-01
3.493716829505602584e-01, 1.962833604864731019e-01, 1.867354468007874635e-01, 2.676095097621790653e-01
3.493368933474521598e-01, 1.963419182213604619e-01, 1.867547379895878046e-01, 2.675664504415995459e-01
3.493020905226855155e-01, 1.964004920766536932e-01, 1.867740604594851084e-01, 2.675233569411756829e-01
3.492672744701803000e-01, 1.964590820377088154e-01, 1.867934142059826941e-01, 2.674802292861282460e-01
3.492324451838587640e-01, 1.965176880898690248e-01, 1.868127992245645630e-01, 2.674370675017075927e-01
3.491976026576454895e-01, 1.965763102184654165e-01, 1.868322155106949545e-01, 2.673938716131942783e-01
3.491627468854672789e-01, 1.966349484088159572e-01, 1.868516630598183181e-01, 2.673506416458984458e-01
3.491278778612535993e-01, 1.966936026462264009e-01, 1.868711418673597302e-01, 2.673073776251602696e-01
3.490929955789360828e-01, 1.967522729159899564e-01, 1.868906519287245327e-01, 2.672640795763494559e-01
3.490581000324487482e-01, 1.968109592033873145e-01, 1.869101932392982779e-01, 2.672207475248657427e-01
3.490231912157283345e-01, 1.968696614936864264e-01, 1.869297657944472002e-01, 2.671773814961381222e-01
3.489882691227138012e-01, 1.969283797721429197e-01, 1.869493695895178276e-01, 2.671339815156254516e-01
3.489533337473467167e-01, 1.969871140240000429e-01, 1.869690046198368982e-01, 2.670905476088164532e-01
3.489183850835712031e-01, 1.970458642344881661e-01, 1.869886708807118048e-01, 2.670470798012287705e-01
3.488834231253340468e-01, 1.971046303888256412e-01, 1.870083683674302055e-01, 2.670035781184100232e-01
3.488484478665846433e-01, 1.971634124722180248e-01, 1.870280970752602190e-01, 2.669600425859371406e-01
3.488134593012746643e-01, 1.972222104698586886e-01, 1.870478569994501461e-01, 2.669164732294165288e-01
3.487784574233588897e-01, 1.972810243669282371e-01, 1.870676481352291087e-01, 2.668728700744837368e-01
3.487434422267945977e-01, 1.973398541485950619e-01, 1.870874704778062447e-01, 2.668292331468039014e-01
3.487084137055418975e-01, 1.973986998000152038e-01, 1.871073240223713186e-01, 2.667855624720714136e-01
3.486733718535634519e-01, 1.974575613063321022e-01, 1.871272087640945547e-01, 2.667418580760098634e-01
3.486383166648248655e-01, 1.975164386526769567e-01, 1.871471246981263326e-01, 2.666981199843719286e-01
3.486032481332945188e-01, 1.975753318241684486e-01, 1.871670718195977134e-01, 2.666543482229393192e-01
3.485681662529435121e-01, 1.976342408059129918e-01, 1.871870501236201079e-01, 2.666105428175233882e-01
3.485330710177459435e-01, 1.976931655830045098e-01, 1.872070596052853586e-01, 2.665667037939640771e-01
3.484979624216788530e-01, 1.977521061405249081e-01, 1.872271002596657408e-01, 2.665228311781305259e-01
3.484628404587221118e-01, 1.978110624635431303e-01, 1.872471720818138785e-01, 2.664789249959207962e-01
3.484277051228585886e-01, 1.978700345371165181e-01, 1.872672750667630504e-01, 2.664349852732619262e-01
3.483925564080739279e-01, 1.979290223462894516e-01, 1.872874092095267728e-01, 2.663910120361097644e-01
3.483573943083573266e-01, 1.979880258760945699e-01, 1.873075745050991892e-01, 2.663470053104490809e-01
3.483222188177002576e-01, 1.980470451115516894e-01, 1.873277709484545417e-01, 2.663029651222934002e-01
3.482870299300980244e-01, 1.981060800376687747e-01, 1.873479985345480603e-01, 2.662588914976851684e-01
3.482518276395484280e-01, 1.981651306394412726e-01, 1.873682572583150185e-01, 2.662147844626953086e-01
3.482166119400527116e-01, 1.982241969018524452e-01, 1.873885471146713722e-01, 2.661706440434234433e-01
3.481813828256152821e-01, 1.982832788098733146e-01, 1.874088680985133426e-01, 2.661264702659980053e-01
3.481461402902437108e-01, 1.983423763484626345e-01, 1.874292202047178890e-01, 2.660822631565757934e-01
3.481108843279485665e-01, 1.984014895025670022e-01, 1.874496034281422363e-01, 2.660380227413422505e-01
3.480756149327439708e-01, 1.984606182571205801e-01, 1.874700177636241527e-01, 2.659937490465113519e-01
3.480403320986469873e-01, 1.985197625970456792e-01, 1.874904632059817833e-01, 2.659494420983254948e-01
3.480050358196785654e-01, 1.985789225072522035e-01, 1.875109397500140662e-01, 2.659051019230553314e-01
3.479697260898622635e-01, 1.986380979726377616e-01, 1.875314473905000667e-01, 2.658607285470000470e-01
3.479344029032253038e-01, 1.986972889780881102e-01, 1.875519861221995876e-01, 2.658163219964871926e-01
3.478990662537985168e-01, 1.987564955084764884e-01, 1.875725559398527253e-01, 2.657718822978722972e-01
3.478637161356158414e-01, 1.988157175486644224e-01, 1.875931568381803138e-01, 2.657274094775394779e-01
3.478283525427148248e-01, 1.988749550835009205e-01, 1.876137888118835917e-01, 2.656829035619007184e-01
3.477929754691365116e-01, 1.989342080978230287e-01, 1.876344518556442575e-01, 2.656383645773963131e-01
3.477575849089251658e-01, 1.989934765764556357e-01, 1.876551459641244979e-01, 2.655937925504947006e-01
3.477221808561289373e-01, 1.990527605042115844e-01, 1.876758711319671813e-01, 2.655491875076921859e-01
3.476867633047995287e-01, 1.991120598658917273e-01, 1.876966273537954977e-01, 2.655045494755132185e-01
3.476513322489920288e-01, 1.991713746462845658e-01, 1.877174146242133190e-01, 2.654598784805101697e-01
3.476158876827650790e-01, 1.992307048301667771e-01, 1.877382329378050607e-01, 2.654151745492632219e-01
3.475804296001810956e-01, 1.992900504023029651e-01, 1.877590822891354039e-01, 2.653704377083805910e-01
3.475449579953064361e-01, 1.993494113474454377e-01, 1.877799626727498783e-01, 2.653256679844982480e-01
3.475094728622106777e-01, 1.994087876503349288e-01, 1.878008740831744183e-01, 2.652808654042799197e-01
3.474739741949675054e-01, 1.994681792956997379e-01, 1.878218165149156127e-01, 2.652360299944170330e-01
3.474384619876542124e-01, 1.995275862682563961e-01, 1.878427899624604269e-01, 2.651911617816289368e-01
3.474029362343518113e-01, 1.995870085527094440e-01, 1.878637944202764809e-01, 2.651462607926621806e-01
3.473673969291453667e-01, 1.996464461337512930e-01, 1.878848298828119656e-01, 2.651013270542913469e-01
3.473318440661234963e-01, 1.997058989960625863e-01, 1.879058963444956432e-01, 2.650563605933183298e-01
3.472962776393789253e-01, 1.997653671243116991e-01, 1.879269937997367912e-01, 2.650113614365726677e-01
3.472606976430080983e-01, 1.998248505031553768e-01, 1.879481222429252307e-01, 2.649663296109112109e-01
3.472251040711116232e-01, 1.998843491172383746e-01, 1.879692816684314371e-01, 2.649212651432183985e-01
3.471894969177940493e-01, 1.999438629511934851e-01, 1.879904720706065124e-01, 2.648761680604058699e-01
3.471538761771635895e-01, 2.000033919896415380e-01, 1.880116934437820464e-01, 2.648310383894128539e-01
3.471182418433327865e-01, 2.000629362171914838e-01, 1.880329457822702555e-01, 2.647858761572054465e-01
3.470825939104181801e-01, 2.001224956184405324e-01, 1.880542290803638439e-01, 2.647406813907773881e-01
3.470469323725402511e-01, 2.001820701779737921e-01, 1.880755433323363646e-01, 2.646954541171493980e-01
3.470112572238238657e-01, 2.002416598803648251e-01, 1.880968885324418305e-01, 2.646501943633695619e-01
3.469755684583977207e-01, 2.003012647101749533e-01, 1.881182646749146870e-01, 2.646049021565126114e-01
3.469398660703948423e-01, 2.003608846519540909e-01, 1.881396717539703389e-01, 2.645595775236808112e-01
3.469041500539523648e-01, 2.004205196902399677e-01, 1.881611097638045682e-01, 2.645142204920031270e-01
3.468684204032116969e-01, 2.004801698095586837e-01, 1.881825786985938664e-01, 2.644688310886357807e-01
3.468326771123185770e-01, 2.005398349944245706e-01, 1.882040785524953797e-01, 2.644234093407616393e-01
3.467969201754227959e-01, 2.005995152293400530e-01, 1.882256093196467139e-01, 2.643779552755905482e-01
3.467611495866785853e-01, 2.006592104987958980e-01, 1.882471709941663518e-01, 2.643324689203592204e-01
3.467253653402445623e-01, 2.007189207872711045e-01, 1.882687635701532636e-01, 2.642869503023311251e-01
3.466895674302836183e-01, 2.007786460792328753e-01, 1.882903870416871017e-01, 2.642413994487964324e-01
3.466537558509631411e-01, 2.008383863591366725e-01, 1.883120414028282008e-01, 2.641958163870719578e-01
3.466179305964547930e-01, 2.008981416114262730e-01, 1.883337266476175498e-01, 2.641502011445013842e-01
3.465820916609347324e-01, 2.009579118205337411e-01, 1.883554427700767642e-01, 2.641045537484548733e-01
3.465462390385835589e-01, 2.010176969708794004e-01, 1.883771897642080584e-01, 2.640588742263290101e-01
3.465103727235865350e-01, 2.010774970468720280e-01, 1.883989676239946065e-01, 2.640131626055469694e-01
3.464744927101331418e-01, 2.011373120329085495e-01, 1.884207763433996818e-01, 2.639674189135584603e-01
3.464385989924178566e-01, 2.011971419133743721e-01, 1.884426159163680170e-01, 2.639216431778396710e-01
3.464026915646394866e-01, 2.012569866726431622e-01, 1.884644863368244161e-01, 2.638758354258929906e-01
3.463667704210013354e-01, 2.013168462950769844e-01, 1.884863875986745874e-01, 2.638299956852471206e-01
3.463308355557115359e-01, 2.013767207650263014e-01, 1.885083196958050045e-01, 2.637841239834572415e-01
3.462948869629828841e-01, 2.014366100668300297e-01, 1.885302826220826011e-01, 2.637382203481045684e-01
3.462589246370327278e-01, 2.014965141848152896e-01, 1.885522763713552707e-01, 2.636922848067966285e-01
3.462229485720835220e-01, 2.015564331032978496e-01, 1.885743009374516443e-01, 2.636463173871670396e-01
3.461869587623618849e-01, 2.016163668065817927e-01, 1.885963563141808130e-01, 2.636003181168755094e-01
3.461509552020998193e-01, 2.016763152789596281e-01, 1.886184424953327998e-01, 2.635542870236077806e-01
3.461149378855336023e-01, 2.017362785047124296e-01, 1.886405594746782821e-01, 2.635082241350757415e-01
3.460789068069047847e-01, 2.017962564681095861e-01, 1.886627072459686194e-01, 2.634621294790169821e-01
3.460428619604596356e-01, 2.018562491534090786e-01, 1.886848858029359921e-01, 2.634160030831952937e-01
3.460068033404491983e-01, 2.019162565448573976e-01, 1.887070951392934015e-01, 2.633698449754000581e-01
3.459707309411296228e-01, 2.019762786266894317e-01, 1.887293352487342812e-01, 2.633236551834466921e-01
3.459346447567618887e-01, 2.020363153831286618e-01, 1.887516061249331911e-01, 2.632774337351761473e-01
3.458985447816120828e-01, 2.020963667983872447e-01, 1.887739077615452343e-01, 2.632311806584555769e-01
3.458624310099511212e-01, 2.021564328566655133e-01, 1.887962401522063349e-01, 2.631848959811770583e-01
3.458263034360551380e-01, 2.022165135421526705e-01, 1.888186032905332656e-01, 2.631385797312590369e-01
3.457901620542051524e-01, 2.022766088390264561e-01, 1.888409971701233148e-01, 2.630922319366450490e-01
3.457540068586874571e-01, 2.023367187314531745e-01, 1.888634217845548691e-01, 2.630458526253044993e-01
3.457178378437932853e-01, 2.023968432035875564e-01, 1.888858771273869697e-01, 2.629994418252320498e-01
3.456816550038193658e-01, 2.024569822395732299e-01, 1.889083631921593676e-01, 2.629529995644480089e-01
3.456454583330670349e-01, 2.025171358235422769e-01, 1.889308799723926624e-01, 2.629065258709979425e-01
3.456092478258434020e-01, 2.025773039396153996e-01, 1.889534274615884690e-01, 2.628600207729528404e-01
3.455730234764603503e-01, 2.026374865719020035e-01, 1.889760056532287513e-01, 2.628134842984088393e-01
3.455367852792353145e-01, 2.026976837045002255e-01, 1.889986145407767937e-01, 2.627669164754876108e-01
3.455005332284910025e-01, 2.027578953214967672e-01, 1.890212541176763406e-01, 2.627203173323358620e-01
3.454642673185552848e-01, 2.028181214069670335e-01, 1.890439243773521238e-01, 2.626736868971255023e-01
3.454279875437615277e-01, 2.028783619449752162e-01, 1.890666253132097241e-01, 2.626270251980535875e-01
3.453916938984483154e-01, 2.029386169195740719e-01, 1.890893569186353762e-01, 2.625803322633421533e-01
3.453553863769597831e-01, 2.029988863148054212e-01, 1.891121191869964135e-01, 2.625336081212384376e-01
3.453190649736453954e-01, 2.030591701146993722e-01, 1.891349121116407961e-01, 2.624868528000144363e-01
3.452827296828601122e-01, 2.031194683032750137e-01, 1.891577356858974712e-01, 2.624400663279673473e-01
3.452463804989643892e-01, 2.031797808645403880e-01, 1.891805899030762350e-01, 2.623932487334189601e-01
3.452100174163239554e-01, 2.032401077824920466e-01, 1.892034747564677322e-01, 2.623464000447161548e-01
3.451736404293107019e-01, 2.033004490411153831e-01, 1.892263902393434838e-01, 2.622995202902305700e-01
3.451372495323012934e-01, 2.033608046243846612e-01, 1.892493363449557764e-01, 2.622526094983582690e-01
3.451008447196784457e-01, 2.034211745162630425e-01, 1.892723130665379672e-01, 2.622056676975205169e-01
3.450644259858305918e-01, 2.034815587007023641e-01, 1.892953203973041787e-01, 2.621586949161629487e-01
3.450279933251513276e-01, 2.035419571616434165e-01, 1.893183583304495488e-01, 2.621116911827557350e-01
3.449915467320404661e-01, 2.036023698830158879e-01, 1.893414268591499805e-01, 2.620646565257937488e-01
3.449550862009032048e-01, 2.036627968487381424e-01, 1.893645259765622257e-01, 2.620175909737963438e-01
3.449186117261505147e-01, 2.037232380427177747e-01, 1.893876556758243290e-01, 2.619704945553074094e-01
3.448821233021991950e-01, 2.037836934488508889e-01, 1.894108159500547117e-01, 2.619233672988950379e-01
3.448456209234718739e-01, 2.038441630510229585e-01, 1.894340067923531989e-01, 2.618762092331519131e-01
3.448091045843966751e-01, 2.039046468331079387e-01, 1.894572281958003257e-01, 2.618290203866949217e-01
3.447725742794080506e-01, 2.039651447789690430e-01, 1.894804801534575867e-01, 2.617818007881653752e-01
3.447360300029458924e-01, 2.040256568724582442e-01, 1.895037626583673251e-01, 2.617345504662284550e-01
3.446994717494562543e-01, 2.040861830974166624e-01, 1.895270757035530385e-01, 2.616872694495739893e-01
3.446628995133909079e-01, 2.041467234376743434e-01, 1.895504192820191003e-01, 2.616399577669155097e-01
3.446263132892078418e-01, 2.042072778770502861e-01, 1.895737933867507607e-01, 2.615926154469911391e-01
3.445897130713707623e-01, 2.042678463993524707e-01, 1.895971980107143129e-01, 2.615452425185624818e-01
3.445530988543494821e-01, 2.043284289883780802e-01, 1.896206331468570649e-01, 2.614978390104154560e-01
3.445164706326198090e-01, 2.043890256279130846e-01, 1.896440987881071738e-01, 2.614504049513599604e-01
3.444798284006635458e-01, 2.044496363017328233e-01, 1.896675949273740336e-01, 2.614029403702294863e-01
3.444431721529689905e-01, 2.045102609936013949e-01, 1.896911215575477205e-01, 2.613554452958818386e-01
3.444065018840299919e-01, 2.045708996872722674e-01, 1.897146786714996036e-01, 2.613079197571981371e-01
3.443698175883468382e-01, 2.046315523664877511e-01, 1.897382662620817895e-01, 2.612603637830836489e-01
3.443331192604258684e-01, 2.046922190149794152e-01, 1.897618843221276497e-01, 2.612127774024670668e-01
3.442964068947796941e-01, 2.047528996164679205e-01, 1.897855328444513767e-01, 2.611651606443009532e-01
3.442596804859272552e-01, 2.048135941546629923e-01, 1.898092118218483171e-01, 2.611175135375614076e-01
3.442229400283934315e-01, 2.048743026132637257e-01, 1.898329212470948602e-01, 2.610698361112478993e-01
3.441861855167097639e-01, 2.049350249759581966e-01, 1.898566611129482995e-01, 2.610221283943838788e-01
3.441494169454137331e-01, 2.049957612264236284e-01, 1.898804314121471104e-01, 2.609743904160156669e-01
3.441126343090492590e-01, 2.050565113483265034e-01, 1.899042321374107556e-01, 2.609266222052134543e-01
3.440758376021667564e-01, 2.051172753253226455e-01, 1.899280632814398240e-01, 2.608788237910706909e-01
3.440390268193229684e-01, 2.051780531410569430e-01, 1.899519248369158919e-01, 2.608309952027041967e-01
3.440022019550809662e-01, 2.052388447791635984e-01, 1.899758167965016897e-01, 2.607831364692538290e-01
3.439653630040103161e-01, 2.052996502232658782e-01, 1.899997391528408797e-01, 2.607352476198829816e-01
3.439285099606870233e-01, 2.053604694569766131e-01, 1.900236918985584444e-01, 2.606873286837780856e-01
3.438916428196935882e-01, 2.054213024638977259e-01, 1.900476750262601877e-01, 2.606393796901486093e-01
3.438547615756190057e-01, 2.054821492276204253e-01, 1.900716885285333446e-01, 2.605914006682272799e-01
3.438178662230588212e-01, 2.055430097317253735e-01, 1.900957323979459435e-01, 2.605433916472699174e-01
3.437809567566152968e-01, 2.056038839597823242e-01, 1.901198066270473330e-01, 2.604953526565550459e-01
3.437440331708970787e-01, 2.056647718953506510e-01, 1.901439112083678773e-01, 2.604472837253844486e-01
3.437070954605196405e-01, 2.057256735219788746e-01, 1.901680461344191220e-01, 2.603991848830825573e-01
3.436701436201047843e-01, 2.057865888232048579e-01, 1.901922113976936557e-01, 2.603510561589967298e-01
3.436331776442813069e-01, 2.058475177825559721e-01, 1.902164069906653598e-01, 2.603028975824972502e-01
3.435961975276848324e-01, 2.059084603835490690e-01, 1.902406329057891865e-01, 2.602547091829770509e-01
3.435592032649571470e-01, 2.059694166096900925e-01, 1.902648891355012140e-01, 2.602064909898516576e-01
3.435221948507471978e-01, 2.060303864444745503e-01, 1.902891756722187577e-01, 2.601582430325595219e-01
3.434851722797108153e-01, 2.060913698713875974e-01, 1.903134925083402318e-01, 2.601099653405614109e-01
3.434481355465103802e-01, 2.061523668739035087e-01, 1.903378396362452873e-01, 2.600616579433407960e-01
3.434110846458152677e-01, 2.062133774354863447e-01, 1.903622170482946740e-01, 2.600133208704036303e-01
3.433740195723017363e-01, 2.062744015395893971e-01, 1.903866247368305176e-01, 2.599649541512785156e-01
3.433369403206525394e-01, 2.063354391696554657e-01, 1.904110626941759032e-01, 2.599165578155161471e-01
3.432998468855580909e-01, 2.063964903091169978e-01, 1.904355309126352647e-01, 2.598681318926896466e-01
3.432627392617150774e-01, 2.064575549413958933e-01, 1.904600293844942727e-01, 2.598196764123947289e-01
3.432256174438274576e-01, 2.065186330499036993e-01, 1.904845581020197520e-01, 2.597711914042492021e-01
3.431884814266061845e-01, 2.065797246180411384e-01, 1.905091170574596815e-01, 2.597226768978928568e-01
3.431513312047691500e-01, 2.066408296291990521e-01, 1.905337062430435269e-01, 2.596741329229882433e-01
3.431141667730412959e-01, 2.067019480667574849e-01, 1.905583256509817414e-01, 2.596255595092194501e-01
3.430769881261548915e-01, 2.067630799140861564e-01, 1.905829752734660987e-01, 2.595769566862929367e-01
3.430397952588488675e-01, 2.068242251545444332e-01, 1.906076551026697485e-01, 2.595283244839370895e-01
3.430025881658695375e-01, 2.068853837714811905e-01, 1.906323651307469946e-01, 2.594796629319023329e-01
3.429653668419704315e-01, 2.069465557482351725e-01, 1.906571053498333224e-01, 2.594309720599610181e-01
3.429281312819121852e-01, 2.070077410681346597e-01, 1.906818757520457042e-01, 2.593822518979073677e-01
3.428908814804625393e-01, 2.070689397144975796e-01, 1.907066763294823775e-01, 2.593335024755575868e-01
3.428536174323966734e-01, 2.071301516706314239e-01, 1.907315070742226226e-01, 2.592847238227492523e-01
3.428163391324970388e-01, 2.071913769198336641e-01, 1.907563679783272903e-01, 2.592359159693420900e-01
3.427790465755529148e-01, 2.072526154453912250e-01, 1.907812590338384684e-01, 2.591870789452174195e-01
3.427417397563614632e-01, 2.073138672305809838e-01, 1.908061802327795375e-01, 2.591382127802780433e-01
3.427044186697268402e-01, 2.073751322586693535e-01, 1.908311315671551434e-01, 2.590893175044486352e-01
3.426670833104609182e-01, 2.074364105129126445e-01, 1.908561130289514463e-01, 2.590403931476750743e-01
3.426297336733823973e-01, 2.074977019765568420e-01, 1.908811246101357606e-01, 2.589914397399250001e-01
3.425923697533180268e-01, 2.075590066328378558e-01, 1.909061663026567213e-01, 2.589424573111874794e-01
3.425549915451014948e-01, 2.076203244649812429e-01, 1.909312380984445889e-01, 2.588934458914727288e-01
3.425175990435742057e-01, 2.076816554562024852e-01, 1.909563399894107505e-01, 2.588444055108125585e-01
3.424801922435850576e-01, 2.077429995897068504e-01, 1.909814719674479688e-01, 2.587953361992600954e-01
3.424427711399904428e-01, 2.078043568486894477e-01, 1.910066340244306049e-01, 2.587462379868895601e-01
3.424053357276541920e-01, 2.078657272163352832e-01, 1.910318261522140348e-01, 2.586971109037964345e-01
3.423678860014479075e-01, 2.079271106758192045e-01, 1.910570483426353716e-01, 2.586479549800974609e-01
3.423304219562506301e-01, 2.079885072103059840e-01, 1.910823005875129099e-01, 2.585987702459303650e-01
3.422929435869491166e-01, 2.080499168029502910e-01, 1.911075828786465980e-01, 2.585495567314539667e-01
3.422554508884376179e-01, 2.081113394368967195e-01, 1.911328952078175658e-01, 2.585003144668480690e-01
3.422179438556183229e-01, 2.081727750952797606e-01, 1.911582375667883749e-01, 2.584510434823135139e-01
3.421804224834010255e-01, 2.082342237612238578e-01, 1.911836099473031847e-01, 2.584017438080720153e-01
3.421428867667030693e-01, 2.082956854178434902e-01, 1.912090123410873643e-01, 2.583524154743659929e-01
3.421053367004497359e-01, 2.083571600482431729e-01, 1.912344447398481861e-01, 2.583030585114589606e-01
3.420677722795740783e-01, 2.084186476355171236e-01, 1.912599071352737989e-01, 2.582536729496351380e-01
3.420301934990168102e-01, 2.084801481627499009e-01, 1.912853995190340883e-01, 2.582042588191991173e-01
3.419926003537266945e-01, 2.085416616130160161e-01, 1.913109218827804825e-01, 2.581548161504766403e-01
3.419549928386603210e-01, 2.086031879693798219e-01, 1.913364742181458966e-01, 2.581053449738138772e-01
3.419173709487818846e-01, 2.086647272148960397e-01, 1.913620565167445109e-01, 2.580558453195774260e-01
3.418797346790638514e-01, 2.087262793326093158e-01, 1.913876687701723256e-01, 2.580063172181545350e-01
3.418420840244862924e-01, 2.087878443055541933e-01, 1.914133109700065227e-01, 2.579567606999529361e-01
3.418044189800374943e-01, 2.088494221167556675e-01, 1.914389831078060211e-01, 2.579071757954007893e-01
3.417667395407136266e-01, 2.089110127492286029e-01, 1.914646851751111989e-01, 2.578575625349465716e-01
3.417290457015189631e-01, 2.089726161859781772e-01, 1.914904171634439489e-01, 2.578079209490590773e-01
3.416913374574654383e-01, 2.090342324099994653e-01, 1.915161790643076234e-01, 2.577582510682274175e-01
3.416536148035737575e-01, 2.090958614042779662e-01, 1.915419708691873391e-01, 2.577085529229609095e-01
3.416158777348720088e-01, 2.091575031517892980e-01, 1.915677925695495054e-01, 2.576588265437891323e-01
3.415781262463967183e-01, 2.092191576354991978e-01, 1.915936441568424076e-01, 2.576090719612617042e-01
3.415403603331925719e-01, 2.092808248383636049e-01, 1.916195256224955679e-01, 2.575592892059482830e-01
3.415025799903124160e-01, 2.093425047433287445e-01, 1.916454369579202177e-01, 2.575094783084385663e-01
3.414647852128169792e-01, 2.094041973333312101e-01, 1.916713781545093809e-01, 2.574596392993424021e-01
3.414269759957757611e-01, 2.094659025912974926e-01, 1.916973492036374016e-01, 2.574097722092894558e-01
3.413891523342658108e-01, 2.095276205001447289e-01, 1.917233500966602222e-01, 2.573598770689291548e-01
3.413513142233732256e-01, 2.095893510427802586e-01, 1.917493808249157161e-01, 2.573099539089309662e-01
3.413134616581915970e-01, 2.096510942021013180e-01, 1.917754413797230773e-01, 2.572600027599839523e-01
3.412755946338235646e-01, 2.097128499609962060e-01, 1.918015317523831254e-01, 2.572100236527970485e-01
3.412377131453795953e-01, 2.097746183023429800e-01, 1.918276519341785835e-01, 2.571600166180989522e-01
3.411998171879785380e-01, 2.098363992090102881e-01, 1.918538019163734676e-01, 2.571099816866376231e-01
3.411619067567480124e-01, 2.098981926638569528e-01, 1.918799816902138633e-01, 2.570599188891811160e-01
3.411239818468237428e-01, 2.099599986497323600e-01, 1.919061912469271491e-01, 2.570098282565166925e-01
3.410860424533499469e-01, 2.100218171494764030e-01, 1.919324305777225514e-01, 2.569597098194510432e-01
3.410480885714793908e-01, 2.100836481459190108e-01, 1.919586996737909224e-01, 2.569095636088106760e-01
3.410101201963731676e-01, 2.101454916218808422e-01, 1.919849985263049619e-01, 2.568593896554410283e-01
3.409721373232009745e-01, 2.102073475601729247e-01, 1.920113271264187738e-01, 2.568091879902072994e-01
3.409341399471412237e-01, 2.102692159435966546e-01, 1.920376854652684484e-01, 2.567589586439936178e-01
3.408961280633805990e-01, 2.103310967549441579e-01, 1.920640735339717020e-01, 2.567087016477035410e-01
3.408581016671144992e-01, 2.103929899769976519e-01, 1.920904913236278766e-01, 2.566584170322599445e-01
3.408200607535469828e-01, 2.104548955925303333e-01, 1.921169388253182175e-01, 2.566081048286046329e-01
3.407820053178907127e-01, 2.105168135843054067e-01, 1.921434160301054850e-01, 2.565577650676983401e-01
3.407439353553668449e-01, 2.105787439350771950e-01, 1.921699229290345090e-01, 2.565073977805214511e-01
3.407058508612056391e-01, 2.106406866275900014e-01, 1.921964595131316067e-01, 2.564570029980727250e-01
3.406677518306457375e-01, 2.107026416445790529e-01, 1.922230257734050540e-01, 2.564065807513701833e-01
3.406296382589343863e-01, 2.107646089687701674e-01, 1.922496217008447250e-01, 2.563561310714506658e-01
3.405915101413281021e-01, 2.108265885828795039e-01, 1.922762472864224526e-01, 2.563056539893699970e-01
3.405533674730916727e-01, 2.108885804696141730e-01, 1.923029025210916676e-01, 2.562551495362023757e-01
3.405152102494990451e-01, 2.109505846116717931e-01, 1.923295873957878988e-01, 2.562046177430413740e-01
3.404770384658329374e-01, 2.110126009917402956e-01, 1.923563019014282172e-01, 2.561540586409986608e-01
3.404388521173846160e-01, 2.110746295924988414e-01, 1.923830460289115973e-01, 2.561034722612049452e-01
3.404006511994546735e-01, 2.111366703966169600e-01, 1.924098197691189727e-01, 2.560528586348094771e-01
3.403624357073523621e-01, 2.111987233867548275e-01, 1.924366231129129301e-01, 2.560022177929799359e-01
3.403242056363959267e-01, 2.112607885455636270e-01, 1.924634560511379322e-01, 2.559515497669024309e-01
3.402859609819126052e-01, 2.113228658556849104e-01, 1.924903185746205392e-01, 2.559008545877819452e-01
3.402477017392386283e-01, 2.113849552997511261e-01, 1.925172106741689371e-01, 2.558501322868412253e-01
3.402094279037191082e-01, 2.114470568603856737e-01, 1.925441323405732708e-01, 2.557993828953220028e-01
3.401711394707082614e-01, 2.115091705202024053e-01, 1.925710835646054220e-01, 2.557486064444838836e-01
3.401328364355694633e-01, 2.115712962618061799e-01, 1.925980643370194534e-01, 2.556978029656048479e-01
3.400945187936750269e-01, 2.116334340677925863e-01, 1.926250746485511645e-01, 2.556469724899812501e-01
3.400561865404064243e-01, 2.116955839207480816e-01, 1.926521144899182858e-01, 2.555961150489272082e-01
3.400178396711541207e-01, 2.117577458032499915e-01, 1.926791838518205069e-01, 2.555452306737753809e-01
3.399794781813180178e-01, 2.118199196978663434e-01, 1.927062827249393095e-01, 2.554943193958761904e-01
3.399411020663071770e-01, 2.118821055871561720e-01, 1.927334110999384120e-01, 2.554433812465981557e-01
3.399027113215395413e-01, 2.119443034536694914e-01, 1.927605689674632139e-01, 2.553924162573277812e-01
3.398643059424424351e-01, 2.120065132799469620e-01, 1.927877563181412124e-01, 2.553414244594693905e-01
3.398258859244525643e-01, 2.120687350485204459e-01, 1.928149731425816971e-01, 2.552904058844452373e-01
3.397874512630159050e-01, 2.121309687419124790e-01, 1.928422194313763327e-01, 2.552393605636953944e-01
3.397490019535873151e-01, 2.121932143426368544e-01, 1.928694951750982156e-01, 2.551882885286775315e-01
3.397105379916315893e-01, 2.122554718331980117e-01, 1.928968003643030393e-01, 2.551371898108673042e-01
3.396720593726225701e-01, 2.123177411960916472e-01, 1.929241349895280400e-01, 2.550860644417577983e-01
3.396335660920432598e-01, 2.123800224138042703e-01, 1.929514990412926068e-01, 2.550349124528597522e-01
3.395950581453865968e-01, 2.124423154688135917e-01, 1.929788925100983654e-01, 2.549837338757015015e-01
3.395565355281542907e-01, 2.125046203435881076e-01, 1.930063153864286507e-01, 2.549325287418288122e-01
3.395179982358580428e-01, 2.125669370205878206e-01, 1.930337676607491726e-01, 2.548812970828051583e-01
3.394794462640184363e-01, 2.126292654822631301e-01, 1.930612493235072946e-01, 2.548300389302110003e-01
3.394408796081664348e-01, 2.126916057110561364e-01, 1.930887603651329776e-01, 2.547787543156444512e-01
3.394022982638416619e-01, 2.127539576893997531e-01, 1.931163007760376416e-01, 2.547274432707209435e-01
3.393637022265936221e-01, 2.128163213997180392e-01, 1.931438705466154426e-01, 2.546761058270730071e-01
3.393250914919813122e-01, 2.128786968244262279e-01, 1.931714696672420239e-01, 2.546247420163504915e-01
3.392864660555733880e-01, 2.129410839459307259e-01, 1.931990981282755426e-01, 2.545733518702203435e-01
3.392478259129481089e-01, 2.130034827466290026e-01, 1.932267559200561702e-01, 2.545219354203666629e-01
3.392091710596933929e-01, 2.130658932089098123e-01, 1.932544430329060925e-01, 2.544704926984907023e-01
3.391705014914066507e-01, 2.131283153151531107e-01, 1.932821594571297874e-01, 2.544190237363104234e-01
3.391318172036951184e-01, 2.131907490477299438e-01, 1.933099051830138027e-01, 2.543675285655611074e-01
3.390931181921757465e-01, 2.132531943890028092e-01, 1.933376802008267836e-01, 2.543160072179946884e-01
3.390544044524750333e-01, 2.133156513213253225e-01, 1.933654845008196677e-01, 2.542644597253800320e-01
3.390156759802294695e-01, 2.133781198270422730e-01, 1.933933180732254342e-01, 2.542128861195028233e-01
3.389769327710850932e-01, 2.134405998884899014e-01, 1.934211809082593270e-01, 2.541612864321656229e-01
3.389381748206979905e-01, 2.135030914879958164e-01, 1.934490729961187705e-01, 2.541096606951873671e-01
3.388994021247337951e-01, 2.135655946078786338e-01, 1.934769943269833981e-01, 2.540580089404041453e-01
3.388606146788681328e-01, 2.136281092304486151e-01, 1.935049448910150238e-01, 2.540063311996682005e-01
3.388218124787865659e-01, 2.136906353380071399e-01, 1.935329246783577817e-01, 2.539546275048485402e-01
3.387829955201843712e-01, 2.137531729128471225e-01, 1.935609336791379309e-01, 2.539028978878306586e-01
3.387441637987667620e-01, 2.138157219372527340e-01, 1.935889718834639395e-01, 2.538511423805165923e-01
3.387053173102489989e-01, 2.138782823934997357e-01, 1.936170392814266505e-01, 2.537993610148245316e-01
3.386664560503563348e-01, 2.139408542638550903e-01, 1.936451358630991160e-01, 2.537475538226894867e-01
3.386275800148237369e-01, 2.140034375305773506e-01, 1.936732616185367073e-01, 2.536957208360621219e-01
3.385886891993965531e-01, 2.140660321759164375e-01, 1.937014165377770325e-01, 2.536438620869100324e-01
3.385497835998297900e-01, 2.141286381821137230e-01, 1.937296006108399360e-01, 2.535919776072165788e-01
3.385108632118888905e-01, 2.141912555314021138e-01, 1.937578138277276651e-01, 2.535400674289813860e-01
3.384719280313489564e-01, 2.142538842060060233e-01, 1.937860561784248148e-01, 2.534881315842203997e-01
3.384329780539954147e-01, 2.143165241881413441e-01, 1.938143276528981329e-01, 2.534361701049652194e-01
3.383940132756238506e-01, 2.143791754600155308e-01, 1.938426282410968260e-01, 2.533841830232637649e-01
3.383550336920399526e-01, 2.144418380038276839e-01, 1.938709579329525312e-01, 2.533321703711799433e-01
3.383160392990595677e-01, 2.145045118017681884e-01, 1.938993167183789557e-01, 2.532801321807933159e-01
3.382770300925084794e-01, 2.145671968360193804e-01, 1.939277045872725702e-01, 2.532280684841995422e-01
3.382380060682232958e-01, 2.146298930887549361e-01, 1.939561215295118324e-01, 2.531759793135098802e-01
3.381989672220502841e-01, 2.146926005421401495e-01, 1.939845675349579635e-01, 2.531238647008516307e-01
3.381599135498461473e-01, 2.147553191783321824e-01, 1.940130425934541436e-01, 2.530717246783675822e-01
3.381208450474779692e-01, 2.148180489794796477e-01, 1.940415466948262058e-01, 2.530195592782160663e-01
3.380817617108229922e-01, 2.148807899277228040e-01, 1.940700798288826356e-01, 2.529673685325714572e-01
3.380426635357688947e-01, 2.149435420051938883e-01, 1.940986419854139333e-01, 2.529151524736231726e-01
3.380035505182136246e-01, 2.150063051940165060e-01, 1.941272331541932239e-01, 2.528629111335766178e-01
3.379644226540656216e-01, 2.150690794763061020e-01, 1.941558533249760632e-01, 2.528106445446523520e-01
3.379252799392434836e-01, 2.151318648341698503e-01, 1.941845024875004655e-01, 2.527583527390862561e-01
3.378861223696765226e-01, 2.151946612497067091e-01, 1.942131806314869313e-01, 2.527060357491299758e-01
3.378469499413042088e-01, 2.152574687050074209e-01, 1.942418877466383365e-01, 2.526536936070500339e-01
3.378077626500766706e-01, 2.153202871821544850e-01, 1.942706238226403759e-01, 2.526013263451285518e-01
3.377685604919544171e-01, 2.153831166632222127e-01, 1.942993888491607868e-01, 2.525489339956625834e-01
3.377293434629086710e-01, 2.154459571302767829e-01, 1.943281828158501812e-01, 2.524965165909645037e-01
3.376901115589207580e-01, 2.155088085653761865e-01, 1.943570057123413797e-01, 2.524440741633618424e-01
3.376508647759829396e-01, 2.155716709505701989e-01, 1.943858575282501333e-01, 2.523916067451969503e-01
3.376116031100978576e-01, 2.156345442679005187e-01, 1.944147382531742629e-01, 2.523391143688272775e-01
3.375723265572788123e-01, 2.156974284994008784e-01, 1.944436478766947141e-01, 2.522865970666255953e-01
3.375330351135498175e-01, 2.157603236270966562e-01, 1.944725863883744466e-01, 2.522340548709790520e-01
3.374937287749453785e-01, 2.158232296330054312e-01, 1.945015537777593229e-01, 2.521814878142899508e-01
3.374544075375105479e-01, 2.158861464991365664e-01, 1.945305500343776084e-01, 2.521288959289751941e-01
3.374150713973014803e-01, 2.159490742074913483e-01, 1.945595751477404434e-01, 2.520762792474667835e-01
3.373757203503846558e-01, 2.160120127400629864e-01, 1.945886291073412044e-01, 2.520236378022109314e-01
3.373363543928374342e-01, 2.160749620788370851e-01, 1.946177119026561986e-01, 2.519709716256691712e-01
3.372969735207478892e-01, 2.161379222057908667e-01, 1.946468235231441912e-01, 2.519182807503170252e-01
3.372575777302148081e-01, 2.162008931028937264e-01, 1.946759639582466561e-01, 2.518655652086447816e-01
3.372181670173479140e-01, 2.162638747521070104e-01, 1.947051331973877197e-01, 2.518128250331573836e-01
3.371787413782676435e-01, 2.163268671353841266e-01, 1.947343312299740781e-01, 2.517600602563739853e-01
3.371393008091054244e-01, 2.163898702346708502e-01, 1.947635580453953297e-01, 2.517072709108283401e-01
3.370998453060032318e-01, 2.164528840319047964e-01, 1.947928136330235593e-01, 2.516544570290685789e-01
3.370603748651140874e-01, 2.165159085090156144e-01, 1.948220979822134491e-01, 2.516016186436568769e-01
3.370208894826021706e-01, 2.165789436479252650e-01, 1.948514110823027501e-01, 2.515487557871698976e-01
3.369813891546421525e-01, 2.166419894305479099e-01, 1.948807529226115609e-01, 2.514958684921984600e-01
3.369418738774199729e-01, 2.167050458387897449e-01, 1.949101234924428550e-01, 2.514429567913475383e-01
3.369023436471322297e-01, 2.167681128545491387e-01, 1.949395227810824527e-01, 2.513900207172361512e-01
3.368627984599869007e-01, 2.168311904597168271e-01, 1.949689507777988551e-01, 2.513370603024973615e-01
3.368232383122027329e-01, 2.168942786361756081e-01, 1.949984074718432159e-01, 2.512840755797784431e-01
3.367836632000094643e-01, 2.169573773658005633e-01, 1.950278928524495636e-01, 2.512310665817403810e-01
3.367440731196481019e-01, 2.170204866304590030e-01, 1.950574069088347184e-01, 2.511780333410581489e-01
3.367044680673705326e-01, 2.170836064120105491e-01, 1.950869496301983474e-01, 2.511249758904205986e-01
3.366648480394397458e-01, 2.171467366923072462e-01, 1.951165210057226873e-01, 2.510718942625302375e-01
3.366252130321301106e-01, 2.172098774531931731e-01, 1.951461210245730715e-01, 2.510187884901036726e-01
3.365855630417266542e-01, 2.172730286765050256e-01, 1.951757496758974586e-01, 2.509656586058708339e-01
3.365458980645260612e-01, 2.173361903440715059e-01, 1.952054069488268206e-01, 2.509125046425754735e-01
3.365062180968359518e-01, 2.173993624377140443e-01, 1.952350928324748658e-01, 2.508593266329750548e-01
3.364665231349752705e-01, 2.174625449392462162e-01, 1.952648073159382047e-01, 2.508061246098403085e-01
3.364268131752738422e-01, 2.175257378304740197e-01, 1.952945503882962952e-01, 2.507528986059556764e-01
3.363870882140734264e-01, 2.175889410931959311e-01, 1.953243220386114976e-01, 2.506996486541190894e-01
3.363473482477262189e-01, 2.176521547092028497e-01, 1.953541222559291302e-01, 2.506463747871417458e-01
3.363075932725964057e-01, 2.177153786602780694e-01, 1.953839510292773862e-01, 2.505930770378482220e-01
3.362678232850588866e-01, 2.177786129281973349e-01, 1.954138083476671950e-01, 2.505397554390763615e-01
3.362280382815005519e-01, 2.178418574947291186e-01, 1.954436942000927768e-01, 2.504864100236774416e-01
3.361882382583190609e-01, 2.179051123416341218e-01, 1.954736085755309494e-01, 2.504330408245157846e-01
3.361484232119239524e-01, 2.179683774506655236e-01, 1.955035514629416549e-01, 2.503796478744688692e-01
3.361085931387355896e-01, 2.180316528035693424e-01, 1.955335228512678769e-01, 2.503262312064272743e-01
3.360687480351862155e-01, 2.180949383820838527e-01, 1.955635227294353351e-01, 2.502727908532946244e-01
3.360288878977193416e-01, 2.181582341679400849e-01, 1.955935510863530125e-01, 2.502193268479876442e-01
3.359890127227897483e-01, 2.182215401428616863e-01, 1.956236079109126835e-01, 2.501658392234358264e-01
3.359491225068642617e-01, 2.182848562885647270e-01, 1.956536931919892475e-01, 2.501123280125818749e-01
3.359092172464205883e-01, 2.183481825867579496e-01, 1.956838069184405338e-01, 2.500587932483808173e-01
3.358692969379482585e-01, 2.184115190191430744e-01, 1.957139490791075520e-01, 2.500052349638011151e-01
3.358293615779482932e-01, 2.184748655674139395e-01, 1.957441196628141311e-01, 2.499516531918234974e-01
3.357894111629333156e-01, 2.185382222132575269e-01, 1.957743186583675299e-01, 2.498980479654415998e-01
3.357494456894274948e-01, 2.186015889383531863e-01, 1.958045460545576877e-01, 2.498444193176616590e-01
3.357094651539666019e-01, 2.186649657243732170e-01, 1.958348018401578072e-01, 2.497907672815025126e-01
3.356694695530979544e-01, 2.187283525529824524e-01, 1.958650860039240771e-01, 2.497370918899954328e-01
3.356294588833806936e-01, 2.187917494058387313e-01, 1.958953985345961157e-01, 2.496833931761844871e-01
3.355894331413853959e-01, 2.188551562645925375e-01, 1.959257394208962222e-01, 2.496296711731259554e-01
3.355493923236945730e-01, 2.189185731108870825e-01, 1.959561086515301254e-01, 2.495759259138884412e-01
3.355093364269022826e-01, 2.189819999263582506e-01, 1.959865062151864012e-01, 2.495221574315531210e-01
3.354692654476143510e-01, 2.190454366926351537e-01, 1.960169321005371668e-01, 2.494683657592133563e-01
3.354291793824483725e-01, 2.191088833913394929e-01, 1.960473862962374136e-01, 2.494145509299747487e-01
3.353890782280335991e-01, 2.191723400040857805e-01, 1.960778687909254525e-01, 2.493607129769551400e-01
3.353489619810113842e-01, 2.192358065124815347e-01, 1.961083795732227186e-01, 2.493068519332844457e-01
3.353088306380345163e-01, 2.192992828981270015e-01, 1.961389186317338551e-01, 2.492529678321046827e-01
3.352686841957677188e-01, 2.193627691426155157e-01, 1.961694859550466574e-01, 2.491990607065700247e-01
3.352285226508877614e-01, 2.194262652275334180e-01, 1.962000815317322677e-01, 2.491451305898465807e-01
3.351883460000830151e-01, 2.194897711344597491e-01, 1.962307053503450083e-01, 2.490911775151122831e-01
3.351481542400536751e-01, 2.195532868449666941e-01, 1.962613573994224647e-01, 2.490372015155571106e-01
3.351079473675123155e-01, 2.196168123406192774e-01, 1.962920376674854306e-01, 2.489832026243828933e-01
3.350677253791832233e-01, 2.196803476029755842e-01, 1.963227461430379073e-01, 2.489291808748031187e-01
3.350274882718022873e-01, 2.197438926135869552e-01, 1.963534828145674926e-01, 2.488751363000431538e-01
3.349872360421178863e-01, 2.198074473539973761e-01, 1.963842476705446594e-01, 2.488210689333400782e-01
3.349469686868898899e-01, 2.198710118057441432e-01, 1.964150406994235876e-01, 2.487669788079424071e-01
3.349066862028906022e-01, 2.199345859503576139e-01, 1.964458618896413045e-01, 2.487128659571104516e-01
3.348663885869042067e-01, 2.199981697693611515e-01, 1.964767112296186280e-01, 2.486587304141159860e-01
3.348260758357268219e-01, 2.200617632442712635e-01, 1.965075887077596117e-01, 2.486045722122423862e-01
3.347857479461668340e-01, 2.201253663565975738e-01, 1.965384943124514339e-01, 2.485503913847841861e-01
3.347454049150445088e-01, 2.201889790878429620e-01, 1.965694280320648690e-01, 2.484961879650477712e-01
3.347050467391922690e-01, 2.202526014195033688e-01, 1.966003898549539830e-01, 2.484419619863503237e-01
3.346646734154549718e-01, 2.203162333330679068e-01, 1.966313797694562715e-01, 2.483877134820208499e-01
3.346242849406891318e-01, 2.203798748100190830e-01, 1.966623977638925214e-01, 2.483334424853991529e-01
3.345838813117638644e-01, 2.204435258318322433e-01, 1.966934438265672547e-01, 2.482791490298364989e-01
3.345434625255602201e-01, 2.205071863799763776e-01, 1.967245179457679238e-01, 2.482248331486953397e-01
3.345030285789715174e-01, 2.205708564359136203e-01, 1.967556201097660495e-01, 2.481704948753489237e-01
3.344625794689032316e-01, 2.206345359810991114e-01, 1.967867503068159440e-01, 2.481161342431818517e-01
3.344221151922732727e-01, 2.206982249969816345e-01, 1.968179085251557658e-01, 2.480617512855894102e-01
3.343816357460114852e-01, 2.207619234650030626e-01, 1.968490947530071311e-01, 2.480073460359781268e-01
3.343411411270605371e-01, 2.208256313665989401e-01, 1.968803089785751692e-01, 2.479529185277653536e-01
3.343006313323748091e-01, 2.208893486831975950e-01, 1.969115511900483007e-01, 2.478984687943791565e-01
3.342601063589215049e-01, 2.209530753962212490e-01, 1.969428213755988200e-01, 2.478439968692585371e-01
3.342195662036797632e-01, 2.210168114870852685e-01, 1.969741195233820907e-01, 2.477895027858530164e-01
3.341790108636412682e-01, 2.210805569371983581e-01, 1.970054456215373229e-01, 2.477349865776230509e-01
3.341384403358101385e-01, 2.211443117279628390e-01, 1.970367996581873504e-01, 2.476804482780396166e-01
3.340978546172028718e-01, 2.212080758407743153e-01, 1.970681816214383819e-01, 2.476258879205843477e-01
3.340572537048483448e-01, 2.212718492570220075e-01, 1.970995914993802223e-01, 2.475713055387493977e-01
3.340166375957878131e-01, 2.213356319580885301e-01, 1.971310292800863562e-01, 2.475167011660373284e-01
3.339760062870750223e-01, 2.213994239253498919e-01, 1.971624949516137815e-01, 2.474620748359611933e-01
3.339353597757764303e-01, 2.214632251401758289e-01, 1.971939885020032035e-01, 2.474074265820445373e-01
3.338946980589705404e-01, 2.215270355839293881e-01, 1.972255099192789796e-01, 2.473527564378211197e-01
3.338540211337486796e-01, 2.215908552379673158e-01, 1.972570591914488969e-01, 2.472980644368349967e-01
3.338133289972149420e-01, 2.216546840836399468e-01, 1.972886363065046167e-01, 2.472433506126405223e-01
3.337726216464852458e-01, 2.217185221022910657e-01, 1.973202412524213967e-01, 2.471886149988022918e-01
3.337318990786888318e-01, 2.217823692752581843e-01, 1.973518740171580910e-01, 2.471338576288948652e-01
3.336911612909672087e-01, 2.218462255838723751e-01, 1.973835345886573722e-01, 2.470790785365030717e-01
3.336504082804743199e-01, 2.219100910094584933e-01, 1.974152229548455928e-01, 2.470242777552216773e-01
3.336096400443769316e-01, 2.219739655333348161e-01, 1.974469391036327848e-01, 2.469694553186554675e-01
3.335688565798545779e-01, 2.220378491368135143e-01, 1.974786830229125767e-01, 2.469146112604191645e-01
3.335280578840993937e-01, 2.221017418012004307e-01, 1.975104547005627487e-01, 2.468597456141373714e-01
3.334872439543160039e-01, 2.221656435077949687e-01, 1.975422541244443997e-01, 2.468048584134446555e-01
3.334464147877218010e-01, 2.222295542378903699e-01, 1.975740812824026416e-01, 2.467499496919851598e-01
3.334055703815472782e-01, 2.222934739727737141e-01, 1.976059361622662103e-01, 2.466950194834129362e-01
3.333647107330349746e-01, 2.223574026937256143e-01, 1.976378187518478269e-01, 2.466400678213915565e-01
3.333238358394407519e-01, 2.224213403820209378e-01, 1.976697290389437811e-01, 2.465850947395945292e-01
3.332829456980331284e-01, 2.224852870189278908e-01, 1.977016670113344310e-01, 2.465301002717046330e-01
3.332420403060932790e-01, 2.225492425857086010e-01, 1.977336326567837865e-01, 2.464750844514143890e-01
3.332011196609152015e-01, 2.226132070636193672e-01, 1.977656259630397595e-01, 2.464200473124256441e-01
3.331601837598058835e-01, 2.226771804339099936e-01, 1.977976469178341357e-01, 2.463649888884499040e-01
3.331192326000852466e-01, 2.227411626778241227e-01, 1.978296955088826026e-01, 2.463099092132079726e-01
3.330782661790855914e-01, 2.228051537765998180e-01, 1.978617717238846940e-01, 2.462548083204298688e-01
3.330372844941525412e-01, 2.228691537114685373e-01, 1.978938755505238456e-01, 2.461996862438551037e-01
3.329962875426445978e-01, 2.229331624636558262e-01, 1.979260069764672558e-01, 2.461445430172322646e-01
3.329552753219330308e-01, 2.229971800143814020e-01, 1.979581659893664136e-01, 2.460893786743192646e-01
3.329142478294020990e-01, 2.230612063448585702e-01, 1.979903525768563488e-01, 2.460341932488830097e-01
3.328732050624489958e-01, 2.231252414362950576e-01, 1.980225667265562983e-01, 2.459789867746997316e-01
3.328321470184840702e-01, 2.231892852698923180e-01, 1.980548084260692898e-01, 2.459237592855544052e-01
3.327910736949305504e-01, 2.232533378268458657e-01, 1.980870776629825025e-01, 2.458685108152411369e-01
3.327499850892244315e-01, 2.233173990883454973e-01, 1.981193744248668509e-01, 2.458132413975631925e-01
3.327088811988151429e-01, 2.233814690355748755e-01, 1.981516986992775953e-01, 2.457579510663322753e-01
3.326677620211650477e-01, 2.234455476497117510e-01, 1.981840504737538144e-01, 2.457026398553694146e-01
3.326266275537492767e-01, 2.235096349119280179e-01, 1.982164297358185445e-01, 2.456473077985041054e-01
3.325854777940565610e-01, 2.235737308033897974e-01, 1.982488364729789732e-01, 2.455919549295746407e-01
3.325443127395882326e-01, 2.236378353052572154e-01, 1.982812706727263286e-01, 2.455365812824281124e-01
3.325031323878591683e-01, 2.237019483986847357e-01, 1.983137323225358795e-01, 2.454811868909201611e-01
3.324619367363970679e-01, 2.237660700648206324e-01, 1.983462214098670739e-01, 2.454257717889151702e-01
3.324207257827429540e-01, 2.238302002848081007e-01, 1.983787379221631786e-01, 2.453703360102857112e-01
3.323794995244509498e-01, 2.238943390397837019e-01, 1.984112818468519446e-01, 2.453148795889133205e-01
3.323382579590884456e-01, 2.239584863108788626e-01, 1.984438531713449416e-01, 2.452594025586876947e-01
3.322970010842358768e-01, 2.240226420792190420e-01, 1.984764518830380575e-01, 2.452039049535069404e-01
3.322557288974871126e-01, 2.240868063259239540e-01, 1.985090779693112484e-01, 2.451483868072775740e-01
3.322144413964491783e-01, 2.241509790321078444e-01, 1.985417314175286496e-01, 2.450928481539144110e-01
3.321731385787423108e-01, 2.242151601788787141e-01, 1.985744122150385482e-01, 2.450372890273405102e-01
3.321318204420000697e-01, 2.242793497473395958e-01, 1.986071203491733828e-01, 2.449817094614870905e-01
3.320904869838692819e-01, 2.243435477185874161e-01, 1.986398558072499099e-01, 2.449261094902934477e-01
3.320491382020100968e-01, 2.244077540737136889e-01, 1.986726185765690378e-01, 2.448704891477071488e-01
3.320077740940961530e-01, 2.244719687938042108e-01, 1.987054086444159096e-01, 2.448148484676837267e-01
3.319663946578141345e-01, 2.245361918599393380e-01, 1.987382259980598753e-01, 2.447591874841867632e-01
3.319249998908643251e-01, 2.246004232531935985e-01, 1.987710706247545200e-01, 2.447035062311875842e-01
3.318835897909603316e-01, 2.246646629546361629e-01, 1.988039425117378023e-01, 2.446478047426657032e-01
3.318421643558290279e-01, 2.247289109453307898e-01, 1.988368416462317767e-01, 2.445920830526082668e-01
3.318007235832110546e-01, 2.247931672063354369e-01, 1.988697680154431491e-01, 2.445363411950103316e-01
3.317592674708599865e-01, 2.248574317187028160e-01, 1.989027216065625825e-01, 2.444805792038747538e-01
3.317177960165432204e-01, 2.249217044634799489e-01, 1.989357024067651414e-01, 2.444247971132117725e-01
3.316763092180415318e-01, 2.249859854217084731e-01, 1.989687104032102083e-01, 2.443689949570398423e-01
3.316348070731490738e-01, 2.250502745744247801e-01, 1.990017455830418169e-01, 2.443131727693844124e-01
3.315932895796736002e-01, 2.251145719026596825e-01, 1.990348079333878473e-01, 2.442573305842788423e-01
3.315517567354364092e-01, 2.251788773874384975e-01, 1.990678974413609970e-01, 2.442014684357640408e-01
3.315102085382723995e-01, 2.252431910097813517e-01, 1.991010140940581430e-01, 2.441455863578881891e-01
3.314686449860296813e-01, 2.253075127507028763e-01, 1.991341578785605360e-01, 2.440896843847067954e-01
3.314270660765702980e-01, 2.253718425912125678e-01, 1.991673287819340499e-01, 2.440337625502830010e-01
3.313854718077696715e-01, 2.254361805123143159e-01, 1.992005267912287936e-01, 2.439778208886871358e-01
3.313438621775170456e-01, 2.255005264950069588e-01, 1.992337518934793883e-01, 2.439218594339966073e-01
3.313022371837149871e-01, 2.255648805202838947e-01, 1.992670040757048566e-01, 2.438658782202963171e-01
3.312605968242797738e-01, 2.256292425691332482e-01, 1.993002833249087891e-01, 2.438098772816781890e-01
3.312189410971415615e-01, 2.256936126225380368e-01, 1.993335896280792885e-01, 2.437538566522410854e-01
3.311772700002439951e-01, 2.257579906614760046e-01, 1.993669229721888037e-01, 2.436978163660911967e-01
3.311355835315442087e-01, 2.258223766669195387e-01, 1.994002833441944067e-01, 2.436417564573417627e-01
3.310938816890135472e-01, 2.258867706198362246e-01, 1.994336707310377099e-01, 2.435856769601126015e-01
3.310521644706365674e-01, 2.259511725011879302e-01, 1.994670851196447825e-01, 2.435295779085308032e-01
3.310104318744117036e-01, 2.260155822919317770e-01, 1.995005264969263170e-01, 2.434734593367301470e-01
3.309686838983513235e-01, 2.260799999730197241e-01, 1.995339948497775462e-01, 2.434173212788512675e-01
3.309269205404815062e-01, 2.261444255253984570e-01, 1.995674901650783262e-01, 2.433611637690416551e-01
3.308851417988419308e-01, 2.262088589300097208e-01, 1.996010124296930255e-01, 2.433049868414552952e-01
3.308433476714862098e-01, 2.262733001677899591e-01, 1.996345616304707193e-01, 2.432487905302530562e-01
3.308015381564815560e-01, 2.263377492196709806e-01, 1.996681377542451896e-01, 2.431925748696023293e-01
3.307597132519094485e-01, 2.264022060665791258e-01, 1.997017407878345086e-01, 2.431363398936769726e-01
3.307178729558648000e-01, 2.264666706894359061e-01, 1.997353707180418159e-01, 2.430800856366575335e-01
3.306760172664565678e-01, 2.265311430691579753e-01, 1.997690275316545416e-01, 2.430238121327308876e-01
3.306341461818076422e-01, 2.265956231866567416e-01, 1.998027112154451557e-01, 2.429675194160904050e-01
3.305922597000546803e-01, 2.266601110228387561e-01, 1.998364217561706124e-01, 2.429112075209360067e-01
3.305503578193482173e-01, 2.267246065586058512e-01, 1.998701591405725175e-01, 2.428548764814733862e-01
3.305084405378528323e-01, 2.267891097748545859e-01, 1.999039233553774608e-01, 2.427985263319151210e-01
3.304665078537470380e-01, 2.268536206524768839e-01, 1.999377143872964058e-01, 2.427421571064795891e-01
3.304245597652232802e-01, 2.269181391723596730e-01, 1.999715322230254388e-01, 2.426857688393916357e-01
3.303825962704878827e-01, 2.269826653153850793e-01, 2.000053768492451867e-01, 2.426293615648818791e-01
3.303406173677612134e-01, 2.270471990624302328e-01, 2.000392482526210935e-01, 2.425729353171874603e-01
3.302986230552777402e-01, 2.271117403943676838e-01, 2.000731464198034215e-01, 2.425164901305510989e-01
3.302566133312858643e-01, 2.271762892920650978e-01, 2.001070713374272780e-01, 2.424600260392218709e-01
3.302145881940479200e-01, 2.272408457363851164e-01, 2.001410229921124495e-01, 2.424035430774544031e-01
3.301725476418405636e-01, 2.273054097081861624e-01, 2.001750013704637066e-01, 2.423470412795095952e-01
3.301304916729542183e-01, 2.273699811883212463e-01, 2.002090064590706653e-01, 2.422905206796538424e-01
3.300884202856935734e-01, 2.274345601576391318e-01, 2.002430382445076762e-01, 2.422339813121596186e-01
3.300463334783774183e-01, 2.274991465969837534e-01, 2.002770967133341296e-01, 2.421774232113047265e-01
3.300042312493385310e-01, 2.275637404871943548e-01, 2.003111818520941778e-01, 2.421208464113730474e-01
3.299621135969238450e-01, 2.276283418091052668e-01, 2.003452936473168744e-01, 2.420642509466539305e-01
3.299199805194945601e-01, 2.276929505435467405e-01, 2.003794320855163957e-01, 2.420076368514422760e-01
3.298778320154259758e-01, 2.277575666713438363e-01, 2.004135971531916527e-01, 2.419510041600385353e-01
3.298356680831074361e-01, 2.278221901733173960e-01, 2.004477888368264848e-01, 2.418943529067487663e-01
3.297934887209425514e-01, 2.278868210302832931e-01, 2.004820071228898548e-01, 2.418376831258842452e-01
3.297512939273491983e-01, 2.279514592230532655e-01, 2.005162519978356539e-01, 2.417809948517618268e-01
3.297090837007595199e-01, 2.280161047324341383e-01, 2.005505234481027299e-01, 2.417242881187035564e-01
3.296668580396197035e-01, 2.280807575392284070e-01, 2.005848214601149149e-01, 2.416675629610370024e-01
3.296246169423902028e-01, 2.281454176242339871e-01, 2.006191460202810806e-01, 2.416108194130946463e-01
3.295823604075459601e-01, 2.282100849682443533e-01, 2.006534971149951940e-01, 2.415540575092145203e-01
3.295400884335759062e-01, 2.282747595520484563e-01, 2.006878747306361788e-01, 2.414972772837394310e-01
3.294978010189835160e-01, 2.283394413564308334e-01, 2.007222788535681646e-01, 2.414404787710175693e-01
3.294554981622863088e-01, 2.284041303621715535e-01, 2.007567094701401267e-01, 2.413836620054020110e-01
3.294131798620164031e-01, 2.284688265500462723e-01, 2.007911665666864132e-01, 2.413268270212509670e-01
3.293708461167200729e-01, 2.285335299008262600e-01, 2.008256501295262453e-01, 2.412699738529274773e-01
3.293284969249579697e-01, 2.285982403952783182e-01, 2.008601601449641616e-01, 2.412131025347994673e-01
3.292861322853051220e-01, 2.286629580141651963e-01, 2.008946965992896572e-01, 2.411562131012398580e-01
3.292437521963511027e-01, 2.287276827382449806e-01, 2.009292594787776276e-01, 2.410993055866262891e-01
3.292013566566995286e-01, 2.287924145482716776e-01, 2.009638487696878417e-01, 2.410423800253410354e-01
3.291589456649686163e-01, 2.288571534249947692e-01, 2.009984644582653301e-01, 2.409854364517712844e-01
3.291165192197911260e-01, 2.289218993491595466e-01, 2.010331065307404408e-01, 2.409284749003088033e-01
3.290740773198141400e-01, 2.289866523015071653e-01, 2.010677749733287278e-01, 2.408714954053499391e-01
3.290316199636990624e-01, 2.290514122627744509e-01, 2.011024697722308963e-01, 2.408144980012955905e-01
3.289891471501219522e-01, 2.291161792136939823e-01, 2.011371909136327463e-01, 2.407574827225512082e-01
3.289466588777734124e-01, 2.291809531349941753e-01, 2.011719383837056452e-01, 2.407004496035266838e-01
3.289041551453583123e-01, 2.292457340073993377e-01, 2.012067121686060833e-01, 2.406433986786363777e-01
3.288616359515960097e-01, 2.293105218116293642e-01, 2.012415122544756740e-01, 2.405863299822989243e-01
3.288191012952206838e-01, 2.293753165284003470e-01, 2.012763386274416810e-01, 2.405292435489372882e-01
3.287765511749808356e-01, 2.294401181384239929e-01, 2.013111912736162412e-01, 2.404721394129788747e-01
3.287339855896395657e-01, 2.295049266224080675e-01, 2.013460701790974194e-01, 2.404150176088550306e-01
3.286914045379744631e-01, 2.295697419610563395e-01, 2.013809753299678484e-01, 2.403578781710013768e-01
3.286488080187778271e-01, 2.296345641350680811e-01, 2.014159067122962554e-01, 2.403007211338578086e-01
3.286061960308565566e-01, 2.296993931251390120e-01, 2.014508643121362130e-01, 2.402435465318682462e-01
3.285635685730319833e-01, 2.297642289119605774e-01, 2.014858481155268888e-01, 2.401863543994804673e-01
3.285209256441401493e-01, 2.298290714762203646e-01, 2.015208581084930450e-01, 2.401291447711463301e-01
3.284782672430319184e-01, 2.298939207986017974e-01, 2.015558942770444839e-01, 2.400719176813217171e-01
3.284355933685725870e-01, 2.299587768597844972e-01, 2.015909566071767134e-01, 2.400146731644662579e-01
3.283929040196419957e-01, 2.300236396404439776e-01, 2.016260450848705588e-01, 2.399574112550434402e-01
3.283501991951349175e-01, 2.300885091212521716e-01, 2.016611596960923292e-01, 2.399001319875206373e-01
3.283074788939608357e-01, 2.301533852828765714e-01, 2.016963004267939008e-01, 2.398428353963688309e-01
3.282647431150436668e-01, 2.302182681059811720e-01, 2.017314672629123840e-01, 2.397855215160628051e-01
3.282219918573222039e-01, 2.302831575712261103e-01, 2.017666601903707335e-01, 2.397281903810808967e-01
3.281792251197501176e-01, 2.303480536592675265e-01, 2.018018791950772217e-01, 2.396708420259050232e-01
3.281364429012956219e-01, 2.304129563507577028e-01, 2.018371242629257989e-01, 2.396134764850208210e-01
3.280936452009416970e-01, 2.304778656263452574e-01, 2.018723953797956772e-01, 2.395560937929172018e-01
3.280508320176862003e-01, 2.305427814666750064e-01, 2.019076925315519966e-01, 2.394986939840867135e-01
3.280080033505416992e-01, 2.306077038523879630e-01, 2.019430157040452145e-01, 2.394412770930250400e-01
3.279651591985356385e-01, 2.306726327641213103e-01, 2.019783648831115497e-01, 2.393838431542316680e-01
3.279222995607098956e-01, 2.307375681825086233e-01, 2.020137400545726214e-01, 2.393263922022088597e-01
3.278794244361218357e-01, 2.308025100881797853e-01, 2.020491412042359214e-01, 2.392689242714624576e-01
3.278365338238432014e-01, 2.308674584617607384e-01, 2.020845683178945640e-01, 2.392114393965015517e-01
3.277936277229607231e-01, 2.309324132838741495e-01, 2.021200213813270641e-01, 2.391539376118382021e-01
3.277507061325757864e-01, 2.309973745351388275e-01, 2.021555003802978090e-01, 2.390964189519876049e-01
3.277077690518050979e-01, 2.310623421961699175e-01, 2.021910053005569197e-01, 2.390388834514682037e-01
3.276648164797797413e-01, 2.311273162475789567e-01, 2.022265361278399731e-01, 2.389813311448012456e-01
3.276218484156461774e-01, 2.311922966699740678e-01, 2.022620928478686408e-01, 2.389237620665111972e-01
3.275788648585654661e-01, 2.312572834439595160e-01, 2.022976754463499394e-01, 2.388661762511251618e-01
3.275358658077135443e-01, 2.313222765501364020e-01, 2.023332839089768964e-01, 2.388085737331731573e-01
3.274928512622815591e-01, 2.313872759691019410e-01, 2.023689182214280791e-01, 2.387509545471883099e-01
3.274498212214755899e-01, 2.314522816814499062e-01, 2.024045783693681766e-01, 2.386933187277062718e-01
3.274067756845164823e-01, 2.315172936677708238e-01, 2.024402643384473344e-01, 2.386356663092654706e-01
3.273637146506400697e-01, 2.315823119086514448e-01, 2.024759761143015702e-01, 2.385779973264069431e-01
3.273206381190972847e-01, 2.316473363846751898e-01, 2.025117136825528297e-01, 2.385203118136746403e-01
3.272775460891542143e-01, 2.317123670764222043e-01, 2.025474770288088755e-01, 2.384626098056147891e-01
3.272344385600916561e-01, 2.317774039644689421e-01, 2.025832661386632039e-01, 2.384048913367762257e-01
3.271913155312055621e-01, 2.318424470293886375e-01, 2.026190809976954332e-01, 2.383471564417103672e-01
3.271481770018069835e-01, 2.319074962517511107e-01, 2.026549215914707491e-01, 2.382894051549712400e-01
3.271050229712219592e-01, 2.319725516121228792e-01, 2.026907879055404316e-01, 2.382316375111148410e-01
3.270618534387916276e-01, 2.320376130910671020e-01, 2.027266799254415774e-01, 2.381738535446997207e-01
3.270186684038722258e-01, 2.321026806691435240e-01, 2.027625976366973781e-01, 2.381160532902868165e-01
3.269754678658350899e-01, 2.321677543269087540e-01, 2.027985410248168141e-01, 2.380582367824393697e-01
3.269322518240664333e-01, 2.322328340449160977e-01, 2.028345100752948216e-01, 2.380004040557225919e-01
3.268890202779680121e-01, 2.322979198037155579e-01, 2.028705047736124589e-01, 2.379425551447039988e-01
3.268457732269564042e-01, 2.323630115838538068e-01, 2.029065251052366015e-01, 2.378846900839532430e-01
3.268025106704633420e-01, 2.324281093658745467e-01, 2.029425710556202189e-01, 2.378268089080418646e-01
3.267592326079357679e-01, 2.324932131303181770e-01, 2.029786426102022645e-01, 2.377689116515436796e-01
3.267159390388358897e-01, 2.325583228577217665e-01, 2.030147397544078969e-01, 2.377109983490343359e-01
3.266726299626410146e-01, 2.326234385286195527e-01, 2.030508624736480083e-01, 2.376530690350914243e-01
3.266293053788433820e-01, 2.326885601235423873e-01, 2.030870107533198077e-01, 2.375951237442943120e-01
3.265859652869510521e-01, 2.327536876230179852e-01, 2.031231845788065982e-01, 2.375371625112243645e-01
3.265426096864866845e-01, 2.328188210075712861e-01, 2.031593839354775277e-01, 2.374791853704646405e-01
3.264992385769882599e-01, 2.328839602577236767e-01, 2.031956088086881163e-01, 2.374211923565998916e-01
3.264558519580094131e-01, 2.329491053539939349e-01, 2.032318591837799227e-01, 2.373631835042167015e-01
3.264124498291186560e-01, 2.330142562768975634e-01, 2.032681350460807113e-01, 2.373051588479030416e-01
3.263690321898998215e-01, 2.330794130069470671e-01, 2.033044363809043131e-01, 2.372471184222488261e-01
3.263255990399519524e-01, 2.331445755246521478e-01, 2.033407631735507093e-01, 2.371890622618451072e-01
3.262821503788898014e-01, 2.332097438105192322e-01, 2.033771154093062805e-01, 2.371309904012847691e-01
3.262386862063427206e-01, 2.332749178450520544e-01, 2.034134930734433355e-01, 2.370729028751619727e-01
3.261952065219558272e-01, 2.333400976087511569e-01, 2.034498961512206106e-01, 2.370147997180722943e-01
3.261517113253896150e-01, 2.334052830821144731e-01, 2.034863246278830196e-01, 2.369566809646128647e-01
3.261082006163196767e-01, 2.334704742456368831e-01, 2.035227784886616265e-01, 2.368985466493817582e-01
3.260646743944370374e-01, 2.335356710798104085e-01, 2.035592577187740337e-01, 2.368403968069786314e-01
3.260211326594478765e-01, 2.336008735651239621e-01, 2.035957623034238273e-01, 2.367822314720042232e-01
3.259775754110741941e-01, 2.336660816820642361e-01, 2.036322922278011038e-01, 2.367240506790603827e-01
3.259340026490530340e-01, 2.337312954111145646e-01, 2.036688474770821655e-01, 2.366658544627503191e-01
3.258904143731367054e-01, 2.337965147327556725e-01, 2.037054280364296865e-01, 2.366076428576779356e-01
3.258468105830933936e-01, 2.338617396274654814e-01, 2.037420338909926298e-01, 2.365494158984485229e-01
3.258031912787061057e-01, 2.339269700757191650e-01, 2.037786650259064414e-01, 2.364911736196682046e-01
3.257595564597738358e-01, 2.339922060579893159e-01, 2.038153214262929391e-01, 2.364329160559440479e-01
3.257159061261104549e-01, 2.340574475547454458e-01, 2.038520030772601466e-01, 2.363746432418838694e-01
3.256722402775459324e-01, 2.341226945464548181e-01, 2.038887099639026534e-01, 2.363163552120965683e-01
3.256285589139249481e-01, 2.341879470135817820e-01, 2.039254420713015048e-01, 2.362580520011917928e-01
3.255848620351082245e-01, 2.342532049365879665e-01, 2.039621993845241454e-01, 2.361997336437797468e-01
3.255411496409716943e-01, 2.343184682959324472e-01, 2.039989818886243644e-01, 2.361414001744714941e-01
3.254974217314067775e-01, 2.343837370720717739e-01, 2.040357895686427669e-01, 2.360830516278787095e-01
3.254536783063206040e-01, 2.344490112454598041e-01, 2.040726224096059138e-01, 2.360246880386137058e-01
3.254099193656354583e-01, 2.345142907965478141e-01, 2.041094803965273763e-01, 2.359663094412893236e-01
3.253661449092895563e-01, 2.345795757057845821e-01, 2.041463635144069311e-01, 2.359079158705190138e-01
3.253223549372362133e-01, 2.346448659536161940e-01, 2.041832717482310600e-01, 2.358495073609164494e-01
3.252785494494447316e-01, 2.347101615204866820e-01, 2.042202050829727278e-01, 2.357910839470960251e-01
3.252347284458995125e-01, 2.347754623868369139e-01, 2.042571635035914657e-01, 2.357326456636722189e-01
3.251908919266008335e-01, 2.348407685331057038e-01, 2.042941469950334266e-01, 2.356741925452601194e-01
3.251470398915644600e-01, 2.349060799397293675e-01, 2.043311555422313297e-01, 2.356157246264748983e-01
3.251031723408217555e-01, 2.349713965871417787e-01, 2.043681891301044606e-01, 2.355572419419319219e-01
3.250592892744195717e-01, 2.350367184557744238e-01, 2.044052477435588933e-01, 2.354987445262472223e-01
3.250153906924204139e-01, 2.351020455260561803e-01, 2.044423313674872122e-01, 2.354402324140361102e-01
3.249714765949026085e-01, 2.351673777784137609e-01, 2.044794399867687906e-01, 2.353817056399148955e-01
3.249275469819597473e-01, 2.352327151932714633e-01, 2.045165735862694567e-01, 2.353231642384992495e-01
3.248836018537012982e-01, 2.352980577510513926e-01, 2.045537321508419382e-01, 2.352646082444051490e-01
3.248396412102524389e-01, 2.353634054321732116e-01, 2.045909156653256955e-01, 2.352060376922487650e-01
3.247956650517536126e-01, 2.354287582170540016e-01, 2.046281241145467278e-01, 2.351474526166456303e-01
3.247516733783613607e-01, 2.354941160861090399e-01, 2.046653574833179612e-01, 2.350888530522115272e-01
3.247076661902477124e-01, 2.355594790197512722e-01, 2.047026157564391102e-01, 2.350302390335619329e-01
3.246636434876004063e-01, 2.356248469983911742e-01, 2.047398989186962892e-01, 2.349716105953121303e-01
3.246196052706227797e-01, 2.356902200024370841e-01, 2.047772069548628449e-01, 2.349129677720772080e-01
3.245755515395341018e-01, 2.357555980122953976e-01, 2.048145398496988567e-01, 2.348543105984716994e-01
3.245314822945690181e-01, 2.358209810083699287e-01, 2.048518975879509152e-01, 2.347956391091099715e-01
3.244873975359784390e-01, 2.358863689710626599e-01, 2.048892801543529263e-01, 2.347369533386060303e-01
3.244432972640282631e-01, 2.359517618807733530e-01, 2.049266875336252791e-01, 2.346782533215731603e-01
3.243991814790006534e-01, 2.360171597178995495e-01, 2.049641197104753176e-01, 2.346195390926243962e-01
3.243550501811935938e-01, 2.360825624628369035e-01, 2.050015766695974795e-01, 2.345608106863720788e-01
3.243109033709205002e-01, 2.361479700959786265e-01, 2.050390583956727686e-01, 2.345020681374280214e-01
3.242667410485108315e-01, 2.362133825977164869e-01, 2.050765648733692825e-01, 2.344433114804034823e-01
3.242225632143095337e-01, 2.362787999484394774e-01, 2.051140960873422958e-01, 2.343845407499087208e-01
3.241783698686776516e-01, 2.363442221285352585e-01, 2.051516520222334550e-01, 2.343257559805536072e-01
3.241341610119918837e-01, 2.364096491183889925e-01, 2.051892326626719998e-01, 2.342669572069471240e-01
3.240899366446446939e-01, 2.364750808983841768e-01, 2.052268379932737918e-01, 2.342081444636973098e-01
3.240456967670444222e-01, 2.365405174489021989e-01, 2.052644679986417864e-01, 2.341493177854114816e-01
3.240014413796155068e-01, 2.366059587503226425e-01, 2.053021226633658936e-01, 2.340904772066959572e-01
3.239571704827976517e-01, 2.366714047830231205e-01, 2.053398019720231449e-01, 2.340316227621561385e-01
3.239128840770468254e-01, 2.367368555273791919e-01, 2.053775059091775823e-01, 2.339727544863964004e-01
3.238685821628348172e-01, 2.368023109637646950e-01, 2.054152344593803692e-01, 2.339138724140199521e-01
3.238242647406492924e-01, 2.368677710725517471e-01, 2.054529876071697070e-01, 2.338549765796292257e-01
3.237799318109934599e-01, 2.369332358341103839e-01, 2.054907653370708909e-01, 2.337960670178251543e-01
3.237355833743869593e-01, 2.369987052288090867e-01, 2.055285676335962819e-01, 2.337371437632076443e-01
3.236912194313649738e-01, 2.370641792370141998e-01, 2.055663944812454180e-01, 2.336782068503753806e-01
3.236468399824785069e-01, 2.371296578390906518e-01, 2.056042458645051252e-01, 2.336192563139257161e-01
3.236024450282947718e-01, 2.371951410154013173e-01, 2.056421217678491287e-01, 2.335602921884547545e-01
3.235580345693968018e-01, 2.372606287463076280e-01, 2.056800221757385527e-01, 2.335013145085571007e-01
3.235136086063833960e-01, 2.373261210121691001e-01, 2.057179470726215875e-01, 2.334423233088259719e-01
3.234691671398695623e-01, 2.373916177933436400e-01, 2.057558964429336279e-01, 2.333833186238532531e-01
3.234247101704859628e-01, 2.374571190701873225e-01, 2.057938702710975232e-01, 2.333243004882292193e-01
3.233802376988795246e-01, 2.375226248230548343e-01, 2.058318685415230775e-01, 2.332652689365425636e-01
3.233357497257128843e-01, 2.375881350322990859e-01, 2.058698912386074664e-01, 2.332062240033804246e-01
3.232912462516648877e-01, 2.376536496782715169e-01, 2.059079383467352087e-01, 2.331471657233284422e-01
3.232467272774300349e-01, 2.377191687413217069e-01, 2.059460098502780556e-01, 2.330880941309702581e-01
3.232021928037192016e-01, 2.377846922017977094e-01, 2.059841057335950743e-01, 2.330290092608880148e-01
3.231576428312589178e-01, 2.378502200400463840e-01, 2.060222259810326473e-01, 2.329699111476619677e-01
3.231130773607921447e-01, 2.379157522364127031e-01, 2.060603705769245841e-01, 2.329107998258707624e-01
3.230684963930772757e-01, 2.379812887712400848e-01, 2.060985395055918434e-01, 2.328516753300906295e-01
3.230238999288894131e-01, 2.380468296248708371e-01, 2.061367327513431436e-01, 2.327925376948966341e-01
3.229792879690190355e-01, 2.381123747776455468e-01, 2.061749502984741578e-01, 2.327333869548613710e-01
3.229346605142729976e-01, 2.381779242099031912e-01, 2.062131921312682359e-01, 2.326742231445554088e-01
3.228900175654744742e-01, 2.382434779019815263e-01, 2.062514582339961822e-01, 2.326150462985477341e-01
3.228453591234621833e-01, 2.383090358342171144e-01, 2.062897485909160333e-01, 2.325558564514048077e-01
3.228006851890909967e-01, 2.383745979869446030e-01, 2.063280631862734471e-01, 2.324966536376908977e-01
3.227559957632322729e-01, 2.384401643404976678e-01, 2.063664020043015634e-01, 2.324374378919685236e-01
3.227112908467730246e-01, 2.385057348752085138e-01, 2.064047650292209213e-01, 2.323782092487976236e-01
3.226665704406166402e-01, 2.385713095714079857e-01, 2.064431522452395418e-01, 2.323189677427359157e-01
3.226218345456822179e-01, 2.386368884094256793e-01, 2.064815636365530949e-01, 2.322597134083389525e-01
3.225770831629056201e-01, 2.387024713695898859e-01, 2.065199991873447882e-01, 2.322004462801596780e-01
3.225323162932380860e-01, 2.387680584322275645e-01, 2.065584588817854783e-01, 2.321411663927489266e-01
3.224875339376473415e-01, 2.388336495776645918e-01, 2.065969427040331152e-01, 2.320818737806548682e-01
3.224427360971177103e-01, 2.388992447862254287e-01, 2.066354506382338529e-01, 2.320225684784231190e-01
3.223979227726485042e-01, 2.389648440382332595e-01, 2.066739826685210779e-01, 2.319632505205971029e-01
3.223530939652562988e-01, 2.390304473140105468e-01, 2.067125387790159918e-01, 2.319039199417172736e-01
3.223082496759733240e-01, 2.390960545938779769e-01, 2.067511189538272787e-01, 2.318445767763215037e-01
3.222633899058477969e-01, 2.391616658581555144e-01, 2.067897231770514099e-01, 2.317852210589453343e-01
3.222185146559446989e-01, 2.392272810871616806e-01, 2.068283514327724226e-01, 2.317258528241212534e-01
3.221736239273444991e-01, 2.392929002612143863e-01, 2.068670037050620858e-01, 2.316664721063790011e-01
3.221287177211443753e-01, 2.393585233606298213e-01, 2.069056799779800671e-01, 2.316070789402457364e-01
3.220837960384575482e-01, 2.394241503657235093e-01, 2.069443802355733497e-01, 2.315476733602455095e-01
3.220388588804132812e-01, 2.394897812568099471e-01, 2.069831044618771210e-01, 2.314882554008995397e-01
3.219939062481572134e-01, 2.395554160142024103e-01, 2.070218526409139670e-01, 2.314288250967264093e-01
3.219489381428512487e-01, 2.396210546182132306e-01, 2.070606247566943725e-01, 2.313693824822412037e-01
3.219039545656731671e-01, 2.396866970491537130e-01, 2.070994207932166931e-01, 2.313099275919563991e-01
3.218589555178175132e-01, 2.397523432873343296e-01, 2.071382407344670162e-01, 2.312504604603811686e-01
3.218139410004947076e-01, 2.398179933130645536e-01, 2.071770845644191894e-01, 2.311909811220216326e-01
3.217689110149313803e-01, 2.398836471066529419e-01, 2.072159522670349863e-01, 2.311314896113807749e-01
3.217238655623706478e-01, 2.399493046484069414e-01, 2.072548438262641624e-01, 2.310719859629583040e-01
3.216788046440717808e-01, 2.400149659186334439e-01, 2.072937592260440387e-01, 2.310124702112508199e-01
3.216337282613102588e-01, 2.400806308976382031e-01, 2.073326984503000847e-01, 2.309529423907514534e-01
3.215886364153779375e-01, 2.401462995657263066e-01, 2.073716614829456129e-01, 2.308934025359502540e-01
3.215435291075828261e-01, 2.402119719032019263e-01, 2.074106483078818064e-01, 2.308338506813334690e-01
3.214984063392493652e-01, 2.402776478903685120e-01, 2.074496589089977194e-01, 2.307742868613843756e-01
3.214532681117182045e-01, 2.403433275075285980e-01, 2.074886932701707487e-01, 2.307147111105825599e-01
3.214081144263462586e-01, 2.404090107349839411e-01, 2.075277513752657177e-01, 2.306551234634039715e-01
3.213629452845069290e-01, 2.404746975530358266e-01, 2.075668332081358758e-01, 2.305955239543213964e-01
3.213177606875896597e-01, 2.405403879419844848e-01, 2.076059387526222599e-01, 2.305359126178035400e-01
3.212725606370004372e-01, 2.406060818821297020e-01, 2.076450679925540277e-01, 2.304762894883158886e-01
3.212273451341615682e-01, 2.406717793537702099e-01, 2.076842209117483184e-01, 2.304166546003199589e-01
3.211821141805115132e-01, 2.407374803372044902e-01, 2.077233974940104200e-01, 2.303570079882735211e-01
3.211368677775052194e-01, 2.408031848127303309e-01, 2.077625977231335186e-01, 2.302973496866308478e-01
3.210916059266141764e-01, 2.408688927606445207e-01, 2.078018215828991155e-01, 2.302376797298422706e-01
3.210463286293256391e-01, 2.409346041612437095e-01, 2.078410690570766661e-01, 2.301779981523539853e-01
3.210010358871437930e-01, 2.410003189948236313e-01, 2.078803401294238851e-01, 2.301183049886086907e-01
3.209557277015890331e-01, 2.410660372416796038e-01, 2.079196347836864689e-01, 2.300586002730449220e-01
3.209104040741980191e-01, 2.411317588821063618e-01, 2.079589530035983735e-01, 2.299988840400972456e-01
3.208650650065238974e-01, 2.411974838963981405e-01, 2.079982947728818699e-01, 2.299391563241961756e-01
3.208197105001361904e-01, 2.412632122648487032e-01, 2.080376600752469607e-01, 2.298794171597682290e-01
3.207743405566206296e-01, 2.413289439677512027e-01, 2.080770488943924912e-01, 2.298196665812357875e-01
3.207289551775796554e-01, 2.413946789853984864e-01, 2.081164612140050107e-01, 2.297599046230169029e-01
3.206835543646319731e-01, 2.414604172980828189e-01, 2.081558970177596057e-01, 2.297001313195256855e-01
3.206381381194126079e-01, 2.415261588860960762e-01, 2.081953562893195109e-01, 2.296403467051717773e-01
3.205927064435732388e-01, 2.415919037297299954e-01, 2.082348390123362758e-01, 2.295805508143606011e-01
3.205472593387815317e-01, 2.416576518092753978e-01, 2.082743451704497928e-01, 2.295207436814932500e-01
3.205017968067221390e-01, 2.417234031050232712e-01, 2.083138747472881580e-01, 2.294609253409664318e-01
3.204563188490958670e-01, 2.417891575972638263e-01, 2.083534277264678936e-01, 2.294010958271724132e-01
3.204108254676198420e-01, 2.418549152662874124e-01, 2.083930040915937809e-01, 2.293412551744990202e-01
3.203653166640276773e-01, 2.419206760923836019e-01, 2.084326038262590830e-01, 2.292814034173295823e-01
3.203197924400698615e-01, 2.419864400558419115e-01, 2.084722269140454054e-01, 2.292215405900427938e-01
3.202742527975128151e-01, 2.420522071369516914e-01, 2.085118733385226408e-01, 2.291616667270128527e-01
3.202286977381396116e-01, 2.421179773160019588e-01, 2.085515430832492467e-01, 2.291017818626092661e-01
3.201831272637497561e-01, 2.421837505732813700e-01, 2.085912361317719677e-01, 2.290418860311968230e-01
3.201375413761595179e-01, 2.422495268890786368e-01, 2.086309524676261129e-01, 2.289819792671357324e-01
3.200919400772012091e-01, 2.423153062436820548e-01, 2.086706920743355842e-01, 2.289220616047812074e-01
3.200463233687237952e-01, 2.423810886173798640e-01, 2.087104549354123484e-01, 2.288621330784838259e-01
3.200006912525930058e-01, 2.424468739904603598e-01, 2.087502410343572701e-01, 2.288021937225893365e-01
3.199550437306907247e-01, 2.425126623432112272e-01, 2.087900503546596398e-01, 2.287422435714384361e-01
3.199093808049152110e-01, 2.425784536559205118e-01, 2.088298828797971740e-01, 2.286822826593669089e-01
3.198637024771818771e-01, 2.426442479088760928e-01, 2.088697385932362927e-01, 2.286223110207057929e-01
3.198180087494220114e-01, 2.427100450823654609e-01, 2.089096174784317861e-01, 2.285623286897807693e-01
3.197722996235836668e-01, 2.427758451566763565e-01, 2.089495195188272036e-01, 2.285023357009126899e-01
3.197265751016314939e-01, 2.428416481120966586e-01, 2.089894446978546594e-01, 2.284423320884171604e-01
3.196808351855465746e-01, 2.429074539289138857e-01, 2.090293929989347488e-01, 2.283823178866047632e-01
3.196350798773265889e-01, 2.429732625874157226e-01, 2.090693644054769929e-01, 2.283222931297808067e-01
3.195893091789855367e-01, 2.430390740678898542e-01, 2.091093589008792275e-01, 2.282622578522452705e-01
3.195435230925542935e-01, 2.431048883506241876e-01, 2.091493764685284085e-01, 2.282022120882931382e-01
3.194977216200800552e-01, 2.431707054159064907e-01, 2.091894170917996676e-01, 2.281421558722137310e-01
3.194519047636267262e-01, 2.432365252440248371e-01, 2.092294807540571455e-01, 2.280820892382912357e-01
3.194060725252747535e-01, 2.433023478152672447e-01, 2.092695674386535754e-01, 2.280220122208044542e-01
3.193602249071209043e-01, 2.433681731099218704e-01, 2.093096771289307545e-01, 2.279619248540265541e-01
3.193143619112788767e-01, 2.434340011082773148e-01, 2.093498098082186565e-01, 2.279018271722252353e-01
3.192684835398786891e-01, 2.434998317906218457e-01, 2.093899654598365134e-01, 2.278417192096629240e-01
3.192225897950670133e-01, 2.435656651372445081e-01, 2.094301440670921777e-01, 2.277816010005962455e-01
3.191766806790072852e-01, 2.436315011284341803e-01, 2.094703456132823438e-01, 2.277214725792761907e-01
3.191307561938792059e-01, 2.436973397444799627e-01, 2.095105700816925209e-01, 2.276613339799482272e-01
3.190848163418792405e-01, 2.437631809656715942e-01, 2.095508174555970049e-01, 2.276011852368521049e-01
3.190388611252204520e-01, 2.438290247722986748e-01, 2.095910877182591558e-01, 2.275410263842216618e-01
3.189928905461326680e-01, 2.438948711446512485e-01, 2.096313808529308986e-01, 2.274808574562852403e-01
3.189469046068618696e-01, 2.439607200630198591e-01, 2.096716968428531946e-01, 2.274206784872650211e-01
3.189009033096711909e-01, 2.440265715076950781e-01, 2.097120356712561529e-01, 2.273604895113776059e-01
3.188548866568399753e-01, 2.440924254589681430e-01, 2.097523973213584469e-01, 2.273002905628336290e-01
3.188088546506643306e-01, 2.441582818971303470e-01, 2.097927817763678149e-01, 2.272400816758375075e-01
3.187628072934570178e-01, 2.442241408024737603e-01, 2.098331890194811145e-01, 2.271798628845880241e-01
3.187167445875476179e-01, 2.442900021552905088e-01, 2.098736190338840735e-01, 2.271196342232777998e-01
3.186706665352819212e-01, 2.443558659358734120e-01, 2.099140718027512342e-01, 2.270593957260933771e-01
3.186245731390226488e-01, 2.444217321245155949e-01, 2.099545473092466197e-01, 2.269991474272151921e-01
3.185784644011490085e-01, 2.444876007015109598e-01, 2.099950455365228452e-01, 2.269388893608173252e-01
3.185323403240570284e-01, 2.445534716471533254e-01, 2.100355664677216738e-01, 2.268786215610679169e-01
3.184862009101593894e-01, 2.446193449417376486e-01, 2.100761100859740438e-01, 2.268183440621288627e-01
3.184400461618851486e-01, 2.446852205655591084e-01, 2.101166763744000410e-01, 2.267580568981557021e-01
3.183938760816803493e-01, 2.447510984989134664e-01, 2.101572653161087600e-01, 2.266977601032975354e-01
3.183476906720074107e-01, 2.448169787220970950e-01, 2.101978768941982489e-01, 2.266374537116971899e-01
3.183014899353456828e-01, 2.448828612154070605e-01, 2.102385110917559252e-01, 2.265771377574912759e-01
3.182552738741910581e-01, 2.449487459591408733e-01, 2.102791678918583818e-01, 2.265168122748096036e-01
3.182090424910560822e-01, 2.450146329335968765e-01, 2.103198472775711092e-01, 2.264564772977758489e-01
3.181627957884700653e-01, 2.450805221190738292e-01, 2.103605492319492454e-01, 2.263961328605068046e-01
3.181165337689790262e-01, 2.451464134958714625e-01, 2.104012737380367148e-01, 2.263357789971129630e-01
3.180702564351454709e-01, 2.452123070442898956e-01, 2.104420207788666453e-01, 2.262754157416980993e-01
3.180239637895485583e-01, 2.452782027446303859e-01, 2.104827903374618114e-01, 2.262150431283593277e-01
3.179776558347846005e-01, 2.453441005771944128e-01, 2.105235823968339692e-01, 2.261546611911870452e-01
3.179313325734661744e-01, 2.454100005222847047e-01, 2.105643969399841053e-01, 2.260942699642650711e-01
3.178849940082226766e-01, 2.454759025602044342e-01, 2.106052339499026593e-01, 2.260338694816702576e-01
3.178386401417002682e-01, 2.455418066712576897e-01, 2.106460934095693571e-01, 2.259734597774726017e-01
3.177922709765617637e-01, 2.456077128357493644e-01, 2.106869753019532110e-01, 2.259130408857356054e-01
3.177458865154866308e-01, 2.456736210339853788e-01, 2.107278796100124640e-01, 2.258526128405154987e-01
3.176994867611712126e-01, 2.457395312462722081e-01, 2.107688063166949788e-01, 2.257921756758617116e-01
3.176530717163283946e-01, 2.458054434529173826e-01, 2.108097554049377376e-01, 2.257317294258165130e-01
3.176066413836878266e-01, 2.458713576342292373e-01, 2.108507268576673699e-01, 2.256712741244155385e-01
3.175601957659959784e-01, 2.459372737705172174e-01, 2.108917206577998193e-01, 2.256108098056870126e-01
3.175137348660159731e-01, 2.460031918420914621e-01, 2.109327367882402882e-01, 2.255503365036522767e-01
3.174672586865278090e-01, 2.460691118292631929e-01, 2.109737752318837367e-01, 2.254898542523254001e-01
3.174207672303277494e-01, 2.461350337123447418e-01, 2.110148359716143007e-01, 2.254293630857132080e-01
3.173742605002294326e-01, 2.462009574716491345e-01, 2.110559189903059851e-01, 2.253688630378155033e-01
3.173277384990627614e-01, 2.462668830874907289e-01, 2.110970242708218314e-01, 2.253083541426246506e-01
3.172812012296747364e-01, 2.463328105401847434e-01, 2.111381517960147225e-01, 2.252478364341258532e-01
3.172346486949285671e-01, 2.463987398100475346e-01, 2.111793015487269665e-01, 2.251873099462968486e-01
3.171880808977049493e-01, 2.464646708773963468e-01, 2.112204735117905463e-01, 2.251267747131081021e-01
3.171414978409007879e-01, 2.465306037225499236e-01, 2.112616676680268701e-01, 2.250662307685225016e-01
3.170948995274298077e-01, 2.465965383258276744e-01, 2.113028840002468822e-01, 2.250056781464955247e-01
3.170482859602227754e-01, 2.466624746675505908e-01, 2.113441224912513960e-01, 2.249451168809752100e-01
3.170016571422268337e-01, 2.467284127280403305e-01, 2.113853831238307335e-01, 2.248845470059021023e-01
3.169550130764062223e-01, 2.467943524876202444e-01, 2.114266658807645860e-01, 2.248239685552088918e-01
3.169083537657416128e-01, 2.468602939266144602e-01, 2.114679707448228752e-01, 2.247633815628209963e-01
3.168616792132308846e-01, 2.469262370253486605e-01, 2.115092976987646700e-01, 2.247027860626558959e-01
3.168149894218880713e-01, 2.469921817641493877e-01, 2.115506467253389644e-01, 2.246421820886233822e-01
3.167682843947447480e-01, 2.470581281233449056e-01, 2.115920178072846769e-01, 2.245815696746258083e-01
3.167215641348485322e-01, 2.471240760832643657e-01, 2.116334109273299013e-01, 2.245209488545572563e-01
3.166748286452642502e-01, 2.471900256242383076e-01, 2.116748260681929616e-01, 2.244603196623044528e-01
3.166280779290734371e-01, 2.472559767265989916e-01, 2.117162632125819122e-01, 2.243996821317457979e-01
3.165813119893743921e-01, 2.473219293706792332e-01, 2.117577223431942879e-01, 2.243390362967522533e-01
3.165345308292820681e-01, 2.473878835368139018e-01, 2.117992034427176595e-01, 2.242783821911864262e-01
3.164877344519283486e-01, 2.474538392053390323e-01, 2.118407064938293838e-01, 2.242177198489032630e-01
3.164409228604618818e-01, 2.475197963565918535e-01, 2.118822314791967143e-01, 2.241570493037495226e-01
3.163940960580481354e-01, 2.475857549709113425e-01, 2.119237783814767184e-01, 2.240963705895638314e-01
3.163472540478691752e-01, 2.476517150286376978e-01, 2.119653471833162217e-01, 2.240356837401768497e-01
3.163003968331242199e-01, 2.477176765101126166e-01, 2.120069378673520022e-01, 2.239749887894111335e-01
3.162535244170290860e-01, 2.477836393956792116e-01, 2.120485504162108181e-01, 2.239142857710808843e-01
3.162066368028161323e-01, 2.478496036656823165e-01, 2.120901848125094080e-01, 2.238535747189920322e-01
3.161597339937350370e-01, 2.479155693004680694e-01, 2.121318410388542686e-01, 2.237928556669426250e-01
3.161128159930518544e-01, 2.479815362803842460e-01, 2.121735190778418212e-01, 2.237321286487220784e-01
3.160658828040495694e-01, 2.480475045857801208e-01, 2.122152189120588284e-01, 2.236713936981114537e-01
3.160189344300281533e-01, 2.481134741970065227e-01, 2.122569405240816165e-01, 2.236106508488836242e-01
3.159719708743041755e-01, 2.481794450944160291e-01, 2.122986838964768253e-01, 2.235499001348029424e-01
3.159249921402109695e-01, 2.482454172583626884e-01, 2.123404490118010468e-01, 2.234891415896252398e-01
3.158779982310989665e-01, 2.483113906692021866e-01, 2.123822358526007426e-01, 2.234283752470979934e-01
3.158309891503351396e-01, 2.483773653072920140e-01, 2.124240444014128260e-01, 2.233676011409601314e-01
3.157839649013032823e-01, 2.484433411529911317e-01, 2.124658746407639409e-01, 2.233068193049417005e-01
3.157369254874042297e-01, 2.485093181866603051e-01, 2.125077265531707671e-01, 2.232460297727645593e-01
3.156898709120555258e-01, 2.485752963886620481e-01, 2.125496001211406027e-01, 2.231852325781417956e-01
3.156428011786913124e-01, 2.486412757393605955e-01, 2.125914953271705599e-01, 2.231244277547776156e-01
3.155957162907628843e-01, 2.487072562191219305e-01, 2.126334121537476196e-01, 2.230636153363676766e-01
3.155486162517381343e-01, 2.487732378083137297e-01, 2.126753505833495206e-01, 2.230027953565988097e-01
3.155015010651018859e-01, 2.488392204873053626e-01, 2.127173105984438151e-01, 2.229419678491488532e-01
3.154543707343558379e-01, 2.489052042364684747e-01, 2.127592921814883686e-01, 2.228811328476871800e-01
3.154072252630184536e-01, 2.489711890361761548e-01, 2.128012953149313602e-01, 2.228202903858741146e-01
3.153600646546248498e-01, 2.490371748668033514e-01, 2.128433199812108934e-01, 2.227594404973609332e-01
3.153128889127272960e-01, 2.491031617087271222e-01, 2.128853661627557736e-01, 2.226985832157899470e-01
3.152656980408946041e-01, 2.491691495423261349e-01, 2.129274338419847035e-01, 2.226377185747946408e-01
3.152184920427125170e-01, 2.492351383479811666e-01, 2.129695230013070040e-01, 2.225768466079993402e-01
3.151712709217838193e-01, 2.493011281060748263e-01, 2.130116336231220042e-01, 2.225159673490193502e-01
3.151240346817276716e-01, 2.493671187969917769e-01, 2.130537656898197352e-01, 2.224550808314607608e-01
3.150767833261806095e-01, 2.494331104011186517e-01, 2.130959191837800970e-01, 2.223941870889206696e-01
3.150295168587954886e-01, 2.494991028988438886e-01, 2.131380940873737750e-01, 2.223332861549868200e-01
3.149822352832424843e-01, 2.495650962705580900e-01, 2.131802903829616569e-01, 2.222723780632377133e-01
3.149349386032080922e-01, 2.496310904966540511e-01, 2.132225080528951100e-01, 2.222114628472428022e-01
3.148876268223961827e-01, 2.496970855575260662e-01, 2.132647470795157318e-01, 2.221505405405619082e-01
3.148402999445270578e-01, 2.497630814335711769e-01, 2.133070074451559606e-01, 2.220896111767458880e-01
3.147929579733378391e-01, 2.498290781051881182e-01, 2.133492891321381590e-01, 2.220286747893357726e-01
3.147456009125830234e-01, 2.498950755527779288e-01, 2.133915921227756141e-01, 2.219677314118634615e-01
3.146982287660332611e-01, 2.499610737567433960e-01, 2.134339163993719257e-01, 2.219067810778513894e-01
3.146508415374764667e-01, 2.500270726974900271e-01, 2.134762619442211740e-01, 2.218458238208123601e-01
3.146034392307172634e-01, 2.500930723554250501e-01, 2.135186287396079186e-01, 2.217848596742497680e-01
3.145560218495771498e-01, 2.501590727109579970e-01, 2.135610167678074489e-01, 2.217238886716573210e-01
3.145085893978944447e-01, 2.502250737445008144e-01, 2.136034260110856453e-01, 2.216629108465191511e-01
3.144611418795242863e-01, 2.502910754364673918e-01, 2.136458564516985348e-01, 2.216019262323097594e-01
3.144136792983387996e-01, 2.503570777672740610e-01, 2.136883080718933181e-01, 2.215409348624939601e-01
3.143662016582265961e-01, 2.504230807173391526e-01, 2.137307808539074261e-01, 2.214799367705268252e-01
3.143187089630936626e-01, 2.504890842670837170e-01, 2.137732747799691302e-01, 2.214189319898536012e-01
3.142712012168621949e-01, 2.505550883969308029e-01, 2.138157898322971540e-01, 2.213579205539099315e-01
3.142236784234718749e-01, 2.506210930873057352e-01, 2.138583259931011171e-01, 2.212969024961213282e-01
3.141761405868788160e-01, 2.506870983186363366e-01, 2.139008832445812303e-01, 2.212358778499036172e-01
3.141285877110560620e-01, 2.507531040713529280e-01, 2.139434615689282670e-01, 2.211748466486627152e-01
3.140810197999935327e-01, 2.508191103258879395e-01, 2.139860609483240639e-01, 2.211138089257945194e-01
3.140334368576980228e-01, 2.508851170626761329e-01, 2.140286813649407704e-01, 2.210527647146850183e-01
3.139858388881931472e-01, 2.509511242621552118e-01, 2.140713228009416547e-01, 2.209917140487099863e-01
3.139382258955192850e-01, 2.510171319047647120e-01, 2.141139852384806030e-01, 2.209306569612353721e-01
3.138905978837338018e-01, 2.510831399709470002e-01, 2.141566686597022873e-01, 2.208695934856168275e-01
3.138429548569107719e-01, 2.511491484411468855e-01, 2.141993730467423307e-01, 2.208085236552000119e-01
3.137952968191412007e-01, 2.512151572958115642e-01, 2.142420983817269198e-01, 2.207474475033202599e-01
3.137476237745328023e-01, 2.512811665153908414e-01, 2.142848446467733869e-01, 2.206863650633028584e-01
3.136999357272104993e-01, 2.513471760803370203e-01, 2.143276118239897110e-01, 2.206252763684627693e-01
3.136522326813155348e-01, 2.514131859711049022e-01, 2.143703998954749890e-01, 2.205641814521046296e-01
3.136045146410063600e-01, 2.514791961681521193e-01, 2.144132088433188532e-01, 2.205030803475226953e-01
3.135567816104580796e-01, 2.515452066519386354e-01, 2.144560386496023041e-01, 2.204419730880010087e-01
3.135090335938629513e-01, 2.516112174029270787e-01, 2.144988892963968496e-01, 2.203808597068132036e-01
3.134612705954296086e-01, 2.516772284015826866e-01, 2.145417607657653380e-01, 2.203197402372223390e-01
3.134134926193838377e-01, 2.517432396283737495e-01, 2.145846530397613194e-01, 2.202586147124811489e-01
3.133656996699682451e-01, 2.518092510637706116e-01, 2.146275661004293511e-01, 2.201974831658317644e-01
3.133178917514422013e-01, 2.518752626882467816e-01, 2.146704999298052752e-01, 2.201363456305057420e-01
3.132700688680819523e-01, 2.519412744822783212e-01, 2.147134545099155245e-01, 2.200752021397241742e-01
3.132222310241806196e-01, 2.520072864263439016e-01, 2.147564298227780388e-01, 2.200140527266975787e-01
3.131743782240478113e-01, 2.520732985009251914e-01, 2.147994258504014875e-01, 2.199528974246254265e-01
3.131265104720107884e-01, 2.521393106865065237e-01, 2.148424425747857414e-01, 2.198917362666970021e-01
3.130786277724126321e-01, 2.522053229635750071e-01, 2.148854799779217339e-01, 2.198305692860905991e-01
3.130307301296140210e-01, 2.522713353126206370e-01, 2.149285380417916835e-01, 2.197693965159737417e-01
3.129828175479921759e-01, 2.523373477141360177e-01, 2.149716167483685936e-01, 2.197082179895031850e-01
3.129348900319411930e-01, 2.524033601486167511e-01, 2.150147160796170021e-01, 2.196470337398249706e-01
3.128869475858719884e-01, 2.524693725965616586e-01, 2.150578360174924264e-01, 2.195858438000740098e-01
3.128389902142122425e-01, 2.525353850384718379e-01, 2.151009765439413912e-01, 2.195246482033745283e-01
3.127910179214065667e-01, 2.526013974548516061e-01, 2.151441376409021222e-01, 2.194634469828396217e-01
3.127430307119165032e-01, 2.526674098262083334e-01, 2.151873192903036025e-01, 2.194022401715716719e-01
3.126950285902200255e-01, 2.527334221330519437e-01, 2.152305214740662387e-01, 2.193410278026615978e-01
3.126470115608124267e-01, 2.527994343558959134e-01, 2.152737441741018609e-01, 2.192798099091898267e-01
3.125989796282054312e-01, 2.528654464752562725e-01, 2.153169873723131955e-01, 2.192185865242251286e-01
3.125509327969279161e-01, 2.529314584716519376e-01, 2.153602510505945311e-01, 2.191573576808256429e-01
3.125028710715252456e-01, 2.529974703256052670e-01, 2.154035351908314411e-01, 2.190961234120379353e-01
3.124547944565599367e-01, 2.530634820176415056e-01, 2.154468397749008668e-01, 2.190348837508976632e-01
3.124067029566111042e-01, 2.531294935282887848e-01, 2.154901647846709789e-01, 2.189736387304291321e-01
3.123585965762748495e-01, 2.531955048380784556e-01, 2.155335102020013993e-01, 2.189123883836453510e-01
3.123104753201637607e-01, 2.532615159275452554e-01, 2.155768760087430347e-01, 2.188511327435480047e-01
3.122623391929076897e-01, 2.533275267772264194e-01, 2.156202621867383262e-01, 2.187898718431275369e-01
3.122141881991529200e-01, 2.533935373676629021e-01, 2.156636687178211109e-01, 2.187286057153629559e-01
3.121660223435628878e-01, 2.534595476793986002e-01, 2.157070955838167603e-01, 2.186673343932218905e-01
3.121178416308175718e-01, 2.535255576929803523e-01, 2.157505427665417364e-01, 2.186060579096603951e-01
3.120696460656137705e-01, 2.535915673889587163e-01, 2.157940102478043409e-01, 2.185447762976232555e-01
3.120214356526653243e-01, 2.536575767478870258e-01, 2.158374980094042439e-01, 2.184834895900434337e-01
3.119732103967026715e-01, 2.537235857503220560e-01, 2.158810060331326774e-01, 2.184221978198426506e-01
3.119249703024730702e-01, 2.537895943768236906e-01, 2.159245343007722973e-01, 2.183609010199308031e-01
3.118767153747407650e-01, 2.538556026079553662e-01, 2.159680827940973769e-01, 2.182995992232063531e-01
3.118284456182865982e-01, 2.539216104242836280e-01, 2.160116514948738631e-01, 2.182382924625559939e-01
3.117801610379082322e-01, 2.539876178063781853e-01, 2.160552403848590153e-01, 2.181769807708545394e-01
3.117318616384201491e-01, 2.540536247348124110e-01, 2.160988494458020437e-01, 2.181156641809654517e-01
3.116835474246538173e-01, 2.541196311901627314e-01, 2.161424786594433323e-01, 2.180543427257402023e-01
3.116352184014571369e-01, 2.541856371530091807e-01, 2.161861280075153269e-01, 2.179930164380183832e-01
3.115868745736949941e-01, 2.542516426039351241e-01, 2.162297974717418692e-01, 2.179316853506279572e-01
3.115385159462492615e-01, 2.543176475235271461e-01, 2.162734870338386961e-01, 2.178703494963848963e-01
3.114901425240182431e-01, 2.543836518923755508e-01, 2.163171966755129683e-01, 2.178090089080932101e-01
3.114417543119171738e-01, 2.544496556910739171e-01, 2.163609263784637693e-01, 2.177476636185450842e-01
3.113933513148780530e-01, 2.545156589002194325e-01, 2.164046761243816897e-01, 2.176863136605206306e-01
3.113449335378499216e-01, 2.545816615004125594e-01, 2.164484458949495482e-01, 2.176249590667880263e-01
3.112965009857981968e-01, 2.546476634722573129e-01, 2.164922356718411989e-01, 2.175635998701033746e-01
3.112480536637051709e-01, 2.547136647963615386e-01, 2.165360454367228071e-01, 2.175022361032105944e-01
3.111995915765701226e-01, 2.547796654533361349e-01, 2.165798751712521564e-01, 2.174408677988415861e-01
3.111511147294088175e-01, 2.548456654237959418e-01, 2.166237248570789531e-01, 2.173794949897162043e-01
3.111026231272540632e-01, 2.549116646883591852e-01, 2.166675944758447159e-01, 2.173181177085418969e-01
3.110541167751553204e-01, 2.549776632276479771e-01, 2.167114840091826367e-01, 2.172567359880140381e-01
3.110055956781786479e-01, 2.550436610222877043e-01, 2.167553934387180525e-01, 2.171953498608156785e-01
3.109570598414070908e-01, 2.551096580529075286e-01, 2.167993227460678629e-01, 2.171339593596175455e-01
3.109085092699402919e-01, 2.551756543001402755e-01, 2.168432719128411401e-01, 2.170725645170782092e-01
3.108599439688949917e-01, 2.552416497446223786e-01, 2.168872409206388796e-01, 2.170111653658437501e-01
3.108113639434041398e-01, 2.553076443669942130e-01, 2.169312297510539167e-01, 2.169497619385477305e-01
3.107627691986178387e-01, 2.553736381478995954e-01, 2.169752383856710098e-01, 2.168883542678115839e-01
3.107141597397026778e-01, 2.554396310679862281e-01, 2.170192668060669516e-01, 2.168269423862440315e-01
3.106655355718423994e-01, 2.555056231079053108e-01, 2.170633149938106798e-01, 2.167655263264414989e-01
3.106168967002370662e-01, 2.555716142483124287e-01, 2.171073829304628611e-01, 2.167041061209876995e-01
3.105682431301036162e-01, 2.556376044698661643e-01, 2.171514705975763626e-01, 2.166426818024538292e-01
3.105195748666757516e-01, 2.557035937532295966e-01, 2.171955779766960304e-01, 2.165812534033985937e-01
3.104708919152039392e-01, 2.557695820790691910e-01, 2.172397050493589943e-01, 2.165198209563679033e-01
3.104221942809552992e-01, 2.558355694280554093e-01, 2.172838517970941130e-01, 2.164583844938951229e-01
3.103734819692136604e-01, 2.559015557808626551e-01, 2.173280182014228068e-01, 2.163969440485009610e-01
3.103247549852797271e-01, 2.559675411181691063e-01, 2.173722042438580304e-01, 2.163354996526931640e-01
3.102760133344706905e-01, 2.560335254206568822e-01, 2.174164099059054389e-01, 2.162740513389669050e-01
3.102272570221208392e-01, 2.560995086690120437e-01, 2.174606351690625550e-01, 2.162125991398045344e-01
3.101784860535807820e-01, 2.561654908439246481e-01, 2.175048800148191019e-01, 2.161511430876756346e-01
3.101297004342178365e-01, 2.562314719260885831e-01, 2.175491444246570039e-01, 2.160896832150366320e-01
3.100809001694163625e-01, 2.562974518962018444e-01, 2.175934283800504687e-01, 2.160282195543314077e-01
3.100320852645772063e-01, 2.563634307349663133e-01, 2.176377318624659329e-01, 2.159667521379905197e-01
3.099832557251179233e-01, 2.564294084230879789e-01, 2.176820548533620336e-01, 2.159052809984319810e-01
3.099344115564727220e-01, 2.564953849412769382e-01, 2.177263973341896086e-01, 2.158438061680607034e-01
3.098855527640929086e-01, 2.565613602702471741e-01, 2.177707592863918629e-01, 2.157823276792682488e-01
3.098366793534457764e-01, 2.566273343907167215e-01, 2.178151406914043686e-01, 2.157208455644332723e-01
3.097877913300156605e-01, 2.566933072834080010e-01, 2.178595415306548155e-01, 2.156593598559214675e-01
3.097388886993037715e-01, 2.567592789290472632e-01, 2.179039617855635658e-01, 2.155978705860854272e-01
3.096899714668278625e-01, 2.568252493083647559e-01, 2.179484014375429601e-01, 2.155363777872642828e-01
3.096410396381221730e-01, 2.568912184020956113e-01, 2.179928604679980120e-01, 2.154748814917841482e-01
3.095920932187378183e-01, 2.569571861909782928e-01, 2.180373388583259353e-01, 2.154133817319579258e-01
3.095431322142425667e-01, 2.570231526557558710e-01, 2.180818365899163669e-01, 2.153518785400851676e-01
3.094941566302207847e-01, 2.570891177771754688e-01, 2.181263536441516437e-01, 2.152903719484521583e-01
3.094451664722734918e-01, 2.571550815359885389e-01, 2.181708900024061371e-01, 2.152288619893318322e-01
3.093961617460184721e-01, 2.572210439129506976e-01, 2.182154456460469460e-01, 2.151673486949838843e-01
3.093471424570900519e-01, 2.572870048888220573e-01, 2.182600205564336204e-01, 2.151058320976544092e-01
3.092981086111392108e-01, 2.573529644443666164e-01, 2.183046147149180771e-01, 2.150443122295761234e-01
3.092490602138336375e-01, 2.574189225603530362e-01, 2.183492281028449333e-01, 2.149827891229683097e-01
3.091999972708577293e-01, 2.574848792175540302e-01, 2.183938607015513678e-01, 2.149212628100367894e-01
3.091509197879123705e-01, 2.575508343967468639e-01, 2.184385124923668986e-01, 2.148597333229738671e-01
3.091018277707150430e-01, 2.576167880787131326e-01, 2.184831834566137165e-01, 2.147982006939581634e-01
3.090527212249999378e-01, 2.576827402442384840e-01, 2.185278735756067403e-01, 2.147366649551546713e-01
3.090036001565179546e-01, 2.577486908741136173e-01, 2.185725828306531726e-01, 2.146751261387150889e-01
3.089544645710367576e-01, 2.578146399491327845e-01, 2.186173112030531940e-01, 2.146135842767770974e-01
3.089053144743402202e-01, 2.578805874500955664e-01, 2.186620586740994909e-01, 2.145520394014647780e-01
3.088561498722289245e-01, 2.579465333578051522e-01, 2.187068252250773948e-01, 2.144904915448885840e-01
3.088069707705202727e-01, 2.580124776530698383e-01, 2.187516108372648538e-01, 2.144289407391450075e-01
3.087577771750480982e-01, 2.580784203167023061e-01, 2.187964154919326554e-01, 2.143673870163170792e-01
3.087085690916628877e-01, 2.581443613295192341e-01, 2.188412391703442594e-01, 2.143058304084735632e-01
3.086593465262318370e-01, 2.582103006723424632e-01, 2.188860818537557706e-01, 2.142442709476698182e-01
3.086101094846385173e-01, 2.582762383259982197e-01, 2.189309435234162160e-01, 2.141827086659470192e-01
3.085608579727832645e-01, 2.583421742713169489e-01, 2.189758241605672118e-01, 2.141211435953324638e-01
3.085115919965829567e-01, 2.584081084891341473e-01, 2.190207237464432688e-01, 2.140595757678396549e-01
3.084623115619707923e-01, 2.584740409602895306e-01, 2.190656422622717925e-01, 2.139980052154679402e-01
3.084130166748970114e-01, 2.585399716656275326e-01, 2.191105796892726942e-01, 2.139364319702028172e-01
3.083637073413281193e-01, 2.586059005859973614e-01, 2.191555360086590576e-01, 2.138748560640154894e-01
3.083143835672470523e-01, 2.586718277022528323e-01, 2.192005112016366941e-01, 2.138132775288632270e-01
3.082650453586537886e-01, 2.587377529952524235e-01, 2.192455052494044210e-01, 2.137516963966893113e-01
3.082156927215644604e-01, 2.588036764458592209e-01, 2.192905181331536446e-01, 2.136901126994226463e-01
3.081663256620116309e-01, 2.588695980349410286e-01, 2.193355498340691101e-01, 2.136285264689781194e-01
3.081169441860450164e-01, 2.589355177433704247e-01, 2.193806003333280130e-01, 2.135669377372564626e-01
3.080675482997302095e-01, 2.590014355520248723e-01, 2.194256696121009986e-01, 2.135053465361439196e-01
3.080181380091496779e-01, 2.590673514417864975e-01, 2.194707576515513014e-01, 2.134437528975126341e-01
3.079687133204023208e-01, 2.591332653935418673e-01, 2.195158644328352449e-01, 2.133821568532204560e-01
3.079192742396036353e-01, 2.591991773881829331e-01, 2.195609899371024076e-01, 2.133205584351109962e-01
3.078698207728857161e-01, 2.592650874066060873e-01, 2.196061341454949856e-01, 2.132589576750132387e-01
3.078203529263967564e-01, 2.593309954297127184e-01, 2.196512970391484021e-01, 2.131973546047420398e-01
3.077708707063021021e-01, 2.593969014384090443e-01, 2.196964785991912528e-01, 2.131357492560976008e-01
3.077213741187830309e-01, 2.594628054136061124e-01, 2.197416788067451110e-01, 2.130741416608658012e-01
3.076718631700375295e-01, 2.595287073362199659e-01, 2.197868976429245003e-01, 2.130125318508180599e-01
3.076223378662801822e-01, 2.595946071871713112e-01, 2.198321350888373382e-01, 2.129509198577111961e-01
3.075727982137418937e-01, 2.596605049473860172e-01, 2.198773911255845481e-01, 2.128893057132875410e-01
3.075232442186703330e-01, 2.597264005977950041e-01, 2.199226657342600866e-01, 2.128276894492746873e-01
3.074736758873290454e-01, 2.597922941193338553e-01, 2.199679588959511933e-01, 2.127660710973858782e-01
3.074240932259988957e-01, 2.598581854929432611e-01, 2.200132705917383635e-01, 2.127044506893195353e-01
3.073744962409764026e-01, 2.599240746995690743e-01, 2.200586008026950147e-01, 2.126428282567593975e-01
3.073248849385750714e-01, 2.599899617201618662e-01, 2.201039495098882914e-01, 2.125812038313746877e-01
3.072752593251247832e-01, 2.600558465356775928e-01, 2.201493166943780666e-01, 2.125195774448195574e-01
3.072256194069716284e-01, 2.601217291270770393e-01, 2.201947023372176904e-01, 2.124579491287336697e-01
3.071759651904782951e-01, 2.601876094753259872e-01, 2.202401064194537961e-01, 2.123963189147418940e-01
3.071262966820240137e-01, 2.602534875613956578e-01, 2.202855289221263002e-01, 2.123346868344539728e-01
3.070766138880043905e-01, 2.603193633662620465e-01, 2.203309698262683192e-01, 2.122730529194652160e-01
3.070269168148311856e-01, 2.603852368709065335e-01, 2.203764291129065578e-01, 2.122114172013556954e-01
3.069772054689330343e-01, 2.604511080563154390e-01, 2.204219067630607265e-01, 2.121497797116908279e-01
3.069274798567547258e-01, 2.605169769034803018e-01, 2.204674027577443185e-01, 2.120881404820208482e-01
3.068777399847574250e-01, 2.605828433933978783e-01, 2.205129170779636660e-01, 2.120264995438810307e-01
3.068279858594187837e-01, 2.606487075070702542e-01, 2.205584497047190229e-01, 2.119648569287918838e-01
3.067782174872329959e-01, 2.607145692255046221e-01, 2.206040006190038150e-01, 2.119032126682587058e-01
3.067284348747102984e-01, 2.607804285297132818e-01, 2.206495698018048623e-01, 2.118415667937716129e-01
3.066786380283775815e-01, 2.608462854007140286e-01, 2.206951572341026013e-01, 2.117799193368058164e-01
3.066288269547780554e-01, 2.609121398195297648e-01, 2.207407628968708346e-01, 2.117182703288214007e-01
3.065790016604713619e-01, 2.609779917671888327e-01, 2.207863867710768147e-01, 2.116566198012629629e-01
3.065291621520334631e-01, 2.610438412247248485e-01, 2.208320288376813822e-01, 2.115949677855604449e-01
3.064793084360564190e-01, 2.611096881731765906e-01, 2.208776890776389668e-01, 2.115333143131280513e-01
3.064294405191492210e-01, 2.611755325935883332e-01, 2.209233674718974194e-01, 2.114716594153650819e-01
3.063795584079367362e-01, 2.612413744670097904e-01, 2.209690640013982077e-01, 2.114100031236554045e-01
3.063296621090602079e-01, 2.613072137744959500e-01, 2.210147786470762488e-01, 2.113483454693675101e-01
3.062797516291775879e-01, 2.613730504971071289e-01, 2.210605113898604368e-01, 2.112866864838549019e-01
3.062298269749628710e-01, 2.614388846159092505e-01, 2.211062622106727826e-01, 2.112250261984551791e-01
3.061798881531062055e-01, 2.615047161119737340e-01, 2.211520310904292741e-01, 2.111633646444908696e-01
3.061299351703144489e-01, 2.615705449663770499e-01, 2.211978180100393765e-01, 2.111017018532691247e-01
3.060799680333105011e-01, 2.616363711602014974e-01, 2.212436229504064766e-01, 2.110400378560814694e-01
3.060299867488337489e-01, 2.617021946745348160e-01, 2.212894458924273000e-01, 2.109783726842041351e-01
3.059799913236397884e-01, 2.617680154904701850e-01, 2.213352868169926324e-01, 2.109167063688974220e-01
3.059299817645003694e-01, 2.618338335891065016e-01, 2.213811457049866260e-01, 2.108550389414065307e-01
3.058799580782037841e-01, 2.618996489515478254e-01, 2.214270225372874379e-01, 2.107933704329609248e-01
3.058299202715544785e-01, 2.619654615589041557e-01, 2.214729172947668967e-01, 2.107317008747744969e-01
3.057798683513732185e-01, 2.620312713922909320e-01, 2.215188299582905584e-01, 2.106700302980453465e-01
3.057298023244969243e-01, 2.620970784328290892e-01, 2.215647605087179561e-01, 2.106083587339561136e-01
3.056797221977788914e-01, 2.621628826616453911e-01, 2.216107089269022667e-01, 2.105466862136735617e-01
3.056296279780886804e-01, 2.622286840598720414e-01, 2.216566751936903945e-01, 2.104850127683489114e-01
3.055795196723118945e-01, 2.622944826086471837e-01, 2.217026592899234427e-01, 2.104233384291175069e-01
3.055293972873506236e-01, 2.623602782891142349e-01, 2.217486611964360754e-01, 2.103616632270989273e-01
3.054792608301233336e-01, 2.624260710824225518e-01, 2.217946808940570447e-01, 2.102999871933970977e-01
3.054291103075640890e-01, 2.624918609697272642e-01, 2.218407183636088853e-01, 2.102383103590998170e-01
3.053789457266238294e-01, 2.625576479321889423e-01, 2.218867735859080259e-01, 2.101766327552792024e-01
3.053287670942694265e-01, 2.626234319509742066e-01, 2.219328465417648999e-01, 2.101149544129914670e-01
3.052785744174838500e-01, 2.626892130072553400e-01, 2.219789372119838899e-01, 2.100532753632768923e-01
3.052283677032665010e-01, 2.627549910822103985e-01, 2.220250455773634113e-01, 2.099915956371596892e-01
3.051781469586328233e-01, 2.628207661570230447e-01, 2.220711716186957452e-01, 2.099299152656483591e-01
3.051279121906145253e-01, 2.628865382128830475e-01, 2.221173153167672887e-01, 2.098682342797351108e-01
3.050776634062595249e-01, 2.629523072309858378e-01, 2.221634766523584437e-01, 2.098065527103962769e-01
3.050274006126318382e-01, 2.630180731925327309e-01, 2.222096556062435890e-01, 2.097448705885919806e-01
3.049771238168114684e-01, 2.630838360787309815e-01, 2.222558521591912750e-01, 2.096831879452663583e-01
3.049268330258948501e-01, 2.631495958707936178e-01, 2.223020662919640844e-01, 2.096215048113474755e-01
3.048765282469945159e-01, 2.632153525499396629e-01, 2.223482979853186048e-01, 2.095598212177471331e-01
3.048262094872392081e-01, 2.632811060973940798e-01, 2.223945472200057893e-01, 2.094981371953610061e-01
3.047758767537734892e-01, 2.633468564943876045e-01, 2.224408139767705683e-01, 2.094364527750683658e-01
3.047255300537583533e-01, 2.634126037221569683e-01, 2.224870982363519600e-01, 2.093747679877326906e-01
3.046751693943707817e-01, 2.634783477619451197e-01, 2.225333999794833484e-01, 2.093130828642008057e-01
3.046247947828040203e-01, 2.635440885950007250e-01, 2.225797191868919001e-01, 2.092513974353033546e-01
3.045744062262671914e-01, 2.636098262025786676e-01, 2.226260558392995914e-01, 2.091897117318546051e-01
3.045240037319855153e-01, 2.636755605659395485e-01, 2.226724099174222649e-01, 2.091280257846526436e-01
3.044735873072006993e-01, 2.637412916663502416e-01, 2.227187814019698786e-01, 2.090663396244790417e-01
3.044231569591699937e-01, 2.638070194850840045e-01, 2.227651702736469785e-01, 2.090046532820989955e-01
3.043727126951671913e-01, 2.638727440034193128e-01, 2.228115765131522541e-01, 2.089429667882611585e-01
3.043222545224817388e-01, 2.639384652026416367e-01, 2.228580001011786216e-01, 2.088812801736980307e-01
3.042717824484195144e-01, 2.640041830640419418e-01, 2.229044410184133629e-01, 2.088195934691252087e-01
3.042212964803021058e-01, 2.640698975689176331e-01, 2.229508992455380700e-01, 2.087579067052422188e-01
3.041707966254674211e-01, 2.641356086985722773e-01, 2.229973747632287562e-01, 2.086962199127316009e-01
3.041202828912691336e-01, 2.642013164343153253e-01, 2.230438675521558001e-01, 2.086345331222596855e-01
3.040697552850774588e-01, 2.642670207574627228e-01, 2.230903775929838906e-01, 2.085728463644759556e-01
3.040192138142778222e-01, 2.643327216493366327e-01, 2.231369048663721377e-01, 2.085111596700133241e-01
3.039686584862725804e-01, 2.643984190912649912e-01, 2.231834493529741004e-01, 2.084494730694883557e-01
3.039180893084793000e-01, 2.644641130645825622e-01, 2.232300110334378140e-01, 2.083877865935004070e-01
3.038675062883320344e-01, 2.645298035506298273e-01, 2.232765898884057354e-01, 2.083261002726324584e-01
3.038169094332806019e-01, 2.645954905307540406e-01, 2.233231858985146590e-01, 2.082644141374506985e-01
3.037662987507909196e-01, 2.646611739863083956e-01, 2.233697990443961612e-01, 2.082027282185045236e-01
3.037156742483449468e-01, 2.647268538986524145e-01, 2.234164293066761009e-01, 2.081410425463266767e-01
3.036650359334400751e-01, 2.647925302491521693e-01, 2.234630766659749523e-01, 2.080793571514326923e-01
3.036143838135906270e-01, 2.648582030191798942e-01, 2.235097411029076941e-01, 2.080176720643218402e-01
3.035637178963258576e-01, 2.649238721901140958e-01, 2.235564225980840036e-01, 2.079559873154759597e-01
3.035130381891917306e-01, 2.649895377433398869e-01, 2.236031211321079515e-01, 2.078943029353605143e-01
3.034623446997496976e-01, 2.650551996602486526e-01, 2.236498366855781406e-01, 2.078326189544235092e-01
3.034116374355771972e-01, 2.651208579222380513e-01, 2.236965692390883165e-01, 2.077709354030963518e-01
3.033609164042678219e-01, 2.651865125107127352e-01, 2.237433187732261186e-01, 2.077092523117934353e-01
3.033101816134307627e-01, 2.652521634070828527e-01, 2.237900852685743847e-01, 2.076475697109120278e-01
3.032594330706912533e-01, 2.653178105927658237e-01, 2.238368687057104567e-01, 2.075858876308324663e-01
3.032086707836905703e-01, 2.653834540491851746e-01, 2.238836690652063199e-01, 2.075242061019180184e-01
3.031578947600855334e-01, 2.654490937577710929e-01, 2.239304863276286583e-01, 2.074625251545147986e-01
3.031071050075491713e-01, 2.655147296999600393e-01, 2.239773204735391043e-01, 2.074008448189518239e-01
3.030563015337700561e-01, 2.655803618571953018e-01, 2.240241714834936004e-01, 2.073391651255410140e-01
3.030054843464529135e-01, 2.656459902109266080e-01, 2.240710393380432319e-01, 2.072774861045771633e-01
3.029546534533181790e-01, 2.657116147426101249e-01, 2.241179240177338106e-01, 2.072158077863378578e-01
3.029038088621021085e-01, 2.657772354337087917e-01, 2.241648255031057912e-01, 2.071541302010833085e-01
3.028529505805568345e-01, 2.658428522656919868e-01, 2.242117437746944664e-01, 2.070924533790567124e-01
3.028020786164502542e-01, 2.659084652200357501e-01, 2.242586788130301045e-01, 2.070307773504838356e-01
3.027511929775662525e-01, 2.659740742782227829e-01, 2.243056305986376453e-01, 2.069691021455732360e-01
3.027002936717042569e-01, 2.660396794217425032e-01, 2.243525991120370044e-01, 2.069074277945160967e-01
3.026493807066796271e-01, 2.661052806320909903e-01, 2.243995843337430462e-01, 2.068457543274863086e-01
3.025984540903235986e-01, 2.661708778907707629e-01, 2.244465862442653337e-01, 2.067840817746403603e-01
3.025475138304829503e-01, 2.662364711792911676e-01, 2.244936048241085169e-01, 2.067224101661173652e-01
3.024965599350205592e-01, 2.663020604791684898e-01, 2.245406400537721392e-01, 2.066607395320388674e-01
3.024455924118145678e-01, 2.663676457719255652e-01, 2.245876919137507199e-01, 2.065990699025091193e-01
3.023946112687595500e-01, 2.664332270390919466e-01, 2.246347603845335883e-01, 2.065374013076149151e-01
3.023436165137652343e-01, 2.664988042622039033e-01, 2.246818454466053272e-01, 2.064757337774254242e-01
3.022926081547573363e-01, 2.665643774228048102e-01, 2.247289470804453293e-01, 2.064140673419924132e-01
3.022415861996773923e-01, 2.666299465024444815e-01, 2.247760652665281300e-01, 2.063524020313498852e-01
3.021905506564823152e-01, 2.666955114826797257e-01, 2.248231999853233520e-01, 2.062907378755146071e-01
3.021395015331450051e-01, 2.667610723450741794e-01, 2.248703512172954277e-01, 2.062290749044854432e-01
3.020884388376539609e-01, 2.668266290711981403e-01, 2.249175189429041266e-01, 2.061674131482436612e-01
3.020373625780135018e-01, 2.668921816426292892e-01, 2.249647031426041111e-01, 2.061057526367530424e-01
3.019862727622434351e-01, 2.669577300409515797e-01, 2.250119037968453806e-01, 2.060440933999595770e-01
3.019351693983793328e-01, 2.670232742477562371e-01, 2.250591208860729109e-01, 2.059824354677914360e-01
3.018840524944724213e-01, 2.670888142446413704e-01, 2.251063543907269038e-01, 2.059207788701592767e-01
3.018329220585895811e-01, 2.671543500132118609e-01, 2.251536042912426760e-01, 2.058591236369559097e-01
3.017817780988132359e-01, 2.672198815350797507e-01, 2.252008705680506317e-01, 2.057974697980562706e-01
3.017306206232416854e-01, 2.672854087918639099e-01, 2.252481532015767340e-01, 2.057358173833176151e-01
3.016794496399886616e-01, 2.673509317651902584e-01, 2.252954521722417836e-01, 2.056741664225793520e-01
3.016282651571835505e-01, 2.674164504366916550e-01, 2.253427674604619180e-01, 2.056125169456628765e-01
3.015770671829712812e-01, 2.674819647880080642e-01, 2.253900990466486676e-01, 2.055508689823719592e-01
3.015258557255124372e-01, 2.675474748007865000e-01, 2.254374469112086499e-01, 2.054892225624922186e-01
3.014746307929832558e-01, 2.676129804566810266e-01, 2.254848110345440138e-01, 2.054275777157916760e-01
3.014233923935755177e-01, 2.676784817373525915e-01, 2.255321913970520231e-01, 2.053659344720199231e-01
3.013721405354964356e-01, 2.677439786244695807e-01, 2.255795879791251679e-01, 2.053042928609088991e-01
3.013208752269688206e-01, 2.678094710997070416e-01, 2.256270007611515804e-01, 2.052426529121725018e-01
3.012695964762312495e-01, 2.678749591447476264e-01, 2.256744297235146468e-01, 2.051810146555063941e-01
3.012183042915376752e-01, 2.679404427412807599e-01, 2.257218748465928682e-01, 2.051193781205885858e-01
3.011669986811574828e-01, 2.680059218710032498e-01, 2.257693361107606100e-01, 2.050577433370786296e-01
3.011156796533757118e-01, 2.680713965156188427e-01, 2.258168134963872697e-01, 2.049961103346181479e-01
3.010643472164930001e-01, 2.681368666568387793e-01, 2.258643069838378037e-01, 2.049344791428304724e-01
3.010130013788250292e-01, 2.682023322763811279e-01, 2.259118165534727274e-01, 2.048728497913210322e-01
3.009616421487035787e-01, 2.682677933559715067e-01, 2.259593421856479489e-01, 2.048112223096769380e-01
3.009102695344755274e-01, 2.683332498773426389e-01, 2.260068838607145747e-01, 2.047495967274671202e-01
3.008588835445033527e-01, 2.683987018222346310e-01, 2.260544415590197143e-01, 2.046879730742421633e-01
3.008074841871649086e-01, 2.684641491723945839e-01, 2.261020152609057587e-01, 2.046263513795346656e-01
3.007560714708535921e-01, 2.685295919095770922e-01, 2.261496049467105751e-01, 2.045647316728586851e-01
3.007046454039782324e-01, 2.685950300155440784e-01, 2.261972105967676172e-01, 2.045031139837102108e-01
3.006532059949628133e-01, 2.686604634720645701e-01, 2.262448321914059535e-01, 2.044414983415666354e-01
3.006017532522473057e-01, 2.687258922609151446e-01, 2.262924697109501837e-01, 2.043798847758872828e-01
3.005502871842866131e-01, 2.687913163638797620e-01, 2.263401231357207999e-01, 2.043182733161129361e-01
3.004988077995510709e-01, 2.688567357627495436e-01, 2.263877924460332702e-01, 2.042566639916660598e-01
3.004473151065267245e-01, 2.689221504393231599e-01, 2.264354776221994547e-01, 2.041950568319507164e-01
3.003958091137145514e-01, 2.689875603754066646e-01, 2.264831786445264117e-01, 2.041334518663524000e-01
3.003442898296312946e-01, 2.690529655528134390e-01, 2.265308954933169250e-01, 2.040718491242383137e-01
3.002927572628089070e-01, 2.691183659533644135e-01, 2.265786281488696707e-01, 2.040102486349569810e-01
3.002412114217946071e-01, 2.691837615588879573e-01, 2.266263765914789396e-01, 2.039486504278386347e-01
3.001896523151509344e-01, 2.692491523512197116e-01, 2.266741408014345815e-01, 2.038870545321947170e-01
3.001380799514559716e-01, 2.693145383122031999e-01, 2.267219207590223939e-01, 2.038254609773183512e-01
3.000864943393029005e-01, 2.693799194236890515e-01, 2.267697164445239277e-01, 2.037638697924840092e-01
3.000348954873005014e-01, 2.694452956675354449e-01, 2.268175278382165150e-01, 2.037022810069474832e-01
2.999832834040724316e-01, 2.695106670256084969e-01, 2.268653549203731579e-01, 2.036406946499459414e-01
2.999316580982578917e-01, 2.695760334797814850e-01, 2.269131976712627230e-01, 2.035791107506980113e-01
2.998800195785112366e-01, 2.696413950119352920e-01, 2.269610560711500247e-01, 2.035175293384034467e-01
2.998283678535023089e-01, 2.697067516039586277e-01, 2.270089301002956861e-01, 2.034559504422435439e-01
2.997767029319158838e-01, 2.697721032377473627e-01, 2.270568197389560283e-01, 2.033943740913806419e-01
2.997250248224523350e-01, 2.698374498952054168e-01, 2.271047249673836810e-01, 2.033328003149585950e-01
2.996733335338269688e-01, 2.699027915582442039e-01, 2.271526457658265274e-01, 2.032712291421022166e-01
2.996216290747705235e-01, 2.699681282087827427e-01, 2.272005821145291482e-01, 2.032096606019177798e-01
2.995699114540285590e-01, 2.700334598287475463e-01, 2.272485339937313775e-01, 2.031480947234924894e-01
2.995181806803625668e-01, 2.700987864000731209e-01, 2.272965013836693582e-01, 2.030865315358948986e-01
2.994664367625485268e-01, 2.701641079047015781e-01, 2.273444842645751807e-01, 2.030249710681747144e-01
2.994146797093779067e-01, 2.702294243245826344e-01, 2.273924826166769109e-01, 2.029634133493626313e-01
2.993629095296572173e-01, 2.702947356416737779e-01, 2.274404964201984791e-01, 2.029018584084704147e-01
2.993111262322084576e-01, 2.703600418379402681e-01, 2.274885256553601798e-01, 2.028403062744912611e-01
2.992593298258682255e-01, 2.704253428953550809e-01, 2.275365703023778385e-01, 2.027787569763988551e-01
2.992075203194887734e-01, 2.704906387958990188e-01, 2.275846303414638394e-01, 2.027172105431483407e-01
2.991556977219371749e-01, 2.705559295215607674e-01, 2.276327057528264586e-01, 2.026556670036757934e-01
2.991038620420956029e-01, 2.706212150543365613e-01, 2.276807965166699199e-01, 2.025941263868979159e-01
2.990520132888614402e-01, 2.706864953762306292e-01, 2.277289026131947836e-01, 2.025325887217130638e-01
2.990001514711473352e-01, 2.707517704692551375e-01, 2.277770240225976406e-01, 2.024710540369998313e-01
2.989482765978807577e-01, 2.708170403154297468e-01, 2.278251607250712518e-01, 2.024095223616182160e-01
2.988963886780041657e-01, 2.708823048967824443e-01, 2.278733127008046033e-01, 2.023479937244087312e-01
2.988444877204753936e-01, 2.709475641953488778e-01, 2.279214799299827121e-01, 2.022864681541931553e-01
2.987925737342671528e-01, 2.710128181931724667e-01, 2.279696623927867094e-01, 2.022249456797736156e-01
2.987406467283670319e-01, 2.710780668723048459e-01, 2.280178600693944235e-01, 2.021634263299336987e-01
2.986887067117781069e-01, 2.711433102148053664e-01, 2.280660729399794084e-01, 2.021019101334372847e-01
2.986367536935177758e-01, 2.712085482027413175e-01, 2.281143009847117209e-01, 2.020403971190291026e-01
2.985847876826192016e-01, 2.712737808181880927e-01, 2.281625441837577262e-01, 2.019788873154350073e-01
2.985328086881299248e-01, 2.713390080432290796e-01, 2.282108025172797927e-01, 2.019173807513610919e-01
2.984808167191129180e-01, 2.714042298599556036e-01, 2.282590759654369861e-01, 2.018558774554945756e-01
2.984288117846456978e-01, 2.714694462504668171e-01, 2.283073645083843195e-01, 2.017943774565031378e-01
2.983767938938209907e-01, 2.715346571968701994e-01, 2.283556681262734755e-01, 2.017328807830353066e-01
2.983247630557466223e-01, 2.715998626812812233e-01, 2.284039867992521955e-01, 2.016713874637199033e-01
2.982727192795449067e-01, 2.716650626858232997e-01, 2.284523205074648344e-01, 2.016098975271669314e-01
2.982206625743535344e-01, 2.717302571926278887e-01, 2.285006692310520005e-01, 2.015484110019665487e-01
2.981685929493249620e-01, 2.717954461838347213e-01, 2.285490329501507212e-01, 2.014869279166897065e-01
2.981165104136260791e-01, 2.718606296415915224e-01, 2.285974116448944993e-01, 2.014254482998878715e-01
2.980644149764395956e-01, 2.719258075480541770e-01, 2.286458052954132014e-01, 2.013639721800930538e-01
2.980123066469622106e-01, 2.719909798853865635e-01, 2.286942138818333359e-01, 2.013024995858178345e-01
2.979601854344060552e-01, 2.720561466357609981e-01, 2.287426373842776084e-01, 2.012410305455551995e-01
2.979080513479979153e-01, 2.721213077813577907e-01, 2.287910757828655328e-01, 2.011795650877787611e-01
2.978559043969792874e-01, 2.721864633043654114e-01, 2.288395290577127927e-01, 2.011181032409425640e-01
2.978037445906067671e-01, 2.722516131869806566e-01, 2.288879971889318243e-01, 2.010566450334807520e-01
2.977515719381514381e-01, 2.723167574114084277e-01, 2.289364801566316776e-01, 2.009951904938083733e-01
2.976993864488995944e-01, 2.723818959598619527e-01, 2.289849779409177111e-01, 2.009337396503207140e-01
2.976471881321519630e-01, 2.724470288145625085e-01, 2.290334905218920081e-01, 2.008722925313933261e-01
2.975949769972243697e-01, 2.725121559577399211e-01, 2.290820178796534046e-01, 2.008108491653822492e-01
2.975427530534471288e-01, 2.725772773716321762e-01, 2.291305599942971560e-01, 2.007494095806237333e-01
2.974905163101653205e-01, 2.726423930384853089e-01, 2.291791168459148542e-01, 2.006879738054343776e-01
2.974382667767391242e-01, 2.727075029405541806e-01, 2.292276884145953986e-01, 2.006265418681111579e-01
2.973860044625430410e-01, 2.727726070601015351e-01, 2.292762746804240526e-01, 2.005651137969312325e-01
2.973337293769666156e-01, 2.728377053793987206e-01, 2.293248756234824992e-01, 2.005036896201521368e-01
2.972814415294137702e-01, 2.729027978807252452e-01, 2.293734912238495349e-01, 2.004422693660114496e-01
2.972291409293033038e-01, 2.729678845463692216e-01, 2.294221214616003479e-01, 2.003808530627270990e-01
2.971768275860690034e-01, 2.730329653586267558e-01, 2.294707663168071843e-01, 2.003194407384970843e-01
2.971245015091587560e-01, 2.730980402998027246e-01, 2.295194257695387097e-01, 2.002580324214997265e-01
2.970721627080354921e-01, 2.731631093522104980e-01, 2.295680997998605644e-01, 2.001966281398934455e-01
2.970198111921766859e-01, 2.732281724981714399e-01, 2.296167883878351412e-01, 2.001352279218167329e-01
2.969674469710744114e-01, 2.732932297200156846e-01, 2.296654915135215302e-01, 2.000738317953881795e-01
2.969150700542356192e-01, 2.733582810000818597e-01, 2.297142091569758515e-01, 2.000124397887066696e-01
2.968626804511813044e-01, 2.734233263207168640e-01, 2.297629412982509500e-01, 1.999510519298508537e-01
2.968102781714477834e-01, 2.734883656642762562e-01, 2.298116879173962845e-01, 1.998896682468796204e-01
2.967578632245854164e-01, 2.735533990131240878e-01, 2.298604489944586771e-01, 1.998282887678317632e-01
2.967054356201594412e-01, 2.736184263496327929e-01, 2.299092245094814246e-01, 1.997669135207262858e-01
2.966529953677495834e-01, 2.736834476561834650e-01, 2.299580144425049100e-01, 1.997055425335619860e-01
2.966005424769498910e-01, 2.737484629151659132e-01, 2.300068187735664071e-01, 1.996441758343177053e-01
2.965480769573693998e-01, 2.738134721089781620e-01, 2.300556374827001649e-01, 1.995828134509523011e-01
2.964955988186312452e-01, 2.738784752200270622e-01, 2.301044705499372678e-01, 1.995214554114043692e-01
2.964431080703734400e-01, 2.739434722307280690e-01, 2.301533179553059139e-01, 1.994601017435926604e-01
2.963906047222480411e-01, 2.740084631235051305e-01, 2.302021796788312757e-01, 1.993987524754155805e-01
2.963380887839221489e-01, 2.740734478807908547e-01, 2.302510557005353620e-01, 1.993374076347516066e-01
2.962855602650770193e-01, 2.741384264850266206e-01, 2.302999460004373777e-01, 1.992760672494589547e-01
2.962330191754084519e-01, 2.742033989186624110e-01, 2.303488505585535584e-01, 1.992147313473756898e-01
2.961804655246265683e-01, 2.742683651641567022e-01, 2.303977693548971972e-01, 1.991533999563196433e-01
2.961278993224560341e-01, 2.743333252039770187e-01, 2.304467023694785621e-01, 1.990920731040885239e-01
2.960753205786360032e-01, 2.743982790205990452e-01, 2.304956495823050622e-01, 1.990307508184597507e-01
2.960227293029200069e-01, 2.744632265965079587e-01, 2.305446109733813309e-01, 1.989694331271906480e-01
2.959701255050760649e-01, 2.745281679141969855e-01, 2.305935865227089765e-01, 1.989081200580180564e-01
2.959175091948861858e-01, 2.745931029561684555e-01, 2.306425762102868038e-01, 1.988468116386585549e-01
2.958648803821472550e-01, 2.746580317049333031e-01, 2.306915800161107311e-01, 1.987855078968085720e-01
2.958122390766703136e-01, 2.747229541430114552e-01, 2.307405979201740120e-01, 1.987242088601441636e-01
2.957595852882808907e-01, 2.747878702529314432e-01, 2.307896299024668474e-01, 1.986629145563209853e-01
2.957069190268183934e-01, 2.748527800172304580e-01, 2.308386759429768842e-01, 1.986016250129742644e-01
2.956542403021371612e-01, 2.749176834184550722e-01, 2.308877360216887442e-01, 1.985403402577190501e-01
2.956015491241054116e-01, 2.749825804391600181e-01, 2.309368101185846345e-01, 1.984790603181498803e-01
2.955488455026059058e-01, 2.750474710619095764e-01, 2.309858982136436534e-01, 1.984177852218408367e-01
2.954961294475356159e-01, 2.751123552692762431e-01, 2.310350002868425956e-01, 1.983565149963456287e-01
2.954434009688057250e-01, 2.751772330438416736e-01, 2.310841163181551194e-01, 1.982952496691974820e-01
2.953906600763417378e-01, 2.752421043681966273e-01, 2.311332462875524685e-01, 1.982339892679091109e-01
2.953379067800834257e-01, 2.753069692249405231e-01, 2.311823901750030830e-01, 1.981727338199728849e-01
2.952851410899848261e-01, 2.753718275966818285e-01, 2.312315479604727941e-01, 1.981114833528604680e-01
2.952323630160141321e-01, 2.754366794660378370e-01, 2.312807196239248242e-01, 1.980502378940231234e-01
2.951795725681536919e-01, 2.755015248156348906e-01, 2.313299051453197031e-01, 1.979889974708914924e-01
2.951267697564001202e-01, 2.755663636281084905e-01, 2.313791045046155459e-01, 1.979277621108758434e-01
2.950739545907643535e-01, 2.756311958861026312e-01, 2.314283176817675813e-01, 1.978665318413654617e-01
2.950211270812711506e-01, 2.756960215722706886e-01, 2.314775446567287343e-01, 1.978053066897294265e-01
2.949682872379598142e-01, 2.757608406692750314e-01, 2.315267854094490985e-01, 1.977440866833160560e-01
2.949154350708834693e-01, 2.758256531597870209e-01, 2.315760399198766029e-01, 1.976828718494529624e-01
2.948625705901095628e-01, 2.758904590264869561e-01, 2.316253081679564008e-01, 1.976216622154470803e-01
2.948096938057196970e-01, 2.759552582520643504e-01, 2.316745901336311197e-01, 1.975604578085848606e-01
2.947568047278094072e-01, 2.760200508192177105e-01, 2.317238857968409449e-01, 1.974992586561319097e-01
2.947039033664884400e-01, 2.760848367106548129e-01, 2.317731951375237853e-01, 1.974380647853330450e-01
2.946509897318805304e-01, 2.761496159090920943e-01, 2.318225181356147468e-01, 1.973768762234126006e-01
2.945980638341235691e-01, 2.762143883972555947e-01, 2.318718547710467981e-01, 1.973156929975739826e-01
2.945451256833693798e-01, 2.762791541578804022e-01, 2.319212050237503542e-01, 1.972545151349998915e-01
2.944921752897839973e-01, 2.763439131737103760e-01, 2.319705688736534155e-01, 1.971933426628521280e-01
2.944392126635473894e-01, 2.764086654274990340e-01, 2.320199463006817064e-01, 1.971321756082718979e-01
2.943862378148534575e-01, 2.764734109020086650e-01, 2.320693372847584812e-01, 1.970710139983794240e-01
2.943332507539100917e-01, 2.765381495800110501e-01, 2.321187418058045238e-01, 1.970098578602742234e-01
2.942802514909394485e-01, 2.766028814442870742e-01, 2.321681598437385363e-01, 1.969487072210347745e-01
2.942272400361775064e-01, 2.766676064776268928e-01, 2.322175913784768064e-01, 1.968875621077189886e-01
2.941742163998736781e-01, 2.767323246628295430e-01, 2.322670363899332624e-01, 1.968264225473633777e-01
2.941211805922922529e-01, 2.767970359827039428e-01, 2.323164948580196676e-01, 1.967652885669841090e-01
2.940681326237107873e-01, 2.768617404200677812e-01, 2.323659667626451764e-01, 1.967041601935761996e-01
2.940150725044209379e-01, 2.769264379577481838e-01, 2.324154520837172500e-01, 1.966430374541135451e-01
2.939620002447282943e-01, 2.769911285785816024e-01, 2.324649508011406573e-01, 1.965819203755493072e-01
2.939089158549524350e-01, 2.770558122654137034e-01, 2.325144628948181413e-01, 1.965208089848157202e-01
2.938558193454264278e-01, 2.771204890010996458e-01, 2.325639883446500855e-01, 1.964597033088237577e-01
2.938027107264977178e-01, 2.771851587685035812e-01, 2.326135271305349861e-01, 1.963986033744636872e-01
2.937495900085271838e-01, 2.772498215504994867e-01, 2.326630792323688413e-01, 1.963375092086044882e-01
2.936964572018895825e-01, 2.773144773299704435e-01, 2.327126446300457063e-01, 1.962764208380942677e-01
2.936433123169738812e-01, 2.773791260898088584e-01, 2.327622233034573329e-01, 1.962153382897600384e-01
2.935901553641823147e-01, 2.774437678129164087e-01, 2.328118152324936407e-01, 1.961542615904076636e-01
2.935369863539313839e-01, 2.775084024822045969e-01, 2.328614203970420515e-01, 1.960931907668219953e-01
2.934838052966509681e-01, 2.775730300805941408e-01, 2.329110387769881274e-01, 1.960321258457666804e-01
2.934306122027849906e-01, 2.776376505910149728e-01, 2.329606703522155708e-01, 1.959710668539844103e-01
2.933774070827910307e-01, 2.777022639964069617e-01, 2.330103151026055031e-01, 1.959100138181965878e-01
2.933241899471402125e-01, 2.777668702797188027e-01, 2.330599730080374909e-01, 1.958489667651034383e-01
2.932709608063178153e-01, 2.778314694239093496e-01, 2.331096440483886867e-01, 1.957879257213840651e-01
2.932177196708224964e-01, 2.778960614119462824e-01, 2.331593282035347714e-01, 1.957268907136964498e-01
2.931644665511666803e-01, 2.779606462268072731e-01, 2.332090254533488449e-01, 1.956658617686772572e-01
2.931112014578763358e-01, 2.780252238514794305e-01, 2.332587357777022863e-01, 1.956048389129419196e-01
2.930579244014913654e-01, 2.780897942689592450e-01, 2.333084591564646704e-01, 1.955438221730846637e-01
2.930046353925652158e-01, 2.781543574622527548e-01, 2.333581955695034627e-01, 1.954828115756784557e-01
2.929513344416649900e-01, 2.782189134143758791e-01, 2.334079449966842135e-01, 1.954218071472749174e-01
2.928980215593712244e-01, 2.782834621083535853e-01, 2.334577074178705858e-01, 1.953608089144046323e-01
2.928446967562782777e-01, 2.783480035272208331e-01, 2.335074828129243829e-01, 1.952998169035764786e-01
2.927913600429941088e-01, 2.784125376540221297e-01, 2.335572711617054931e-01, 1.952388311412783795e-01
2.927380114301400549e-01, 2.784770644718114752e-01, 2.336070724440718893e-01, 1.951778516539766362e-01
2.926846509283512199e-01, 2.785415839636525281e-01, 2.336568866398799071e-01, 1.951168784681163171e-01
2.926312785482761969e-01, 2.786060961126186064e-01, 2.337067137289839391e-01, 1.950559116101212298e-01
2.925778943005772348e-01, 2.786706009017927976e-01, 2.337565536912365460e-01, 1.949949511063935048e-01
2.925244981959297386e-01, 2.787350983142677374e-01, 2.338064065064883734e-01, 1.949339969833142616e-01
2.924710902450229910e-01, 2.787995883331456093e-01, 2.338562721545886514e-01, 1.948730492672427483e-01
2.924176704585595976e-01, 2.788640709415386998e-01, 2.339061506153845005e-01, 1.948121079845171466e-01
2.923642388472558196e-01, 2.789285461225686769e-01, 2.339560418687214871e-01, 1.947511731614540165e-01
2.923107954218410742e-01, 2.789930138593669784e-01, 2.340059458944434012e-01, 1.946902448243484629e-01
2.922573401930586567e-01, 2.790574741350749788e-01, 2.340558626723923119e-01, 1.946293229994741636e-01
2.922038731716647408e-01, 2.791219269328434338e-01, 2.341057921824086230e-01, 1.945684077130831746e-01
2.921503943684294335e-01, 2.791863722358334243e-01, 2.341557344043309341e-01, 1.945074989914062080e-01
2.920969037941359980e-01, 2.792508100272153015e-01, 2.342056893179964849e-01, 1.944465968606523820e-01
2.920434014595811312e-01, 2.793152402901691866e-01, 2.342556569032406555e-01, 1.943857013470091377e-01
2.919898873755749635e-01, 2.793796630078854704e-01, 2.343056371398970494e-01, 1.943248124766425167e-01
2.919363615529409484e-01, 2.794440781635641469e-01, 2.343556300077979382e-01, 1.942639302756969943e-01
2.918828240025157505e-01, 2.795084857404149803e-01, 2.344056354867739278e-01, 1.942030547702953414e-01
2.918292747351496352e-01, 2.795728857216575047e-01, 2.344556535566540145e-01, 1.941421859865387622e-01
2.917757137617060792e-01, 2.796372780905213573e-01, 2.345056841972656125e-01, 1.940813239505069510e-01
2.917221410930617709e-01, 2.797016628302458341e-01, 2.345557273884346094e-01, 1.940204686882577023e-01
2.916685567401068324e-01, 2.797660399240802787e-01, 2.346057831099852831e-01, 1.939596202258275226e-01
2.916149607137445976e-01, 2.798304093552839156e-01, 2.346558513417406344e-01, 1.938987785892309079e-01
2.915613530248915564e-01, 2.798947711071256284e-01, 2.347059320635217772e-01, 1.938379438044609271e-01
2.915077336844775768e-01, 2.799591251628847366e-01, 2.347560252551488258e-01, 1.937771158974887498e-01
2.914541027034457943e-01, 2.800234715058501078e-01, 2.348061308964400351e-01, 1.937162948942640628e-01
2.914004600927524447e-01, 2.800878101193204350e-01, 2.348562489672124109e-01, 1.936554808207145706e-01
2.913468058633670310e-01, 2.801521409866050139e-01, 2.349063794472814048e-01, 1.935946737027464670e-01
2.912931400262722126e-01, 2.802164640910225768e-01, 2.349565223164612748e-01, 1.935338735662439913e-01
2.912394625924638603e-01, 2.802807794159019039e-01, 2.350066775545645026e-01, 1.934730804370698443e-01
2.911857735729509455e-01, 2.803450869445819338e-01, 2.350568451414024596e-01, 1.934122943410646056e-01
2.911320729787557071e-01, 2.804093866604118190e-01, 2.351070250567851572e-01, 1.933515153040474277e-01
2.910783608209132622e-01, 2.804736785467502047e-01, 2.351572172805211358e-01, 1.932907433518154527e-01
2.910246371104721064e-01, 2.805379625869661719e-01, 2.352074217924176591e-01, 1.932299785101440348e-01
2.909709018584937801e-01, 2.806022387644389604e-01, 2.352576385722807140e-01, 1.931692208047866288e-01
2.909171550760527025e-01, 2.806665070625575242e-01, 2.353078675999148717e-01, 1.931084702614749016e-01
2.908633967742366155e-01, 2.807307674647211981e-01, 2.353581088551234823e-01, 1.930477269059186762e-01
2.908096269641461395e-01, 2.807950199543392533e-01, 2.354083623177087026e-01, 1.929869907638057658e-01
2.907558456568952732e-01, 2.808592645148312861e-01, 2.354586279674712457e-01, 1.929262618608022228e-01
2.907020528636103385e-01, 2.809235011296268292e-01, 2.355089057842107703e-01, 1.928655402225521454e-01
2.906482485954313688e-01, 2.809877297821655184e-01, 2.355591957477254639e-01, 1.928048258746775656e-01
2.905944328635109986e-01, 2.810519504558974258e-01, 2.356094978378126259e-01, 1.927441188427788110e-01
2.905406056790150737e-01, 2.811161631342825040e-01, 2.356598120342682789e-01, 1.926834191524341711e-01
2.904867670531222634e-01, 2.811803678007909202e-01, 2.357101383168870301e-01, 1.926227268291998418e-01
2.904329169970240043e-01, 2.812445644389032218e-01, 2.357604766654626260e-01, 1.925620418986101201e-01
2.903790555219251113e-01, 2.813087530321100038e-01, 2.358108270597875089e-01, 1.925013643861773482e-01
2.903251826390430002e-01, 2.813729335639122975e-01, 2.358611894796528718e-01, 1.924406943173919138e-01
2.902712983596080210e-01, 2.814371060178209594e-01, 2.359115639048490476e-01, 1.923800317177219721e-01
2.902174026948634022e-01, 2.815012703773573932e-01, 2.359619503151653419e-01, 1.923193766126137516e-01
2.901634956560653622e-01, 2.815654266260533833e-01, 2.360123486903896728e-01, 1.922587290274915262e-01
2.901095772544829421e-01, 2.816295747474507061e-01, 2.360627590103089035e-01, 1.921980889877573651e-01
2.900556475013979507e-01, 2.816937147251014073e-01, 2.361131812547092312e-01, 1.921374565187913275e-01
2.900017064081049090e-01, 2.817578465425681356e-01, 2.361636154033754376e-01, 1.920768316459514069e-01
2.899477539859114383e-01, 2.818219701834236979e-01, 2.362140614360914159e-01, 1.920162143945733924e-01
2.898937902461378724e-01, 2.818860856312510044e-01, 2.362645193326401161e-01, 1.919556047899710349e-01
2.898398152001170347e-01, 2.819501928696436788e-01, 2.363149890728034608e-01, 1.918950028574358813e-01
2.897858288591948495e-01, 2.820142918822053923e-01, 2.363654706363622626e-01, 1.918344086222374678e-01
2.897318312347298419e-01, 2.820783826525503080e-01, 2.364159640030966680e-01, 1.917738221096230433e-01
2.896778223380934159e-01, 2.821424651643030801e-01, 2.364664691527856577e-01, 1.917132433448177076e-01
2.896238021806695206e-01, 2.822065394010986328e-01, 2.365169860652075462e-01, 1.916526723530245502e-01
2.895697707738547066e-01, 2.822706053465821041e-01, 2.365675147201391770e-01, 1.915921091594240400e-01
2.895157281290584583e-01, 2.823346629844094013e-01, 2.366180550973571994e-01, 1.915315537891749409e-01
2.894616742577029167e-01, 2.823987122982465903e-01, 2.366686071766370136e-01, 1.914710062674134794e-01
2.894076091712226573e-01, 2.824627532717703393e-01, 2.367191709377531872e-01, 1.914104666192537330e-01
2.893535328810653007e-01, 2.825267858886677530e-01, 2.367697463604795105e-01, 1.913499348697875191e-01
2.892994453986905135e-01, 2.825908101326362609e-01, 2.368203334245889691e-01, 1.912894110440843953e-01
2.892453467355708407e-01, 2.826548259873838953e-01, 2.368709321098535769e-01, 1.912288951671916315e-01
2.891912369031918173e-01, 2.827188334366292355e-01, 2.369215423960447375e-01, 1.911683872641342929e-01
2.891371159130508017e-01, 2.827828324641011859e-01, 2.369721642629330494e-01, 1.911078873599150185e-01
2.890829837766583088e-01, 2.828468230535392536e-01, 2.370227976902883060e-01, 1.910473954795141593e-01
2.890288405055371768e-01, 2.829108051886934372e-01, 2.370734426578794407e-01, 1.909869116478898621e-01
2.889746861112227894e-01, 2.829747788533244490e-01, 2.371240991454748870e-01, 1.909264358899778469e-01
2.889205206052630204e-01, 2.830387440312033265e-01, 2.371747671328421903e-01, 1.908659682306914351e-01
2.888663439992182891e-01, 2.831027007061118206e-01, 2.372254465997482298e-01, 1.908055086949217438e-01
2.888121563046613383e-01, 2.831666488618421740e-01, 2.372761375259591909e-01, 1.907450573075372968e-01
2.887579575331776782e-01, 2.832305884821971764e-01, 2.373268398912406763e-01, 1.906846140933843026e-01
2.887037476963650318e-01, 2.832945195509904979e-01, 2.373775536753576221e-01, 1.906241790772867650e-01
2.886495268058336672e-01, 2.833584420520461333e-01, 2.374282788580741044e-01, 1.905637522840460674e-01
2.885952948732060652e-01, 2.834223559691987915e-01, 2.374790154191540048e-01, 1.905033337384411385e-01
2.885410519101174187e-01, 2.834862612862937281e-01, 2.375297633383600948e-01, 1.904429234652287029e-01
2.884867979282151329e-01, 2.835501579871870792e-01, 2.375805225954548960e-01, 1.903825214891428086e-01
2.884325329391589920e-01, 2.836140460557454168e-01, 2.376312931702004028e-01, 1.903221278348951606e-01
2.883782569546210484e-01, 2.836779254758461932e-01, 2.376820750423577489e-01, 1.902617425271749818e-01
2.883239699862859551e-01, 2.837417962313773523e-01, 2.377328681916876796e-01, 1.902013655906489020e-01
2.882696720458505224e-01, 2.838056583062377736e-01, 2.377836725979504684e-01, 1.901409970499612911e-01
2.882153631450237175e-01, 2.838695116843366617e-01, 2.378344882409058336e-01, 1.900806369297337317e-01
2.881610432955270529e-01, 2.839333563495944901e-01, 2.378853151003129940e-01, 1.900202852545654908e-01
2.881067125090940872e-01, 2.839971922859420017e-01, 2.379361531559305298e-01, 1.899599420490332147e-01
2.880523707974709247e-01, 2.840610194773208752e-01, 2.379870023875170493e-01, 1.898996073376910676e-01
2.879980181724157151e-01, 2.841248379076836139e-01, 2.380378627748300224e-01, 1.898392811450705375e-01
2.879436546456988766e-01, 2.841886475609933793e-01, 2.380887342976269749e-01, 1.897789634956807969e-01
2.878892802291028175e-01, 2.842524484212242131e-01, 2.381396169356648218e-01, 1.897186544140080922e-01
2.878348949344226582e-01, 2.843162404723608150e-01, 2.381905106687001727e-01, 1.896583539245164374e-01
2.877804987734651765e-01, 2.843800236983988206e-01, 2.382414154764890823e-01, 1.895980620516468929e-01
2.877260917580496402e-01, 2.844437980833446900e-01, 2.382923313387874664e-01, 1.895377788198182867e-01
2.876716739000072520e-01, 2.845075636112156525e-01, 2.383432582353506579e-01, 1.894775042534265208e-01
2.876172452111813715e-01, 2.845713202660398733e-01, 2.383941961459337677e-01, 1.894172383768449874e-01
2.875628057034277374e-01, 2.846350680318562865e-01, 2.384451450502915459e-01, 1.893569812144244024e-01
2.875083553886138565e-01, 2.846988068927147064e-01, 2.384961049281786039e-01, 1.892967327904929165e-01
2.874538942786193374e-01, 2.847625368326759387e-01, 2.385470757593488034e-01, 1.892364931293558927e-01
2.873994223853362229e-01, 2.848262578358115027e-01, 2.385980575235562839e-01, 1.891762622552960460e-01
2.873449397206681577e-01, 2.848899698862039642e-01, 2.386490502005544079e-01, 1.891160401925734980e-01
2.872904462965308325e-01, 2.849536729679467695e-01, 2.387000537700967595e-01, 1.890558269654255552e-01
2.872359421248524836e-01, 2.850173670651443558e-01, 2.387510682119362571e-01, 1.889956225980667925e-01
2.871814272175727267e-01, 2.850810521619119853e-01, 2.388020935058259575e-01, 1.889354271146893305e-01
2.871269015866435015e-01, 2.851447282423759111e-01, 2.388531296315183905e-01, 1.888752405394621414e-01
2.870723652440285156e-01, 2.852083952906734332e-01, 2.389041765687663077e-01, 1.888150628965317435e-01
2.870178182017036339e-01, 2.852720532909527318e-01, 2.389552342973217669e-01, 1.887548942100218397e-01
2.869632604716564894e-01, 2.853357022273730892e-01, 2.390063027969371312e-01, 1.886947345040333179e-01
2.869086920658867612e-01, 2.853993420841045570e-01, 2.390573820473642919e-01, 1.886345838026443900e-01
2.868541129964057856e-01, 2.854629728453286219e-01, 2.391084720283552789e-01, 1.885744421299103135e-01
2.867995232752371115e-01, 2.855265944952372070e-01, 2.391595727196618448e-01, 1.885143095098637811e-01
2.867449229144158895e-01, 2.855902070180338925e-01, 2.392106841010356033e-01, 1.884541859665145036e-01
2.866903119259894828e-01, 2.856538103979329168e-01, 2.392618061522282513e-01, 1.883940715238494323e-01
2.866356903220164676e-01, 2.857174046191596761e-01, 2.393129388529913193e-01, 1.883339662058326480e-01
2.865810581145677438e-01, 2.857809896659505577e-01, 2.393640821830761156e-01, 1.882738700364054996e-01
2.865264153157259241e-01, 2.858445655225531068e-01, 2.394152361222344205e-01, 1.882137830394864098e-01
2.864717619375854452e-01, 2.859081321732263037e-01, 2.394664006502173481e-01, 1.881537052389709308e-01
2.864170979922520677e-01, 2.859716896022395094e-01, 2.395175757467765676e-01, 1.880936366587318276e-01
2.863624234918439315e-01, 2.860352377938737978e-01, 2.395687613916634151e-01, 1.880335773226188556e-01
2.863077384484906118e-01, 2.860987767324210118e-01, 2.396199575646293101e-01, 1.879735272544589553e-01
2.862530428743333966e-01, 2.861623064021845408e-01, 2.396711642454257829e-01, 1.879134864780563074e-01
2.861983367815251755e-01, 2.862258267874784878e-01, 2.397223814138043085e-01, 1.878534550171918893e-01
2.861436201822307179e-01, 2.862893378726284466e-01, 2.397736090495167505e-01, 1.877934328956241128e-01
2.860888930886265058e-01, 2.863528396419710575e-01, 2.398248471323144726e-01, 1.877334201370880473e-01
2.860341555129002344e-01, 2.864163320798539525e-01, 2.398760956419494772e-01, 1.876734167652962249e-01
2.859794074672518671e-01, 2.864798151706365315e-01, 2.399273545581736278e-01, 1.876134228039380014e-01
2.859246489638925248e-01, 2.865432888986886306e-01, 2.399786238607391486e-01, 1.875534382766798069e-01
2.858698800150450414e-01, 2.866067532483919100e-01, 2.400299035293979311e-01, 1.874934632071651730e-01
2.858151006329439081e-01, 2.866702082041390209e-01, 2.400811935439024769e-01, 1.874334976190145940e-01
2.857603108298351069e-01, 2.867336537503339944e-01, 2.401324938840053713e-01, 1.873735415358256107e-01
2.857055106179761661e-01, 2.867970898713920191e-01, 2.401838045294592272e-01, 1.873135949811726986e-01
2.856507000096362159e-01, 2.868605165517394417e-01, 2.402351254600169350e-01, 1.872536579786074351e-01
2.855958790170957662e-01, 2.869239337758139885e-01, 2.402864566554318293e-01, 1.871937305516583605e-01
2.855410476526470398e-01, 2.869873415280648765e-01, 2.403377980954571058e-01, 1.871338127238309224e-01
2.854862059285935838e-01, 2.870507397929523696e-01, 2.403891497598463767e-01, 1.870739045186075866e-01
2.854313538572504916e-01, 2.871141285549479449e-01, 2.404405116283537258e-01, 1.870140059594477822e-01
2.853764914509442918e-01, 2.871775077985347369e-01, 2.404918836807330984e-01, 1.869541170697879007e-01
2.853216187220126709e-01, 2.872408775082069821e-01, 2.405432658967390780e-01, 1.868942378730411857e-01
2.852667356828052503e-01, 2.873042376684704080e-01, 2.405946582561264702e-01, 1.868343683925978715e-01
2.852118423456825314e-01, 2.873675882638420109e-01, 2.406460607386502470e-01, 1.867745086518252384e-01
2.851569387230168395e-01, 2.874309292788500003e-01, 2.406974733240659359e-01, 1.867146586740672243e-01
2.851020248271915469e-01, 2.874942606980343540e-01, 2.407488959921293137e-01, 1.866548184826448686e-01
2.850471006706015165e-01, 2.875575825059459856e-01, 2.408003287225964906e-01, 1.865949881008559796e-01
2.849921662656528243e-01, 2.876208946871476324e-01, 2.408517714952241318e-01, 1.865351675519754393e-01
2.849372216247630929e-01, 2.876841972262131342e-01, 2.409032242897689857e-01, 1.864753568592547872e-01
2.848822667603609360e-01, 2.877474901077279323e-01, 2.409546870859886891e-01, 1.864155560459224703e-01
2.848273016848865136e-01, 2.878107733162889037e-01, 2.410061598636406843e-01, 1.863557651351839262e-01
2.847723264107910324e-01, 2.878740468365040828e-01, 2.410576426024834407e-01, 1.862959841502213887e-01
2.847173409505370789e-01, 2.879373106529934390e-01, 2.411091352822756495e-01, 1.862362131141938881e-01
2.846623453165983975e-01, 2.880005647503880439e-01, 2.411606378827762798e-01, 1.861764520502373066e-01
2.846073395214599455e-01, 2.880638091133305156e-01, 2.412121503837451608e-01, 1.861167009814643780e-01
2.845523235776180049e-01, 2.881270437264750184e-01, 2.412636727649422885e-01, 1.860569599309645772e-01
2.844972974975798485e-01, 2.881902685744873738e-01, 2.413152050061285192e-01, 1.859972289218043140e-01
2.844422612938639627e-01, 2.882534836420443947e-01, 2.413667470870649034e-01, 1.859375079770266559e-01
2.843872149789999915e-01, 2.883166889138351618e-01, 2.414182989875132967e-01, 1.858777971196516055e-01
2.843321585655287920e-01, 2.883798843745596363e-01, 2.414698606872358322e-01, 1.858180963726758228e-01
2.842770920660021017e-01, 2.884430700089296029e-01, 2.415214321659954755e-01, 1.857584057590727367e-01
2.842220154929830378e-01, 2.885062458016685039e-01, 2.415730134035557197e-01, 1.856987253017927664e-01
2.841669288590454867e-01, 2.885694117375110501e-01, 2.416246043796806964e-01, 1.856390550237628223e-01
2.841118321767745480e-01, 2.886325678012037765e-01, 2.416762050741350087e-01, 1.855793949478866944e-01
2.840567254587663681e-01, 2.886957139775046532e-01, 2.417278154666839818e-01, 1.855197450970448581e-01
2.840016087176281956e-01, 2.887588502511835853e-01, 2.417794355370936621e-01, 1.854601054940945848e-01
2.839464819659780481e-01, 2.888219766070214134e-01, 2.418310652651306236e-01, 1.854004761618698593e-01
2.838913452164452123e-01, 2.888850930298113018e-01, 2.418827046305623008e-01, 1.853408571231813240e-01
2.838361984816695771e-01, 2.889481995043576279e-01, 2.419343536131565719e-01, 1.852812484008163896e-01
2.837810417743021896e-01, 2.890112960154764266e-01, 2.419860121926821761e-01, 1.852216500175392078e-01
2.837258751070052543e-01, 2.890743825479956675e-01, 2.420376803489086293e-01, 1.851620619960904768e-01
2.836706984924514674e-01, 2.891374590867546446e-01, 2.420893580616061413e-01, 1.851024843591876912e-01
2.836155119433246830e-01, 2.892005256166045868e-01, 2.421410453105455607e-01, 1.850429171295251141e-01
2.835603154723196351e-01, 2.892635821224082693e-01, 2.421927420754986793e-01, 1.849833603297735551e-01
2.835051090921417716e-01, 2.893266285890399581e-01, 2.422444483362377610e-01, 1.849238139825803984e-01
2.834498928155074760e-01, 2.893896650013861871e-01, 2.422961640725363464e-01, 1.848642781105699628e-01
2.833946666551440119e-01, 2.894526913443446481e-01, 2.423478892641683369e-01, 1.848047527363429476e-01
2.833394306237893012e-01, 2.895157076028250231e-01, 2.423996238909087997e-01, 1.847452378824767927e-01
2.832841847341923680e-01, 2.895787137617486517e-01, 2.424513679325331905e-01, 1.846857335715256787e-01
2.832289289991126169e-01, 2.896417098060486972e-01, 2.425031213688185472e-01, 1.846262398260202220e-01
2.831736634313202772e-01, 2.897046957206699247e-01, 2.425548841795419075e-01, 1.845667566684677796e-01
2.831183880435967359e-01, 2.897676714905690898e-01, 2.426066563444818913e-01, 1.845072841213523662e-01
2.830631028487335943e-01, 2.898306371007142723e-01, 2.426584378434176181e-01, 1.844478222071344042e-01
2.830078078595334445e-01, 2.898935925360861532e-01, 2.427102286561292899e-01, 1.843883709482511957e-01
2.829525030888094816e-01, 2.899565377816762934e-01, 2.427620287623979412e-01, 1.843289303671162560e-01
2.828971885493855032e-01, 2.900194728224886331e-01, 2.428138381420057168e-01, 1.842695004861201191e-01
2.828418642540961314e-01, 2.900823976435388807e-01, 2.428656567747354555e-01, 1.842100813276295879e-01
2.827865302157864247e-01, 2.901453122298543463e-01, 2.429174846403710231e-01, 1.841506729139882059e-01
2.827311864473122660e-01, 2.902082165664743307e-01, 2.429693217186975063e-01, 1.840912752675159803e-01
2.826758329615398635e-01, 2.902711106384499029e-01, 2.430211679895007693e-01, 1.840318884105094088e-01
2.826204697713464165e-01, 2.903339944308440668e-01, 2.430730234325678141e-01, 1.839725123652417305e-01
2.825650968896192827e-01, 2.903968679287317611e-01, 2.431248880276864477e-01, 1.839131471539626472e-01
2.825097143292565338e-01, 2.904597311171995822e-01, 2.431767617546456983e-01, 1.838537927988982967e-01
2.824543221031667328e-01, 2.905225839813461164e-01, 2.432286445932356767e-01, 1.837944493222515019e-01
2.823989202242690455e-01, 2.905854265062819408e-01, 2.432805365232474926e-01, 1.837351167462014656e-01
2.823435087054930737e-01, 2.906482586771295673e-01, 2.433324375244733662e-01, 1.836757950929040761e-01
2.822880875597787997e-01, 2.907110804790231096e-01, 2.433843475767063780e-01, 1.836164843844915462e-01
2.822326568000769753e-01, 2.907738918971090603e-01, 2.434362666597413294e-01, 1.835571846430726906e-01
2.821772164393484550e-01, 2.908366929165453474e-01, 2.434881947533734103e-01, 1.834978958907328983e-01
2.821217664905644740e-01, 2.908994835225022779e-01, 2.435401318373993373e-01, 1.834386181495339108e-01
2.820663069667069256e-01, 2.909622637001619827e-01, 2.435920778916171592e-01, 1.833793514415139325e-01
2.820108378807680283e-01, 2.910250334347184720e-01, 2.436440328958256463e-01, 1.833200957886877702e-01
2.819553592457504920e-01, 2.910877927113778574e-01, 2.436959968298250401e-01, 1.832608512130466660e-01
2.818998710746668523e-01, 2.911505415153581300e-01, 2.437479696734167200e-01, 1.832016177365582699e-01
2.818443733805406914e-01, 2.912132798318892712e-01, 2.437999514064031759e-01, 1.831423953811667504e-01
2.817888661764054170e-01, 2.912760076462134751e-01, 2.438519420085884237e-01, 1.830831841687927675e-01
2.817333494753048728e-01, 2.913387249435847037e-01, 2.439039414597772293e-01, 1.830239841213332774e-01
2.816778232902930057e-01, 2.914014317092689654e-01, 2.439559497397761068e-01, 1.829647952606618111e-01
2.816222876344346426e-01, 2.914641279285445918e-01, 2.440079668283924585e-01, 1.829056176086283070e-01
2.815667425208040475e-01, 2.915268135867015720e-01, 2.440599927054352969e-01, 1.828464511870590836e-01
2.815111879624862534e-01, 2.915894886690422183e-01, 2.441120273507145777e-01, 1.827872960177570061e-01
2.814556239725761744e-01, 2.916521531608809448e-01, 2.441640707440417835e-01, 1.827281521225011252e-01
2.814000505641791050e-01, 2.917148070475438226e-01, 2.442161228652298677e-01, 1.826690195230472047e-01
2.813444677504107205e-01, 2.917774503143695797e-01, 2.442681836940926721e-01, 1.826098982411270832e-01
2.812888755443962441e-01, 2.918400829467086011e-01, 2.443202532104458147e-01, 1.825507882984492847e-01
2.812332739592715569e-01, 2.919027049299236509e-01, 2.443723313941060793e-01, 1.824916897166986574e-01
2.811776630081825878e-01, 2.919653162493895393e-01, 2.444244182248915265e-01, 1.824326025175363741e-01
2.811220427042851466e-01, 2.920279168904930112e-01, 2.444765136826219654e-01, 1.823735267225998491e-01
2.810664130607452571e-01, 2.920905068386331904e-01, 2.445286177471182598e-01, 1.823144623535032371e-01
2.810107740907389906e-01, 2.921530860792213025e-01, 2.445807303982029668e-01, 1.822554094318368512e-01
2.809551258074524660e-01, 2.922156545976805075e-01, 2.446328516156996979e-01, 1.821963679791672730e-01
2.808994682240819052e-01, 2.922782123794464559e-01, 2.446849813794339523e-01, 1.821373380170376310e-01
2.808438013538333555e-01, 2.923407594099670104e-01, 2.447371196692323392e-01, 1.820783195669673227e-01
2.807881252099231895e-01, 2.924032956747014689e-01, 2.447892664649232719e-01, 1.820193126504521253e-01
2.807324398055771608e-01, 2.924658211591222301e-01, 2.448414217463363574e-01, 1.819603172889641685e-01
2.806767451540317371e-01, 2.925283358487135721e-01, 2.448935854933028400e-01, 1.819013335039518509e-01
2.806210412685326561e-01, 2.925908397289718743e-01, 2.449457576856554353e-01, 1.818423613168399233e-01
2.805653281623361472e-01, 2.926533327854057287e-01, 2.449979383032285518e-01, 1.817834007490296555e-01
2.805096058487078214e-01, 2.927158150035359396e-01, 2.450501273258579304e-01, 1.817244518218983085e-01
2.804538743409233925e-01, 2.927782863688959125e-01, 2.451023247333809496e-01, 1.816655145567997454e-01
2.803981336522686219e-01, 2.928407468670309322e-01, 2.451545305056365143e-01, 1.816065889750640705e-01
2.803423837960387077e-01, 2.929031964834984403e-01, 2.452067446224652225e-01, 1.815476750979975740e-01
2.802866247855390625e-01, 2.929656352038687017e-01, 2.452589670637092822e-01, 1.814887729468830369e-01
2.802308566340847018e-01, 2.930280630137235276e-01, 2.453111978092124001e-01, 1.814298825429793149e-01
2.801750793550005780e-01, 2.930904798986576631e-01, 2.453634368388199205e-01, 1.813710039075218938e-01
2.801192929616212468e-01, 2.931528858442777885e-01, 2.454156841323788807e-01, 1.813121370617221673e-01
2.800634974672911448e-01, 2.932152808362027963e-01, 2.454679396697380667e-01, 1.812532820267680755e-01
2.800076928853642566e-01, 2.932776648600642355e-01, 2.455202034307477355e-01, 1.811944388238237447e-01
2.799518792292046143e-01, 2.933400379015058679e-01, 2.455724753952599204e-01, 1.811356074740296251e-01
2.798960565121856869e-01, 2.934023999461835008e-01, 2.456247555431283758e-01, 1.810767879985024087e-01
2.798402247476907134e-01, 2.934647509797657094e-01, 2.456770438542086321e-01, 1.810179804183350283e-01
2.797843839491125362e-01, 2.935270909879330592e-01, 2.457293403083575523e-01, 1.809591847545967136e-01
2.797285341298538230e-01, 2.935894199563787166e-01, 2.457816448854344693e-01, 1.809004010283329633e-01
2.796726753033266233e-01, 2.936517378708081161e-01, 2.458339575652996878e-01, 1.808416292605655451e-01
2.796168074829528671e-01, 2.937140447169390711e-01, 2.458862783278158437e-01, 1.807828694722923846e-01
2.795609306821636442e-01, 2.937763404805016076e-01, 2.459386071528469608e-01, 1.807241216844877596e-01
2.795050449144001470e-01, 2.938386251472385191e-01, 2.459909440202590891e-01, 1.806653859181020783e-01
2.794491501931128385e-01, 2.939008987029048670e-01, 2.460432889099201381e-01, 1.806066621940622119e-01
2.793932465317616187e-01, 2.939631611332679251e-01, 2.460956418016995717e-01, 1.805479505332708845e-01
2.793373339438162128e-01, 2.940254124241074574e-01, 2.461480026754688799e-01, 1.804892509566074221e-01
2.792814124427555056e-01, 2.940876525612158843e-01, 2.462003715111013846e-01, 1.804305634849271700e-01
2.792254820420680406e-01, 2.941498815303978387e-01, 2.462527482884722674e-01, 1.803718881390618256e-01
2.791695427552520203e-01, 2.942120993174704435e-01, 2.463051329874584305e-01, 1.803132249398191056e-01
2.791135945958146403e-01, 2.942743059082634782e-01, 2.463575255879388026e-01, 1.802545739079831622e-01
2.790576375772728102e-01, 2.943365012886187126e-01, 2.464099260697943106e-01, 1.801959350643142221e-01
2.790016717131528767e-01, 2.943986854443909063e-01, 2.464623344129075189e-01, 1.801373084295487259e-01
2.789456970169904571e-01, 2.944608583614470865e-01, 2.465147505971632125e-01, 1.800786940243994105e-01
2.788897135023305496e-01, 2.945230200256665487e-01, 2.465671746024477862e-01, 1.800200918695550323e-01
2.788337211827275897e-01, 2.945851704229416890e-01, 2.466196064086501050e-01, 1.799615019856806442e-01
2.787777200717451720e-01, 2.946473095391767827e-01, 2.466720459956603939e-01, 1.799029243934176514e-01
2.787217101829565502e-01, 2.947094373602888728e-01, 2.467244933433712095e-01, 1.798443591133833674e-01
2.786656915299438597e-01, 2.947715538722076589e-01, 2.467769484316771067e-01, 1.797858061661714579e-01
2.786096641262986173e-01, 2.948336590608752195e-01, 2.468294112404745000e-01, 1.797272655723517187e-01
2.785536279856219988e-01, 2.948957529122461230e-01, 2.468818817496618856e-01, 1.796687373524700482e-01
2.784975831215238951e-01, 2.949578354122876500e-01, 2.469343599391398969e-01, 1.796102215270486413e-01
2.784415295476236341e-01, 2.950199065469794601e-01, 2.469868457888110269e-01, 1.795517181165858789e-01
2.783854672775497585e-01, 2.950819663023140915e-01, 2.470393392785800446e-01, 1.794932271415562164e-01
2.783293963249399705e-01, 2.951440146642963502e-01, 2.470918403883533843e-01, 1.794347486224102117e-01
2.782733167034412980e-01, 2.952060516189437545e-01, 2.471443490980402558e-01, 1.793762825795747473e-01
2.782172284267095952e-01, 2.952680771522863679e-01, 2.471968653875513400e-01, 1.793178290334527247e-01
2.781611315084100422e-01, 2.953300912503667996e-01, 2.472493892367996771e-01, 1.792593880044232868e-01
2.781050259622170895e-01, 2.953920938992407041e-01, 2.473019206257004166e-01, 1.792009595128417621e-01
2.780489118018139028e-01, 2.954540850849757261e-01, 2.473544595341709007e-01, 1.791425435790395537e-01
2.779927890408929736e-01, 2.955160647936524998e-01, 2.474070059421304979e-01, 1.790841402233240287e-01
2.779366576931558419e-01, 2.955780330113641496e-01, 2.474595598295009080e-01, 1.790257494659790449e-01
2.778805177723129294e-01, 2.956399897242167341e-01, 2.475121211762057460e-01, 1.789673713272643962e-01
2.778243692920839836e-01, 2.957019349183286905e-01, 2.475646899621712915e-01, 1.789090058274160899e-01
2.777682122661973008e-01, 2.957638685798309464e-01, 2.476172661673254338e-01, 1.788506529866461525e-01
2.777120467083906141e-01, 2.958257906948678073e-01, 2.476698497715986991e-01, 1.787923128251428517e-01
2.776558726324103721e-01, 2.958877012495953474e-01, 2.477224407549237783e-01, 1.787339853630705300e-01
2.775996900520119604e-01, 2.959496002301830186e-01, 2.477750390972354166e-01, 1.786756706205696321e-01
2.775434989809597019e-01, 2.960114876228126524e-01, 2.478276447784708292e-01, 1.786173686177567332e-01
2.774872994330271347e-01, 2.960733634136787917e-01, 2.478802577785695349e-01, 1.785590793747246496e-01
2.774310914219960122e-01, 2.961352275889888586e-01, 2.479328780774730234e-01, 1.785008029115421890e-01
2.773748749616576914e-01, 2.961970801349629312e-01, 2.479855056551253101e-01, 1.784425392482541228e-01
2.773186500658118558e-01, 2.962589210378336890e-01, 2.480381404914728249e-01, 1.783842884048817135e-01
2.772624167482672930e-01, 2.963207502838466345e-01, 2.480907825664640798e-01, 1.783260504014220482e-01
2.772061750228415056e-01, 2.963825678592600932e-01, 2.481434318600501121e-01, 1.782678252578483447e-01
2.771499249033608225e-01, 2.964443737503449361e-01, 2.481960883521841521e-01, 1.782096129941100060e-01
2.770936664036603436e-01, 2.965061679433852460e-01, 2.482487520228219280e-01, 1.781514136301324824e-01
2.770373995375838283e-01, 2.965679504246771514e-01, 2.483014228519215827e-01, 1.780932271858174099e-01
2.769811243189841399e-01, 2.966297211805302703e-01, 2.483541008194433686e-01, 1.780350536810423601e-01
2.769248407617221908e-01, 2.966914801972665439e-01, 2.484067859053502303e-01, 1.779768931356611461e-01
2.768685488796682193e-01, 2.967532274612210141e-01, 2.484594780896071942e-01, 1.779187455695034892e-01
2.768122486867009568e-01, 2.968149629587413241e-01, 2.485121773521823396e-01, 1.778606110023754905e-01
2.767559401967076282e-01, 2.968766866761879397e-01, 2.485648836730454669e-01, 1.778024894540590761e-01
2.766996234235843399e-01, 2.969383985999340392e-01, 2.486175970321692630e-01, 1.777443809443124412e-01
2.766432983812355251e-01, 2.970000987163661788e-01, 2.486703174095287738e-01, 1.776862854928696056e-01
2.765869650835747207e-01, 2.970617870118829051e-01, 2.487230447851013493e-01, 1.776282031194410249e-01
2.765306235445235128e-01, 2.971234634728964208e-01, 2.487757791388671980e-01, 1.775701338437129795e-01
2.764742737780123694e-01, 2.971851280858310851e-01, 2.488285204508087489e-01, 1.775120776853477966e-01
2.764179157979802515e-01, 2.972467808371246911e-01, 2.488812687009109847e-01, 1.774540346639842392e-01
2.763615496183744469e-01, 2.973084217132273555e-01, 2.489340238691614970e-01, 1.773960047992365618e-01
2.763051752531512362e-01, 2.973700507006026839e-01, 2.489867859355504864e-01, 1.773379881106956213e-01
2.762487927162748935e-01, 2.974316677857266056e-01, 2.490395548800703740e-01, 1.772799846179280991e-01
2.761924020217184084e-01, 2.974932729550882615e-01, 2.490923306827165784e-01, 1.772219943404767795e-01
2.761360031834632633e-01, 2.975548661951895602e-01, 2.491451133234867665e-01, 1.771640172978604932e-01
2.760795962154993233e-01, 2.976164474925452885e-01, 2.491979027823813808e-01, 1.771060535095741184e-01
2.760231811318246686e-01, 2.976780168336832788e-01, 2.492506990394033894e-01, 1.770481029950886909e-01
2.759667579464460951e-01, 2.977395742051441307e-01, 2.493035020745584529e-01, 1.769901657738512935e-01
2.759103266733787252e-01, 2.978011195934814892e-01, 2.493563118678547574e-01, 1.769322418652849449e-01
2.758538873266458413e-01, 2.978626529852619331e-01, 2.494091283993034036e-01, 1.768743312887889330e-01
2.757974399202792748e-01, 2.979241743670648646e-01, 2.494619516489176292e-01, 1.768164340637382870e-01
2.757409844683190170e-01, 2.979856837254826751e-01, 2.495147815967137805e-01, 1.767585502094844996e-01
2.756845209848134970e-01, 2.980471810471209682e-01, 2.495676182227107853e-01, 1.767006797453547495e-01
2.756280494838195261e-01, 2.981086663185977814e-01, 2.496204615069302912e-01, 1.766428226906524568e-01
2.755715699794018536e-01, 2.981701395265446974e-01, 2.496733114293963884e-01, 1.765849790646570605e-01
2.755150824856336667e-01, 2.982316006576058998e-01, 2.497261679701364145e-01, 1.765271488866240746e-01
2.754585870165965344e-01, 2.982930496984386726e-01, 2.497790311091798165e-01, 1.764693321757850319e-01
2.754020835863799088e-01, 2.983544866357132896e-01, 2.498319008265592056e-01, 1.764115289513475127e-01
2.753455722090818458e-01, 2.984159114561131254e-01, 2.498847771023098574e-01, 1.763537392324952269e-01
2.752890528988080621e-01, 2.984773241463343774e-01, 2.499376599164698232e-01, 1.762959630383877652e-01
2.752325256696729339e-01, 2.985387246930863991e-01, 2.499905492490797632e-01, 1.762382003881608483e-01
2.751759905357986646e-01, 2.986001130830915340e-01, 2.500434450801833908e-01, 1.761804513009262996e-01
2.751194475113156734e-01, 2.986614893030852258e-01, 2.500963473898272227e-01, 1.761227157957719891e-01
2.750628966103622619e-01, 2.987228533398157415e-01, 2.501492561580602736e-01, 1.760649938917616952e-01
2.750063378470853359e-01, 2.987842051800446153e-01, 2.502021713649346668e-01, 1.760072856079353543e-01
2.749497712356394064e-01, 2.988455448105464263e-01, 2.502550929905053567e-01, 1.759495909633089494e-01
2.748931967901869777e-01, 2.989068722181086324e-01, 2.503080210148301288e-01, 1.758919099768743721e-01
2.748366145248988812e-01, 2.989681873895318476e-01, 2.503609554179694885e-01, 1.758342426675996995e-01
2.747800244539538861e-01, 2.990294903116299530e-01, 2.504138961799869945e-01, 1.757765890544291110e-01
2.747234265915385887e-01, 2.990907809712296528e-01, 2.504668432809490364e-01, 1.757189491562825556e-01
2.746668209518477455e-01, 2.991520593551708629e-01, 2.505197967009250570e-01, 1.756613229920563068e-01
2.746102075490838290e-01, 2.992133254503064888e-01, 2.505727564199871638e-01, 1.756037105806224907e-01
2.745535863974574164e-01, 2.992745792435027585e-01, 2.506257224182106280e-01, 1.755461119408293358e-01
2.744969575111868565e-01, 2.993358207216387790e-01, 2.506786946756732748e-01, 1.754885270915010620e-01
2.744403209044985470e-01, 2.993970498716068129e-01, 2.507316731724564263e-01, 1.754309560514380195e-01
2.743836765916267129e-01, 2.994582666803125570e-01, 2.507846578886441247e-01, 1.753733988394165499e-01
2.743270245868133506e-01, 2.995194711346743088e-01, 2.508376488043232433e-01, 1.753158554741889863e-01
2.742703649043083391e-01, 2.995806632216241328e-01, 2.508906458995838196e-01, 1.752583259744837918e-01
2.742136975583693292e-01, 2.996418429281064721e-01, 2.509436491545189440e-01, 1.752008103590053378e-01
2.741570225632617430e-01, 2.997030102410795926e-01, 2.509966585492244828e-01, 1.751433086464341260e-01
2.741003399332589407e-01, 2.997641651475147495e-01, 2.510496740637996327e-01, 1.750858208554266771e-01
2.740436496826418877e-01, 2.998253076343961876e-01, 2.511026956783463659e-01, 1.750283470046155032e-01
2.739869518256993763e-01, 2.998864376887214189e-01, 2.511557233729699856e-01, 1.749708871126093024e-01
2.739302463767278040e-01, 2.999475552975012227e-01, 2.512087571277784592e-01, 1.749134411979925419e-01
2.738735333500312841e-01, 3.000086604477594232e-01, 2.512617969228833625e-01, 1.748560092793259857e-01
2.738168127599216461e-01, 3.000697531265331675e-01, 2.513148427383988803e-01, 1.747985913751463061e-01
2.737600846207186023e-01, 3.001308333208727586e-01, 2.513678945544425836e-01, 1.747411875039661666e-01
2.737033489467489700e-01, 3.001919010178417113e-01, 2.514209523511350408e-01, 1.746837976842743612e-01
2.736466057523477269e-01, 3.002529562045166411e-01, 2.514740161085998182e-01, 1.746264219345356195e-01
2.735898550518572891e-01, 3.003139988679877082e-01, 2.515270858069640902e-01, 1.745690602731909125e-01
2.735330968596272894e-01, 3.003750289953580066e-01, 2.515801614263576957e-01, 1.745117127186570083e-01
2.734763311900156313e-01, 3.004360465737437869e-01, 2.516332429469138043e-01, 1.744543792893268608e-01
2.734195580573871021e-01, 3.004970515902747885e-01, 2.516863303487687498e-01, 1.743970600035693042e-01
2.733627774761143159e-01, 3.005580440320940738e-01, 2.517394236120620299e-01, 1.743397548797294694e-01
2.733059894605774365e-01, 3.006190238863576947e-01, 2.517925227169365843e-01, 1.742824639361282846e-01
2.732491940251640106e-01, 3.006799911402350256e-01, 2.518456276435381280e-01, 1.742251871910627248e-01
2.731923911842690789e-01, 3.007409457809089304e-01, 2.518987383720159290e-01, 1.741679246628060340e-01
2.731355809522952316e-01, 3.008018877955752068e-01, 2.519518548825223636e-01, 1.741106763696071980e-01
2.730787633436521644e-01, 3.008628171714431976e-01, 2.520049771552130835e-01, 1.740534423296914990e-01
2.730219383727574556e-01, 3.009237338957354568e-01, 2.520581051702470710e-01, 1.739962225612600999e-01
2.729651060540356777e-01, 3.009846379556877505e-01, 2.521112389077863059e-01, 1.739390170824901549e-01
2.729082664019190085e-01, 3.010455293385493891e-01, 2.521643783479964318e-01, 1.738818259115351705e-01
2.728514194308468421e-01, 3.011064080315826730e-01, 2.522175234710461456e-01, 1.738246490665242283e-01
2.727945651552661221e-01, 3.011672740220634470e-01, 2.522706742571075300e-01, 1.737674865655629286e-01
2.727377035896308421e-01, 3.012281272972808233e-01, 2.523238306863558322e-01, 1.737103384267325579e-01
2.726808347484023232e-01, 3.012889678445371811e-01, 2.523769927389699075e-01, 1.736532046680905328e-01
2.726239586460494357e-01, 3.013497956511483333e-01, 2.524301603951317197e-01, 1.735960853076705390e-01
2.725670752970479893e-01, 3.014106107044433602e-01, 2.524833336350266744e-01, 1.735389803634819761e-01
2.725101847158812318e-01, 3.014714129917647201e-01, 2.525365124388435634e-01, 1.734818898535105403e-01
2.724532869170395166e-01, 3.015322025004681938e-01, 2.525896967867745091e-01, 1.734248137957177804e-01
2.723963819150204690e-01, 3.015929792179229407e-01, 2.526428866590151867e-01, 1.733677522080414590e-01
2.723394697243288753e-01, 3.016537431315115536e-01, 2.526960820357642135e-01, 1.733107051083953021e-01
2.722825503594766827e-01, 3.017144942286300036e-01, 2.527492828972242034e-01, 1.732536725146691658e-01
2.722256238349829993e-01, 3.017752324966874178e-01, 2.528024892236008236e-01, 1.731966544447288980e-01
2.721686901653739832e-01, 3.018359579231065792e-01, 2.528557009951032386e-01, 1.731396509164162545e-01
2.721117493651829533e-01, 3.018966704953234825e-01, 2.529089181919441098e-01, 1.730826619475493711e-01
2.720548014489505007e-01, 3.019573702007877225e-01, 2.529621407943395961e-01, 1.730256875559222363e-01
2.719978464312237110e-01, 3.020180570269619946e-01, 2.530153687825092979e-01, 1.729687277593048855e-01
2.719408843265575526e-01, 3.020787309613228167e-01, 2.530686021366762017e-01, 1.729117825754434568e-01
2.718839151495132667e-01, 3.021393919913596959e-01, 2.531218408370667916e-01, 1.728548520220601625e-01
2.718269389146594772e-01, 3.022000401045759066e-01, 2.531750848639113816e-01, 1.727979361168533179e-01
2.717699556365717473e-01, 3.022606752884878789e-01, 2.532283341974433388e-01, 1.727410348774971183e-01
2.717129653298326342e-01, 3.023212975306255323e-01, 2.532815888178997499e-01, 1.726841483216420281e-01
2.716559680090315232e-01, 3.023819068185325531e-01, 2.533348487055214204e-01, 1.726272764669144755e-01
2.715989636887649050e-01, 3.024425031397657282e-01, 2.533881138405524869e-01, 1.725704193309169909e-01
2.715419523836360427e-01, 3.025030864818952225e-01, 2.534413842032405273e-01, 1.725135769312282075e-01
2.714849341082550827e-01, 3.025636568325050790e-01, 2.534946597738370611e-01, 1.724567492854026940e-01
2.714279088772392212e-01, 3.026242141791923856e-01, 2.535479405325971047e-01, 1.723999364109712329e-01
2.713708767052122606e-01, 3.026847585095679971e-01, 2.536012264597789501e-01, 1.723431383254406535e-01
2.713138376068051638e-01, 3.027452898112560908e-01, 2.536545175356448856e-01, 1.722863550462938875e-01
2.712567915966554444e-01, 3.028058080718943890e-01, 2.537078137404605305e-01, 1.722295865909897750e-01
2.711997386894073880e-01, 3.028663132791339363e-01, 2.537611150544952787e-01, 1.721728329769634247e-01
2.711426788997121640e-01, 3.029268054206395999e-01, 2.538144214580222990e-01, 1.721160942216259648e-01
2.710856122422277692e-01, 3.029872844840894586e-01, 2.538677329313182018e-01, 1.720593703423645981e-01
2.710285387316188621e-01, 3.030477504571751912e-01, 2.539210494546632613e-01, 1.720026613565425466e-01
2.709714583825568734e-01, 3.031082033276021881e-01, 2.539743710083415817e-01, 1.719459672814993567e-01
2.709143712097197843e-01, 3.031686430830889956e-01, 2.540276975726408204e-01, 1.718892881345503998e-01
2.708572772277924035e-01, 3.032290697113678157e-01, 2.540810291278524646e-01, 1.718326239329872607e-01
2.708001764514662568e-01, 3.032894832001846730e-01, 2.541343656542716101e-01, 1.717759746940775711e-01
2.707430688954391984e-01, 3.033498835372986924e-01, 2.541877071321970716e-01, 1.717193404350651487e-01
2.706859545744161877e-01, 3.034102707104827656e-01, 2.542410535419313833e-01, 1.716627211731697744e-01
2.706288335031082348e-01, 3.034706447075232738e-01, 2.542944048637809096e-01, 1.716061169255874708e-01
2.705717056962335665e-01, 3.035310055162203091e-01, 2.543477610780559006e-01, 1.715495277094902238e-01
2.705145711685164600e-01, 3.035913531243872865e-01, 2.544011221650700483e-01, 1.714929535420262607e-01
2.704574299346878541e-01, 3.036516875198512211e-01, 2.544544881051410412e-01, 1.714363944403197726e-01
2.704002820094853488e-01, 3.037120086904530059e-01, 2.545078588785902318e-01, 1.713798504214712470e-01
2.703431274076530388e-01, 3.037723166240467454e-01, 2.545612344657430248e-01, 1.713233215025571632e-01
2.702859661439414030e-01, 3.038326113085003111e-01, 2.546146148469283221e-01, 1.712668077006300749e-01
2.702287982331073590e-01, 3.038928927316949524e-01, 2.546680000024789114e-01, 1.712103090327187216e-01
2.701716236899145418e-01, 3.039531608815259633e-01, 2.547213899127316883e-01, 1.711538255158280009e-01
2.701144425291326367e-01, 3.040134157459015163e-01, 2.547747845580270454e-01, 1.710973571669388016e-01
2.700572547655381572e-01, 3.040736573127442166e-01, 2.548281839187095943e-01, 1.710409040030082539e-01
2.700000604139135563e-01, 3.041338855699897148e-01, 2.548815879751271662e-01, 1.709844660409696182e-01
2.699428594890480038e-01, 3.041941005055873726e-01, 2.549349967076324219e-01, 1.709280432977321740e-01
2.698856520057369424e-01, 3.042543021075002629e-01, 2.549884100965812417e-01, 1.708716357901814697e-01
2.698284379787821430e-01, 3.043144903637051701e-01, 2.550418281223335026e-01, 1.708152435351791010e-01
2.697712174229916493e-01, 3.043746652621923676e-01, 2.550952507652531898e-01, 1.707588665495628488e-01
2.697139903531797778e-01, 3.044348267909656736e-01, 2.551486780057079518e-01, 1.707025048501465692e-01
2.696567567841672286e-01, 3.044949749380429505e-01, 2.552021098240696562e-01, 1.706461584537203313e-01
2.695995167307808082e-01, 3.045551096914551059e-01, 2.552555462007137788e-01, 1.705898273770503348e-01
2.695422702078537625e-01, 3.046152310392472584e-01, 2.553089871160201807e-01, 1.705335116368789095e-01
2.694850172302255542e-01, 3.046753389694776826e-01, 2.553624325503722758e-01, 1.704772112499245984e-01
2.694277578127413642e-01, 3.047354334702188083e-01, 2.554158824841577524e-01, 1.704209262328820473e-01
2.693704919702533118e-01, 3.047955145295565549e-01, 2.554693368977681289e-01, 1.703646566024219489e-01
2.693132197176191789e-01, 3.048555821355903861e-01, 2.555227957715990317e-01, 1.703084023751914589e-01
2.692559410697030198e-01, 3.049156362764334771e-01, 2.555762590860500283e-01, 1.702521635678135858e-01
2.691986560413747731e-01, 3.049756769402127698e-01, 2.556297268215246277e-01, 1.701959401968876906e-01
2.691413646475111499e-01, 3.050357041150689730e-01, 2.556831989584307241e-01, 1.701397322789892641e-01
2.690840669029941901e-01, 3.050957177891562289e-01, 2.557366754771795425e-01, 1.700835398306699275e-01
2.690267628227123731e-01, 3.051557179506427797e-01, 2.557901563581873594e-01, 1.700273628684575433e-01
2.689694524215602289e-01, 3.052157045877100239e-01, 2.558436415818736154e-01, 1.699712014088561318e-01
2.689121357144382274e-01, 3.052756776885536261e-01, 2.558971311286624140e-01, 1.699150554683458159e-01
2.688548127162528889e-01, 3.053356372413824626e-01, 2.559506249789815779e-01, 1.698589250633830983e-01
2.687974834419165626e-01, 3.053955832344196208e-01, 2.560041231132633710e-01, 1.698028102104005010e-01
2.687401479063479259e-01, 3.054555156559015661e-01, 2.560576255119437206e-01, 1.697467109258068152e-01
2.686828061244713184e-01, 3.055154344940785860e-01, 2.561111321554631615e-01, 1.696906272259869897e-01
2.686254581112169637e-01, 3.055753397372147906e-01, 2.561646430242660588e-01, 1.696345591273022702e-01
2.685681038815211363e-01, 3.056352313735878901e-01, 2.562181580988009966e-01, 1.695785066460898938e-01
2.685107434503262169e-01, 3.056951093914895279e-01, 2.562716773595206110e-01, 1.695224697986636719e-01
2.684533768325799707e-01, 3.057549737792248368e-01, 2.563252007868820348e-01, 1.694664486013132132e-01
2.683960040432362693e-01, 3.058148245251129937e-01, 2.563787283613461754e-01, 1.694104430703046171e-01
2.683386250972550346e-01, 3.058746616174865540e-01, 2.564322600633782701e-01, 1.693544532218800580e-01
2.682812400096015737e-01, 3.059344850446923947e-01, 2.564857958734478860e-01, 1.692984790722582011e-01
2.682238487952471884e-01, 3.059942947950906045e-01, 2.565393357720286427e-01, 1.692425206376335367e-01
2.681664514691692314e-01, 3.060540908570553720e-01, 2.565928797395984340e-01, 1.691865779341770737e-01
2.681090480463502179e-01, 3.061138732189744860e-01, 2.566464277566393171e-01, 1.691306509780359235e-01
2.680516385417788250e-01, 3.061736418692498352e-01, 2.566999798036377900e-01, 1.690747397853335776e-01
2.679942229704495027e-01, 3.062333967962966308e-01, 2.567535358610841811e-01, 1.690188443721695466e-01
2.679368013473621413e-01, 3.062931379885442951e-01, 2.568070959094737038e-01, 1.689629647546198599e-01
2.678793736875224596e-01, 3.063528654344357949e-01, 2.568606599293052350e-01, 1.689071009487365937e-01
2.678219400059416166e-01, 3.064125791224279194e-01, 2.569142279010822594e-01, 1.688512529705480936e-01
2.677645003176368221e-01, 3.064722790409915021e-01, 2.569677998053125356e-01, 1.687954208360590846e-01
2.677070546376306703e-01, 3.065319651786108657e-01, 2.570213756225079305e-01, 1.687396045612504780e-01
2.676496029809512511e-01, 3.065916375237843217e-01, 2.570749553331849180e-01, 1.686838041620794537e-01
2.675921453626324276e-01, 3.066512960650240038e-01, 2.571285389178640801e-01, 1.686280196544794607e-01
2.675346817977135028e-01, 3.067109407908557572e-01, 2.571821263570704397e-01, 1.685722510543603003e-01
2.674772123012392755e-01, 3.067705716898195822e-01, 2.572357176313331828e-01, 1.685164983776079317e-01
2.674197368882604287e-01, 3.068301887504689129e-01, 2.572893127211860476e-01, 1.684607616400846386e-01
2.673622555738326412e-01, 3.068897919613711722e-01, 2.573429116071671574e-01, 1.684050408576289459e-01
2.673047683730175317e-01, 3.069493813111077163e-01, 2.573965142698188546e-01, 1.683493360460558974e-01
2.672472753008818813e-01, 3.070089567882736126e-01, 2.574501206896879779e-01, 1.682936472211565559e-01
2.671897763724980224e-01, 3.070685183814779173e-01, 2.575037308473258069e-01, 1.682379743986984477e-01
2.671322716029436717e-01, 3.071280660793434536e-01, 2.575573447232877289e-01, 1.681823175944252569e-01
2.670747610073019862e-01, 3.071875998705068667e-01, 2.576109622981339053e-01, 1.681266768240571308e-01
2.670172446006616740e-01, 3.072471197436189017e-01, 2.576645835524287720e-01, 1.680710521032906524e-01
2.669597223981165501e-01, 3.073066256873439039e-01, 2.577182084667412054e-01, 1.680154434477983405e-01
2.669021944147658698e-01, 3.073661176903600967e-01, 2.577718370216446897e-01, 1.679598508732293161e-01
2.668446606657143283e-01, 3.074255957413600249e-01, 2.578254691977166502e-01, 1.679042743952089689e-01
2.667871211660718944e-01, 3.074850598290493897e-01, 2.578791049755398412e-01, 1.678487140293390412e-01
2.667295759309535885e-01, 3.075445099421483253e-01, 2.579327443357005145e-01, 1.677931697911974607e-01
2.666720249754800376e-01, 3.076039460693906769e-01, 2.579863872587904172e-01, 1.677376416963388128e-01
2.666144683147771421e-01, 3.076633681995244451e-01, 2.580400337254047938e-01, 1.676821297602937300e-01
2.665569059639755212e-01, 3.077227763213108980e-01, 2.580936837161442177e-01, 1.676266339985692799e-01
2.664993379382117333e-01, 3.077821704235259581e-01, 2.581473372116133702e-01, 1.675711544266490216e-01
2.664417642526269447e-01, 3.078415504949589820e-01, 2.582009941924213736e-01, 1.675156910599926718e-01
2.663841849223679281e-01, 3.079009165244132595e-01, 2.582546546391822351e-01, 1.674602439140364940e-01
2.663265999625863412e-01, 3.079602685007062912e-01, 2.583083185325143472e-01, 1.674048130041929650e-01
2.662690093884390041e-01, 3.080196064126692890e-01, 2.583619858530406543e-01, 1.673493983458511358e-01
2.662114132150880108e-01, 3.080789302491472870e-01, 2.584156565813885420e-01, 1.672939999543762157e-01
2.661538114577003400e-01, 3.081382399989996412e-01, 2.584693306981902250e-01, 1.672386178451098770e-01
2.660962041314482440e-01, 3.081975356510989750e-01, 2.585230081840824146e-01, 1.671832520333702832e-01
2.660385912515090268e-01, 3.082568171943327329e-01, 2.585766890197062629e-01, 1.671279025344519775e-01
2.659809728330649325e-01, 3.083160846176016268e-01, 2.586303731857078625e-01, 1.670725693636256892e-01
2.659233488913032573e-01, 3.083753379098204683e-01, 2.586840606627375250e-01, 1.670172525361388050e-01
2.658657194414162372e-01, 3.084345770599180581e-01, 2.587377514314505578e-01, 1.669619520672150359e-01
2.658080844986013824e-01, 3.084938020568373518e-01, 2.587914454725065982e-01, 1.669066679720545565e-01
2.657504440780608657e-01, 3.085530128895350166e-01, 2.588451427665702242e-01, 1.668514002658338102e-01
2.656927981950018003e-01, 3.086122095469815974e-01, 2.588988432943105100e-01, 1.667961489637058703e-01
2.656351468646365732e-01, 3.086713920181620163e-01, 2.589525470364013593e-01, 1.667409140808000789e-01
2.655774901021820122e-01, 3.087305602920745184e-01, 2.590062539735209501e-01, 1.666856956322223526e-01
2.655198279228601632e-01, 3.087897143577322256e-01, 2.590599640863526787e-01, 1.666304936330549324e-01
2.654621603418979570e-01, 3.088488542041611939e-01, 2.591136773555843265e-01, 1.665753080983565781e-01
2.654044873745267097e-01, 3.089079798204024119e-01, 2.591673937619083934e-01, 1.665201390431624573e-01
2.653468090359832887e-01, 3.089670911955103016e-01, 2.592211132860222089e-01, 1.664649864824843117e-01
2.652891253415088357e-01, 3.090261883185532743e-01, 2.592748359086276544e-01, 1.664098504313101523e-01
2.652314363063494884e-01, 3.090852711786140627e-01, 2.593285616104318292e-01, 1.663547309046046474e-01
2.651737419457561029e-01, 3.091443397647891667e-01, 2.593822903721458850e-01, 1.662996279173088454e-01
2.651160422749842538e-01, 3.092033940661890745e-01, 2.594360221744863582e-01, 1.662445414843403135e-01
2.650583373092945116e-01, 3.092624340719383746e-01, 2.594897569981740038e-01, 1.661894716205931100e-01
2.650006270639518879e-01, 3.093214597711755331e-01, 2.595434948239349060e-01, 1.661344183409377284e-01
2.649429115542260016e-01, 3.093804711530532270e-01, 2.595972356324995345e-01, 1.660793816602212369e-01
2.648851907953915230e-01, 3.094394682067381219e-01, 2.596509794046032438e-01, 1.660243615932671668e-01
2.648274648027273970e-01, 3.094984509214105950e-01, 2.597047261209863844e-01, 1.659693581548756236e-01
2.647697335915175643e-01, 3.095574192862653451e-01, 2.597584757623939145e-01, 1.659143713598230929e-01
2.647119971770503510e-01, 3.096163732905111710e-01, 2.598122283095757323e-01, 1.658594012228627179e-01
2.646542555746186354e-01, 3.096753129233708601e-01, 2.598659837432864550e-01, 1.658044477587241050e-01
2.645965087995201248e-01, 3.097342381740807449e-01, 2.599197420442858064e-01, 1.657495109821134072e-01
2.645387568670568568e-01, 3.097931490318918124e-01, 2.599735031933380069e-01, 1.656945909077133516e-01
2.644809997925355871e-01, 3.098520454860689277e-01, 2.600272671712125505e-01, 1.656396875501831012e-01
2.644232375912674016e-01, 3.099109275258907781e-01, 2.600810339586833164e-01, 1.655848009241585039e-01
2.643654702785680488e-01, 3.099697951406503726e-01, 2.601348035365295686e-01, 1.655299310442519545e-01
2.643076978697577739e-01, 3.100286483196547649e-01, 2.601885758855351227e-01, 1.654750779250523107e-01
2.642499203801612073e-01, 3.100874870522246640e-01, 2.602423509864889017e-01, 1.654202415811251436e-01
2.641921378251074759e-01, 3.101463113276955452e-01, 2.602961288201846024e-01, 1.653654220270124597e-01
2.641343502199300919e-01, 3.102051211354160953e-01, 2.603499093674209730e-01, 1.653106192772328120e-01
2.640765575799669529e-01, 3.102639164647498227e-01, 2.604036926090015358e-01, 1.652558333462816331e-01
2.640187599205605085e-01, 3.103226973050738913e-01, 2.604574785257350311e-01, 1.652010642486305969e-01
2.639609572570572604e-01, 3.103814636457796206e-01, 2.605112670984348622e-01, 1.651463119987282291e-01
2.639031496048084846e-01, 3.104402154762724853e-01, 2.605650583079194282e-01, 1.650915766109995464e-01
2.638453369791695646e-01, 3.104989527859719489e-01, 2.606188521350124021e-01, 1.650368580998461676e-01
2.637875193954999919e-01, 3.105576755643115194e-01, 2.606726485605420085e-01, 1.649821564796464246e-01
2.637296968691639765e-01, 3.106163838007390821e-01, 2.607264475653416902e-01, 1.649274717647552235e-01
2.636718694155297249e-01, 3.106750774847161223e-01, 2.607802491302501080e-01, 1.648728039695040448e-01
2.636140370499696628e-01, 3.107337566057185030e-01, 2.608340532361105857e-01, 1.648181531082011098e-01
2.635561997878609342e-01, 3.107924211532364644e-01, 2.608878598637714985e-01, 1.647635191951312694e-01
2.634983576445840137e-01, 3.108510711167737361e-01, 2.609416689940863843e-01, 1.647089022445559769e-01
2.634405106355244830e-01, 3.109097064858484805e-01, 2.609954806079137213e-01, 1.646543022707132875e-01
2.633826587760714211e-01, 3.109683272499930706e-01, 2.610492946861173724e-01, 1.645997192878181081e-01
2.633248020816186252e-01, 3.110269333987539242e-01, 2.611031112095656415e-01, 1.645451533100618924e-01
2.632669405675635566e-01, 3.110855249216912810e-01, 2.611569301591323278e-01, 1.644906043516127792e-01
2.632090742493082280e-01, 3.111441018083798138e-01, 2.612107515156962267e-01, 1.644360724266155649e-01
2.631512031422582609e-01, 3.112026640484084616e-01, 2.612645752601415183e-01, 1.643815575491918701e-01
2.630933272618237728e-01, 3.112612116313797639e-01, 2.613184013733567124e-01, 1.643270597334398064e-01
2.630354466234188782e-01, 3.113197445469107483e-01, 2.613722298362359253e-01, 1.642725789934343927e-01
2.629775612424616327e-01, 3.113782627846323203e-01, 2.614260606296786582e-01, 1.642181153432273333e-01
2.629196711343741444e-01, 3.114367663341900405e-01, 2.614798937345889640e-01, 1.641636687968468789e-01
2.628617763145825181e-01, 3.114952551852429585e-01, 2.615337291318763913e-01, 1.641092393682981876e-01
2.628038767985168001e-01, 3.115537293274646680e-01, 2.615875668024553735e-01, 1.640548270715631030e-01
2.627459726016112551e-01, 3.116121887505428067e-01, 2.616414067272458954e-01, 1.640004319206000982e-01
2.626880637393038120e-01, 3.116706334441790571e-01, 2.616952488871726601e-01, 1.639460539293445818e-01
2.626301502270365074e-01, 3.117290633980892012e-01, 2.617490932631656997e-01, 1.638916931117086195e-01
2.625722320802550414e-01, 3.117874786020036204e-01, 2.618029398361604310e-01, 1.638373494815809905e-01
2.625143093144094997e-01, 3.118458790456661300e-01, 2.618567885870971557e-01, 1.637830230528272979e-01
2.624563819449532431e-01, 3.119042647188353112e-01, 2.619106394969215046e-01, 1.637287138392899410e-01
2.623984499873439069e-01, 3.119626356112835674e-01, 2.619644925465843266e-01, 1.636744218547881435e-01
2.623405134570430119e-01, 3.120209917127975685e-01, 2.620183477170416886e-01, 1.636201471131177310e-01
2.622825723695154099e-01, 3.120793330131783061e-01, 2.620722049892548200e-01, 1.635658896280514918e-01
2.622246267402301712e-01, 3.121376595022405942e-01, 2.621260643441902238e-01, 1.635116494133389553e-01
2.621666765846600855e-01, 3.121959711698136242e-01, 2.621799257628197322e-01, 1.634574264827065027e-01
2.621087219182816064e-01, 3.122542680057407427e-01, 2.622337892261202286e-01, 1.634032208498573113e-01
2.620507627565751285e-01, 3.123125499998793964e-01, 2.622876547150741477e-01, 1.633490325284713551e-01
2.619927991150242663e-01, 3.123708171421014090e-01, 2.623415222106688094e-01, 1.632948615322055430e-01
2.619348310091170751e-01, 3.124290694222925380e-01, 2.623953916938970843e-01, 1.632407078746933859e-01
2.618768584543446631e-01, 3.124873068303526957e-01, 2.624492631457570058e-01, 1.631865715695455521e-01
2.618188814662021913e-01, 3.125455293561962278e-01, 2.625031365472521583e-01, 1.631324526303493394e-01
2.617609000601882618e-01, 3.126037369897515794e-01, 2.625570118793909558e-01, 1.630783510706690365e-01
2.617029142518052520e-01, 3.126619297209612403e-01, 2.626108891231877518e-01, 1.630242669040457004e-01
2.616449240565589252e-01, 3.127201075397821883e-01, 2.626647682596615629e-01, 1.629702001439974068e-01
2.615869294899587638e-01, 3.127782704361851129e-01, 2.627186492698371234e-01, 1.629161508040188333e-01
2.615289305675179699e-01, 3.128364184001554693e-01, 2.627725321347445520e-01, 1.628621188975819534e-01
2.614709273047530758e-01, 3.128945514216924240e-01, 2.628264168354191299e-01, 1.628081044381353426e-01
2.614129197171842778e-01, 3.129526694908096873e-01, 2.628803033529015787e-01, 1.627541074391044840e-01
2.613549078203351028e-01, 3.130107725975349586e-01, 2.629341916682380043e-01, 1.627001279138919621e-01
2.612968916297328525e-01, 3.130688607319101480e-01, 2.629880817624797307e-01, 1.626461658758771855e-01
2.612388711609081038e-01, 3.131269338839917094e-01, 2.630419736166837996e-01, 1.625922213384163872e-01
2.611808464293950416e-01, 3.131849920438498636e-01, 2.630958672119122488e-01, 1.625382943148429571e-01
2.611228174507310151e-01, 3.132430352015692088e-01, 2.631497625292328335e-01, 1.624843848184670814e-01
2.610647842404569818e-01, 3.133010633472486095e-01, 2.632036595497185272e-01, 1.624304928625758815e-01
2.610067468141174518e-01, 3.133590764710010301e-01, 2.632575582544478543e-01, 1.623766184604334972e-01
2.609487051872600993e-01, 3.134170745629540344e-01, 2.633114586245047239e-01, 1.623227616252811423e-01
2.608906593754359293e-01, 3.134750576132488420e-01, 2.633653606409785408e-01, 1.622689223703367711e-01
2.608326093941993884e-01, 3.135330256120412162e-01, 2.634192642849638721e-01, 1.622151007087954677e-01
2.607745552591083094e-01, 3.135909785495012980e-01, 2.634731695375611138e-01, 1.621612966538293343e-01
2.607164969857236336e-01, 3.136489164158129950e-01, 2.635270763798758797e-01, 1.621075102185873806e-01
2.606584345896099109e-01, 3.137068392011748696e-01, 2.635809847930195571e-01, 1.620537414161957457e-01
2.606003680863346328e-01, 3.137647468957995844e-01, 2.636348947581085289e-01, 1.619999902597573926e-01
2.605422974914685663e-01, 3.138226394899139571e-01, 2.636888062562650070e-01, 1.619462567623525251e-01
2.604842228205858645e-01, 3.138805169737590717e-01, 2.637427192686167543e-01, 1.618925409370382262e-01
2.604261440892640111e-01, 3.139383793375904452e-01, 2.637966337762968072e-01, 1.618388427968487642e-01
2.603680613130833765e-01, 3.139962265716775280e-01, 2.638505497604438088e-01, 1.617851623547952866e-01
2.603099745076276061e-01, 3.140540586663043143e-01, 2.639044672022020088e-01, 1.617314996238661540e-01
2.602518836884834541e-01, 3.141118756117687871e-01, 2.639583860827212081e-01, 1.616778546170266062e-01
2.601937888712410607e-01, 3.141696773983833069e-01, 2.640123063831564254e-01, 1.616242273472191515e-01
2.601356900714935083e-01, 3.142274640164745003e-01, 2.640662280846686749e-01, 1.615706178273633165e-01
2.600775873048368214e-01, 3.142852354563831496e-01, 2.641201511684243552e-01, 1.615170260703556460e-01
2.600194805868702996e-01, 3.143429917084645808e-01, 2.641740756155953052e-01, 1.614634520890698699e-01
2.599613699331963512e-01, 3.144007327630878867e-01, 2.642280014073589700e-01, 1.614098958963567643e-01
2.599032553594203820e-01, 3.144584586106367596e-01, 2.642819285248985683e-01, 1.613563575050442345e-01
2.598451368811504625e-01, 3.145161692415093246e-01, 2.643358569494027033e-01, 1.613028369279373708e-01
2.597870145139984377e-01, 3.145738646461174182e-01, 2.643897866620658621e-01, 1.612493341778182820e-01
2.597288882735782622e-01, 3.146315448148875871e-01, 2.644437176440876947e-01, 1.611958492674463450e-01
2.596707581755075545e-01, 3.146892097382605891e-01, 2.644976498766738460e-01, 1.611423822095580383e-01
2.596126242354064861e-01, 3.147468594066912817e-01, 2.645515833410353457e-01, 1.610889330168668865e-01
2.595544864688982822e-01, 3.148044938106488999e-01, 2.646055180183890521e-01, 1.610355017020637935e-01
2.594963448916090543e-01, 3.148621129406168895e-01, 2.646594538899574300e-01, 1.609820882778165430e-01
2.594381995191679668e-01, 3.149197167870931291e-01, 2.647133909369685512e-01, 1.609286927567704084e-01
2.593800503672066271e-01, 3.149773053405895973e-01, 2.647673291406559271e-01, 1.608753151515477375e-01
2.593218974513600839e-01, 3.150348785916327610e-01, 2.648212684822591756e-01, 1.608219554747480351e-01
2.592637407872656619e-01, 3.150924365307630204e-01, 2.648752089430232992e-01, 1.607686137389479630e-01
2.592055803905640166e-01, 3.151499791485353197e-01, 2.649291505041990735e-01, 1.607152899567015625e-01
2.591474162768980793e-01, 3.152075064355189249e-01, 2.649830931470428808e-01, 1.606619841405399485e-01
2.590892484619140013e-01, 3.152650183822974239e-01, 2.650370368528169318e-01, 1.606086963029716708e-01
2.590310769612604314e-01, 3.153225149794680604e-01, 2.650909816027892107e-01, 1.605554264564822697e-01
2.589729017905889608e-01, 3.153799962176433991e-01, 2.651449273782328642e-01, 1.605021746135346927e-01
2.589147229655537341e-01, 3.154374620874494384e-01, 2.651988741604276445e-01, 1.604489407865690997e-01
2.588565405018115051e-01, 3.154949125795271092e-01, 2.652528219306584112e-01, 1.603957249880030023e-01
2.587983544150221360e-01, 3.155523476845309983e-01, 2.653067706702158524e-01, 1.603425272302310134e-01
2.587401647208475985e-01, 3.156097673931305136e-01, 2.653607203603966513e-01, 1.602893475256252087e-01
2.586819714349531396e-01, 3.156671716960091634e-01, 2.654146709825029316e-01, 1.602361858865349320e-01
2.586237745730059490e-01, 3.157245605838646108e-01, 2.654686225178427561e-01, 1.601830423252866842e-01
2.585655741506763805e-01, 3.157819340474090075e-01, 2.655225749477302388e-01, 1.601299168541844287e-01
2.585073701836370641e-01, 3.158392920773689383e-01, 2.655765282534846006e-01, 1.600768094855094803e-01
2.584491626875632941e-01, 3.158966346644849210e-01, 2.656304824164313350e-01, 1.600237202315204221e-01
2.583909516781331406e-01, 3.159539617995119620e-01, 2.656844374179017643e-01, 1.599706491044531054e-01
2.583327371710268383e-01, 3.160112734732195006e-01, 2.657383932392327619e-01, 1.599175961165208437e-01
2.582745191819273423e-01, 3.160685696763911312e-01, 2.657923498617671410e-01, 1.598645612799142746e-01
2.582162977265199943e-01, 3.161258503998248259e-01, 2.658463072668538207e-01, 1.598115446068013590e-01
2.581580728204929120e-01, 3.161831156343328231e-01, 2.659002654358468276e-01, 1.597585461093275205e-01
2.580998444795361557e-01, 3.162403653707416273e-01, 2.659542243501067382e-01, 1.597055657996155342e-01
2.580416127193428943e-01, 3.162975995998920653e-01, 2.660081839909995693e-01, 1.596526036897655543e-01
2.579833775556080733e-01, 3.163548183126395630e-01, 2.660621443398973884e-01, 1.595996597918550586e-01
2.579251390040294134e-01, 3.164120214998533687e-01, 2.661161053781781471e-01, 1.595467341179391541e-01
2.578668970803069671e-01, 3.164692091524174411e-01, 2.661700670872254593e-01, 1.594938266800502435e-01
2.578086518001431182e-01, 3.165263812612298944e-01, 2.662240294484289338e-01, 1.594409374901980814e-01
2.577504031792425265e-01, 3.165835378172032200e-01, 2.662779924431842304e-01, 1.593880665603699953e-01
2.576921512333124054e-01, 3.166406788112642867e-01, 2.663319560528925045e-01, 1.593352139025307479e-01
2.576338959780621329e-01, 3.166978042343540078e-01, 2.663859202589612951e-01, 1.592823795286224808e-01
2.575756374292033635e-01, 3.167549140774280625e-01, 2.664398850428038035e-01, 1.592295634505650204e-01
2.575173756024500826e-01, 3.168120083314558966e-01, 2.664938503858388374e-01, 1.591767656802552111e-01
2.574591105135183300e-01, 3.168690869874219440e-01, 2.665478162694917552e-01, 1.591239862295679153e-01
2.574008421781268652e-01, 3.169261500363243500e-01, 2.666017826751935216e-01, 1.590712251103552355e-01
2.573425706119961687e-01, 3.169831974691760812e-01, 2.666557495843809300e-01, 1.590184823344468479e-01
2.572842958308492745e-01, 3.170402292770039820e-01, 2.667097169784968802e-01, 1.589657579136498633e-01
2.572260178504110484e-01, 3.170972454508496630e-01, 2.667636848389903781e-01, 1.589130518597489383e-01
2.571677366864089098e-01, 3.171542459817688342e-01, 2.668176531473160362e-01, 1.588603641845063585e-01
2.571094523545721100e-01, 3.172112308608314168e-01, 2.668716218849346289e-01, 1.588076948996619275e-01
2.570511648706322871e-01, 3.172682000791218204e-01, 2.669255910333129256e-01, 1.587550440169329113e-01
2.569928742503230223e-01, 3.173251536277390539e-01, 2.669795605739238020e-01, 1.587024115480142605e-01
2.569345805093798951e-01, 3.173820914977958929e-01, 2.670335304882457961e-01, 1.586497975045784437e-01
2.568762836635408719e-01, 3.174390136804199347e-01, 2.670875007577637184e-01, 1.585972018982754750e-01
2.568179837285456402e-01, 3.174959201667528763e-01, 2.671414713639682637e-01, 1.585446247407330811e-01
2.567596807201362741e-01, 3.175528109479509031e-01, 2.671954422883562885e-01, 1.584920660435564788e-01
2.567013746540565688e-01, 3.176096860151843559e-01, 2.672494135124306447e-01, 1.584395258183285971e-01
2.566430655460522625e-01, 3.176665453596379529e-01, 2.673033850176998460e-01, 1.583870040766098275e-01
2.565847534118715356e-01, 3.177233889725110116e-01, 2.673573567856790678e-01, 1.583345008299384404e-01
2.565264382672639565e-01, 3.177802168450168385e-01, 2.674113287978890918e-01, 1.582820160898301687e-01
2.564681201279813694e-01, 3.178370289683832839e-01, 2.674653010358567506e-01, 1.582295498677784018e-01
2.564097990097777835e-01, 3.178938253338524644e-01, 2.675192734811153716e-01, 1.581771021752543249e-01
2.563514749284083738e-01, 3.179506059326809853e-01, 2.675732461152038888e-01, 1.581246730237066689e-01
2.562931478996309798e-01, 3.180073707561396623e-01, 2.676272189196674534e-01, 1.580722624245619046e-01
2.562348179392047731e-01, 3.180641197955136334e-01, 2.676811918760574893e-01, 1.580198703892241596e-01
2.561764850628910906e-01, 3.181208530421024139e-01, 2.677351649659311383e-01, 1.579674969290753295e-01
2.561181492864529341e-01, 3.181775704872201738e-01, 2.677891381708519813e-01, 1.579151420554749663e-01
2.560598106256553042e-01, 3.182342721221947390e-01, 2.678431114723896500e-01, 1.578628057797603623e-01
2.560014690962647554e-01, 3.182909579383689236e-01, 2.678970848521196602e-01, 1.578104881132465775e-01
2.559431247140498966e-01, 3.183476279270998077e-01, 2.679510582916240224e-01, 1.577581890672263842e-01
2.558847774947807241e-01, 3.184042820797584605e-01, 2.680050317724905207e-01, 1.577059086529703225e-01
2.558264274542295102e-01, 3.184609203877306061e-01, 2.680590052763133224e-01, 1.576536468817266723e-01
2.557680746081696377e-01, 3.185175428424162902e-01, 2.681129787846925905e-01, 1.576014037647215094e-01
2.557097189723765984e-01, 3.185741494352298808e-01, 2.681669522792347049e-01, 1.575491793131586493e-01
2.556513605626277164e-01, 3.186307401576000675e-01, 2.682209257415523740e-01, 1.574969735382198976e-01
2.555929993947014811e-01, 3.186873150009699174e-01, 2.682748991532640792e-01, 1.574447864510644945e-01
2.555346354843783807e-01, 3.187438739567968748e-01, 2.683288724959947968e-01, 1.573926180628299198e-01
2.554762688474405130e-01, 3.188004170165528173e-01, 2.683828457513756094e-01, 1.573404683846311991e-01
2.554178994996714192e-01, 3.188569441717236663e-01, 2.684368189010437611e-01, 1.572883374275612089e-01
2.553595274568564166e-01, 3.189134554138102207e-01, 2.684907919266427134e-01, 1.572362252026908158e-01
2.553011527347823773e-01, 3.189699507343269347e-01, 2.685447648098220341e-01, 1.571841317210686817e-01
2.552427753492376161e-01, 3.190264301248035284e-01, 2.685987375322377857e-01, 1.571320569937212641e-01
2.551843953160121137e-01, 3.190828935767830998e-01, 2.686527100755517483e-01, 1.570800010316529272e-01
2.551260126508974602e-01, 3.191393410818239018e-01, 2.687066824214326410e-01, 1.570279638458460247e-01
2.550676273696864671e-01, 3.191957726314982313e-01, 2.687606545515546230e-01, 1.569759454472607618e-01
2.550092394881735003e-01, 3.192521882173925962e-01, 2.688146264475986813e-01, 1.569239458468351112e-01
2.549508490221548129e-01, 3.193085878311081593e-01, 2.688685980912519091e-01, 1.568719650554852019e-01
2.548924559874274354e-01, 3.193649714642601833e-01, 2.689225694642074505e-01, 1.568200030841049586e-01
2.548340603997903964e-01, 3.194213391084785303e-01, 2.689765405481649441e-01, 1.567680599435661570e-01
2.547756622750438904e-01, 3.194776907554073286e-01, 2.690305113248301905e-01, 1.567161356447187015e-01
2.547172616289894442e-01, 3.195340263967048067e-01, 2.690844817759152074e-01, 1.566642301983904584e-01
2.546588584774302499e-01, 3.195903460240441252e-01, 2.691384518831385075e-01, 1.566123436153871173e-01
2.546004528361705543e-01, 3.196466496291122117e-01, 2.691924216282246540e-01, 1.565604759064924967e-01
2.545420447210161585e-01, 3.197029372036108708e-01, 2.692463909929047605e-01, 1.565086270824682380e-01
2.544836341477739183e-01, 3.197592087392558402e-01, 2.693003599589159913e-01, 1.564567971540541946e-01
2.544252211322523549e-01, 3.198154642277775683e-01, 2.693543285080019500e-01, 1.564049861319681267e-01
2.543668056902609886e-01, 3.198717036609207143e-01, 2.694082966219125130e-01, 1.563531940269058396e-01
2.543083878376107831e-01, 3.199279270304440370e-01, 2.694622642824039405e-01, 1.563014208495411284e-01
2.542499675901140899e-01, 3.199841343281212835e-01, 2.695162314712388207e-01, 1.562496666105259446e-01
2.541915449635839264e-01, 3.200403255457400231e-01, 2.695701981701859595e-01, 1.561979313204901465e-01
2.541331199738351421e-01, 3.200965006751023689e-01, 2.696241643610207128e-01, 1.561462149900418039e-01
2.540746926366835301e-01, 3.201526597080248115e-01, 2.696781300255245428e-01, 1.560945176297670045e-01
2.540162629679459938e-01, 3.202088026363384410e-01, 2.697320951454857396e-01, 1.560428392502299644e-01
2.539578309834407688e-01, 3.202649294518880585e-01, 2.697860597026982554e-01, 1.559911798619729451e-01
2.538993966989870898e-01, 3.203210401465335089e-01, 2.698400236789629258e-01, 1.559395394755163089e-01
2.538409601304055796e-01, 3.203771347121487922e-01, 2.698939870560868037e-01, 1.558879181013587134e-01
2.537825212935175823e-01, 3.204332131406220641e-01, 2.699479498158836588e-01, 1.558363157499767226e-01
2.537240802041457743e-01, 3.204892754238561903e-01, 2.700019119401729784e-01, 1.557847324318251958e-01
2.536656368781138315e-01, 3.205453215537680256e-01, 2.700558734107811332e-01, 1.557331681573370097e-01
2.536071913312465953e-01, 3.206013515222890797e-01, 2.701098342095408222e-01, 1.556816229369234472e-01
2.535487435793698507e-01, 3.206573653213651287e-01, 2.701637943182911838e-01, 1.556300967809737534e-01
2.534902936383102712e-01, 3.207133629429564370e-01, 2.702177537188778511e-01, 1.555785896998553852e-01
2.534318415238958622e-01, 3.207693443790373689e-01, 2.702717123931525633e-01, 1.555271017039141779e-01
2.533733872519554065e-01, 3.208253096215968325e-01, 2.703256703229737212e-01, 1.554756328034739843e-01
2.533149308383186304e-01, 3.208812586626381136e-01, 2.703796274902061647e-01, 1.554241830088369525e-01
2.532564722988161487e-01, 3.209371914941789861e-01, 2.704335838767213396e-01, 1.553727523302834979e-01
2.531980116492798527e-01, 3.209931081082511017e-01, 2.704875394643967423e-01, 1.553213407780722477e-01
2.531395489055420778e-01, 3.210490084969009894e-01, 2.705414942351167529e-01, 1.552699483624400689e-01
2.530810840834364361e-01, 3.211048926521894442e-01, 2.705954481707719683e-01, 1.552185750936021791e-01
2.530226171987972061e-01, 3.211607605661915277e-01, 2.706494012532593696e-01, 1.551672209817519243e-01
2.529641482674595543e-01, 3.212166122309964567e-01, 2.707033534644828210e-01, 1.551158860370611403e-01
2.529056773052594798e-01, 3.212724476387082695e-01, 2.707573047863524041e-01, 1.550645702696797912e-01
2.528472043280339254e-01, 3.213282667814451599e-01, 2.708112552007845841e-01, 1.550132736897363028e-01
2.527887293516206668e-01, 3.213840696513395878e-01, 2.708652046897025434e-01, 1.549619963073372575e-01
2.527302523918579236e-01, 3.214398562405384463e-01, 2.709191532350359033e-01, 1.549107381325677268e-01
2.526717734645849700e-01, 3.214956265412031167e-01, 2.709731008187208356e-01, 1.548594991754910499e-01
2.526132925856419131e-01, 3.215513805455090801e-01, 2.710270474226998960e-01, 1.548082794461489442e-01
2.525548097708694706e-01, 3.216071182456464728e-01, 2.710809930289224678e-01, 1.547570789545615888e-01
2.524963250361088596e-01, 3.216628396338195861e-01, 2.711349376193442073e-01, 1.547058977107273470e-01
2.524378383972025186e-01, 3.217185447022472000e-01, 2.711888811759271545e-01, 1.546547357246231824e-01
2.523793498699929416e-01, 3.217742334431622497e-01, 2.712428236806403992e-01, 1.546035930062042707e-01
2.523208594703237884e-01, 3.218299058488124920e-01, 2.712967651154591930e-01, 1.545524695654044434e-01
2.522623672140392181e-01, 3.218855619114594502e-01, 2.713507054623655046e-01, 1.545013654121357438e-01
2.522038731169838899e-01, 3.219412016233795248e-01, 2.714046447033479637e-01, 1.544502805562887326e-01
2.521453771950031841e-01, 3.219968249768629942e-01, 2.714585828204013063e-01, 1.543992150077324044e-01
2.520868794639430366e-01, 3.220524319642150690e-01, 2.715125197955274849e-01, 1.543481687763143262e-01
2.520283799396501601e-01, 3.221080225777549488e-01, 2.715664556107346694e-01, 1.542971418718603882e-01
2.519698786379713784e-01, 3.221635968098159331e-01, 2.716203902480375798e-01, 1.542461343041749977e-01
2.519113755747544592e-01, 3.222191546527464201e-01, 2.716743236894578750e-01, 1.541951460830411902e-01
2.518528707658475585e-01, 3.222746960989085752e-01, 2.717282559170234868e-01, 1.541441772182203795e-01
2.517943642270994431e-01, 3.223302211406789408e-01, 2.717821869127691192e-01, 1.540932277194525524e-01
2.517358559743590463e-01, 3.223857297704489366e-01, 2.718361166587358047e-01, 1.540422975964561847e-01
2.516773460234761894e-01, 3.224412219806236934e-01, 2.718900451369718474e-01, 1.539913868589283807e-01
2.516188343903006941e-01, 3.224966977636229970e-01, 2.719439723295314359e-01, 1.539404955165446787e-01
2.515603210906834364e-01, 3.225521571118810660e-01, 2.719978982184761973e-01, 1.538896235789593558e-01
2.515018061404750704e-01, 3.226076000178464409e-01, 2.720518227858733651e-01, 1.538387710558050958e-01
2.514432895555270275e-01, 3.226630264739818732e-01, 2.721057460137978889e-01, 1.537879379566933213e-01
2.513847713516909610e-01, 3.227184364727644916e-01, 2.721596678843306583e-01, 1.537371242912139169e-01
2.513262515448189127e-01, 3.227738300066859689e-01, 2.722135883795595013e-01, 1.536863300689354783e-01
2.512677301507634797e-01, 3.228292070682521886e-01, 2.722675074815790186e-01, 1.536355552994052853e-01
2.512092071853772590e-01, 3.228845676499834672e-01, 2.723214251724901946e-01, 1.535847999921491347e-01
2.511506826645134582e-01, 3.229399117444142209e-01, 2.723753414344010082e-01, 1.535340641566714792e-01
2.510921566040252850e-01, 3.229952393440935765e-01, 2.724292562494257108e-01, 1.534833478024555387e-01
2.510336290197663911e-01, 3.230505504415847051e-01, 2.724831695996856595e-01, 1.534326509389631610e-01
2.509750999275908168e-01, 3.231058450294653772e-01, 2.725370814673089837e-01, 1.533819735756348224e-01
2.509165693433526578e-01, 3.231611231003275186e-01, 2.725909918344299188e-01, 1.533313157218897382e-01
2.508580372829062877e-01, 3.232163846467777102e-01, 2.726449006831900834e-01, 1.532806773871259742e-01
2.507995037621063017e-01, 3.232716296614364104e-01, 2.726988079957373690e-01, 1.532300585807200299e-01
2.507409687968072953e-01, 3.233268581369386774e-01, 2.727527137542266056e-01, 1.531794593120274217e-01
2.506824324028644746e-01, 3.233820700659340019e-01, 2.728066179408192293e-01, 1.531288795903822664e-01
2.506238945961328790e-01, 3.234372654410861969e-01, 2.728605205376835596e-01, 1.530783194250974755e-01
2.505653553924676036e-01, 3.234924442550730084e-01, 2.729144215269946883e-01, 1.530277788254646443e-01
2.505068148077240764e-01, 3.235476065005872814e-01, 2.729683208909341463e-01, 1.529772578007544126e-01
2.504482728577579476e-01, 3.236027521703354615e-01, 2.730222186116905148e-01, 1.529267563602159374e-01
2.503897295584245897e-01, 3.236578812570389818e-01, 2.730761146714590915e-01, 1.528762745130773093e-01
2.503311849255795973e-01, 3.237129937534329316e-01, 2.731300090524418911e-01, 1.528258122685454690e-01
2.502726389750788427e-01, 3.237680896522674434e-01, 2.731839017368477007e-01, 1.527753696358060409e-01
2.502140917227778094e-01, 3.238231689463064722e-01, 2.732377927068920798e-01, 1.527249466240236941e-01
2.501555431845323696e-01, 3.238782316283284612e-01, 2.732916819447974155e-01, 1.526745432423418369e-01
2.500969933761982289e-01, 3.239332776911262868e-01, 2.733455694327927565e-01, 1.526241594998827555e-01
2.500384423136310930e-01, 3.239883071275069804e-01, 2.733994551531142569e-01, 1.525737954057476420e-01
2.499798900126866674e-01, 3.240433199302922285e-01, 2.734533390880045101e-01, 1.525234509690165940e-01
2.499213364892205469e-01, 3.240983160923176509e-01, 2.735072212197132147e-01, 1.524731261987486708e-01
2.498627817590883538e-01, 3.241532956064333559e-01, 2.735611015304966753e-01, 1.524228211039816983e-01
2.498042258381455161e-01, 3.242082584655039401e-01, 2.736149800026180801e-01, 1.523725356937324360e-01
2.497456687422474619e-01, 3.242632046624082665e-01, 2.736688566183475002e-01, 1.523222699769968547e-01
2.496871104872493419e-01, 3.243181341900392423e-01, 2.737227313599617795e-01, 1.522720239627496086e-01
2.496285510890064452e-01, 3.243730470413044853e-01, 2.737766042097447006e-01, 1.522217976599443967e-01
2.495699905633735338e-01, 3.244279432091257687e-01, 2.738304751499867629e-01, 1.521715910775139902e-01
2.495114289262056750e-01, 3.244828226864391874e-01, 2.738843441629852937e-01, 1.521214042243700104e-01
2.494528661933571312e-01, 3.245376854661950472e-01, 2.739382112310446704e-01, 1.520712371094031234e-01
2.493943023806825532e-01, 3.245925315413582535e-01, 2.739920763364759870e-01, 1.520210897414831785e-01
2.493357375040361201e-01, 3.246473609049078668e-01, 2.740459394615971656e-01, 1.519709621294587365e-01
2.492771715792716503e-01, 3.247021735498373807e-01, 2.740998005887331779e-01, 1.519208542821577912e-01
2.492186046222429063e-01, 3.247569694691543329e-01, 2.741536597002157127e-01, 1.518707662083870757e-01
2.491600366488032348e-01, 3.248117486558808609e-01, 2.742075167783833978e-01, 1.518206979169325621e-01
2.491014676748058432e-01, 3.248665111030532571e-01, 2.742613718055816885e-01, 1.517706494165592390e-01
2.490428977161034951e-01, 3.249212568037223026e-01, 2.743152247641630348e-01, 1.517206207160111953e-01
2.489843267885487321e-01, 3.249759857509528227e-01, 2.743690756364868810e-01, 1.516706118240116197e-01
2.489257549079935405e-01, 3.250306979378242422e-01, 2.744229244049192773e-01, 1.516206227492628289e-01
2.488671820902899068e-01, 3.250853933574301413e-01, 2.744767710518334902e-01, 1.515706535004464339e-01
2.488086083512892066e-01, 3.251400720028783664e-01, 2.745306155596096143e-01, 1.515207040862228682e-01
2.487500337068423717e-01, 3.251947338672913634e-01, 2.745844579106343497e-01, 1.514707745152319152e-01
2.486914581728000007e-01, 3.252493789438054006e-01, 2.746382980873019464e-01, 1.514208647960925969e-01
2.486328817650123313e-01, 3.253040072255715676e-01, 2.746921360720131489e-01, 1.513709749374029800e-01
2.485743044993292128e-01, 3.253586187057547208e-01, 2.747459718471756962e-01, 1.513211049477403702e-01
2.485157263915996617e-01, 3.254132133775345936e-01, 2.747998053952043773e-01, 1.512712548356613118e-01
2.484571474576728334e-01, 3.254677912341047974e-01, 2.748536366985208090e-01, 1.512214246097015879e-01
2.483985677133966896e-01, 3.255223522686732651e-01, 2.749074657395538801e-01, 1.511716142783761097e-01
2.483399871746192200e-01, 3.255768964744626959e-01, 2.749612925007388631e-01, 1.511218238501791655e-01
2.482814058571876925e-01, 3.256314238447093889e-01, 2.750151169645186355e-01, 1.510720533335842275e-01
2.482228237769487089e-01, 3.256859343726645206e-01, 2.750689391133426809e-01, 1.510223027370440896e-01
2.481642409497486212e-01, 3.257404280515933115e-01, 2.751227589296673104e-01, 1.509725720689907846e-01
2.481056573914328933e-01, 3.257949048747750265e-01, 2.751765763959564959e-01, 1.509228613378356121e-01
2.480470731178465449e-01, 3.258493648355038075e-01, 2.752303914946804264e-01, 1.508731705519692212e-01
2.479884881448338740e-01, 3.259038079270876742e-01, 2.752842042083166185e-01, 1.508234997197618055e-01
2.479299024882388180e-01, 3.259582341428490238e-01, 2.753380145193497497e-01, 1.507738488495624640e-01
2.478713161639043705e-01, 3.260126434761242975e-01, 2.753918224102713252e-01, 1.507242179496999512e-01
2.478127291876728866e-01, 3.260670359202649249e-01, 2.754456278635798450e-01, 1.506746070284823713e-01
2.477541415753863052e-01, 3.261214114686359355e-01, 2.754994308617806920e-01, 1.506250160941970118e-01
2.476955533428856215e-01, 3.261757701146166810e-01, 2.755532313873867989e-01, 1.505754451551108986e-01
2.476369645060111091e-01, 3.262301118516012788e-01, 2.756070294229176487e-01, 1.505258942194700189e-01
2.475783750806024586e-01, 3.262844366729976131e-01, 2.756608249508997188e-01, 1.504763632955001540e-01
2.475197850824985835e-01, 3.263387445722282232e-01, 2.757146179538668695e-01, 1.504268523914062961e-01
2.474611945275375924e-01, 3.263930355427296370e-01, 2.757684084143598446e-01, 1.503773615153729537e-01
2.474026034315568445e-01, 3.264473095779527045e-01, 2.758221963149263822e-01, 1.503278906755641242e-01
2.473440118103928387e-01, 3.265015666713629305e-01, 2.758759816381211594e-01, 1.502784398801231824e-01
2.472854196798812687e-01, 3.265558068164393646e-01, 2.759297643665063471e-01, 1.502290091371730751e-01
2.472268270558571346e-01, 3.266100300066758777e-01, 2.759835444826508888e-01, 1.501795984548161822e-01
2.471682339541543261e-01, 3.266642362355806628e-01, 2.760373219691305557e-01, 1.501302078411344554e-01
2.471096403906062611e-01, 3.267184254966756796e-01, 2.760910968085287243e-01, 1.500808373041893073e-01
2.470510463810450530e-01, 3.267725977834976536e-01, 2.761448689834355430e-01, 1.500314868520217226e-01
2.469924519413022601e-01, 3.268267530895973549e-01, 2.761986384764481550e-01, 1.499821564926521744e-01
2.469338570872083305e-01, 3.268808914085395978e-01, 2.762524052701711974e-01, 1.499328462340807910e-01
2.468752618345928518e-01, 3.269350127339039624e-01, 2.763061693472159130e-01, 1.498835560842872450e-01
2.468166661992844957e-01, 3.269891170592838514e-01, 2.763599306902010388e-01, 1.498342860512307251e-01
2.467580701971108237e-01, 3.270432043782869336e-01, 2.764136892817521396e-01, 1.497850361428500476e-01
2.466994738438986201e-01, 3.270972746845354773e-01, 2.764674451045021075e-01, 1.497358063670637118e-01
2.466408771554736146e-01, 3.271513279716657396e-01, 2.765211981410907183e-01, 1.496865967317698720e-01
2.465822801476602877e-01, 3.272053642333281331e-01, 2.765749483741652970e-01, 1.496374072448461712e-01
2.465236828362826205e-01, 3.272593834631875587e-01, 2.766286957863798301e-01, 1.495882379141500185e-01
2.464650852371629841e-01, 3.273133856549231280e-01, 2.766824403603955207e-01, 1.495390887475184505e-01
2.464064873661229726e-01, 3.273673708022278861e-01, 2.767361820788808990e-01, 1.494899597527681312e-01
2.463478892389830976e-01, 3.274213388988094775e-01, 2.767899209245116565e-01, 1.494408509376956573e-01
2.462892908715628160e-01, 3.274752899383897575e-01, 2.768436568799704234e-01, 1.493917623100770031e-01
2.462306922796802244e-01, 3.275292239147044593e-01, 2.768973899279471573e-01, 1.493426938776680757e-01
2.461720934791526150e-01, 3.275831408215040819e-01, 2.769511200511388660e-01, 1.492936456482044372e-01
2.461134944857959750e-01, 3.276370406525528356e-01, 2.770048472322498290e-01, 1.492446176294014992e-01
2.460548953154251262e-01, 3.276909234016295303e-01, 2.770585714539911537e-01, 1.491956098289543564e-01
2.459962959838536134e-01, 3.277447890625268534e-01, 2.771122926990816637e-01, 1.491466222545377307e-01
2.459376965068941767e-01, 3.277986376290522585e-01, 2.771660109502471214e-01, 1.490976549138064988e-01
2.458790969003578908e-01, 3.278524690950267995e-01, 2.772197261902202836e-01, 1.490487078143950261e-01
2.458204971800548311e-01, 3.279062834542862404e-01, 2.772734384017414011e-01, 1.489997809639174997e-01
2.457618973617939073e-01, 3.279600807006803342e-01, 2.773271475675576081e-01, 1.489508743699682336e-01
2.457032974613825305e-01, 3.280138608280729895e-01, 2.773808536704235328e-01, 1.489019880401210305e-01
2.456446974946270567e-01, 3.280676238303423808e-01, 2.774345566931008533e-01, 1.488531219819297646e-01
2.455860974773323990e-01, 3.281213697013810604e-01, 2.774882566183584087e-01, 1.488042762029280763e-01
2.455274974253023046e-01, 3.281750984350956801e-01, 2.775419534289724210e-01, 1.487554507106295942e-01
2.454688973543391606e-01, 3.282288100254069363e-01, 2.775956471077261623e-01, 1.487066455125277131e-01
2.454102972802439386e-01, 3.282825044662500136e-01, 2.776493376374101762e-01, 1.486578606160958715e-01
2.453516972188162781e-01, 3.283361817515739745e-01, 2.777030250008225010e-01, 1.486090960287873020e-01
2.452930971858544584e-01, 3.283898418753425363e-01, 2.777567091807676691e-01, 1.485603517580353361e-01
2.452344971971555099e-01, 3.284434848315329614e-01, 2.778103901600583736e-01, 1.485116278112530996e-01
2.451758972685147975e-01, 3.284971106141373887e-01, 2.778640679215139131e-01, 1.484629241958337342e-01
2.451172974157265483e-01, 3.285507192171617796e-01, 2.779177424479611358e-01, 1.484142409191504530e-01
2.450586976545833240e-01, 3.286043106346263620e-01, 2.779714137222339398e-01, 1.483655779885563186e-01
2.450000980008762708e-01, 3.286578848605654080e-01, 2.780250817271737729e-01, 1.483169354113844929e-01
2.449414984703953413e-01, 3.287114418890277334e-01, 2.780787464456287994e-01, 1.482683131949481814e-01
2.448828990789284343e-01, 3.287649817140759212e-01, 2.781324078604551775e-01, 1.482197113465404392e-01
2.448242998422626160e-01, 3.288185043297869870e-01, 2.781860659545157266e-01, 1.481711298734346427e-01
2.447657007761829540e-01, 3.288720097302521572e-01, 2.782397207106808712e-01, 1.481225687828840731e-01
2.447071018964732392e-01, 3.289254979095764808e-01, 2.782933721118281967e-01, 1.480740280821220556e-01
2.446485032189155417e-01, 3.289789688618796615e-01, 2.783470201408425049e-01, 1.480255077783621254e-01
2.445899047592905995e-01, 3.290324225812954473e-01, 2.784006647806162582e-01, 1.479770078787978893e-01
2.445313065333771518e-01, 3.290858590619712976e-01, 2.784543060140485249e-01, 1.479285283906028592e-01
2.444727085569529668e-01, 3.291392782980694931e-01, 2.785079438240464778e-01, 1.478800693209311734e-01
2.444141108457935085e-01, 3.291926802837661925e-01, 2.785615781935237845e-01, 1.478316306769164867e-01
2.443555134156731867e-01, 3.292460650132514877e-01, 2.786152091054021063e-01, 1.477832124656731083e-01
2.442969162823645235e-01, 3.292994324807300144e-01, 2.786688365426101543e-01, 1.477348146942953078e-01
2.442383194616382369e-01, 3.293527826804203973e-01, 2.787224604880838008e-01, 1.476864373698575372e-01
2.441797229692636573e-01, 3.294061156065553053e-01, 2.787760809247665228e-01, 1.476380804994145979e-01
2.441211268210082830e-01, 3.294594312533818403e-01, 2.788296978356087363e-01, 1.475897440900012514e-01
2.440625310326378083e-01, 3.295127296151608709e-01, 2.788833112035686845e-01, 1.475414281486327195e-01
2.440039356199164566e-01, 3.295660106861676431e-01, 2.789369210116115494e-01, 1.474931326823044064e-01
2.439453405986065360e-01, 3.296192744606917246e-01, 2.789905272427099514e-01, 1.474448576979918712e-01
2.438867459844684671e-01, 3.296725209330363948e-01, 2.790441298798440051e-01, 1.473966032026511330e-01
2.438281517932612275e-01, 3.297257500975193656e-01, 2.790977289060010968e-01, 1.473483692032182824e-01
2.437695580407418239e-01, 3.297789619484725043e-01, 2.791513243041757741e-01, 1.473001557066099809e-01
2.437109647426654313e-01, 3.298321564802416117e-01, 2.792049160573701339e-01, 1.472519627197227954e-01
2.436523719147855593e-01, 3.298853336871866992e-01, 2.792585041485937114e-01, 1.472037902494340855e-01
2.435937795728536637e-01, 3.299384935636819338e-01, 2.793120885608632586e-01, 1.471556383026011716e-01
2.435351877326194237e-01, 3.299916361041156931e-01, 2.793656692772027994e-01, 1.471075068860620561e-01
2.434765964098309088e-01, 3.300447613028902882e-01, 2.794192462806440180e-01, 1.470593960066347849e-01
2.434180056202339126e-01, 3.300978691544222410e-01, 2.794728195542258709e-01, 1.470113056711180033e-01
2.433594153795725079e-01, 3.301509596531422841e-01, 2.795263890809944196e-01, 1.469632358862907606e-01
2.433008257035889632e-01, 3.302040327934950836e-01, 2.795799548440036086e-01, 1.469151866589123445e-01
2.432422366080234932e-01, 3.302570885699394609e-01, 2.796335168263143212e-01, 1.468671579957227247e-01
2.431836481086143698e-01, 3.303101269769485038e-01, 2.796870750109950454e-01, 1.468191499034420811e-01
2.431250602210980050e-01, 3.303631480090091777e-01, 2.797406293811216527e-01, 1.467711623887711092e-01
2.430664729612086461e-01, 3.304161516606227145e-01, 2.797941799197775636e-01, 1.467231954583911591e-01
2.430078863446786808e-01, 3.304691379263043349e-01, 2.798477266100533045e-01, 1.466752491189637353e-01
2.429493003872384982e-01, 3.305221068005833596e-01, 2.799012694350470620e-01, 1.466273233771310802e-01
2.428907151046164614e-01, 3.305750582780034308e-01, 2.799548083778644059e-01, 1.465794182395158962e-01
2.428321305125387963e-01, 3.306279923531218468e-01, 2.800083434216179556e-01, 1.465315337127213180e-01
2.427735466267299524e-01, 3.306809090205102830e-01, 2.800618745494284911e-01, 1.464836698033312179e-01
2.427149634629119090e-01, 3.307338082747546260e-01, 2.801154017444235644e-01, 1.464358265179099006e-01
2.426563810368047580e-01, 3.307866901104545843e-01, 2.801689249897384992e-01, 1.463880038630021307e-01
2.425977993641267039e-01, 3.308395545222240219e-01, 2.802224442685158357e-01, 1.463402018451334941e-01
2.425392184605933976e-01, 3.308924015046908473e-01, 2.802759595639057744e-01, 1.462924204708100084e-01
2.424806383419187417e-01, 3.309452310524970686e-01, 2.803294708590658435e-01, 1.462446597465182629e-01
2.424220590238142237e-01, 3.309980431602988493e-01, 2.803829781371611207e-01, 1.461969196787257230e-01
2.423634805219894439e-01, 3.310508378227662307e-01, 2.804364813813640667e-01, 1.461492002738802309e-01
2.423049028521515880e-01, 3.311036150345836315e-01, 2.804899805748544694e-01, 1.461015015384103943e-01
2.422463260300056487e-01, 3.311563747904489596e-01, 2.805434757008197777e-01, 1.460538234787255030e-01
2.421877500712545928e-01, 3.312091170850749444e-01, 2.805969667424549341e-01, 1.460061661012155010e-01
2.421291749915990832e-01, 3.312618419131877490e-01, 2.806504536829621532e-01, 1.459585294122509314e-01
2.420706008067374793e-01, 3.313145492695278027e-01, 2.807039365055512548e-01, 1.459109134181833523e-01
2.420120275323660031e-01, 3.313672391488496904e-01, 2.807574151934395523e-01, 1.458633181253447819e-01
2.419534551841784620e-01, 3.314199115459218747e-01, 2.808108897298517981e-01, 1.458157435400479485e-01
2.418948837778663874e-01, 3.314725664555268625e-01, 2.808643600980202382e-01, 1.457681896685865952e-01
2.418363133291191458e-01, 3.315252038724613715e-01, 2.809178262811845572e-01, 1.457206565172349810e-01
2.417777438536237999e-01, 3.315778237915358861e-01, 2.809712882625921004e-01, 1.456731440922483245e-01
2.417191753670648313e-01, 3.316304262075751574e-01, 2.810247460254975405e-01, 1.456256523998624985e-01
2.416606078851247230e-01, 3.316830111154179250e-01, 2.810781995531630995e-01, 1.455781814462942803e-01
2.416020414234832936e-01, 3.317355785099167509e-01, 2.811316488288586046e-01, 1.455307312377413231e-01
2.415434759978182522e-01, 3.317881283859385744e-01, 2.811850938358611551e-01, 1.454833017803820461e-01
2.414849116238046434e-01, 3.318406607383639351e-01, 2.812385345574557327e-01, 1.454358930803756333e-01
2.414263483171152080e-01, 3.318931755620878055e-01, 2.812919709769344800e-01, 1.453885051438624232e-01
2.413677860934204666e-01, 3.319456728520188138e-01, 2.813454030775973669e-01, 1.453411379769633249e-01
2.413092249683881363e-01, 3.319981526030797991e-01, 2.813988308427516905e-01, 1.452937915857803464e-01
2.412506649576837414e-01, 3.320506148102077559e-01, 2.814522542557120754e-01, 1.452464659763963717e-01
2.411921060769702807e-01, 3.321030594683531678e-01, 2.815056732998014177e-01, 1.451991611548751893e-01
2.411335483419082826e-01, 3.321554865724809513e-01, 2.815590879583492190e-01, 1.451518771272616304e-01
2.410749917681556942e-01, 3.322078961175699008e-01, 2.816124982146931965e-01, 1.451046138995812362e-01
2.410164363713681035e-01, 3.322602880986127438e-01, 2.816659040521783397e-01, 1.450573714778407852e-01
2.409578821671984061e-01, 3.323126625106163634e-01, 2.817193054541572428e-01, 1.450101498680279599e-01
2.408993291712970553e-01, 3.323650193486014648e-01, 2.817727024039900496e-01, 1.449629490761114303e-01
2.408407773993118950e-01, 3.324173586076027975e-01, 2.818260948850445091e-01, 1.449157691080408816e-01
2.407822268668882437e-01, 3.324696802826689890e-01, 2.818794828806958086e-01, 1.448686099697470420e-01
2.407236775896686443e-01, 3.325219843688627108e-01, 2.819328663743267960e-01, 1.448214716671417657e-01
2.406651295832935022e-01, 3.325742708612607901e-01, 2.819862453493279242e-01, 1.447743542061177835e-01
2.406065828633999759e-01, 3.326265397549537650e-01, 2.820396197890971957e-01, 1.447272575925490912e-01
2.405480374456232251e-01, 3.326787910450461627e-01, 2.820929896770399958e-01, 1.446801818322906719e-01
2.404894933455951345e-01, 3.327310247266565546e-01, 2.821463549965695927e-01, 1.446331269311786349e-01
2.404309505789455348e-01, 3.327832407949175009e-01, 2.821997157311066928e-01, 1.445860928950302993e-01
2.403724091613010649e-01, 3.328354392449754950e-01, 2.822530718640794967e-01, 1.445390797296439711e-01
2.403138691082859213e-01, 3.328876200719908529e-01, 2.823064233789239763e-01, 1.444920874407992217e-01
2.402553304355216635e-01, 3.329397832711379901e-01, 2.823597702590835978e-01, 1.444451160342567209e-01
2.401967931586268812e-01, 3.329919288376050890e-01, 2.824131124880095989e-01, 1.443981655157583477e-01
2.401382572932177217e-01, 3.330440567665945428e-01, 2.824664500491604890e-01, 1.443512358910272186e-01
2.400797228549072793e-01, 3.330961670533225116e-01, 2.825197829260025495e-01, 1.443043271657675763e-01
2.400211898593061777e-01, 3.331482596930190332e-01, 2.825731111020097219e-01, 1.442574393456650395e-01
2.399626583220220710e-01, 3.332003346809280786e-01, 2.826264345606636641e-01, 1.442105724363862695e-01
2.399041282586596435e-01, 3.332523920123078298e-01, 2.826797532854533057e-01, 1.441637264435792209e-01
2.398455996848213034e-01, 3.333044316824299025e-01, 2.827330672598754591e-01, 1.441169013728733350e-01
2.397870726161059896e-01, 3.333564536865803452e-01, 2.827863764674346525e-01, 1.440700972298791238e-01
2.397285470681103925e-01, 3.334084580200586401e-01, 2.828396808916426863e-01, 1.440233140201883366e-01
2.396700230564278167e-01, 3.334604446781784803e-01, 2.828929805160192990e-01, 1.439765517493742653e-01
2.396115005966491240e-01, 3.335124136562675479e-01, 2.829462753240917783e-01, 1.439298104229914388e-01
2.395529797043620956e-01, 3.335643649496671248e-01, 2.829995652993950173e-01, 1.438830900465757068e-01
2.394944603951515427e-01, 3.336162985537326486e-01, 2.830528504254715139e-01, 1.438363906256442115e-01
2.394359426845995287e-01, 3.336682144638331571e-01, 2.831061306858715376e-01, 1.437897121656956378e-01
2.393774265882850916e-01, 3.337201126753520097e-01, 2.831594060641529631e-01, 1.437430546722099634e-01
2.393189121217842441e-01, 3.337719931836859999e-01, 2.832126765438812144e-01, 1.436964181506485139e-01
2.392603993006702234e-01, 3.338238559842461317e-01, 2.832659421086295426e-01, 1.436498026064541300e-01
2.392018881405132413e-01, 3.338757010724571761e-01, 2.833192027419785819e-01, 1.436032080450511117e-01
2.391433786568803455e-01, 3.339275284437576707e-01, 2.833724584275170155e-01, 1.435566344718450238e-01
2.390848708653358634e-01, 3.339793380936002531e-01, 2.834257091488406877e-01, 1.435100818922231680e-01
2.390263647814408476e-01, 3.340311300174512721e-01, 2.834789548895536582e-01, 1.434635503115540833e-01
2.389678604207534363e-01, 3.340829042107911206e-01, 2.835321956332674254e-01, 1.434170397351879345e-01
2.389093577988288808e-01, 3.341346606691136256e-01, 2.835854313636010371e-01, 1.433705501684563732e-01
2.388508569312190188e-01, 3.341863993879269912e-01, 2.836386620641814238e-01, 1.433240816166725939e-01
2.387923578334728847e-01, 3.342381203627528552e-01, 2.836918877186430099e-01, 1.432776340851312225e-01
2.387338605211362097e-01, 3.342898235891271219e-01, 2.837451083106279914e-01, 1.432312075791086214e-01
2.386753650097519219e-01, 3.343415090625991848e-01, 2.837983238237863914e-01, 1.431848021038625851e-01
2.386168713148595633e-01, 3.343931767787324261e-01, 2.838515342417757270e-01, 1.431384176646325057e-01
2.385583794519955669e-01, 3.344448267331039393e-01, 2.839047395482610647e-01, 1.430920542666394013e-01
2.384998894366934519e-01, 3.344964589213048622e-01, 2.839579397269157424e-01, 1.430457119150859435e-01
2.384414012844831843e-01, 3.345480733389400441e-01, 2.840111347614202586e-01, 1.429993906151564020e-01
2.383829150108919825e-01, 3.345996699816282671e-01, 2.840643246354631057e-01, 1.429530903720166723e-01
2.383244306314435124e-01, 3.346512488450018585e-01, 2.841175093327401591e-01, 1.429068111908143313e-01
2.382659481616584696e-01, 3.347028099247073007e-01, 2.841706888369555095e-01, 1.428605530766786091e-01
2.382074676170542471e-01, 3.347543532164047320e-01, 2.842238631318205200e-01, 1.428143160347204732e-01
2.381489890131449350e-01, 3.348058787157679461e-01, 2.842770322010545470e-01, 1.427681000700325442e-01
2.380905123654415423e-01, 3.348573864184847815e-01, 2.843301960283844410e-01, 1.427219051876892630e-01
2.380320376894515533e-01, 3.349088763202569541e-01, 2.843833545975448795e-01, 1.426757313927465853e-01
2.379735650006795100e-01, 3.349603484167996137e-01, 2.844365078922783674e-01, 1.426295786902425367e-01
2.379150943146263186e-01, 3.350118027038418989e-01, 2.844896558963350142e-01, 1.425834470851966573e-01
2.378566256467899154e-01, 3.350632391771269925e-01, 2.845427985934725901e-01, 1.425373365826103356e-01
2.377981590126647116e-01, 3.351146578324114556e-01, 2.845959359674570810e-01, 1.424912471874668907e-01
2.377396944277417046e-01, 3.351660586654658380e-01, 2.846490680020614672e-01, 1.424451789047311012e-01
2.376812319075087276e-01, 3.352174416720741790e-01, 2.847021946810670556e-01, 1.423991317393500378e-01
2.376227714674502278e-01, 3.352688068480349504e-01, 2.847553159882625362e-01, 1.423531056962523134e-01
2.375643131230470717e-01, 3.353201541891597248e-01, 2.848084319074445370e-01, 1.423071007803484722e-01
2.375058568897770728e-01, 3.353714836912741748e-01, 2.848615424224177350e-01, 1.422611169965309341e-01
2.374474027831144085e-01, 3.354227953502176840e-01, 2.849146475169938575e-01, 1.422151543496740222e-01
2.373889508185298980e-01, 3.354740891618432919e-01, 2.849677471749929580e-01, 1.421692128446339354e-01
2.373305010114907521e-01, 3.355253651220178046e-01, 2.850208413802425844e-01, 1.421232924862488312e-01
2.372720533774611562e-01, 3.355766232266220173e-01, 2.850739301165781669e-01, 1.420773932793387428e-01
2.372136079319013546e-01, 3.356278634715501030e-01, 2.851270133678429075e-01, 1.420315152287057181e-01
2.371551646902684274e-01, 3.356790858527102239e-01, 2.851800911178876685e-01, 1.419856583391337357e-01
2.370967236680158186e-01, 3.357302903660240867e-01, 2.852331633505712505e-01, 1.419398226153887610e-01
2.370382848805935860e-01, 3.357814770074276089e-01, 2.852862300497601145e-01, 1.418940080622187461e-01
2.369798483434482073e-01, 3.358326457728696979e-01, 2.853392911993285486e-01, 1.418482146843536851e-01
2.369214140720225514e-01, 3.358837966583134715e-01, 2.853923467831584460e-01, 1.418024424865055033e-01
2.368629820817561016e-01, 3.359349296597356482e-01, 2.854453967851399154e-01, 1.417566914733683348e-01
2.368045523880845382e-01, 3.359860447731268240e-01, 2.854984411891703933e-01, 1.417109616496182445e-01
2.367461250064403222e-01, 3.360371419944909732e-01, 2.855514799791551983e-01, 1.416652530199133952e-01
2.366876999522520564e-01, 3.360882213198460589e-01, 2.856045131390078651e-01, 1.416195655888941307e-01
2.366292772409447076e-01, 3.361392827452234777e-01, 2.856575406526491445e-01, 1.415738993611826702e-01
2.365708568879398288e-01, 3.361903262666687264e-01, 2.857105625040078922e-01, 1.415282543413836358e-01
2.365124389086552537e-01, 3.362413518802404022e-01, 2.857635786770207353e-01, 1.414826305340835255e-01
2.364540233185051243e-01, 3.362923595820114242e-01, 2.858165891556322946e-01, 1.414370279438512401e-01
2.363956101328998916e-01, 3.363433493680680897e-01, 2.858695939237944073e-01, 1.413914465752375837e-01
2.363371993672466476e-01, 3.363943212345102407e-01, 2.859225929654674037e-01, 1.413458864327757913e-01
2.362787910369482380e-01, 3.364452751774515415e-01, 2.859755862646190527e-01, 1.413003475209810289e-01
2.362203851574043445e-01, 3.364962111930194788e-01, 2.860285738052251170e-01, 1.412548298443509764e-01
2.361619817440107627e-01, 3.365471292773549727e-01, 2.860815555712687974e-01, 1.412093334073653006e-01
2.361035808121592916e-01, 3.365980294266128769e-01, 2.861345315467418438e-01, 1.411638582144860155e-01
2.360451823772384827e-01, 3.366489116369611456e-01, 2.861875017156430001e-01, 1.411184042701573715e-01
2.359867864546325578e-01, 3.366997759045819438e-01, 2.862404660619796148e-01, 1.410729715788058558e-01
2.359283930597225742e-01, 3.367506222256710369e-01, 2.862934245697660307e-01, 1.410275601448403304e-01
2.358700022078854819e-01, 3.368014505964374572e-01, 2.863463772230251947e-01, 1.409821699726518662e-01
2.358116139144942058e-01, 3.368522610131041706e-01, 2.863993240057876033e-01, 1.409368010666140203e-01
2.357532281949184516e-01, 3.369030534719077430e-01, 2.864522649020915246e-01, 1.408914534310824196e-01
2.356948450645235671e-01, 3.369538279690981741e-01, 2.865051998959829427e-01, 1.408461270703952883e-01
2.356364645386713474e-01, 3.370045845009395080e-01, 2.865581289715160018e-01, 1.408008219888730594e-01
2.355780866327197298e-01, 3.370553230637090558e-01, 2.866110521127526733e-01, 1.407555381908186520e-01
2.355197113620225713e-01, 3.371060436536978955e-01, 2.866639693037623671e-01, 1.407102756805172772e-01
2.354613387419301207e-01, 3.371567462672104831e-01, 2.867168805286227085e-01, 1.406650344622366600e-01
2.354029687877885468e-01, 3.372074309005652082e-01, 2.867697857714192611e-01, 1.406198145402269561e-01
2.353446015149402437e-01, 3.372580975500937828e-01, 2.868226850162452490e-01, 1.405746159187206967e-01
2.352862369387236086e-01, 3.373087462121420188e-01, 2.868755782472016125e-01, 1.405294386019328434e-01
2.352278750744730695e-01, 3.373593768830683848e-01, 2.869284654483974517e-01, 1.404842825940609274e-01
2.351695159375192246e-01, 3.374099895592459486e-01, 2.869813466039497496e-01, 1.404391478992849662e-01
2.351111595431887025e-01, 3.374605842370607123e-01, 2.870342216979830940e-01, 1.403940345217674912e-01
2.350528059068040521e-01, 3.375111609129125001e-01, 2.870870907146300111e-01, 1.403489424656533535e-01
2.349944550436839918e-01, 3.375617195832147366e-01, 2.871399536380309647e-01, 1.403038717350702791e-01
2.349361069691429382e-01, 3.376122602443942244e-01, 2.871928104523345793e-01, 1.402588223341282581e-01
2.348777616984916716e-01, 3.376627828928915331e-01, 2.872456611416968064e-01, 1.402137942669199888e-01
2.348194192470368091e-01, 3.377132875251606103e-01, 2.872985056902817025e-01, 1.401687875375207670e-01
2.347610796300807490e-01, 3.377637741376692815e-01, 2.873513440822614839e-01, 1.401238021499884301e-01
2.347027428629221146e-01, 3.378142427268984727e-01, 2.874041763018158058e-01, 1.400788381083634959e-01
2.346444089608553940e-01, 3.378646932893429877e-01, 2.874570023331327051e-01, 1.400338954166689964e-01
2.345860779391707729e-01, 3.379151258215111198e-01, 2.875098221604073800e-01, 1.399889740789107273e-01
2.345277498131546623e-01, 3.379655403199244290e-01, 2.875626357678436884e-01, 1.399440740990771370e-01
2.344694245980891156e-01, 3.380159367811184645e-01, 2.876154431396531486e-01, 1.398991954811392713e-01
2.344111023092522450e-01, 3.380663152016419870e-01, 2.876682442600548284e-01, 1.398543382290508841e-01
2.343527829619179437e-01, 3.381166755780573019e-01, 2.877210391132762335e-01, 1.398095023467486320e-01
2.342944665713557750e-01, 3.381670179069403148e-01, 2.877738276835522524e-01, 1.397646878381515467e-01
2.342361531528317498e-01, 3.382173421848804762e-01, 2.878266099551261559e-01, 1.397198947071617847e-01
2.341778427216068825e-01, 3.382676484084805035e-01, 2.878793859122487087e-01, 1.396751229576638498e-01
2.341195352929387463e-01, 3.383179365743568812e-01, 2.879321555391789467e-01, 1.396303725935254259e-01
2.340612308820801957e-01, 3.383682066791395271e-01, 2.879849188201835108e-01, 1.395856436185967386e-01
2.340029295042800883e-01, 3.384184587194718485e-01, 2.880376757395372578e-01, 1.395409360367108609e-01
2.339446311747831464e-01, 3.384686926920105754e-01, 2.880904262815225936e-01, 1.394962498516837679e-01
2.338863359088294847e-01, 3.385189085934262043e-01, 2.881431704304302510e-01, 1.394515850673140878e-01
2.338280437216554430e-01, 3.385691064204024436e-01, 2.881959081705585124e-01, 1.394069416873835177e-01
2.337697546284930317e-01, 3.386192861696366574e-01, 2.882486394862138201e-01, 1.393623197156565185e-01
2.337114686445693756e-01, 3.386694478378396989e-01, 2.883013643617105548e-01, 1.393177191558803429e-01
2.336531857851081306e-01, 3.387195914217356330e-01, 2.883540827813707574e-01, 1.392731400117853402e-01
2.335949060653281506e-01, 3.387697169180622914e-01, 2.884067947295248513e-01, 1.392285822870846235e-01
2.335366295004442649e-01, 3.388198243235707174e-01, 2.884595001905107536e-01, 1.391840459854743195e-01
2.334783561056665291e-01, 3.388699136350254992e-01, 2.885121991486745974e-01, 1.391395311106333743e-01
2.334200858962011682e-01, 3.389199848492046030e-01, 2.885648915883703425e-01, 1.390950376662239141e-01
2.333618188872496890e-01, 3.389700379628997617e-01, 2.886175774939598315e-01, 1.390505656558907732e-01
2.333035550940095182e-01, 3.390200729729155316e-01, 2.886702568498129562e-01, 1.390061150832620496e-01
2.332452945316733639e-01, 3.390700898760705684e-01, 2.887229296403074352e-01, 1.389616859519486602e-01
2.331870372154299098e-01, 3.391200886691962957e-01, 2.887755958498291475e-01, 1.389172782655446192e-01
2.331287831604631766e-01, 3.391700693491380703e-01, 2.888282554627719101e-01, 1.388728920276269263e-01
2.330705323819528829e-01, 3.392200319127544605e-01, 2.888809084635370894e-01, 1.388285272417557337e-01
2.330122848950741399e-01, 3.392699763569174132e-01, 2.889335548365343231e-01, 1.387841839114741516e-01
2.329540407149978398e-01, 3.393199026785124195e-01, 2.889861945661812426e-01, 1.387398620403085259e-01
2.328957998568902954e-01, 3.393698108744381270e-01, 2.890388276369034726e-01, 1.386955616317681883e-01
2.328375623359134616e-01, 3.394197009416066724e-01, 2.890914540331342986e-01, 1.386512826893455397e-01
2.327793281672244641e-01, 3.394695728769438481e-01, 2.891440737393152771e-01, 1.386070252165162997e-01
2.327210973659765703e-01, 3.395194266773883807e-01, 2.891966867398958474e-01, 1.385627892167392017e-01
2.326628699473178852e-01, 3.395692623398926524e-01, 2.892492930193332756e-01, 1.385185746934561590e-01
2.326046459263923782e-01, 3.396190798614225348e-01, 2.893018925620929327e-01, 1.384743816500923763e-01
2.325464253183391616e-01, 3.396688792389567779e-01, 2.893544853526480165e-01, 1.384302100900561272e-01
2.324882081382932397e-01, 3.397186604694878431e-01, 2.894070713754799407e-01, 1.383860600167388655e-01
2.324299944013847596e-01, 3.397684235500216809e-01, 2.894596506150780013e-01, 1.383419314335154471e-01
2.323717841227393999e-01, 3.398181684775774536e-01, 2.895122230559392662e-01, 1.382978243437439081e-01
2.323135773174780649e-01, 3.398678952491874239e-01, 2.895647886825690742e-01, 1.382537387507654369e-01
2.322553740007173018e-01, 3.399176038618974549e-01, 2.896173474794805913e-01, 1.382096746579045965e-01
2.321971741875689943e-01, 3.399672943127667879e-01, 2.896698994311949771e-01, 1.381656320684693240e-01
2.321389778931402803e-01, 3.400169665988678203e-01, 2.897224445222413292e-01, 1.381216109857506535e-01
2.320807851325337179e-01, 3.400666207172862165e-01, 2.897749827371567388e-01, 1.380776114130231325e-01
2.320225959208472855e-01, 3.401162566651215191e-01, 2.898275140604866795e-01, 1.380336333535445714e-01
2.319644102731743263e-01, 3.401658744394856493e-01, 2.898800384767838412e-01, 1.379896768105562110e-01
2.319062282046033263e-01, 3.402154740375046282e-01, 2.899325559706095734e-01, 1.379457417872825276e-01
2.318480497302181365e-01, 3.402650554563174667e-01, 2.899850665265329974e-01, 1.379018282869314826e-01
2.317898748650980834e-01, 3.403146186930763872e-01, 2.900375701291310060e-01, 1.378579363126944957e-01
2.317317036243176642e-01, 3.403641637449471014e-01, 2.900900667629890406e-01, 1.378140658677462493e-01
2.316735360229465746e-01, 3.404136906091086989e-01, 2.901425564126998702e-01, 1.377702169552449674e-01
2.316153720760499024e-01, 3.404631992827530373e-01, 2.901950390628648124e-01, 1.377263895783323588e-01
2.315572117986877954e-01, 3.405126897630856853e-01, 2.902475146980929011e-01, 1.376825837401335073e-01
2.314990552059160989e-01, 3.405621620473255895e-01, 2.902999833030012189e-01, 1.376387994437570927e-01
2.314409023127852461e-01, 3.406116161327045755e-01, 2.903524448622150644e-01, 1.375950366922951695e-01
2.313827531343413402e-01, 3.406610520164680134e-01, 2.904048993603672857e-01, 1.375512954888234163e-01
2.313246076856254607e-01, 3.407104696958742629e-01, 2.904573467820992239e-01, 1.375075758364009970e-01
2.312664659816740520e-01, 3.407598691681952841e-01, 2.905097871120598807e-01, 1.374638777380706445e-01
2.312083280375186733e-01, 3.408092504307160264e-01, 2.905622203349066957e-01, 1.374202011968586323e-01
2.311501938681858881e-01, 3.408586134807347623e-01, 2.906146464353046577e-01, 1.373765462157747475e-01
2.310920634886975966e-01, 3.409079583155628645e-01, 2.906670653979269159e-01, 1.373329127978126230e-01
2.310339369140707588e-01, 3.409572849325251398e-01, 2.907194772074549460e-01, 1.372893009459491553e-01
2.309758141593175607e-01, 3.410065933289595508e-01, 2.907718818485776624e-01, 1.372457106631451706e-01
2.309176952394451088e-01, 3.410558835022173274e-01, 2.908242793059925835e-01, 1.372021419523449526e-01
2.308595801694559024e-01, 3.411051554496625227e-01, 2.908766695644049993e-01, 1.371585948164765478e-01
2.308014689643471395e-01, 3.411544091686729563e-01, 2.909290526085281381e-01, 1.371150692584516273e-01
2.307433616391115494e-01, 3.412036446566394932e-01, 2.909814284230834436e-01, 1.370715652811655416e-01
2.306852582087365600e-01, 3.412528619109658212e-01, 2.910337969928002422e-01, 1.370280828874974877e-01
2.306271586882046865e-01, 3.413020609290692287e-01, 2.910861583024158539e-01, 1.369846220803101478e-01
2.305690630924937534e-01, 3.413512417083800488e-01, 2.911385123366759253e-01, 1.369411828624501892e-01
2.305109714365764506e-01, 3.414004042463418820e-01, 2.911908590803338748e-01, 1.368977652367477926e-01
2.304528837354204163e-01, 3.414495485404110964e-01, 2.912431985181512251e-01, 1.368543692060171790e-01
2.303948000039883759e-01, 3.414986745880579377e-01, 2.912955306348974371e-01, 1.368109947730561660e-01
2.303367202572380312e-01, 3.415477823867651419e-01, 2.913478554153504096e-01, 1.367676419406464172e-01
2.302786445101219770e-01, 3.415968719340291004e-01, 2.914001728442954242e-01, 1.367243107115534706e-01
2.302205727775880062e-01, 3.416459432273588614e-01, 2.914524829065262557e-01, 1.366810010885266546e-01
2.301625050745787215e-01, 3.416949962642770733e-01, 2.915047855868450055e-01, 1.366377130742991164e-01
2.301044414160315910e-01, 3.417440310423192629e-01, 2.915570808700610472e-01, 1.365944466715879602e-01
2.300463818168791419e-01, 3.417930475590342243e-01, 2.916093687409924140e-01, 1.365512018830941920e-01
2.299883262920487947e-01, 3.418420458119838523e-01, 2.916616491844649106e-01, 1.365079787115025534e-01
2.299302748564627519e-01, 3.418910257987428092e-01, 2.917139221853125020e-01, 1.364647771594818537e-01
2.298722275250384695e-01, 3.419399875168995795e-01, 2.917661877283770910e-01, 1.364215972296848045e-01
2.298141843126878525e-01, 3.419889309640552488e-01, 2.918184457985089630e-01, 1.363784389247479911e-01
2.297561452343178656e-01, 3.420378561378240034e-01, 2.918706963805660082e-01, 1.363353022472921228e-01
2.296981103048304496e-01, 3.420867630358334632e-01, 2.919229394594145544e-01, 1.362921871999216994e-01
2.296400795391222160e-01, 3.421356516557238492e-01, 2.919751750199285900e-01, 1.362490937852253448e-01
2.295820529520847531e-01, 3.421845219951489270e-01, 2.920274030469906523e-01, 1.362060220057757509e-01
2.295240305586042362e-01, 3.422333740517753409e-01, 2.920796235254909390e-01, 1.361629718641294007e-01
2.294660123735620949e-01, 3.422822078232828358e-01, 2.921318364403279744e-01, 1.361199433628271227e-01
2.294079984118340410e-01, 3.423310233073642572e-01, 2.921840417764081099e-01, 1.360769365043937029e-01
2.293499886882910122e-01, 3.423798205017253848e-01, 2.922362395186459127e-01, 1.360339512913377458e-01
2.292919832177983674e-01, 3.424285994040853209e-01, 2.922884296519640546e-01, 1.359909877261523126e-01
2.292339820152164975e-01, 3.424773600121758244e-01, 2.923406121612932007e-01, 1.359480458113144496e-01
2.291759850954004918e-01, 3.425261023237420877e-01, 2.923927870315721211e-01, 1.359051255492852439e-01
2.291179924732000828e-01, 3.425748263365422375e-01, 2.924449542477477459e-01, 1.358622269425100448e-01
2.290600041634598127e-01, 3.426235320483471680e-01, 2.924971137947747213e-01, 1.358193499934182702e-01
2.290020201810189227e-01, 3.426722194569412072e-01, 2.925492656576162420e-01, 1.357764947044235726e-01
2.289440405407114076e-01, 3.427208885601215060e-01, 2.926014098212432746e-01, 1.357336610779237840e-01
2.288860652573658505e-01, 3.427695393556982051e-01, 2.926535462706351121e-01, 1.356908491163009156e-01
2.288280943458056160e-01, 3.428181718414943790e-01, 2.927056749907788191e-01, 1.356480588219212136e-01
2.287701278208488509e-01, 3.428667860153464808e-01, 2.927577959666697316e-01, 1.356052901971351587e-01
2.287121656973079287e-01, 3.429153818751034533e-01, 2.928099091833110679e-01, 1.355625432442775502e-01
2.286542079899903934e-01, 3.429639594186276730e-01, 2.928620146257145951e-01, 1.355198179656673663e-01
2.285962547136980716e-01, 3.430125186437942286e-01, 2.929141122788997409e-01, 1.354771143636079311e-01
2.285383058832276548e-01, 3.430610595484913650e-01, 2.929662021278941486e-01, 1.354344324403868316e-01
2.284803615133703947e-01, 3.431095821306200944e-01, 2.930182841577335107e-01, 1.353917721982760003e-01
2.284224216189119361e-01, 3.431580863880945853e-01, 2.930703583534616241e-01, 1.353491336395317435e-01
2.283644862146327614e-01, 3.432065723188419959e-01, 2.931224247001305017e-01, 1.353065167663946855e-01
2.283065553153079685e-01, 3.432550399208021963e-01, 2.931744831828001496e-01, 1.352639215810897688e-01
2.282486289357068265e-01, 3.433034891919283793e-01, 2.932265337865385679e-01, 1.352213480858263928e-01
2.281907070905936363e-01, 3.433519201301861723e-01, 2.932785764964219721e-01, 1.351787962827982470e-01
2.281327897947270367e-01, 3.434003327335548028e-01, 2.933306112975346824e-01, 1.351362661741836169e-01
2.280748770628601430e-01, 3.434487270000258774e-01, 2.933826381749690126e-01, 1.350937577621450780e-01
2.280169689097406860e-01, 3.434971029276040477e-01, 2.934346571138255477e-01, 1.350512710488297463e-01
2.279590653501109843e-01, 3.435454605143071771e-01, 2.934866680992128107e-01, 1.350088060363691389e-01
2.279011663987076386e-01, 3.435937997581656744e-01, 2.935386711162474849e-01, 1.349663627268792021e-01
2.278432720702618930e-01, 3.436421206572231601e-01, 2.935906661500544135e-01, 1.349239411224605611e-01
2.277853823794995236e-01, 3.436904232095359668e-01, 2.936426531857663780e-01, 1.348815412251981316e-01
2.277274973411405612e-01, 3.437387074131733056e-01, 2.936946322085244865e-01, 1.348391630371616190e-01
2.276696169698997907e-01, 3.437869732662174882e-01, 2.937466032034778407e-01, 1.347968065604050192e-01
2.276117412804861684e-01, 3.438352207667634275e-01, 2.937985661557835360e-01, 1.347544717969669792e-01
2.275538702876030717e-01, 3.438834499129193034e-01, 2.938505210506068832e-01, 1.347121587488708250e-01
2.274960040059486044e-01, 3.439316607028055639e-01, 2.939024678731215201e-01, 1.346698674181243116e-01
2.274381424502149862e-01, 3.439798531345562016e-01, 2.939544066085087448e-01, 1.346275978067200119e-01
2.273802856350889967e-01, 3.440280272063178102e-01, 2.940063372419583487e-01, 1.345853499166348444e-01
2.273224335752518088e-01, 3.440761829162495289e-01, 2.940582597586680613e-01, 1.345431237498306565e-01
2.272645862853787113e-01, 3.441243202625238196e-01, 2.941101741438436612e-01, 1.345009193082537802e-01
2.272067437801397471e-01, 3.441724392433257451e-01, 2.941620803826992536e-01, 1.344587365938352819e-01
2.271489060741990473e-01, 3.442205398568531360e-01, 2.942139784604569930e-01, 1.344165756084908792e-01
2.270910731822152195e-01, 3.442686221013168679e-01, 2.942658683623469162e-01, 1.343744363541210241e-01
2.270332451188410983e-01, 3.443166859749405284e-01, 2.943177500736073315e-01, 1.343323188326109030e-01
2.269754218987239391e-01, 3.443647314759604172e-01, 2.943696235794850402e-01, 1.342902230458304924e-01
2.269176035365052246e-01, 3.444127586026259347e-01, 2.944214888652343931e-01, 1.342481489956343921e-01
2.268597900468208306e-01, 3.444607673531990266e-01, 2.944733459161181233e-01, 1.342060966838621305e-01
2.268019814443007487e-01, 3.445087577259544620e-01, 2.945251947174069018e-01, 1.341640661123378320e-01
2.267441777435695305e-01, 3.445567297191799438e-01, 2.945770352543798931e-01, 1.341220572828706326e-01
2.266863789592456768e-01, 3.446046833311758872e-01, 2.946288675123241441e-01, 1.340800701972543474e-01
2.266285851059422485e-01, 3.446526185602554748e-01, 2.946806914765346397e-01, 1.340381048572676925e-01
2.265707961982662000e-01, 3.447005354047445458e-01, 2.947325071323149692e-01, 1.339961612646742017e-01
2.265130122508191568e-01, 3.447484338629820400e-01, 2.947843144649765490e-01, 1.339542394212222820e-01
2.264552332781965549e-01, 3.447963139333193872e-01, 2.948361134598387889e-01, 1.339123393286453245e-01
2.263974592949882791e-01, 3.448441756141207848e-01, 2.948879041022294811e-01, 1.338704609886614549e-01
2.263396903157782747e-01, 3.448920189037633643e-01, 2.949396863774844113e-01, 1.338286044029738664e-01
2.262819263551449633e-01, 3.449398438006368028e-01, 2.949914602709476918e-01, 1.337867695732705697e-01
2.262241674276604941e-01, 3.449876503031435448e-01, 2.950432257679713732e-01, 1.337449565012245878e-01
2.261664135478915483e-01, 3.450354384096989135e-01, 2.950949828539156661e-01, 1.337031651884939276e-01
2.261086647303988395e-01, 3.450832081187307221e-01, 2.951467315141488301e-01, 1.336613956367215250e-01
2.260509209897372529e-01, 3.451309594286797733e-01, 2.951984717340476738e-01, 1.336196478475353833e-01
2.259931823404557893e-01, 3.451786923379994154e-01, 2.952502034989963331e-01, 1.335779218225484344e-01
2.259354487970974545e-01, 3.452264068451556533e-01, 2.953019267943881587e-01, 1.335362175633587056e-01
2.258777203741995920e-01, 3.452741029486273150e-01, 2.953536416056237179e-01, 1.334945350715493195e-01
2.258199970862935779e-01, 3.453217806469059958e-01, 2.954053479181121822e-01, 1.334528743486882441e-01
2.257622789479048486e-01, 3.453694399384956704e-01, 2.954570457172705500e-01, 1.334112353963288200e-01
2.257045659735528453e-01, 3.454170808219134137e-01, 2.955087349885243686e-01, 1.333696182160093169e-01
2.256468581777512361e-01, 3.454647032956885133e-01, 2.955604157173071234e-01, 1.333280228092531827e-01
2.255891555750076383e-01, 3.455123073583633020e-01, 2.956120878890602932e-01, 1.332864491775688776e-01
2.255314581798237294e-01, 3.455598930084924358e-01, 2.956637514892336838e-01, 1.332448973224500954e-01
2.254737660066953864e-01, 3.456074602446436717e-01, 2.957154065032852608e-01, 1.332033672453757089e-01
2.254160790701121853e-01, 3.456550090653970342e-01, 2.957670529166809281e-01, 1.331618589478098247e-01
2.253583973845581234e-01, 3.457025394693453157e-01, 2.958186907148950273e-01, 1.331203724312015890e-01
2.253007209645107867e-01, 3.457500514550939652e-01, 2.958703198834098935e-01, 1.330789076969853824e-01
2.252430498244421819e-01, 3.457975450212610324e-01, 2.959219404077157445e-01, 1.330374647465809579e-01
2.251853839788179323e-01, 3.458450201664773349e-01, 2.959735522733115132e-01, 1.329960435813931363e-01
2.251277234420979989e-01, 3.458924768893860135e-01, 2.960251554657039041e-01, 1.329546442028121667e-01
2.250700682287359311e-01, 3.459399151886430324e-01, 2.960767499704077821e-01, 1.329132666122133655e-01
2.250124183531794220e-01, 3.459873350629167899e-01, 2.961283357729461718e-01, 1.328719108109575608e-01
2.249547738298700861e-01, 3.460347365108885631e-01, 2.961799128588505359e-01, 1.328305768003907594e-01
2.248971346732436816e-01, 3.460821195312520082e-01, 2.962314812136599973e-01, 1.327892645818442852e-01
2.248395008977294995e-01, 3.461294841227135488e-01, 2.962830408229221724e-01, 1.327479741566348903e-01
2.247818725177510579e-01, 3.461768302839916545e-01, 2.963345916721926709e-01, 1.327067055260645334e-01
2.247242495477255464e-01, 3.462241580138181729e-01, 2.963861337470354851e-01, 1.326654586914207679e-01
2.246666320020641872e-01, 3.462714673109367758e-01, 2.964376670330225449e-01, 1.326242336539762978e-01
2.246090198951722072e-01, 3.463187581741042909e-01, 2.964891915157339963e-01, 1.325830304149893946e-01
2.245514132414485053e-01, 3.463660306020897028e-01, 2.965407071807581452e-01, 1.325418489757036744e-01
2.244938120552858185e-01, 3.464132845936747085e-01, 2.965922140136912355e-01, 1.325006893373482375e-01
2.244362163510708330e-01, 3.464605201476534946e-01, 2.966437120001382266e-01, 1.324595515011376123e-01
2.243786261431840456e-01, 3.465077372628325714e-01, 2.966952011257116828e-01, 1.324184354682717835e-01
2.243210414459998747e-01, 3.465549359380314942e-01, 2.967466813760324396e-01, 1.323773412399362748e-01
2.242634622738863548e-01, 3.466021161720818644e-01, 2.967981527367297701e-01, 1.323362688173020107e-01
2.242058886412056362e-01, 3.466492779638280508e-01, 2.968496151934408300e-01, 1.322952182015255107e-01
2.241483205623133745e-01, 3.466964213121267457e-01, 2.969010687318109354e-01, 1.322541893937488888e-01
2.240907580515590913e-01, 3.467435462158472426e-01, 2.969525133374938952e-01, 1.322131823950996321e-01
2.240332011232863685e-01, 3.467906526738714912e-01, 2.970039489961512347e-01, 1.321721972066910167e-01
2.239756497918320155e-01, 3.468377406850934874e-01, 2.970553756934528056e-01, 1.321312338296217470e-01
2.239181040715270965e-01, 3.468848102484200502e-01, 2.971067934150768419e-01, 1.320902922649760669e-01
2.238605639766961808e-01, 3.469318613627703773e-01, 2.971582021467092938e-01, 1.320493725138240371e-01
2.238030295216576759e-01, 3.469788940270763788e-01, 2.972096018740448264e-01, 1.320084745772212576e-01
2.237455007207236057e-01, 3.470259082402818440e-01, 2.972609925827856547e-01, 1.319675984562089233e-01
2.236879775881998045e-01, 3.470729040013435518e-01, 2.973123742586425977e-01, 1.319267441518139350e-01
2.236304601383858892e-01, 3.471198813092304936e-01, 2.973637468873347456e-01, 1.318859116650488716e-01
2.235729483855749267e-01, 3.471668401629242617e-01, 2.974151104545887381e-01, 1.318451009969121013e-01
2.235154423440539884e-01, 3.472137805614184392e-01, 2.974664649461400412e-01, 1.318043121483874758e-01
2.234579420281034845e-01, 3.472607025037197093e-01, 2.975178103477318370e-01, 1.317635451204448305e-01
2.234004474519979133e-01, 3.473076059888466349e-01, 2.975691466451158562e-01, 1.317227999140396788e-01
2.233429586300049730e-01, 3.473544910158303245e-01, 2.976204738240516567e-01, 1.316820765301130736e-01
2.232854755763864496e-01, 3.474013575837144874e-01, 2.976717918703069565e-01, 1.316413749695921342e-01
2.232279983053972461e-01, 3.474482056915548789e-01, 2.977231007696581333e-01, 1.316006952333896862e-01
2.231705268312865198e-01, 3.474950353384201329e-01, 2.977744005078890033e-01, 1.315600373224042607e-01
2.231130611682965170e-01, 3.475418465233907628e-01, 2.978256910707921534e-01, 1.315194012375204002e-01
2.230556013306634611e-01, 3.475886392455599938e-01, 2.978769724441681643e-01, 1.314787869796083530e-01
2.229981473326169972e-01, 3.476354135040333193e-01, 2.979282446138254992e-01, 1.314381945495242399e-01
2.229406991883802203e-01, 3.476821692979284451e-01, 2.979795075655811143e-01, 1.313976239481100816e-01
2.228832569121702023e-01, 3.477289066263757333e-01, 2.980307612852602372e-01, 1.313570751761937994e-01
2.228258205181972429e-01, 3.477756254885177034e-01, 2.980820057586958116e-01, 1.313165482345892143e-01
2.227683900206652579e-01, 3.478223258835091980e-01, 2.981332409717293852e-01, 1.312760431240960202e-01
2.227109654337718903e-01, 3.478690078105175498e-01, 2.981844669102104994e-01, 1.312355598455000605e-01
2.226535467717081496e-01, 3.479156712687223041e-01, 2.982356835599968004e-01, 1.311950983995727460e-01
2.225961340486586615e-01, 3.479623162573152739e-01, 2.982868909069542607e-01, 1.311546587870718317e-01
2.225387272788014736e-01, 3.480089427755008180e-01, 2.983380889369567912e-01, 1.311142410087409171e-01
2.224813264763083331e-01, 3.480555508224952299e-01, 2.983892776358869070e-01, 1.310738450653095299e-01
2.224239316553441870e-01, 3.481021403975275708e-01, 2.984404569896347281e-01, 1.310334709574933754e-01
2.223665428300679314e-01, 3.481487114998388366e-01, 2.984916269840990899e-01, 1.309931186859940866e-01
2.223091600146314961e-01, 3.481952641286825134e-01, 2.985427876051865992e-01, 1.309527882514994190e-01
2.222517832231804824e-01, 3.482417982833241332e-01, 2.985939388388123561e-01, 1.309124796546830838e-01
2.221944124698539413e-01, 3.482883139630418290e-01, 2.986450806708991212e-01, 1.308721928962049974e-01
2.221370477687844847e-01, 3.483348111671258351e-01, 2.986962130873786481e-01, 1.308319279767111987e-01
2.220796891340978962e-01, 3.483812898948784320e-01, 2.987473360741900175e-01, 1.307916848968337376e-01
2.220223365799136317e-01, 3.484277501456145565e-01, 2.987984496172810256e-01, 1.307514636571907307e-01
2.219649901203445408e-01, 3.484741919186612469e-01, 2.988495537026074622e-01, 1.307112642583867501e-01
2.219076497694967842e-01, 3.485206152133577540e-01, 2.989006483161332217e-01, 1.306710867010122679e-01
2.218503155414700556e-01, 3.485670200290553189e-01, 2.989517334438306917e-01, 1.306309309856439338e-01
2.217929874503573040e-01, 3.486134063651180059e-01, 2.990028090716799758e-01, 1.305907971128448253e-01
2.217356655102451224e-01, 3.486597742209213147e-01, 2.990538751856696709e-01, 1.305506850831639754e-01
2.216783497352129984e-01, 3.487061235958536232e-01, 2.991049317717965339e-01, 1.305105948971368446e-01
2.216210401393344520e-01, 3.487524544893152445e-01, 2.991559788160653155e-01, 1.304705265552849880e-01
2.215637367366757593e-01, 3.487987669007187597e-01, 2.992070163044891484e-01, 1.304304800581163881e-01
2.215064395412968401e-01, 3.488450608294887956e-01, 2.992580442230891591e-01, 1.303904554061251775e-01
2.214491485672510640e-01, 3.488913362750624136e-01, 2.993090625578948005e-01, 1.303504525997917496e-01
2.213918638285847784e-01, 3.489375932368885547e-01, 2.993600712949436304e-01, 1.303104716395830365e-01
2.213345853393380025e-01, 3.489838317144285940e-01, 2.994110704202814222e-01, 1.302705125259520369e-01
2.212773131135438165e-01, 3.490300517071558417e-01, 2.994620599199621647e-01, 1.302305752593382882e-01
2.212200471652287226e-01, 3.490762532145559871e-01, 2.995130397800477851e-01, 1.301906598401674775e-01
2.211627875084125061e-01, 3.491224362361267097e-01, 2.995640099866088146e-01, 1.301507662688519418e-01
2.211055341571082911e-01, 3.491686007713780127e-01, 2.996149705257235563e-01, 1.301108945457901955e-01
2.210482871253223458e-01, 3.492147468198317228e-01, 2.996659213834785840e-01, 1.300710446713672919e-01
2.209910464270543329e-01, 3.492608743810222127e-01, 2.997168625459689650e-01, 1.300312166459546837e-01
2.209338120762970592e-01, 3.493069834544954566e-01, 2.997677939992973717e-01, 1.299914104699100847e-01
2.208765840870367259e-01, 3.493530740398100853e-01, 2.998187157295752470e-01, 1.299516261435779974e-01
2.208193624732525118e-01, 3.493991461365364426e-01, 2.998696277229218055e-01, 1.299118636672891847e-01
2.207621472489172676e-01, 3.494451997442571956e-01, 2.999205299654646995e-01, 1.298721230413609207e-01
2.207049384279965998e-01, 3.494912348625668908e-01, 2.999714224433395748e-01, 1.298324042660969346e-01
2.206477360244494534e-01, 3.495372514910725092e-01, 3.000223051426902376e-01, 1.297927073417876609e-01
2.205905400522282511e-01, 3.495832496293929115e-01, 3.000731780496689316e-01, 1.297530322687099336e-01
2.205333505252782822e-01, 3.496292292771587262e-01, 3.001240411504356720e-01, 1.297133790471271531e-01
2.204761674575382024e-01, 3.496751904340131833e-01, 3.001748944311593004e-01, 1.296737476772893694e-01
2.204189908629396732e-01, 3.497211330996112255e-01, 3.002257378780159858e-01, 1.296341381594331155e-01
2.203618207554077502e-01, 3.497670572736199524e-01, 3.002765714771907235e-01, 1.295945504937814907e-01
2.203046571488604943e-01, 3.498129629557186204e-01, 3.003273952148763914e-01, 1.295549846805445215e-01
2.202475000572090280e-01, 3.498588501455982547e-01, 3.003782090772742497e-01, 1.295154407199184399e-01
2.201903494943578121e-01, 3.499047188429622035e-01, 3.004290130505934964e-01, 1.294759186120864602e-01
2.201332054742043964e-01, 3.499505690475255282e-01, 3.004798071210518229e-01, 1.294364183572182525e-01
2.200760680106393363e-01, 3.499964007590155579e-01, 3.005305912748747477e-01, 1.293969399554703581e-01
2.200189371175464703e-01, 3.500422139771715013e-01, 3.005813654982961158e-01, 1.293574834069858570e-01
2.199618128088025870e-01, 3.500880087017447240e-01, 3.006321297775580992e-01, 1.293180487118947009e-01
2.199046950982775916e-01, 3.501337849324983043e-01, 3.006828840989108631e-01, 1.292786358703133798e-01
2.198475839998344505e-01, 3.501795426692075330e-01, 3.007336284486125666e-01, 1.292392448823453110e-01
2.197904795273294687e-01, 3.502252819116596916e-01, 3.007843628129302505e-01, 1.291998757480805893e-01
2.197333816946116514e-01, 3.502710026596538850e-01, 3.008350871781382829e-01, 1.291605284675961252e-01
2.196762905155233148e-01, 3.503167049130013200e-01, 3.008858015305198585e-01, 1.291212030409556177e-01
2.196192060038996419e-01, 3.503623886715248603e-01, 3.009365058563658324e-01, 1.290818994682095266e-01
2.195621281735690433e-01, 3.504080539350599710e-01, 3.009872001419757193e-01, 1.290426177493952942e-01
2.195050570383527966e-01, 3.504537007034533858e-01, 3.010378843736568610e-01, 1.290033578845370399e-01
2.194479926120652125e-01, 3.504993289765639952e-01, 3.010885585377250373e-01, 1.289641198736457273e-01
2.193909349085139127e-01, 3.505449387542626805e-01, 3.011392226205039102e-01, 1.289249037167194412e-01
2.193338839414990249e-01, 3.505905300364323685e-01, 3.011898766083255796e-01, 1.288857094137428883e-01
2.192768397248142098e-01, 3.506361028229676990e-01, 3.012405204875301945e-01, 1.288465369646878689e-01
2.192198022722455786e-01, 3.506816571137751914e-01, 3.012911542444661750e-01, 1.288073863695129995e-01
2.191627715975726642e-01, 3.507271929087733553e-01, 3.013417778654899903e-01, 1.287682576281638791e-01
2.191057477145679222e-01, 3.507727102078926351e-01, 3.013923913369663810e-01, 1.287291507405731450e-01
2.190487306369962583e-01, 3.508182090110752993e-01, 3.014429946452683029e-01, 1.286900657066602227e-01
2.189917203786162503e-01, 3.508636893182753291e-01, 3.014935877767766503e-01, 1.286510025263316870e-01
2.189347169531790371e-01, 3.509091511294590848e-01, 3.015441707178808106e-01, 1.286119611994811229e-01
2.188777203744286803e-01, 3.509545944446041399e-01, 3.015947434549781092e-01, 1.285729417259890150e-01
2.188207306561023302e-01, 3.510000192637003913e-01, 3.016453059744743093e-01, 1.285339441057230248e-01
2.187637478119297818e-01, 3.510454255867493933e-01, 3.016958582627830010e-01, 1.284949683385376851e-01
2.187067718556341966e-01, 3.510908134137647463e-01, 3.017464003063263234e-01, 1.284560144242749002e-01
2.186498028009312145e-01, 3.511361827447712636e-01, 3.017969320915341869e-01, 1.284170823627633073e-01
2.185928406615295083e-01, 3.511815335798064708e-01, 3.018474536048451617e-01, 1.283781721538189702e-01
2.185358854511307292e-01, 3.512268659189191622e-01, 3.018979648327054233e-01, 1.283392837972448242e-01
2.184789371834292560e-01, 3.512721797621698450e-01, 3.019484657615698620e-01, 1.283004172928310649e-01
2.184219958721125010e-01, 3.513174751096312387e-01, 3.019989563779011954e-01, 1.282615726403550926e-01
2.183650615308605769e-01, 3.513627519613877204e-01, 3.020494366681704679e-01, 1.282227498395812626e-01
2.183081341733465741e-01, 3.514080103175352687e-01, 3.020999066188568283e-01, 1.281839488902613566e-01
2.182512138132363388e-01, 3.514532501781817975e-01, 3.021503662164476411e-01, 1.281451697921342781e-01
2.181943004641885286e-01, 3.514984715434469886e-01, 3.022008154474384312e-01, 1.281064125449259683e-01
2.181373941398548622e-01, 3.515436744134622371e-01, 3.022512542983329387e-01, 1.280676771483499621e-01
2.180804948538795640e-01, 3.515888587883708172e-01, 3.023016827556428976e-01, 1.280289636021066935e-01
2.180236026198997812e-01, 3.516340246683274939e-01, 3.023521008058886461e-01, 1.279902719058840233e-01
2.179667174515456107e-01, 3.516791720534991339e-01, 3.024025084355980164e-01, 1.279516020593571279e-01
2.179098393624397667e-01, 3.517243009440640944e-01, 3.024529056313078335e-01, 1.279129540621883609e-01
2.178529683661977467e-01, 3.517694113402125566e-01, 3.025032923795622497e-01, 1.278743279140274747e-01
2.177961044764279430e-01, 3.518145032421463037e-01, 3.025536686669141329e-01, 1.278357236145115650e-01
2.177392477067313925e-01, 3.518595766500789979e-01, 3.026040344799246218e-01, 1.277971411632649601e-01
2.176823980707021100e-01, 3.519046315642360145e-01, 3.026543898051624049e-01, 1.277585805598994984e-01
2.176255555819263943e-01, 3.519496679848542198e-01, 3.027047346292049967e-01, 1.277200418040142504e-01
2.175687202539840215e-01, 3.519946859121822480e-01, 3.027550689386377947e-01, 1.276815248951957971e-01
2.175118921004468020e-01, 3.520396853464806131e-01, 3.028053927200544115e-01, 1.276430298330181456e-01
2.174550711348796350e-01, 3.520846662880214861e-01, 3.028557059600564538e-01, 1.276045566170425638e-01
2.173982573708400645e-01, 3.521296287370881961e-01, 3.029060086452539102e-01, 1.275661052468178847e-01
2.173414508218783070e-01, 3.521745726939763954e-01, 3.029563007622649295e-01, 1.275276757218803680e-01
2.172846515015373903e-01, 3.522194981589931717e-01, 3.030065822977156542e-01, 1.274892680417537838e-01
2.172278594233530147e-01, 3.522644051324570480e-01, 3.030568532382406643e-01, 1.274508822059493285e-01
2.171710746008533588e-01, 3.523092936146984266e-01, 3.031071135704825337e-01, 1.274125182139657919e-01
2.171142970475594680e-01, 3.523541636060592563e-01, 3.031573632810919960e-01, 1.273741760652893906e-01
2.170575267769851713e-01, 3.523990151068930876e-01, 3.032076023567279455e-01, 1.273358557593938789e-01
2.170007638026366370e-01, 3.524438481175652393e-01, 3.032578307840573806e-01, 1.272975572957406321e-01
2.169440081380132057e-01, 3.524886626384523547e-01, 3.033080485497559042e-01, 1.272592806737786186e-01
2.168872597966062243e-01, 3.525334586699428452e-01, 3.033582556405067243e-01, 1.272210258929442617e-01
2.168305187919001287e-01, 3.525782362124368352e-01, 3.034084520430013199e-01, 1.271827929526617162e-01
2.167737851373716940e-01, 3.526229952663460510e-01, 3.034586377439397187e-01, 1.271445818523426197e-01
2.167170588464906733e-01, 3.526677358320931543e-01, 3.035088127300296645e-01, 1.271063925913863690e-01
2.166603399327192425e-01, 3.527124579101135193e-01, 3.035589769879873945e-01, 1.270682251691800102e-01
2.166036284095119446e-01, 3.527571615008530670e-01, 3.036091305045368616e-01, 1.270300795850981268e-01
2.165469242903163838e-01, 3.528018466047695978e-01, 3.036592732664109007e-01, 1.269919558385030622e-01
2.164902275885725313e-01, 3.528465132223327361e-01, 3.037094052603496741e-01, 1.269538539287449475e-01
2.164335383177127814e-01, 3.528911613540234860e-01, 3.037595264731022260e-01, 1.269157738551614234e-01
2.163768564911624781e-01, 3.529357910003340648e-01, 3.038096368914253165e-01, 1.268777156170781129e-01
2.163201821223391108e-01, 3.529804021617687360e-01, 3.038597365020840324e-01, 1.268396792138080931e-01
2.162635152246532022e-01, 3.530249948388428649e-01, 3.039098252918515652e-01, 1.268016646446524232e-01
2.162068558115072259e-01, 3.530695690320837521e-01, 3.039599032475092666e-01, 1.267636719088998387e-01
2.161502038962968830e-01, 3.531141247420296336e-01, 3.040099703558467592e-01, 1.267257010058268907e-01
2.160935594924097702e-01, 3.531586619692305140e-01, 3.040600266036617150e-01, 1.266877519346979730e-01
2.160369226132265452e-01, 3.532031807142483881e-01, 3.041100719777598549e-01, 1.266498246947652673e-01
2.159802932721200941e-01, 3.532476809776557425e-01, 3.041601064649553376e-01, 1.266119192852687703e-01
2.159236714824558090e-01, 3.532921627600373871e-01, 3.042101300520703155e-01, 1.265740357054364607e-01
2.158670572575918933e-01, 3.533366260619890675e-01, 3.042601427259351565e-01, 1.265361739544839659e-01
2.158104506108785570e-01, 3.533810708841184089e-01, 3.043101444733881111e-01, 1.264983340316149785e-01
2.157538515556588765e-01, 3.534254972270440831e-01, 3.043601352812759786e-01, 1.264605159360210618e-01
2.156972601052682958e-01, 3.534699050913964191e-01, 3.044101151364535518e-01, 1.264227196668816500e-01
2.156406762730347648e-01, 3.535142944778171259e-01, 3.044600840257837837e-01, 1.263849452233642146e-01
2.155841000722786283e-01, 3.535586653869595142e-01, 3.045100419361376765e-01, 1.263471926046240146e-01
2.155275315163128202e-01, 3.536030178194880524e-01, 3.045599888543946143e-01, 1.263094618098044852e-01
2.154709706184426421e-01, 3.536473517760788110e-01, 3.046099247674418087e-01, 1.262717528380368215e-01
2.154144173919657068e-01, 3.536916672574189069e-01, 3.046598496621749641e-01, 1.262340656884403944e-01
2.153578718501724665e-01, 3.537359642642073365e-01, 3.047097635254977233e-01, 1.261964003601224737e-01
2.153013340063453240e-01, 3.537802427971543096e-01, 3.047596663443218890e-01, 1.261587568521785052e-01
2.152448038737594105e-01, 3.538245028569814710e-01, 3.048095581055674796e-01, 1.261211351636917222e-01
2.151882814656822240e-01, 3.538687444444215124e-01, 3.048594387961626184e-01, 1.260835352937337006e-01
2.151317667953736579e-01, 3.539129675602187830e-01, 3.049093084030436440e-01, 1.260459572413639429e-01
2.150752598760858614e-01, 3.539571722051288449e-01, 3.049591669131550553e-01, 1.260084010056300996e-01
2.150187607210636564e-01, 3.540013583799190844e-01, 3.050090143134492893e-01, 1.259708665855678866e-01
2.149622693435440934e-01, 3.540455260853674346e-01, 3.050588505908872761e-01, 1.259333539802012514e-01
2.149057857567564511e-01, 3.540896753222637083e-01, 3.051086757324377174e-01, 1.258958631885420676e-01
2.148493099739227918e-01, 3.541338060914089869e-01, 3.051584897250776973e-01, 1.258583942095905794e-01
2.147928420082571566e-01, 3.541779183936154540e-01, 3.052082925557922377e-01, 1.258209470423350962e-01
2.147363818729660367e-01, 3.542220122297067841e-01, 3.052580842115750759e-01, 1.257835216857522143e-01
2.146799295812484021e-01, 3.542660876005178650e-01, 3.053078646794271656e-01, 1.257461181388065952e-01
2.146234851462953952e-01, 3.543101445068950195e-01, 3.053576339463583422e-01, 1.257087364004512153e-01
2.145670485812907202e-01, 3.543541829496957840e-01, 3.054073919993862685e-01, 1.256713764696273106e-01
2.145106198994100599e-01, 3.543982029297887415e-01, 3.054571388255368780e-01, 1.256340383452642095e-01
2.144541991138219361e-01, 3.544422044480540768e-01, 3.055068744118442092e-01, 1.255967220262797779e-01
2.143977862376865717e-01, 3.544861875053832989e-01, 3.055565987453502386e-01, 1.255594275115799185e-01
2.143413812841570010e-01, 3.545301521026785196e-01, 3.056063118131054357e-01, 1.255221548000589049e-01
2.142849842663783477e-01, 3.545740982408542297e-01, 3.056560136021680973e-01, 1.254849038905994363e-01
2.142285951974878255e-01, 3.546180259208348562e-01, 3.057057040996049024e-01, 1.254476747820723326e-01
2.141722140906153482e-01, 3.546619351435571499e-01, 3.057553832924904680e-01, 1.254104674733370617e-01
2.141158409588828360e-01, 3.547058259099683530e-01, 3.058050511679076267e-01, 1.253732819632411011e-01
2.140594758154046595e-01, 3.547496982210273653e-01, 3.058547077129473712e-01, 1.253361182506205485e-01
2.140031186732872515e-01, 3.547935520777041885e-01, 3.059043529147087992e-01, 1.252989763342999274e-01
2.139467695456293561e-01, 3.548373874809795936e-01, 3.059539867602991126e-01, 1.252618562130919377e-01
2.138904284455220017e-01, 3.548812044318463976e-01, 3.060036092368338401e-01, 1.252247578857978438e-01
2.138340953860485560e-01, 3.549250029313079646e-01, 3.060532203314360600e-01, 1.251876813512074194e-01
2.137777703802844487e-01, 3.549687829803789829e-01, 3.061028200312377878e-01, 1.251506266080988639e-01
2.137214534412975875e-01, 3.550125445800852431e-01, 3.061524083233785332e-01, 1.251135936552387473e-01
2.136651445821476369e-01, 3.550562877314639154e-01, 3.062019851950063543e-01, 1.250765824913821489e-01
2.136088438158870173e-01, 3.551000124355629950e-01, 3.062515506332770809e-01, 1.250395931152727402e-01
2.135525511555600997e-01, 3.551437186934420231e-01, 3.063011046253550917e-01, 1.250026255256427299e-01
2.134962666142032894e-01, 3.551874065061714769e-01, 3.063506471584124813e-01, 1.249656797212127385e-01
2.134399902048455255e-01, 3.552310758748328801e-01, 3.064001782196295043e-01, 1.249287557006919930e-01
2.133837219405077812e-01, 3.552747268005189141e-01, 3.064496977961949087e-01, 1.248918534627783961e-01
2.133274618342031193e-01, 3.553183592843333627e-01, 3.064992058753052140e-01, 1.248549730061581653e-01
2.132712098989369143e-01, 3.553619733273916115e-01, 3.065487024441650443e-01, 1.248181143295064299e-01
2.132149661477066027e-01, 3.554055689308191490e-01, 3.065981874899874615e-01, 1.247812774314867729e-01
2.131587305935018772e-01, 3.554491460957532323e-01, 3.066476609999934100e-01, 1.247444623107514389e-01
2.131025032493045757e-01, 3.554927048233423870e-01, 3.066971229614119387e-01, 1.247076689659412235e-01
2.130462841280885145e-01, 3.555362451147455194e-01, 3.067465733614803125e-01, 1.246708973956856953e-01
2.129900732428198218e-01, 3.555797669711331377e-01, 3.067960121874439006e-01, 1.246341475986030706e-01
2.129338706064567988e-01, 3.556232703936867967e-01, 3.068454394265561769e-01, 1.245974195733003248e-01
2.128776762319497251e-01, 3.556667553835987095e-01, 3.068948550660784980e-01, 1.245607133183729842e-01
2.128214901322410813e-01, 3.557102219420725242e-01, 3.069442590932809356e-01, 1.245240288324054589e-01
2.127653123202654373e-01, 3.557536700703228250e-01, 3.069936514954410001e-01, 1.244873661139708210e-01
2.127091428089493974e-01, 3.557970997695750759e-01, 3.070430322598446393e-01, 1.244507251616308735e-01
2.126529816112118498e-01, 3.558405110410659544e-01, 3.070924013737859615e-01, 1.244141059739362759e-01
2.125968287399635781e-01, 3.558839038860429071e-01, 3.071417588245671793e-01, 1.243775085494263355e-01
2.125406842081076775e-01, 3.559272783057645939e-01, 3.071911045994982770e-01, 1.243409328866293267e-01
2.124845480285389443e-01, 3.559706343015007768e-01, 3.072404386858978986e-01, 1.243043789840622970e-01
2.124284202141448197e-01, 3.560139718745316539e-01, 3.072897610710925154e-01, 1.242678468402310388e-01
2.123723007778040850e-01, 3.560572910261492474e-01, 3.073390717424163698e-01, 1.242313364536302145e-01
2.123161897323882774e-01, 3.561005917576557933e-01, 3.073883706872125310e-01, 1.241948478227434816e-01
2.122600870907606074e-01, 3.561438740703647965e-01, 3.074376578928313952e-01, 1.241583809460432147e-01
2.122039928657762919e-01, 3.561871379656007530e-01, 3.074869333466321852e-01, 1.241219358219907559e-01
2.121479070702827763e-01, 3.562303834446990947e-01, 3.075361970359816732e-01, 1.240855124490364558e-01
2.120918297171195399e-01, 3.562736105090060224e-01, 3.075854489482551246e-01, 1.240491108256193409e-01
2.120357608191178744e-01, 3.563168191598788392e-01, 3.076346890708355764e-01, 1.240127309501676545e-01
2.119797003891013276e-01, 3.563600093986858397e-01, 3.076839173911143921e-01, 1.239763728210984128e-01
2.119236484398852316e-01, 3.564031812268060873e-01, 3.077331338964909846e-01, 1.239400364368176549e-01
2.118676049842772857e-01, 3.564463346456294701e-01, 3.077823385743728157e-01, 1.239037217957205256e-01
2.118115700350767239e-01, 3.564894696565568677e-01, 3.078315314121755075e-01, 1.238674288961909981e-01
2.117555436050751472e-01, 3.565325862610002061e-01, 3.078807123973225646e-01, 1.238311577366021238e-01
2.116995257070559688e-01, 3.565756844603819586e-01, 3.079298815172460402e-01, 1.237949083153160185e-01
2.116435163537945530e-01, 3.566187642561359783e-01, 3.079790387593856482e-01, 1.237586806306838622e-01
2.115875155580584643e-01, 3.566618256497063877e-01, 3.080281841111892627e-01, 1.237224746810459131e-01
2.115315233326069688e-01, 3.567048686425486337e-01, 3.080773175601130287e-01, 1.236862904647313827e-01
2.114755396901914219e-01, 3.567478932361287103e-01, 3.081264390936211406e-01, 1.236501279800587827e-01
2.114195646435550746e-01, 3.567908994319235472e-01, 3.081755486991857862e-01, 1.236139872253355504e-01
2.113635982054332951e-01, 3.568338872314211763e-01, 3.082246463642872580e-01, 1.235778681988583677e-01
2.113076403885531807e-01, 3.568768566361198435e-01, 3.082737320764140088e-01, 1.235417708989130087e-01
2.112516912056338902e-01, 3.569198076475292303e-01, 3.083228058230624846e-01, 1.235056953237744365e-01
2.111957506693863951e-01, 3.569627402671695648e-01, 3.083718675917372365e-01, 1.234696414717067620e-01
2.111398187925138115e-01, 3.570056544965717893e-01, 3.084209173699509754e-01, 1.234336093409633683e-01
2.110838955877109013e-01, 3.570485503372778924e-01, 3.084699551452245170e-01, 1.233975989297867448e-01
2.110279810676646273e-01, 3.570914277908402990e-01, 3.085189809050865040e-01, 1.233616102364085421e-01
2.109720752450535974e-01, 3.571342868588226471e-01, 3.085679946370739057e-01, 1.233256432590499052e-01
2.109161781325484541e-01, 3.571771275427987336e-01, 3.086169963287317408e-01, 1.232896979959209327e-01
2.108602897428117073e-01, 3.572199498443537902e-01, 3.086659859676131878e-01, 1.232537744452212591e-01
2.108044100884977901e-01, 3.572627537650834850e-01, 3.087149635412791415e-01, 1.232178726051395834e-01
2.107485391822528642e-01, 3.573055393065940333e-01, 3.087639290372990453e-01, 1.231819924738540295e-01
2.106926770367153479e-01, 3.573483064705028078e-01, 3.088128824432499475e-01, 1.231461340495320078e-01
2.106368236645149439e-01, 3.573910552584374511e-01, 3.088618237467173344e-01, 1.231102973303302567e-01
2.105809790782737778e-01, 3.574337856720367634e-01, 3.089107529352947412e-01, 1.230744823143948147e-01
2.105251432906054265e-01, 3.574764977129500920e-01, 3.089596699965833637e-01, 1.230386889998611039e-01
2.104693163141156675e-01, 3.575191913828371648e-01, 3.090085749181932240e-01, 1.230029173848540269e-01
2.104134981614017297e-01, 3.575618666833690340e-01, 3.090574676877415605e-01, 1.229671674674877035e-01
2.103576888450530702e-01, 3.576045236162267993e-01, 3.091063482928542161e-01, 1.229314392458658312e-01
2.103018883776508474e-01, 3.576471621831027181e-01, 3.091552167211650270e-01, 1.228957327180814074e-01
2.102460967717677820e-01, 3.576897823856995950e-01, 3.092040729603157123e-01, 1.228600478822168968e-01
2.101903140399687675e-01, 3.577323842257306152e-01, 3.092529169979564285e-01, 1.228243847363442443e-01
2.101345401948103431e-01, 3.577749677049200105e-01, 3.093017488217447153e-01, 1.227887432785248478e-01
2.100787752488410265e-01, 3.578175328250023934e-01, 3.093505684193470495e-01, 1.227531235068095861e-01
2.100230192146008146e-01, 3.578600795877230900e-01, 3.093993757784371801e-01, 1.227175254192388043e-01
2.099672721046217938e-01, 3.579026079948382510e-01, 3.094481708866974601e-01, 1.226819490138425089e-01
2.099115339314277240e-01, 3.579451180481142414e-01, 3.094969537318179587e-01, 1.226463942886399650e-01
2.098558047075342881e-01, 3.579876097493284171e-01, 3.095457243014969051e-01, 1.226108612416402510e-01
2.098000844454487035e-01, 3.580300831002685702e-01, 3.095944825834409109e-01, 1.225753498708419403e-01
2.097443731576700554e-01, 3.580725381027329846e-01, 3.096432285653639149e-01, 1.225398601742329757e-01
2.096886708566893798e-01, 3.581149747585308241e-01, 3.096919622349886270e-01, 1.225043921497911831e-01
2.096329775549890806e-01, 3.581573930694815777e-01, 3.097406835800455283e-01, 1.224689457954838134e-01
2.095772932650438458e-01, 3.581997930374153927e-01, 3.097893925882729271e-01, 1.224335211092678344e-01
2.095216179993197314e-01, 3.582421746641728522e-01, 3.098380892474175696e-01, 1.223981180890898190e-01
2.094659517702746609e-01, 3.582845379516055306e-01, 3.098867735452339178e-01, 1.223627367328859322e-01
2.094102945903581481e-01, 3.583268829015749390e-01, 3.099354454694848715e-01, 1.223273770385820691e-01
2.093546464720117961e-01, 3.583692095159534685e-01, 3.099841050079407689e-01, 1.222920390040937999e-01
2.092990074276684653e-01, 3.584115177966242238e-01, 3.100327521483808302e-01, 1.222567226273263696e-01
2.092433774697532722e-01, 3.584538077454803573e-01, 3.100813868785915473e-01, 1.222214279061748649e-01
2.091877566106825070e-01, 3.584960793644259014e-01, 3.101300091863676833e-01, 1.221861548385238666e-01
2.091321448628645496e-01, 3.585383326553752692e-01, 3.101786190595123838e-01, 1.221509034222478390e-01
2.090765422386992867e-01, 3.585805676202533654e-01, 3.102272164858363990e-01, 1.221156736552110184e-01
2.090209487505785835e-01, 3.586227842609954197e-01, 3.102758014531585840e-01, 1.220804655352673990e-01
2.089653644108855068e-01, 3.586649825795475977e-01, 3.103243739493061204e-01, 1.220452790602608029e-01
2.089097892319952965e-01, 3.587071625778661121e-01, 3.103729339621139061e-01, 1.220101142280246576e-01
2.088542232262746434e-01, 3.587493242579178343e-01, 3.104214814794249433e-01, 1.219749710363825235e-01
2.087986664060819397e-01, 3.587914676216799048e-01, 3.104700164890905612e-01, 1.219398494831475249e-01
2.087431187837672231e-01, 3.588335926711403445e-01, 3.105185389789695272e-01, 1.219047495661227942e-01
2.086875803716723710e-01, 3.588756994082969998e-01, 3.105670489369292131e-01, 1.218696712831012774e-01
2.086320511821307677e-01, 3.589177878351584861e-01, 3.106155463508449288e-01, 1.218346146318658590e-01
2.085765312274673600e-01, 3.589598579537441880e-01, 3.106640312085994227e-01, 1.217995796101891542e-01
2.085210205199988787e-01, 3.590019097660830383e-01, 3.107125034980841582e-01, 1.217645662158338554e-01
2.084655190720338391e-01, 3.590439432742151826e-01, 3.107609632071984263e-01, 1.217295744465524965e-01
2.084100268958721525e-01, 3.590859584801907589e-01, 3.108094103238495665e-01, 1.216946043000876748e-01
2.083545440038053198e-01, 3.591279553860703411e-01, 3.108578448359525237e-01, 1.216596557741717460e-01
2.082990704081168765e-01, 3.591699339939251057e-01, 3.109062667314309025e-01, 1.216247288665272125e-01
2.082436061210814482e-01, 3.592118943058362768e-01, 3.109546759982159125e-01, 1.215898235748664596e-01
2.081881511549656949e-01, 3.592538363238955146e-01, 3.110030726242469234e-01, 1.215549398968919226e-01
2.081327055220276445e-01, 3.592957600502050819e-01, 3.110514565974712986e-01, 1.215200778302959889e-01
2.080772692345170538e-01, 3.593376654868773445e-01, 3.110998279058442839e-01, 1.214852373727612067e-01
2.080218423046754084e-01, 3.593795526360350490e-01, 3.111481865373295075e-01, 1.214504185219601323e-01
2.079664247447353398e-01, 3.594214214998113222e-01, 3.111965324798980914e-01, 1.214156212755552189e-01
2.079110165669215693e-01, 3.594632720803496717e-01, 3.112448657215295400e-01, 1.213808456311991774e-01
2.078556177834501306e-01, 3.595051043798037638e-01, 3.112931862502112956e-01, 1.213460915865348239e-01
2.078002284065286198e-01, 3.595469184003375895e-01, 3.113414940539387388e-01, 1.213113591391949131e-01
2.077448484483564728e-01, 3.595887141441256873e-01, 3.113897891207152990e-01, 1.212766482868025131e-01
2.076894779211244657e-01, 3.596304916133524210e-01, 3.114380714385523996e-01, 1.212419590269706859e-01
2.076341168370149093e-01, 3.596722508102129234e-01, 3.114863409954694573e-01, 1.212072913573027239e-01
2.075787652082018153e-01, 3.597139917369123752e-01, 3.115345977794937715e-01, 1.211726452753920519e-01
2.075234230468506746e-01, 3.597557143956661152e-01, 3.115828417786609683e-01, 1.211380207788223529e-01
2.074680903651184849e-01, 3.597974187886998076e-01, 3.116310729810143343e-01, 1.211034178651673593e-01
2.074127671751539725e-01, 3.598391049182495527e-01, 3.116792913746053717e-01, 1.210688365319911586e-01
2.073574534890971488e-01, 3.598807727865616646e-01, 3.117274969474932989e-01, 1.210342767768479988e-01
2.073021493190798370e-01, 3.599224223958921165e-01, 3.117756896877456607e-01, 1.209997385972823719e-01
2.072468546772250897e-01, 3.599640537485078173e-01, 3.118238695834379959e-01, 1.209652219908290693e-01
2.071915695756478271e-01, 3.600056668466856680e-01, 3.118720366226533924e-01, 1.209307269550131403e-01
2.071362940264540597e-01, 3.600472616927126723e-01, 3.119201907934834317e-01, 1.208962534873497946e-01
2.070810280417417493e-01, 3.600888382888861594e-01, 3.119683320840274110e-01, 1.208618015853448330e-01
2.070257716336000586e-01, 3.601303966375131727e-01, 3.120164604823926768e-01, 1.208273712464940780e-01
2.069705248141097687e-01, 3.601719367409118022e-01, 3.120645759766945693e-01, 1.207929624682838460e-01
2.069152875953432225e-01, 3.602134586014097972e-01, 3.121126785550563665e-01, 1.207585752481907249e-01
2.068600599893641312e-01, 3.602549622213447322e-01, 3.121607682056093402e-01, 1.207242095836817408e-01
2.068048420082278516e-01, 3.602964476030651175e-01, 3.122088449164928670e-01, 1.206898654722142333e-01
2.067496336639808863e-01, 3.603379147489290113e-01, 3.122569086758540946e-01, 1.206555429112359523e-01
2.066944349686616611e-01, 3.603793636613049078e-01, 3.123049594718483868e-01, 1.206212418981851275e-01
2.066392459342998589e-01, 3.604207943425710159e-01, 3.123529972926387677e-01, 1.205869624304902327e-01
2.065840665729166137e-01, 3.604622067951164799e-01, 3.124010221263965326e-01, 1.205527045055704155e-01
2.065288968965245664e-01, 3.605036010213394926e-01, 3.124490339613007484e-01, 1.205184681208350539e-01
2.064737369171278092e-01, 3.605449770236493490e-01, 3.124970327855386976e-01, 1.204842532736841720e-01
2.064185866467218300e-01, 3.605863348044648364e-01, 3.125450185873051567e-01, 1.204500599615081352e-01
2.063634460972935958e-01, 3.606276743662150119e-01, 3.125929913548035066e-01, 1.204158881816879273e-01
2.063083152808217191e-01, 3.606689957113388134e-01, 3.126409510762446775e-01, 1.203817379315948594e-01
2.062531942092759862e-01, 3.607102988422855594e-01, 3.126888977398474267e-01, 1.203476092085910276e-01
2.061980828946176625e-01, 3.607515837615144494e-01, 3.127368313338391159e-01, 1.203135020100288416e-01
2.061429813487995477e-01, 3.607928504714947859e-01, 3.127847518464542120e-01, 1.202794163332514266e-01
2.060878895837657543e-01, 3.608340989747059191e-01, 3.128326592659358418e-01, 1.202453521755923460e-01
2.060328076114520679e-01, 3.608753292736372464e-01, 3.128805535805347371e-01, 1.202113095343759208e-01
2.059777354437851982e-01, 3.609165413707881020e-01, 3.129284347785099007e-01, 1.201772884069168268e-01
2.059226730926838334e-01, 3.609577352686679230e-01, 3.129763028481277742e-01, 1.201432887905205665e-01
2.058676205700576134e-01, 3.609989109697960274e-01, 3.130241577776631812e-01, 1.201093106824832335e-01
2.058125778878079626e-01, 3.610400684767019475e-01, 3.130719995553986057e-01, 1.200753540800914843e-01
2.057575450578273124e-01, 3.610812077919251517e-01, 3.131198281696248586e-01, 1.200414189806226772e-01
2.057025220919998232e-01, 3.611223289180148788e-01, 3.131676436086403559e-01, 1.200075053813448728e-01
2.056475090022008567e-01, 3.611634318575305813e-01, 3.132154458607516734e-01, 1.199736132795168470e-01
2.055925058002971983e-01, 3.612045166130417040e-01, 3.132632349142730477e-01, 1.199397426723879945e-01
2.055375124981471124e-01, 3.612455831871274059e-01, 3.133110107575270420e-01, 1.199058935571984397e-01
2.054825291075999816e-01, 3.612866315823770047e-01, 3.133587733788439356e-01, 1.198720659311791198e-01
2.054275556404969449e-01, 3.613276618013895880e-01, 3.134065227665618347e-01, 1.198382597915516740e-01
2.053725921086700656e-01, 3.613686738467743464e-01, 3.134542589090271725e-01, 1.198044751355284293e-01
2.053176385239431356e-01, 3.614096677211503517e-01, 3.135019817945939313e-01, 1.197707119603126230e-01
2.052626948981310928e-01, 3.614506434271465007e-01, 3.135496914116241429e-01, 1.197369702630981941e-01
2.052077612430402986e-01, 3.614916009674017383e-01, 3.135973877484879435e-01, 1.197032500410699779e-01
2.051528375704685936e-01, 3.615325403445649455e-01, 3.136450707935630189e-01, 1.196695512914035392e-01
2.050979238922048253e-01, 3.615734615612944958e-01, 3.136927405352354925e-01, 1.196358740112652697e-01
2.050430202200294871e-01, 3.616143646202589768e-01, 3.137403969618989819e-01, 1.196022181978125404e-01
2.049881265657142737e-01, 3.616552495241369125e-01, 3.137880400619553201e-01, 1.195685838481934521e-01
2.049332429410222478e-01, 3.616961162756166526e-01, 3.138356698238140008e-01, 1.195349709595470711e-01
2.048783693577077569e-01, 3.617369648773963164e-01, 3.138832862358926779e-01, 1.195013795290033043e-01
2.048235058275165166e-01, 3.617777953321836826e-01, 3.139308892866169431e-01, 1.194678095536829410e-01
2.047686523621855825e-01, 3.618186076426966324e-01, 3.139784789644198271e-01, 1.194342610306978608e-01
2.047138089734432120e-01, 3.618594018116629840e-01, 3.140260552577430753e-01, 1.194007339571506454e-01
2.046589756730090859e-01, 3.619001778418201587e-01, 3.140736181550358164e-01, 1.193672283301350917e-01
2.046041524725941696e-01, 3.619409357359151813e-01, 3.141211676447550616e-01, 1.193337441467356985e-01
2.045493393839006024e-01, 3.619816754967054018e-01, 3.141687037153658713e-01, 1.193002814040281800e-01
2.044945364186219472e-01, 3.620223971269576624e-01, 3.142162263553413548e-01, 1.192668400990790495e-01
2.044397435884431347e-01, 3.620631006294485199e-01, 3.142637355531623378e-01, 1.192334202289459938e-01
2.043849609050401028e-01, 3.621037860069645786e-01, 3.143112312973176392e-01, 1.192000217906776377e-01
2.043301883800803520e-01, 3.621444532623018797e-01, 3.143587135763040163e-01, 1.191666447813136687e-01
2.042754260252225840e-01, 3.621851023982666784e-01, 3.144061823786259979e-01, 1.191332891978848368e-01
2.042206738521166187e-01, 3.622257334176743893e-01, 3.144536376927961063e-01, 1.190999550374129273e-01
2.041659318724038386e-01, 3.622663463233506964e-01, 3.145010795073346355e-01, 1.190666422969109128e-01
2.041112000977165220e-01, 3.623069411181306654e-01, 3.145485078107701504e-01, 1.190333509733827316e-01
2.040564785396784819e-01, 3.623475178048593537e-01, 3.145959225916386548e-01, 1.190000810638234818e-01
2.040017672099048440e-01, 3.623880763863912557e-01, 3.146433238384843123e-01, 1.189668325652194769e-01
2.039470661200016854e-01, 3.624286168655910800e-01, 3.146907115398591692e-01, 1.189336054745480931e-01
2.038923752815665347e-01, 3.624691392453324723e-01, 3.147380856843230990e-01, 1.189003997887778802e-01
2.038376947061882882e-01, 3.625096435284995700e-01, 3.147854462604437464e-01, 1.188672155048684370e-01
2.037830244054467388e-01, 3.625501297179855031e-01, 3.148327932567969167e-01, 1.188340526197708691e-01
2.037283643909131581e-01, 3.625905978166934496e-01, 3.148801266619662420e-01, 1.188009111304270810e-01
2.036737146741500748e-01, 3.626310478275364679e-01, 3.149274464645430149e-01, 1.187677910337705811e-01
2.036190752667110249e-01, 3.626714797534366097e-01, 3.149747526531265773e-01, 1.187346923267257742e-01
2.035644461801410510e-01, 3.627118935973263070e-01, 3.150220452163241536e-01, 1.187016150062085162e-01
2.035098274259763140e-01, 3.627522893621470956e-01, 3.150693241427508506e-01, 1.186685590691259062e-01
2.034552190157438989e-01, 3.627926670508501705e-01, 3.151165894210296581e-01, 1.186355245123761892e-01
2.034006209609626192e-01, 3.628330266663969961e-01, 3.151638410397913370e-01, 1.186025113328490338e-01
2.033460332731421571e-01, 3.628733682117576964e-01, 3.152110789876747532e-01, 1.185695195274253239e-01
2.032914559637833962e-01, 3.629136916899127763e-01, 3.152583032533263219e-01, 1.185365490929773530e-01
2.032368890443786158e-01, 3.629539971038520663e-01, 3.153055138254007295e-01, 1.185036000263686856e-01
2.031823325264111302e-01, 3.629942844565746118e-01, 3.153527106925601564e-01, 1.184706723244541987e-01
2.031277864213554274e-01, 3.630345537510897280e-01, 3.153998938434746657e-01, 1.184377659840801650e-01
2.030732507406773357e-01, 3.630748049904159447e-01, 3.154470632668224805e-01, 1.184048810020842529e-01
2.030187254958337462e-01, 3.631150381775810621e-01, 3.154942189512896511e-01, 1.183720173752955268e-01
2.029642106982728345e-01, 3.631552533156230389e-01, 3.155413608855697216e-01, 1.183391751005343634e-01
2.029097063594338668e-01, 3.631954504075889378e-01, 3.155884890583644520e-01, 1.183063541746127156e-01
2.028552124907472276e-01, 3.632356294565357580e-01, 3.156356034583833181e-01, 1.182735545943337657e-01
2.028007291036345305e-01, 3.632757904655293801e-01, 3.156827040743437895e-01, 1.182407763564922720e-01
2.027462562095086740e-01, 3.633159334376457328e-01, 3.157297908949710519e-01, 1.182080194578745552e-01
2.026917938197735081e-01, 3.633560583759701812e-01, 3.157768639089981177e-01, 1.181752838952580958e-01
2.026373419458242509e-01, 3.633961652835975831e-01, 3.158239231051659379e-01, 1.181425696654121865e-01
2.025829005990470444e-01, 3.634362541636321775e-01, 3.158709684722232347e-01, 1.181098767650975295e-01
2.025284697908194542e-01, 3.634763250191876960e-01, 3.159179999989267795e-01, 1.180772051910661813e-01
2.024740495325099143e-01, 3.635163778533873624e-01, 3.159650176740408933e-01, 1.180445549400619271e-01
2.024196398354781712e-01, 3.635564126693639486e-01, 3.160120214863378907e-01, 1.180119260088199756e-01
2.023652407110750617e-01, 3.635964294702596633e-01, 3.160590114245979687e-01, 1.179793183940672507e-01
2.023108521706426521e-01, 3.636364282592261521e-01, 3.161059874776091516e-01, 1.179467320925220580e-01
2.022564742255139048e-01, 3.636764090394243865e-01, 3.161529496341672352e-01, 1.179141671008944320e-01
2.022021068870132054e-01, 3.637163718140249968e-01, 3.161998978830758977e-01, 1.178816234158859416e-01
2.021477501664557530e-01, 3.637563165862077730e-01, 3.162468322131466447e-01, 1.178491010341897877e-01
2.020934040751482252e-01, 3.637962433591621636e-01, 3.162937526131988086e-01, 1.178165999524908719e-01
2.020390686243880574e-01, 3.638361521360867767e-01, 3.163406590720594380e-01, 1.177841201674655752e-01
2.019847438254641359e-01, 3.638760429201899904e-01, 3.163875515785637416e-01, 1.177516616757821044e-01
2.019304296896560769e-01, 3.639159157146891199e-01, 3.164344301215544220e-01, 1.177192244741003396e-01
2.018761262282350033e-01, 3.639557705228111950e-01, 3.164812946898821200e-01, 1.176868085590716539e-01
2.018218334524628510e-01, 3.639956073477925158e-01, 3.165281452724053590e-01, 1.176544139273393436e-01
2.017675513735927295e-01, 3.640354261928785418e-01, 3.165749818579903230e-01, 1.176220405755383364e-01
2.017132800028689776e-01, 3.640752270613245578e-01, 3.166218044355113004e-01, 1.175896885002952613e-01
2.016590193515267748e-01, 3.641150099563947862e-01, 3.166686129938499628e-01, 1.175573576982285318e-01
2.016047694307926685e-01, 3.641547748813627750e-01, 3.167154075218963083e-01, 1.175250481659483731e-01
2.015505302518841024e-01, 3.641945218395116202e-01, 3.167621880085477182e-01, 1.174927599000566286e-01
2.014963018260096383e-01, 3.642342508341337992e-01, 3.168089544427095672e-01, 1.174604928971470647e-01
2.014420841643689841e-01, 3.642739618685306713e-01, 3.168557068132951682e-01, 1.174282471538052042e-01
2.013878772781527160e-01, 3.643136549460134765e-01, 3.169024451092254391e-01, 1.173960226666083961e-01
2.013336811785428060e-01, 3.643533300699022259e-01, 3.169491693194292359e-01, 1.173638194321258155e-01
2.012794958767121778e-01, 3.643929872435263673e-01, 3.169958794328430196e-01, 1.173316374469185047e-01
2.012253213838245680e-01, 3.644326264702250628e-01, 3.170425754384111339e-01, 1.172994767075392769e-01
2.011711577110350535e-01, 3.644722477533460236e-01, 3.170892573250860269e-01, 1.172673372105329237e-01
2.011170048694897738e-01, 3.645118510962466751e-01, 3.171359250818275854e-01, 1.172352189524361044e-01
2.010628628703255705e-01, 3.645514365022935466e-01, 3.171825786976035788e-01, 1.172031219297772348e-01
2.010087317246710137e-01, 3.645910039748624931e-01, 3.172292181613894368e-01, 1.171710461390769176e-01
2.009546114436450426e-01, 3.646305535173387513e-01, 3.172758434621689161e-01, 1.171389915768474427e-01
2.009005020383579365e-01, 3.646700851331160509e-01, 3.173224545889328785e-01, 1.171069582395931619e-01
2.008464035199110098e-01, 3.647095988255982801e-01, 3.173690515306804016e-01, 1.170749461238103362e-01
2.007923158993966672e-01, 3.647490945981980426e-01, 3.174156342764182237e-01, 1.170429552259871636e-01
2.007382391878981265e-01, 3.647885724543370456e-01, 3.174622028151607434e-01, 1.170109855426039597e-01
2.006841733964899455e-01, 3.648280323974465444e-01, 3.175087571359305749e-01, 1.169790370701329213e-01
2.006301185362374673e-01, 3.648674744309666762e-01, 3.175552972277576047e-01, 1.169471098050382796e-01
2.005760746181971532e-01, 3.649068985583467928e-01, 3.176018230796796571e-01, 1.169152037437763275e-01
2.005220416534164440e-01, 3.649463047830457385e-01, 3.176483346807424946e-01, 1.168833188827953229e-01
2.004680196529338154e-01, 3.649856931085309619e-01, 3.176948320199994846e-01, 1.168514552185356964e-01
2.004140086277788890e-01, 3.650250635382794595e-01, 3.177413150865119329e-01, 1.168196127474298157e-01
2.003600085889721549e-01, 3.650644160757769985e-01, 3.177877838693486945e-01, 1.167877914659021937e-01
2.003060195475250549e-01, 3.651037507245190050e-01, 3.178342383575865071e-01, 1.167559913703694885e-01
2.002520415144401489e-01, 3.651430674880095650e-01, 3.178806785403099355e-01, 1.167242124572403783e-01
2.001980745007111151e-01, 3.651823663697621458e-01, 3.179271044066111496e-01, 1.166924547229157699e-01
2.001441185173222503e-01, 3.652216473732989299e-01, 3.179735159455904236e-01, 1.166607181637885349e-01
2.000901735752491639e-01, 3.652609105021516478e-01, 3.180199131463551931e-01, 1.166290027762438841e-01
2.000362396854585556e-01, 3.653001557598609672e-01, 3.180662959980213866e-01, 1.165973085566591183e-01
1.999823168589077993e-01, 3.653393831499764932e-01, 3.181126644897120936e-01, 1.165656355014036694e-01
1.999284051065453593e-01, 3.653785926760569347e-01, 3.181590186105584528e-01, 1.165339836068392254e-01
1.998745044393109016e-01, 3.654177843416702709e-01, 3.182053583496991522e-01, 1.165023528693196198e-01
1.998206148681347105e-01, 3.654569581503932518e-01, 3.182516836962810403e-01, 1.164707432851910945e-01
1.997667364039382443e-01, 3.654961141058117868e-01, 3.182979946394581261e-01, 1.164391548507917873e-01
1.997128690576341070e-01, 3.655352522115208336e-01, 3.183442911683926901e-01, 1.164075875624524248e-01
1.996590128401254938e-01, 3.655743724711242870e-01, 3.183905732722544513e-01, 1.163760414164957957e-01
1.996051677623068565e-01, 3.656134748882350904e-01, 3.184368409402208444e-01, 1.163445164092370282e-01
1.995513338350635990e-01, 3.656525594664754575e-01, 3.184830941614775757e-01, 1.163130125369834927e-01
1.994975110692718823e-01, 3.656916262094758729e-01, 3.185293329252171790e-01, 1.162815297960349825e-01
1.994436994757990134e-01, 3.657306751208766471e-01, 3.185755572206408481e-01, 1.162500681826834775e-01
1.993898990655033343e-01, 3.657697062043265279e-01, 3.186217670369567712e-01, 1.162186276932132972e-01
1.993361098492337780e-01, 3.658087194634835337e-01, 3.186679623633814074e-01, 1.161872083239011977e-01
1.992823318378306729e-01, 3.658477149020144537e-01, 3.187141431891387100e-01, 1.161558100710163022e-01
1.992285650421249943e-01, 3.658866925235950140e-01, 3.187603095034601264e-01, 1.161244329308199069e-01
1.991748094729387242e-01, 3.659256523319099341e-01, 3.188064612955854304e-01, 1.160930768995659251e-01
1.991210651410849630e-01, 3.659645943306528704e-01, 3.188525985547615571e-01, 1.160617419735006095e-01
1.990673320573674021e-01, 3.660035185235266941e-01, 3.188987212702434348e-01, 1.160304281488624828e-01
1.990136102325810730e-01, 3.660424249142426034e-01, 3.189448294312936527e-01, 1.159991354218827264e-01
1.989598996775116257e-01, 3.660813135065210111e-01, 3.189909230271825713e-01, 1.159678637887848057e-01
1.989062004029358843e-01, 3.661201843040913229e-01, 3.190370020471881563e-01, 1.159366132457846782e-01
1.988525124196214022e-01, 3.661590373106917151e-01, 3.190830664805962558e-01, 1.159053837890907795e-01
1.987988357383266846e-01, 3.661978725300692461e-01, 3.191291163167001566e-01, 1.158741754149039405e-01
1.987451703698013827e-01, 3.662366899659798003e-01, 3.191751515448011389e-01, 1.158429881194176225e-01
1.986915163247857663e-01, 3.662754896221882550e-01, 3.192211721542081992e-01, 1.158118218988178211e-01
1.986378736140111401e-01, 3.663142715024682583e-01, 3.192671781342377169e-01, 1.157806767492828709e-01
1.985842422481998992e-01, 3.663530356106022845e-01, 3.193131694742140647e-01, 1.157495526669837099e-01
1.985306222380651131e-01, 3.663917819503815232e-01, 3.193591461634692763e-01, 1.157184496480839903e-01
1.984770135943108305e-01, 3.664305105256064898e-01, 3.194051081913429346e-01, 1.156873676887397173e-01
1.984234163276320795e-01, 3.664692213400858600e-01, 3.194510555471825608e-01, 1.156563067850995830e-01
1.983698304487145903e-01, 3.665079143976375242e-01, 3.194969882203430589e-01, 1.156252669333048266e-01
1.983162559682352666e-01, 3.665465897020879771e-01, 3.195429062001874376e-01, 1.155942481294893187e-01
1.982626928968618529e-01, 3.665852472572725951e-01, 3.195888094760859777e-01, 1.155632503697795049e-01
1.982091412452527679e-01, 3.666238870670356920e-01, 3.196346980374169533e-01, 1.155322736502945313e-01
1.981556010240576593e-01, 3.666625091352299082e-01, 3.196805718735662438e-01, 1.155013179671461054e-01
1.981020722439166548e-01, 3.667011134657173765e-01, 3.197264309739272226e-01, 1.154703833164386906e-01
1.980485549154612779e-01, 3.667397000623681125e-01, 3.197722753279013119e-01, 1.154394696942693532e-01
1.979950490493134485e-01, 3.667782689290614573e-01, 3.198181049248972063e-01, 1.154085770967278324e-01
1.979415546560862882e-01, 3.668168200696853565e-01, 3.198639197543315937e-01, 1.153777055198966367e-01
1.978880717463837591e-01, 3.668553534881365263e-01, 3.199097198056287117e-01, 1.153468549598509335e-01
1.978346003308006085e-01, 3.668938691883201764e-01, 3.199555050682205692e-01, 1.153160254126586043e-01
1.977811404199224798e-01, 3.669323671741506199e-01, 3.200012755315467250e-01, 1.152852168743803141e-01
1.977276920243259128e-01, 3.669708474495503303e-01, 3.200470311850543426e-01, 1.152544293410695253e-01
1.976742551545783155e-01, 3.670093100184510515e-01, 3.200927720181984681e-01, 1.152236628087722342e-01
1.976208298212379366e-01, 3.670477548847927984e-01, 3.201384980204417530e-01, 1.151929172735275397e-01
1.975674160348540043e-01, 3.670861820525244679e-01, 3.201842091812544533e-01, 1.151621927313671440e-01
1.975140138059665318e-01, 3.671245915256036163e-01, 3.202299054901144304e-01, 1.151314891783155187e-01
1.974606231451063176e-01, 3.671629833079961824e-01, 3.202755869365073171e-01, 1.151008066103901273e-01
1.974072440627950842e-01, 3.672013574036773198e-01, 3.203212535099264069e-01, 1.150701450236011475e-01
1.973538765695455333e-01, 3.672397138166301755e-01, 3.203669051998726536e-01, 1.150395044139515682e-01
1.973005206758610686e-01, 3.672780525508470562e-01, 3.204125419958546162e-01, 1.150088847774373008e-01
1.972471763922359345e-01, 3.673163736103285393e-01, 3.204581638873884031e-01, 1.149782861100471926e-01
1.971938437291553547e-01, 3.673546769990838068e-01, 3.205037708639979499e-01, 1.149477084077627914e-01
1.971405226970953939e-01, 3.673929627211310889e-01, 3.205493629152147972e-01, 1.149171516665587617e-01
1.970872133065226794e-01, 3.674312307804966093e-01, 3.205949400305780350e-01, 1.148866158824025652e-01
1.970339155678950960e-01, 3.674694811812156403e-01, 3.206405021996347471e-01, 1.148561010512546693e-01
1.969806294916611467e-01, 3.675077139273316695e-01, 3.206860494119390115e-01, 1.148256071690682695e-01
1.969273550882600643e-01, 3.675459290228971221e-01, 3.207315816570530664e-01, 1.147951342317897055e-01
1.968740923681222554e-01, 3.675841264719727497e-01, 3.207770989245466997e-01, 1.147646822353583645e-01
1.968208413416686342e-01, 3.676223062786279638e-01, 3.208226012039970820e-01, 1.147342511757063060e-01
1.967676020193110664e-01, 3.676604684469404472e-01, 3.208680884849895443e-01, 1.147038410487589005e-01
1.967143744114523418e-01, 3.676986129809968751e-01, 3.209135607571164117e-01, 1.146734518504343575e-01
1.966611585284859243e-01, 3.677367398848920277e-01, 3.209590180099780032e-01, 1.146430835766438922e-01
1.966079543807962571e-01, 3.677748491627294558e-01, 3.210044602331824093e-01, 1.146127362232919333e-01
1.965547619787584577e-01, 3.678129408186211480e-01, 3.210498874163447702e-01, 1.145824097862756796e-01
1.965015813327384564e-01, 3.678510148566873084e-01, 3.210952995490885531e-01, 1.145521042614856128e-01
1.964484124530931630e-01, 3.678890712810572450e-01, 3.211406966210443303e-01, 1.145218196448052062e-01
1.963952553501703557e-01, 3.679271100958683149e-01, 3.211860786218504460e-01, 1.144915559321110360e-01
1.963421100343081815e-01, 3.679651313052661465e-01, 3.212314455411529046e-01, 1.144613131192726702e-01
1.962889765158361555e-01, 3.680031349134055274e-01, 3.212767973686052603e-01, 1.144310912021529736e-01
1.962358548050742446e-01, 3.680411209244489612e-01, 3.213221340938690052e-01, 1.144008901766078445e-01
1.961827449123334233e-01, 3.680790893425678334e-01, 3.213674557066126258e-01, 1.143707100384862563e-01
1.961296468479152011e-01, 3.681170401719417451e-01, 3.214127621965126025e-01, 1.143405507836304236e-01
1.960765606221123447e-01, 3.681549734167589571e-01, 3.214580535532530203e-01, 1.143104124078758027e-01
1.960234862452079618e-01, 3.681928890812158350e-01, 3.215033297665255696e-01, 1.142802949070507862e-01
1.959704237274762506e-01, 3.682307871695173485e-01, 3.215485908260292125e-01, 1.142501982769771190e-01
1.959173730791819446e-01, 3.682686676858770713e-01, 3.215938367214711824e-01, 1.142201225134697462e-01
1.958643343105809509e-01, 3.683065306345165157e-01, 3.216390674425655405e-01, 1.141900676123369096e-01
1.958113074319197122e-01, 3.683443760196656869e-01, 3.216842829790346747e-01, 1.141600335693798568e-01
1.957582924534354840e-01, 3.683822038455634718e-01, 3.217294833206078564e-01, 1.141300203803932573e-01
1.957052893853563624e-01, 3.684200141164561959e-01, 3.217746684570224058e-01, 1.141000280411649803e-01
1.956522982379011733e-01, 3.684578068365996217e-01, 3.218198383780230820e-01, 1.140700565474761785e-01
1.955993190212795552e-01, 3.684955820102567836e-01, 3.218649930733623599e-01, 1.140401058951012875e-01
1.955463517456920430e-01, 3.685333396417000418e-01, 3.219101325328000418e-01, 1.140101760798079705e-01
1.954933964213297348e-01, 3.685710797352090839e-01, 3.219552567461038128e-01, 1.139802670973573545e-01
1.954404530583747079e-01, 3.686088022950728127e-01, 3.220003657030487410e-01, 1.139503789435037662e-01
1.953875216669997972e-01, 3.686465073255879021e-01, 3.220454593934174992e-01, 1.139205116139948015e-01
1.953346022573684004e-01, 3.686841948310596861e-01, 3.220905378070003100e-01, 1.138906651045716312e-01
1.952816948396348673e-01, 3.687218648158013812e-01, 3.221356009335951676e-01, 1.138608394109685978e-01
1.952287994239444435e-01, 3.687595172841348079e-01, 3.221806487630072824e-01, 1.138310345289134662e-01
1.951759160204329657e-01, 3.687971522403897806e-01, 3.222256812850498031e-01, 1.138012504541274089e-01
1.951230446392270557e-01, 3.688347696889048288e-01, 3.222706984895431503e-01, 1.137714871823249513e-01
1.950701852904440925e-01, 3.688723696340262537e-01, 3.223157003663155162e-01, 1.137417447092140821e-01
1.950173379841923516e-01, 3.689099520801089604e-01, 3.223606869052025869e-01, 1.137120230304962537e-01
1.949645027305706713e-01, 3.689475170315156816e-01, 3.224056580960473761e-01, 1.136823221418662294e-01
1.949116795396688973e-01, 3.689850644926177536e-01, 3.224506139287010020e-01, 1.136526420390123332e-01
1.948588684215673550e-01, 3.690225944677947845e-01, 3.224955543930215773e-01, 1.136229827176162832e-01
1.948060693863372661e-01, 3.690601069614343754e-01, 3.225404794788749863e-01, 1.135933441733533583e-01
1.947532824440408872e-01, 3.690976019779321771e-01, 3.225853891761347736e-01, 1.135637264018922316e-01
1.947005076047306493e-01, 3.691350795216923331e-01, 3.226302834746819226e-01, 1.135341293988951228e-01
1.946477448784501851e-01, 3.691725395971270918e-01, 3.226751623644049105e-01, 1.135045531600178403e-01
1.945949942752337736e-01, 3.692099822086569727e-01, 3.227200258351997086e-01, 1.134749976809096006e-01
1.945422558051062567e-01, 3.692474073607102669e-01, 3.227648738769702819e-01, 1.134454629572131390e-01
1.944895294780836781e-01, 3.692848150577240363e-01, 3.228097064796275339e-01, 1.134159489845649044e-01
1.944368153041722835e-01, 3.693222053041427810e-01, 3.228545236330901402e-01, 1.133864557585948091e-01
1.943841132933694371e-01, 3.693595781044198278e-01, 3.228993253272844366e-01, 1.133569832749263956e-01
1.943314234556631215e-01, 3.693969334630161083e-01, 3.229441115521441419e-01, 1.133275315291766699e-01
1.942787458010319657e-01, 3.694342713844011583e-01, 3.229888822976105245e-01, 1.132981005169564487e-01
1.942260803394455504e-01, 3.694715918730520632e-01, 3.230336375536323468e-01, 1.132686902338700119e-01
1.941734270808641027e-01, 3.695088949334543460e-01, 3.230783773101662537e-01, 1.132393006755153253e-01
1.941207860352384962e-01, 3.695461805701016900e-01, 3.231231015571758292e-01, 1.132099318374839569e-01
1.940681572125104448e-01, 3.695834487874958274e-01, 3.231678102846325951e-01, 1.131805837153612021e-01
1.940155406226123924e-01, 3.696206995901462622e-01, 3.232125034825153453e-01, 1.131512563047259307e-01
1.939629362754675679e-01, 3.696579329825709359e-01, 3.232571811408106455e-01, 1.131219496011508369e-01
1.939103441809896522e-01, 3.696951489692956172e-01, 3.233018432495123884e-01, 1.130926636002021896e-01
1.938577643490835001e-01, 3.697323475548543459e-01, 3.233464897986220721e-01, 1.130633982974399709e-01
1.938051967896444183e-01, 3.697695287437891554e-01, 3.233911207781484665e-01, 1.130341536884179598e-01
1.937526415125582768e-01, 3.698066925406496841e-01, 3.234357361781083906e-01, 1.130049297686835652e-01
1.937000985277021192e-01, 3.698438389499943413e-01, 3.234803359885255469e-01, 1.129757265337780758e-01
1.936475678449432469e-01, 3.698809679763888636e-01, 3.235249201994314650e-01, 1.129465439792363551e-01
1.935950494741401628e-01, 3.699180796244074254e-01, 3.235694888008652237e-01, 1.129173821005872158e-01
1.935425434251415999e-01, 3.699551738986318616e-01, 3.236140417828732851e-01, 1.128882408933531839e-01
1.934900497077874093e-01, 3.699922508036524449e-01, 3.236585791355096053e-01, 1.128591203530505682e-01
1.934375683319079497e-01, 3.700293103440668863e-01, 3.237031008488356343e-01, 1.128300204751894881e-01
1.933850993073243651e-01, 3.700663525244813346e-01, 3.237476069129203715e-01, 1.128009412552738872e-01
1.933326426438484458e-01, 3.701033773495096546e-01, 3.237920973178404216e-01, 1.127718826888015197e-01
1.932801983512828226e-01, 3.701403848237736494e-01, 3.238365720536794945e-01, 1.127428447712641030e-01
1.932277664394206618e-01, 3.701773749519031709e-01, 3.238810311105290718e-01, 1.127138274981470262e-01
1.931753469180461091e-01, 3.702143477385359538e-01, 3.239254744784881845e-01, 1.126848308649297525e-01
1.931229397969337347e-01, 3.702513031883176708e-01, 3.239699021476632468e-01, 1.126558548670854171e-01
1.930705450858489491e-01, 3.702882413059018218e-01, 3.240143141081680001e-01, 1.126268995000812567e-01
1.930181627945478651e-01, 3.703251620959501222e-01, 3.240587103501237354e-01, 1.125979647593782496e-01
1.929657929327773802e-01, 3.703620655631316705e-01, 3.241030908636595154e-01, 1.125690506404314339e-01
1.929134355102749276e-01, 3.703989517121238362e-01, 3.241474556389116191e-01, 1.125401571386897004e-01
1.928610905367687534e-01, 3.704358205476117605e-01, 3.241918046660236530e-01, 1.125112842495958193e-01
1.928087580219778052e-01, 3.704726720742885226e-01, 3.242361379351469952e-01, 1.124824319685867324e-01
1.927564379756117607e-01, 3.705095062968548625e-01, 3.242804554364401848e-01, 1.124536002910931504e-01
1.927041304073708605e-01, 3.705463232200197354e-01, 3.243247571600695878e-01, 1.124247892125398440e-01
1.926518353269462414e-01, 3.705831228484995354e-01, 3.243690430962087312e-01, 1.123959987283456030e-01
1.925995527440195199e-01, 3.706199051870186501e-01, 3.244133132350386362e-01, 1.123672288339232356e-01
1.925472826682632088e-01, 3.706566702403092939e-01, 3.244575675667480952e-01, 1.123384795246794715e-01
1.924950251093403841e-01, 3.706934180131117307e-01, 3.245018060815328398e-01, 1.123097507960151425e-01
1.924427800769048236e-01, 3.707301485101736627e-01, 3.245460287695963730e-01, 1.122810426433251962e-01
1.923905475806011733e-01, 3.707668617362506192e-01, 3.245902356211495809e-01, 1.122523550619984739e-01
1.923383276300645872e-01, 3.708035576961062896e-01, 3.246344266264110656e-01, 1.122236880474180576e-01
1.922861202349209209e-01, 3.708402363945116909e-01, 3.246786017756062570e-01, 1.121950415949610341e-01
1.922339254047867596e-01, 3.708768978362459445e-01, 3.247227610589686897e-01, 1.121664156999986062e-01
1.921817431492693906e-01, 3.709135420260957772e-01, 3.247669044667388372e-01, 1.121378103578960089e-01
1.921295734779667475e-01, 3.709501689688556314e-01, 3.248110319891648889e-01, 1.121092255640127044e-01
1.920774164004675488e-01, 3.709867786693278879e-01, 3.248551436165024175e-01, 1.120806613137022151e-01
1.920252719263509933e-01, 3.710233711323222550e-01, 3.248992393390143230e-01, 1.120521176023122900e-01
1.919731400651873143e-01, 3.710599463626568228e-01, 3.249433191469711657e-01, 1.120235944251847526e-01
1.919210208265370310e-01, 3.710965043651566209e-01, 3.249873830306506672e-01, 1.119950917776556115e-01
1.918689142199516140e-01, 3.711330451446552825e-01, 3.250314309803380985e-01, 1.119666096550550605e-01
1.918168202549730694e-01, 3.711695687059931026e-01, 3.250754629863262246e-01, 1.119381480527075340e-01
1.917647389411342440e-01, 3.712060750540189802e-01, 3.251194790389151934e-01, 1.119097069659316240e-01
1.917126702879584921e-01, 3.712425641935890308e-01, 3.251634791284123693e-01, 1.118812863900402188e-01
1.916606143049598421e-01, 3.712790361295669195e-01, 3.252074632451329439e-01, 1.118528863203402390e-01
1.916085710016432742e-01, 3.713154908668244158e-01, 3.252514313793991585e-01, 1.118245067521331237e-01
1.915565403875040817e-01, 3.713519284102407836e-01, 3.252953835215407485e-01, 1.117961476807143723e-01
1.915045224720284545e-01, 3.713883487647026138e-01, 3.253393196618950545e-01, 1.117678091013738079e-01
1.914525172646932005e-01, 3.714247519351046023e-01, 3.253832397908066887e-01, 1.117394910093955640e-01
1.914005247749658856e-01, 3.714611379263487168e-01, 3.254271438986273690e-01, 1.117111934000580287e-01
1.913485450123044995e-01, 3.714975067433448075e-01, 3.254710319757169179e-01, 1.116829162686338445e-01
1.912965779861580395e-01, 3.715338583910100523e-01, 3.255149040124418192e-01, 1.116546596103901723e-01
1.912446237059658438e-01, 3.715701928742694005e-01, 3.255587599991765502e-01, 1.116264234205882333e-01
1.911926821811581467e-01, 3.716065101980554619e-01, 3.256025999263025827e-01, 1.115982076944837670e-01
1.911407534211558845e-01, 3.716428103673083405e-01, 3.256464237842090492e-01, 1.115700124273268784e-01
1.910888374353703900e-01, 3.716790933869756342e-01, 3.256902315632922429e-01, 1.115418376143618023e-01
1.910369342332040032e-01, 3.717153592620126568e-01, 3.257340232539557845e-01, 1.115136832508274861e-01
1.909850438240495440e-01, 3.717516079973821608e-01, 3.257777988466112329e-01, 1.114855493319571039e-01
1.909331662172903954e-01, 3.717878395980544481e-01, 3.258215583316770303e-01, 1.114574358529781539e-01
1.908813014223008087e-01, 3.718240540690074258e-01, 3.258653016995790019e-01, 1.114293428091126664e-01
1.908294494484456261e-01, 3.718602514152264393e-01, 3.259090289407506891e-01, 1.114012701955770929e-01
1.907776103050804473e-01, 3.718964316417045501e-01, 3.259527400456326274e-01, 1.113732180075822503e-01
1.907257840015512962e-01, 3.719325947534422583e-01, 3.259964350046729575e-01, 1.113451862403334602e-01
1.906739705471949820e-01, 3.719687407554472247e-01, 3.260401138083271477e-01, 1.113171748890305346e-01
1.906221699513391543e-01, 3.720048696527351040e-01, 3.260837764470581046e-01, 1.112891839488676371e-01
1.905703822233018319e-01, 3.720409814503286561e-01, 3.261274229113359513e-01, 1.112612134150335469e-01
1.905186073723918738e-01, 3.720770761532584125e-01, 3.261710531916382494e-01, 1.112332632827114920e-01
1.904668454079086470e-01, 3.721131537665621214e-01, 3.262146672784499990e-01, 1.112053335470792326e-01
1.904150963391424145e-01, 3.721492142952850246e-01, 3.262582651622635277e-01, 1.111774242033089222e-01
1.903633601753739468e-01, 3.721852577444801358e-01, 3.263018468335784905e-01, 1.111495352465674824e-01
1.903116369258746887e-01, 3.722212841192072408e-01, 3.263454122829018700e-01, 1.111216666720162422e-01
1.902599265999066480e-01, 3.722572934245343412e-01, 3.263889615007480871e-01, 1.110938184748110069e-01
1.902082292067226454e-01, 3.722932856655361555e-01, 3.264324944776387794e-01, 1.110659906501023225e-01
1.901565447555660371e-01, 3.723292608472954512e-01, 3.264760112041031892e-01, 1.110381831930352531e-01
1.901048732556709919e-01, 3.723652189749018238e-01, 3.265195116706776646e-01, 1.110103960987494642e-01
1.900532147162621865e-01, 3.724011600534526956e-01, 3.265629958679059919e-01, 1.109826293623791260e-01
1.900015691465549716e-01, 3.724370840880525946e-01, 3.266064637863392295e-01, 1.109548829790531488e-01
1.899499365557553998e-01, 3.724729910838135427e-01, 3.266499154165360408e-01, 1.109271569438950028e-01
1.898983169530601700e-01, 3.725088810458547783e-01, 3.266933507490621391e-01, 1.108994512520229264e-01
1.898467103476564055e-01, 3.725447539793032559e-01, 3.267367697744906763e-01, 1.108717658985495930e-01
1.897951167487224311e-01, 3.725806098892929241e-01, 3.267801724834020760e-01, 1.108441008785825688e-01
1.897435361654266628e-01, 3.726164487809652259e-01, 3.268235588663841451e-01, 1.108164561872239245e-01
1.896919686069284128e-01, 3.726522706594688761e-01, 3.268669289140322398e-01, 1.107888318195704574e-01
1.896404140823776674e-01, 3.726880755299600279e-01, 3.269102826169485998e-01, 1.107612277707138160e-01
1.895888726009148928e-01, 3.727238633976018289e-01, 3.269536199657431808e-01, 1.107336440357401114e-01
1.895373441716714236e-01, 3.727596342675652541e-01, 3.269969409510330438e-01, 1.107060806097303757e-01
1.894858288037691296e-01, 3.727953881450279394e-01, 3.270402455634426886e-01, 1.106785374877602840e-01
1.894343265063204440e-01, 3.728311250351754036e-01, 3.270835337936037202e-01, 1.106510146649003212e-01
1.893828372884286404e-01, 3.728668449432001042e-01, 3.271268056321555151e-01, 1.106235121362156570e-01
1.893313611591875556e-01, 3.729025478743018263e-01, 3.271700610697443334e-01, 1.105960298967662986e-01
1.892798981276815340e-01, 3.729382338336875713e-01, 3.272133000970238736e-01, 1.105685679416069933e-01
1.892284482029857884e-01, 3.729739028265716683e-01, 3.272565227046551617e-01, 1.105411262657873123e-01
1.891770113941660392e-01, 3.730095548581757181e-01, 3.272997288833065510e-01, 1.105137048643516084e-01
1.891255877102787364e-01, 3.730451899337285937e-01, 3.273429186236537225e-01, 1.104863037323390723e-01
1.890741771603708654e-01, 3.730808080584658848e-01, 3.273860919163796290e-01, 1.104589228647837179e-01
1.890227797534800580e-01, 3.731164092376311747e-01, 3.274292487521743844e-01, 1.104315622567143690e-01
1.889713954986347311e-01, 3.731519934764748192e-01, 3.274723891217355964e-01, 1.104042219031547978e-01
1.889200244048539756e-01, 3.731875607802542238e-01, 3.275155130157682004e-01, 1.103769017991235307e-01
1.888686664811471405e-01, 3.732231111542345103e-01, 3.275586204249842925e-01, 1.103496019396340427e-01
1.888173217365147205e-01, 3.732586446036872396e-01, 3.276017113401032965e-01, 1.103223223196946740e-01
1.887659901799475237e-01, 3.732941611338920218e-01, 3.276447857518519635e-01, 1.102950629343086159e-01
1.887146718204271156e-01, 3.733296607501345732e-01, 3.276878436509640946e-01, 1.102678237784740778e-01
1.886633666669257359e-01, 3.733651434577087702e-01, 3.277308850281813180e-01, 1.102406048471841205e-01
1.886120747284061039e-01, 3.734006092619151507e-01, 3.277739098742519785e-01, 1.102134061354267391e-01
1.885607960138217798e-01, 3.734360581680611912e-01, 3.278169181799321374e-01, 1.101862276381849748e-01
1.885095305321168591e-01, 3.734714901814620847e-01, 3.278599099359845725e-01, 1.101590693504365670e-01
1.884582782922260280e-01, 3.735069053074394629e-01, 3.279028851331799999e-01, 1.101319312671545231e-01
1.884070393030748414e-01, 3.735423035513224521e-01, 3.279458437622960187e-01, 1.101048133833066739e-01
1.883558135735791395e-01, 3.735776849184472836e-01, 3.279887858141177226e-01, 1.100777156938559792e-01
1.883046011126457697e-01, 3.736130494141570724e-01, 3.280317112794370327e-01, 1.100506381937601391e-01
1.882534019291719762e-01, 3.736483970438022606e-01, 3.280746201490536418e-01, 1.100235808779721214e-01
1.882022160320457049e-01, 3.736837278127402295e-01, 3.281175124137742927e-01, 1.099965437414398423e-01
1.881510434301455204e-01, 3.737190417263354103e-01, 3.281603880644130555e-01, 1.099695267791061942e-01
1.880998841323407167e-01, 3.737543387899590064e-01, 3.282032470917911060e-01, 1.099425299859092126e-01
1.880487381474911790e-01, 3.737896190089898818e-01, 3.282460894867370027e-01, 1.099155533567819643e-01
1.879976054844473277e-01, 3.738248823888136174e-01, 3.282889152400865207e-01, 1.098885968866525203e-01
1.879464861520504237e-01, 3.738601289348224554e-01, 3.283317243426828735e-01, 1.098616605704441779e-01
1.878953801591322081e-01, 3.738953586524164097e-01, 3.283745167853761582e-01, 1.098347444030752240e-01
1.878442875145150126e-01, 3.739305715470018221e-01, 3.284172925590240766e-01, 1.098078483794590332e-01
1.877932082270120651e-01, 3.739657676239924733e-01, 3.284600516544912696e-01, 1.097809724945041920e-01
1.877421423054269622e-01, 3.740009468888088051e-01, 3.285027940626498721e-01, 1.097541167431142772e-01
1.876910897585541138e-01, 3.740361093468784759e-01, 3.285455197743791800e-01, 1.097272811201882581e-01
1.876400505951784925e-01, 3.740712550036358608e-01, 3.285882287805656499e-01, 1.097004656206200107e-01
1.875890248240756897e-01, 3.741063838645226070e-01, 3.286309210721030105e-01, 1.096736702392986373e-01
1.875380124540119431e-01, 3.741414959349872449e-01, 3.286735966398924291e-01, 1.096468949711085217e-01
1.874870134937441368e-01, 3.741765912204848554e-01, 3.287162554748418453e-01, 1.096201398109290376e-01
1.874360279520198569e-01, 3.742116697264780689e-01, 3.287588975678670811e-01, 1.095934047536350070e-01
1.873850558375773634e-01, 3.742467314584360105e-01, 3.288015229098905090e-01, 1.095666897940962836e-01
1.873340971591452020e-01, 3.742817764218347998e-01, 3.288441314918421621e-01, 1.095399949271779610e-01
1.872831519254430366e-01, 3.743168046221575507e-01, 3.288867233046590677e-01, 1.095133201477403728e-01
1.872322201451808443e-01, 3.743518160648941495e-01, 3.289292983392856917e-01, 1.094866654506391895e-01
1.871813018270594431e-01, 3.743868107555416991e-01, 3.289718565866736610e-01, 1.094600308307252801e-01
1.871303969797701305e-01, 3.744217886996035749e-01, 3.290143980377815969e-01, 1.094334162828446699e-01
1.870795056119948785e-01, 3.744567499025905355e-01, 3.290569226835756145e-01, 1.094068218018388189e-01
1.870286277324064439e-01, 3.744916943700202783e-01, 3.290994305150288790e-01, 1.093802473825444405e-01
1.869777633496679248e-01, 3.745266221074167179e-01, 3.291419215231218276e-01, 1.093536930197934604e-01
1.869269124724333431e-01, 3.745615331203113740e-01, 3.291843956988420583e-01, 1.093271587084132385e-01
1.868760751093472006e-01, 3.745964274142419281e-01, 3.292268530331845522e-01, 1.093006444432263052e-01
1.868252512690447009e-01, 3.746313049947533336e-01, 3.292692935171511182e-01, 1.092741502190507641e-01
1.867744409601517219e-01, 3.746661658673972606e-01, 3.293117171417513367e-01, 1.092476760306997918e-01
1.867236441912847045e-01, 3.747010100377320407e-01, 3.293541238980011721e-01, 1.092212218729821105e-01
1.866728609710506803e-01, 3.747358375113230000e-01, 3.293965137769245821e-01, 1.091947877407016820e-01
1.866220913080474664e-01, 3.747706482937420147e-01, 3.294388867695524081e-01, 1.091683736286580553e-01
1.865713352108634149e-01, 3.748054423905681776e-01, 3.294812428669225413e-01, 1.091419795316458385e-01
1.865205926880775800e-01, 3.748402198073868541e-01, 3.295235820600802557e-01, 1.091156054444553380e-01
1.864698637482595234e-01, 3.748749805497903487e-01, 3.295659043400779309e-01, 1.090892513618721416e-01
1.864191483999696752e-01, 3.749097246233779601e-01, 3.296082096979750520e-01, 1.090629172786773265e-01
1.863684466517588623e-01, 3.749444520337553710e-01, 3.296504981248385979e-01, 1.090366031896472521e-01
1.863177585121688073e-01, 3.749791627865351473e-01, 3.296927696117423201e-01, 1.090103090895538779e-01
1.862670839897314912e-01, 3.750138568873364608e-01, 3.297350241497673529e-01, 1.089840349731645980e-01
1.862164230929699571e-01, 3.750485343417855888e-01, 3.297772617300022135e-01, 1.089577808352422267e-01
1.861657758303977006e-01, 3.750831951555150257e-01, 3.298194823435421363e-01, 1.089315466705451096e-01
1.861151422105188080e-01, 3.751178393341644268e-01, 3.298616859814897384e-01, 1.089053324738270545e-01
1.860645222418279843e-01, 3.751524668833798315e-01, 3.299038726349549644e-01, 1.088791382398372892e-01
1.860139159328108027e-01, 3.751870778088137182e-01, 3.299460422950547533e-01, 1.088529639633207119e-01
1.859633232919432333e-01, 3.752216721161259483e-01, 3.299881949529132052e-01, 1.088268096390175577e-01
1.859127443276920311e-01, 3.752562498109823785e-01, 3.300303305996616920e-01, 1.088006752616638567e-01
1.858621790485145420e-01, 3.752908108990559710e-01, 3.300724492264386911e-01, 1.087745608259908792e-01
1.858116274628586195e-01, 3.753253553860259606e-01, 3.301145508243896742e-01, 1.087484663267256485e-01
1.857610895791630412e-01, 3.753598832775786875e-01, 3.301566353846674962e-01, 1.087223917585907612e-01
1.857105654058569810e-01, 3.753943945794065429e-01, 3.301987028984321171e-01, 1.086963371163042757e-01
1.856600549513605092e-01, 3.754288892972090230e-01, 3.302407533568505471e-01, 1.086703023945799346e-01
1.856095582240840092e-01, 3.754633674366918972e-01, 3.302827867510971238e-01, 1.086442875881269698e-01
1.855590752324288162e-01, 3.754978290035677624e-01, 3.303248030723529571e-01, 1.086182926916503672e-01
1.855086059847867175e-01, 3.755322740035557105e-01, 3.303668023118069286e-01, 1.085923176998506989e-01
1.854581504895401745e-01, 3.755667024423814393e-01, 3.304087844606543589e-01, 1.085663626074240412e-01
1.854077087550623781e-01, 3.756011143257770857e-01, 3.304507495100982850e-01, 1.085404274090622512e-01
1.853572807897170827e-01, 3.756355096594816700e-01, 3.304926974513484050e-01, 1.085145120994528423e-01
1.853068666018587995e-01, 3.756698884492403745e-01, 3.305346282756220777e-01, 1.084886166732788870e-01
1.852564661998323814e-01, 3.757042507008052090e-01, 3.305765419741432121e-01, 1.084627411252191975e-01
1.852060795919738823e-01, 3.757385964199345119e-01, 3.306184385381433777e-01, 1.084368854499482560e-01
1.851557067866093642e-01, 3.757729256123935047e-01, 3.306603179588608610e-01, 1.084110496421363118e-01
1.851053477920559798e-01, 3.758072382839536263e-01, 3.307021802275412203e-01, 1.083852336964492569e-01
1.850550026166214168e-01, 3.758415344403926994e-01, 3.307440253354372861e-01, 1.083594376075487087e-01
1.850046712686039263e-01, 3.758758140874952081e-01, 3.307858532738089385e-01, 1.083336613700919410e-01
1.849543537562924889e-01, 3.759100772310525196e-01, 3.308276640339228303e-01, 1.083079049787321474e-01
1.849040500879667592e-01, 3.759443238768618856e-01, 3.308694576070532190e-01, 1.082821684281180807e-01
1.848537602718969552e-01, 3.759785540307272189e-01, 3.309112339844814676e-01, 1.082564517128944415e-01
1.848034843163439411e-01, 3.760127676984590384e-01, 3.309529931574954897e-01, 1.082307548277015308e-01
1.847532222295593385e-01, 3.760469648858743019e-01, 3.309947351173908592e-01, 1.082050777671755837e-01
1.847029740197853875e-01, 3.760811455987960739e-01, 3.310364598554700333e-01, 1.081794205259484914e-01
1.846527396952548639e-01, 3.761153098430544128e-01, 3.310781673630427413e-01, 1.081537830986480514e-01
1.846025192641914114e-01, 3.761494576244853172e-01, 3.311198576314255404e-01, 1.081281654798977726e-01
1.845523127348090986e-01, 3.761835889489314466e-01, 3.311615306519422597e-01, 1.081025676643171951e-01
1.845021201153128065e-01, 3.762177038222418446e-01, 3.312031864159240002e-01, 1.080769896465214458e-01
1.844519414138979518e-01, 3.762518022502719384e-01, 3.312448249147085244e-01, 1.080514314211216131e-01
1.844017766387506529e-01, 3.762858842388834835e-01, 3.312864461396410887e-01, 1.080258929827246778e-01
1.843516257980478412e-01, 3.763199497939449523e-01, 3.313280500820737773e-01, 1.080003743259335264e-01
1.843014888999567891e-01, 3.763539989213304793e-01, 3.313696367333658910e-01, 1.079748754453467297e-01
1.842513659526356928e-01, 3.763880316269214710e-01, 3.314112060848838914e-01, 1.079493963355589864e-01
1.842012569642333675e-01, 3.764220479166048849e-01, 3.314527581280010682e-01, 1.079239369911606933e-01
1.841511619428890800e-01, 3.764560477962744511e-01, 3.314942928540981493e-01, 1.078984974067383196e-01
1.841010808967330215e-01, 3.764900312718303388e-01, 3.315358102545625796e-01, 1.078730775768741573e-01
1.840510138338858070e-01, 3.765239983491786568e-01, 3.315773103207891870e-01, 1.078476774961464463e-01
1.840009607624590038e-01, 3.765579490342319535e-01, 3.316187930441796272e-01, 1.078222971591294155e-01
1.839509216905545197e-01, 3.765918833329093829e-01, 3.316602584161428835e-01, 1.077969365603932139e-01
1.839008966262651035e-01, 3.766258012511362607e-01, 3.317017064280946559e-01, 1.077715956945039522e-01
1.838508855776741502e-01, 3.766597027948439536e-01, 3.317431370714581940e-01, 1.077462745560237856e-01
1.838008885528557013e-01, 3.766935879699703782e-01, 3.317845503376632976e-01, 1.077209731395106784e-01
1.837509055598745000e-01, 3.767274567824596132e-01, 3.318259462181471497e-01, 1.076956914395187370e-01
1.837009366067858251e-01, 3.767613092382620654e-01, 3.318673247043540941e-01, 1.076704294505981263e-01
1.836509817016357404e-01, 3.767951453433343034e-01, 3.319086857877351915e-01, 1.076451871672948757e-01
1.836010408524609561e-01, 3.768289651036392240e-01, 3.319500294597487189e-01, 1.076199645841511010e-01
1.835511140672887731e-01, 3.768627685251461634e-01, 3.319913557118601699e-01, 1.075947616957050323e-01
1.835012013541373610e-01, 3.768965556138299533e-01, 3.320326645355418660e-01, 1.075695784964908336e-01
1.834513027210153135e-01, 3.769303263756726419e-01, 3.320739559222732340e-01, 1.075444149810387828e-01
1.834014181759218709e-01, 3.769640808166620505e-01, 3.321152298635408617e-01, 1.075192711438752169e-01
1.833515477268473637e-01, 3.769978189427917181e-01, 3.321564863508382759e-01, 1.074941469795225868e-01
1.833016913817723526e-01, 3.770315407600622892e-01, 3.321977253756659976e-01, 1.074690424824993884e-01
1.832518491486681278e-01, 3.770652462744798483e-01, 3.322389469295317088e-01, 1.074439576473201902e-01
1.832020210354968759e-01, 3.770989354920570857e-01, 3.322801510039501416e-01, 1.074188924684958274e-01
1.831522070502111799e-01, 3.771326084188127425e-01, 3.323213375904430222e-01, 1.073938469405330415e-01
1.831024072007546299e-01, 3.771662650607714440e-01, 3.323625066805390160e-01, 1.073688210579348545e-01
1.830526214950610742e-01, 3.771999054239645321e-01, 3.324036582657739491e-01, 1.073438148152004168e-01
1.830028499410553677e-01, 3.772335295144291223e-01, 3.324447923376906422e-01, 1.073188282068249927e-01
1.829530925466528457e-01, 3.772671373382083804e-01, 3.324859088878387992e-01, 1.072938612272998637e-01
1.829033493197597948e-01, 3.773007289013518561e-01, 3.325270079077755070e-01, 1.072689138711128698e-01
1.828536202682727319e-01, 3.773343042099149280e-01, 3.325680893890646250e-01, 1.072439861327476318e-01
1.828039054000792918e-01, 3.773678632699594138e-01, 3.326091533232770070e-01, 1.072190780066842597e-01
1.827542047230575339e-01, 3.774014060875530152e-01, 3.326501997019906676e-01, 1.071941894873988527e-01
1.827045182450762473e-01, 3.774349326687693740e-01, 3.326912285167905048e-01, 1.071693205693638462e-01
1.826548459739950891e-01, 3.774684430196886820e-01, 3.327322397592684666e-01, 1.071444712470478594e-01
1.826051879176640025e-01, 3.775019371463967377e-01, 3.327732334210235510e-01, 1.071196415149157644e-01
1.825555440839239096e-01, 3.775354150549856680e-01, 3.328142094936618056e-01, 1.070948313674287139e-01
1.825059144806064626e-01, 3.775688767515533728e-01, 3.328551679687961062e-01, 1.070700407990440028e-01
1.824562991155338487e-01, 3.776023222422041359e-01, 3.328961088380466560e-01, 1.070452698042152900e-01
1.824066979965188462e-01, 3.776357515330481807e-01, 3.329370320930404303e-01, 1.070205183773925012e-01
1.823571111313651849e-01, 3.776691646302016148e-01, 3.329779377254113992e-01, 1.069957865130218011e-01
1.823075385278672134e-01, 3.777025615397867075e-01, 3.330188257268004715e-01, 1.069710742055456354e-01
1.822579801938096766e-01, 3.777359422679315570e-01, 3.330596960888558833e-01, 1.069463814494028275e-01
1.822084361369684935e-01, 3.777693068207704230e-01, 3.331005488032325323e-01, 1.069217082390285789e-01
1.821589063651098128e-01, 3.778026552044435049e-01, 3.331413838615925327e-01, 1.068970545688541912e-01
1.821093908859908184e-01, 3.778359874250971084e-01, 3.331822012556046597e-01, 1.068724204333074967e-01
1.820598897073593125e-01, 3.778693034888829794e-01, 3.332230009769451273e-01, 1.068478058268126640e-01
1.820104028369534943e-01, 3.779026034019596914e-01, 3.332637830172968108e-01, 1.068232107437901007e-01
1.819609302825026531e-01, 3.779358871704910916e-01, 3.333045473683497462e-01, 1.067986351786566479e-01
1.819114720517265582e-01, 3.779691548006471336e-01, 3.333452940218006866e-01, 1.067740791258255384e-01
1.818620281523358195e-01, 3.780024062986038769e-01, 3.333860229693539345e-01, 1.067495425797064107e-01
1.818125985920316656e-01, 3.780356416705431544e-01, 3.334267342027198988e-01, 1.067250255347052534e-01
1.817631833785059159e-01, 3.780688609226529606e-01, 3.334674277136167042e-01, 1.067005279852244609e-01
1.817137825194412859e-01, 3.781020640611265637e-01, 3.335081034937693034e-01, 1.066760499256628886e-01
1.816643960225109156e-01, 3.781352510921637822e-01, 3.335487615349094770e-01, 1.066515913504157698e-01
1.816150238953790907e-01, 3.781684220219700965e-01, 3.335894018287759999e-01, 1.066271522538748545e-01
1.815656661457003551e-01, 3.782015768567568714e-01, 3.336300243671145305e-01, 1.066027326304281875e-01
1.815163227811202873e-01, 3.782347156027413004e-01, 3.336706291416779435e-01, 1.065783324744604826e-01
1.814669938092749180e-01, 3.782678382661466276e-01, 3.337112161442257752e-01, 1.065539517803527209e-01
1.814176792377911462e-01, 3.783009448532016483e-01, 3.337517853665248335e-01, 1.065295905424824552e-01
1.813683790742864621e-01, 3.783340353701412084e-01, 3.337923368003485880e-01, 1.065052487552237553e-01
1.813190933263692239e-01, 3.783671098232058716e-01, 3.338328704374777245e-01, 1.064809264129470967e-01
1.812698220016383532e-01, 3.784001682186424187e-01, 3.338733862696997012e-01, 1.064566235100195962e-01
1.812205651076835289e-01, 3.784332105627026821e-01, 3.339138842888090264e-01, 1.064323400408047210e-01
1.811713226520852427e-01, 3.784662368616451000e-01, 3.339543644866069250e-01, 1.064080759996626629e-01
1.811220946424144940e-01, 3.784992471217333287e-01, 3.339948268549022270e-01, 1.063838313809498809e-01
1.810728810862332616e-01, 3.785322413492372418e-01, 3.340352713855098687e-01, 1.063596061790196834e-01
1.810236819910939488e-01, 3.785652195504323192e-01, 3.340756980702521695e-01, 1.063354003882217153e-01
1.809744973645398824e-01, 3.785981817315993703e-01, 3.341161069009583873e-01, 1.063112140029022490e-01
1.809253272141050362e-01, 3.786311278990260876e-01, 3.341564978694646082e-01, 1.062870470174041987e-01
1.808761715473141130e-01, 3.786640580590047711e-01, 3.341968709676139682e-01, 1.062628994260670090e-01
1.808270303716826288e-01, 3.786969722178341047e-01, 3.342372261872565420e-01, 1.062387712232267939e-01
1.807779036947166074e-01, 3.787298703818183232e-01, 3.342775635202489548e-01, 1.062146624032159897e-01
1.807287915239129961e-01, 3.787627525572672682e-01, 3.343178829584556588e-01, 1.061905729603641046e-01
1.806796938667593333e-01, 3.787956187504967764e-01, 3.343581844937469905e-01, 1.061665028889968304e-01
1.806306107307340536e-01, 3.788284689678282358e-01, 3.343984681180008356e-01, 1.061424521834368473e-01
1.805815421233060991e-01, 3.788613032155886962e-01, 3.344387338231019080e-01, 1.061184208380032690e-01
1.805324880519353636e-01, 3.788941215001111473e-01, 3.344789816009414718e-01, 1.060944088470119201e-01
1.804834485240722486e-01, 3.789269238277338525e-01, 3.345192114434185071e-01, 1.060704162047753085e-01
1.804344235471580515e-01, 3.789597102048011812e-01, 3.345594233424381003e-01, 1.060464429056026253e-01
1.803854131286248830e-01, 3.789924806376628319e-01, 3.345996172899127208e-01, 1.060224889437996892e-01
1.803364172758951944e-01, 3.790252351326742764e-01, 3.346397932777614992e-01, 1.059985543136690439e-01
1.802874359963826389e-01, 3.790579736961967039e-01, 3.346799512979107827e-01, 1.059746390095098884e-01
1.802384692974914326e-01, 3.790906963345969105e-01, 3.347200913422933577e-01, 1.059507430256182714e-01
1.801895171866163270e-01, 3.791234030542473543e-01, 3.347602134028493936e-01, 1.059268663562868973e-01
1.801405796711431639e-01, 3.791560938615259890e-01, 3.348003174715257213e-01, 1.059030089958051257e-01
1.800916567584482375e-01, 3.791887687628164305e-01, 3.348404035402762213e-01, 1.058791709384590690e-01
1.800427484558986824e-01, 3.792214277645080678e-01, 3.348804716010614357e-01, 1.058553521785317586e-01
1.799938547708525571e-01, 3.792540708729956189e-01, 3.349205216458489565e-01, 1.058315527103027842e-01
1.799449757106584002e-01, 3.792866980946797417e-01, 3.349605536666133143e-01, 1.058077725280486270e-01
1.798961112826555631e-01, 3.793193094359660344e-01, 3.350005676553358680e-01, 1.057840116260424790e-01
1.798472614941742376e-01, 3.793519049032664237e-01, 3.350405636040048596e-01, 1.057602699985543682e-01
1.797984263525353732e-01, 3.793844845029980539e-01, 3.350805415046155256e-01, 1.057365476398511583e-01
1.797496058650504269e-01, 3.794170482415832879e-01, 3.351205013491697637e-01, 1.057128445441964243e-01
1.797008000390220017e-01, 3.794495961254508165e-01, 3.351604431296766884e-01, 1.056891607058506044e-01
1.796520088817431249e-01, 3.794821281610340491e-01, 3.352003668381518531e-01, 1.056654961190709868e-01
1.796032324004977476e-01, 3.795146443547723347e-01, 3.352402724666183609e-01, 1.056418507781116956e-01
1.795544706025604120e-01, 3.795471447131105180e-01, 3.352801600071053656e-01, 1.056182246772236905e-01
1.795057234951966951e-01, 3.795796292424991059e-01, 3.353200294516494595e-01, 1.055946178106547673e-01
1.794569910856628203e-01, 3.796120979493936565e-01, 3.353598807922938962e-01, 1.055710301726495853e-01
1.794082733812054908e-01, 3.796445508402556124e-01, 3.353997140210891459e-01, 1.055474617574497787e-01
1.793595703890626947e-01, 3.796769879215515231e-01, 3.354395291300920068e-01, 1.055239125592937338e-01
1.793108821164627054e-01, 3.797094091997538223e-01, 3.354793261113666047e-01, 1.055003825724167982e-01
1.792622085706248314e-01, 3.797418146813403284e-01, 3.355191049569835604e-01, 1.054768717910512660e-01
1.792135497587589998e-01, 3.797742043727940775e-01, 3.355588656590206553e-01, 1.054533802094263090e-01
1.791649056880660618e-01, 3.798065782806036572e-01, 3.355986082095624989e-01, 1.054299078217678654e-01
1.791162763657375423e-01, 3.798389364112630395e-01, 3.356383326007003065e-01, 1.054064546222990562e-01
1.790676617989558628e-01, 3.798712787712716921e-01, 3.356780388245325097e-01, 1.053830206052398522e-01
1.790190619948939799e-01, 3.799036053671347446e-01, 3.357177268731641462e-01, 1.053596057648071710e-01
1.789704769607158019e-01, 3.799359162053623229e-01, 3.357573967387070257e-01, 1.053362100952147801e-01
1.789219067035759947e-01, 3.799682112924701594e-01, 3.357970484132802858e-01, 1.053128335906736435e-01
1.788733512306198981e-01, 3.800004906349791489e-01, 3.358366818890093919e-01, 1.052894762453915334e-01
1.788248105489837481e-01, 3.800327542394160152e-01, 3.358762971580269152e-01, 1.052661380535732938e-01
1.787762846657946492e-01, 3.800650021123125333e-01, 3.359158942124721992e-01, 1.052428190094206462e-01
1.787277735881702134e-01, 3.800972342602059184e-01, 3.359554730444913595e-01, 1.052195191071325087e-01
1.786792773232191711e-01, 3.801294506896386038e-01, 3.359950336462375620e-01, 1.051962383409046770e-01
1.786307958780407878e-01, 3.801616514071583519e-01, 3.360345760098708001e-01, 1.051729767049300046e-01
1.785823292597250311e-01, 3.801938364193188646e-01, 3.360741001275576179e-01, 1.051497341933984031e-01
1.785338774753530422e-01, 3.802260057326784515e-01, 3.361136059914716645e-01, 1.051265108004968002e-01
1.784854405319964699e-01, 3.802581593538010840e-01, 3.361530935937933062e-01, 1.051033065204092370e-01
1.784370184367178314e-01, 3.802902972892557854e-01, 3.361925629267096816e-01, 1.050801213473167156e-01
1.783886111965703736e-01, 3.803224195456171297e-01, 3.362320139824150900e-01, 1.050569552753974484e-01
1.783402188185982951e-01, 3.803545261294650759e-01, 3.362714467531102147e-01, 1.050338082988265670e-01
1.782918413098363020e-01, 3.803866170473845232e-01, 3.363108612310028445e-01, 1.050106804117764553e-01
1.782434786773102464e-01, 3.804186923059657555e-01, 3.363502574083074848e-01, 1.049875716084164301e-01
1.781951309280367379e-01, 3.804507519118046077e-01, 3.363896352772455245e-01, 1.049644818829131299e-01
1.781467980690228381e-01, 3.804827958715017999e-01, 3.364289948300452360e-01, 1.049414112294301260e-01
1.780984801072668378e-01, 3.805148241916636032e-01, 3.364683360589413863e-01, 1.049183596421282005e-01
1.780501770497575076e-01, 3.805468368789012290e-01, 3.365076589561760700e-01, 1.048953271151652489e-01
1.780018889034746532e-01, 3.805788339398314402e-01, 3.365469635139975990e-01, 1.048723136426963215e-01
1.779536156753888099e-01, 3.806108153810759398e-01, 3.365862497246616125e-01, 1.048493192188736378e-01
1.779053573724613535e-01, 3.806427812092617047e-01, 3.366255175804303557e-01, 1.048263438378465445e-01
1.778571140016444452e-01, 3.806747314310210406e-01, 3.366647670735728459e-01, 1.048033874937616544e-01
1.778088855698809478e-01, 3.807066660529913049e-01, 3.367039981963650952e-01, 1.047804501807626104e-01
1.777606720841048427e-01, 3.807385850818154061e-01, 3.367432109410893326e-01, 1.047575318929904187e-01
1.777124735512407294e-01, 3.807704885241406378e-01, 3.367824053000354478e-01, 1.047346326245831571e-01
1.776642899782037988e-01, 3.808023763866203448e-01, 3.368215812654997143e-01, 1.047117523696761837e-01
1.776161213719005261e-01, 3.808342486759126455e-01, 3.368607388297847893e-01, 1.046888911224020113e-01
1.775679677392279776e-01, 3.808661053986805989e-01, 3.368998779852008241e-01, 1.046660488768904884e-01
1.775198290870740603e-01, 3.808979465615927595e-01, 3.369389987240645201e-01, 1.046432256272686045e-01
1.774717054223174939e-01, 3.809297721713226781e-01, 3.369781010386992959e-01, 1.046204213676605876e-01
1.774235967518278112e-01, 3.809615822345489011e-01, 3.370171849214351201e-01, 1.045976360921880288e-01
1.773755030824655243e-01, 3.809933767579553598e-01, 3.370562503646092889e-01, 1.045748697949696743e-01
1.773274244210818473e-01, 3.810251557482309259e-01, 3.370952973605655378e-01, 1.045521224701215918e-01
1.772793607745186961e-01, 3.810569192120695781e-01, 3.371343259016544303e-01, 1.045293941117571568e-01
1.772313121496092159e-01, 3.810886671561705130e-01, 3.371733359802333019e-01, 1.045066847139869692e-01
1.771832785531770316e-01, 3.811203995872375905e-01, 3.372123275886664273e-01, 1.044839942709190062e-01
1.771352599920366644e-01, 3.811521165119802768e-01, 3.372513007193245760e-01, 1.044613227766584690e-01
1.770872564729936705e-01, 3.811838179371127566e-01, 3.372902553645856782e-01, 1.044386702253079224e-01
1.770392680028444188e-01, 3.812155038693545994e-01, 3.373291915168337707e-01, 1.044160366109673499e-01
1.769912945883757860e-01, 3.812471743154297044e-01, 3.373681091684606059e-01, 1.043934219277338621e-01
1.769433362363659612e-01, 3.812788292820681324e-01, 3.374070083118638763e-01, 1.043708261697021411e-01
1.768953929535836689e-01, 3.813104687760038303e-01, 3.374458889394484906e-01, 1.043482493309640102e-01
1.768474647467886129e-01, 3.813420928039766844e-01, 3.374847510436259079e-01, 1.043256914056089196e-01
1.767995516227313102e-01, 3.813737013727307446e-01, 3.375235946168145262e-01, 1.043031523877233774e-01
1.767516535881532014e-01, 3.814052944890158892e-01, 3.375624196514394604e-01, 1.042806322713914768e-01
1.767037706497865679e-01, 3.814368721595863265e-01, 3.376012261399323200e-01, 1.042581310506947023e-01
1.766559028143544763e-01, 3.814684343912017050e-01, 3.376400140747319867e-01, 1.042356487197118459e-01
1.766080500885709170e-01, 3.814999811906263361e-01, 3.376787834482836703e-01, 1.042131852725191876e-01
1.765602124791406380e-01, 3.815315125646296379e-01, 3.377175342530394087e-01, 1.041907407031903154e-01
1.765123899927594497e-01, 3.815630285199860805e-01, 3.377562664814580673e-01, 1.041683150057964163e-01
1.764645826361139203e-01, 3.815945290634747411e-01, 3.377949801260053952e-01, 1.041459081744059295e-01
1.764167904158815692e-01, 3.816260142018800816e-01, 3.378336751791536363e-01, 1.041235202030848933e-01
1.763690133387305348e-01, 3.816574839419911158e-01, 3.378723516333817511e-01, 1.041011510858965983e-01
1.763212514113201290e-01, 3.816889382906019090e-01, 3.379110094811759724e-01, 1.040788008169020035e-01
1.762735046403003936e-01, 3.817203772545117446e-01, 3.379496487150284723e-01, 1.040564693901594590e-01
1.762257730323122940e-01, 3.817518008405241803e-01, 3.379882693274387506e-01, 1.040341567997247613e-01
1.761780565939876086e-01, 3.817832090554483249e-01, 3.380268713109128020e-01, 1.040118630396512367e-01
1.761303553319492066e-01, 3.818146019060977281e-01, 3.380654546579634490e-01, 1.039895881039896719e-01
1.760826692528104642e-01, 3.818459793992908247e-01, 3.381040193611104527e-01, 1.039673319867883555e-01
1.760349983631759874e-01, 3.818773415418510453e-01, 3.381425654128797920e-01, 1.039450946820931476e-01
1.759873426696412224e-01, 3.819086883406069277e-01, 3.381810928058044952e-01, 1.039228761839473408e-01
1.759397021787922621e-01, 3.819400198023915061e-01, 3.382196015324243077e-01, 1.039006764863918547e-01
1.758920768972063731e-01, 3.819713359340426995e-01, 3.382580915852858583e-01, 1.038784955834650275e-01
1.758444668314515513e-01, 3.820026367424035341e-01, 3.382965629569419930e-01, 1.038563334692029494e-01
1.757968719880868280e-01, 3.820339222343213659e-01, 3.383350156399529407e-01, 1.038341901376389348e-01
1.757492923736619361e-01, 3.820651924166488245e-01, 3.383734496268849812e-01, 1.038120655828042582e-01
1.757017279947177824e-01, 3.820964472962429803e-01, 3.384118649103118881e-01, 1.037899597987274741e-01
1.756541788577858643e-01, 3.821276868799661774e-01, 3.384502614828132638e-01, 1.037678727794347638e-01
1.756066449693888254e-01, 3.821589111746850342e-01, 3.384886393369760937e-01, 1.037458045189500605e-01
1.755591263360401222e-01, 3.821901201872713316e-01, 3.385269984653938025e-01, 1.037237550112947437e-01
1.755116229642441350e-01, 3.822213139246014024e-01, 3.385653388606667535e-01, 1.037017242504878201e-01
1.754641348604960849e-01, 3.822524923935564090e-01, 3.386036605154016943e-01, 1.036797122305458951e-01
1.754166620312821723e-01, 3.822836556010222320e-01, 3.386419634222123665e-01, 1.036577189454832987e-01
1.753692044830796881e-01, 3.823148035538895817e-01, 3.386802475737188955e-01, 1.036357443893119595e-01
1.753217622223564587e-01, 3.823459362590538313e-01, 3.387185129625482904e-01, 1.036137885560413224e-01
1.752743352555715950e-01, 3.823770537234151834e-01, 3.387567595813344434e-01, 1.035918514396787227e-01
1.752269235891748544e-01, 3.824081559538783925e-01, 3.387949874227178526e-01, 1.035699330342289004e-01
1.751795272296071126e-01, 3.824392429573529317e-01, 3.388331964793454554e-01, 1.035480333336943892e-01
1.751321461833000859e-01, 3.824703147407533810e-01, 3.388713867438711835e-01, 1.035261523320754190e-01
1.750847804566764421e-01, 3.825013713109982061e-01, 3.389095582089554082e-01, 1.035042900233698465e-01
1.750374300561498009e-01, 3.825324126750114240e-01, 3.389477108672653838e-01, 1.034824464015732526e-01
1.749900949881245948e-01, 3.825634388397212704e-01, 3.389858447114751927e-01, 1.034606214606789143e-01
1.749427752589964302e-01, 3.825944498120606441e-01, 3.390239597342651345e-01, 1.034388151946778606e-01
1.748954708751515597e-01, 3.826254455989670511e-01, 3.390620559283226698e-01, 1.034170275975587056e-01
1.748481818429674095e-01, 3.826564262073829381e-01, 3.391001332863418094e-01, 1.033952586633079263e-01
1.748009081688121358e-01, 3.826873916442551371e-01, 3.391381918010230034e-01, 1.033735083859096265e-01
1.747536498590452070e-01, 3.827183419165353095e-01, 3.391762314650737520e-01, 1.033517767593458009e-01
1.747064069200165715e-01, 3.827492770311793913e-01, 3.392142522712079944e-01, 1.033300637775960429e-01
1.746591793580674068e-01, 3.827801969951483696e-01, 3.392522542121463314e-01, 1.033083694346377812e-01
1.746119671795298978e-01, 3.828111018154076728e-01, 3.392902372806162470e-01, 1.032866937244462241e-01
1.745647703907270143e-01, 3.828419914989270589e-01, 3.393282014693516646e-01, 1.032650366409943454e-01
1.745175889979725670e-01, 3.828728660526811156e-01, 3.393661467710934465e-01, 1.032433981782527876e-01
1.744704230075717621e-01, 3.829037254836492599e-01, 3.394040731785887832e-01, 1.032217783301901948e-01
1.744232724258203970e-01, 3.829345697988149055e-01, 3.394419806845917487e-01, 1.032001770907728794e-01
1.743761372590053316e-01, 3.829653990051664070e-01, 3.394798692818632446e-01, 1.031785944539649891e-01
1.743290175134042941e-01, 3.829962131096966704e-01, 3.395177389631705012e-01, 1.031570304137284649e-01
1.742819131952862977e-01, 3.830270121194029875e-01, 3.395555897212874652e-01, 1.031354849640231525e-01
1.742348243109109462e-01, 3.830577960412873129e-01, 3.395934215489950780e-01, 1.031139580988066351e-01
1.741877508665291008e-01, 3.830885648823560974e-01, 3.396312344390803872e-01, 1.030924498120343868e-01
1.741406928683823518e-01, 3.831193186496200109e-01, 3.396690283843378233e-01, 1.030709600976598000e-01
1.740936503227034915e-01, 3.831500573500949414e-01, 3.397068033775677010e-01, 1.030494889496339495e-01
1.740466232357160692e-01, 3.831807809908004958e-01, 3.397445594115774403e-01, 1.030280363619059669e-01
1.739996116136348081e-01, 3.832114895787612774e-01, 3.397822964791811229e-01, 1.030066023284227222e-01
1.739526154626654109e-01, 3.832421831210061081e-01, 3.398200145731993804e-01, 1.029851868431290590e-01
1.739056347890044207e-01, 3.832728616245684172e-01, 3.398577136864595061e-01, 1.029637898999676837e-01
1.738586695988394715e-01, 3.833035250964862417e-01, 3.398953938117951767e-01, 1.029424114928792072e-01
1.738117198983490930e-01, 3.833341735438015041e-01, 3.399330549420472303e-01, 1.029210516158020478e-01
1.737647856937030166e-01, 3.833648069735614561e-01, 3.399706970700627773e-01, 1.028997102626727500e-01
1.737178669910617312e-01, 3.833954253928169020e-01, 3.400083201886957007e-01, 1.028783874274256105e-01
1.736709637965768716e-01, 3.834260288086235868e-01, 3.400459242908067115e-01, 1.028570831039928857e-01
1.736240761163909685e-01, 3.834566172280415297e-01, 3.400835093692626265e-01, 1.028357972863048336e-01
1.735772039566377822e-01, 3.834871906581354128e-01, 3.401210754169373129e-01, 1.028145299682896585e-01
1.735303473234416360e-01, 3.835177491059738042e-01, 3.401586224267111325e-01, 1.027932811438734134e-01
1.734835062229183045e-01, 3.835482925786299901e-01, 3.401961503914713858e-01, 1.027720508069802641e-01
1.734366806611743750e-01, 3.835788210831818090e-01, 3.402336593041114798e-01, 1.027508389515321974e-01
1.733898706443075255e-01, 3.836093346267112625e-01, 3.402711491575318159e-01, 1.027296455714493961e-01
1.733430761784062468e-01, 3.836398332163044600e-01, 3.403086199446394011e-01, 1.027084706606498088e-01
1.732962972695503978e-01, 3.836703168590524515e-01, 3.403460716583477375e-01, 1.026873142130494826e-01
1.732495339238105114e-01, 3.837007855620501728e-01, 3.403835042915769327e-01, 1.026661762225624663e-01
1.732027861472483776e-01, 3.837312393323970006e-01, 3.404209178372538669e-01, 1.026450566831007688e-01
1.731560539459166548e-01, 3.837616781771969743e-01, 3.404583122883119151e-01, 1.026239555885745669e-01
1.731093373258591195e-01, 3.837921021035579083e-01, 3.404956876376912245e-01, 1.026028729328918865e-01
1.730626362931104723e-01, 3.838225111185923910e-01, 3.405330438783381597e-01, 1.025818087099588938e-01
1.730159508536967539e-01, 3.838529052294169519e-01, 3.405703810032064127e-01, 1.025607629136797982e-01
1.729692810136346237e-01, 3.838832844431527835e-01, 3.406076990052556708e-01, 1.025397355379568248e-01
1.729226267789320259e-01, 3.839136487669252418e-01, 3.406449978774525045e-01, 1.025187265766902694e-01
1.728759881555878564e-01, 3.839439982078636238e-01, 3.406822776127700347e-01, 1.024977360237785129e-01
1.728293651495921013e-01, 3.839743327731020561e-01, 3.407195382041877108e-01, 1.024767638731180208e-01
1.727827577669257819e-01, 3.840046524697787178e-01, 3.407567796446923092e-01, 1.024558101186033299e-01
1.727361660135609267e-01, 3.840349573050356735e-01, 3.407940019272763799e-01, 1.024348747541270338e-01
1.726895898954606823e-01, 3.840652472860197064e-01, 3.408312050449396891e-01, 1.024139577735798390e-01
1.726430294185791747e-01, 3.840955224198817075e-01, 3.408683889906884978e-01, 1.023930591708506893e-01
1.725964845888617039e-01, 3.841257827137767311e-01, 3.409055537575350625e-01, 1.023721789398264193e-01
1.725499554122445212e-01, 3.841560281748640504e-01, 3.409426993384992999e-01, 1.023513170743922118e-01
1.725034418946548298e-01, 3.841862588103072129e-01, 3.409798257266067334e-01, 1.023304735684312239e-01
1.724569440420111732e-01, 3.842164746272739295e-01, 3.410169329148900474e-01, 1.023096484158248082e-01
1.724104618602228800e-01, 3.842466756329362410e-01, 3.410540208963883102e-01, 1.022888416104524162e-01
1.723639953551906745e-01, 3.842768618344701292e-01, 3.410910896641474732e-01, 1.022680531461918063e-01
1.723175445328059552e-01, 3.843070332390558508e-01, 3.411281392112195388e-01, 1.022472830169187108e-01
1.722711093989515163e-01, 3.843371898538777143e-01, 3.411651695306636145e-01, 1.022265312165071688e-01
1.722246899595010483e-01, 3.843673316861246358e-01, 3.412021806155450809e-01, 1.022057977388293321e-01
1.721782862203193598e-01, 3.843974587429891399e-01, 3.412391724589359243e-01, 1.021850825777555483e-01
1.721318981872624609e-01, 3.844275710316681915e-01, 3.412761450539150143e-01, 1.021643857271543748e-01
1.720855258661772302e-01, 3.844576685593628085e-01, 3.413130983935673823e-01, 1.021437071808925928e-01
1.720391692629017477e-01, 3.844877513332782271e-01, 3.413500324709849987e-01, 1.021230469328350682e-01
1.719928283832651839e-01, 3.845178193606234029e-01, 3.413869472792662729e-01, 1.021024049768450570e-01
1.719465032330879384e-01, 3.845478726486120102e-01, 3.414238428115160540e-01, 1.020817813067839419e-01
1.719001938181811684e-01, 3.845779112044615533e-01, 3.414607190608458520e-01, 1.020611759165114124e-01
1.718539001443473713e-01, 3.846079350353934223e-01, 3.414975760203740052e-01, 1.020405887998852706e-01
1.718076222173800793e-01, 3.846379441486332817e-01, 3.415344136832249577e-01, 1.020200199507616673e-01
1.717613600430639986e-01, 3.846679385514109040e-01, 3.415712320425300930e-01, 1.019994693629949906e-01
1.717151136271747314e-01, 3.846979182509598361e-01, 3.416080310914273999e-01, 1.019789370304379217e-01
1.716688829754792478e-01, 3.847278832545184546e-01, 3.416448108230610292e-01, 1.019584229469413239e-01
1.716226680937355253e-01, 3.847578335693279672e-01, 3.416815712305819597e-01, 1.019379271063544368e-01
1.715764689876926041e-01, 3.847877692026348551e-01, 3.417183123071478312e-01, 1.019174495025247373e-01
1.715302856630906980e-01, 3.848176901616886525e-01, 3.417550340459226677e-01, 1.018969901292979680e-01
1.714841181256610003e-01, 3.848475964537435012e-01, 3.417917364400772651e-01, 1.018765489805182611e-01
1.714379663811261001e-01, 3.848774880860572623e-01, 3.418284194827885814e-01, 1.018561260500279869e-01
1.713918304351994826e-01, 3.849073650658920154e-01, 3.418650831672406243e-01, 1.018357213316678084e-01
1.713457102935857512e-01, 3.849372274005138372e-01, 3.419017274866236744e-01, 1.018153348192768759e-01
1.712996059619808220e-01, 3.849670750971924127e-01, 3.419383524341343406e-01, 1.017949665066923692e-01
1.712535174460715071e-01, 3.849969081632020340e-01, 3.419749580029763369e-01, 1.017746163877501497e-01
1.712074447515360143e-01, 3.850267266058201021e-01, 3.420115441863597061e-01, 1.017542844562842191e-01
1.711613878840433922e-01, 3.850565304323288474e-01, 3.420481109775007633e-01, 1.017339707061269555e-01
1.711153468492540852e-01, 3.850863196500141084e-01, 3.420846583696225962e-01, 1.017136751311091269e-01
1.710693216528195448e-01, 3.851160942661654429e-01, 3.421211863559551203e-01, 1.016933977250599752e-01
1.710233123003824518e-01, 3.851458542880765723e-01, 3.421576949297340797e-01, 1.016731384818068407e-01
1.709773187975765496e-01, 3.851755997230451589e-01, 3.421941840842024907e-01, 1.016528973951757869e-01
1.709313411500266999e-01, 3.852053305783726400e-01, 3.422306538126096975e-01, 1.016326744589909903e-01
1.708853793633491047e-01, 3.852350468613646162e-01, 3.422671041082112620e-01, 1.016124696670751976e-01
1.708394334431509454e-01, 3.852647485793302407e-01, 3.423035349642694070e-01, 1.015922830132494764e-01
1.707935033950304937e-01, 3.852944357395828856e-01, 3.423399463740532944e-01, 1.015721144913333401e-01
1.707475892245775007e-01, 3.853241083494395314e-01, 3.423763383308383035e-01, 1.015519640951447755e-01
1.707016909373725577e-01, 3.853537664162212106e-01, 3.424127108279063081e-01, 1.015318318185000762e-01
1.706558085389875412e-01, 3.853834099472527308e-01, 3.424490638585455660e-01, 1.015117176552140371e-01
1.706099420349856122e-01, 3.854130389498629516e-01, 3.424853974160515513e-01, 1.014916215991000098e-01
1.705640914309208833e-01, 3.854426534313842301e-01, 3.425217114937252894e-01, 1.014715436439695834e-01
1.705182567323387799e-01, 3.854722533991529199e-01, 3.425580060848752995e-01, 1.014514837836329314e-01
1.704724379447759841e-01, 3.855018388605093715e-01, 3.425942811828159296e-01, 1.014314420118987287e-01
1.704266350737600466e-01, 3.855314098227975439e-01, 3.426305367808683000e-01, 1.014114183225740123e-01
1.703808481248101359e-01, 3.855609662933653370e-01, 3.426667728723601369e-01, 1.013914127094644041e-01
1.703350771034362332e-01, 3.855905082795643701e-01, 3.427029894506255503e-01, 1.013714251663739158e-01
1.702893220151396880e-01, 3.856200357887498709e-01, 3.427391865090053114e-01, 1.013514556871051159e-01
1.702435828654130789e-01, 3.856495488282815076e-01, 3.427753640408463531e-01, 1.013315042654590326e-01
1.701978596597399918e-01, 3.856790474055220574e-01, 3.428115220395027141e-01, 1.013115708952353339e-01
1.701521524035954358e-01, 3.857085315278380167e-01, 3.428476604983344278e-01, 1.012916555702320365e-01
1.701064611024454276e-01, 3.857380012026004890e-01, 3.428837794107082448e-01, 1.012717582842457692e-01
1.700607857617472962e-01, 3.857674564371834647e-01, 3.429198787699975215e-01, 1.012518790310717037e-01
1.700151263869495999e-01, 3.857968972389649309e-01, 3.429559585695819979e-01, 1.012320178045034713e-01
1.699694829834919318e-01, 3.858263236153267606e-01, 3.429920188028479644e-01, 1.012121745983333293e-01
1.699238555568053366e-01, 3.858557355736543237e-01, 3.430280594631882618e-01, 1.011923494063520640e-01
1.698782441123120046e-01, 3.858851331213369873e-01, 3.430640805440020591e-01, 1.011725422223489629e-01
1.698326486554252168e-01, 3.859145162657675598e-01, 3.431000820386952421e-01, 1.011527530401120367e-01
1.697870691915494834e-01, 3.859438850143429023e-01, 3.431360639406800250e-01, 1.011329818534277281e-01
1.697415057260807936e-01, 3.859732393744629841e-01, 3.431720262433752278e-01, 1.011132286560810500e-01
1.696959582644059772e-01, 3.860025793535318273e-01, 3.432079689402062761e-01, 1.010934934418557113e-01
1.696504268119035375e-01, 3.860319049589575058e-01, 3.432438920246049241e-01, 1.010737762045339772e-01
1.696049113739427072e-01, 3.860612161981508139e-01, 3.432797954900096982e-01, 1.010540769378966836e-01
1.695594119558843926e-01, 3.860905130785273198e-01, 3.433156793298648979e-01, 1.010343956357233203e-01
1.695139285630804793e-01, 3.861197956075052007e-01, 3.433515435376222613e-01, 1.010147322917919616e-01
1.694684612008743041e-01, 3.861490637925070191e-01, 3.433873881067394662e-01, 1.009950868998793216e-01
1.694230098746001278e-01, 3.861783176409585017e-01, 3.434232130306807407e-01, 1.009754594537607408e-01
1.693775745895836904e-01, 3.862075571602893165e-01, 3.434590183029167521e-01, 1.009558499472101578e-01
1.693321553511420441e-01, 3.862367823579326287e-01, 3.434948039169250511e-01, 1.009362583740002622e-01
1.692867521645833595e-01, 3.862659932413249897e-01, 3.435305698661893503e-01, 1.009166847279023144e-01
1.692413650352069809e-01, 3.862951898179070587e-01, 3.435663161441996905e-01, 1.008971290026862699e-01
1.691959939683037872e-01, 3.863243720951226035e-01, 3.436020427444529957e-01, 1.008775911921207247e-01
1.691506389691556089e-01, 3.863535400804192776e-01, 3.436377496604522963e-01, 1.008580712899729420e-01
1.691053000430357833e-01, 3.863826937812480100e-01, 3.436734368857073396e-01, 1.008385692900089087e-01
1.690599771952087937e-01, 3.864118332050635041e-01, 3.437091044137343676e-01, 1.008190851859932929e-01
1.690146704309304360e-01, 3.864409583593241271e-01, 3.437447522380560061e-01, 1.007996189716894309e-01
1.689693797554476240e-01, 3.864700692514915770e-01, 3.437803803522014312e-01, 1.007801706408593817e-01
1.689241051739988064e-01, 3.864991658890309933e-01, 3.438159887497063139e-01, 1.007607401872638447e-01
1.688788466918136333e-01, 3.865282482794114571e-01, 3.438515774241125422e-01, 1.007413276046624090e-01
1.688336043141128728e-01, 3.865573164301051579e-01, 3.438871463689687213e-01, 1.007219328868132063e-01
1.687883780461087724e-01, 3.865863703485880043e-01, 3.439226955778301731e-01, 1.007025560274731474e-01
1.687431678930047529e-01, 3.866154100423392914e-01, 3.439582250442579925e-01, 1.006831970203979493e-01
1.686979738599955758e-01, 3.866444355188419779e-01, 3.439937347618204910e-01, 1.006638558593419830e-01
1.686527959522673425e-01, 3.866734467855823532e-01, 3.440292247240918644e-01, 1.006445325380584399e-01
1.686076341749973007e-01, 3.867024438500503147e-01, 3.440646949246531361e-01, 1.006252270502992208e-01
1.685624885333541489e-01, 3.867314267197389799e-01, 3.441001453570917135e-01, 1.006059393898150051e-01
1.685173590324978432e-01, 3.867603954021452961e-01, 3.441355760150014431e-01, 1.005866695503552788e-01
1.684722456775795962e-01, 3.867893499047693751e-01, 3.441709868919826665e-01, 1.005674175256683206e-01
1.684271484737419888e-01, 3.868182902351149921e-01, 3.442063779816419422e-01, 1.005481833095010075e-01
1.683820674261188866e-01, 3.868472164006889757e-01, 3.442417492775927124e-01, 1.005289668955992866e-01
1.683370025398355507e-01, 3.868761284090021513e-01, 3.442771007734546362e-01, 1.005097682777077728e-01
1.682919538200083609e-01, 3.869050262675681195e-01, 3.443124324628538124e-01, 1.004905874495697626e-01
1.682469212717452312e-01, 3.869339099839043672e-01, 3.443477443394228898e-01, 1.004714244049275534e-01
1.682019049001452216e-01, 3.869627795655316560e-01, 3.443830363968009012e-01, 1.004522791375222074e-01
1.681569047102990100e-01, 3.869916350199740784e-01, 3.444183086286332629e-01, 1.004331516410935932e-01
1.681119207072881983e-01, 3.870204763547592797e-01, 3.444535610285721638e-01, 1.004140419093803860e-01
1.680669528961860892e-01, 3.870493035774177915e-01, 3.444887935902758436e-01, 1.003949499361201925e-01
1.680220012820569930e-01, 3.870781166954842534e-01, 3.445240063074093140e-01, 1.003758757150493841e-01
1.679770658699569208e-01, 3.871069157164961916e-01, 3.445591991736437487e-01, 1.003568192399031944e-01
1.679321466649329464e-01, 3.871357006479944074e-01, 3.445943721826570383e-01, 1.003377805044157467e-01
1.678872436720235395e-01, 3.871644714975231438e-01, 3.446295253281332349e-01, 1.003187595023199569e-01
1.678423568962586210e-01, 3.871932282726304742e-01, 3.446646586037632187e-01, 1.002997562273477833e-01
1.677974863426593688e-01, 3.872219709808668031e-01, 3.446997720032439760e-01, 1.002807706732298659e-01
1.677526320162383566e-01, 3.872506996297868653e-01, 3.447348655202790435e-01, 1.002618028336958872e-01
1.677077939219995262e-01, 3.872794142269478934e-01, 3.447699391485782860e-01, 1.002428527024742805e-01
1.676629720649381317e-01, 3.873081147799110058e-01, 3.448049928818583965e-01, 1.002239202732924800e-01
1.676181664500409063e-01, 3.873368012962401519e-01, 3.448400267138421182e-01, 1.002050055398768236e-01
1.675733770822858681e-01, 3.873654737835029449e-01, 3.448750406382588007e-01, 1.001861084959525250e-01
1.675286039666422921e-01, 3.873941322492701622e-01, 3.449100346488438440e-01, 1.001672291352437433e-01
1.674838471080709879e-01, 3.874227767011155787e-01, 3.449450087393398645e-01, 1.001483674514734995e-01
1.674391065115241328e-01, 3.874514071466165777e-01, 3.449799629034954740e-01, 1.001295234383638988e-01
1.673943821819452171e-01, 3.874800235933537063e-01, 3.450148971350653349e-01, 1.001106970896358389e-01
1.673496741242691821e-01, 3.875086260489103984e-01, 3.450498114278112705e-01, 1.000918883990091490e-01
1.673049823434222816e-01, 3.875372145208739738e-01, 3.450847057755009328e-01, 1.000730973602027701e-01
1.672603068443222207e-01, 3.875657890168344166e-01, 3.451195801719088019e-01, 1.000543239669344914e-01
1.672156476318781004e-01, 3.875943495443852083e-01, 3.451544346108157413e-01, 1.000355682129211027e-01
1.671710047109903619e-01, 3.876228961111227167e-01, 3.451892690860086654e-01, 1.000168300918782421e-01
1.671263780865508142e-01, 3.876514287246470847e-01, 3.452240835912812056e-01, 9.999810959752072903e-02
1.670817677634428844e-01, 3.876799473925609529e-01, 3.452588781204338209e-01, 9.997940672356228631e-02
1.670371737465410900e-01, 3.877084521224708480e-01, 3.452936526672724660e-01, 9.996072146371563771e-02
1.669925960407115939e-01, 3.877369429219858499e-01, 3.453284072256101456e-01, 9.994205381169236901e-02
1.669480346508119550e-01, 3.877654197987183693e-01, 3.453631417892664146e-01, 9.992340376120323331e-02
1.669034895816909059e-01, 3.877938827602843697e-01, 3.453978563520667677e-01, 9.990477130595804001e-02
1.668589608381889355e-01, 3.878223318143022569e-01, 3.454325509078433054e-01, 9.988615643966539115e-02
1.668144484251378734e-01, 3.878507669683943226e-01, 3.454672254504348450e-01, 9.986755915603318101e-02
1.667699523473605561e-01, 3.878791882301853566e-01, 3.455018799736859769e-01, 9.984897944876809650e-02
1.667254726096719375e-01, 3.879075956073035902e-01, 3.455365144714482861e-01, 9.983041731157596410e-02
1.666810092168780066e-01, 3.879359891073804745e-01, 3.455711289375797413e-01, 9.981187273816176375e-02
1.666365621737761482e-01, 3.879643687380502914e-01, 3.456057233659441952e-01, 9.979334572222937905e-02
1.665921314851552815e-01, 3.879927345069503763e-01, 3.456402977504126062e-01, 9.977483625748173601e-02
1.665477171557957214e-01, 3.880210864217215616e-01, 3.456748520848618167e-01, 9.975634433762088638e-02
1.665033191904692900e-01, 3.880494244900074552e-01, 3.457093863631752195e-01, 9.973786995634803532e-02
1.664589375939392601e-01, 3.880777487194545516e-01, 3.457439005792429243e-01, 9.971941310736325004e-02
1.664145723709604396e-01, 3.881060591177127317e-01, 3.457783947269609803e-01, 9.970097378436591773e-02
1.663702235262786988e-01, 3.881343556924350957e-01, 3.458128688002320428e-01, 9.968255198105427373e-02
1.663258910646318312e-01, 3.881626384512771311e-01, 3.458473227929650951e-01, 9.966414769112588723e-02
1.662815749907488039e-01, 3.881909074018979333e-01, 3.458817566990760040e-01, 9.964576090827725885e-02
1.662372753093503686e-01, 3.882191625519593181e-01, 3.459161705124862429e-01, 9.962739162620411204e-02
1.661929920251482562e-01, 3.882474039091264872e-01, 3.459505642271240577e-01, 9.960903983860114330e-02
1.661487251428459822e-01, 3.882756314810671960e-01, 3.459849378369244666e-01, 9.959070553916231361e-02
1.661044746671385963e-01, 3.883038452754524750e-01, 3.460192913358283162e-01, 9.957238872158061249e-02
1.660602406027124056e-01, 3.883320452999562411e-01, 3.460536247177831148e-01, 9.955408937954819681e-02
1.660160229542453902e-01, 3.883602315622554646e-01, 3.460879379767426434e-01, 9.953580750675641853e-02
1.659718217264068429e-01, 3.883884040700301132e-01, 3.461222311066673996e-01, 9.951754309689565814e-02
1.659276369238577020e-01, 3.884165628309628193e-01, 3.461565041015238209e-01, 9.949929614365551900e-02
1.658834685512502738e-01, 3.884447078527399344e-01, 3.461907569552849506e-01, 9.948106664072479954e-02
1.658393166132284269e-01, 3.884728391430499195e-01, 3.462249896619303269e-01, 9.946285458179141004e-02
1.657951811144274534e-01, 3.885009567095843441e-01, 3.462592022154458160e-01, 9.944465996054235868e-02
1.657510620594742912e-01, 3.885290605600382752e-01, 3.462933946098233906e-01, 9.942648277066401530e-02
1.657069594529872181e-01, 3.885571507021090554e-01, 3.463275668390620732e-01, 9.940832300584175052e-02
1.656628732995761299e-01, 3.885852271434973026e-01, 3.463617188971663818e-01, 9.939018065976024108e-02
1.656188036038422906e-01, 3.886132898919062995e-01, 3.463958507781481622e-01, 9.937205572610327553e-02
1.655747503703786372e-01, 3.886413389550424924e-01, 3.464299624760249219e-01, 9.935394819855387916e-02
1.655307136037695859e-01, 3.886693743406150481e-01, 3.464640539848208300e-01, 9.933585807079439722e-02
1.654866933085910874e-01, 3.886973960563361863e-01, 3.464981252985665505e-01, 9.931778533650618968e-02
1.654426894894104882e-01, 3.887254041099206803e-01, 3.465321764112988534e-01, 9.929972998936990869e-02
1.653987021507867528e-01, 3.887533985090866340e-01, 3.465662073170611701e-01, 9.928169202306551255e-02
1.653547312972703798e-01, 3.887813792615543718e-01, 3.466002180099031493e-01, 9.926367143127208525e-02
1.653107769334033750e-01, 3.888093463750478262e-01, 3.466342084838808235e-01, 9.924566820766800301e-02
1.652668390637192786e-01, 3.888372998572930950e-01, 3.466681787330566089e-01, 9.922768234593089265e-02
1.652229176927433596e-01, 3.888652397160194951e-01, 3.467021287514995276e-01, 9.920971383973763158e-02
1.651790128249920053e-01, 3.888931659589591749e-01, 3.467360585332845413e-01, 9.919176268276426456e-02
1.651351244649735817e-01, 3.889210785938468917e-01, 3.467699680724933287e-01, 9.917382886868623959e-02
1.650912526171877670e-01, 3.889489776284202338e-01, 3.468038573632138410e-01, 9.915591239117819977e-02
1.650473972861258298e-01, 3.889768630704197871e-01, 3.468377263995404136e-01, 9.913801324391403880e-02
1.650035584762705454e-01, 3.890047349275889133e-01, 3.468715751755734877e-01, 9.912013142056697035e-02
1.649597361920965011e-01, 3.890325932076733606e-01, 3.469054036854205547e-01, 9.910226691480944483e-02
1.649159304380695135e-01, 3.890604379184221528e-01, 3.469392119231950455e-01, 9.908441972031332978e-02
1.648721412186471558e-01, 3.890882690675868116e-01, 3.469729998830163864e-01, 9.906658983074960456e-02
1.648283685382785357e-01, 3.891160866629218007e-01, 3.470067675590109424e-01, 9.904877723978872117e-02
1.647846124014044067e-01, 3.891438907121838597e-01, 3.470405149453114069e-01, 9.903098194110032670e-02
1.647408728124568622e-01, 3.891716812231331701e-01, 3.470742420360564684e-01, 9.901320392835347151e-02
1.646971497758598357e-01, 3.891994582035322447e-01, 3.471079488253914214e-01, 9.899544319521645652e-02
1.646534432960286842e-01, 3.892272216611462055e-01, 3.471416353074681105e-01, 9.897769973535693044e-02
1.646097533773705768e-01, 3.892549716037430607e-01, 3.471753014764444867e-01, 9.895997354244191746e-02
1.645660800242838839e-01, 3.892827080390937056e-01, 3.472089473264847181e-01, 9.894226461013776175e-02
1.645224232411588994e-01, 3.893104309749712555e-01, 3.472425728517597454e-01, 9.892457293211008584e-02
1.644787830323773958e-01, 3.893381404191520456e-01, 3.472761780464466153e-01, 9.890689850202401268e-02
1.644351594023127638e-01, 3.893658363794147426e-01, 3.473097629047287582e-01, 9.888924131354380476e-02
1.643915523553299840e-01, 3.893935188635407330e-01, 3.473433274207960442e-01, 9.887160136033323887e-02
1.643479618957855992e-01, 3.894211878793144010e-01, 3.473768715888445047e-01, 9.885397863605556446e-02
1.643043880280279367e-01, 3.894488434345220740e-01, 3.474103954030768326e-01, 9.883637313437311500e-02
1.642608307563967196e-01, 3.894764855369535761e-01, 3.474438988577018828e-01, 9.881878484894789094e-02
1.642172900852233719e-01, 3.895041141944006746e-01, 3.474773819469348379e-01, 9.880121377344107392e-02
1.641737660188310188e-01, 3.895317294146583009e-01, 3.475108446649973204e-01, 9.878365990151335985e-02
1.641302585615342924e-01, 3.895593312055236623e-01, 3.475442870061172806e-01, 9.876612322682477851e-02
1.640867677176395256e-01, 3.895869195747964642e-01, 3.475777089645291640e-01, 9.874860374303481847e-02
1.640432934914446694e-01, 3.896144945302795204e-01, 3.476111105344734664e-01, 9.873110144380231601e-02
1.639998358872392648e-01, 3.896420560797778654e-01, 3.476444917101972343e-01, 9.871361632278553844e-02
1.639563949093045259e-01, 3.896696042310993091e-01, 3.476778524859538422e-01, 9.869614837364225346e-02
1.639129705619133126e-01, 3.896971389920539930e-01, 3.477111928560030485e-01, 9.867869759002954877e-02
1.638695628493301581e-01, 3.897246603704549450e-01, 3.477445128146108844e-01, 9.866126396560402634e-02
1.638261717758112135e-01, 3.897521683741173582e-01, 3.477778123560497647e-01, 9.864384749402166364e-02
1.637827973456042752e-01, 3.897796630108594784e-01, 3.478110914745983218e-01, 9.862644816893793853e-02
1.637394395629487021e-01, 3.898071442885017723e-01, 3.478443501645418490e-01, 9.860906598400763501e-02
1.636960984320757206e-01, 3.898346122148673154e-01, 3.478775884201716351e-01, 9.859170093288530112e-02
1.636527739572080364e-01, 3.898620667977816812e-01, 3.479108062357855746e-01, 9.857435300922455512e-02
1.636094661425602226e-01, 3.898895080450729966e-01, 3.479440036056879459e-01, 9.855702220667886260e-02
1.635661749923382202e-01, 3.899169359645719424e-01, 3.479771805241888560e-01, 9.853970851890084259e-02
1.635229005107398936e-01, 3.899443505641116969e-01, 3.480103369856055728e-01, 9.852241193954282272e-02
1.634796427019547249e-01, 3.899717518515278813e-01, 3.480434729842609154e-01, 9.850513246225646447e-02
1.634364015701637862e-01, 3.899991398346585036e-01, 3.480765885144845306e-01, 9.848787008069298521e-02
1.633931771195400451e-01, 3.900265145213446250e-01, 3.481096835706122272e-01, 9.847062478850317213e-02
1.633499693542477815e-01, 3.900538759194288607e-01, 3.481427581469863086e-01, 9.845339657933707689e-02
1.633067782784434208e-01, 3.900812240367569350e-01, 3.481758122379551845e-01, 9.843618544684455685e-02
1.632636038962747560e-01, 3.901085588811769589e-01, 3.482088458378735929e-01, 9.841899138467474772e-02
1.632204462118813648e-01, 3.901358804605391528e-01, 3.482418589411030441e-01, 9.840181438647646606e-02
1.631773052293945814e-01, 3.901631887826967904e-01, 3.482748515420107660e-01, 9.838465444589790387e-02
1.631341809529374409e-01, 3.901904838555048660e-01, 3.483078236349708146e-01, 9.836751155658690626e-02
1.630910733866245410e-01, 3.902177656868212607e-01, 3.483407752143634073e-01, 9.835038571219077708e-02
1.630479825345623190e-01, 3.902450342845062981e-01, 3.483737062745748680e-01, 9.833327690635640383e-02
1.630049084008490523e-01, 3.902722896564222999e-01, 3.484066168099985150e-01, 9.831618513273025772e-02
1.629618509895744138e-01, 3.902995318104343081e-01, 3.484395068150330510e-01, 9.829911038495819930e-02
1.629188103048200276e-01, 3.903267607544099183e-01, 3.484723762840842287e-01, 9.828205265668585322e-02
1.628757863506592740e-01, 3.903539764962186132e-01, 3.485052252115640181e-01, 9.826501194155823349e-02
1.628327791311570405e-01, 3.903811790437324847e-01, 3.485380535918904954e-01, 9.824798823322003494e-02
1.627897886503701652e-01, 3.904083684048262892e-01, 3.485708614194880650e-01, 9.823098152531543892e-02
1.627468149123472152e-01, 3.904355445873766151e-01, 3.486036486887878483e-01, 9.821399181148832147e-02
1.627038579211283198e-01, 3.904627075992627150e-01, 3.486364153942268507e-01, 9.819701908538203128e-02
1.626609176807454482e-01, 3.904898574483662288e-01, 3.486691615302486835e-01, 9.818006334063958396e-02
1.626179941952224095e-01, 3.905169941425709612e-01, 3.487018870913030644e-01, 9.816312457090349552e-02
1.625750874685746028e-01, 3.905441176897629929e-01, 3.487345920718463721e-01, 9.814620276981601832e-02
1.625321975048093504e-01, 3.905712280978310691e-01, 3.487672764663407587e-01, 9.812929793101890508e-02
1.624893243079255090e-01, 3.905983253746656003e-01, 3.487999402692552597e-01, 9.811241004815354771e-02
1.624464678819139141e-01, 3.906254095281601058e-01, 3.488325834750650722e-01, 9.809553911486094957e-02
1.624036282307570744e-01, 3.906524805662096589e-01, 3.488652060782515552e-01, 9.807868512478172540e-02
1.623608053584292277e-01, 3.906795384967120532e-01, 3.488978080733023956e-01, 9.806184807155619854e-02
1.623179992688965068e-01, 3.907065833275673028e-01, 3.489303894547118867e-01, 9.804502794882419270e-02
1.622752099661166902e-01, 3.907336150666777530e-01, 3.489629502169803721e-01, 9.802822475022532345e-02
1.622324374540393133e-01, 3.907606337219474701e-01, 3.489954903546145792e-01, 9.801143846939867899e-02
1.621896817366058619e-01, 3.907876393012833516e-01, 3.490280098621275640e-01, 9.799466909998313935e-02
1.621469428177495509e-01, 3.908146318125945151e-01, 3.490605087340388768e-01, 9.797791663561718212e-02
1.621042207013951852e-01, 3.908416112637919659e-01, 3.490929869648739525e-01, 9.796118106993888242e-02
1.620615153914596318e-01, 3.908685776627893182e-01, 3.491254445491649983e-01, 9.794446239658614883e-02
1.620188268918514585e-01, 3.908955310175020736e-01, 3.491578814814501608e-01, 9.792776060919636261e-02
1.619761552064709897e-01, 3.909224713358479542e-01, 3.491902977562743038e-01, 9.791107570140671068e-02
1.619335003392103622e-01, 3.909493986257472353e-01, 3.492226933681883971e-01, 9.789440766685408857e-02
1.618908622939536079e-01, 3.909763128951218025e-01, 3.492550683117496835e-01, 9.787775649917496157e-02
1.618482410745764044e-01, 3.910032141518964832e-01, 3.492874225815217337e-01, 9.786112219200543416e-02
1.618056366849463801e-01, 3.910301024039975482e-01, 3.493197561720744471e-01, 9.784450473898156919e-02
1.617630491289230588e-01, 3.910569776593540436e-01, 3.493520690779839954e-01, 9.782790413373891603e-02
1.617204784103575266e-01, 3.910838399258965703e-01, 3.493843612938331566e-01, 9.781132036991274648e-02
1.616779245330929315e-01, 3.911106892115583378e-01, 3.494166328142105926e-01, 9.779475344113815194e-02
1.616353875009641505e-01, 3.911375255242746096e-01, 3.494488836337113491e-01, 9.777820334104986300e-02
1.615928673177977892e-01, 3.911643488719825368e-01, 3.494811137469372442e-01, 9.776167006328231879e-02
1.615503639874125708e-01, 3.911911592626218237e-01, 3.495133231484958691e-01, 9.774515360146975029e-02
1.615078775136188083e-01, 3.912179567041336736e-01, 3.495455118330014765e-01, 9.772865394924599991e-02
1.614654079002187936e-01, 3.912447412044621764e-01, 3.495776797950742032e-01, 9.771217110024489616e-02
1.614229551510064919e-01, 3.912715127715528651e-01, 3.496098270293409027e-01, 9.769570504809967082e-02
1.613805192697679858e-01, 3.912982714133536044e-01, 3.496419535304348125e-01, 9.767925578644355566e-02
1.613381002602810588e-01, 3.913250171378144238e-01, 3.496740592929949432e-01, 9.766282330890954655e-02
1.612956981263152512e-01, 3.913517499528875176e-01, 3.497061443116669666e-01, 9.764640760913012585e-02
1.612533128716322206e-01, 3.913784698665266903e-01, 3.497382085811032160e-01, 9.763000868073792859e-02
1.612109444999852426e-01, 3.914051768866882997e-01, 3.497702520959614092e-01, 9.761362651736503471e-02
1.611685930151195989e-01, 3.914318710213304797e-01, 3.498022748509065361e-01, 9.759726111264345472e-02
1.611262584207724113e-01, 3.914585522784134741e-01, 3.498342768406091929e-01, 9.758091246020494935e-02
1.610839407206726692e-01, 3.914852206658995804e-01, 3.498662580597468041e-01, 9.756458055368105731e-02
1.610416399185412573e-01, 3.915118761917530388e-01, 3.498982185030025671e-01, 9.754826538670309521e-02
1.609993560180910388e-01, 3.915385188639403657e-01, 3.499301581650663961e-01, 9.753196695290219931e-02
1.609570890230264673e-01, 3.915651486904297429e-01, 3.499620770406345338e-01, 9.751568524590929765e-02
1.609148389370442245e-01, 3.915917656791915724e-01, 3.499939751244090513e-01, 9.749942025935509626e-02
1.608726057638327489e-01, 3.916183698381981437e-01, 3.500258524110989589e-01, 9.748317198687020402e-02
1.608303895070723466e-01, 3.916449611754236892e-01, 3.500577088954190952e-01, 9.746694042208492448e-02
1.607881901704352468e-01, 3.916715396988447728e-01, 3.500895445720905719e-01, 9.745072555862938080e-02
1.607460077575856294e-01, 3.916981054164393461e-01, 3.501213594358413839e-01, 9.743452739013361286e-02
1.607038422721794868e-01, 3.917246583361878587e-01, 3.501531534814050772e-01, 9.741834591022748013e-02
1.606616937178647897e-01, 3.917511984660724256e-01, 3.501849267035221369e-01, 9.740218111254060618e-02
1.606195620982814598e-01, 3.917777258140772156e-01, 3.502166790969388210e-01, 9.738603299070250352e-02
1.605774474170613697e-01, 3.918042403881880076e-01, 3.502484106564080490e-01, 9.736990153834254591e-02
1.605353496778281763e-01, 3.918307421963931891e-01, 3.502801213766888466e-01, 9.735378674908988506e-02
1.604932688841974597e-01, 3.918572312466823138e-01, 3.503118112525466787e-01, 9.733768861657357552e-02
1.604512050397768896e-01, 3.918837075470473774e-01, 3.503434802787531166e-01, 9.732160713442251920e-02
1.604091581481660866e-01, 3.919101711054820414e-01, 3.503751284500863927e-01, 9.730554229626553475e-02
1.603671282129563724e-01, 3.919366219299820764e-01, 3.504067557613305128e-01, 9.728949409573119100e-02
1.603251152377311306e-01, 3.919630600285445299e-01, 3.504383622072761439e-01, 9.727346252644805680e-02
1.602831192260658622e-01, 3.919894854091692249e-01, 3.504699477827202814e-01, 9.725744758204454832e-02
1.602411401815277692e-01, 3.920158980798573167e-01, 3.505015124824660266e-01, 9.724144925614888746e-02
1.601991781076761434e-01, 3.920422980486117370e-01, 3.505330563013229761e-01, 9.722546754238926836e-02
1.601572330080621442e-01, 3.920686853234376379e-01, 3.505645792341064992e-01, 9.720950243439369087e-02
1.601153048862290484e-01, 3.920950599123416702e-01, 3.505960812756391265e-01, 9.719355392579022423e-02
1.600733937457118616e-01, 3.921214218233323723e-01, 3.506275624207489949e-01, 9.717762201020661850e-02
1.600314995900378456e-01, 3.921477710644206138e-01, 3.506590226642707919e-01, 9.716170668127073473e-02
1.599896224227259633e-01, 3.921741076436184859e-01, 3.506904620010453111e-01, 9.714580793261022584e-02
1.599477622472873506e-01, 3.922004315689399667e-01, 3.507218804259200629e-01, 9.712992575785264759e-02
1.599059190672250108e-01, 3.922267428484010887e-01, 3.507532779337483309e-01, 9.711406015062554187e-02
1.598640928860339538e-01, 3.922530414900195495e-01, 3.507846545193901155e-01, 9.709821110455643667e-02
1.598222837072012237e-01, 3.922793275018148229e-01, 3.508160101777114126e-01, 9.708237861327256857e-02
1.597804915342057874e-01, 3.923056008918081594e-01, 3.508473449035845459e-01, 9.706656267040141006e-02
1.597387163705187019e-01, 3.923318616680226967e-01, 3.508786586918886119e-01, 9.705076326957005894e-02
1.596969582196028914e-01, 3.923581098384828492e-01, 3.509099515375082579e-01, 9.703498040440589056e-02
1.596552170849133978e-01, 3.923843454112158624e-01, 3.509412234353348481e-01, 9.701921406853589169e-02
1.596134929698971860e-01, 3.924105683942496481e-01, 3.509724743802657421e-01, 9.700346425558729890e-02
1.595717858779933107e-01, 3.924367787956141163e-01, 3.510037043672053492e-01, 9.698773095918715448e-02
1.595300958126327495e-01, 3.924629766233413974e-01, 3.510349133910632968e-01, 9.697201417296250070e-02
1.594884227772386254e-01, 3.924891618854648989e-01, 3.510661014467562069e-01, 9.695631389054031046e-02
1.594467667752258733e-01, 3.925153345900196378e-01, 3.510972685292069184e-01, 9.694063010554752891e-02
1.594051278100017399e-01, 3.925414947450426850e-01, 3.511284146333442657e-01, 9.692496281161122607e-02
1.593635058849652564e-01, 3.925676423585727215e-01, 3.511595397541037999e-01, 9.690931200235829157e-02
1.593219010035075989e-01, 3.925937774386499268e-01, 3.511906438864267899e-01, 9.689367767141564280e-02
1.592803131690119223e-01, 3.926198999933165901e-01, 3.512217270252612766e-01, 9.687805981241019715e-02
1.592387423848534433e-01, 3.926460100306159440e-01, 3.512527891655615742e-01, 9.686245841896892750e-02
1.591971886543995240e-01, 3.926721075585936638e-01, 3.512838303022880471e-01, 9.684687348471872348e-02
1.591556519810093662e-01, 3.926981925852966460e-01, 3.513148504304074993e-01, 9.683130500328653023e-02
1.591141323680343722e-01, 3.927242651187735634e-01, 3.513458495448927854e-01, 9.681575296829930677e-02
1.590726298188180343e-01, 3.927503251670744766e-01, 3.513768276407234215e-01, 9.680021737338397048e-02
1.590311443366957955e-01, 3.927763727382516667e-01, 3.514077847128849741e-01, 9.678469821216753588e-02
1.589896759249951330e-01, 3.928024078403585251e-01, 3.514387207563692828e-01, 9.676919547827701751e-02
1.589482245870357802e-01, 3.928284304814501637e-01, 3.514696357661745152e-01, 9.675370916533937438e-02
1.589067903261292825e-01, 3.928544406695834157e-01, 3.515005297373054449e-01, 9.673823926698178755e-02
1.588653731455795526e-01, 3.928804384128166127e-01, 3.515314026647725076e-01, 9.672278577683131318e-02
1.588239730486822876e-01, 3.929064237192098075e-01, 3.515622545435928559e-01, 9.670734868851511845e-02
1.587825900387254685e-01, 3.929323965968244403e-01, 3.515930853687897484e-01, 9.669192799566039831e-02
1.587412241189890549e-01, 3.929583570537236170e-01, 3.516238951353929387e-01, 9.667652369189438932e-02
1.586998752927451239e-01, 3.929843050979722197e-01, 3.516546838384383422e-01, 9.666113577084441133e-02
1.586585435632579255e-01, 3.930102407376362961e-01, 3.516854514729678138e-01, 9.664576422613786744e-02
1.586172289337837438e-01, 3.930361639807837815e-01, 3.517161980340302585e-01, 9.663040905140217462e-02
1.585759314075708692e-01, 3.930620748354840543e-01, 3.517469235166802988e-01, 9.661507024026487478e-02
1.585346509878598209e-01, 3.930879733098079365e-01, 3.517776279159787745e-01, 9.659974778635342652e-02
1.584933876778831241e-01, 3.931138594118278595e-01, 3.518083112269932977e-01, 9.658444168329566315e-02
1.584521414808656437e-01, 3.931397331496178094e-01, 3.518389734447973094e-01, 9.656915192471920983e-02
1.584109124000240842e-01, 3.931655945312531042e-01, 3.518696145644708007e-01, 9.655387850425198315e-02
1.583697004385673512e-01, 3.931914435648107831e-01, 3.519002345811000354e-01, 9.653862141552184417e-02
1.583285055996966062e-01, 3.932172802583693838e-01, 3.519308334897772728e-01, 9.652338065215688989e-02
1.582873278866049338e-01, 3.932431046200086655e-01, 3.519614112856012111e-01, 9.650815620778518955e-02
1.582461673024776749e-01, 3.932689166578101636e-01, 3.519919679636772103e-01, 9.649294807603500668e-02
1.582050238504923434e-01, 3.932947163798566903e-01, 3.520225035191163476e-01, 9.647775625053471582e-02
1.581638975338184039e-01, 3.933205037942326676e-01, 3.520530179470361953e-01, 9.646258072491270541e-02
1.581227883556177161e-01, 3.933462789090238498e-01, 3.520835112425608204e-01, 9.644742149279758592e-02
1.580816963190441182e-01, 3.933720417323174900e-01, 3.521139834008202296e-01, 9.643227854781806496e-02
1.580406214272435661e-01, 3.933977922722023957e-01, 3.521444344169509799e-01, 9.641715188360297506e-02
1.579995636833543271e-01, 3.934235305367685398e-01, 3.521748642860957901e-01, 9.640204149378130138e-02
1.579585230905067583e-01, 3.934492565341075609e-01, 3.522052730034036516e-01, 9.638694737198209850e-02
1.579174996518232510e-01, 3.934749702723123188e-01, 3.522356605640298288e-01, 9.637186951183461525e-02
1.578764933704185081e-01, 3.935006717594772274e-01, 3.522660269631360253e-01, 9.635680790696825315e-02
1.578355042493994054e-01, 3.935263610036980331e-01, 3.522963721958899952e-01, 9.634176255101251085e-02
1.577945322918648807e-01, 3.935520380130719253e-01, 3.523266962574659877e-01, 9.632673343759715068e-02
1.577535775009062113e-01, 3.935777027956975371e-01, 3.523569991430443027e-01, 9.631172056035199047e-02
1.577126398796066808e-01, 3.936033553596746670e-01, 3.523872808478117902e-01, 9.629672391290698685e-02
1.576717194310417736e-01, 3.936289957131045014e-01, 3.524175413669611845e-01, 9.628174348889234624e-02
1.576308161582793965e-01, 3.936546238640898920e-01, 3.524477806956922699e-01, 9.626677928193841383e-02
1.575899300643793521e-01, 3.936802398207347453e-01, 3.524779988292102151e-01, 9.625183128567572910e-02
1.575490611523937823e-01, 3.937058435911441334e-01, 3.525081957627269613e-01, 9.623689949373497032e-02
1.575082094253670295e-01, 3.937314351834252379e-01, 3.525383714914605560e-01, 9.622198389974707944e-02
1.574673748863355816e-01, 3.937570146056855735e-01, 3.525685260106357632e-01, 9.620708449734302614e-02
1.574265575383282934e-01, 3.937825818660347643e-01, 3.525986593154828985e-01, 9.619220128015418259e-02
1.573857573843658875e-01, 3.938081369725831005e-01, 3.526287714012389940e-01, 9.617733424181193480e-02
1.573449744274616480e-01, 3.938336799334428706e-01, 3.526588622631475212e-01, 9.616248337594798801e-02
1.573042086706210041e-01, 3.938592107567270850e-01, 3.526889318964577802e-01, 9.614764867619415845e-02
1.572634601168413915e-01, 3.938847294505500862e-01, 3.527189802964258436e-01, 9.613283013618258155e-02
1.572227287691128073e-01, 3.939102360230281041e-01, 3.527490074583136126e-01, 9.611802774954551765e-02
1.571820146304171995e-01, 3.939357304822777572e-01, 3.527790133773895387e-01, 9.610324150991542136e-02
1.571413177037288833e-01, 3.939612128364175514e-01, 3.528089980489284572e-01, 9.608847141092510813e-02
1.571006379920143747e-01, 3.939866830935670472e-01, 3.528389614682111430e-01, 9.607371744620747667e-02
1.570599754982325014e-01, 3.940121412618468599e-01, 3.528689036305249216e-01, 9.605897960939574487e-02
1.570193302253341527e-01, 3.940375873493793257e-01, 3.528988245311631688e-01, 9.604425789412325554e-02
1.569787021762627244e-01, 3.940630213642876134e-01, 3.529287241654259777e-01, 9.602955229402374004e-02
1.569380913539536737e-01, 3.940884433146960575e-01, 3.529586025286191031e-01, 9.601486280273106855e-02
1.568974977613347699e-01, 3.941138532087305468e-01, 3.529884596160554056e-01, 9.600018941387933324e-02
1.568569214013260382e-01, 3.941392510545179695e-01, 3.530182954230530745e-01, 9.598553212110293165e-02
1.568163622768397603e-01, 3.941646368601863792e-01, 3.530481099449372384e-01, 9.597089091803664984e-02
1.567758203907805847e-01, 3.941900106338652177e-01, 3.530779031770390208e-01, 9.595626579831520453e-02
1.567352957460453056e-01, 3.942153723836845924e-01, 3.531076751146963177e-01, 9.594165675557382589e-02
1.566947883455230284e-01, 3.942407221177766652e-01, 3.531374257532524097e-01, 9.592706378344799389e-02
1.566542981920951427e-01, 3.942660598442738751e-01, 3.531671550880576271e-01, 9.591248687557331343e-02
1.566138252886353499e-01, 3.942913855713104931e-01, 3.531968631144682957e-01, 9.589792602558586121e-02
1.565733696380095519e-01, 3.943166993070212900e-01, 3.532265498278472915e-01, 9.588338122712178335e-02
1.565329312430761843e-01, 3.943420010595428682e-01, 3.532562152235631525e-01, 9.586885247381773945e-02
1.564925101066856894e-01, 3.943672908370125518e-01, 3.532858592969914668e-01, 9.585433975931045847e-02
1.564521062316808486e-01, 3.943925686475686088e-01, 3.533154820435133736e-01, 9.583984307723705798e-02
1.564117196208969773e-01, 3.944178344993510277e-01, 3.533450834585170064e-01, 9.582536242123493309e-02
1.563713502771614527e-01, 3.944430884005004634e-01, 3.533746635373962164e-01, 9.581089778494188136e-02
1.563309982032940471e-01, 3.944683303591587364e-01, 3.534042222755513496e-01, 9.579644916199585303e-02
1.562906634021068719e-01, 3.944935603834687776e-01, 3.534337596683892468e-01, 9.578201654603507587e-02
1.562503458764044062e-01, 3.945187784815745169e-01, 3.534632757113227997e-01, 9.576759993069829113e-02
1.562100456289832739e-01, 3.945439846616214941e-01, 3.534927703997709503e-01, 9.575319930962440662e-02
1.561697626626326607e-01, 3.945691789317551934e-01, 3.535222437291595798e-01, 9.573881467645266319e-02
1.561294969801338139e-01, 3.945943613001234307e-01, 3.535516956949201761e-01, 9.572444602482256537e-02
1.560892485842605426e-01, 3.946195317748744102e-01, 3.535811262924908882e-01, 9.571009334837410343e-02
1.560490174777789674e-01, 3.946446903641571691e-01, 3.536105355173163045e-01, 9.569575664074751742e-02
1.560088036634474096e-01, 3.946698370761223540e-01, 3.536399233648467866e-01, 9.568143589558331108e-02
1.559686071440166688e-01, 3.946949719189215000e-01, 3.536692898305394128e-01, 9.566713110652239060e-02
1.559284279222299119e-01, 3.947200949007066972e-01, 3.536986349098573124e-01, 9.565284226720603689e-02
1.558882660008224785e-01, 3.947452060296315346e-01, 3.537279585982702201e-01, 9.563856937127583613e-02
1.558481213825222145e-01, 3.947703053138505447e-01, 3.537572608912535332e-01, 9.562431241237366597e-02
1.558079940700493327e-01, 3.947953927615189818e-01, 3.537865417842896987e-01, 9.561007138414186202e-02
1.557678840661164410e-01, 3.948204683807934878e-01, 3.538158012728669921e-01, 9.559584628022309294e-02
1.557277913734283481e-01, 3.948455321798313711e-01, 3.538450393524800175e-01, 9.558163709426030497e-02
1.556877159946823685e-01, 3.948705841667909944e-01, 3.538742560186297625e-01, 9.556744381989687454e-02
1.556476579325682119e-01, 3.948956243498317198e-01, 3.539034512668235988e-01, 9.555326645077653891e-02
1.556076171897678995e-01, 3.949206527371139641e-01, 3.539326250925747264e-01, 9.553910498054343781e-02
1.555675937689557642e-01, 3.949456693367988103e-01, 3.539617774914032844e-01, 9.552495940284200238e-02
1.555275876727988671e-01, 3.949706741570486179e-01, 3.539909084588353516e-01, 9.551082971131716337e-02
1.554875989039562201e-01, 3.949956672060264684e-01, 3.540200179904030575e-01, 9.549671589961415685e-02
1.554476274650795076e-01, 3.950206484918964978e-01, 3.540491060816454150e-01, 9.548261796137853807e-02
1.554076733588127812e-01, 3.950456180228236747e-01, 3.540781727281070990e-01, 9.546853589025643128e-02
1.553677365877923489e-01, 3.950705758069736895e-01, 3.541072179253397789e-01, 9.545446967989416887e-02
1.553278171546471353e-01, 3.950955218525136203e-01, 3.541362416689007309e-01, 9.544041932393856897e-02
1.552879150619983772e-01, 3.951204561676109339e-01, 3.541652439543538367e-01, 9.542638481603692158e-02
1.552480303124595951e-01, 3.951453787604343182e-01, 3.541942247772693064e-01, 9.541236614983673869e-02
1.552081629086370651e-01, 3.951702896391531827e-01, 3.542231841332236786e-01, 9.539836331898615684e-02
1.551683128531291811e-01, 3.951951888119378253e-01, 3.542521220177993757e-01, 9.538437631713356235e-02
1.551284801485268705e-01, 3.952200762869594319e-01, 3.542810384265859258e-01, 9.537040513792781338e-02
1.550886647974135113e-01, 3.952449520723902432e-01, 3.543099333551781305e-01, 9.535644977501817054e-02
1.550488668023649041e-01, 3.952698161764028328e-01, 3.543388067991778412e-01, 9.534251022205442183e-02
1.550090861659493280e-01, 3.952946686071710514e-01, 3.543676587541931267e-01, 9.532858647268654950e-02
1.549693228907273179e-01, 3.953195093728695264e-01, 3.543964892158379398e-01, 9.531467852056527135e-02
1.549295769792521926e-01, 3.953443384816734962e-01, 3.544252981797328950e-01, 9.530078635934149944e-02
1.548898484340693882e-01, 3.953691559417591983e-01, 3.544540856415047680e-01, 9.528690998266663159e-02
1.548501372577170132e-01, 3.953939617613038138e-01, 3.544828515967866078e-01, 9.527304938419262070e-02
1.548104434527255713e-01, 3.954187559484849124e-01, 3.545115960412177913e-01, 9.525920455757173888e-02
1.547707670216179610e-01, 3.954435385114811186e-01, 3.545403189704442459e-01, 9.524537549645677170e-02
1.547311079669096701e-01, 3.954683094584717784e-01, 3.545690203801176721e-01, 9.523156219450087945e-02
1.546914662911085536e-01, 3.954930687976371262e-01, 3.545977002658964317e-01, 9.521776464535786078e-02
1.546518419967150282e-01, 3.955178165371581178e-01, 3.546263586234451592e-01, 9.520398284268175026e-02
1.546122350862218775e-01, 3.955425526852162088e-01, 3.546549954484346512e-01, 9.519021678012719312e-02
1.545726455621145023e-01, 3.955672772499940204e-01, 3.546836107365421986e-01, 9.517646645134922312e-02
1.545330734268706985e-01, 3.955919902396747290e-01, 3.547122044834512544e-01, 9.516273185000342916e-02
1.544935186829608231e-01, 3.956166916624420105e-01, 3.547407766848514332e-01, 9.514901296974573319e-02
1.544539813328475730e-01, 3.956413815264806511e-01, 3.547693273364390110e-01, 9.513530980423272332e-02
1.544144613789864007e-01, 3.956660598399760476e-01, 3.547978564339162588e-01, 9.512162234712127906e-02
1.543749588238249870e-01, 3.956907266111140964e-01, 3.548263639729919428e-01, 9.510795059206886282e-02
1.543354736698037410e-01, 3.957153818480818042e-01, 3.548548499493809349e-01, 9.509429453273351984e-02
1.542960059193554390e-01, 3.957400255590662885e-01, 3.548833143588046024e-01, 9.508065416277354520e-02
1.542565555749054462e-01, 3.957646577522559994e-01, 3.549117571969905294e-01, 9.506702947584792784e-02
1.542171226388716343e-01, 3.957892784358396643e-01, 3.549401784596725173e-01, 9.505342046561610081e-02
1.541777071136643529e-01, 3.958138876180067323e-01, 3.549685781425909181e-01, 9.503982712573796898e-02
1.541383090016865132e-01, 3.958384853069473741e-01, 3.549969562414921898e-01, 9.502624944987396460e-02
1.540989283053335324e-01, 3.958630715108525377e-01, 3.550253127521289520e-01, 9.501268743168503339e-02
1.540595650269934724e-01, 3.958876462379133931e-01, 3.550536476702604860e-01, 9.499914106483263454e-02
1.540202191690467626e-01, 3.959122094963224425e-01, 3.550819609916521236e-01, 9.498561034297865746e-02
1.539808907338664212e-01, 3.959367612942721326e-01, 3.551102527120758023e-01, 9.497209525978571321e-02
1.539415797238182226e-01, 3.959613016399558538e-01, 3.551385228273091221e-01, 9.495859580891671814e-02
1.539022861412601140e-01, 3.959858305415677182e-01, 3.551667713331367882e-01, 9.494511198403522700e-02
1.538630099885429092e-01, 3.960103480073022819e-01, 3.551949982253494453e-01, 9.493164377880529414e-02
1.538237512680098729e-01, 3.960348540453547672e-01, 3.552232034997437893e-01, 9.491819118689154289e-02
1.537845099819968031e-01, 3.960593486639207850e-01, 3.552513871521232880e-01, 9.490475420195906842e-02
1.537452861328320874e-01, 3.960838318711970008e-01, 3.552795491782974602e-01, 9.489133281767356265e-02
1.537060797228366471e-01, 3.961083036753799136e-01, 3.553076895740821528e-01, 9.487792702770120323e-02
1.536668907543240481e-01, 3.961327640846675213e-01, 3.553358083352995966e-01, 9.486453682570876456e-02
1.536277192296004179e-01, 3.961572131072576552e-01, 3.553639054577782952e-01, 9.485116220536354836e-02
1.535885651509644179e-01, 3.961816507513489793e-01, 3.553919809373531913e-01, 9.483780316033342539e-02
1.535494285207074094e-01, 3.962060770251406572e-01, 3.554200347698651674e-01, 9.482445968428680760e-02
1.535103093411130937e-01, 3.962304919368323519e-01, 3.554480669511618784e-01, 9.481113177089263433e-02
1.534712076144580939e-01, 3.962548954946245594e-01, 3.554760774770968634e-01, 9.479781941382045551e-02
1.534321233430113174e-01, 3.962792877067178865e-01, 3.555040663435304338e-01, 9.478452260674037622e-02
1.533930565290345382e-01, 3.963036685813134952e-01, 3.555320335463288406e-01, 9.477124134332307048e-02
1.533540071747819811e-01, 3.963280381266133801e-01, 3.555599790813648298e-01, 9.475797561723975360e-02
1.533149752825004875e-01, 3.963523963508197578e-01, 3.555879029445175310e-01, 9.474472542216225146e-02
1.532759608544295715e-01, 3.963767432621354558e-01, 3.556158051316721247e-01, 9.473149075176294509e-02
1.532369638928013089e-01, 3.964010788687635234e-01, 3.556436856387203416e-01, 9.471827159971486776e-02
1.531979843998404756e-01, 3.964254031789080090e-01, 3.556715444615600186e-01, 9.470506795969155234e-02
1.531590223777643256e-01, 3.964497162007729059e-01, 3.556993815960956540e-01, 9.469187982536705905e-02
1.531200778287829800e-01, 3.964740179425629840e-01, 3.557271970382377413e-01, 9.467870719041621141e-02
1.530811507550989270e-01, 3.964983084124834023e-01, 3.557549907839033243e-01, 9.466555004851434640e-02
1.530422411589073828e-01, 3.965225876187395970e-01, 3.557827628290157196e-01, 9.465240839333737000e-02
1.530033490423963749e-01, 3.965468555695376707e-01, 3.558105131695042389e-01, 9.463928221856181267e-02
1.529644744077462426e-01, 3.965711122730839477e-01, 3.558382418013048554e-01, 9.462617151786481551e-02
1.529256172571303862e-01, 3.965953577375853634e-01, 3.558659487203600924e-01, 9.461307628492413024e-02
1.528867775927144623e-01, 3.966195919712491302e-01, 3.558936339226182466e-01, 9.459999651341810534e-02
1.528479554166570775e-01, 3.966438149822830717e-01, 3.559212974040341093e-01, 9.458693219702574151e-02
1.528091507311092612e-01, 3.966680267788949554e-01, 3.559489391605692443e-01, 9.457388332942652520e-02
1.527703635382149094e-01, 3.966922273692934375e-01, 3.559765591881908220e-01, 9.456084990430076165e-02
1.527315938401105078e-01, 3.967164167616875070e-01, 3.560041574828729516e-01, 9.454783191532924180e-02
1.526928416389251031e-01, 3.967405949642859309e-01, 3.560317340405955155e-01, 9.453482935619338112e-02
1.526541069367806924e-01, 3.967647619852986418e-01, 3.560592888573454462e-01, 9.452184222057533058e-02
1.526153897357915845e-01, 3.967889178329354061e-01, 3.560868219291152270e-01, 9.450887050215776852e-02
1.525766900380651769e-01, 3.968130625154066005e-01, 3.561143332519041693e-01, 9.449591419462402553e-02
1.525380078457012345e-01, 3.968371960409227683e-01, 3.561418228217178572e-01, 9.448297329165812608e-02
1.524993431607923333e-01, 3.968613184176948971e-01, 3.561692906345680365e-01, 9.447004778694467753e-02
1.524606959854237775e-01, 3.968854296539343074e-01, 3.561967366864730034e-01, 9.445713767416898110e-02
1.524220663216735161e-01, 3.969095297578525416e-01, 3.562241609734570491e-01, 9.444424294701689315e-02
1.523834541716121982e-01, 3.969336187376616421e-01, 3.562515634915511820e-01, 9.443136359917503331e-02
1.523448595373032843e-01, 3.969576966015735953e-01, 3.562789442367925163e-01, 9.441849962433065957e-02
1.523062824208027410e-01, 3.969817633578010541e-01, 3.563063032052244949e-01, 9.440565101617157118e-02
1.522677228241594849e-01, 3.970058190145568933e-01, 3.563336403928972218e-01, 9.439281776838638616e-02
1.522291807494150218e-01, 3.970298635800540432e-01, 3.563609557958667406e-01, 9.437999987466427765e-02
1.521906561986035578e-01, 3.970538970625060449e-01, 3.563882494101953124e-01, 9.436719732869511268e-02
1.521521491737521381e-01, 3.970779194701261061e-01, 3.564155212319523591e-01, 9.435441012416941053e-02
1.521136596768804250e-01, 3.971019308111286006e-01, 3.564427712572126317e-01, 9.434163825477841214e-02
1.520751877100008920e-01, 3.971259310937273468e-01, 3.564699994820578199e-01, 9.432888171421398293e-02
1.520367332751186851e-01, 3.971499203261369404e-01, 3.564972059025757756e-01, 9.431614049616872386e-02
1.519982963742317339e-01, 3.971738985165715330e-01, 3.565243905148608450e-01, 9.430341459433581874e-02
1.519598770093307794e-01, 3.971978656732465529e-01, 3.565515533150134808e-01, 9.429070400240928407e-02
1.519214751823992349e-01, 3.972218218043765403e-01, 3.565786942991405750e-01, 9.427800871408362204e-02
1.518830908954131864e-01, 3.972457669181769790e-01, 3.566058134633555698e-01, 9.426532872305420918e-02
1.518447241503416978e-01, 3.972697010228631309e-01, 3.566329108037781248e-01, 9.425266402301704649e-02
1.518063749491463665e-01, 3.972936241266510349e-01, 3.566599863165338946e-01, 9.424001460766874561e-02
1.517680432937817681e-01, 3.973175362377560083e-01, 3.566870399977554729e-01, 9.422738047070672307e-02
1.517297291861951225e-01, 3.973414373643943676e-01, 3.567140718435814484e-01, 9.421476160582914483e-02
1.516914326283263781e-01, 3.973653275147823183e-01, 3.567410818501566827e-01, 9.420215800673474582e-02
1.516531536221083776e-01, 3.973892066971359549e-01, 3.567680700136326433e-01, 9.418956966712296874e-02
1.516148921694667195e-01, 3.974130749196719825e-01, 3.567950363301671812e-01, 9.417699658069415836e-02
1.515766482723197861e-01, 3.974369321906070507e-01, 3.568219807959241430e-01, 9.416443874114910351e-02
1.515384219325786874e-01, 3.974607785181578090e-01, 3.568489034070740917e-01, 9.415189614218952285e-02
1.515002131521473727e-01, 3.974846139105412957e-01, 3.568758041597937525e-01, 9.413936877751773180e-02
1.514620219329226025e-01, 3.975084383759744378e-01, 3.569026830502662340e-01, 9.412685664083679515e-02
1.514238482767939487e-01, 3.975322519226743845e-01, 3.569295400746811953e-01, 9.411435972585054099e-02
1.513856921856437665e-01, 3.975560545588585071e-01, 3.569563752292341241e-01, 9.410187802626349129e-02
1.513475536613472783e-01, 3.975798462927443433e-01, 3.569831885101275026e-01, 9.408941153578086192e-02
1.513094327057723509e-01, 3.976036271325488758e-01, 3.570099799135700303e-01, 9.407696024810871527e-02
1.512713293207799403e-01, 3.976273970864900309e-01, 3.570367494357762350e-01, 9.406452415695371050e-02
1.512332435082235638e-01, 3.976511561627852909e-01, 3.570634970729679170e-01, 9.405210325602333943e-02
1.511951752699496887e-01, 3.976749043696523600e-01, 3.570902228213721497e-01, 9.403969753902574613e-02
1.511571246077976494e-01, 3.976986417153089426e-01, 3.571169266772233897e-01, 9.402730699966996286e-02
1.511190915235995635e-01, 3.977223682079729650e-01, 3.571436086367620333e-01, 9.401493163166561862e-02
1.510810760191803326e-01, 3.977460838558620759e-01, 3.571702686962344164e-01, 9.400257142872316118e-02
1.510430780963577524e-01, 3.977697886671944238e-01, 3.571969068518939805e-01, 9.399022638455380163e-02
1.510050977569425135e-01, 3.977934826501878240e-01, 3.572235231000001621e-01, 9.397789649286945879e-02
1.509671350027381176e-01, 3.978171658130600918e-01, 3.572501174368189480e-01, 9.396558174738281477e-02
1.509291898355409334e-01, 3.978408381640293756e-01, 3.572766898586223205e-01, 9.395328214180742599e-02
1.508912622571401130e-01, 3.978644997113135462e-01, 3.573032403616889785e-01, 9.394099766985737621e-02
1.508533522693177309e-01, 3.978881504631306965e-01, 3.573297689423038381e-01, 9.392872832524776228e-02
1.508154598738487284e-01, 3.979117904276986417e-01, 3.573562755967584215e-01, 9.391647410169427779e-02
1.507775850725009970e-01, 3.979354196132353638e-01, 3.573827603213500792e-01, 9.390423499291347675e-02
1.507397278670351004e-01, 3.979590380279588446e-01, 3.574092231123834340e-01, 9.389201099262264871e-02
1.507018882592046916e-01, 3.979826456800869550e-01, 3.574356639661684931e-01, 9.387980209453988811e-02
1.506640662507561235e-01, 3.980062425778373991e-01, 3.574620828790224247e-01, 9.386760829238398329e-02
1.506262618434287548e-01, 3.980298287294282145e-01, 3.574884798472683367e-01, 9.385542957987469403e-02
1.505884750389549220e-01, 3.980534041430770498e-01, 3.575148548672357762e-01, 9.384326595073229360e-02
1.505507058390595510e-01, 3.980769688270016093e-01, 3.575412079352608408e-01, 9.383111739867809609e-02
1.505129542454607117e-01, 3.981005227894194864e-01, 3.575675390476857896e-01, 9.381898391743402621e-02
1.504752202598693411e-01, 3.981240660385482744e-01, 3.575938482008593766e-01, 9.380686550072288299e-02
1.504375038839893541e-01, 3.981475985826054553e-01, 3.576201353911369063e-01, 9.379476214226831199e-02
1.503998051195172825e-01, 3.981711204298084006e-01, 3.576464006148798447e-01, 9.378267383579458327e-02
1.503621239681428301e-01, 3.981946315883742038e-01, 3.576726438684560971e-01, 9.377060057502689672e-02
1.503244604315485955e-01, 3.982181320665202362e-01, 3.576988651482398973e-01, 9.375854235369127099e-02
1.502868145114100717e-01, 3.982416218724634249e-01, 3.577250644506120292e-01, 9.374649916551447415e-02
1.502491862093955910e-01, 3.982651010144208081e-01, 3.577512417719595494e-01, 9.373447100422406530e-02
1.502115755271665187e-01, 3.982885695006089244e-01, 3.577773971086759541e-01, 9.372245786354849173e-02
1.501739824663771428e-01, 3.983120273392448674e-01, 3.578035304571610675e-01, 9.371045973721690847e-02
1.501364070286746455e-01, 3.983354745385446205e-01, 3.578296418138213197e-01, 9.369847661895938651e-02
1.500988492156992149e-01, 3.983589111067248889e-01, 3.578557311750690806e-01, 9.368650850250674622e-02
1.500613090290838225e-01, 3.983823370520017115e-01, 3.578817985373237698e-01, 9.367455538159059902e-02
1.500237864704546120e-01, 3.984057523825911273e-01, 3.579078438970105802e-01, 9.366261724994351390e-02
1.499862815414305661e-01, 3.984291571067092863e-01, 3.579338672505613661e-01, 9.365069410129873984e-02
1.499487942436236454e-01, 3.984525512325713947e-01, 3.579598685944146430e-01, 9.363878592939044176e-02
1.499113245786387327e-01, 3.984759347683931030e-01, 3.579858479250145886e-01, 9.362689272795356177e-02
1.498738725480736611e-01, 3.984993077223896174e-01, 3.580118052388128191e-01, 9.361501449072387460e-02
1.498364381535193246e-01, 3.985226701027760332e-01, 3.580377405322665574e-01, 9.360315121143807093e-02
1.497990213965595674e-01, 3.985460219177672792e-01, 3.580636538018396875e-01, 9.359130288383360474e-02
1.497616222787711004e-01, 3.985693631755777289e-01, 3.580895450440024219e-01, 9.357946950164870714e-02
1.497242408017238069e-01, 3.985926938844221445e-01, 3.581154142552315234e-01, 9.356765105862263621e-02
1.496868769669802979e-01, 3.986160140525141227e-01, 3.581412614320101384e-01, 9.355584754849528839e-02
1.496495307760964955e-01, 3.986393236880682034e-01, 3.581670865708277973e-01, 9.354405896500761486e-02
1.496122022306209665e-01, 3.986626227992976501e-01, 3.581928896681801366e-01, 9.353228530190119128e-02
1.495748913320955886e-01, 3.986859113944158928e-01, 3.582186707205699538e-01, 9.352052655291857863e-02
1.495375980820550510e-01, 3.987091894816360838e-01, 3.582444297245055420e-01, 9.350878271180326773e-02
1.495003224820270482e-01, 3.987324570691710424e-01, 3.582701666765024662e-01, 9.349705377229935999e-02
1.494630645335323915e-01, 3.987557141652333104e-01, 3.582958815730821200e-01, 9.348533972815209481e-02
1.494258242380848700e-01, 3.987789607780353185e-01, 3.583215744107725031e-01, 9.347364057310739160e-02
1.493886015971911674e-01, 3.988021969157886648e-01, 3.583472451861080543e-01, 9.346195630091204409e-02
1.493513966123511671e-01, 3.988254225867053915e-01, 3.583728938956295962e-01, 9.345028690531387294e-02
1.493142092850576197e-01, 3.988486377989966525e-01, 3.583985205358845016e-01, 9.343863238006130945e-02
1.492770396167963920e-01, 3.988718425608733242e-01, 3.584241251034264719e-01, 9.342699271890383961e-02
1.492398876090464677e-01, 3.988950368805463387e-01, 3.584497075948154254e-01, 9.341536791559180986e-02
1.492027532632796416e-01, 3.989182207662258506e-01, 3.584752680066181640e-01, 9.340375796387638541e-02
1.491656365809609086e-01, 3.989413942261220702e-01, 3.585008063354074848e-01, 9.339216285750959190e-02
1.491285375635482968e-01, 3.989645572684444308e-01, 3.585263225777629015e-01, 9.338058259024444030e-02
1.490914562124928400e-01, 3.989877099014023654e-01, 3.585518167302701453e-01, 9.336901715583469097e-02
1.490543925292386884e-01, 3.990108521332046410e-01, 3.585772887895215533e-01, 9.335746654803510347e-02
1.490173465152228593e-01, 3.990339839720599691e-01, 3.586027387521158460e-01, 9.334593076060127004e-02
1.489803181718757363e-01, 3.990571054261763395e-01, 3.586281666146581837e-01, 9.333440978728967108e-02
1.489433075006205698e-01, 3.990802165037616311e-01, 3.586535723737601100e-01, 9.332290362185764743e-02
1.489063145028735602e-01, 3.991033172130232232e-01, 3.586789560260396637e-01, 9.331141225806349748e-02
1.488693391800443300e-01, 3.991264075621678842e-01, 3.587043175681213225e-01, 9.329993568966642170e-02
1.488323815335352296e-01, 3.991494875594023273e-01, 3.587296569966359483e-01, 9.328847391042642545e-02
1.487954415647419204e-01, 3.991725572129326549e-01, 3.587549743082209530e-01, 9.327702691410452718e-02
1.487585192750530139e-01, 3.991956165309645255e-01, 3.587802694995198549e-01, 9.326559469446252248e-02
1.487216146658502935e-01, 3.992186655217030977e-01, 3.588055425671832777e-01, 9.325417724526322005e-02
1.486847277385086041e-01, 3.992417041933534194e-01, 3.588307935078676736e-01, 9.324277456027038613e-02
1.486478584943958237e-01, 3.992647325541194836e-01, 3.588560223182362674e-01, 9.323138663324846698e-02
1.486110069348729468e-01, 3.992877506122055054e-01, 3.588812289949585010e-01, 9.322001345796299132e-02
1.485741730612942513e-01, 3.993107583758147561e-01, 3.589064135347105333e-01, 9.320865502818047321e-02
1.485373568750068263e-01, 3.993337558531501741e-01, 3.589315759341747403e-01, 9.319731133766809283e-02
1.485005583773511828e-01, 3.993567430524143647e-01, 3.589567161900402703e-01, 9.318598238019423774e-02
1.484637775696606432e-01, 3.993797199818089894e-01, 3.589818342990024891e-01, 9.317466814952796161e-02
1.484270144532618407e-01, 3.994026866495359318e-01, 3.590069302577629240e-01, 9.316336863943941449e-02
1.483902690294744975e-01, 3.994256430637957989e-01, 3.590320040630301524e-01, 9.315208384369955130e-02
1.483535412996113967e-01, 3.994485892327893084e-01, 3.590570557115188577e-01, 9.314081375608035396e-02
1.483168312649786325e-01, 3.994715251647162346e-01, 3.590820851999504404e-01, 9.312955837035474804e-02
1.482801389268751935e-01, 3.994944508677760187e-01, 3.591070925250524626e-01, 9.311831768029639467e-02
1.482434642865933239e-01, 3.995173663501673800e-01, 3.591320776835592032e-01, 9.310709167968013455e-02
1.482068073454184121e-01, 3.995402716200889270e-01, 3.591570406722111586e-01, 9.309588036228154395e-02
1.481701681046289354e-01, 3.995631666857382136e-01, 3.591819814877554307e-01, 9.308468372187732320e-02
1.481335465654967376e-01, 3.995860515553125714e-01, 3.592069001269457829e-01, 9.307350175224493594e-02
1.480969427292865293e-01, 3.996089262370085549e-01, 3.592317965865420848e-01, 9.306233444716287273e-02
1.480603565972562485e-01, 3.996317907390222191e-01, 3.592566708633109229e-01, 9.305118180041060949e-02
1.480237881706571446e-01, 3.996546450695490638e-01, 3.592815229540253230e-01, 9.304004380576848254e-02
1.479872374507334443e-01, 3.996774892367840337e-01, 3.593063528554646946e-01, 9.302892045701775803e-02
1.479507044387226855e-01, 3.997003232489215185e-01, 3.593311605644149975e-01, 9.301781174794077067e-02
1.479141891358555783e-01, 3.997231471141548531e-01, 3.593559460776687975e-01, 9.300671767232074338e-02
1.478776915433558659e-01, 3.997459608406775389e-01, 3.593807093920247664e-01, 9.299563822394180113e-02
1.478412116624406580e-01, 3.997687644366817450e-01, 3.594054505042886261e-01, 9.298457339658910970e-02
1.478047494943200146e-01, 3.997915579103593076e-01, 3.594301694112718160e-01, 9.297352318404870919e-02
1.477683050401974729e-01, 3.998143412699017851e-01, 3.594548661097931586e-01, 9.296248758010768054e-02
1.477318783012695202e-01, 3.998371145234990709e-01, 3.594795405966773050e-01, 9.295146657855402061e-02
1.476954692787260104e-01, 3.998598776793417242e-01, 3.595041928687555122e-01, 9.294046017317665609e-02
1.476590779737498860e-01, 3.998826307456185836e-01, 3.595288229228659205e-01, 9.292946835776563774e-02
1.476227043875173728e-01, 3.999053737305184320e-01, 3.595534307558525544e-01, 9.291849112611176575e-02
1.475863485211978132e-01, 3.999281066422289421e-01, 3.595780163645663219e-01, 9.290752847200689502e-02
1.475500103759538884e-01, 3.999508294889375648e-01, 3.596025797458646256e-01, 9.289658038924390737e-02
1.475136899529413681e-01, 3.999735422788305850e-01, 3.596271208966113631e-01, 9.288564687161665612e-02
1.474773872533092778e-01, 3.999962450200942321e-01, 3.596516398136766490e-01, 9.287472791291985497e-02
1.474411022782000091e-01, 4.000189377209132924e-01, 3.596761364939374261e-01, 9.286382350694930010e-02
1.474048350287489040e-01, 4.000416203894722189e-01, 3.597006109342770763e-01, 9.285293364750177303e-02
1.473685855060848093e-01, 4.000642930339548542e-01, 3.597250631315853098e-01, 9.284205832837497119e-02
1.473323537113296611e-01, 4.000869556625441525e-01, 3.597494930827586090e-01, 9.283119754336760510e-02
1.472961396455986227e-01, 4.001096082834222911e-01, 3.597739007846997850e-01, 9.282035128627935672e-02
1.472599433100002242e-01, 4.001322509047706699e-01, 3.597982862343181987e-01, 9.280951955091093497e-02
1.472237647056361398e-01, 4.001548835347701893e-01, 3.598226494285296506e-01, 9.279870233106395083e-02
1.471876038336013548e-01, 4.001775061816008616e-01, 3.598469903642566581e-01, 9.278789962054118101e-02
1.471514606949839710e-01, 4.002001188534417553e-01, 3.598713090384281776e-01, 9.277711141314619325e-02
1.471153352908655398e-01, 4.002227215584714948e-01, 3.598956054479793831e-01, 9.276633770268362389e-02
1.470792276223207851e-01, 4.002453143048677053e-01, 3.599198795898523873e-01, 9.275557848295913621e-02
1.470431376904177412e-01, 4.002678971008071795e-01, 3.599441314609956866e-01, 9.274483374777942046e-02
1.470070654962175871e-01, 4.002904699544662104e-01, 3.599683610583641058e-01, 9.273410349095205507e-02
1.469710110407749237e-01, 4.003130328740199251e-01, 3.599925683789194641e-01, 9.272338770628571480e-02
1.469349743251376073e-01, 4.003355858676427848e-01, 3.600167534196296315e-01, 9.271268638759001812e-02
1.468989553503466661e-01, 4.003581289435084734e-01, 3.600409161774691391e-01, 9.270199952867562432e-02
1.468629541174365782e-01, 4.003806621097900087e-01, 3.600650566494191240e-01, 9.269132712335423352e-02
1.468269706274350217e-01, 4.004031853746593539e-01, 3.600891748324673292e-01, 9.268066916543847567e-02
1.467910048813628465e-01, 4.004256987462874173e-01, 3.601132707236076591e-01, 9.267002564874197990e-02
1.467550568802344912e-01, 4.004482022328447743e-01, 3.601373443198410684e-01, 9.265939656707954108e-02
1.467191266250575110e-01, 4.004706958425008900e-01, 3.601613956181748399e-01, 9.264878191426684229e-02
1.466832141168326886e-01, 4.004931795834242858e-01, 3.601854246156224737e-01, 9.263818168412049636e-02
1.466473193565543676e-01, 4.005156534637826504e-01, 3.602094313092045752e-01, 9.262759587045839293e-02
1.466114423452099524e-01, 4.005381174917429510e-01, 3.602334156959479117e-01, 9.261702446709917103e-02
1.465755830837802975e-01, 4.005605716754710444e-01, 3.602573777728859672e-01, 9.260646746786264927e-02
1.465397415732395958e-01, 4.005830160231321768e-01, 3.602813175370585541e-01, 9.259592486656968713e-02
1.465039178145552956e-01, 4.006054505428903734e-01, 3.603052349855123127e-01, 9.258539665704201838e-02
1.464681118086881562e-01, 4.006278752429089929e-01, 3.603291301153004333e-01, 9.257488283310255639e-02
1.464323235565924697e-01, 4.006502901313502840e-01, 3.603530029234821574e-01, 9.256438338857514436e-02
1.463965530592155340e-01, 4.006726952163758848e-01, 3.603768534071238872e-01, 9.255389831728473571e-02
1.463608003174982908e-01, 4.006950905061459900e-01, 3.604006815632985194e-01, 9.254342761305724141e-02
1.463250653323748540e-01, 4.007174760088204613e-01, 3.604244873890850576e-01, 9.253297126971962716e-02
1.462893481047727318e-01, 4.007398517325578835e-01, 3.604482708815694991e-01, 9.252252928109994112e-02
1.462536486356128262e-01, 4.007622176855157869e-01, 3.604720320378442810e-01, 9.251210164102721678e-02
1.462179669258093229e-01, 4.007845738758509246e-01, 3.604957708550082240e-01, 9.250168834333151457e-02
1.461823029762698567e-01, 4.008069203117191615e-01, 3.605194873301670322e-01, 9.249128938184399129e-02
1.461466567878953182e-01, 4.008292570012749745e-01, 3.605431814604328489e-01, 9.248090475039681679e-02
1.461110283615800753e-01, 4.008515839526725077e-01, 3.605668532429242568e-01, 9.247053444282317403e-02
1.460754176982118069e-01, 4.008739011740644065e-01, 3.605905026747665554e-01, 9.246017845295734228e-02
1.460398247986715581e-01, 4.008962086736022612e-01, 3.606141297530916501e-01, 9.244983677463461391e-02
1.460042496638337683e-01, 4.009185064594369963e-01, 3.606377344750378300e-01, 9.243950940169133601e-02
1.459686922945662990e-01, 4.009407945397185369e-01, 3.606613168377502676e-01, 9.242919632796489648e-02
1.459331526917303778e-01, 4.009630729225956425e-01, 3.606848768383802417e-01, 9.241889754729377959e-02
1.458976308561805713e-01, 4.009853416162157957e-01, 3.607084144740861920e-01, 9.240861305351749655e-02
1.458621267887649231e-01, 4.010076006287258688e-01, 3.607319297420326643e-01, 9.239834284047653001e-02
1.458266404903248714e-01, 4.010298499682713458e-01, 3.607554226393912544e-01, 9.238808690201261165e-02
1.457911719616950819e-01, 4.010520896429970450e-01, 3.607788931633395535e-01, 9.237784523196826414e-02
1.457557212037038918e-01, 4.010743196610463968e-01, 3.608023413110623134e-01, 9.236761782418735633e-02
1.457202882171728942e-01, 4.010965400305621098e-01, 3.608257670797503924e-01, 9.235740467251463137e-02
1.456848730029171590e-01, 4.011187507596850610e-01, 3.608491704666018651e-01, 9.234720577079592874e-02
1.456494755617450676e-01, 4.011409518565559607e-01, 3.608725514688206903e-01, 9.233702111287822589e-02
1.456140958944586172e-01, 4.011631433293140758e-01, 3.608959100836179323e-01, 9.232685069260938848e-02
1.455787340018529774e-01, 4.011853251860974523e-01, 3.609192463082109836e-01, 9.231669450383860054e-02
1.455433898847170449e-01, 4.012074974350430256e-01, 3.609425601398240646e-01, 9.230655254041592039e-02
1.455080635438328607e-01, 4.012296600842868433e-01, 3.609658515756877795e-01, 9.229642479619253048e-02
1.454727549799760822e-01, 4.012518131419638423e-01, 3.609891206130394492e-01, 9.228631126502072346e-02
1.454374641939157886e-01, 4.012739566162072946e-01, 3.610123672491231672e-01, 9.227621194075381894e-02
1.454021911864143701e-01, 4.012960905151501945e-01, 3.610355914811892442e-01, 9.226612681724616349e-02
1.453669359582278886e-01, 4.013182148469236488e-01, 3.610587933064949850e-01, 9.225605588835333881e-02
1.453316985101057168e-01, 4.013403296196582648e-01, 3.610819727223041342e-01, 9.224599914793189803e-02
1.452964788427907050e-01, 4.013624348414829845e-01, 3.611051297258869308e-01, 9.223595658983943513e-02
1.452612769570191531e-01, 4.013845305205254177e-01, 3.611282643145206084e-01, 9.222592820793472368e-02
1.452260928535209217e-01, 4.014066166649127854e-01, 3.611513764854887287e-01, 9.221591399607752260e-02
1.451909265330191545e-01, 4.014286932827705878e-01, 3.611744662360814595e-01, 9.220591394812877040e-02
1.451557779962305839e-01, 4.014507603822231596e-01, 3.611975335635958517e-01, 9.219592805795036317e-02
1.451206472438654749e-01, 4.014728179713938361e-01, 3.612205784653351737e-01, 9.218595631940544599e-02
1.450855342766274592e-01, 4.014948660584046203e-01, 3.612436009386097990e-01, 9.217599872635809377e-02
1.450504390952137568e-01, 4.015169046513763496e-01, 3.612666009807363188e-01, 9.216605527267360265e-02
1.450153617003149542e-01, 4.015389337584283069e-01, 3.612895785890384293e-01, 9.215612595221822634e-02
1.449803020926152541e-01, 4.015609533876792758e-01, 3.613125337608459886e-01, 9.214621075885948143e-02
1.449452602727922257e-01, 4.015829635472462633e-01, 3.613354664934956273e-01, 9.213630968646581432e-02
1.449102362415171097e-01, 4.016049642452451662e-01, 3.613583767843308592e-01, 9.212642272890686490e-02
1.448752299994544301e-01, 4.016269554897907712e-01, 3.613812646307015819e-01, 9.211654988005331390e-02
1.448402415472623550e-01, 4.016489372889961995e-01, 3.614041300299645210e-01, 9.210669113377692452e-02
1.448052708855926130e-01, 4.016709096509739063e-01, 3.614269729794826747e-01, 9.209684648395065343e-02
1.447703180150903823e-01, 4.016928725838347924e-01, 3.614497934766263687e-01, 9.208701592444851203e-02
1.447353829363942912e-01, 4.017148260956882044e-01, 3.614725915187719241e-01, 9.207719944914555255e-02
1.447004656501365560e-01, 4.017367701946427117e-01, 3.614953671033027116e-01, 9.206739705191799295e-02
1.446655661569429818e-01, 4.017587048888053847e-01, 3.615181202276084860e-01, 9.205760872664318917e-02
1.446306844574327677e-01, 4.017806301862816842e-01, 3.615408508890860517e-01, 9.204783446719945472e-02
1.445958205522186457e-01, 4.018025460951764605e-01, 3.615635590851384307e-01, 9.203807426746637987e-02
1.445609744419071585e-01, 4.018244526235925651e-01, 3.615862448131756945e-01, 9.202832812132460960e-02
1.445261461270981040e-01, 4.018463497796317951e-01, 3.616089080706141878e-01, 9.201859602265582971e-02
1.444913356083848133e-01, 4.018682375713948374e-01, 3.616315488548773605e-01, 9.200887796534294727e-02
1.444565428863543999e-01, 4.018901160069807688e-01, 3.616541671633949906e-01, 9.199917394326988240e-02
1.444217679615873162e-01, 4.019119850944873340e-01, 3.616767629936036288e-01, 9.198948395032172098e-02
1.443870108346576309e-01, 4.019338448420111676e-01, 3.616993363429465980e-01, 9.197980798038465911e-02
1.443522715061330008e-01, 4.019556952576471831e-01, 3.617218872088738824e-01, 9.197014602734597533e-02
1.443175499765746994e-01, 4.019775363494891840e-01, 3.617444155888420720e-01, 9.196049808509415557e-02
1.442828462465374217e-01, 4.019993681256295304e-01, 3.617669214803144184e-01, 9.195086414751864334e-02
1.442481603165695903e-01, 4.020211905941594721e-01, 3.617894048807608343e-01, 9.194124420851015889e-02
1.442134921872130215e-01, 4.020430037631682052e-01, 3.618118657876582267e-01, 9.193163826196047717e-02
1.441788418590033705e-01, 4.020648076407442040e-01, 3.618343041984899422e-01, 9.192204630176252500e-02
1.441442093324695750e-01, 4.020866022349742774e-01, 3.618567201107458220e-01, 9.191246832181029780e-02
1.441095946081343560e-01, 4.021083875539437913e-01, 3.618791135219228128e-01, 9.190290431599898446e-02
1.440749976865140503e-01, 4.021301636057368900e-01, 3.619014844295242450e-01, 9.189335427822484248e-02
1.440404185681184446e-01, 4.021519303984359417e-01, 3.619238328310605546e-01, 9.188381820238525344e-02
1.440058572534509695e-01, 4.021736879401220932e-01, 3.619461587240482281e-01, 9.187429608237872303e-02
1.439713137430087553e-01, 4.021954362388751036e-01, 3.619684621060110796e-01, 9.186478791210501982e-02
1.439367880372824648e-01, 4.022171753027733443e-01, 3.619907429744794181e-01, 9.185529368546488382e-02
1.439022801367562943e-01, 4.022389051398934101e-01, 3.620130013269901026e-01, 9.184581339636020691e-02
1.438677900419082223e-01, 4.022606257583107858e-01, 3.620352371610870423e-01, 9.183634703869408833e-02
1.438333177532096496e-01, 4.022823371660993463e-01, 3.620574504743201971e-01, 9.182689460637068202e-02
1.437988632711257875e-01, 4.023040393713315788e-01, 3.620796412642472428e-01, 9.181745609329536317e-02
1.437644265961153245e-01, 4.023257323820783049e-01, 3.621018095284319060e-01, 9.180803149337458946e-02
1.437300077286306488e-01, 4.023474162064088477e-01, 3.621239552644444637e-01, 9.179862080051592876e-02
1.436956066691178757e-01, 4.023690908523914755e-01, 3.621460784698625202e-01, 9.178922400862817021e-02
1.436612234180165426e-01, 4.023907563280922361e-01, 3.621681791422701746e-01, 9.177984111162117153e-02
1.436268579757599140e-01, 4.024124126415763447e-01, 3.621902572792578545e-01, 9.177047210340587291e-02
1.435925103427750094e-01, 4.024340598009070180e-01, 3.622123128784234258e-01, 9.176111697789457455e-02
1.435581805194823257e-01, 4.024556978141461960e-01, 3.622343459373709162e-01, 9.175177572900052037e-02
1.435238685062961150e-01, 4.024773266893544865e-01, 3.622563564537112923e-01, 9.174244835063811998e-02
1.434895743036242732e-01, 4.024989464345902768e-01, 3.622783444250624041e-01, 9.173313483672305979e-02
1.434552979118683402e-01, 4.025205570579110104e-01, 3.623003098490486518e-01, 9.172383518117199763e-02
1.434210393314234722e-01, 4.025421585673723546e-01, 3.623222527233012635e-01, 9.171454937790289585e-02
1.433867985626786079e-01, 4.025637509710285888e-01, 3.623441730454581289e-01, 9.170527742083474376e-02
1.433525756060162748e-01, 4.025853342769319387e-01, 3.623660708131639097e-01, 9.169601930388773803e-02
1.433183704618126719e-01, 4.026069084931339082e-01, 3.623879460240702621e-01, 9.168677502098322718e-02
1.432841831304376146e-01, 4.026284736276833365e-01, 3.624097986758352263e-01, 9.167754456604373936e-02
1.432500136122547840e-01, 4.026500296886285080e-01, 3.624316287661238367e-01, 9.166832793299285742e-02
1.432158619076213946e-01, 4.026715766840153754e-01, 3.624534362926079001e-01, 9.165912511575539934e-02
1.431817280168883877e-01, 4.026931146218884483e-01, 3.624752212529658291e-01, 9.164993610825733494e-02
1.431476119404003489e-01, 4.027146435102910704e-01, 3.624969836448828642e-01, 9.164076090442575817e-02
1.431135136784956741e-01, 4.027361633572642541e-01, 3.625187234660511293e-01, 9.163159949818888705e-02
1.430794332315064032e-01, 4.027576741708480679e-01, 3.625404407141693541e-01, 9.162245188347620251e-02
1.430453705997582758e-01, 4.027791759590803600e-01, 3.625621353869431518e-01, 9.161331805421833729e-02
1.430113257835705920e-01, 4.028006687299975908e-01, 3.625838074820849077e-01, 9.160419800434689563e-02
1.429772987832566844e-01, 4.028221524916346108e-01, 3.626054569973138353e-01, 9.159509172779492503e-02
1.429432895991233354e-01, 4.028436272520246608e-01, 3.626270839303555871e-01, 9.158599921849638892e-02
1.429092982314711657e-01, 4.028650930191992052e-01, 3.626486882789430877e-01, 9.157692047038655525e-02
1.428753246805943844e-01, 4.028865498011879320e-01, 3.626702700408158120e-01, 9.156785547740180220e-02
1.428413689467811776e-01, 4.029079976060189194e-01, 3.626918292137201738e-01, 9.155880423347971531e-02
1.428074310303132366e-01, 4.029294364417188579e-01, 3.627133657954088042e-01, 9.154976673255900421e-02
1.427735109314660633e-01, 4.029508663163124393e-01, 3.627348797836421057e-01, 9.154074296857948878e-02
1.427396086505088868e-01, 4.029722872378224685e-01, 3.627563711761864207e-01, 9.153173293548234890e-02
1.427057241877046356e-01, 4.029936992142703067e-01, 3.627778399708154744e-01, 9.152273662720972203e-02
1.426718575433100766e-01, 4.030151022536757610e-01, 3.627992861653091539e-01, 9.151375403770499461e-02
1.426380087175756761e-01, 4.030364963640565845e-01, 3.628207097574548956e-01, 9.150478516091280212e-02
1.426041777107457109e-01, 4.030578815534290871e-01, 3.628421107450464644e-01, 9.149582999077883472e-02
1.425703645230580185e-01, 4.030792578298074691e-01, 3.628634891258845641e-01, 9.148688852124998994e-02
1.425365691547444136e-01, 4.031006252012045432e-01, 3.628848448977766705e-01, 9.147796074627434493e-02
1.425027916060304101e-01, 4.031219836756311237e-01, 3.629061780585372543e-01, 9.146904665980118421e-02
1.424690318771352215e-01, 4.031433332610964149e-01, 3.629274886059873917e-01, 9.146014625578093027e-02
1.424352899682719553e-01, 4.031646739656077894e-01, 3.629487765379549868e-01, 9.145125952816522685e-02
1.424015658796473349e-01, 4.031860057971708433e-01, 3.629700418522749383e-01, 9.144238647090671690e-02
1.423678596114619777e-01, 4.032073287637893966e-01, 3.629912845467890281e-01, 9.143352707795952827e-02
1.423341711639103113e-01, 4.032286428734656036e-01, 3.630125046193454219e-01, 9.142468134327866314e-02
1.423005005371803799e-01, 4.032499481341994541e-01, 3.630337020677996129e-01, 9.141584926082053919e-02
1.422668477314541768e-01, 4.032712445539896051e-01, 3.630548768900137002e-01, 9.140703082454258721e-02
1.422332127469074503e-01, 4.032925321408324937e-01, 3.630760290838565552e-01, 9.139822602840351473e-02
1.421995955837097037e-01, 4.033138109027229468e-01, 3.630971586472041546e-01, 9.138943486636315339e-02
1.421659962420243062e-01, 4.033350808476541260e-01, 3.631182655779390811e-01, 9.138065733238259769e-02
1.421324147220083545e-01, 4.033563419836168618e-01, 3.631393498739508563e-01, 9.137189342042402462e-02
1.420988510238128111e-01, 4.033775943186005408e-01, 3.631604115331357741e-01, 9.136314312445083241e-02
1.420653051475823936e-01, 4.033988378605928293e-01, 3.631814505533971782e-01, 9.135440643842764052e-02
1.420317770934556856e-01, 4.034200726175789509e-01, 3.632024669326451849e-01, 9.134568335632019254e-02
1.419982668615650812e-01, 4.034412985975429078e-01, 3.632234606687965717e-01, 9.133697387209553653e-02
1.419647744520368127e-01, 4.034625158084664820e-01, 3.632444317597751104e-01, 9.132827797972173367e-02
1.419312998649908952e-01, 4.034837242583294570e-01, 3.632653802035116786e-01, 9.131959567316814963e-02
1.418978431005411267e-01, 4.035049239551099509e-01, 3.632863059979435372e-01, 9.131092694640527418e-02
1.418644041587953097e-01, 4.035261149067844721e-01, 3.633072091410152749e-01, 9.130227179340494326e-02
1.418309830398548632e-01, 4.035472971213269755e-01, 3.633280896306782526e-01, 9.129363020813993645e-02
1.417975797438152663e-01, 4.035684706067100280e-01, 3.633489474648903261e-01, 9.128500218458440729e-02
1.417641942707656699e-01, 4.035896353709038653e-01, 3.633697826416167342e-01, 9.127638771671367501e-02
1.417308266207891743e-01, 4.036107914218772796e-01, 3.633905951588293215e-01, 9.126778679850418297e-02
1.416974767939626345e-01, 4.036319387675967874e-01, 3.634113850145069269e-01, 9.125919942393358186e-02
1.416641447903569107e-01, 4.036530774160270729e-01, 3.634321522066352728e-01, 9.125062558698075754e-02
1.416308306100365344e-01, 4.036742073751308779e-01, 3.634528967332068539e-01, 9.124206528162583096e-02
1.415975342530600978e-01, 4.036953286528688900e-01, 3.634736185922210483e-01, 9.123351850184997780e-02
1.415642557194799478e-01, 4.037164412571999095e-01, 3.634943177816844506e-01, 9.122498524163573375e-02
1.415309950093421865e-01, 4.037375451960809047e-01, 3.635149942996101502e-01, 9.121646549496663370e-02
1.414977521226870316e-01, 4.037586404774668458e-01, 3.635356481440185639e-01, 9.120795925582764196e-02
1.414645270595484283e-01, 4.037797271093104268e-01, 3.635562793129364922e-01, 9.119946651820476369e-02
1.414313198199542154e-01, 4.038008050995625653e-01, 3.635768878043979524e-01, 9.119098727608521138e-02
1.413981304039261810e-01, 4.038218744561723472e-01, 3.635974736164440113e-01, 9.118252152345746042e-02
1.413649588114798683e-01, 4.038429351870864714e-01, 3.636180367471223973e-01, 9.117406925431113807e-02
1.413318050426249362e-01, 4.038639873002499159e-01, 3.636385771944879997e-01, 9.116563046263710668e-02
1.412986690973646597e-01, 4.038850308036057712e-01, 3.636590949566022024e-01, 9.115720514242739436e-02
1.412655509756965133e-01, 4.039060657050946301e-01, 3.636795900315336616e-01, 9.114879328767529210e-02
1.412324506776115318e-01, 4.039270920126553088e-01, 3.637000624173579721e-01, 9.114039489237515945e-02
1.411993682030949493e-01, 4.039481097342247362e-01, 3.637205121121574458e-01, 9.113200995052275766e-02
1.411663035521257548e-01, 4.039691188777377318e-01, 3.637409391140216108e-01, 9.112363845611480551e-02
1.411332567246769698e-01, 4.039901194511267835e-01, 3.637613434210467678e-01, 9.111528040314950672e-02
1.411002277207153710e-01, 4.040111114623226030e-01, 3.637817250313361006e-01, 9.110693578562602257e-02
1.410672165402017675e-01, 4.040320949192537925e-01, 3.638020839429995656e-01, 9.109860459754486051e-02
1.410342231830908621e-01, 4.040530698298467338e-01, 3.638224201541546132e-01, 9.109028683290773531e-02
1.410012476493313349e-01, 4.040740362020258658e-01, 3.638427336629254660e-01, 9.108198248571745814e-02
1.409682899388656763e-01, 4.040949940437135179e-01, 3.638630244674426750e-01, 9.107369154997811689e-02
1.409353500516304925e-01, 4.041159433628299102e-01, 3.638832925658445627e-01, 9.106541401969510396e-02
1.409024279875561725e-01, 4.041368841672931533e-01, 3.639035379562758910e-01, 9.105714988887486649e-02
1.408695237465669992e-01, 4.041578164650192484e-01, 3.639237606368886380e-01, 9.104889915152505897e-02
1.408366373285815099e-01, 4.041787402639219762e-01, 3.639439606058419430e-01, 9.104066180165468203e-02
1.408037687335117749e-01, 4.041996555719131745e-01, 3.639641378613012179e-01, 9.103243783327384653e-02
1.407709179612641193e-01, 4.042205623969024608e-01, 3.639842924014394243e-01, 9.102422724039389845e-02
1.407380850117387616e-01, 4.042414607467973431e-01, 3.640044242244364070e-01, 9.101603001702740503e-02
1.407052698848298422e-01, 4.042623506295031088e-01, 3.640245333284788942e-01, 9.100784615718812698e-02
1.406724725804253673e-01, 4.042832320529229917e-01, 3.640446197117606641e-01, 9.099967565489097687e-02
1.406396930984075422e-01, 4.043041050249578938e-01, 3.640646833724822673e-01, 9.099151850415225506e-02
1.406069314386523550e-01, 4.043249695535066635e-01, 3.640847243088516372e-01, 9.098337469898928886e-02
1.405741876010298264e-01, 4.043458256464660949e-01, 3.641047425190833131e-01, 9.097524423342072397e-02
1.405414615854040095e-01, 4.043666733117306511e-01, 3.641247380013990509e-01, 9.096712710146635794e-02
1.405087533916328513e-01, 4.043875125571924078e-01, 3.641447107540274897e-01, 9.095902329714729284e-02
1.404760630195683035e-01, 4.044083433907416647e-01, 3.641646607752043185e-01, 9.095093281448576872e-02
1.404433904690562951e-01, 4.044291658202662232e-01, 3.641845880631722765e-01, 9.094285564750520523e-02
1.404107357399368983e-01, 4.044499798536518309e-01, 3.642044926161808194e-01, 9.093479179023034042e-02
1.403780988320439405e-01, 4.044707854987818485e-01, 3.642243744324871746e-01, 9.092674123668709196e-02
1.403454797452054481e-01, 4.044915827635375272e-01, 3.642442335103544537e-01, 9.091870398090259875e-02
1.403128784792432859e-01, 4.045123716557977867e-01, 3.642640698480537065e-01, 9.091068001690515155e-02
1.402802950339734900e-01, 4.045331521834396593e-01, 3.642838834438625883e-01, 9.090266933872429012e-02
1.402477294092059623e-01, 4.045539243543372354e-01, 3.643036742960659158e-01, 9.089467194039087261e-02
1.402151816047447486e-01, 4.045746881763629954e-01, 3.643234424029554441e-01, 9.088668781593683965e-02
1.401826516203877881e-01, 4.045954436573869217e-01, 3.643431877628298676e-01, 9.087871695939545025e-02
1.401501394559271363e-01, 4.046161908052767209e-01, 3.643629103739951525e-01, 9.087075936480104588e-02
1.401176451111488253e-01, 4.046369296278976568e-01, 3.643826102347641482e-01, 9.086281502618941130e-02
1.400851685858328644e-01, 4.046576601331130507e-01, 3.644022873434568099e-01, 9.085488393759726111e-02
1.400527098797535175e-01, 4.046783823287836701e-01, 3.644219416984001425e-01, 9.084696609306283643e-02
1.400202689926786925e-01, 4.046990962227679511e-01, 3.644415732979279787e-01, 9.083906148662536373e-02
1.399878459243707740e-01, 4.047198018229224425e-01, 3.644611821403814234e-01, 9.083117011232538784e-02
1.399554406745858459e-01, 4.047404991371008620e-01, 3.644807682241086866e-01, 9.082329196420466100e-02
1.399230532430742191e-01, 4.047611881731549288e-01, 3.645003315474647509e-01, 9.081542703630619828e-02
1.398906836295802092e-01, 4.047818689389335867e-01, 3.645198721088120375e-01, 9.080757532267418053e-02
1.398583318338422199e-01, 4.048025414422842805e-01, 3.645393899065195176e-01, 9.079973681735403757e-02
1.398259978555925487e-01, 4.048232056910511245e-01, 3.645588849389639341e-01, 9.079191151439236496e-02
1.397936816945578309e-01, 4.048438616930767342e-01, 3.645783572045283027e-01, 9.078409940783707666e-02
1.397613833504585124e-01, 4.048645094562009494e-01, 3.645978067016033553e-01, 9.077630049173726623e-02
1.397291028230092658e-01, 4.048851489882610011e-01, 3.646172334285864292e-01, 9.076851476014326237e-02
1.396968401119186853e-01, 4.049057802970923992e-01, 3.646366373838823005e-01, 9.076074220710655949e-02
1.396645952168896476e-01, 4.049264033905277671e-01, 3.646560185659026843e-01, 9.075298282667997041e-02
1.396323681376188675e-01, 4.049470182763975079e-01, 3.646753769730661232e-01, 9.074523661291741816e-02
1.396001588737973698e-01, 4.049676249625295266e-01, 3.646947126037989317e-01, 9.073750355987419969e-02
1.395679674251100455e-01, 4.049882234567496742e-01, 3.647140254565336415e-01, 9.072978366160669439e-02
1.395357937912360680e-01, 4.050088137668807486e-01, 3.647333155297105556e-01, 9.072207691217261394e-02
1.395036379718486153e-01, 4.050293959007438271e-01, 3.647525828217767496e-01, 9.071438330563080799e-02
1.394714999666149258e-01, 4.050499698661571557e-01, 3.647718273311865156e-01, 9.070670283604143069e-02
1.394393797751963260e-01, 4.050705356709367044e-01, 3.647910490564011954e-01, 9.069903549746574645e-02
1.394072773972483414e-01, 4.050910933228958899e-01, 3.648102479958893474e-01, 9.069138128396644905e-02
1.393751928324206135e-01, 4.051116428298458527e-01, 3.648294241481263023e-01, 9.068374018960724536e-02
1.393431260803567606e-01, 4.051321841995949025e-01, 3.648485775115951069e-01, 9.067611220845320230e-02
1.393110771406946002e-01, 4.051527174399496833e-01, 3.648677080847851917e-01, 9.066849733457056637e-02
1.392790460130659824e-01, 4.051732425587133979e-01, 3.648868158661938699e-01, 9.066089556202673594e-02
1.392470326970970396e-01, 4.051937595636873057e-01, 3.649059008543250049e-01, 9.065330688489053879e-02
1.392150371924079089e-01, 4.052142684626703351e-01, 3.649249630476898987e-01, 9.064573129723187128e-02
1.391830594986128988e-01, 4.052347692634585830e-01, 3.649440024448067366e-01, 9.063816879312190655e-02
1.391510996153203505e-01, 4.052552619738457040e-01, 3.649630190442010313e-01, 9.063061936663296958e-02
1.391191575421328597e-01, 4.052757466016230770e-01, 3.649820128444054013e-01, 9.062308301183873149e-02
1.390872332786471099e-01, 4.052962231545792493e-01, 3.650009838439595145e-01, 9.061555972281407079e-02
1.390553268244539564e-01, 4.053166916405007147e-01, 3.650199320414103110e-01, 9.060804949363507332e-02
1.390234381791383422e-01, 4.053371520671708028e-01, 3.650388574353120030e-01, 9.060055231837893519e-02
1.389915673422793818e-01, 4.053576044423708447e-01, 3.650577600242254084e-01, 9.059306819112435127e-02
1.389597143134503610e-01, 4.053780487738795624e-01, 3.650766398067191720e-01, 9.058559710595093240e-02
1.389278790922186535e-01, 4.053984850694727915e-01, 3.650954967813686558e-01, 9.057813905693978818e-02
1.388960616781459434e-01, 4.054189133369242581e-01, 3.651143309467567710e-01, 9.057069403817311071e-02
1.388642620707878639e-01, 4.054393335840049128e-01, 3.651331423014729793e-01, 9.056326204373435496e-02
1.388324802696943583e-01, 4.054597458184828196e-01, 3.651519308441145695e-01, 9.055584306770819714e-02
1.388007162744095413e-01, 4.054801500481243770e-01, 3.651706965732855470e-01, 9.054843710418059022e-02
1.387689700844716156e-01, 4.055005462806923755e-01, 3.651894394875974115e-01, 9.054104414723865291e-02
1.387372416994130664e-01, 4.055209345239476626e-01, 3.652081595856684904e-01, 9.053366419097076678e-02
1.387055311187603834e-01, 4.055413147856482547e-01, 3.652268568661248271e-01, 9.052629722946653468e-02
1.386738383420344500e-01, 4.055616870735495039e-01, 3.652455313275991822e-01, 9.051894325681685005e-02
1.386421633687501820e-01, 4.055820513954045969e-01, 3.652641829687315878e-01, 9.051160226711373047e-02
1.386105061984167497e-01, 4.056024077589632792e-01, 3.652828117881694592e-01, 9.050427425445048413e-02
1.385788668305375226e-01, 4.056227561719735752e-01, 3.653014177845672616e-01, 9.049695921292164047e-02
1.385472452646099861e-01, 4.056430966421804007e-01, 3.653200009565867323e-01, 9.048965713662297794e-02
1.385156415001259078e-01, 4.056634291773257850e-01, 3.653385613028967138e-01, 9.048236801965149623e-02
1.384840555365712822e-01, 4.056837537851499254e-01, 3.653570988221734317e-01, 9.047509185610543014e-02
1.384524873734261918e-01, 4.057040704733895220e-01, 3.653756135131000504e-01, 9.046782864008422187e-02
1.384209370101650294e-01, 4.057243792497790547e-01, 3.653941053743674505e-01, 9.046057836568857646e-02
1.383894044462563866e-01, 4.057446801220503385e-01, 3.654125744046729518e-01, 9.045334102702039247e-02
1.383578896811630266e-01, 4.057649730979321911e-01, 3.654310206027219232e-01, 9.044611661818281745e-02
1.383263927143419669e-01, 4.057852581851513207e-01, 3.654494439672265060e-01, 9.043890513328026182e-02
1.382949135452444245e-01, 4.058055353914310492e-01, 3.654678444969060580e-01, 9.043170656641835725e-02
1.382634521733158428e-01, 4.058258047244927558e-01, 3.654862221904874309e-01, 9.042452091170387340e-02
1.382320085979959479e-01, 4.058460661920545443e-01, 3.655045770467045263e-01, 9.041734816324502322e-02
1.382005828187187202e-01, 4.058663198018318541e-01, 3.655229090642985179e-01, 9.041018831515100496e-02
1.381691748349121451e-01, 4.058865655615378487e-01, 3.655412182420176292e-01, 9.040304136153241854e-02
1.381377846459987679e-01, 4.059068034788823609e-01, 3.655595045786178554e-01, 9.039590729650100187e-02
1.381064122513951664e-01, 4.059270335615730585e-01, 3.655777680728619639e-01, 9.038878611416976960e-02
1.380750576505122840e-01, 4.059472558173145007e-01, 3.655960087235202716e-01, 9.038167780865301315e-02
1.380437208427551521e-01, 4.059674702538085267e-01, 3.656142265293701454e-01, 9.037458237406609252e-02
1.380124018275232511e-01, 4.059876768787545886e-01, 3.656324214891961688e-01, 9.036749980452582487e-02
1.379811006042102606e-01, 4.060078756998489191e-01, 3.656505936017906411e-01, 9.036043009415010985e-02
1.379498171722040034e-01, 4.060280667247853081e-01, 3.656687428659525785e-01, 9.035337323705810997e-02
1.379185515308867238e-01, 4.060482499612544927e-01, 3.656868692804886578e-01, 9.034632922737016736e-02
1.378873036796348095e-01, 4.060684254169445451e-01, 3.657049728442126613e-01, 9.033929805920801193e-02
1.378560736178189305e-01, 4.060885930995409288e-01, 3.657230535559456430e-01, 9.033227972669440053e-02
1.378248613448042059e-01, 4.061087530167261650e-01, 3.657411114145161513e-01, 9.032527422395351946e-02
1.377936668599497594e-01, 4.061289051761798885e-01, 3.657591464187597841e-01, 9.031828154511060969e-02
1.377624901626091913e-01, 4.061490495855790694e-01, 3.657771585675194670e-01, 9.031130168429229998e-02
1.377313312521303845e-01, 4.061691862525977914e-01, 3.657951478596455086e-01, 9.030433463562634322e-02
1.377001901278553098e-01, 4.061893151849073624e-01, 3.658131142939956004e-01, 9.029738039324169963e-02
1.376690667891204978e-01, 4.062094363901762040e-01, 3.658310578694345394e-01, 9.029043895126870334e-02
1.376379612352565673e-01, 4.062295498760700729e-01, 3.658489785848345610e-01, 9.028351030383879872e-02
1.376068734655886139e-01, 4.062496556502514511e-01, 3.658668764390751726e-01, 9.027659444508472075e-02
1.375758034794358764e-01, 4.062697537203804887e-01, 3.658847514310433202e-01, 9.026969136914035630e-02
1.375447512761119040e-01, 4.062898440941142275e-01, 3.659026035596329995e-01, 9.026280107014092446e-02
1.375137168549246391e-01, 4.063099267791067670e-01, 3.659204328237458670e-01, 9.025592354222279623e-02
1.374827002151763067e-01, 4.063300017830094313e-01, 3.659382392222906843e-01, 9.024905877952364708e-02
1.374517013561634415e-01, 4.063500691134707687e-01, 3.659560227541834854e-01, 9.024220677618229047e-02
1.374207202771769165e-01, 4.063701287781362748e-01, 3.659737834183479643e-01, 9.023536752633881663e-02
1.373897569775018312e-01, 4.063901807846486691e-01, 3.659915212137148655e-01, 9.022854102413460642e-02
1.373588114564177898e-01, 4.064102251406477295e-01, 3.660092361392223159e-01, 9.022172726371220641e-02
1.373278837131985397e-01, 4.064302618537702361e-01, 3.660269281938159369e-01, 9.021492623921534282e-02
1.372969737471121665e-01, 4.064502909316501378e-01, 3.660445973764485661e-01, 9.020813794478904635e-02
1.372660815574212601e-01, 4.064703123819185526e-01, 3.660622436860805906e-01, 9.020136237457958284e-02
1.372352071433826370e-01, 4.064903262122035454e-01, 3.660798671216793920e-01, 9.019459952273441161e-02
1.372043505042474520e-01, 4.065103324301301280e-01, 3.660974676822201790e-01, 9.018784938340224100e-02
1.371735116392611975e-01, 4.065303310433207584e-01, 3.661150453666850990e-01, 9.018111195073301445e-02
1.371426905476637037e-01, 4.065503220593945644e-01, 3.661326001740638492e-01, 9.017438721887785502e-02
1.371118872286892498e-01, 4.065703054859677867e-01, 3.661501321033538980e-01, 9.016767518198913478e-02
1.370811016815662864e-01, 4.065902813306538910e-01, 3.661676411535591535e-01, 9.016097583422048867e-02
1.370503339055179071e-01, 4.066102496010634004e-01, 3.661851273236919613e-01, 9.015428916972682838e-02
1.370195838997611826e-01, 4.066302103048034522e-01, 3.662025906127713282e-01, 9.014761518266407869e-02
1.369888516635078546e-01, 4.066501634494784634e-01, 3.662200310198240327e-01, 9.014095386718970482e-02
1.369581371959639471e-01, 4.066701090426899645e-01, 3.662374485438840144e-01, 9.013430521746211566e-02
1.369274404963298497e-01, 4.066900470920364885e-01, 3.662548431839924845e-01, 9.012766922764110789e-02
1.368967615638002899e-01, 4.067099776051131821e-01, 3.662722149391988702e-01, 9.012104589188764392e-02
1.368661003975643886e-01, 4.067299005895126940e-01, 3.662895638085590377e-01, 9.011443520436394905e-02
1.368354569968056322e-01, 4.067498160528242868e-01, 3.663068897911366251e-01, 9.010783715923345594e-02
1.368048313607019562e-01, 4.067697240026342809e-01, 3.663241928860029306e-01, 9.010125175066083236e-02
1.367742234884256058e-01, 4.067896244465259992e-01, 3.663414730922364138e-01, 9.009467897281191184e-02
1.367436333791433589e-01, 4.068095173920797669e-01, 3.663587304089229724e-01, 9.008811881985388792e-02
1.367130610320161366e-01, 4.068294028468729673e-01, 3.663759648351558873e-01, 9.008157128595500884e-02
1.366825064461995032e-01, 4.068492808184794862e-01, 3.663931763700361000e-01, 9.007503636528491064e-02
1.366519696208431944e-01, 4.068691513144706007e-01, 3.664103650126718237e-01, 9.006851405201433958e-02
1.366214505550916170e-01, 4.068890143424143679e-01, 3.664275307621785993e-01, 9.006200434031531865e-02
1.365909492480833487e-01, 4.069088699098756812e-01, 3.664446736176798503e-01, 9.005550722436109212e-02
1.365604656989515275e-01, 4.069287180244164914e-01, 3.664617935783058833e-01, 9.004902269832611161e-02
1.365299999068236569e-01, 4.069485586935954191e-01, 3.664788906431948878e-01, 9.004255075638603611e-02
1.364995518708215505e-01, 4.069683919249684756e-01, 3.664959648114921031e-01, 9.003609139271784301e-02
1.364691215900615817e-01, 4.069882177260879530e-01, 3.665130160823508176e-01, 9.002964460149960602e-02
1.364387090636545452e-01, 4.070080361045037010e-01, 3.665300444549310921e-01, 9.002321037691070338e-02
1.364083142907056012e-01, 4.070278470677614613e-01, 3.665470499284012584e-01, 9.001678871313169294e-02
1.363779372703143589e-01, 4.070476506234050329e-01, 3.665640325019364210e-01, 9.001037960434436769e-02
1.363475780015748207e-01, 4.070674467789742179e-01, 3.665809921747192890e-01, 9.000398304473178346e-02
1.363172364835754380e-01, 4.070872355420059874e-01, 3.665979289459403989e-01, 8.999759902847810633e-02
1.362869127153991666e-01, 4.071070169200344258e-01, 3.666148428147975591e-01, 8.999122754976889016e-02
1.362566066961234390e-01, 4.071267909205898983e-01, 3.666317337804958498e-01, 8.998486860279079902e-02
1.362263184248199144e-01, 4.071465575511999946e-01, 3.666486018422484006e-01, 8.997852218173167660e-02
1.361960479005549229e-01, 4.071663168193890292e-01, 3.666654469992753351e-01, 8.997218828078065722e-02
1.361657951223891605e-01, 4.071860687326781525e-01, 3.666822692508044379e-01, 8.996586689412819360e-02
1.361355600893777995e-01, 4.072058132985854617e-01, 3.666990685960709873e-01, 8.995955801596573764e-02
1.361053428005704058e-01, 4.072255505246256679e-01, 3.667158450343179221e-01, 8.995326164048608741e-02
1.360751432550110218e-01, 4.072452804183102626e-01, 3.667325985647954534e-01, 8.994697776188324834e-02
1.360449614517383332e-01, 4.072650029871476285e-01, 3.667493291867615079e-01, 8.994070637435247484e-02
1.360147973897852247e-01, 4.072847182386430953e-01, 3.667660368994816178e-01, 8.993444747209015933e-02
1.359846510681791965e-01, 4.073044261802985511e-01, 3.667827217022283648e-01, 8.992820104929392933e-02
1.359545224859421975e-01, 4.073241268196126086e-01, 3.667993835942825465e-01, 8.992196710016273076e-02
1.359244116420906812e-01, 4.073438201640809941e-01, 3.668160225749318437e-01, 8.991574561889661976e-02
1.358943185356355221e-01, 4.073635062211956592e-01, 3.668326386434719866e-01, 8.990953659969685985e-02
1.358642431655822380e-01, 4.073831849984459463e-01, 3.668492317992058105e-01, 8.990334003676599128e-02
1.358341855309305457e-01, 4.074028565033174232e-01, 3.668658020414442000e-01, 8.989715592430778945e-02
1.358041456306748884e-01, 4.074225207432927154e-01, 3.668823493695052007e-01, 8.989098425652716773e-02
1.357741234638041861e-01, 4.074421777258509514e-01, 3.668988737827146851e-01, 8.988482502763026072e-02
1.357441190293016964e-01, 4.074618274584681510e-01, 3.669153752804057422e-01, 8.987867823182450755e-02
1.357141323261453203e-01, 4.074814699486169478e-01, 3.669318538619193437e-01, 8.987254386331844369e-02
1.356841633533074631e-01, 4.075011052037668113e-01, 3.669483095266038442e-01, 8.986642191632186749e-02
1.356542121097549791e-01, 4.075207332313838804e-01, 3.669647422738152587e-01, 8.986031238504584018e-02
1.356242785944492546e-01, 4.075403540389309076e-01, 3.669811521029174295e-01, 8.985421526370253320e-02
1.355943628063460971e-01, 4.075599676338672039e-01, 3.669975390132811932e-01, 8.984813054650546416e-02
1.355644647443960127e-01, 4.075795740236491937e-01, 3.670139030042855466e-01, 8.984205822766917759e-02
1.355345844075438455e-01, 4.075991732157298042e-01, 3.670302440753166473e-01, 8.983599830140956422e-02
1.355047217947291938e-01, 4.076187652175584653e-01, 3.670465622257685911e-01, 8.982995076194379147e-02
1.354748769048859380e-01, 4.076383500365812762e-01, 3.670628574550428014e-01, 8.982391560349002602e-02
1.354450497369425188e-01, 4.076579276802410057e-01, 3.670791297625486393e-01, 8.981789282026779453e-02
1.354152402898219920e-01, 4.076774981559773692e-01, 3.670953791477028494e-01, 8.981188240649776167e-02
1.353854485624420290e-01, 4.076970614712265295e-01, 3.671116056099296143e-01, 8.980588435640189660e-02
1.353556745537145833e-01, 4.077166176334210967e-01, 3.671278091486611661e-01, 8.979989866420323708e-02
1.353259182625464185e-01, 4.077361666499905168e-01, 3.671439897633368976e-01, 8.979392532412612538e-02
1.352961796878387468e-01, 4.077557085283610161e-01, 3.671601474534042509e-01, 8.978796433039611113e-02
1.352664588284871738e-01, 4.077752432759548240e-01, 3.671762822183181063e-01, 8.978201567723993748e-02
1.352367556833820594e-01, 4.077947709001915610e-01, 3.671923940575409495e-01, 8.977607935888548552e-02
1.352070702514082678e-01, 4.078142914084870174e-01, 3.672084829705428155e-01, 8.977015536956192698e-02
1.351774025314451677e-01, 4.078338048082536527e-01, 3.672245489568017329e-01, 8.976424370349959936e-02
1.351477525223666876e-01, 4.078533111069002071e-01, 3.672405920158030579e-01, 8.975834435493006136e-02
1.351181202230413991e-01, 4.078728103118327564e-01, 3.672566121470398071e-01, 8.975245731808606520e-02
1.350885056323323508e-01, 4.078923024304531020e-01, 3.672726093500129907e-01, 8.974658258720152881e-02
1.350589087490971507e-01, 4.079117874701603808e-01, 3.672885836242308355e-01, 8.974072015651161915e-02
1.350293295721881337e-01, 4.079312654383495662e-01, 3.673045349692095618e-01, 8.973487002025272441e-02
1.349997681004520278e-01, 4.079507363424126898e-01, 3.673204633844730504e-01, 8.972903217266239850e-02
1.349702243327302043e-01, 4.079702001897380637e-01, 3.673363688695523988e-01, 8.972320660797940273e-02
1.349406982678586775e-01, 4.079896569877107249e-01, 3.673522514239869197e-01, 8.971739332044363635e-02
1.349111899046679386e-01, 4.080091067437121022e-01, 3.673681110473236422e-01, 8.971159230429627540e-02
1.348816992419831495e-01, 4.080285494651203493e-01, 3.673839477391167563e-01, 8.970580355377971715e-02
1.348522262786240322e-01, 4.080479851593098450e-01, 3.673997614989286675e-01, 8.970002706313751073e-02
1.348227710134048130e-01, 4.080674138336516377e-01, 3.674155523263291645e-01, 8.969426282661434324e-02
1.347933334451345833e-01, 4.080868354955132227e-01, 3.674313202208959739e-01, 8.968851083845622019e-02
1.347639135726166892e-01, 4.081062501522588759e-01, 3.674470651822142053e-01, 8.968277109291021565e-02
1.347345113946492867e-01, 4.081256578112489319e-01, 3.674627872098770731e-01, 8.967704358422476374e-02
1.347051269100251192e-01, 4.081450584798402281e-01, 3.674784863034852300e-01, 8.967132830664931165e-02
1.346757601175314900e-01, 4.081644521653865487e-01, 3.674941624626472669e-01, 8.966562525443461107e-02
1.346464110159504290e-01, 4.081838388752377367e-01, 3.675098156869792132e-01, 8.965993442183260720e-02
1.346170796040583872e-01, 4.082032186167403043e-01, 3.675254459761049808e-01, 8.965425580309635545e-02
1.345877658806265698e-01, 4.082225913972369336e-01, 3.675410533296563087e-01, 8.964858939248017411e-02
1.345584698444207694e-01, 4.082419572240670869e-01, 3.675566377472724855e-01, 8.964293518423958884e-02
1.345291914942013944e-01, 4.082613161045666184e-01, 3.675721992286008488e-01, 8.963729317263120777e-02
1.344999308287234963e-01, 4.082806680460673299e-01, 3.675877377732960638e-01, 8.963166335191298517e-02
1.344706878467367694e-01, 4.083000130558984142e-01, 3.676032533810209002e-01, 8.962604571634393003e-02
1.344414625469855518e-01, 4.083193511413843457e-01, 3.676187460514457328e-01, 8.962044026018435583e-02
1.344122549282087131e-01, 4.083386823098469343e-01, 3.676342157842486524e-01, 8.961484697769561691e-02
1.343830649891398776e-01, 4.083580065686041038e-01, 3.676496625791155770e-01, 8.960926586314038600e-02
1.343538927285073403e-01, 4.083773239249698928e-01, 3.676650864357404180e-01, 8.960369691078247378e-02
1.343247381450337896e-01, 4.083966343862548976e-01, 3.676804873538243590e-01, 8.959814011488684282e-02
1.342956012374370012e-01, 4.084159379597665507e-01, 3.676958653330767990e-01, 8.959259546971971855e-02
1.342664820044289498e-01, 4.084352346528078437e-01, 3.677112203732147977e-01, 8.958706296954846438e-02
1.342373804447165309e-01, 4.084545244726788260e-01, 3.677265524739630753e-01, 8.958154260864159557e-02
1.342082965570012276e-01, 4.084738074266756613e-01, 3.677418616350542346e-01, 8.957603438126882089e-02
1.341792303399792774e-01, 4.084930835220906831e-01, 3.677571478562289831e-01, 8.957053828170111198e-02
1.341501817923413109e-01, 4.085123527662129495e-01, 3.677724111372351889e-01, 8.956505430421056457e-02
1.341211509127729073e-01, 4.085316151663276329e-01, 3.677876514778289363e-01, 8.955958244307041238e-02
1.340921376999542336e-01, 4.085508707297161868e-01, 3.678028688777744137e-01, 8.955412269255512425e-02
1.340631421525600719e-01, 4.085701194636567890e-01, 3.678180633368429153e-01, 8.954867504694036251e-02
1.340341642692599589e-01, 4.085893613754231213e-01, 3.678332348548141173e-01, 8.954323950050289971e-02
1.340052040487179352e-01, 4.086085964722861452e-01, 3.678483834314751344e-01, 8.953781604752071577e-02
1.339762614895930182e-01, 4.086278247615126036e-01, 3.678635090666213525e-01, 8.953240468227303961e-02
1.339473365905387015e-01, 4.086470462503655199e-01, 3.678786117600556516e-01, 8.952700539904012711e-02
1.339184293502031775e-01, 4.086662609461044204e-01, 3.678936915115887940e-01, 8.952161819210358029e-02
1.338895397672294207e-01, 4.086854688559851123e-01, 3.679087483210394804e-01, 8.951624305574601426e-02
1.338606678402549932e-01, 4.087046699872594613e-01, 3.679237821882342940e-01, 8.951087998425134862e-02
1.338318135679121557e-01, 4.087238643471757249e-01, 3.679387931130076450e-01, 8.950552897190457158e-02
1.338029769488280063e-01, 4.087430519429784415e-01, 3.679537810952015486e-01, 8.950019001299190646e-02
1.337741579816242588e-01, 4.087622327819086521e-01, 3.679687461346664024e-01, 8.949486310180072846e-02
1.337453566649173253e-01, 4.087814068712032345e-01, 3.679836882312598756e-01, 8.948954823261966174e-02
1.337165729973182338e-01, 4.088005742180955693e-01, 3.679986073848480199e-01, 8.948424539973828806e-02
1.336878069774329048e-01, 4.088197348298151512e-01, 3.680135035953044920e-01, 8.947895459744760471e-02
1.336590586038618467e-01, 4.088388887135875893e-01, 3.680283768625109420e-01, 8.947367582003958042e-02
1.336303278752003776e-01, 4.088580358766354395e-01, 3.680432271863567362e-01, 8.946840906180753006e-02
1.336016147900384587e-01, 4.088771763261763725e-01, 3.680580545667394010e-01, 8.946315431704579546e-02
1.335729193469607778e-01, 4.088963100694251174e-01, 3.680728590035640679e-01, 8.945791158004985644e-02
1.335442415445468323e-01, 4.089154371135925170e-01, 3.680876404967441395e-01, 8.945268084511652507e-02
1.335155813813707626e-01, 4.089345574658850846e-01, 3.681023990462005124e-01, 8.944746210654369589e-02
1.334869388560014358e-01, 4.089536711335059471e-01, 3.681171346518622989e-01, 8.944225535863033205e-02
1.334583139670024454e-01, 4.089727781236544013e-01, 3.681318473136664382e-01, 8.943706059567663180e-02
1.334297067129323333e-01, 4.089918784435259691e-01, 3.681465370315576413e-01, 8.943187781198405628e-02
1.334011170923440071e-01, 4.090109721003119536e-01, 3.681612038054888902e-01, 8.942670700185505195e-02
1.333725451037854337e-01, 4.090300591012004938e-01, 3.681758476354207166e-01, 8.942154815959330039e-02
1.333439907457991958e-01, 4.090491394533752323e-01, 3.681904685213218675e-01, 8.941640127950367667e-02
1.333154540169226854e-01, 4.090682131640162034e-01, 3.682050664631689174e-01, 8.941126635589220772e-02
1.332869349156879379e-01, 4.090872802402997777e-01, 3.682196414609463786e-01, 8.940614338306596132e-02
1.332584334406217985e-01, 4.091063406893982735e-01, 3.682341935146466461e-01, 8.940103235533324033e-02
1.332299495902460051e-01, 4.091253945184801788e-01, 3.682487226242703304e-01, 8.939593326700363829e-02
1.332014833630767725e-01, 4.091444417347099849e-01, 3.682632287898255918e-01, 8.939084611238763689e-02
1.331730347576254025e-01, 4.091634823452484637e-01, 3.682777120113289171e-01, 8.938577088579709173e-02
1.331446037723977016e-01, 4.091825163572526125e-01, 3.682921722888047311e-01, 8.938070758154488538e-02
1.331161904058943968e-01, 4.092015437778752096e-01, 3.683066096222852859e-01, 8.937565619394510774e-02
1.330877946566109415e-01, 4.092205646142652586e-01, 3.683210240118108270e-01, 8.937061671731295898e-02
1.330594165230375159e-01, 4.092395788735680440e-01, 3.683354154574297046e-01, 8.936558914596483272e-02
1.330310560036591649e-01, 4.092585865629244091e-01, 3.683497839591980960e-01, 8.936057347421821895e-02
1.330027130969557159e-01, 4.092775876894721443e-01, 3.683641295171803942e-01, 8.935556969639184277e-02
1.329743878014016389e-01, 4.092965822603442660e-01, 3.683784521314486526e-01, 8.935057780680542849e-02
1.329460801154664085e-01, 4.093155702826703490e-01, 3.683927518020832514e-01, 8.934559779978000493e-02
1.329177900376140586e-01, 4.093345517635758046e-01, 3.684070285291723978e-01, 8.934062966963760011e-02
1.328895175663036554e-01, 4.093535267101821584e-01, 3.684212823128125147e-01, 8.933567341070156043e-02
1.328612626999888802e-01, 4.093724951296070502e-01, 3.684355131531079075e-01, 8.933072901729621762e-02
1.328330254371182517e-01, 4.093914570289640120e-01, 3.684497210501708198e-01, 8.932579648374706915e-02
1.328048057761350986e-01, 4.094104124153625235e-01, 3.684639060041215997e-01, 8.932087580438081986e-02
1.327766037154776424e-01, 4.094293612959085671e-01, 3.684780680150885890e-01, 8.931596697352527092e-02
1.327484192535787477e-01, 4.094483036777035179e-01, 3.684922070832083452e-01, 8.931106998550933374e-02
1.327202523888662555e-01, 4.094672395678452537e-01, 3.685063232086253637e-01, 8.930618483466315483e-02
1.326921031197626777e-01, 4.094861689734272114e-01, 3.685204163914921338e-01, 8.930131151531787992e-02
1.326639714446854468e-01, 4.095050919015393864e-01, 3.685344866319693047e-01, 8.929645002180594537e-02
1.326358573620467218e-01, 4.095240083592671665e-01, 3.685485339302254082e-01, 8.929160034846074512e-02
1.326077608702535826e-01, 4.095429183536922757e-01, 3.685625582864371363e-01, 8.928676248961694983e-02
1.325796819677078631e-01, 4.095618218918924414e-01, 3.685765597007894523e-01, 8.928193643961028492e-02
1.325516206528062624e-01, 4.095807189809411164e-01, 3.685905381734749797e-01, 8.927712219277765537e-02
1.325235769239402339e-01, 4.095996096279079235e-01, 3.686044937046946690e-01, 8.927231974345710419e-02
1.324955507794962073e-01, 4.096184938398583220e-01, 3.686184262946578527e-01, 8.926752908598772907e-02
1.324675422178552830e-01, 4.096373716238537743e-01, 3.686323359435812463e-01, 8.926275021470976567e-02
1.324395512373935380e-01, 4.096562429869514688e-01, 3.686462226516902252e-01, 8.925798312396468481e-02
1.324115778364818308e-01, 4.096751079362049852e-01, 3.686600864192181581e-01, 8.925322780809498424e-02
1.323836220134858577e-01, 4.096939664786635737e-01, 3.686739272464063522e-01, 8.924848426144424418e-02
1.323556837667661246e-01, 4.097128186213722101e-01, 3.686877451335042744e-01, 8.924375247835733549e-02
1.323277630946780581e-01, 4.097316643713722617e-01, 3.687015400807697740e-01, 8.923903245318008659e-02
1.322998599955719501e-01, 4.097505037357002666e-01, 3.687153120884682500e-01, 8.923432418025953328e-02
1.322719744677928744e-01, 4.097693367213894877e-01, 3.687290611568738719e-01, 8.922962765394380769e-02
1.322441065096808255e-01, 4.097881633354685249e-01, 3.687427872862684697e-01, 8.922494286858215218e-02
1.322162561195705521e-01, 4.098069835849621478e-01, 3.687564904769424223e-01, 8.922026981852493321e-02
1.321884232957918348e-01, 4.098257974768907408e-01, 3.687701707291937692e-01, 8.921560849812368299e-02
1.321606080366692082e-01, 4.098446050182708578e-01, 3.687838280433289873e-01, 8.921095890173093290e-02
1.321328103405220444e-01, 4.098634062161146674e-01, 3.687974624196627138e-01, 8.920632102370049110e-02
1.321050302056647197e-01, 4.098822010774305080e-01, 3.688110738585176351e-01, 8.920169485838712331e-02
1.320772676304063920e-01, 4.099009896092221661e-01, 3.688246623602247087e-01, 8.919708040014678874e-02
1.320495226130510569e-01, 4.099197718184895423e-01, 3.688382279251228302e-01, 8.919247764333655681e-02
1.320217951518976862e-01, 4.099385477122282628e-01, 3.688517705535594438e-01, 8.918788658231457944e-02
1.319940852452401170e-01, 4.099573172974299018e-01, 3.688652902458898208e-01, 8.918330721144018813e-02
1.319663928913669959e-01, 4.099760805810818698e-01, 3.688787870024775040e-01, 8.917873952507361646e-02
1.319387180885620015e-01, 4.099948375701671921e-01, 3.688922608236942513e-01, 8.917418351757654127e-02
1.319110608351035108e-01, 4.100135882716646196e-01, 3.689057117099203698e-01, 8.916963918331145822e-02
1.318834211292649050e-01, 4.100323326925493506e-01, 3.689191396615436602e-01, 8.916510651664207032e-02
1.318557989693145416e-01, 4.100510708397916981e-01, 3.689325446789605278e-01, 8.916058551193327408e-02
1.318281943535154765e-01, 4.100698027203579787e-01, 3.689459267625757044e-01, 8.915607616355081255e-02
1.318006072801258532e-01, 4.100885283412104565e-01, 3.689592859128016933e-01, 8.915157846586184431e-02
1.317730377473987080e-01, 4.101072477093070101e-01, 3.689726221300598796e-01, 8.914709241323438838e-02
1.317454857535817758e-01, 4.101259608316011884e-01, 3.689859354147792536e-01, 8.914261800003769887e-02
1.317179512969179900e-01, 4.101446677150426545e-01, 3.689992257673972431e-01, 8.913815522064208463e-02
1.316904343756450102e-01, 4.101633683665765195e-01, 3.690124931883595472e-01, 8.913370406941886759e-02
1.316629349879954447e-01, 4.101820627931438423e-01, 3.690257376781201359e-01, 8.912926454074066029e-02
1.316354531321968502e-01, 4.102007510016809078e-01, 3.690389592371411953e-01, 8.912483662898097736e-02
1.316079888064717041e-01, 4.102194329991207256e-01, 3.690521578658931268e-01, 8.912042032851452689e-02
1.315805420090373767e-01, 4.102381087923909764e-01, 3.690653335648544919e-01, 8.911601563371711332e-02
1.315531127381061316e-01, 4.102567783884159547e-01, 3.690784863345123457e-01, 8.911162253896552643e-02
1.315257009918853193e-01, 4.102754417941149034e-01, 3.690916161753618474e-01, 8.910724103863780499e-02
1.314983067685771001e-01, 4.102940990164035129e-01, 3.691047230879064833e-01, 8.910287112711294533e-02
1.314709300663785274e-01, 4.103127500621925883e-01, 3.691178070726578997e-01, 8.909851279877108177e-02
1.314435708834816863e-01, 4.103313949383887715e-01, 3.691308681301361250e-01, 8.909416604799340333e-02
1.314162292180735825e-01, 4.103500336518944858e-01, 3.691439062608696253e-01, 8.908983086916227867e-02
1.313889050683361148e-01, 4.103686662096081017e-01, 3.691569214653947495e-01, 8.908550725666099235e-02
1.313615984324461861e-01, 4.103872926184230496e-01, 3.691699137442566170e-01, 8.908119520487410570e-02
1.313343093085756197e-01, 4.104059128852288740e-01, 3.691828830980083964e-01, 8.907689470818710986e-02
1.313070376948912155e-01, 4.104245270169107340e-01, 3.691958295272113610e-01, 8.907260576098668947e-02
1.312797835895546661e-01, 4.104431350203494033e-01, 3.692087530324354994e-01, 8.906832835766044509e-02
1.312525469907226683e-01, 4.104617369024211593e-01, 3.692216536142590155e-01, 8.906406249259726793e-02
1.312253278965468672e-01, 4.104803326699982269e-01, 3.692345312732680518e-01, 8.905980816018692348e-02
1.311981263051738844e-01, 4.104989223299479462e-01, 3.692473860100577432e-01, 8.905556535482037073e-02
1.311709422147453175e-01, 4.105175058891339934e-01, 3.692602178252310519e-01, 8.905133407088962338e-02
1.311437756233976848e-01, 4.105360833544152155e-01, 3.692730267193994331e-01, 8.904711430278777762e-02
1.311166265292624811e-01, 4.105546547326460738e-01, 3.692858126931825025e-01, 8.904290604490890104e-02
1.310894949304662604e-01, 4.105732200306766999e-01, 3.692985757472087571e-01, 8.903870929164828252e-02
1.310623808251303313e-01, 4.105917792553531176e-01, 3.693113158821143549e-01, 8.903452403740215459e-02
1.310352842113713112e-01, 4.106103324135163546e-01, 3.693240330985444464e-01, 8.903035027656791556e-02
1.310082050873004611e-01, 4.106288795120034973e-01, 3.693367273971521758e-01, 8.902618800354393513e-02
1.309811434510242401e-01, 4.106474205576470804e-01, 3.693493987785989030e-01, 8.902203721272969328e-02
1.309540993006440834e-01, 4.106659555572753084e-01, 3.693620472435549806e-01, 8.901789789852573853e-02
1.309270726342562641e-01, 4.106844845177116121e-01, 3.693746727926984219e-01, 8.901377005533370190e-02
1.309000634499522531e-01, 4.107030074457754254e-01, 3.693872754267160663e-01, 8.900965367755619972e-02
1.308730717458183312e-01, 4.107215243482815747e-01, 3.693998551463032465e-01, 8.900554875959697243e-02
1.308460975199358944e-01, 4.107400352320401127e-01, 3.694124119521633443e-01, 8.900145529586074578e-02
1.308191407703812315e-01, 4.107585401038570949e-01, 3.694249458450081236e-01, 8.899737328075342513e-02
1.307922014952257739e-01, 4.107770389705339698e-01, 3.694374568255582303e-01, 8.899330270868190118e-02
1.307652796925358463e-01, 4.107955318388678556e-01, 3.694499448945421927e-01, 8.898924357405407770e-02
1.307383753603728049e-01, 4.108140187156509304e-01, 3.694624100526973653e-01, 8.898519587127895480e-02
1.307114884967930102e-01, 4.108324996076712088e-01, 3.694748523007692631e-01, 8.898115959476660120e-02
1.306846190998478541e-01, 4.108509745217123199e-01, 3.694872716395118384e-01, 8.897713473892801539e-02
1.306577671675837604e-01, 4.108694434645531190e-01, 3.694996680696876479e-01, 8.897312129817547266e-02
1.306309326980421015e-01, 4.108879064429681871e-01, 3.695120415920676860e-01, 8.896911926692208095e-02
1.306041156892593647e-01, 4.109063634637276086e-01, 3.695243922074309961e-01, 8.896512863958208617e-02
1.305773161392669302e-01, 4.109248145335966385e-01, 3.695367199165657257e-01, 8.896114941057073344e-02
1.305505340460913488e-01, 4.109432596593362019e-01, 3.695490247202679601e-01, 8.895718157430444750e-02
1.305237694077540922e-01, 4.109616988477028388e-01, 3.695613066193425555e-01, 8.895322512520044411e-02
1.304970222222717469e-01, 4.109801321054482037e-01, 3.695735656146026948e-01, 8.894928005767721579e-02
1.304702924876557923e-01, 4.109985594393200659e-01, 3.695858017068700541e-01, 8.894534636615419876e-02
1.304435802019129065e-01, 4.110169808560608096e-01, 3.695980148969744139e-01, 8.894142404505181454e-02
1.304168853630447156e-01, 4.110353963624086004e-01, 3.696102051857549919e-01, 8.893751308879159490e-02
1.303902079690479054e-01, 4.110538059650972742e-01, 3.696223725740586108e-01, 8.893361349179611242e-02
1.303635480179142214e-01, 4.110722096708559481e-01, 3.696345170627409193e-01, 8.892972524848898053e-02
1.303369055076303296e-01, 4.110906074864089099e-01, 3.696466386526659487e-01, 8.892584835329464532e-02
1.303102804361781775e-01, 4.111089994184762841e-01, 3.696587373447066116e-01, 8.892198280063889904e-02
1.302836728015345780e-01, 4.111273854737733102e-01, 3.696708131397438146e-01, 8.891812858494839433e-02
1.302570826016714867e-01, 4.111457656590106202e-01, 3.696828660386671794e-01, 8.891428570065074144e-02
1.302305098345557521e-01, 4.111641399808944608e-01, 3.696948960423750985e-01, 8.891045414217470244e-02
1.302039544981495878e-01, 4.111825084461263047e-01, 3.697069031517741244e-01, 8.890663390395003862e-02
1.301774165904099612e-01, 4.112008710614029061e-01, 3.697188873677796916e-01, 8.890282498040746884e-02
1.301508961092890659e-01, 4.112192278334166895e-01, 3.697308486913153946e-01, 8.889902736597883603e-02
1.301243930527341830e-01, 4.112375787688551942e-01, 3.697427871233135988e-01, 8.889524105509689911e-02
1.300979074186875140e-01, 4.112559238744015744e-01, 3.697547026647153290e-01, 8.889146604219551329e-02
1.300714392050865142e-01, 4.112742631567340434e-01, 3.697665953164698815e-01, 8.888770232170950525e-02
1.300449884098635045e-01, 4.112925966225262631e-01, 3.697784650795353789e-01, 8.888394988807472863e-02
1.300185550309460869e-01, 4.113109242784474540e-01, 3.697903119548783812e-01, 8.888020873572805014e-02
1.299921390662568121e-01, 4.113292461311617298e-01, 3.698021359434740529e-01, 8.887647885910736345e-02
1.299657405137133459e-01, 4.113475621873290411e-01, 3.698139370463061071e-01, 8.887276025265156143e-02
1.299393593712283856e-01, 4.113658724536042310e-01, 3.698257152643668610e-01, 8.886905291080050839e-02
1.299129956367099104e-01, 4.113841769366378132e-01, 3.698374705986572364e-01, 8.886535682799519276e-02
1.298866493080607365e-01, 4.114024756430753049e-01, 3.698492030501865369e-01, 8.886167199867746336e-02
1.298603203831788788e-01, 4.114207685795576719e-01, 3.698609126199731700e-01, 8.885799841729022375e-02
1.298340088599575226e-01, 4.114390557527212167e-01, 3.698725993090438147e-01, 8.885433607827748770e-02
1.298077147362847739e-01, 4.114573371691975789e-01, 3.698842631184335872e-01, 8.885068497608412941e-02
1.297814380100440201e-01, 4.114756128356133469e-01, 3.698959040491865968e-01, 8.884704510515609166e-02
1.297551786791135697e-01, 4.114938827585908343e-01, 3.699075221023552795e-01, 8.884341645994026093e-02
1.297289367413670957e-01, 4.115121469447473035e-01, 3.699191172790011195e-01, 8.883979903488462004e-02
1.297027121946729700e-01, 4.115304054006952428e-01, 3.699306895801935946e-01, 8.883619282443801224e-02
1.296765050368951233e-01, 4.115486581330428106e-01, 3.699422390070116196e-01, 8.883259782305046037e-02
1.296503152658922131e-01, 4.115669051483931140e-01, 3.699537655605419917e-01, 8.882901402517277833e-02
1.296241428795182893e-01, 4.115851464533442639e-01, 3.699652692418803901e-01, 8.882544142525689024e-02
1.295979878756224057e-01, 4.116033820544902078e-01, 3.699767500521315977e-01, 8.882188001775570552e-02
1.295718502520487592e-01, 4.116216119584197308e-01, 3.699882079924086131e-01, 8.881832979712309117e-02
1.295457300066364947e-01, 4.116398361717166221e-01, 3.699996430638329836e-01, 8.881479075781385790e-02
1.295196271372202612e-01, 4.116580547009603408e-01, 3.700110552675354159e-01, 8.881126289428395437e-02
1.294935416416294338e-01, 4.116762675527253501e-01, 3.700224446046549431e-01, 8.880774620099014804e-02
1.294674735176886693e-01, 4.116944747335816723e-01, 3.700338110763394806e-01, 8.880424067239024721e-02
1.294414227632178505e-01, 4.117126762500936676e-01, 3.700451546837454364e-01, 8.880074630294305937e-02
1.294153893760318919e-01, 4.117308721088218659e-01, 3.700564754280378787e-01, 8.879726308710837734e-02
1.293893733539408231e-01, 4.117490623163212460e-01, 3.700677733103910905e-01, 8.879379101934692375e-02
1.293633746947498997e-01, 4.117672468791422902e-01, 3.700790483319874036e-01, 8.879033009412040656e-02
1.293373933962594091e-01, 4.117854258038307624e-01, 3.700903004940183094e-01, 8.878688030589158842e-02
1.293114294562648092e-01, 4.118035990969273197e-01, 3.701015297976836815e-01, 8.878344164912405079e-02
1.292854828725568950e-01, 4.118217667649680114e-01, 3.701127362441925528e-01, 8.878001411828256861e-02
1.292595536429212433e-01, 4.118399288144838355e-01, 3.701239198347623383e-01, 8.877659770783263848e-02
1.292336417651389346e-01, 4.118580852520008495e-01, 3.701350805706192792e-01, 8.877319241224086721e-02
1.292077472369859148e-01, 4.118762360840409475e-01, 3.701462184529983879e-01, 8.876979822597483305e-02
1.291818700562335220e-01, 4.118943813171201396e-01, 3.701573334831433915e-01, 8.876641514350304407e-02
1.291560102206480709e-01, 4.119125209577500502e-01, 3.701684256623069547e-01, 8.876304315929493816e-02
1.291301677279911297e-01, 4.119306550124378075e-01, 3.701794949917501243e-01, 8.875968226782098014e-02
1.291043425760194097e-01, 4.119487834876848220e-01, 3.701905414727430510e-01, 8.875633246355253692e-02
1.290785347624848201e-01, 4.119669063899883965e-01, 3.702015651065647672e-01, 8.875299374096204397e-02
1.290527442851343298e-01, 4.119850237258404491e-01, 3.702125658945024655e-01, 8.874966609452267230e-02
1.290269711417101894e-01, 4.120031355017281793e-01, 3.702235438378527199e-01, 8.874634951870880029e-02
1.290012153299497089e-01, 4.120212417241337355e-01, 3.702344989379208751e-01, 8.874304400799561121e-02
1.289754768475855629e-01, 4.120393423995344917e-01, 3.702454311960207134e-01, 8.873974955685928756e-02
1.289497556923453747e-01, 4.120574375344028817e-01, 3.702563406134748436e-01, 8.873646615977691388e-02
1.289240518619520770e-01, 4.120755271352062321e-01, 3.702672271916152558e-01, 8.873319381122657390e-02
1.288983653541237173e-01, 4.120936112084069847e-01, 3.702780909317819336e-01, 8.872993250568728119e-02
1.288726961665735971e-01, 4.121116897604629736e-01, 3.702889318353244641e-01, 8.872668223763900686e-02
1.288470442970101604e-01, 4.121297627978265377e-01, 3.702997499036007056e-01, 8.872344300156263797e-02
1.288214097431370775e-01, 4.121478303269455745e-01, 3.703105451379773427e-01, 8.872021479194007465e-02
1.287957925026530781e-01, 4.121658923542624864e-01, 3.703213175398304968e-01, 8.871699760325395256e-02
1.287701925732522568e-01, 4.121839488862151235e-01, 3.703320671105443940e-01, 8.871379142998817025e-02
1.287446099526238508e-01, 4.122019999292362291e-01, 3.703427938515126416e-01, 8.871059626662732012e-02
1.287190446384522124e-01, 4.122200454897536059e-01, 3.703534977641373405e-01, 8.870741210765696605e-02
1.286934966284169757e-01, 4.122380855741897832e-01, 3.703641788498296394e-01, 8.870423894756364336e-02
1.286679659201928894e-01, 4.122561201889626825e-01, 3.703748371100096803e-01, 8.870107678083480329e-02
1.286424525114500950e-01, 4.122741493404848412e-01, 3.703854725461062092e-01, 8.869792560195888242e-02
1.286169563998536824e-01, 4.122921730351642999e-01, 3.703960851595568537e-01, 8.869478540542513612e-02
1.285914775830641621e-01, 4.123101912794035484e-01, 3.704066749518085122e-01, 8.869165618572388832e-02
1.285660160587370759e-01, 4.123282040796001913e-01, 3.704172419243164649e-01, 8.868853793734622626e-02
1.285405718245233864e-01, 4.123462114421471147e-01, 3.704277860785452070e-01, 8.868543065478427800e-02
1.285151448780690875e-01, 4.123642133734317095e-01, 3.704383074159681155e-01, 8.868233433253104592e-02
1.284897352170155105e-01, 4.123822098798367031e-01, 3.704488059380673382e-01, 8.867924896508050381e-02
1.284643428389991016e-01, 4.124002009677395497e-01, 3.704592816463339600e-01, 8.867617454692740264e-02
1.284389677416516162e-01, 4.124181866435125965e-01, 3.704697345422682808e-01, 8.867311107256760361e-02
1.284136099225999805e-01, 4.124361669135233055e-01, 3.704801646273789273e-01, 8.867005853649771729e-02
1.283882693794664576e-01, 4.124541417841340318e-01, 3.704905719031841294e-01, 8.866701693321542288e-02
1.283629461098683422e-01, 4.124721112617019680e-01, 3.705009563712104992e-01, 8.866398625721914895e-02
1.283376401114182941e-01, 4.124900753525793107e-01, 3.705113180329941414e-01, 8.866096650300835103e-02
1.283123513817242545e-01, 4.125080340631129827e-01, 3.705216568900794871e-01, 8.865795766508331732e-02
1.282870799183892241e-01, 4.125259873996451332e-01, 3.705319729440204046e-01, 8.865495973794527973e-02
1.282618257190116240e-01, 4.125439353685124710e-01, 3.705422661963795883e-01, 8.865197271609638607e-02
1.282365887811849903e-01, 4.125618779760468757e-01, 3.705525366487285588e-01, 8.864899659403965848e-02
1.282113691024981128e-01, 4.125798152285747866e-01, 3.705627843026479962e-01, 8.864603136627902114e-02
1.281861666805351463e-01, 4.125977471324179247e-01, 3.705730091597275178e-01, 8.864307702731931415e-02
1.281609815128753604e-01, 4.126156736938924596e-01, 3.705832112215657892e-01, 8.864013357166627971e-02
1.281358135970933620e-01, 4.126335949193099539e-01, 3.705933904897700248e-01, 8.863720099382654816e-02
1.281106629307589562e-01, 4.126515108149761968e-01, 3.706035469659572090e-01, 8.863427928830761027e-02
1.280855295114372294e-01, 4.126694213871922590e-01, 3.706136806517526527e-01, 8.863136844961787275e-02
1.280604133366883834e-01, 4.126873266422538267e-01, 3.706237915487910484e-01, 8.862846847226664437e-02
1.280353144040681512e-01, 4.127052265864517011e-01, 3.706338796587159701e-01, 8.862557935076410820e-02
1.280102327111272698e-01, 4.127231212260712989e-01, 3.706439449831800403e-01, 8.862270107962134935e-02
1.279851682554119796e-01, 4.127410105673928742e-01, 3.706539875238448190e-01, 8.861983365335034113e-02
1.279601210344635531e-01, 4.127588946166913519e-01, 3.706640072823811360e-01, 8.861697706646387562e-02
1.279350910458186552e-01, 4.127767733802369943e-01, 3.706740042604687591e-01, 8.861413131347570249e-02
1.279100782870091768e-01, 4.127946468642942901e-01, 3.706839784597961707e-01, 8.861129638890040405e-02
1.278850827555622904e-01, 4.128125150751227879e-01, 3.706939298820614015e-01, 8.860847228725346469e-02
1.278601044490005889e-01, 4.128303780189768735e-01, 3.707038585289713084e-01, 8.860565900305124309e-02
1.278351433648416136e-01, 4.128482357021057148e-01, 3.707137644022417966e-01, 8.860285653081098611e-02
1.278101995005984926e-01, 4.128660881307528174e-01, 3.707236475035978196e-01, 8.860006486505075940e-02
1.277852728537795246e-01, 4.128839353111573018e-01, 3.707335078347736568e-01, 8.859728400028955841e-02
1.277603634218881512e-01, 4.129017772495522931e-01, 3.707433453975123583e-01, 8.859451393104716965e-02
1.277354712024233729e-01, 4.129196139521661424e-01, 3.707531601935662446e-01, 8.859175465184433718e-02
1.277105961928792499e-01, 4.129374454252216498e-01, 3.707629522246965181e-01, 8.858900615720260996e-02
1.276857383907452348e-01, 4.129552716749365082e-01, 3.707727214926737624e-01, 8.858626844164442515e-02
1.276608977935061173e-01, 4.129730927075232483e-01, 3.707824679992776651e-01, 8.858354149969308033e-02
1.276360743986418023e-01, 4.129909085291887938e-01, 3.707921917462966288e-01, 8.858082532587269187e-02
1.276112682036277257e-01, 4.130087191461352947e-01, 3.708018927355286598e-01, 8.857811991470833368e-02
1.275864792059343833e-01, 4.130265245645592387e-01, 3.708115709687806461e-01, 8.857542526072575972e-02
1.275617074030277187e-01, 4.130443247906518955e-01, 3.708212264478685238e-01, 8.857274135845176477e-02
1.275369527923690127e-01, 4.130621198305994834e-01, 3.708308591746175553e-01, 8.857006820241392075e-02
1.275122153714148276e-01, 4.130799096905823919e-01, 3.708404691508622730e-01, 8.856740578714060452e-02
1.274874951376167853e-01, 4.130976943767764031e-01, 3.708500563784458137e-01, 8.856475410716106722e-02
1.274627920884222054e-01, 4.131154738953514705e-01, 3.708596208592209731e-01, 8.856211315700546205e-02
1.274381062212733839e-01, 4.131332482524723848e-01, 3.708691625950494841e-01, 8.855948293120466386e-02
1.274134375336082314e-01, 4.131510174542985525e-01, 3.708786815878026277e-01, 8.855686342429057445e-02
1.273887860228597735e-01, 4.131687815069842729e-01, 3.708881778393601780e-01, 8.855425463079577564e-02
1.273641516864563727e-01, 4.131865404166783495e-01, 3.708976513516116791e-01, 8.855165654525373742e-02
1.273395345218216457e-01, 4.132042941895240906e-01, 3.709071021264555013e-01, 8.854906916219876245e-02
1.273149345263747678e-01, 4.132220428316598082e-01, 3.709165301657993408e-01, 8.854649247616601382e-02
1.272903516975301685e-01, 4.132397863492181522e-01, 3.709259354715603307e-01, 8.854392648169143176e-02
1.272657860326972534e-01, 4.132575247483264436e-01, 3.709353180456643750e-01, 8.854137117331187246e-02
1.272412375292812647e-01, 4.132752580351069516e-01, 3.709446778900468700e-01, 8.853882654556492759e-02
1.272167061846824487e-01, 4.132929862156761724e-01, 3.709540150066522601e-01, 8.853629259298910481e-02
1.271921919962965553e-01, 4.133107092961454399e-01, 3.709633293974344825e-01, 8.853376931012364726e-02
1.271676949615144769e-01, 4.133284272826204253e-01, 3.709726210643563005e-01, 8.853125669150867239e-02
1.271432150777225822e-01, 4.133461401812020264e-01, 3.709818900093903027e-01, 8.852875473168517195e-02
1.271187523423026322e-01, 4.133638479979850344e-01, 3.709911362345175712e-01, 8.852626342519483160e-02
1.270943067526315307e-01, 4.133815507390591892e-01, 3.710003597417289578e-01, 8.852378276658022516e-02
1.270698783060817683e-01, 4.133992484105089571e-01, 3.710095605330246404e-01, 8.852131275038473135e-02
1.270454670000209507e-01, 4.134169410184129201e-01, 3.710187386104134566e-01, 8.851885337115258934e-02
1.270210728318122151e-01, 4.134346285688447198e-01, 3.710278939759142913e-01, 8.851640462342877380e-02
1.269966957988138689e-01, 4.134523110678722801e-01, 3.710370266315548005e-01, 8.851396650175910596e-02
1.269723358983797512e-01, 4.134699885215581405e-01, 3.710461365793719102e-01, 8.851153900069017033e-02
1.269479931278589269e-01, 4.134876609359594002e-01, 3.710552238214120391e-01, 8.850912211476946734e-02
1.269236674845959090e-01, 4.135053283171278848e-01, 3.710642883597309316e-01, 8.850671583854524682e-02
1.268993589659304644e-01, 4.135229906711096470e-01, 3.710733301963935471e-01, 8.850432016656645251e-02
1.268750675691978080e-01, 4.135406480039454102e-01, 3.710823493334738932e-01, 8.850193509338297182e-02
1.268507932917284364e-01, 4.135583003216706244e-01, 3.710913457730555254e-01, 8.849956061354544157e-02
1.268265361308483219e-01, 4.135759476303147997e-01, 3.711003195172316027e-01, 8.849719672160524797e-02
1.268022960838786906e-01, 4.135935899359024503e-01, 3.711092705681040549e-01, 8.849484341211466543e-02
1.267780731481361889e-01, 4.136112272444525395e-01, 3.711181989277845261e-01, 8.849250067962668997e-02
1.267538673209328282e-01, 4.136288595619782571e-01, 3.711271045983938754e-01, 8.849016851869513645e-02
1.267296785995759567e-01, 4.136464868944872419e-01, 3.711359875820622323e-01, 8.848784692387456907e-02
1.267055069813684265e-01, 4.136641092479821369e-01, 3.711448478809291074e-01, 8.848553588972039863e-02
1.266813524636082322e-01, 4.136817266284594785e-01, 3.711536854971435595e-01, 8.848323541078867427e-02
1.266572150435889554e-01, 4.136993390419108074e-01, 3.711625004328637512e-01, 8.848094548163651374e-02
1.266330947185995148e-01, 4.137169464943216690e-01, 3.711712926902572263e-01, 8.847866609682153438e-02
1.266089914859241383e-01, 4.137345489916724461e-01, 3.711800622715011877e-01, 8.847639725090228335e-02
1.265849053428424464e-01, 4.137521465399376930e-01, 3.711888091787819421e-01, 8.847413893843798782e-02
1.265608362866295356e-01, 4.137697391450866347e-01, 3.711975334142950667e-01, 8.847189115398872150e-02
1.265367843145557836e-01, 4.137873268130828341e-01, 3.712062349802460193e-01, 8.846965389211527975e-02
1.265127494238870443e-01, 4.138049095498843588e-01, 3.712149138788492508e-01, 8.846742714737930446e-02
1.264887316118845362e-01, 4.138224873614436139e-01, 3.712235701123287046e-01, 8.846521091434313144e-02
1.264647308758048427e-01, 4.138400602537073980e-01, 3.712322036829178162e-01, 8.846300518756987363e-02
1.264407472128999399e-01, 4.138576282326174027e-01, 3.712408145928592362e-01, 8.846080996162339338e-02
1.264167806204172795e-01, 4.138751913041089359e-01, 3.712494028444053851e-01, 8.845862523106842734e-02
1.263928310955995948e-01, 4.138927494741123092e-01, 3.712579684398178426e-01, 8.845645099047028115e-02
1.263688986356850674e-01, 4.139103027485520614e-01, 3.712665113813675699e-01, 8.845428723439521801e-02
1.263449832379074100e-01, 4.139278511333472355e-01, 3.712750316713353538e-01, 8.845213395741012563e-02
1.263210848994955060e-01, 4.139453946344107682e-01, 3.712835293120109736e-01, 8.844999115408261336e-02
1.262972036176739088e-01, 4.139629332576509890e-01, 3.712920043056939234e-01, 8.844785881898120650e-02
1.262733393896623146e-01, 4.139804670089694549e-01, 3.713004566546931340e-01, 8.844573694667499930e-02
1.262494922126760344e-01, 4.139979958942630045e-01, 3.713088863613269730e-01, 8.844362553173400199e-02
1.262256620839256882e-01, 4.140155199194222035e-01, 3.713172934279232451e-01, 8.844152456872882151e-02
1.262018490006173443e-01, 4.140330390903323443e-01, 3.713256778568194139e-01, 8.843943405223084198e-02
1.261780529599525191e-01, 4.140505534128730569e-01, 3.713340396503620466e-01, 8.843735397681229404e-02
1.261542739591281215e-01, 4.140680628929180873e-01, 3.713423788109078139e-01, 8.843528433704604674e-02
1.261305119953363418e-01, 4.140855675363357968e-01, 3.713506953408221567e-01, 8.843322512750569075e-02
1.261067670657651518e-01, 4.141030673489886071e-01, 3.713589892424806749e-01, 8.843117634276564942e-02
1.260830391675975548e-01, 4.141205623367336663e-01, 3.713672605182679054e-01, 8.842913797740094284e-02
1.260593282980122798e-01, 4.141380525054217943e-01, 3.713755091705784328e-01, 8.842711002598746539e-02
1.260356344541832541e-01, 4.141555378608988147e-01, 3.713837352018161675e-01, 8.842509248310174985e-02
1.260119576332799363e-01, 4.141730184090045008e-01, 3.713919386143944013e-01, 8.842308534332105063e-02
1.259882978324673719e-01, 4.141904941555731301e-01, 3.714001194107361958e-01, 8.842108860122344094e-02
1.259646550489057493e-01, 4.142079651064327628e-01, 3.714082775932738834e-01, 8.841910225138759072e-02
1.259410292797508990e-01, 4.142254312674064076e-01, 3.714164131644496214e-01, 8.841712628839294708e-02
1.259174205221539888e-01, 4.142428926443112447e-01, 3.714245261267150600e-01, 8.841516070681976203e-02
1.258938287732617178e-01, 4.142603492429581813e-01, 3.714326164825313970e-01, 8.841320550124882882e-02
1.258702540302161221e-01, 4.142778010691530732e-01, 3.714406842343690451e-01, 8.841126066626171787e-02
1.258466962901548247e-01, 4.142952481286956146e-01, 3.714487293847087424e-01, 8.840932619644087387e-02
1.258231555502107302e-01, 4.143126904273798927e-01, 3.714567519360402192e-01, 8.840740208636917175e-02
1.257996318075123299e-01, 4.143301279709941665e-01, 3.714647518908629764e-01, 8.840548833063043010e-02
1.257761250591834801e-01, 4.143475607653213100e-01, 3.714727292516861179e-01, 8.840358492380903654e-02
1.257526353023434851e-01, 4.143649888161379247e-01, 3.714806840210285177e-01, 8.840169186049015582e-02
1.257291625341071806e-01, 4.143824121292151164e-01, 3.714886162014180981e-01, 8.839980913525960493e-02
1.257057067515848225e-01, 4.143998307103182732e-01, 3.714965257953931066e-01, 8.839793674270388091e-02
1.256822679518820873e-01, 4.144172445652066772e-01, 3.715044128055008943e-01, 8.839607467741028568e-02
1.256588461321001549e-01, 4.144346536996341701e-01, 3.715122772342989155e-01, 8.839422293396673180e-02
1.256354412893355976e-01, 4.144520581193488762e-01, 3.715201190843536727e-01, 8.839238150696178409e-02
1.256120534206806583e-01, 4.144694578300925913e-01, 3.715279383582418826e-01, 8.839055039098484001e-02
1.255886825232227777e-01, 4.144868528376020600e-01, 3.715357350585494212e-01, 8.838872958062579666e-02
1.255653285940449559e-01, 4.145042431476074762e-01, 3.715435091878721563e-01, 8.838691907047539764e-02
1.255419916302257521e-01, 4.145216287658337051e-01, 3.715512607488155594e-01, 8.838511885512503885e-02
1.255186716288390347e-01, 4.145390096979995609e-01, 3.715589897439946498e-01, 8.838332892916667127e-02
1.254953685869544255e-01, 4.145563859498180848e-01, 3.715666961760343834e-01, 8.838154928719317571e-02
1.254720825016366614e-01, 4.145737575269966557e-01, 3.715743800475689307e-01, 8.837977992379776604e-02
1.254488133699462882e-01, 4.145911244352366021e-01, 3.715820413612425099e-01, 8.837802083357469696e-02
1.254255611889389943e-01, 4.146084866802333679e-01, 3.715896801197089983e-01, 8.837627201111862563e-02
1.254023259556662773e-01, 4.146258442676769018e-01, 3.715972963256319317e-01, 8.837453345102497249e-02
1.253791076671748606e-01, 4.146431972032506019e-01, 3.716048899816846163e-01, 8.837280514788989350e-02
1.253559063205071655e-01, 4.146605454926328149e-01, 3.716124610905499059e-01, 8.837108709631008585e-02
1.253327219127009784e-01, 4.146778891414954482e-01, 3.716200096549204801e-01, 8.836937929088306554e-02
1.253095544407895057e-01, 4.146952281555047470e-01, 3.716275356774988436e-01, 8.836768172620683426e-02
1.252864039018015685e-01, 4.147125625403211835e-01, 3.716350391609971604e-01, 8.836599439688012925e-02
1.252632702927614916e-01, 4.147298923015990124e-01, 3.716425201081370311e-01, 8.836431729750243713e-02
1.252401536106889646e-01, 4.147472174449868265e-01, 3.716499785216503260e-01, 8.836265042267375802e-02
1.252170538525993193e-01, 4.147645379761274453e-01, 3.716574144042785188e-01, 8.836099376699484143e-02
1.251939710155032526e-01, 4.147818539006573046e-01, 3.716648277587724092e-01, 8.835934732506701972e-02
1.251709050964070202e-01, 4.147991652242076221e-01, 3.716722185878931217e-01, 8.835771109149230529e-02
1.251478560923124372e-01, 4.148164719524027877e-01, 3.716795868944113290e-01, 8.835608506087337666e-02
1.251248240002167111e-01, 4.148337740908621951e-01, 3.716869326811075847e-01, 8.835446922781355072e-02
1.251018088171126641e-01, 4.148510716451987990e-01, 3.716942559507718791e-01, 8.835286358691676889e-02
1.250788105399884553e-01, 4.148683646210196141e-01, 3.717015567062043058e-01, 8.835126813278762481e-02
1.250558291658279420e-01, 4.148856530239257712e-01, 3.717088349502148392e-01, 8.834968286003128113e-02
1.250328646916104847e-01, 4.149029368595126277e-01, 3.717160906856232239e-01, 8.834810776325369153e-02
1.250099171143106702e-01, 4.149202161333694350e-01, 3.717233239152585300e-01, 8.834654283706129541e-02
1.249869864308989914e-01, 4.149374908510792825e-01, 3.717305346419604306e-01, 8.834498807606125381e-02
1.249640726383412503e-01, 4.149547610182197088e-01, 3.717377228685777579e-01, 8.834344347486128290e-02
1.249411757335987805e-01, 4.149720266403618130e-01, 3.717448885979697248e-01, 8.834190902806976498e-02
1.249182957136283911e-01, 4.149892877230712540e-01, 3.717520318330047036e-01, 8.834038473029574845e-02
1.248954325753824646e-01, 4.150065442719071962e-01, 3.717591525765616134e-01, 8.833887057614876748e-02
1.248725863158089422e-01, 4.150237962924230861e-01, 3.717662508315287551e-01, 8.833736656023917500e-02
1.248497569318513106e-01, 4.150410437901662641e-01, 3.717733266008045878e-01, 8.833587267717782354e-02
1.248269444204484352e-01, 4.150582867706780199e-01, 3.717803798872973409e-01, 8.833438892157616240e-02
1.248041487785347681e-01, 4.150755252394939254e-01, 3.717874106939249579e-01, 8.833291528804629311e-02
1.247813700030404593e-01, 4.150927592021431134e-01, 3.717944190236155966e-01, 8.833145177120085845e-02
1.247586080908908990e-01, 4.151099886641491654e-01, 3.718014048793067405e-01, 8.832999836565330609e-02
1.247358630390072304e-01, 4.151272136310291128e-01, 3.718083682639463095e-01, 8.832855506601744455e-02
1.247131348443060728e-01, 4.151444341082941025e-01, 3.718153091804918819e-01, 8.832712186690784562e-02
1.246904235036995212e-01, 4.151616501014497862e-01, 3.718222276319111397e-01, 8.832569876293960842e-02
1.246677290140952715e-01, 4.151788616159948209e-01, 3.718291236211813677e-01, 8.832428574872844274e-02
1.246450513723965786e-01, 4.151960686574228121e-01, 3.718359971512898432e-01, 8.832288281889073833e-02
1.246223905755022288e-01, 4.152132712312203155e-01, 3.718428482252341127e-01, 8.832148996804335683e-02
1.245997466203064424e-01, 4.152304693428685023e-01, 3.718496768460212154e-01, 8.832010719080386763e-02
1.245771195036991102e-01, 4.152476629978422706e-01, 3.718564830166681823e-01, 8.831873448179029806e-02
1.245545092225656264e-01, 4.152648522016106347e-01, 3.718632667402023140e-01, 8.831737183562132776e-02
1.245319157737869303e-01, 4.152820369596359473e-01, 3.718700280196607366e-01, 8.831601924691630245e-02
1.245093391542395206e-01, 4.152992172773750101e-01, 3.718767668580902908e-01, 8.831467671029506750e-02
1.244867793607954548e-01, 4.153163931602786296e-01, 3.718834832585479200e-01, 8.831334422037802334e-02
1.244642363903222665e-01, 4.153335646137908399e-01, 3.718901772241006154e-01, 8.831202177178623658e-02
1.244417102396832148e-01, 4.153507316433501240e-01, 3.718968487578254156e-01, 8.831070935914123177e-02
1.244192009057369236e-01, 4.153678942543886921e-01, 3.719034978628091292e-01, 8.830940697706519960e-02
1.243967083853377009e-01, 4.153850524523327592e-01, 3.719101245421487234e-01, 8.830811462018092750e-02
1.243742326753352889e-01, 4.154022062426020456e-01, 3.719167287989509352e-01, 8.830683228311168864e-02
1.243517737725752387e-01, 4.154193556306106094e-01, 3.719233106363328267e-01, 8.830555996048132517e-02
1.243293316738983828e-01, 4.154365006217659584e-01, 3.719298700574213412e-01, 8.830429764691435923e-02
1.243069063761412796e-01, 4.154536412214697716e-01, 3.719364070653532472e-01, 8.830304533703575709e-02
1.242844978761359770e-01, 4.154707774351174554e-01, 3.719429216632756385e-01, 8.830180302547106785e-02
1.242621061707101515e-01, 4.154879092680979213e-01, 3.719494138543454897e-01, 8.830057070684638187e-02
1.242397312566870110e-01, 4.155050367257947519e-01, 3.719558836417296566e-01, 8.829934837578848339e-02
1.242173731308854057e-01, 4.155221598135844796e-01, 3.719623310286055418e-01, 8.829813602692454522e-02
1.241950317901196477e-01, 4.155392785368379194e-01, 3.719687560181601516e-01, 8.829693365488230916e-02
1.241727072311996777e-01, 4.155563929009195023e-01, 3.719751586135904842e-01, 8.829574125429014153e-02
1.241503994509309955e-01, 4.155735029111878309e-01, 3.719815388181040849e-01, 8.829455881977696374e-02
1.241281084461147849e-01, 4.155906085729949573e-01, 3.719878966349181026e-01, 8.829338634597211355e-02
1.241058342135476361e-01, 4.156077098916866608e-01, 3.719942320672600666e-01, 8.829222382750565035e-02
1.240835767500218789e-01, 4.156248068726028921e-01, 3.720005451183672762e-01, 8.829107125900793884e-02
1.240613360523252773e-01, 4.156418995210770517e-01, 3.720068357914874668e-01, 8.828992863511016254e-02
1.240391121172412653e-01, 4.156589878424365447e-01, 3.720131040898783104e-01, 8.828879595044379636e-02
1.240169049415489333e-01, 4.156760718420025591e-01, 3.720193500168075262e-01, 8.828767319964098137e-02
1.239947145220228475e-01, 4.156931515250896769e-01, 3.720255735755530480e-01, 8.828656037733441375e-02
1.239725408554331332e-01, 4.157102268970068182e-01, 3.720317747694030230e-01, 8.828545747815712275e-02
1.239503839385455858e-01, 4.157272979630561305e-01, 3.720379536016553135e-01, 8.828436449674284536e-02
1.239282437681217125e-01, 4.157443647285339328e-01, 3.720441100756186059e-01, 8.828328142772591536e-02
1.239061203409182882e-01, 4.157614271987298271e-01, 3.720502441946109129e-01, 8.828220826574086078e-02
1.238840136536879938e-01, 4.157784853789277535e-01, 3.720563559619610716e-01, 8.828114500542311172e-02
1.238619237031789860e-01, 4.157955392744049350e-01, 3.720624453810077448e-01, 8.828009164140827869e-02
1.238398504861350363e-01, 4.158125888904324885e-01, 3.720685124550998091e-01, 8.827904816833277712e-02
1.238177939992954196e-01, 4.158296342322750916e-01, 3.720745571875961333e-01, 8.827801458083324448e-02
1.237957542393952060e-01, 4.158466753051913711e-01, 3.720805795818662998e-01, 8.827699087354712315e-02
1.237737312031648579e-01, 4.158637121144335147e-01, 3.720865796412893833e-01, 8.827597704111209143e-02
1.237517248873306885e-01, 4.158807446652476592e-01, 3.720925573692551169e-01, 8.827497307816654926e-02
1.237297352886143204e-01, 4.158977729628731135e-01, 3.720985127691632255e-01, 8.827397897934925741e-02
1.237077624037332957e-01, 4.159147970125434135e-01, 3.721044458444238145e-01, 8.827299473929950402e-02
1.236858062294005356e-01, 4.159318168194852117e-01, 3.721103565984570372e-01, 8.827202035265713231e-02
1.236638667623246451e-01, 4.159488323889196648e-01, 3.721162450346932049e-01, 8.827105581406241575e-02
1.236419439992098718e-01, 4.159658437260608799e-01, 3.721221111565731210e-01, 8.827010111815614124e-02
1.236200379367560775e-01, 4.159828508361170241e-01, 3.721279549675474141e-01, 8.826915625957960920e-02
1.235981485716586281e-01, 4.159998537242896033e-01, 3.721337764710772045e-01, 8.826822123297450862e-02
1.235762759006087674e-01, 4.160168523957740727e-01, 3.721395756706341595e-01, 8.826729603298319460e-02
1.235544199202930488e-01, 4.160338468557595037e-01, 3.721453525696992726e-01, 8.826638065424824431e-02
1.235325806273937926e-01, 4.160508371094282509e-01, 3.721511071717648611e-01, 8.826547509141299819e-02
1.235107580185890175e-01, 4.160678231619570067e-01, 3.721568394803330126e-01, 8.826457933912107423e-02
1.234889520905522314e-01, 4.160848050185153024e-01, 3.721625494989157512e-01, 8.826369339201667330e-02
1.234671628399526822e-01, 4.161017826842669520e-01, 3.721682372310359810e-01, 8.826281724474441259e-02
1.234453902634551209e-01, 4.161187561643689414e-01, 3.721739026802265426e-01, 8.826195089194936727e-02
1.234236343577200384e-01, 4.161357254639720948e-01, 3.721795458500306575e-01, 8.826109432827709822e-02
1.234018951194034985e-01, 4.161526905882208527e-01, 3.721851667440019273e-01, 8.826024754837367980e-02
1.233801725451572351e-01, 4.161696515422531051e-01, 3.721907653657040571e-01, 8.825941054688560272e-02
1.233584666316285411e-01, 4.161866083312004694e-01, 3.721963417187112433e-01, 8.825858331845977400e-02
1.233367773754603935e-01, 4.162035609601881792e-01, 3.722018958066077299e-01, 8.825776585774364191e-02
1.233151047732915229e-01, 4.162205094343349177e-01, 3.722074276329885856e-01, 8.825695815938505717e-02
1.232934488217560381e-01, 4.162374537587530399e-01, 3.722129372014584825e-01, 8.825616021803235622e-02
1.232718095174838990e-01, 4.162543939385485170e-01, 3.722184245156333615e-01, 8.825537202833423633e-02
1.232501868571006104e-01, 4.162713299788206589e-01, 3.722238895791386559e-01, 8.825459358494003315e-02
1.232285808372274305e-01, 4.162882618846626692e-01, 3.722293323956106237e-01, 8.825382488249935986e-02
1.232069914544810657e-01, 4.163051896611610347e-01, 3.722347529686955703e-01, 8.825306591566230152e-02
1.231854187054741007e-01, 4.163221133133959695e-01, 3.722401513020505148e-01, 8.825231667907940114e-02
1.231638625868145265e-01, 4.163390328464411927e-01, 3.722455273993426350e-01, 8.825157716740164582e-02
1.231423230951061709e-01, 4.163559482653638733e-01, 3.722508812642494891e-01, 8.825084737528039736e-02
1.231208002269484347e-01, 4.163728595752249073e-01, 3.722562129004590714e-01, 8.825012729736761430e-02
1.230992939789364166e-01, 4.163897667810782521e-01, 3.722615223116698124e-01, 8.824941692831551887e-02
1.230778043476608019e-01, 4.164066698879720918e-01, 3.722668095015903011e-01, 8.824871626277681902e-02
1.230563313297080019e-01, 4.164235689009473940e-01, 3.722720744739398402e-01, 8.824802529540468066e-02
1.230348749216599591e-01, 4.164404638250392421e-01, 3.722773172324481683e-01, 8.824734402085257501e-02
1.230134351200944109e-01, 4.164573546652760028e-01, 3.722825377808549607e-01, 8.824667243377457004e-02
1.229920119215847513e-01, 4.164742414266792703e-01, 3.722877361229109394e-01, 8.824601052882501129e-02
1.229706053226999052e-01, 4.164911241142646436e-01, 3.722929122623768738e-01, 8.824535830065871611e-02
1.229492153200045651e-01, 4.165080027330406165e-01, 3.722980662030238586e-01, 8.824471574393091822e-02
1.229278419100590658e-01, 4.165248772880097428e-01, 3.723031979486340903e-01, 8.824408285329723989e-02
1.229064850894193983e-01, 4.165417477841675820e-01, 3.723083075029993139e-01, 8.824345962341367811e-02
1.228851448546372654e-01, 4.165586142265035319e-01, 3.723133948699223206e-01, 8.824284604893675721e-02
1.228638212022599430e-01, 4.165754766200002734e-01, 3.723184600532166155e-01, 8.824224212452325133e-02
1.228425141288304184e-01, 4.165923349696337707e-01, 3.723235030567053627e-01, 8.824164784483046198e-02
1.228212236308874328e-01, 4.166091892803737706e-01, 3.723285238842227174e-01, 8.824106320451605145e-02
1.227999497049652583e-01, 4.166260395571834141e-01, 3.723335225396133263e-01, 8.824048819823795964e-02
1.227786923475939623e-01, 4.166428858050190698e-01, 3.723384990267323280e-01, 8.823992282065472315e-02
1.227574515552991852e-01, 4.166597280288305560e-01, 3.723434533494452414e-01, 8.823936706642512839e-02
1.227362273246023205e-01, 4.166765662335611964e-01, 3.723483855116281327e-01, 8.823882093020839201e-02
1.227150196520203768e-01, 4.166934004241478751e-01, 3.723532955171676706e-01, 8.823828440666407757e-02
1.226938285340661294e-01, 4.167102306055208150e-01, 3.723581833699608490e-01, 8.823775749045222050e-02
1.226726539672479133e-01, 4.167270567826036332e-01, 3.723630490739152643e-01, 8.823724017623313376e-02
1.226514959480698719e-01, 4.167438789603131744e-01, 3.723678926329493377e-01, 8.823673245866754666e-02
1.226303544730317496e-01, 4.167606971435598440e-01, 3.723727140509916489e-01, 8.823623433241659098e-02
1.226092295386290859e-01, 4.167775113372476081e-01, 3.723775133319815467e-01, 8.823574579214182867e-02
1.225881211413528266e-01, 4.167943215462733830e-01, 3.723822904798687050e-01, 8.823526683250494662e-02
1.225670292776899761e-01, 4.168111277755278121e-01, 3.723870454986137890e-01, 8.823479744816831172e-02
1.225459539441229734e-01, 4.168279300298949885e-01, 3.723917783921875113e-01, 8.823433763379447126e-02
1.225248951371299966e-01, 4.168447283142519555e-01, 3.723964891645715758e-01, 8.823388738404636111e-02
1.225038528531850468e-01, 4.168615226334695945e-01, 3.724011778197580669e-01, 8.823344669358726411e-02
1.224828270887576148e-01, 4.168783129924117925e-01, 3.724058443617496716e-01, 8.823301555708092103e-02
1.224618178403130420e-01, 4.168950993959361084e-01, 3.724104887945597908e-01, 8.823259396919125308e-02
1.224408251043122287e-01, 4.169118818488927181e-01, 3.724151111222123167e-01, 8.823218192458268105e-02
1.224198488772119259e-01, 4.169286603561263571e-01, 3.724197113487416333e-01, 8.823177941791993106e-02
1.223988891554645547e-01, 4.169454349224740453e-01, 3.724242894781932267e-01, 8.823138644386813167e-02
1.223779459355180815e-01, 4.169622055527667515e-01, 3.724288455146226307e-01, 8.823100299709255023e-02
1.223570192138163371e-01, 4.169789722518282282e-01, 3.724333794620963145e-01, 8.823062907225906470e-02
1.223361089867988083e-01, 4.169957350244760108e-01, 3.724378913246915168e-01, 8.823026466403371959e-02
1.223152152509006801e-01, 4.170124938755208066e-01, 3.724423811064955236e-01, 8.822990976708294797e-02
1.222943380025528493e-01, 4.170292488097663841e-01, 3.724468488116072229e-01, 8.822956437607352986e-02
1.222734772381818685e-01, 4.170459998320103501e-01, 3.724512944441352724e-01, 8.822922848567259224e-02
1.222526329542100582e-01, 4.170627469470429838e-01, 3.724557180081994323e-01, 8.822890209054748412e-02
1.222318051470554778e-01, 4.170794901596484028e-01, 3.724601195079301208e-01, 8.822858518536601247e-02
1.222109938131317880e-01, 4.170962294746036192e-01, 3.724644989474683032e-01, 8.822827776479622020e-02
1.221901989488485135e-01, 4.171129648966791503e-01, 3.724688563309658806e-01, 8.822797982350653878e-02
1.221694205506106690e-01, 4.171296964306385191e-01, 3.724731916625850792e-01, 8.822769135616567726e-02
1.221486586148192721e-01, 4.171464240812389757e-01, 3.724775049464992827e-01, 8.822741235744264998e-02
1.221279131378707888e-01, 4.171631478532304982e-01, 3.724817961868919225e-01, 8.822714282200674885e-02
1.221071841161575910e-01, 4.171798677513566811e-01, 3.724860653879580319e-01, 8.822688274452775148e-02
1.220864715460676236e-01, 4.171965837803542354e-01, 3.724903125539026361e-01, 8.822663211967554653e-02
1.220657754239846959e-01, 4.172132959449532108e-01, 3.724945376889417514e-01, 8.822639094212039734e-02
1.220450957462882041e-01, 4.172300042498768846e-01, 3.724987407973020526e-01, 8.822615920653288646e-02
1.220244325093533949e-01, 4.172467086998413177e-01, 3.725029218832212607e-01, 8.822593690758392948e-02
1.220037857095511435e-01, 4.172634092995566313e-01, 3.725070809509474223e-01, 8.822572403994467793e-02
1.219831553432480925e-01, 4.172801060537256745e-01, 3.725112180047396859e-01, 8.822552059828657478e-02
1.219625414068065683e-01, 4.172967989670443023e-01, 3.725153330488677472e-01, 8.822532657728134053e-02
1.219419438965846786e-01, 4.173134880442020411e-01, 3.725194260876121821e-01, 8.822514197160112592e-02
1.219213628089362289e-01, 4.173301732898812566e-01, 3.725234971252643357e-01, 8.822496677591822045e-02
1.219007981402107782e-01, 4.173468547087579861e-01, 3.725275461661261001e-01, 8.822480098490519118e-02
1.218802498867535833e-01, 4.173635323055007729e-01, 3.725315732145106362e-01, 8.822464459323500763e-02
1.218597180449056266e-01, 4.173802060847719986e-01, 3.725355782747414857e-01, 8.822449759558084748e-02
1.218392026110037274e-01, 4.173968760512268839e-01, 3.725395613511533477e-01, 8.822435998661612433e-02
1.218187035813803332e-01, 4.174135422095138770e-01, 3.725435224480911911e-01, 8.822423176101462650e-02
1.217982209523636450e-01, 4.174302045642744319e-01, 3.725474615699116421e-01, 8.822411291345030881e-02
1.217777547202775895e-01, 4.174468631201436741e-01, 3.725513787209811523e-01, 8.822400343859748695e-02
1.217573048814419023e-01, 4.174635178817493464e-01, 3.725552739056779972e-01, 8.822390333113069860e-02
1.217368714321720308e-01, 4.174801688537127520e-01, 3.725591471283904998e-01, 8.822381258572471741e-02
1.217164543687791201e-01, 4.174968160406478668e-01, 3.725629983935182521e-01, 8.822373119705466393e-02
1.216960536875701382e-01, 4.175134594471624494e-01, 3.725668277054716704e-01, 8.822365915979576978e-02
1.216756693848476678e-01, 4.175300990778567645e-01, 3.725706350686717738e-01, 8.822359646862373839e-02
1.216553014569101282e-01, 4.175467349373245263e-01, 3.725744204875510168e-01, 8.822354311821425932e-02
1.216349499000517892e-01, 4.175633670301526212e-01, 3.725781839665520678e-01, 8.822349910324354949e-02
1.216146147105624242e-01, 4.175799953609211079e-01, 3.725819255101287530e-01, 8.822346441838785358e-02
1.215942958847277405e-01, 4.175966199342025509e-01, 3.725856451227459454e-01, 8.822343905832379096e-02
1.215739934188291155e-01, 4.176132407545635750e-01, 3.725893428088792314e-01, 8.822342301772814754e-02
1.215537073091437353e-01, 4.176298578265631445e-01, 3.725930185730151334e-01, 8.822341629127802842e-02
1.215334375519444982e-01, 4.176464711547536734e-01, 3.725966724196511093e-01, 8.822341887365069135e-02
1.215131841435000970e-01, 4.176630807436807480e-01, 3.726003043532954973e-01, 8.822343075952368552e-02
1.214929470800748534e-01, 4.176796865978826268e-01, 3.726039143784677932e-01, 8.822345194357475440e-02
1.214727263579290784e-01, 4.176962887218910736e-01, 3.726075024996979290e-01, 8.822348242048187739e-02
1.214525219733186556e-01, 4.177128871202309135e-01, 3.726110687215272166e-01, 8.822352218492336695e-02
1.214323339224952225e-01, 4.177294817974195329e-01, 3.726146130485077368e-01, 8.822357123157753556e-02
1.214121622017062391e-01, 4.177460727579681010e-01, 3.726181354852025063e-01, 8.822362955512315363e-02
1.213920068071949604e-01, 4.177626600063801821e-01, 3.726216360361857549e-01, 8.822369715023901937e-02
1.213718677352003811e-01, 4.177792435471529009e-01, 3.726251147060423707e-01, 8.822377401160431953e-02
1.213517449819571797e-01, 4.177958233847762215e-01, 3.726285714993681775e-01, 8.822386013389825477e-02
1.213316385436959549e-01, 4.178123995237330579e-01, 3.726320064207705451e-01, 8.822395551180045592e-02
1.213115484166428504e-01, 4.178289719684995518e-01, 3.726354194748668913e-01, 8.822406013999056773e-02
1.212914745970200131e-01, 4.178455407235449059e-01, 3.726388106662864019e-01, 8.822417401314860963e-02
1.212714170810452324e-01, 4.178621057933309957e-01, 3.726421799996691431e-01, 8.822429712595465656e-02
1.212513758649320511e-01, 4.178786671823130350e-01, 3.726455274796659500e-01, 8.822442947308904715e-02
1.212313509448898485e-01, 4.178952248949391324e-01, 3.726488531109385938e-01, 8.822457104923235593e-02
1.212113423171237159e-01, 4.179117789356506796e-01, 3.726521568981602806e-01, 8.822472184906528236e-02
1.211913499778346087e-01, 4.179283293088814077e-01, 3.726554388460152634e-01, 8.822488186726877568e-02
1.211713739232190834e-01, 4.179448760190590528e-01, 3.726586989591980648e-01, 8.822505109852389615e-02
1.211514141494696994e-01, 4.179614190706031907e-01, 3.726619372424151977e-01, 8.822522953751195385e-02
1.211314706527746449e-01, 4.179779584679271243e-01, 3.726651537003836667e-01, 8.822541717891449475e-02
1.211115434293179444e-01, 4.179944942154372733e-01, 3.726683483378317452e-01, 8.822561401741309262e-02
1.210916324752793205e-01, 4.180110263175324525e-01, 3.726715211594985866e-01, 8.822582004768965425e-02
1.210717377868343186e-01, 4.180275547786048151e-01, 3.726746721701347242e-01, 8.822603526442610034e-02
1.210518593601544041e-01, 4.180440796030393535e-01, 3.726778013745015161e-01, 8.822625966230474015e-02
1.210319971914065734e-01, 4.180606007952140102e-01, 3.726809087773714224e-01, 8.822649323600784133e-02
1.210121512767537849e-01, 4.180771183594997886e-01, 3.726839943835283386e-01, 8.822673598021797681e-02
1.209923216123547640e-01, 4.180936323002607535e-01, 3.726870581977665964e-01, 8.822698788961781668e-02
1.209725081943639480e-01, 4.181101426218536976e-01, 3.726901002248921846e-01, 8.822724895889026697e-02
1.209527110189315829e-01, 4.181266493286280306e-01, 3.726931204697220834e-01, 8.822751918271826144e-02
1.209329300822037795e-01, 4.181431524249268894e-01, 3.726961189370843752e-01, 8.822779855578495589e-02
1.209131653803223877e-01, 4.181596519150857505e-01, 3.726990956318180781e-01, 8.822808707277374207e-02
1.208934169094249278e-01, 4.181761478034330404e-01, 3.727020505587738675e-01, 8.822838472836806722e-02
1.208736846656450065e-01, 4.181926400942905797e-01, 3.727049837228128548e-01, 8.822869151725157288e-02
1.208539686451117062e-01, 4.182091287919724731e-01, 3.727078951288078645e-01, 8.822900743410796998e-02
1.208342688439500989e-01, 4.182256139007861084e-01, 3.727107847816424901e-01, 8.822933247362121922e-02
1.208145852582809959e-01, 4.182420954250318235e-01, 3.727136526862118715e-01, 8.822966663047540625e-02
1.207949178842209342e-01, 4.182585733690024621e-01, 3.727164988474220286e-01, 8.823000989935460281e-02
1.207752667178824124e-01, 4.182750477369840403e-01, 3.727193232701903614e-01, 8.823036227494322759e-02
1.207556317553735714e-01, 4.182915185332554131e-01, 3.727221259594452607e-01, 8.823072375192568539e-02
1.207360129927984305e-01, 4.183079857620885522e-01, 3.727249069201263310e-01, 8.823109432498660309e-02
1.207164104262567900e-01, 4.183244494277479908e-01, 3.727276661571846117e-01, 8.823147398881067693e-02
1.206968240518442870e-01, 4.183409095344911011e-01, 3.727304036755819672e-01, 8.823186273808272806e-02
1.206772538656522425e-01, 4.183573660865682609e-01, 3.727331194802919190e-01, 8.823226056748766088e-02
1.206576998637679532e-01, 4.183738190882225205e-01, 3.727358135762987579e-01, 8.823266747171067126e-02
1.206381620422743994e-01, 4.183902685436903801e-01, 3.727384859685983209e-01, 8.823308344543684401e-02
1.206186403972503707e-01, 4.184067144572003460e-01, 3.727411366621976585e-01, 8.823350848335154151e-02
1.205991349247705346e-01, 4.184231568329742634e-01, 3.727437656621149786e-01, 8.823394258014015390e-02
1.205796456209053125e-01, 4.184395956752269274e-01, 3.727463729733795916e-01, 8.823438573048821010e-02
1.205601724817210035e-01, 4.184560309881654727e-01, 3.727489586010322431e-01, 8.823483792908135004e-02
1.205407155032795635e-01, 4.184724627759901505e-01, 3.727515225501250029e-01, 8.823529917060525529e-02
1.205212746816389513e-01, 4.184888910428941067e-01, 3.727540648257211542e-01, 8.823576944974580172e-02
1.205018500128527681e-01, 4.185053157930632706e-01, 3.727565854328950823e-01, 8.823624876118885130e-02
1.204824414929705489e-01, 4.185217370306761886e-01, 3.727590843767327189e-01, 8.823673709962047418e-02
1.204630491180376378e-01, 4.185381547599044683e-01, 3.727615616623310979e-01, 8.823723445972675439e-02
1.204436728840951182e-01, 4.185545689849123341e-01, 3.727640172947986885e-01, 8.823774083619390085e-02
1.204243127871798824e-01, 4.185709797098567386e-01, 3.727664512792551732e-01, 8.823825622370813637e-02
1.204049688233247706e-01, 4.185873869388878621e-01, 3.727688636208315587e-01, 8.823878061695593356e-02
1.203856409885583345e-01, 4.186037906761481131e-01, 3.727712543246700649e-01, 8.823931401062358459e-02
1.203663292789049211e-01, 4.186201909257729059e-01, 3.727736233959245138e-01, 8.823985639939775638e-02
1.203470336903848248e-01, 4.186365876918903828e-01, 3.727759708397597738e-01, 8.824040777796499091e-02
1.203277542190140381e-01, 4.186529809786216361e-01, 3.727782966613523152e-01, 8.824096814101187181e-02
1.203084908608044595e-01, 4.186693707900805417e-01, 3.727806008658897108e-01, 8.824153748322524637e-02
1.202892436117636993e-01, 4.186857571303732595e-01, 3.727828834585711348e-01, 8.824211579929186478e-02
1.202700124678953847e-01, 4.187021400035992325e-01, 3.727851444446068641e-01, 8.824270308389857431e-02
1.202507974251987299e-01, 4.187185194138503541e-01, 3.727873838292185549e-01, 8.824329933173233331e-02
1.202315984796689663e-01, 4.187348953652114125e-01, 3.727896016176394656e-01, 8.824390453748010010e-02
1.202124156272971200e-01, 4.187512678617596462e-01, 3.727917978151142897e-01, 8.824451869582895791e-02
1.201932488640698876e-01, 4.187676369075655214e-01, 3.727939724268986565e-01, 8.824514180146587894e-02
1.201740981859700380e-01, 4.187840025066918437e-01, 3.727961254582600192e-01, 8.824577384907809907e-02
1.201549635889760659e-01, 4.188003646631940913e-01, 3.727982569144769887e-01, 8.824641483335278480e-02
1.201358450690621776e-01, 4.188167233811207479e-01, 3.728003668008399440e-01, 8.824706474897713038e-02
1.201167426221986106e-01, 4.188330786645129145e-01, 3.728024551226500338e-01, 8.824772359063842719e-02
1.200976562443513002e-01, 4.188494305174043641e-01, 3.728045218852204523e-01, 8.824839135302396664e-02
1.200785859314820875e-01, 4.188657789438213208e-01, 3.728065670938754961e-01, 8.824906803082112339e-02
1.200595316795486089e-01, 4.188821239477830138e-01, 3.728085907539512300e-01, 8.824975361871724433e-02
1.200404934845043375e-01, 4.188984655333014562e-01, 3.728105928707945438e-01, 8.825044811139970413e-02
1.200214713422986523e-01, 4.189148037043809447e-01, 3.728125734497645394e-01, 8.825115150355594684e-02
1.200024652488766580e-01, 4.189311384650187819e-01, 3.728145324962310325e-01, 8.825186378987347202e-02
1.199834752001794208e-01, 4.189474698192047764e-01, 3.728164700155760514e-01, 8.825258496503973760e-02
1.199645011921437882e-01, 4.189637977709215200e-01, 3.728183860131925598e-01, 8.825331502374220149e-02
1.199455432207023470e-01, 4.189801223241440553e-01, 3.728202804944851234e-01, 8.825405396066836328e-02
1.199266012817838123e-01, 4.189964434828406525e-01, 3.728221534648697988e-01, 8.825480177050581965e-02
1.199076753713123611e-01, 4.190127612509712551e-01, 3.728240049297742997e-01, 8.825555844794200078e-02
1.198887654852083262e-01, 4.190290756324893673e-01, 3.728258348946377199e-01, 8.825632398766450337e-02
1.198698716193877939e-01, 4.190453866313406661e-01, 3.728276433649105881e-01, 8.825709838436091026e-02
1.198509937697625899e-01, 4.190616942514637233e-01, 3.728294303460550907e-01, 8.825788163271869324e-02
1.198321319322405432e-01, 4.190779984967892280e-01, 3.728311958435447937e-01, 8.825867372742540740e-02
1.198132861027252222e-01, 4.190942993712413189e-01, 3.728329398628648095e-01, 8.825947466316862167e-02
1.197944562771161015e-01, 4.191105968787360858e-01, 3.728346624095119077e-01, 8.826028443463584949e-02
1.197756424513085616e-01, 4.191268910231823464e-01, 3.728363634889945155e-01, 8.826110303651465983e-02
1.197568446211936255e-01, 4.191431818084817573e-01, 3.728380431068321066e-01, 8.826193046349245508e-02
1.197380627826584304e-01, 4.191594692385284260e-01, 3.728397012685561451e-01, 8.826276671025680420e-02
1.197192969315857419e-01, 4.191757533172091321e-01, 3.728413379797098082e-01, 8.826361177149522064e-02
1.197005470638543845e-01, 4.191920340484032170e-01, 3.728429532458473195e-01, 8.826446564189509292e-02
1.196818131753388664e-01, 4.192083114359825280e-01, 3.728445470725347266e-01, 8.826532831614386510e-02
1.196630952619096439e-01, 4.192245854838115848e-01, 3.728461194653497901e-01, 8.826619978892895346e-02
1.196443933194329956e-01, 4.192408561957474133e-01, 3.728476704298818722e-01, 8.826708005493774656e-02
1.196257073437710511e-01, 4.192571235756398229e-01, 3.728491999717316041e-01, 8.826796910885756353e-02
1.196070373307818457e-01, 4.192733876273309068e-01, 3.728507080965115517e-01, 8.826886694537572353e-02
1.195883832763192794e-01, 4.192896483546555420e-01, 3.728521948098457162e-01, 8.826977355917947632e-02
1.195697451762329361e-01, 4.193059057614409446e-01, 3.728536601173699228e-01, 8.827068894495607165e-02
1.195511230263686386e-01, 4.193221598515072812e-01, 3.728551040247313764e-01, 8.827161309739274542e-02
1.195325168225676027e-01, 4.193384106286667801e-01, 3.728565265375890503e-01, 8.827254601117653920e-02
1.195139265606673107e-01, 4.193546580967245085e-01, 3.728579276616135196e-01, 8.827348768099460563e-02
1.194953522365008597e-01, 4.193709022594780400e-01, 3.728593074024871834e-01, 8.827443810153393078e-02
1.194767938458973083e-01, 4.193871431207173983e-01, 3.728606657659037649e-01, 8.827539726748159787e-02
1.194582513846815658e-01, 4.194033806842252798e-01, 3.728620027575688112e-01, 8.827636517352444034e-02
1.194397248486744473e-01, 4.194196149537764429e-01, 3.728633183831997489e-01, 8.827734181434930549e-02
1.194212142336925214e-01, 4.194358459331390399e-01, 3.728646126485252177e-01, 8.827832718464306838e-02
1.194027195355483462e-01, 4.194520736260731186e-01, 3.728658855592860144e-01, 8.827932127909240978e-02
1.193842407500503716e-01, 4.194682980363310110e-01, 3.728671371212345376e-01, 8.828032409238406597e-02
1.193657778730027180e-01, 4.194845191676582208e-01, 3.728683673401343990e-01, 8.828133561920455119e-02
1.193473309002056199e-01, 4.195007370237924249e-01, 3.728695762217615894e-01, 8.828235585424043519e-02
1.193288998274550372e-01, 4.195169516084635841e-01, 3.728707637719033685e-01, 8.828338479217813506e-02
1.193104846505427946e-01, 4.195331629253943317e-01, 3.728719299963588751e-01, 8.828442242770398463e-02
1.192920853652567753e-01, 4.195493709783000291e-01, 3.728730749009390166e-01, 8.828546875550428996e-02
1.192737019673804633e-01, 4.195655757708880995e-01, 3.728741984914663021e-01, 8.828652377026525999e-02
1.192553344526933318e-01, 4.195817773068586942e-01, 3.728753007737749536e-01, 8.828758746667290935e-02
1.192369828169709267e-01, 4.195979755899043595e-01, 3.728763817537114056e-01, 8.828865983941336371e-02
1.192186470559843531e-01, 4.196141706237100921e-01, 3.728774414371330281e-01, 8.828974088317245728e-02
1.192003271655007468e-01, 4.196303624119536169e-01, 3.728784798299096259e-01, 8.829083059263605204e-02
1.191820231412831915e-01, 4.196465509583046094e-01, 3.728794969379224944e-01, 8.829192896248984346e-02
1.191637349790905104e-01, 4.196627362664252514e-01, 3.728804927670648084e-01, 8.829303598741940207e-02
1.191454626746775020e-01, 4.196789183399708412e-01, 3.728814673232413446e-01, 8.829415166211027066e-02
1.191272062237948015e-01, 4.196950971825882948e-01, 3.728824206123689255e-01, 8.829527598124790877e-02
1.191089656221890336e-01, 4.197112727979175339e-01, 3.728833526403760867e-01, 8.829640893951745673e-02
1.190907408656024374e-01, 4.197274451895903757e-01, 3.728842634132029654e-01, 8.829755053160420752e-02
1.190725319497734497e-01, 4.197436143612317538e-01, 3.728851529368017448e-01, 8.829870075219319048e-02
1.190543388704362049e-01, 4.197597803164584418e-01, 3.728860212171361543e-01, 8.829985959596926837e-02
1.190361616233207992e-01, 4.197759430588798302e-01, 3.728868682601820250e-01, 8.830102705761726234e-02
1.190180002041531931e-01, 4.197921025920976490e-01, 3.728876940719273447e-01, 8.830220313182192415e-02
1.189998546086551839e-01, 4.198082589197061898e-01, 3.728884986583708705e-01, 8.830338781326772801e-02
1.189817248325445304e-01, 4.198244120452921391e-01, 3.728892820255241825e-01, 8.830458109663912036e-02
1.189636108715349250e-01, 4.198405619724343008e-01, 3.728900441794105181e-01, 8.830578297662040888e-02
1.189455127213357721e-01, 4.198567087047039847e-01, 3.728907851260644946e-01, 8.830699344789572081e-02
1.189274303776525626e-01, 4.198728522456652845e-01, 3.728915048715331637e-01, 8.830821250514904464e-02
1.189093638361865685e-01, 4.198889925988740779e-01, 3.728922034218751791e-01, 8.830944014306425782e-02
1.188913130926349537e-01, 4.199051297678789707e-01, 3.728928807831610737e-01, 8.831067635632501578e-02
1.188732781426908164e-01, 4.199212637562209083e-01, 3.728935369614733708e-01, 8.831192113961496004e-02
1.188552589820431604e-01, 4.199373945674329534e-01, 3.728941719629064733e-01, 8.831317448761749622e-02
1.188372556063767849e-01, 4.199535222050408967e-01, 3.728947857935665522e-01, 8.831443639501580789e-02
1.188192680113724781e-01, 4.199696466725627020e-01, 3.728953784595716026e-01, 8.831570685649307861e-02
1.188012961927070177e-01, 4.199857679735086724e-01, 3.728959499670521649e-01, 8.831698586673218665e-02
1.187833401460528376e-01, 4.200018861113815616e-01, 3.728965003221497154e-01, 8.831827342041595474e-02
1.187653998670784306e-01, 4.200180010896760741e-01, 3.728970295310186089e-01, 8.831956951222695584e-02
1.187474753514481118e-01, 4.200341129118797534e-01, 3.728975375998244690e-01, 8.832087413684758248e-02
1.187295665948222279e-01, 4.200502215814724272e-01, 3.728980245347451317e-01, 8.832218728896019944e-02
1.187116735928569339e-01, 4.200663271019258183e-01, 3.728984903419705343e-01, 8.832350896324682454e-02
1.186937963412041941e-01, 4.200824294767044331e-01, 3.728989350277021053e-01, 8.832483915438936461e-02
1.186759348355120314e-01, 4.200985287092648401e-01, 3.728993585981536518e-01, 8.832617785706958768e-02
1.186580890714242775e-01, 4.201146248030558916e-01, 3.728997610595506940e-01, 8.832752506596899811e-02
1.186402590445807675e-01, 4.201307177615191124e-01, 3.729001424181312419e-01, 8.832888077576897534e-02
1.186224447506171037e-01, 4.201468075880879782e-01, 3.729005026801444078e-01, 8.833024498115064904e-02
1.186046461851648359e-01, 4.201628942861880822e-01, 3.729008418518519608e-01, 8.833161767679501009e-02
1.185868633438515313e-01, 4.201789778592378566e-01, 3.729011599395276599e-01, 8.833299885738288282e-02
1.185690962223005240e-01, 4.201950583106477399e-01, 3.729014569494570330e-01, 8.833438851759481403e-02
1.185513448161311656e-01, 4.202111356438202883e-01, 3.729017328879374871e-01, 8.833578665211117009e-02
1.185336091209585468e-01, 4.202272098621506191e-01, 3.729019877612785860e-01, 8.833719325561209534e-02
1.185158891323939145e-01, 4.202432809690260229e-01, 3.729022215758024394e-01, 8.833860832277765085e-02
1.184981848460441994e-01, 4.202593489678259631e-01, 3.729024343378423700e-01, 8.834003184828749522e-02
1.184804962575123632e-01, 4.202754138619222979e-01, 3.729026260537441906e-01, 8.834146382682121768e-02
1.184628233623972321e-01, 4.202914756546790587e-01, 3.729027967298655377e-01, 8.834290425305810213e-02
1.184451661562935798e-01, 4.203075343494526717e-01, 3.729029463725765381e-01, 8.834435312167727983e-02
1.184275246347920724e-01, 4.203235899495915140e-01, 3.729030749882588092e-01, 8.834581042735765999e-02
1.184098987934792679e-01, 4.203396424584366353e-01, 3.729031825833062364e-01, 8.834727616477781875e-02
1.183922886279377001e-01, 4.203556918793209807e-01, 3.729032691641249730e-01, 8.834875032861630451e-02
1.183746941337457531e-01, 4.203717382155698346e-01, 3.729033347371333296e-01, 8.835023291355124930e-02
1.183571153064777309e-01, 4.203877814705006544e-01, 3.729033793087610515e-01, 8.835172391426061866e-02
1.183395521417038854e-01, 4.204038216474234591e-01, 3.729034028854505967e-01, 8.835322332542212831e-02
1.183220046349903742e-01, 4.204198587496398853e-01, 3.729034054736563575e-01, 8.835473114171328579e-02
1.183044727818993447e-01, 4.204358927804442980e-01, 3.729033870798449390e-01, 8.835624735781137662e-02
1.182869565779886556e-01, 4.204519237431231793e-01, 3.729033477104948258e-01, 8.835777196839335323e-02
1.182694560188123217e-01, 4.204679516409549622e-01, 3.729032873720968255e-01, 8.835930496813597379e-02
1.182519710999201112e-01, 4.204839764772105859e-01, 3.729032060711535701e-01, 8.836084635171577439e-02
1.182345018168578510e-01, 4.204999982551530513e-01, 3.729031038141802368e-01, 8.836239611380895809e-02
1.182170481651671073e-01, 4.205160169780375878e-01, 3.729029806077037712e-01, 8.836395424909156138e-02
1.181996101403855748e-01, 4.205320326491113203e-01, 3.729028364582638311e-01, 8.836552075223930158e-02
1.181821877380466873e-01, 4.205480452716142126e-01, 3.729026713724114539e-01, 8.836709561792761847e-02
1.181647809536799376e-01, 4.205640548487778463e-01, 3.729024853567104447e-01, 8.836867884083171587e-02
1.181473897828107245e-01, 4.205800613838261981e-01, 3.729022784177364880e-01, 8.837027041562660334e-02
1.181300142209602555e-01, 4.205960648799753065e-01, 3.729020505620775916e-01, 8.837187033698686023e-02
1.181126542636457277e-01, 4.206120653404334941e-01, 3.729018017963338094e-01, 8.837347859958687157e-02
1.180953099063804107e-01, 4.206280627684013118e-01, 3.729015321271175742e-01, 8.837509519810081426e-02
1.180779811446732164e-01, 4.206440571670710948e-01, 3.729012415610532538e-01, 8.837672012720249048e-02
1.180606679740292680e-01, 4.206600485396276845e-01, 3.729009301047776503e-01, 8.837835338156543874e-02
1.180433703899493869e-01, 4.206760368892481505e-01, 3.729005977649396120e-01, 8.837999495586289223e-02
1.180260883879304806e-01, 4.206920222191012915e-01, 3.729002445482003103e-01, 8.838164484476783433e-02
1.180088219634653074e-01, 4.207080045323483564e-01, 3.728998704612331849e-01, 8.838330304295297091e-02
1.179915711120426008e-01, 4.207239838321428227e-01, 3.728994755107239434e-01, 8.838496954509074410e-02
1.179743358291469868e-01, 4.207399601216297302e-01, 3.728990597033701726e-01, 8.838664434585308260e-02
1.179571161102589971e-01, 4.207559334039470134e-01, 3.728986230458822271e-01, 8.838832743991190122e-02
1.179399119508552085e-01, 4.207719036822242797e-01, 3.728981655449820076e-01, 8.839001882193857351e-02
1.179227233464079511e-01, 4.207878709595830324e-01, 3.728976872074045712e-01, 8.839171848660438979e-02
1.179055502923856691e-01, 4.208038352391374470e-01, 3.728971880398965766e-01, 8.839342642858012689e-02
1.178883927842527546e-01, 4.208197965239937055e-01, 3.728966680492172281e-01, 8.839514264253643672e-02
1.178712508174692974e-01, 4.208357548172496632e-01, 3.728961272421378315e-01, 8.839686712314338835e-02
1.178541243874914463e-01, 4.208517101219954037e-01, 3.728955656254420714e-01, 8.839859986507100920e-02
1.178370134897714361e-01, 4.208676624413134615e-01, 3.728949832059261227e-01, 8.840034086298891036e-02
1.178199181197572554e-01, 4.208836117782783215e-01, 3.728943799903980949e-01, 8.840209011156632823e-02
1.178028382728928680e-01, 4.208995581359560312e-01, 3.728937559856788098e-01, 8.840384760547216614e-02
1.177857739446182134e-01, 4.209155015174057546e-01, 3.728931111986008573e-01, 8.840561333937514699e-02
1.177687251303691784e-01, 4.209314419256776074e-01, 3.728924456360097617e-01, 8.840738730794345246e-02
1.177516918255774869e-01, 4.209473793638145445e-01, 3.728917593047628709e-01, 8.840916950584504219e-02
1.177346740256709351e-01, 4.209633138348512493e-01, 3.728910522117301896e-01, 8.841095992774752887e-02
1.177176717260732391e-01, 4.209792453418146341e-01, 3.728903243637939346e-01, 8.841275856831823377e-02
1.177006849222038687e-01, 4.209951738877234506e-01, 3.728895757678487022e-01, 8.841456542222393689e-02
1.176837136094785324e-01, 4.210110994755887903e-01, 3.728888064308013006e-01, 8.841638048413136275e-02
1.176667577833086786e-01, 4.210270221084135289e-01, 3.728880163595713060e-01, 8.841820374870661137e-02
1.176498174391017587e-01, 4.210429417891927151e-01, 3.728872055610899516e-01, 8.842003521061560234e-02
1.176328925722611163e-01, 4.210588585209134593e-01, 3.728863740423015716e-01, 8.842187486452382505e-02
1.176159831781861537e-01, 4.210747723065548231e-01, 3.728855218101626012e-01, 8.842372270509640808e-02
1.175990892522720960e-01, 4.210906831490879298e-01, 3.728846488716416885e-01, 8.842557872699820243e-02
1.175822107899101715e-01, 4.211065910514760757e-01, 3.728837552337200822e-01, 8.842744292489355951e-02
1.175653477864876395e-01, 4.211224960166743414e-01, 3.728828409033915214e-01, 8.842931529344653929e-02
1.175485002373874432e-01, 4.211383980476298694e-01, 3.728819058876618464e-01, 8.843119582732082706e-02
1.175316681379887651e-01, 4.211542971472819752e-01, 3.728809501935494430e-01, 8.843308452117974727e-02
1.175148514836665964e-01, 4.211701933185618696e-01, 3.728799738280853537e-01, 8.843498136968620804e-02
1.174980502697918761e-01, 4.211860865643927143e-01, 3.728789767983127224e-01, 8.843688636750274279e-02
1.174812644917315185e-01, 4.212019768876897330e-01, 3.728779591112871827e-01, 8.843879950929155187e-02
1.174644941448484137e-01, 4.212178642913602666e-01, 3.728769207740769698e-01, 8.844072078971434991e-02
1.174477392245012880e-01, 4.212337487783033851e-01, 3.728758617937628084e-01, 8.844265020343256012e-02
1.174309997260449545e-01, 4.212496303514103313e-01, 3.728747821774375248e-01, 8.844458774510717547e-02
1.174142756448301322e-01, 4.212655090135642988e-01, 3.728736819322067131e-01, 8.844653340939881425e-02
1.173975669762034463e-01, 4.212813847676404877e-01, 3.728725610651884570e-01, 8.844848719096765066e-02
1.173808737155075249e-01, 4.212972576165059935e-01, 3.728714195835131084e-01, 8.845044908447344256e-02
1.173641958580809302e-01, 4.213131275630199735e-01, 3.728702574943236203e-01, 8.845241908457567026e-02
1.173475333992581443e-01, 4.213289946100333139e-01, 3.728690748047752690e-01, 8.845439718593324507e-02
1.173308863343697356e-01, 4.213448587603891293e-01, 3.728678715220362649e-01, 8.845638338320477301e-02
1.173142546587420398e-01, 4.213607200169225409e-01, 3.728666476532870311e-01, 8.845837767104845761e-02
1.172976383676974932e-01, 4.213765783824603983e-01, 3.728654032057202583e-01, 8.846038004412197508e-02
1.172810374565543962e-01, 4.213924338598214470e-01, 3.728641381865414606e-01, 8.846239049708272406e-02
1.172644519206270525e-01, 4.214082864518167715e-01, 3.728628526029686974e-01, 8.846440902458754807e-02
1.172478817552257274e-01, 4.214241361612488523e-01, 3.728615464622325182e-01, 8.846643562129298533e-02
1.172313269556566201e-01, 4.214399829909125650e-01, 3.728602197715757405e-01, 8.846847028185508832e-02
1.172147875172219189e-01, 4.214558269435944027e-01, 3.728588725382542268e-01, 8.847051300092940995e-02
1.171982634352196906e-01, 4.214716680220731981e-01, 3.728575047695358302e-01, 8.847256377317119780e-02
1.171817547049441299e-01, 4.214875062291192354e-01, 3.728561164727014487e-01, 8.847462259323524147e-02
1.171652613216851713e-01, 4.215033415674948603e-01, 3.728547076550441930e-01, 8.847668945577576161e-02
1.171487832807288632e-01, 4.215191740399544251e-01, 3.728532783238700521e-01, 8.847876435544667351e-02
1.171323205773571879e-01, 4.215350036492442332e-01, 3.728518284864971721e-01, 8.848084728690142065e-02
1.171158732068480895e-01, 4.215508303981023164e-01, 3.728503581502566333e-01, 8.848293824479298852e-02
1.170994411644753763e-01, 4.215666542892587132e-01, 3.728488673224920613e-01, 8.848503722377384917e-02
1.170830244455089847e-01, 4.215824753254354684e-01, 3.728473560105595164e-01, 8.848714421849614153e-02
1.170666230452146600e-01, 4.215982935093461892e-01, 3.728458242218277152e-01, 8.848925922361140783e-02
1.170502369588541786e-01, 4.216141088436968221e-01, 3.728442719636781422e-01, 8.849138223377080170e-02
1.170338661816853892e-01, 4.216299213311845984e-01, 3.728426992435049381e-01, 8.849351324362508819e-02
1.170175107089618666e-01, 4.216457309744993109e-01, 3.728411060687142897e-01, 8.849565224782446338e-02
1.170011705359333826e-01, 4.216615377763222594e-01, 3.728394924467257066e-01, 8.849779924101865147e-02
1.169848456578455181e-01, 4.216773417393264722e-01, 3.728378583849709660e-01, 8.849995421785693261e-02
1.169685360699399268e-01, 4.216931428661772618e-01, 3.728362038908947795e-01, 8.850211717298812897e-02
1.169522417674541265e-01, 4.217089411595313364e-01, 3.728345289719540712e-01, 8.850428810106056310e-02
1.169359627456216522e-01, 4.217247366220376326e-01, 3.728328336356185324e-01, 8.850646699672207185e-02
1.169196989996720837e-01, 4.217405292563368158e-01, 3.728311178893709554e-01, 8.850865385462006185e-02
1.169034505248307543e-01, 4.217563190650613913e-01, 3.728293817407063448e-01, 8.851084866940135687e-02
1.168872173163192779e-01, 4.217721060508357045e-01, 3.728276251971326394e-01, 8.851305143571239209e-02
1.168709993693549526e-01, 4.217878902162759958e-01, 3.728258482661699902e-01, 8.851526214819897820e-02
1.168547966791511628e-01, 4.218036715639901790e-01, 3.728240509553519821e-01, 8.851748080150660669e-02
1.168386092409173654e-01, 4.218194500965782301e-01, 3.728222332722244126e-01, 8.851970739028011681e-02
1.168224370498587017e-01, 4.218352258166317981e-01, 3.728203952243455688e-01, 8.852194190916390371e-02
1.168062801011766211e-01, 4.218509987267344274e-01, 3.728185368192870608e-01, 8.852418435280190456e-02
1.167901383900683127e-01, 4.218667688294615026e-01, 3.728166580646326556e-01, 8.852643471583743207e-02
1.167740119117270520e-01, 4.218825361273802477e-01, 3.728147589679792206e-01, 8.852869299291342420e-02
1.167579006613420345e-01, 4.218983006230495603e-01, 3.728128395369362802e-01, 8.853095917867218057e-02
1.167418046340984589e-01, 4.219140623190201222e-01, 3.728108997791259593e-01, 8.853323326775552893e-02
1.167257238251774298e-01, 4.219298212178346219e-01, 3.728089397021830953e-01, 8.853551525480489459e-02
1.167096582297560969e-01, 4.219455773220275874e-01, 3.728069593137554039e-01, 8.853780513446096734e-02
1.166936078430076268e-01, 4.219613306341251091e-01, 3.728049586215032574e-01, 8.854010290136409000e-02
1.166775726601010227e-01, 4.219770811566450064e-01, 3.728029376330999067e-01, 8.854240855015395317e-02
1.166615526762013744e-01, 4.219928288920974935e-01, 3.728008963562314260e-01, 8.854472207546980334e-02
1.166455478864697332e-01, 4.220085738429836253e-01, 3.727988347985961570e-01, 8.854704347195029024e-02
1.166295582860631119e-01, 4.220243160117971848e-01, 3.727967529679061531e-01, 8.854937273423360566e-02
1.166135838701344435e-01, 4.220400554010231287e-01, 3.727946508718852359e-01, 8.855170985695728914e-02
1.165976246338327610e-01, 4.220557920131381979e-01, 3.727925285182706050e-01, 8.855405483475843609e-02
1.165816805723029620e-01, 4.220715258506112511e-01, 3.727903859148122279e-01, 8.855640766227347582e-02
1.165657516806859750e-01, 4.220872569159027643e-01, 3.727882230692727838e-01, 8.855876833413844906e-02
1.165498379541186902e-01, 4.221029852114647762e-01, 3.727860399894277754e-01, 8.856113684498874428e-02
1.165339393877340007e-01, 4.221187107397413873e-01, 3.727838366830654726e-01, 8.856351318945923645e-02
1.165180559766607477e-01, 4.221344335031681494e-01, 3.727816131579869130e-01, 8.856589736218416220e-02
1.165021877160237890e-01, 4.221501535041727315e-01, 3.727793694220062348e-01, 8.856828935779724465e-02
1.164863346009439721e-01, 4.221658707451741432e-01, 3.727771054829501218e-01, 8.857068917093172122e-02
1.164704966265380504e-01, 4.221815852285833448e-01, 3.727748213486583584e-01, 8.857309679622019094e-02
1.164546737879188221e-01, 4.221972969568031364e-01, 3.727725170269834409e-01, 8.857551222829455895e-02
1.164388660801950887e-01, 4.222130059322279361e-01, 3.727701925257906335e-01, 8.857793546178642508e-02
1.164230734984715437e-01, 4.222287121572438351e-01, 3.727678478529581341e-01, 8.858036649132659812e-02
1.164072960378489258e-01, 4.222444156342288202e-01, 3.727654830163769639e-01, 8.858280531154535953e-02
1.163915336934240041e-01, 4.222601163655522183e-01, 3.727630980239513558e-01, 8.858525191707250501e-02
1.163757864602893988e-01, 4.222758143535753628e-01, 3.727606928835980327e-01, 8.858770630253706702e-02
1.163600543335338300e-01, 4.222915096006517599e-01, 3.727582676032467068e-01, 8.859016846256767552e-02
1.163443373082420212e-01, 4.223072021091257011e-01, 3.727558221908399694e-01, 8.859263839179225275e-02
1.163286353794945049e-01, 4.223228918813339283e-01, 3.727533566543334564e-01, 8.859511608483812417e-02
1.163129485423680248e-01, 4.223385789196041906e-01, 3.727508710016955717e-01, 8.859760153633206015e-02
1.162972767919351613e-01, 4.223542632262567986e-01, 3.727483652409077641e-01, 8.860009474090028980e-02
1.162816201232645397e-01, 4.223699448036030146e-01, 3.727458393799642500e-01, 8.860259569316827899e-02
1.162659785314207467e-01, 4.223856236539461073e-01, 3.727432934268720688e-01, 8.860510438776104947e-02
1.162503520114644001e-01, 4.224012997795811852e-01, 3.727407273896516937e-01, 8.860762081930288747e-02
1.162347405584520099e-01, 4.224169731827945862e-01, 3.727381412763357549e-01, 8.861014498241759352e-02
1.162191441674361725e-01, 4.224326438658648764e-01, 3.727355350949706492e-01, 8.861267687172820484e-02
1.162035628334655152e-01, 4.224483118310619068e-01, 3.727329088536153745e-01, 8.861521648185727296e-02
1.161879965515844604e-01, 4.224639770806472572e-01, 3.727302625603416963e-01, 8.861776380742664161e-02
1.161724453168336002e-01, 4.224796396168742918e-01, 3.727275962232345918e-01, 8.862031884305759943e-02
1.161569091242494467e-01, 4.224952994419879371e-01, 3.727249098503918057e-01, 8.862288158337075505e-02
1.161413879688644735e-01, 4.225109565582249593e-01, 3.727222034499244052e-01, 8.862545202298612035e-02
1.161258818457072406e-01, 4.225266109678135207e-01, 3.727194770299561144e-01, 8.862803015652302718e-02
1.161103907498022003e-01, 4.225422626729737896e-01, 3.727167305986238133e-01, 8.863061597860015517e-02
1.160949146761698636e-01, 4.225579116759170528e-01, 3.727139641640773715e-01, 8.863320948383576758e-02
1.160794536198267030e-01, 4.225735579788468255e-01, 3.727111777344793153e-01, 8.863581066684715626e-02
1.160640075757851247e-01, 4.225892015839579074e-01, 3.727083713180058266e-01, 8.863841952225114118e-02
1.160485765390536633e-01, 4.226048424934366055e-01, 3.727055449228456885e-01, 8.864103604466395947e-02
1.160331605046367454e-01, 4.226204807094614546e-01, 3.727026985572007844e-01, 8.864366022870100170e-02
1.160177594675348700e-01, 4.226361162342020528e-01, 3.726998322292858212e-01, 8.864629206897720048e-02
1.160023734227444009e-01, 4.226517490698197821e-01, 3.726969459473291058e-01, 8.864893156010671127e-02
1.159870023652577881e-01, 4.226673792184678091e-01, 3.726940397195712129e-01, 8.865157869670314827e-02
1.159716462900635542e-01, 4.226830066822907517e-01, 3.726911135542665399e-01, 8.865423347337925142e-02
1.159563051921460031e-01, 4.226986314634247899e-01, 3.726881674596818073e-01, 8.865689588474730265e-02
1.159409790664855944e-01, 4.227142535639979437e-01, 3.726852014440975580e-01, 8.865956592541882064e-02
1.159256679080588048e-01, 4.227298729861298510e-01, 3.726822155158066030e-01, 8.866224359000472732e-02
1.159103717118379479e-01, 4.227454897319313787e-01, 3.726792096831155754e-01, 8.866492887311515358e-02
1.158950904727915482e-01, 4.227611038035052893e-01, 3.726761839543435428e-01, 8.866762176935960582e-02
1.158798241858839534e-01, 4.227767152029460185e-01, 3.726731383378230067e-01, 8.867032227334692429e-02
1.158645728460755836e-01, 4.227923239323392868e-01, 3.726700728418996800e-01, 8.867303037968531088e-02
1.158493364483228344e-01, 4.228079299937627655e-01, 3.726669874749320988e-01, 8.867574608298219030e-02
1.158341149875781045e-01, 4.228235333892855774e-01, 3.726638822452920108e-01, 8.867846937784436279e-02
1.158189084587897683e-01, 4.228391341209681853e-01, 3.726607571613640979e-01, 8.868120025887785141e-02
1.158037168569023001e-01, 4.228547321908630585e-01, 3.726576122315466422e-01, 8.868393872068806860e-02
1.157885401768560668e-01, 4.228703276010137846e-01, 3.726544474642503046e-01, 8.868668475787976069e-02
1.157733784135874106e-01, 4.228859203534559019e-01, 3.726512628678996797e-01, 8.868943836505685518e-02
1.157582315620288432e-01, 4.229015104502164557e-01, 3.726480584509319627e-01, 8.869219953682265511e-02
1.157430996171086440e-01, 4.229170978933140534e-01, 3.726448342217974496e-01, 8.869496826777974186e-02
1.157279825737513174e-01, 4.229326826847584764e-01, 3.726415901889601479e-01, 8.869774455252997514e-02
1.157128804268772321e-01, 4.229482648265516787e-01, 3.726383263608967211e-01, 8.870052838567452080e-02
1.156977931714027463e-01, 4.229638443206867882e-01, 3.726350427460967119e-01, 8.870331976181375366e-02
1.156827208022402909e-01, 4.229794211691484396e-01, 3.726317393530636513e-01, 8.870611867554747954e-02
1.156676633142982996e-01, 4.229949953739132740e-01, 3.726284161903137826e-01, 8.870892512147465769e-02
1.156526207024811820e-01, 4.230105669369487731e-01, 3.726250732663764498e-01, 8.871173909419353965e-02
1.156375929616893644e-01, 4.230261358602147026e-01, 3.726217105897942639e-01, 8.871456058830173852e-02
1.156225800868191378e-01, 4.230417021456616689e-01, 3.726183281691231586e-01, 8.871738959839595151e-02
1.156075820727631293e-01, 4.230572657952324511e-01, 3.726149260129321683e-01, 8.872022611907236234e-02
1.155925989144096500e-01, 4.230728268108608359e-01, 3.726115041298032615e-01, 8.872307014492628041e-02
1.155776306066430836e-01, 4.230883851944724494e-01, 3.726080625283321734e-01, 8.872592167055226575e-02
1.155626771443439699e-01, 4.231039409479843694e-01, 3.726046012171275179e-01, 8.872878069054425387e-02
1.155477385223886710e-01, 4.231194940733050691e-01, 3.726011202048108428e-01, 8.873164719949531987e-02
1.155328147356496499e-01, 4.231350445723349174e-01, 3.725976195000175739e-01, 8.873452119199778942e-02
1.155179057789954000e-01, 4.231505924469652347e-01, 3.725940991113959044e-01, 8.873740266264337762e-02
1.155030116472903212e-01, 4.231661376990792922e-01, 3.725905590476074059e-01, 8.874029160602284194e-02
1.154881323353949413e-01, 4.231816803305517016e-01, 3.725869993173269723e-01, 8.874318801672632928e-02
1.154732678381656386e-01, 4.231972203432486368e-01, 3.725834199292425430e-01, 8.874609188934318160e-02
1.154584181504549889e-01, 4.232127577390277784e-01, 3.725798208920552135e-01, 8.874900321846199147e-02
1.154435832671114465e-01, 4.232282925197380363e-01, 3.725762022144800123e-01, 8.875192199867054654e-02
1.154287631829794131e-01, 4.232438246872203269e-01, 3.725725639052442917e-01, 8.875484822455587119e-02
1.154139578928995435e-01, 4.232593542433065736e-01, 3.725689059730896702e-01, 8.875778189070428204e-02
1.153991673917082739e-01, 4.232748811898204289e-01, 3.725652284267702563e-01, 8.876072299170122137e-02
1.153843916742380710e-01, 4.232904055285768852e-01, 3.725615312750536479e-01, 8.876367152213142375e-02
1.153696307353175438e-01, 4.233059272613825530e-01, 3.725578145267209318e-01, 8.876662747657883268e-02
1.153548845697712072e-01, 4.233214463900358271e-01, 3.725540781905664067e-01, 8.876959084962660063e-02
1.153401531724195656e-01, 4.233369629163257764e-01, 3.725503222753974164e-01, 8.877256163585713067e-02
1.153254365380792512e-01, 4.233524768420336426e-01, 3.725465467900351824e-01, 8.877553982985193770e-02
1.153107346615627748e-01, 4.233679881689317304e-01, 3.725427517433137492e-01, 8.877852542619177334e-02
1.152960475376787475e-01, 4.233834968987842395e-01, 3.725389371440804287e-01, 8.878151841945672307e-02
1.152813751612317555e-01, 4.233990030333460997e-01, 3.725351030011962994e-01, 8.878451880422591480e-02
1.152667175270223471e-01, 4.234145065743644132e-01, 3.725312493235355960e-01, 8.878752657507771318e-02
1.152520746298471843e-01, 4.234300075235775673e-01, 3.725273761199854872e-01, 8.879054172658970567e-02
1.152374464644988772e-01, 4.234455058827152341e-01, 3.725234833994470751e-01, 8.879356425333870262e-02
1.152228330257661221e-01, 4.234610016534984811e-01, 3.725195711708347845e-01, 8.879659414990059840e-02
1.152082343084334520e-01, 4.234764948376401050e-01, 3.725156394430758633e-01, 8.879963141085062128e-02
1.151936503072816392e-01, 4.234919854368441317e-01, 3.725116882251112704e-01, 8.880267603076302807e-02
1.151790810170873341e-01, 4.235074734528058715e-01, 3.725077175258953988e-01, 8.880572800421136781e-02
1.151645264326231627e-01, 4.235229588872126971e-01, 3.725037273543957417e-01, 8.880878732576831525e-02
1.151499865486578789e-01, 4.235384417417427105e-01, 3.724997177195936704e-01, 8.881185399000575409e-02
1.151354613599561844e-01, 4.235539220180657982e-01, 3.724956886304833237e-01, 8.881492799149467987e-02
1.151209508612788396e-01, 4.235693997178430759e-01, 3.724916400960728291e-01, 8.881800932480531097e-02
1.151064550473825526e-01, 4.235848748427273880e-01, 3.724875721253829708e-01, 8.882109798450703309e-02
1.150919739130200903e-01, 4.236003473943626418e-01, 3.724834847274489102e-01, 8.882419396516834376e-02
1.150775074529402642e-01, 4.236158173743844735e-01, 3.724793779113182990e-01, 8.882729726135699111e-02
1.150630556618878475e-01, 4.236312847844195817e-01, 3.724752516860528329e-01, 8.883040786763972407e-02
1.150486185346036583e-01, 4.236467496260865606e-01, 3.724711060607271418e-01, 8.883352577858262544e-02
1.150341960658244900e-01, 4.236622119009949561e-01, 3.724669410444297335e-01, 8.883665098875083432e-02
1.150197882502832225e-01, 4.236776716107458207e-01, 3.724627566462622164e-01, 8.883978349270861552e-02
1.150053950827086696e-01, 4.236931287569317695e-01, 3.724585528753399655e-01, 8.884292328501941505e-02
1.149910165578257593e-01, 4.237085833411369240e-01, 3.724543297407914566e-01, 8.884607036024590176e-02
1.149766526703553393e-01, 4.237240353649362468e-01, 3.724500872517586547e-01, 8.884922471294967594e-02
1.149623034150143441e-01, 4.237394848298965400e-01, 3.724458254173972915e-01, 8.885238633769169947e-02
1.149479687865157390e-01, 4.237549317375760016e-01, 3.724415442468763660e-01, 8.885555522903194892e-02
1.149336487795683814e-01, 4.237703760895241145e-01, 3.724372437493779775e-01, 8.885873138152948492e-02
1.149193433888772709e-01, 4.237858178872815906e-01, 3.724329239340984365e-01, 8.886191478974263258e-02
1.149050526091434515e-01, 4.238012571323808153e-01, 3.724285848102469321e-01, 8.886510544822874558e-02
1.148907764350638044e-01, 4.238166938263452366e-01, 3.724242263870466418e-01, 8.886830335154428939e-02
1.148765148613314913e-01, 4.238321279706898648e-01, 3.724198486737335667e-01, 8.887150849424496624e-02
1.148622678826354548e-01, 4.238475595669212725e-01, 3.724154516795578074e-01, 8.887472087088538197e-02
1.148480354936608216e-01, 4.238629886165369287e-01, 3.724110354137827317e-01, 8.887794047601955960e-02
1.148338176890886103e-01, 4.238784151210259754e-01, 3.724065998856851412e-01, 8.888116730420025924e-02
1.148196144635959953e-01, 4.238938390818689506e-01, 3.724021451045554376e-01, 8.888440134997967201e-02
1.148054258118560156e-01, 4.239092605005375658e-01, 3.723976710796976231e-01, 8.888764260790893434e-02
1.147912517285378381e-01, 4.239246793784949285e-01, 3.723931778204289667e-01, 8.889089107253825284e-02
1.147770922083067024e-01, 4.239400957171957085e-01, 3.723886653360806154e-01, 8.889414673841709857e-02
1.147629472458236988e-01, 4.239555095180855271e-01, 3.723841336359969278e-01, 8.889740960009383242e-02
1.147488168357461147e-01, 4.239709207826017345e-01, 3.723795827295360850e-01, 8.890067965211610745e-02
1.147347009727271022e-01, 4.239863295121728548e-01, 3.723750126260694793e-01, 8.890395688903046656e-02
1.147205996514159693e-01, 4.240017357082188076e-01, 3.723704233349824366e-01, 8.890724130538270320e-02
1.147065128664580130e-01, 4.240171393721507975e-01, 3.723658148656736611e-01, 8.891053289571758389e-02
1.146924406124944923e-01, 4.240325405053712582e-01, 3.723611872275554013e-01, 8.891383165457902860e-02
1.146783828841626551e-01, 4.240479391092741301e-01, 3.723565404300531734e-01, 8.891713757650998584e-02
1.146643396760959749e-01, 4.240633351852446387e-01, 3.723518744826068150e-01, 8.892045065605255760e-02
1.146503109829237338e-01, 4.240787287346593493e-01, 3.723471893946691536e-01, 8.892377088774777727e-02
1.146362967992713977e-01, 4.240941197588860567e-01, 3.723424851757066167e-01, 8.892709826613585944e-02
1.146222971197603108e-01, 4.241095082592841181e-01, 3.723377618351995655e-01, 8.893043278575608890e-02
1.146083119390079591e-01, 4.241248942372036201e-01, 3.723330193826416279e-01, 8.893377444114672348e-02
1.145943412516277904e-01, 4.241402776939868224e-01, 3.723282578275400323e-01, 8.893712322684520222e-02
1.145803850522292555e-01, 4.241556586309664922e-01, 3.723234771794162179e-01, 8.894047913738788169e-02
1.145664433354179473e-01, 4.241710370494675142e-01, 3.723186774478042804e-01, 8.894384216731028581e-02
1.145525160957954064e-01, 4.241864129508050585e-01, 3.723138586422526375e-01, 8.894721231114695315e-02
1.145386033279591348e-01, 4.242017863362864127e-01, 3.723090207723230849e-01, 8.895058956343146472e-02
1.145247050265027211e-01, 4.242171572072099828e-01, 3.723041638475909076e-01, 8.895397391869645787e-02
1.145108211860157849e-01, 4.242325255648652926e-01, 3.722992878776453796e-01, 8.895736537147355683e-02
1.144969518010840320e-01, 4.242478914105333176e-01, 3.722943928720891527e-01, 8.896076391629351154e-02
1.144830968662890747e-01, 4.242632547454863179e-01, 3.722894788405385902e-01, 8.896416954768604501e-02
1.144692563762086668e-01, 4.242786155709875606e-01, 3.722845457926238222e-01, 8.896758226018000593e-02
1.144554303254164546e-01, 4.242939738882922640e-01, 3.722795937379881903e-01, 8.897100204830316050e-02
1.144416187084822678e-01, 4.243093296986459872e-01, 3.722746226862894692e-01, 8.897442890658233128e-02
1.144278215199718146e-01, 4.243246830032865180e-01, 3.722696326471983119e-01, 8.897786282954339709e-02
1.144140387544469589e-01, 4.243400338034421515e-01, 3.722646236303996381e-01, 8.898130381171127923e-02
1.144002704064655124e-01, 4.243553821003330784e-01, 3.722595956455916344e-01, 8.898475184760985812e-02
1.143865164705813314e-01, 4.243707278951703854e-01, 3.722545487024863653e-01, 8.898820693176198726e-02
1.143727769413442896e-01, 4.243860711891563886e-01, 3.722494828108095510e-01, 8.899166905868972910e-02
1.143590518133003886e-01, 4.244014119834849108e-01, 3.722443979803007341e-01, 8.899513822291396647e-02
1.143453410809914805e-01, 4.244167502793408930e-01, 3.722392942207129463e-01, 8.899861441895469405e-02
1.143316447389555734e-01, 4.244320860779007276e-01, 3.722341715418129859e-01, 8.900209764133081014e-02
1.143179627817266786e-01, 4.244474193803317030e-01, 3.722290299533814184e-01, 8.900558788456026937e-02
1.143042952038348520e-01, 4.244627501877926701e-01, 3.722238694652124091e-01, 8.900908514316011044e-02
1.142906419998061390e-01, 4.244780785014336533e-01, 3.722186900871139459e-01, 8.901258941164626182e-02
1.142770031641626716e-01, 4.244934043223959619e-01, 3.722134918289077832e-01, 8.901610068453362501e-02
1.142633786914225152e-01, 4.245087276518118569e-01, 3.722082747004293868e-01, 8.901961895633622723e-02
1.142497685760998638e-01, 4.245240484908053280e-01, 3.722030387115278227e-01, 8.902314422156690221e-02
1.142361728127049558e-01, 4.245393668404913723e-01, 3.721977838720660348e-01, 8.902667647473765100e-02
1.142225913957438804e-01, 4.245546827019761049e-01, 3.721925101919206780e-01, 8.903021571035928117e-02
1.142090243197190075e-01, 4.245699960763572589e-01, 3.721872176809820076e-01, 8.903376192294171210e-02
1.141954715791285435e-01, 4.245853069647231304e-01, 3.721819063491544344e-01, 8.903731510699382234e-02
1.141819331684668648e-01, 4.246006153681540218e-01, 3.721765762063556915e-01, 8.904087525702332473e-02
1.141684090822242675e-01, 4.246159212877210765e-01, 3.721712272625176121e-01, 8.904444236753718267e-02
1.141548993148871205e-01, 4.246312247244865001e-01, 3.721658595275853521e-01, 8.904801643304098568e-02
1.141414038609379067e-01, 4.246465256795040610e-01, 3.721604730115185555e-01, 8.905159744803953226e-02
1.141279227148549874e-01, 4.246618241538185345e-01, 3.721550677242899119e-01, 8.905518540703652453e-02
1.141144558711128937e-01, 4.246771201484660918e-01, 3.721496436758864879e-01, 8.905878030453454053e-02
1.141010033241820626e-01, 4.246924136644739667e-01, 3.721442008763086173e-01, 8.906238213503525625e-02
1.140875650685291287e-01, 4.247077047028607333e-01, 3.721387393355709006e-01, 8.906599089303920969e-02
1.140741410986166188e-01, 4.247229932646360284e-01, 3.721332590637015381e-01, 8.906960657304585638e-02
1.140607314089030905e-01, 4.247382793508008847e-01, 3.721277600707422750e-01, 8.907322916955365266e-02
1.140473359938432851e-01, 4.247535629623473974e-01, 3.721222423667492896e-01, 8.907685867706001404e-02
1.140339548478878084e-01, 4.247688441002588911e-01, 3.721167059617920825e-01, 8.908049509006125966e-02
1.140205879654833665e-01, 4.247841227655098084e-01, 3.721111508659541434e-01, 8.908413840305266784e-02
1.140072353410727518e-01, 4.247993989590662101e-01, 3.721055770893327286e-01, 8.908778861052844833e-02
1.139938969690946768e-01, 4.248146726818846641e-01, 3.720999846420388057e-01, 8.909144570698178389e-02
1.139805728439840099e-01, 4.248299439349136342e-01, 3.720943735341977754e-01, 8.909510968690463606e-02
1.139672629601715809e-01, 4.248452127190922578e-01, 3.720887437759480276e-01, 8.909878054478807818e-02
1.139539673120842783e-01, 4.248604790353511240e-01, 3.720830953774424965e-01, 8.910245827512204564e-02
1.139406858941450357e-01, 4.248757428846122175e-01, 3.720774283488475498e-01, 8.910614287239537745e-02
1.139274187007727063e-01, 4.248910042677879195e-01, 3.720717427003435995e-01, 8.910983433109573304e-02
1.139141657263824242e-01, 4.249062631857828398e-01, 3.720660384421249356e-01, 8.911353264570995303e-02
1.139009269653851047e-01, 4.249215196394917626e-01, 3.720603155843995591e-01, 8.911723781072349027e-02
1.138877024121878467e-01, 4.249367736298016451e-01, 3.720545741373895154e-01, 8.912094982062090942e-02
1.138744920611937939e-01, 4.249520251575897856e-01, 3.720488141113307834e-01, 8.912466866988556780e-02
1.138612959068020097e-01, 4.249672742237251555e-01, 3.720430355164729419e-01, 8.912839435299983737e-02
1.138481139434077555e-01, 4.249825208290675116e-01, 3.720372383630797253e-01, 8.913212686444492439e-02
1.138349461654021288e-01, 4.249977649744685060e-01, 3.720314226614285236e-01, 8.913586619870092487e-02
1.138217925671724667e-01, 4.250130066607697432e-01, 3.720255884218110487e-01, 8.913961235024683849e-02
1.138086531431019427e-01, 4.250282458888052783e-01, 3.720197356545323353e-01, 8.914336531356051307e-02
1.137955278875699833e-01, 4.250434826593994520e-01, 3.720138643699116843e-01, 8.914712508311876948e-02
1.137824167949519349e-01, 4.250587169733682780e-01, 3.720079745782823855e-01, 8.915089165339734611e-02
1.137693198596191474e-01, 4.250739488315187775e-01, 3.720020662899914399e-01, 8.915466501887074624e-02
1.137562370759390984e-01, 4.250891782346487013e-01, 3.719961395153997818e-01, 8.915844517401236291e-02
1.137431684382752134e-01, 4.251044051835477511e-01, 3.719901942648823345e-01, 8.916223211329463161e-02
1.137301139409870321e-01, 4.251196296789960805e-01, 3.719842305488281764e-01, 8.916602583118864167e-02
1.137170735784301251e-01, 4.251348517217655720e-01, 3.719782483776397086e-01, 8.916982632216456650e-02
1.137040473449560107e-01, 4.251500713126187270e-01, 3.719722477617340428e-01, 8.917363358069121948e-02
1.136910352349124048e-01, 4.251652884523094977e-01, 3.719662287115416133e-01, 8.917744760123649805e-02
1.136780372426429292e-01, 4.251805031415827330e-01, 3.719601912375072872e-01, 8.918126837826700903e-02
1.136650533624873061e-01, 4.251957153811748991e-01, 3.719541353500893655e-01, 8.918509590624831840e-02
1.136520835887812331e-01, 4.252109251718133032e-01, 3.719480610597606374e-01, 8.918893017964479863e-02
1.136391279158565637e-01, 4.252261325142161486e-01, 3.719419683770074925e-01, 8.919277119291972589e-02
1.136261863380410575e-01, 4.252413374090933118e-01, 3.719358573123304756e-01, 8.919661894053516893e-02
1.136132588496586576e-01, 4.252565398571451771e-01, 3.719297278762440095e-01, 8.920047341695210019e-02
1.136003454450292133e-01, 4.252717398590638020e-01, 3.719235800792766167e-01, 8.920433461663025698e-02
1.135874461184686879e-01, 4.252869374155323623e-01, 3.719174139319706418e-01, 8.920820253402836353e-02
1.135745608642890619e-01, 4.253021325272244857e-01, 3.719112294448825295e-01, 8.921207716360381179e-02
1.135616896767984163e-01, 4.253173251948057509e-01, 3.719050266285828243e-01, 8.921595849981299453e-02
1.135488325503007240e-01, 4.253325154189324664e-01, 3.718988054936556709e-01, 8.921984653711104163e-02
1.135359894790961971e-01, 4.253477032002521696e-01, 3.718925660506998132e-01, 8.922374126995195887e-02
1.135231604574808983e-01, 4.253628885394031833e-01, 3.718863083103274292e-01, 8.922764269278853078e-02
1.135103454797470740e-01, 4.253780714370155036e-01, 3.718800322831649074e-01, 8.923155080007239004e-02
1.134975445401829597e-01, 4.253932518937099116e-01, 3.718737379798529585e-01, 8.923546558625412850e-02
1.134847576330728358e-01, 4.254084299100983069e-01, 3.718674254110458932e-01, 8.923938704578288084e-02
1.134719847526970138e-01, 4.254236054867838179e-01, 3.718610945874123996e-01, 8.924331517310690742e-02
1.134592258933318221e-01, 4.254387786243604141e-01, 3.718547455196347107e-01, 8.924724996267299759e-02
1.134464810492497311e-01, 4.254539493234135716e-01, 3.718483782184097697e-01, 8.925119140892705250e-02
1.134337502147191173e-01, 4.254691175845195517e-01, 3.718419926944477316e-01, 8.925513950631347448e-02
1.134210333840045964e-01, 4.254842834082460112e-01, 3.718355889584736285e-01, 8.925909424927573610e-02
1.134083305513665513e-01, 4.254994467951513926e-01, 3.718291670212260924e-01, 8.926305563225596373e-02
1.133956417110616316e-01, 4.255146077457854781e-01, 3.718227268934578000e-01, 8.926702364969511805e-02
1.133829668573424626e-01, 4.255297662606889464e-01, 3.718162685859356387e-01, 8.927099829603296621e-02
1.133703059844577282e-01, 4.255449223403936498e-01, 3.718097921094404845e-01, 8.927497956570810966e-02
1.133576590866520323e-01, 4.255600759854227255e-01, 3.718032974747672026e-01, 8.927896745315785920e-02
1.133450261581663010e-01, 4.255752271962903177e-01, 3.717967846927249798e-01, 8.928296195281847092e-02
1.133324071932371724e-01, 4.255903759735011893e-01, 3.717902537741367697e-01, 8.928696305912472986e-02
1.133198021860975790e-01, 4.256055223175520541e-01, 3.717837047298399034e-01, 8.929097076651051901e-02
1.133072111309763735e-01, 4.256206662289299114e-01, 3.717771375706854231e-01, 8.929498506940827807e-02
1.132946340220984671e-01, 4.256358077081133784e-01, 3.717705523075389151e-01, 8.929900596224923937e-02
1.132820708536848853e-01, 4.256509467555718573e-01, 3.717639489512797324e-01, 8.930303343946358052e-02
1.132695216199526150e-01, 4.256660833717660353e-01, 3.717573275128013832e-01, 8.930706749548006362e-02
1.132569863151147715e-01, 4.256812175571474399e-01, 3.717506880030115313e-01, 8.931110812472635441e-02
1.132444649333803205e-01, 4.256963493121588837e-01, 3.717440304328319955e-01, 8.931515532162881410e-02
1.132319574689545638e-01, 4.257114786372342419e-01, 3.717373548131986394e-01, 8.931920908061252717e-02
1.132194639160386818e-01, 4.257266055327983967e-01, 3.717306611550614259e-01, 8.932326939610155114e-02
1.132069842688298716e-01, 4.257417299992672377e-01, 3.717239494693844182e-01, 8.932733626251844472e-02
1.131945185215214866e-01, 4.257568520370479392e-01, 3.717172197671458900e-01, 8.933140967428469803e-02
1.131820666683028137e-01, 4.257719716465386273e-01, 3.717104720593381595e-01, 8.933548962582046893e-02
1.131696287033592541e-01, 4.257870888281282684e-01, 3.717037063569678113e-01, 8.933957611154466627e-02
1.131572046208722676e-01, 4.258022035821973361e-01, 3.716969226710554186e-01, 8.934366912587507481e-02
1.131447944150192619e-01, 4.258173159091171445e-01, 3.716901210126355992e-01, 8.934776866322800826e-02
1.131323980799738976e-01, 4.258324258092496817e-01, 3.716833013927576257e-01, 8.935187471801875336e-02
1.131200156099056164e-01, 4.258475332829489979e-01, 3.716764638224842043e-01, 8.935598728466118135e-02
1.131076469989800853e-01, 4.258626383305592067e-01, 3.716696083128928629e-01, 8.936010635756795606e-02
1.130952922413589745e-01, 4.258777409524157620e-01, 3.716627348750747850e-01, 8.936423193115047847e-02
1.130829513311999990e-01, 4.258928411488456800e-01, 3.716558435201354205e-01, 8.936836399981885892e-02
1.130706242626569602e-01, 4.259079389201663179e-01, 3.716489342591947631e-01, 8.937250255798200038e-02
1.130583110298795796e-01, 4.259230342666863178e-01, 3.716420071033864625e-01, 8.937664760004744580e-02
1.130460116270138454e-01, 4.259381271887058285e-01, 3.716350620638588231e-01, 8.938079912042158626e-02
1.130337260482015410e-01, 4.259532176865154507e-01, 3.716280991517736942e-01, 8.938495711350935569e-02
1.130214542875806888e-01, 4.259683057603969036e-01, 3.716211183783078575e-01, 8.938912157371457778e-02
1.130091963392853005e-01, 4.259833914106233022e-01, 3.716141197546516395e-01, 8.939329249543970235e-02
1.129969521974453356e-01, 4.259984746374587683e-01, 3.716071032920100770e-01, 8.939746987308587467e-02
1.129847218561870481e-01, 4.260135554411578762e-01, 3.716000690016020847e-01, 8.940165370105307430e-02
1.129725053096324316e-01, 4.260286338219670399e-01, 3.715930168946606771e-01, 8.940584397373982362e-02
1.129603025518998299e-01, 4.260437097801231254e-01, 3.715859469824335237e-01, 8.941004068554354867e-02
1.129481135771034234e-01, 4.260587833158542836e-01, 3.715788592761820608e-01, 8.941424383086014893e-02
1.129359383793535343e-01, 4.260738544293799501e-01, 3.715717537871821574e-01, 8.941845340408435816e-02
1.129237769527564467e-01, 4.260889231209100125e-01, 3.715646305267238381e-01, 8.942266939960961947e-02
1.129116292914146696e-01, 4.261039893906459763e-01, 3.715574895061113381e-01, 8.942689181182805758e-02
1.128994953894265352e-01, 4.261190532387800212e-01, 3.715503307366630481e-01, 8.943112063513042331e-02
1.128873752408866282e-01, 4.261341146654952783e-01, 3.715431542297118472e-01, 8.943535586390624625e-02
1.128752688398854676e-01, 4.261491736709662193e-01, 3.715359599966044923e-01, 8.943959749254365432e-02
1.128631761805096584e-01, 4.261642302553583783e-01, 3.715287480487024507e-01, 8.944384551542956807e-02
1.128510972568418369e-01, 4.261792844188279639e-01, 3.715215183973806234e-01, 8.944809992694947864e-02
1.128390320629607396e-01, 4.261943361615223580e-01, 3.715142710540292881e-01, 8.945236072148769757e-02
1.128269805929411063e-01, 4.262093854835801721e-01, 3.715070060300517674e-01, 8.945662789342699595e-02
1.128149428408537353e-01, 4.262244323851307470e-01, 3.714997233368664831e-01, 8.946090143714900689e-02
1.128029188007654560e-01, 4.262394768662945421e-01, 3.714924229859059013e-01, 8.946518134703398961e-02
1.127909084667392814e-01, 4.262545189271834123e-01, 3.714851049886165324e-01, 8.946946761746081556e-02
1.127789118328340057e-01, 4.262695585678994981e-01, 3.714777693564593752e-01, 8.947376024280706552e-02
1.127669288931047731e-01, 4.262845957885365022e-01, 3.714704161009096395e-01, 8.947805921744898805e-02
1.127549596416025923e-01, 4.262996305891791904e-01, 3.714630452334568012e-01, 8.948236453576149940e-02
1.127430040723746141e-01, 4.263146629699027246e-01, 3.714556567656045472e-01, 8.948667619211814195e-02
1.127310621794639367e-01, 4.263296929307741623e-01, 3.714482507088708307e-01, 8.949099418089105640e-02
1.127191339569098422e-01, 4.263447204718507910e-01, 3.714408270747881491e-01, 8.949531849645118997e-02
1.127072193987476434e-01, 4.263597455931815161e-01, 3.714333858749028217e-01, 8.949964913316806048e-02
1.126953184990085871e-01, 4.263747682948058060e-01, 3.714259271207759894e-01, 8.950398608540970080e-02
1.126834312517200481e-01, 4.263897885767543583e-01, 3.714184508239826155e-01, 8.950832934754306136e-02
1.126715576509055294e-01, 4.264048064390487114e-01, 3.714109569961122070e-01, 8.951267891393351050e-02
1.126596976905844399e-01, 4.264198218817019104e-01, 3.714034456487686486e-01, 8.951703477894507044e-02
1.126478513647723584e-01, 4.264348349047172859e-01, 3.713959167935698136e-01, 8.952139693694056988e-02
1.126360186674808667e-01, 4.264498455080896755e-01, 3.713883704421481746e-01, 8.952576538228125547e-02
1.126241995927176331e-01, 4.264648536918047017e-01, 3.713808066061504154e-01, 8.953014010932720812e-02
1.126123941344863710e-01, 4.264798594558391054e-01, 3.713732252972375969e-01, 8.953452111243696832e-02
1.126006022867867828e-01, 4.264948628001605235e-01, 3.713656265270848800e-01, 8.953890838596778590e-02
1.125888240436147408e-01, 4.265098637247277669e-01, 3.713580103073819139e-01, 8.954330192427549517e-02
1.125770593989620372e-01, 4.265248622294904868e-01, 3.713503766498328917e-01, 8.954770172171459819e-02
1.125653083468166615e-01, 4.265398583143893418e-01, 3.713427255661558846e-01, 8.955210777263818145e-02
1.125535708811625235e-01, 4.265548519793559978e-01, 3.713350570680836182e-01, 8.955652007139788817e-02
1.125418469959797441e-01, 4.265698432243132387e-01, 3.713273711673630295e-01, 8.956093861234411257e-02
1.125301366852443086e-01, 4.265848320491746337e-01, 3.713196678757552105e-01, 8.956536338982576395e-02
1.125184399429283721e-01, 4.265998184538448701e-01, 3.713119472050362968e-01, 8.956979439819040545e-02
1.125067567630001902e-01, 4.266148024382197534e-01, 3.713042091669958578e-01, 8.957423163178405978e-02
1.124950871394239937e-01, 4.266297840021861520e-01, 3.712964537734382842e-01, 8.957867508495162556e-02
1.124834310661600584e-01, 4.266447631456211087e-01, 3.712886810361824552e-01, 8.958312475203634995e-02
1.124717885371647602e-01, 4.266597398683938391e-01, 3.712808909670613500e-01, 8.958758062738013395e-02
1.124601595463905340e-01, 4.266747141703637336e-01, 3.712730835779222693e-01, 8.959204270532357406e-02
1.124485440877858178e-01, 4.266896860513812451e-01, 3.712652588806271137e-01, 8.959651098020571247e-02
1.124369421552951637e-01, 4.267046555112884443e-01, 3.712574168870521052e-01, 8.960098544636435625e-02
1.124253537428591965e-01, 4.267196225499176321e-01, 3.712495576090874549e-01, 8.960546609813574426e-02
1.124137788444145164e-01, 4.267345871670923385e-01, 3.712416810586384175e-01, 8.960995292985472760e-02
1.124022174538938657e-01, 4.267495493626274339e-01, 3.712337872476239586e-01, 8.961444593585476959e-02
1.123906695652259480e-01, 4.267645091363281296e-01, 3.712258761879778657e-01, 8.961894511046793188e-02
1.123791351723356646e-01, 4.267794664879912547e-01, 3.712179478916481923e-01, 8.962345044802483285e-02
1.123676142691437674e-01, 4.267944214174042572e-01, 3.712100023705972585e-01, 8.962796194285456430e-02
1.123561068495673582e-01, 4.268093739243455920e-01, 3.712020396368021502e-01, 8.963247958928502457e-02
1.123446129075192507e-01, 4.268243240085846657e-01, 3.711940597022536648e-01, 8.963700338164243275e-02
1.123331324369085810e-01, 4.268392716698820588e-01, 3.711860625789576429e-01, 8.964153331425164795e-02
1.123216654316404883e-01, 4.268542169079893589e-01, 3.711780482789340252e-01, 8.964606938143616921e-02
1.123102118856161152e-01, 4.268691597226488277e-01, 3.711700168142171297e-01, 8.965061157751802456e-02
1.122987717927326073e-01, 4.268841001135936231e-01, 3.711619681968560402e-01, 8.965515989681770159e-02
1.122873451468833911e-01, 4.268990380805485207e-01, 3.711539024389137742e-01, 8.965971433365432786e-02
1.122759319419576740e-01, 4.269139736232288596e-01, 3.711458195524679482e-01, 8.966427488234561538e-02
1.122645321718409167e-01, 4.269289067413405969e-01, 3.711377195496106673e-01, 8.966884153720773576e-02
1.122531458304146107e-01, 4.269438374345815856e-01, 3.711296024424483586e-01, 8.967341429255551444e-02
1.122417729115562646e-01, 4.269587657026393535e-01, 3.711214682431021039e-01, 8.967799314270220867e-02
1.122304134091393762e-01, 4.269736915451939896e-01, 3.711133169637070295e-01, 8.968257808195970182e-02
1.122190673170336828e-01, 4.269886149619152582e-01, 3.711051486164127500e-01, 8.968716910463832293e-02
1.122077346291048411e-01, 4.270035359524642637e-01, 3.710969632133837570e-01, 8.969176620504701325e-02
1.121964153392146363e-01, 4.270184545164934509e-01, 3.710887607667986421e-01, 8.969636937749332628e-02
1.121851094412208427e-01, 4.270333706536458829e-01, 3.710805412888502075e-01, 8.970097861628309466e-02
1.121738169289774184e-01, 4.270482843635555747e-01, 3.710723047917461326e-01, 8.970559391572094365e-02
1.121625377963342274e-01, 4.270631956458476597e-01, 3.710640512877082520e-01, 8.971021527010990260e-02
1.121512720371373034e-01, 4.270781045001380560e-01, 3.710557807889731663e-01, 8.971484267375147426e-02
1.121400196452287251e-01, 4.270930109260340779e-01, 3.710474933077913540e-01, 8.971947612094587077e-02
1.121287806144465743e-01, 4.271079149231334360e-01, 3.710391888564284479e-01, 8.972411560599155567e-02
1.121175549386250608e-01, 4.271228164910251812e-01, 3.710308674471639034e-01, 8.972876112318572961e-02
1.121063426115944950e-01, 4.271377156292891497e-01, 3.710225290922921637e-01, 8.973341266682408057e-02
1.120951436271810792e-01, 4.271526123374964068e-01, 3.710141738041218828e-01, 8.973807023120061732e-02
1.120839579792072549e-01, 4.271675066152086919e-01, 3.710058015949759258e-01, 8.974273381060814125e-02
1.120727856614914808e-01, 4.271823984619785852e-01, 3.709974124771922566e-01, 8.974740339933769129e-02
1.120616266678481493e-01, 4.271972878773501181e-01, 3.709890064631226059e-01, 8.975207899167902958e-02
1.120504809920878642e-01, 4.272121748608579961e-01, 3.709805835651337480e-01, 8.975676058192022522e-02
1.120393486280174128e-01, 4.272270594120278764e-01, 3.709721437956066681e-01, 8.976144816434804274e-02
1.120282295694392111e-01, 4.272419415303765344e-01, 3.709636871669367286e-01, 8.976614173324755364e-02
1.120171238101521638e-01, 4.272568212154115308e-01, 3.709552136915339471e-01, 8.977084128290244158e-02
1.120060313439510263e-01, 4.272716984666312667e-01, 3.709467233818228848e-01, 8.977554680759487760e-02
1.119949521646267376e-01, 4.272865732835254282e-01, 3.709382162502423697e-01, 8.978025830160546450e-02
1.119838862659661843e-01, 4.273014456655746529e-01, 3.709296923092460507e-01, 8.978497575921330631e-02
1.119728336417523396e-01, 4.273163156122501971e-01, 3.709211515713015106e-01, 8.978969917469596662e-02
1.119617942857643461e-01, 4.273311831230146574e-01, 3.709125940488914308e-01, 8.979442854232964899e-02
1.119507681917773084e-01, 4.273460481973213043e-01, 3.709040197545126483e-01, 8.979916385638878062e-02
1.119397553535624174e-01, 4.273609108346143604e-01, 3.708954287006767658e-01, 8.980390511114649810e-02
1.119287557648869225e-01, 4.273757710343294436e-01, 3.708868208999093752e-01, 8.980865230087423101e-02
1.119177694195141598e-01, 4.273906287958927352e-01, 3.708781963647511115e-01, 8.981340541984200732e-02
1.119067963112035102e-01, 4.274054841187213682e-01, 3.708695551077570429e-01, 8.981816446231821738e-02
1.118958364337104272e-01, 4.274203370022233717e-01, 3.708608971414963373e-01, 8.982292942256978052e-02
1.118848897807864923e-01, 4.274351874457982259e-01, 3.708522224785533172e-01, 8.982770029486214503e-02
1.118739563461792069e-01, 4.274500354488356968e-01, 3.708435311315260718e-01, 8.983247707345905220e-02
1.118630361236322146e-01, 4.274648810107170571e-01, 3.708348231130278450e-01, 8.983725975262282781e-02
1.118521291068853285e-01, 4.274797241308142537e-01, 3.708260984356861467e-01, 8.984204832661422946e-02
1.118412352896743234e-01, 4.274945648084903516e-01, 3.708173571121429757e-01, 8.984684278969250204e-02
1.118303546657309078e-01, 4.275094030430990344e-01, 3.708085991550547633e-01, 8.985164313611518350e-02
1.118194872287831682e-01, 4.275242388339852706e-01, 3.707998245770930956e-01, 8.985644936013849338e-02
1.118086329725549999e-01, 4.275390721804851468e-01, 3.707910333909429923e-01, 8.986126145601686099e-02
1.117977918907664681e-01, 4.275539030819250352e-01, 3.707822256093050717e-01, 8.986607941800335564e-02
1.117869639771337381e-01, 4.275687315376229813e-01, 3.707734012448938854e-01, 8.987090324034942290e-02
1.117761492253689370e-01, 4.275835575468877603e-01, 3.707645603104385845e-01, 8.987573291730488467e-02
1.117653476291803338e-01, 4.275983811090185993e-01, 3.707557028186830861e-01, 8.988056844311803628e-02
1.117545591822722423e-01, 4.276132022233065655e-01, 3.707468287823856845e-01, 8.988540981203560487e-02
1.117437838783450904e-01, 4.276280208890329004e-01, 3.707379382143191626e-01, 8.989025701830284654e-02
1.117330217110952539e-01, 4.276428371054702970e-01, 3.707290311272711247e-01, 8.989511005616329653e-02
1.117222726742153338e-01, 4.276576508718822334e-01, 3.707201075340434415e-01, 8.989996891985894967e-02
1.117115367613939064e-01, 4.276724621875231946e-01, 3.707111674474525276e-01, 8.990483360363027421e-02
1.117008139663156902e-01, 4.276872710516383402e-01, 3.707022108803297300e-01, 8.990970410171623961e-02
1.116901042826613233e-01, 4.277020774634642808e-01, 3.706932378455204402e-01, 8.991458040835395571e-02
1.116794077041076694e-01, 4.277168814222281346e-01, 3.706842483558849821e-01, 8.991946251777931109e-02
1.116687242243275396e-01, 4.277316829271480270e-01, 3.706752424242981125e-01, 8.992435042422625147e-02
1.116580538369899289e-01, 4.277464819774335347e-01, 3.706662200636490212e-01, 8.992924412192736250e-02
1.116473965357599185e-01, 4.277612785722845756e-01, 3.706571812868418303e-01, 8.993414360511371719e-02
1.116367523142983986e-01, 4.277760727108923522e-01, 3.706481261067948174e-01, 8.993904886801447340e-02
1.116261211662626512e-01, 4.277908643924388521e-01, 3.706390545364409705e-01, 8.994395990485744286e-02
1.116155030853059060e-01, 4.278056536160970702e-01, 3.706299665887280437e-01, 8.994887670986886907e-02
1.116048980650774097e-01, 4.278204403810312306e-01, 3.706208622766181127e-01, 8.995379927727316371e-02
1.115943060992225511e-01, 4.278352246863959540e-01, 3.706117416130880193e-01, 8.995872760129337842e-02
1.115837271813827913e-01, 4.278500065313373124e-01, 3.706026046111292049e-01, 8.996366167615081622e-02
1.115731613051955395e-01, 4.278647859149921073e-01, 3.705934512837473216e-01, 8.996860149606522583e-02
1.115626084642944715e-01, 4.278795628364882031e-01, 3.705842816439626208e-01, 8.997354705525470453e-02
1.115520686523091831e-01, 4.278943372949440827e-01, 3.705750957048108418e-01, 8.997849834793579527e-02
1.115415418628654814e-01, 4.279091092894698467e-01, 3.705658934793412129e-01, 8.998345536832341729e-02
1.115310280895850659e-01, 4.279238788191660481e-01, 3.705566749806181726e-01, 8.998841811063082452e-02
1.115205273260858332e-01, 4.279386458831241358e-01, 3.705474402217204810e-01, 8.999338656906963330e-02
1.115100395659817389e-01, 4.279534104804266770e-01, 3.705381892157416091e-01, 8.999836073784996116e-02
1.114995648028827835e-01, 4.279681726101474126e-01, 3.705289219757895158e-01, 9.000334061118020479e-02
1.114891030303950675e-01, 4.279829322713508688e-01, 3.705196385149869820e-01, 9.000832618326713719e-02
1.114786542421207227e-01, 4.279976894630923012e-01, 3.705103388464710545e-01, 9.001331744831596315e-02
1.114682184316580227e-01, 4.280124441844180838e-01, 3.705010229833937685e-01, 9.001831440053015276e-02
1.114577955926012304e-01, 4.280271964343657642e-01, 3.704916909389213697e-01, 9.002331703411162178e-02
1.114473857185407923e-01, 4.280419462119636198e-01, 3.704823427262349811e-01, 9.002832534326064839e-02
1.114369888030631167e-01, 4.280566935162308795e-01, 3.704729783585302139e-01, 9.003333932217584545e-02
1.114266048397507258e-01, 4.280714383461777794e-01, 3.704635978490173343e-01, 9.003835896505420211e-02
1.114162338221822424e-01, 4.280861807008055075e-01, 3.704542012109211524e-01, 9.004338426609102830e-02
1.114058757439323755e-01, 4.281009205791061478e-01, 3.704447884574813554e-01, 9.004841521948003802e-02
1.113955305985718375e-01, 4.281156579800631801e-01, 3.704353596019517303e-01, 9.005345181941330768e-02
1.113851983796674966e-01, 4.281303929026501476e-01, 3.704259146576011075e-01, 9.005849406008117897e-02
1.113748790807822658e-01, 4.281451253458324335e-01, 3.704164536377128614e-01, 9.006354193567241151e-02
1.113645726954750892e-01, 4.281598553085660397e-01, 3.704069765555847993e-01, 9.006859544037411347e-02
1.113542792173010665e-01, 4.281745827897978085e-01, 3.703974834245295500e-01, 9.007365456837171380e-02
1.113439986398112730e-01, 4.281893077884654231e-01, 3.703879742578743417e-01, 9.007871931384893449e-02
1.113337309565530092e-01, 4.282040303034982953e-01, 3.703784490689607800e-01, 9.008378967098795709e-02
1.113234761610695372e-01, 4.282187503338158452e-01, 3.703689078711454585e-01, 9.008886563396920066e-02
1.113132342469002056e-01, 4.282334678783289439e-01, 3.703593506777994593e-01, 9.009394719697143283e-02
1.113030052075804632e-01, 4.282481829359396364e-01, 3.703497775023081862e-01, 9.009903435417175588e-02
1.112927890366418177e-01, 4.282628955055401421e-01, 3.703401883580723641e-01, 9.010412709974562062e-02
1.112825857276119462e-01, 4.282776055860145203e-01, 3.703305832585066515e-01, 9.010922542786685419e-02
1.112723952740144323e-01, 4.282923131762376712e-01, 3.703209622170405280e-01, 9.011432933270745183e-02
1.112622176693691400e-01, 4.283070182750746691e-01, 3.703113252471183503e-01, 9.011943880843790999e-02
1.112520529071918535e-01, 4.283217208813823174e-01, 3.703016723621989637e-01, 9.012455384922693491e-02
1.112419009809944431e-01, 4.283364209940082601e-01, 3.702920035757558126e-01, 9.012967444924152582e-02
1.112317618842849215e-01, 4.283511186117909264e-01, 3.702823189012768856e-01, 9.013480060264709992e-02
1.112216356105675125e-01, 4.283658137335599192e-01, 3.702726183522653258e-01, 9.013993230360736741e-02
1.112115221533421378e-01, 4.283805063581354600e-01, 3.702629019422380430e-01, 9.014506954628428992e-02
1.112014215061052080e-01, 4.283951964843293325e-01, 3.702531696847273235e-01, 9.015021232483812208e-02
1.111913336623489984e-01, 4.284098841109436062e-01, 3.702434215932797756e-01, 9.015536063342752260e-02
1.111812586155619259e-01, 4.284245692367717462e-01, 3.702336576814567737e-01, 9.016051446620942933e-02
1.111711963592284108e-01, 4.284392518605982803e-01, 3.702238779628342913e-01, 9.016567381733904540e-02
1.111611468868290292e-01, 4.284539319811983549e-01, 3.702140824510028461e-01, 9.017083868096981147e-02
1.111511101918404298e-01, 4.284686095973381237e-01, 3.702042711595678881e-01, 9.017600905125365551e-02
1.111410862677353617e-01, 4.284832847077749141e-01, 3.701944441021491339e-01, 9.018118492234052097e-02
1.111310751079826464e-01, 4.284979573112571161e-01, 3.701846012923811213e-01, 9.018636628837897740e-02
1.111210767060471089e-01, 4.285126274065240159e-01, 3.701747427439132099e-01, 9.019155314351563757e-02
1.111110910553897990e-01, 4.285272949923054631e-01, 3.701648684704092473e-01, 9.019674548189544894e-02
1.111011181494676314e-01, 4.285419600673228135e-01, 3.701549784855477920e-01, 9.020194329766169361e-02
1.110911579817339678e-01, 4.285566226302880422e-01, 3.701450728030220017e-01, 9.020714658495596061e-02
1.110812105456378124e-01, 4.285712826799045194e-01, 3.701351514365396334e-01, 9.021235533791803485e-02
1.110712758346245888e-01, 4.285859402148661235e-01, 3.701252143998232658e-01, 9.021756955068607753e-02
1.110613538421356961e-01, 4.286005952338577951e-01, 3.701152617066100770e-01, 9.022278921739643187e-02
1.110514445616085089e-01, 4.286152477355560930e-01, 3.701052933706517334e-01, 9.022801433218374800e-02
1.110415479864766686e-01, 4.286298977186274173e-01, 3.700953094057147785e-01, 9.023324488918099684e-02
1.110316641101698060e-01, 4.286445451817301744e-01, 3.700853098255805773e-01, 9.023848088251935906e-02
1.110217929261136383e-01, 4.286591901235133895e-01, 3.700752946440445945e-01, 9.024372230632835001e-02
1.110119344277299552e-01, 4.286738325426168728e-01, 3.700652638749174494e-01, 9.024896915473565318e-02
1.110020886084367719e-01, 4.286884724376717193e-01, 3.700552175320242498e-01, 9.025422142186732832e-02
1.109922554616478985e-01, 4.287031098072995872e-01, 3.700451556292049249e-01, 9.025947910184760337e-02
1.109824349807734950e-01, 4.287177446501135858e-01, 3.700350781803136702e-01, 9.026474218879901312e-02
1.109726271592198082e-01, 4.287323769647178318e-01, 3.700249851992200023e-01, 9.027001067684234381e-02
1.109628319903889493e-01, 4.287470067497071158e-01, 3.700148766998073158e-01, 9.027528456009666080e-02
1.109530494676792961e-01, 4.287616340036672358e-01, 3.700047526959742150e-01, 9.028056383267922536e-02
1.109432795844853409e-01, 4.287762587251751079e-01, 3.699946132016340150e-01, 9.028584848870560564e-02
1.109335223341974958e-01, 4.287908809127987109e-01, 3.699844582307142971e-01, 9.029113852228955184e-02
1.109237777102023842e-01, 4.288055005650966978e-01, 3.699742877971576860e-01, 9.029643392754314879e-02
1.109140457058827300e-01, 4.288201176806192838e-01, 3.699641019149213506e-01, 9.030173469857669111e-02
1.109043263146172464e-01, 4.288347322579071919e-01, 3.699539005979769479e-01, 9.030704082949868317e-02
1.108946195297808440e-01, 4.288493442954920964e-01, 3.699436838603111788e-01, 9.031235231441586686e-02
1.108849253447444783e-01, 4.288639537918970679e-01, 3.699334517159250657e-01, 9.031766914743329100e-02
1.108752437528752188e-01, 4.288785607456359616e-01, 3.699232041788345637e-01, 9.032299132265421415e-02
1.108655747475361386e-01, 4.288931651552135293e-01, 3.699129412630702274e-01, 9.032831883418004915e-02
1.108559183220865080e-01, 4.289077670191257519e-01, 3.699026629826772106e-01, 9.033365167611055735e-02
1.108462744698816560e-01, 4.289223663358593397e-01, 3.698923693517152667e-01, 9.033898984254366826e-02
1.108366431842729288e-01, 4.289369631038922881e-01, 3.698820603842591925e-01, 9.034433332757554891e-02
1.108270244586078701e-01, 4.289515573216933220e-01, 3.698717360943981625e-01, 9.034968212530053444e-02
1.108174182862300683e-01, 4.289661489877224509e-01, 3.698613964962361167e-01, 9.035503622981130856e-02
1.108078246604791983e-01, 4.289807381004307474e-01, 3.698510416038914839e-01, 9.036039563519872309e-02
1.107982435746910216e-01, 4.289953246582596247e-01, 3.698406714314975696e-01, 9.036576033555175635e-02
1.107886750221974415e-01, 4.290099086596422806e-01, 3.698302859932025566e-01, 9.037113032495769360e-02
1.107791189963264061e-01, 4.290244901030025870e-01, 3.698198853031688937e-01, 9.037650559750214085e-02
1.107695754904019780e-01, 4.290390689867553675e-01, 3.698094693755740181e-01, 9.038188614726866410e-02
1.107600444977442783e-01, 4.290536453093066749e-01, 3.697990382246097441e-01, 9.038727196833917787e-02
1.107505260116695561e-01, 4.290682190690535136e-01, 3.697885918644829295e-01, 9.039266305479393138e-02
1.107410200254901889e-01, 4.290827902643836733e-01, 3.697781303094150318e-01, 9.039805940071116153e-02
1.107315265325145848e-01, 4.290973588936761729e-01, 3.697676535736417747e-01, 9.040346100016734276e-02
1.107220455260473080e-01, 4.291119249553012049e-01, 3.697571616714142584e-01, 9.040886784723731195e-02
1.107125769993888703e-01, 4.291264884476194696e-01, 3.697466546169976276e-01, 9.041427993599397694e-02
1.107031209458361337e-01, 4.291410493689832850e-01, 3.697361324246722369e-01, 9.041969726050845535e-02
1.106936773586818384e-01, 4.291556077177355877e-01, 3.697255951087324854e-01, 9.042511981485007455e-02
1.106842462312148806e-01, 4.291701634922105435e-01, 3.697150426834882597e-01, 9.043054759308637169e-02
1.106748275567203399e-01, 4.291847166907333255e-01, 3.697044751632634352e-01, 9.043598058928307981e-02
1.106654213284792299e-01, 4.291992673116198365e-01, 3.696938925623969863e-01, 9.044141879750404456e-02
1.106560275397688448e-01, 4.292138153531773193e-01, 3.696832948952423203e-01, 9.044686221181140462e-02
1.106466461838624682e-01, 4.292283608137041906e-01, 3.696726821761678328e-01, 9.045231082626549457e-02
1.106372772540294841e-01, 4.292429036914897078e-01, 3.696620544195561853e-01, 9.045776463492467834e-02
1.106279207435354184e-01, 4.292574439848138579e-01, 3.696514116398051941e-01, 9.046322363184566839e-02
1.106185766456418001e-01, 4.292719816919479126e-01, 3.696407538513270530e-01, 9.046868781108324820e-02
1.106092449536064115e-01, 4.292865168111545393e-01, 3.696300810685484994e-01, 9.047415716669048036e-02
1.105999256606830516e-01, 4.293010493406869688e-01, 3.696193933059115366e-01, 9.047963169271851236e-02
1.105906187601215646e-01, 4.293155792787894942e-01, 3.696086905778721565e-01, 9.048511138321670144e-02
1.105813242451679779e-01, 4.293301066236978047e-01, 3.695979728989015611e-01, 9.049059623223257298e-02
1.105720421090643918e-01, 4.293446313736383746e-01, 3.695872402834852188e-01, 9.049608623381184824e-02
1.105627723450490624e-01, 4.293591535268286297e-01, 3.695764927461239191e-01, 9.050158138199840274e-02
1.105535149463562350e-01, 4.293736730814772251e-01, 3.695657303013324957e-01, 9.050708167083419686e-02
1.105442699062163109e-01, 4.293881900357838233e-01, 3.695549529636404373e-01, 9.051258709435949790e-02
1.105350372178558471e-01, 4.294027043879390382e-01, 3.695441607475924983e-01, 9.051809764661267188e-02
1.105258168744974456e-01, 4.294172161361248241e-01, 3.695333536677476993e-01, 9.052361332163015584e-02
1.105166088693597809e-01, 4.294317252785136985e-01, 3.695225317386798825e-01, 9.052913411344670758e-02
1.105074131956577110e-01, 4.294462318132696854e-01, 3.695116949749774893e-01, 9.053466001609512814e-02
1.104982298466021945e-01, 4.294607357385477053e-01, 3.695008433912436718e-01, 9.054019102360638671e-02
1.104890588154001929e-01, 4.294752370524938523e-01, 3.694899770020962926e-01, 9.054572713000971773e-02
1.104799000952548932e-01, 4.294897357532448945e-01, 3.694790958221679800e-01, 9.055126832933228787e-02
1.104707536793655270e-01, 4.295042318389289959e-01, 3.694681998661056843e-01, 9.055681461559958456e-02
1.104616195609274265e-01, 4.295187253076656053e-01, 3.694572891485717325e-01, 9.056236598283522177e-02
1.104524977331320934e-01, 4.295332161575645680e-01, 3.694463636842424403e-01, 9.056792242506091217e-02
1.104433881891670188e-01, 4.295477043867273470e-01, 3.694354234878091670e-01, 9.057348393629649497e-02
1.104342909222159053e-01, 4.295621899932464127e-01, 3.694244685739777045e-01, 9.057905051056006074e-02
1.104252059254585694e-01, 4.295766729752050206e-01, 3.694134989574686667e-01, 9.058462214186770167e-02
1.104161331920708033e-01, 4.295911533306776553e-01, 3.694025146530177661e-01, 9.059019882423370584e-02
1.104070727152247078e-01, 4.296056310577301973e-01, 3.693915156753746487e-01, 9.059578055167052946e-02
1.103980244880882894e-01, 4.296201061544190902e-01, 3.693805020393040039e-01, 9.060136731818869971e-02
1.103889885038257940e-01, 4.296345786187920068e-01, 3.693694737595852873e-01, 9.060695911779692580e-02
1.103799647555975677e-01, 4.296490484488880712e-01, 3.693584308510124425e-01, 9.061255594450201567e-02
1.103709532365599877e-01, 4.296635156427368041e-01, 3.693473733283943461e-01, 9.061815779230890378e-02
1.103619539398656285e-01, 4.296779801983595104e-01, 3.693363012065541962e-01, 9.062376465522065105e-02
1.103529668586631513e-01, 4.296924421137681693e-01, 3.693252145003301234e-01, 9.062937652723850046e-02
1.103439919860973312e-01, 4.297069013869661558e-01, 3.693141132245748581e-01, 9.063499340236172430e-02
1.103350293153089884e-01, 4.297213580159472968e-01, 3.693029973941558408e-01, 9.064061527458781853e-02
1.103260788394351544e-01, 4.297358119986973701e-01, 3.692918670239552781e-01, 9.064624213791222518e-02
1.103171405516089471e-01, 4.297502633331927169e-01, 3.692807221288696429e-01, 9.065187398632869320e-02
1.103082144449595015e-01, 4.297647120174006852e-01, 3.692695627238107292e-01, 9.065751081382900090e-02
1.102993005126122611e-01, 4.297791580492802410e-01, 3.692583888237043754e-01, 9.066315261440303919e-02
1.102903987476885755e-01, 4.297936014267811355e-01, 3.692472004434916855e-01, 9.066879938203881162e-02
1.102815091433060196e-01, 4.298080421478437940e-01, 3.692359975981278075e-01, 9.067445111072242048e-02
1.102726316925782962e-01, 4.298224802104007036e-01, 3.692247803025829334e-01, 9.068010779443806679e-02
1.102637663886151670e-01, 4.298369156123746371e-01, 3.692135485718419652e-01, 9.068576942716816136e-02
1.102549132245225771e-01, 4.298513483516800404e-01, 3.692023024209044602e-01, 9.069143600289308882e-02
1.102460721934024473e-01, 4.298657784262220893e-01, 3.691910418647842418e-01, 9.069710751559130479e-02
1.102372432883530207e-01, 4.298802058338971332e-01, 3.691797669185104547e-01, 9.070278395923953019e-02
1.102284265024685156e-01, 4.298946305725928063e-01, 3.691684775971262322e-01, 9.070846532781251526e-02
1.102196218288392787e-01, 4.299090526401877499e-01, 3.691571739156899734e-01, 9.071415161528295634e-02
1.102108292605518958e-01, 4.299234720345517236e-01, 3.691458558892745101e-01, 9.071984281562189834e-02
1.102020487906888307e-01, 4.299378887535457716e-01, 3.691345235329671626e-01, 9.072553892279827670e-02
1.101932804123289394e-01, 4.299523027950218346e-01, 3.691231768618701281e-01, 9.073123993077925054e-02
1.101845241185469837e-01, 4.299667141568230266e-01, 3.691118158911002034e-01, 9.073694583352993892e-02
1.101757799024140061e-01, 4.299811228367836913e-01, 3.691004406357886736e-01, 9.074265662501367069e-02
1.101670477569969969e-01, 4.299955288327292902e-01, 3.690890511110819228e-01, 9.074837229919177628e-02
1.101583276753592688e-01, 4.300099321424764032e-01, 3.690776473321404905e-01, 9.075409285002367099e-02
1.101496196505601238e-01, 4.300243327638326729e-01, 3.690662293141401262e-01, 9.075981827146699377e-02
1.101409236756550336e-01, 4.300387306945970267e-01, 3.690547970722705129e-01, 9.076554855747724637e-02
1.101322397436956119e-01, 4.300531259325596212e-01, 3.690433506217366544e-01, 9.077128370200819585e-02
1.101235678477294339e-01, 4.300675184755012870e-01, 3.690318899777578765e-01, 9.077702369901147206e-02
1.101149079808004111e-01, 4.300819083211944727e-01, 3.690204151555679934e-01, 9.078276854243699789e-02
1.101062601359485138e-01, 4.300962954674027450e-01, 3.690089261704160295e-01, 9.078851822623268397e-02
1.100976243062097570e-01, 4.301106799118805113e-01, 3.689974230375652753e-01, 9.079427274434449802e-02
1.100890004846163950e-01, 4.301250616523736303e-01, 3.689859057722935654e-01, 9.080003209071646486e-02
1.100803886641967266e-01, 4.301394406866190234e-01, 3.689743743898935557e-01, 9.080579625929065257e-02
1.100717888379752624e-01, 4.301538170123446747e-01, 3.689628289056726684e-01, 9.081156524400738062e-02
1.100632009989724464e-01, 4.301681906272700751e-01, 3.689512693349527583e-01, 9.081733903880476189e-02
1.100546251402051423e-01, 4.301825615291053895e-01, 3.689396956930702243e-01, 9.082311763761913292e-02
1.100460612546861061e-01, 4.301969297155522898e-01, 3.689281079953766196e-01, 9.082890103438490126e-02
1.100375093354243328e-01, 4.302112951843036215e-01, 3.689165062572376530e-01, 9.083468922303447601e-02
1.100289693754248760e-01, 4.302256579330432928e-01, 3.689048904940336326e-01, 9.084048219749830955e-02
1.100204413676889870e-01, 4.302400179594462193e-01, 3.688932607211598547e-01, 9.084627995170493908e-02
1.100119253052140172e-01, 4.302543752611788785e-01, 3.688816169540260481e-01, 9.085208247958101446e-02
1.100034211809934881e-01, 4.302687298358987555e-01, 3.688699592080567080e-01, 9.085788977505110386e-02
1.099949289880169240e-01, 4.302830816812545645e-01, 3.688582874986904847e-01, 9.086370183203790196e-02
1.099864487192702134e-01, 4.302974307948860822e-01, 3.688466018413815717e-01, 9.086951864446224381e-02
1.099779803677350676e-01, 4.303117771744242592e-01, 3.688349022515977071e-01, 9.087534020624284115e-02
1.099695239263896174e-01, 4.303261208174914421e-01, 3.688231887448222834e-01, 9.088116651129651835e-02
1.099610793882079968e-01, 4.303404617217012063e-01, 3.688114613365526262e-01, 9.088699755353819854e-02
1.099526467461604678e-01, 4.303547998846578571e-01, 3.687997200423008826e-01, 9.089283332688080641e-02
1.099442259932134069e-01, 4.303691353039574841e-01, 3.687879648775937991e-01, 9.089867382523522665e-02
1.099358171223294295e-01, 4.303834679771871841e-01, 3.687761958579728327e-01, 9.090451904251053983e-02
1.099274201264672235e-01, 4.303977979019250610e-01, 3.687644129989939845e-01, 9.091036897261374483e-02
1.099190349985815496e-01, 4.304121250757405592e-01, 3.687526163162279103e-01, 9.091622360944991155e-02
1.099106617316234352e-01, 4.304264494961946297e-01, 3.687408058252598098e-01, 9.092208294692215309e-02
1.099023003185399805e-01, 4.304407711608388420e-01, 3.687289815416896488e-01, 9.092794697893163969e-02
1.098939507522743303e-01, 4.304550900672164393e-01, 3.687171434811317705e-01, 9.093381569937745990e-02
1.098856130257659242e-01, 4.304694062128618937e-01, 3.687052916592153951e-01, 9.093968910215687040e-02
1.098772871319502603e-01, 4.304837195953007400e-01, 3.686934260915840089e-01, 9.094556718116506011e-02
1.098689730637590484e-01, 4.304980302120496871e-01, 3.686815467938959201e-01, 9.095144993029531666e-02
1.098606708141200150e-01, 4.305123380606167838e-01, 3.686696537818243136e-01, 9.095733734343890153e-02
1.098523803759571676e-01, 4.305266431385012527e-01, 3.686577470710564741e-01, 9.096322941448511945e-02
1.098441017421904614e-01, 4.305409454431939897e-01, 3.686458266772943415e-01, 9.096912613732123509e-02
1.098358349057362016e-01, 4.305552449721762320e-01, 3.686338926162549545e-01, 9.097502750583265352e-02
1.098275798595067798e-01, 4.305695417229212230e-01, 3.686219449036692297e-01, 9.098093351390267036e-02
1.098193365964106327e-01, 4.305838356928931576e-01, 3.686099835552834603e-01, 9.098684415541272164e-02
1.098111051093524776e-01, 4.305981268795476269e-01, 3.685980085868577061e-01, 9.099275942424212005e-02
1.098028853912330349e-01, 4.306124152803314509e-01, 3.685860200141672371e-01, 9.099867931426836032e-02
1.097946774349492782e-01, 4.306267008926823459e-01, 3.685740178530015343e-01, 9.100460381936671672e-02
1.097864812333943230e-01, 4.306409837140299235e-01, 3.685620021191650109e-01, 9.101053293341074268e-02
1.097782967794573572e-01, 4.306552637417945251e-01, 3.685499728284763465e-01, 9.101646665027171568e-02
1.097701240660237942e-01, 4.306695409733879987e-01, 3.685379299967689870e-01, 9.102240496381926171e-02
1.097619630859751616e-01, 4.306838154062131996e-01, 3.685258736398908663e-01, 9.102834786792066146e-02
1.097538138321890733e-01, 4.306980870376649340e-01, 3.685138037737043515e-01, 9.103429535644141923e-02
1.097456762975394795e-01, 4.307123558651285711e-01, 3.685017204140869640e-01, 9.104024742324499930e-02
1.097375504748962644e-01, 4.307266218859809870e-01, 3.684896235769299921e-01, 9.104620406219282591e-02
1.097294363571255232e-01, 4.307408850975905090e-01, 3.684775132781396567e-01, 9.105216526714435266e-02
1.097213339370895768e-01, 4.307551454973163607e-01, 3.684653895336369445e-01, 9.105813103195700697e-02
1.097132432076469571e-01, 4.307694030825094944e-01, 3.684532523593572750e-01, 9.106410135048623178e-02
1.097051641616520745e-01, 4.307836578505122582e-01, 3.684411017712502789e-01, 9.107007621658545771e-02
1.096970967919557449e-01, 4.307979097986573969e-01, 3.684289377852806302e-01, 9.107605562410615863e-02
1.096890410914048847e-01, 4.308121589242699390e-01, 3.684167604174274357e-01, 9.108203956689771286e-02
1.096809970528424827e-01, 4.308264052246659759e-01, 3.684045696836841244e-01, 9.108802803880751420e-02
1.096729646691077809e-01, 4.308406486971523841e-01, 3.683923656000590019e-01, 9.109402103368098580e-02
1.096649439330360659e-01, 4.308548893390280465e-01, 3.683801481825743629e-01, 9.110001854536151078e-02
1.096569348374589470e-01, 4.308691271475827422e-01, 3.683679174472678786e-01, 9.110602056769048773e-02
1.096489373752039809e-01, 4.308833621200977015e-01, 3.683556734101909869e-01, 9.111202709450719195e-02
1.096409515390951162e-01, 4.308975942538456616e-01, 3.683434160874102248e-01, 9.111803811964908073e-02
1.096329773219522075e-01, 4.309118235460901447e-01, 3.683311454950062847e-01, 9.112405363695132154e-02
1.096250147165915290e-01, 4.309260499940864575e-01, 3.683188616490745693e-01, 9.113007364024740264e-02
1.096170637158252886e-01, 4.309402735950813579e-01, 3.683065645657249698e-01, 9.113609812336843918e-02
1.096091243124619613e-01, 4.309544943463122224e-01, 3.682942542610819214e-01, 9.114212708014372832e-02
1.096011964993062193e-01, 4.309687122450088226e-01, 3.682819307512842921e-01, 9.114816050440061046e-02
1.095932802691588215e-01, 4.309829272883913265e-01, 3.682695940524857159e-01, 9.115419838996415003e-02
1.095853756148167241e-01, 4.309971394736717420e-01, 3.682572441808539265e-01, 9.116024073065762123e-02
1.095774825290730115e-01, 4.310113487980532510e-01, 3.682448811525717569e-01, 9.116628752030210558e-02
1.095696010047169794e-01, 4.310255552587304306e-01, 3.682325049838358622e-01, 9.117233875271674171e-02
1.095617310345340795e-01, 4.310397588528893098e-01, 3.682201156908579964e-01, 9.117839442171865594e-02
1.095538726113059469e-01, 4.310539595777071464e-01, 3.682077132898641247e-01, 9.118445452112287908e-02
1.095460257278103033e-01, 4.310681574303524277e-01, 3.681952977970947560e-01, 9.119051904474241577e-02
1.095381903768211235e-01, 4.310823524079857028e-01, 3.681828692288048321e-01, 9.119658798638831387e-02
1.095303665511084823e-01, 4.310965445077580283e-01, 3.681704276012640054e-01, 9.120266133986944246e-02
1.095225542434387217e-01, 4.311107337268121897e-01, 3.681579729307563054e-01, 9.120873909899276932e-02
1.095147534465742561e-01, 4.311249200622824240e-01, 3.681455052335801947e-01, 9.121482125756315285e-02
1.095069641532736282e-01, 4.311391035112944192e-01, 3.681330245260485690e-01, 9.122090780938342525e-02
1.094991863562917861e-01, 4.311532840709647041e-01, 3.681205308244892005e-01, 9.122699874825442035e-02
1.094914200483795147e-01, 4.311674617384020358e-01, 3.681080241452436286e-01, 9.123309406797477927e-02
1.094836652222841017e-01, 4.311816365107061788e-01, 3.680955045046685470e-01, 9.123919376234132517e-02
1.094759218707487131e-01, 4.311958083849679602e-01, 3.680829719191349159e-01, 9.124529782514857745e-02
1.094681899865129343e-01, 4.312099773582699913e-01, 3.680704264050279062e-01, 9.125140625018926532e-02
1.094604695623123819e-01, 4.312241434276863350e-01, 3.680578679787475105e-01, 9.125751903125391140e-02
1.094527605908788143e-01, 4.312383065902823387e-01, 3.680452966567078210e-01, 9.126363616213094276e-02
1.094450630649403955e-01, 4.312524668431146901e-01, 3.680327124553380291e-01, 9.126975763660694074e-02
1.094373769772211680e-01, 4.312666241832315839e-01, 3.680201153910809264e-01, 9.127588344846625235e-02
1.094297023204415104e-01, 4.312807786076726102e-01, 3.680075054803945700e-01, 9.128201359149121230e-02
1.094220390873180682e-01, 4.312949301134690328e-01, 3.679948827397507838e-01, 9.128814805946219857e-02
1.094143872705634346e-01, 4.313090786976429003e-01, 3.679822471856362687e-01, 9.129428684615731315e-02
1.094067468628865392e-01, 4.313232243572085456e-01, 3.679695988345520474e-01, 9.130042994535282619e-02
1.093991178569925088e-01, 4.313373670891712530e-01, 3.679569377030134647e-01, 9.130657735082287063e-02
1.093915002455825569e-01, 4.313515068905274252e-01, 3.679442638075506311e-01, 9.131272905633944226e-02
1.093838940213541500e-01, 4.313656437582656378e-01, 3.679315771647076461e-01, 9.131888505567256620e-02
1.093762991770008408e-01, 4.313797776893655289e-01, 3.679188777910433750e-01, 9.132504534259018592e-02
1.093687157052125603e-01, 4.313939086807982992e-01, 3.679061657031309496e-01, 9.133120991085814933e-02
1.093611435986752145e-01, 4.314080367295264340e-01, 3.678934409175580456e-01, 9.133737875424034758e-02
1.093535828500710044e-01, 4.314221618325042029e-01, 3.678807034509264939e-01, 9.134355186649839586e-02
1.093460334520783284e-01, 4.314362839866766053e-01, 3.678679533198530027e-01, 9.134972924139202199e-02
1.093384953973717127e-01, 4.314504031889814795e-01, 3.678551905409680467e-01, 9.135591087267887211e-02
1.093309686786218954e-01, 4.314645194363466718e-01, 3.678424151309171442e-01, 9.136209675411442743e-02
1.093234532884957838e-01, 4.314786327256923126e-01, 3.678296271063597467e-01, 9.136828687945212912e-02
1.093159492196565941e-01, 4.314927430539299835e-01, 3.678168264839700718e-01, 9.137448124244337833e-02
1.093084564647635176e-01, 4.315068504179625508e-01, 3.678040132804364371e-01, 9.138067983683750839e-02
1.093009750164721655e-01, 4.315209548146843876e-01, 3.677911875124617036e-01, 9.138688265638175712e-02
1.092935048674341658e-01, 4.315350562409816515e-01, 3.677783491967629992e-01, 9.139308969482128064e-02
1.092860460102974413e-01, 4.315491546937315626e-01, 3.677654983500719399e-01, 9.139930094589915344e-02
1.092785984377060149e-01, 4.315632501698030143e-01, 3.677526349891345747e-01, 9.140551640335632666e-02
1.092711621423002738e-01, 4.315773426660567957e-01, 3.677397591307111080e-01, 9.141173606093187798e-02
1.092637371167165389e-01, 4.315914321793445918e-01, 3.677268707915762880e-01, 9.141795991236248420e-02
1.092563233535876754e-01, 4.316055187065100385e-01, 3.677139699885192958e-01, 9.142418795138303189e-02
1.092489208455424132e-01, 4.316196022443879454e-01, 3.677010567383434125e-01, 9.143042017172615943e-02
1.092415295852058460e-01, 4.316336827898053508e-01, 3.676881310578663520e-01, 9.143665656712235412e-02
1.092341495651992789e-01, 4.316477603395799667e-01, 3.676751929639205385e-01, 9.144289713130029917e-02
1.092267807781400618e-01, 4.316618348905214009e-01, 3.676622424733522188e-01, 9.144914185798626305e-02
1.092194232166420476e-01, 4.316759064394309897e-01, 3.676492796030222387e-01, 9.145539074090469622e-02
1.092120768733150227e-01, 4.316899749831013544e-01, 3.676363043698059330e-01, 9.146164377377781485e-02
1.092047417407650128e-01, 4.317040405183167340e-01, 3.676233167905925137e-01, 9.146790095032569790e-02
1.091974178115942690e-01, 4.317181030418531518e-01, 3.676103168822860701e-01, 9.147416226426648145e-02
1.091901050784014338e-01, 4.317321625504778049e-01, 3.675973046618046802e-01, 9.148042770931610890e-02
1.091828035337810837e-01, 4.317462190409496747e-01, 3.675842801460807996e-01, 9.148669727918849748e-02
1.091755131703240761e-01, 4.317602725100193606e-01, 3.675712433520611500e-01, 9.149297096759538561e-02
1.091682339806176183e-01, 4.317743229544288575e-01, 3.675581942967069971e-01, 9.149924876824643005e-02
1.091609659572449348e-01, 4.317883703709120558e-01, 3.675451329969937064e-01, 9.150553067484931691e-02
1.091537090927855586e-01, 4.318024147561940196e-01, 3.675320594699109100e-01, 9.151181668110941470e-02
1.091464633798152895e-01, 4.318164561069917085e-01, 3.675189737324627282e-01, 9.151810678073023231e-02
1.091392288109059999e-01, 4.318304944200135331e-01, 3.675058758016674365e-01, 9.152440096741305819e-02
1.091320053786258015e-01, 4.318445296919595777e-01, 3.674927656945575771e-01, 9.153069923485696036e-02
1.091247930755392115e-01, 4.318585619195215441e-01, 3.674796434281801250e-01, 9.153700157675914717e-02
1.091175918942066531e-01, 4.318725910993825301e-01, 3.674665090195962103e-01, 9.154330798681457881e-02
1.091104018271850384e-01, 4.318866172282177507e-01, 3.674533624858812852e-01, 9.154961845871613380e-02
1.091032228670272691e-01, 4.319006403026932062e-01, 3.674402038441250129e-01, 9.155593298615453957e-02
1.090960550062826800e-01, 4.319146603194672362e-01, 3.674270331114313226e-01, 9.156225156281856681e-02
1.090888982374966648e-01, 4.319286772751899095e-01, 3.674138503049187432e-01, 9.156857418239471025e-02
1.090817525532108700e-01, 4.319426911665023017e-01, 3.674006554417194037e-01, 9.157490083856745233e-02
1.090746179459632648e-01, 4.319567019900374949e-01, 3.673874485389801992e-01, 9.158123152501911057e-02
1.090674944082878489e-01, 4.319707097424200781e-01, 3.673742296138620134e-01, 9.158756623542997632e-02
1.090603819327150142e-01, 4.319847144202665357e-01, 3.673609986835403296e-01, 9.159390496347807886e-02
1.090532805117712944e-01, 4.319987160201847476e-01, 3.673477557652044534e-01, 9.160024770283961559e-02
1.090461901379795040e-01, 4.320127145387742673e-01, 3.673345008760580677e-01, 9.160659444718831368e-02
1.090391108038585438e-01, 4.320267099726264326e-01, 3.673212340333190107e-01, 9.161294519019598515e-02
1.090320425019237482e-01, 4.320407023183242545e-01, 3.673079552542196646e-01, 9.161929992553236035e-02
1.090249852246865242e-01, 4.320546915724422510e-01, 3.672946645560062340e-01, 9.162565864686500472e-02
1.090179389646545316e-01, 4.320686777315468907e-01, 3.672813619559391340e-01, 9.163202134785929098e-02
1.090109037143317527e-01, 4.320826607921959828e-01, 3.672680474712935461e-01, 9.163838802217857959e-02
1.090038794662182564e-01, 4.320966407509395091e-01, 3.672547211193581962e-01, 9.164475866348409383e-02
1.089968662128104199e-01, 4.321106176043184588e-01, 3.672413829174363542e-01, 9.165113326543489203e-02
1.089898639466007901e-01, 4.321245913488661050e-01, 3.672280328828450569e-01, 9.165751182168788147e-02
1.089828726600783892e-01, 4.321385619811073941e-01, 3.672146710329161623e-01, 9.166389432589805430e-02
1.089758923457281037e-01, 4.321525294975585019e-01, 3.672012973849953510e-01, 9.167028077171798794e-02
1.089689229960313227e-01, 4.321664938947276657e-01, 3.671879119564425142e-01, 9.167667115279835854e-02
1.089619646034655359e-01, 4.321804551691150742e-01, 3.671745147646316432e-01, 9.168306546278756630e-02
1.089550171605045831e-01, 4.321944133172122005e-01, 3.671611058269511063e-01, 9.168946369533201302e-02
1.089480806596184875e-01, 4.322083683355023576e-01, 3.671476851608032610e-01, 9.169586584407597718e-02
1.089411550932734007e-01, 4.322223202204607539e-01, 3.671342527836043423e-01, 9.170227190266136419e-02
1.089342404539319353e-01, 4.322362689685543269e-01, 3.671208087127853514e-01, 9.170868186472834471e-02
1.089273367340527626e-01, 4.322502145762415204e-01, 3.671073529657911116e-01, 9.171509572391467469e-02
1.089204439260908486e-01, 4.322641570399725630e-01, 3.670938855600804906e-01, 9.172151347385601450e-02
1.089135620224974538e-01, 4.322780963561899670e-01, 3.670804065131265115e-01, 9.172793510818602614e-02
1.089066910157200641e-01, 4.322920325213272519e-01, 3.670669158424164635e-01, 9.173436062053608175e-02
1.088998308982023627e-01, 4.323059655318103878e-01, 3.670534135654517360e-01, 9.174079000453559674e-02
1.088929816623842584e-01, 4.323198953840564629e-01, 3.670398996997475405e-01, 9.174722325381162724e-02
1.088861433007020652e-01, 4.323338220744748495e-01, 3.670263742628337988e-01, 9.175366036198931430e-02
1.088793158055881977e-01, 4.323477455994664265e-01, 3.670128372722537002e-01, 9.176010132269156461e-02
1.088724991694713234e-01, 4.323616659554240238e-01, 3.669992887455654773e-01, 9.176654612953909218e-02
1.088656933847764741e-01, 4.323755831387323112e-01, 3.669857287003406299e-01, 9.177299477615065426e-02
1.088588984439248092e-01, 4.323894971457673542e-01, 3.669721571541651461e-01, 9.177944725614263499e-02
1.088521143393338386e-01, 4.324034079728975577e-01, 3.669585741246390032e-01, 9.178590356312951726e-02
1.088453410634172003e-01, 4.324173156164830001e-01, 3.669449796293763333e-01, 9.179236369072342472e-02
1.088385786085849377e-01, 4.324312200728750999e-01, 3.669313736860054243e-01, 9.179882763253451039e-02
1.088318269672433197e-01, 4.324451213384179482e-01, 3.669177563121680530e-01, 9.180529538217076235e-02
1.088250861317946599e-01, 4.324590194094466988e-01, 3.669041275255206513e-01, 9.181176693323787885e-02
1.088183560946379413e-01, 4.324729142822886230e-01, 3.668904873437337510e-01, 9.181824227933962912e-02
1.088116368481679835e-01, 4.324868059532628872e-01, 3.668768357844914285e-01, 9.182472141407754807e-02
1.088049283847762200e-01, 4.325006944186807756e-01, 3.668631728654920821e-01, 9.183120433105093627e-02
1.087982306968500595e-01, 4.325145796748445792e-01, 3.668494986044482653e-01, 9.183769102385715144e-02
1.087915437767733723e-01, 4.325284617180494284e-01, 3.668358130190860766e-01, 9.184418148609116428e-02
1.087848676169261702e-01, 4.325423405445816272e-01, 3.668221161271462138e-01, 9.185067571134600262e-02
1.087782022096847878e-01, 4.325562161507197079e-01, 3.668084079463830305e-01, 9.185717369321244608e-02
1.087715475474218679e-01, 4.325700885327337653e-01, 3.667946884945650354e-01, 9.186367542527922037e-02
1.087649036225062232e-01, 4.325839576868862890e-01, 3.667809577894746709e-01, 9.187018090113274749e-02
1.087582704273030720e-01, 4.325978236094310536e-01, 3.667672158489084233e-01, 9.187669011435745103e-02
1.087516479541737330e-01, 4.326116862966141174e-01, 3.667534626906766015e-01, 9.188320305853554804e-02
1.087450361954759026e-01, 4.326255457446734343e-01, 3.667396983326036697e-01, 9.188971972724706283e-02
1.087384351435635443e-01, 4.326394019498385757e-01, 3.667259227925279697e-01, 9.189624011406995197e-02
1.087318447907868746e-01, 4.326532549083312307e-01, 3.667121360883017767e-01, 9.190276421258000705e-02
1.087252651294924322e-01, 4.326671046163650947e-01, 3.666983382377917988e-01, 9.190929201635078538e-02
1.087186961520229533e-01, 4.326809510701455364e-01, 3.666845292588775673e-01, 9.191582351895376257e-02
1.087121378507175246e-01, 4.326947942658701529e-01, 3.666707091694540455e-01, 9.192235871395830482e-02
1.087055902179114575e-01, 4.327086341997281593e-01, 3.666568779874288531e-01, 9.192889759493154400e-02
1.086990532459363723e-01, 4.327224708679008880e-01, 3.666430357307242649e-01, 9.193544015543847481e-02
1.086925269271202116e-01, 4.327363042665616222e-01, 3.666291824172763225e-01, 9.194198638904194087e-02
1.086860112537870460e-01, 4.327501343918754850e-01, 3.666153180650347787e-01, 9.194853628930264866e-02
1.086795062182574628e-01, 4.327639612399996061e-01, 3.666014426919635971e-01, 9.195508984977915357e-02
1.086730118128481914e-01, 4.327777848070834543e-01, 3.665875563160404527e-01, 9.196164706402785993e-02
1.086665280298722142e-01, 4.327916050892676725e-01, 3.665736589552571201e-01, 9.196820792560293778e-02
1.086600548616389050e-01, 4.328054220826855758e-01, 3.665597506276189188e-01, 9.197477242805654485e-02
1.086535923004538634e-01, 4.328192357834622084e-01, 3.665458313511453792e-01, 9.198134056493849353e-02
1.086471403386190110e-01, 4.328330461877143986e-01, 3.665319011438699093e-01, 9.198791232979662558e-02
1.086406989684325780e-01, 4.328468532915515921e-01, 3.665179600238394064e-01, 9.199448771617647902e-02
1.086342681821889644e-01, 4.328606570910744078e-01, 3.665040080091150343e-01, 9.200106671762151023e-02
1.086278479721790452e-01, 4.328744575823761376e-01, 3.664900451177717233e-01, 9.200764932767303839e-02
1.086214383306898512e-01, 4.328882547615417464e-01, 3.664760713678982817e-01, 9.201423553987012061e-02
1.086150392500047634e-01, 4.329020486246483723e-01, 3.664620867775970070e-01, 9.202082534774974620e-02
1.086086507224035130e-01, 4.329158391677651041e-01, 3.664480913649846294e-01, 9.202741874484671181e-02
1.086022727401620286e-01, 4.329296263869530370e-01, 3.664340851481912575e-01, 9.203401572469363523e-02
1.085959052955526305e-01, 4.329434102782654392e-01, 3.664200681453609332e-01, 9.204061628082098323e-02
1.085895483808438783e-01, 4.329571908377475298e-01, 3.664060403746515204e-01, 9.204722040675711314e-02
1.085832019883006400e-01, 4.329709680614363676e-01, 3.663920018542349277e-01, 9.205382809602807859e-02
1.085768661101841753e-01, 4.329847419453615731e-01, 3.663779526022963307e-01, 9.206043934215793478e-02
1.085705407387518584e-01, 4.329985124855444401e-01, 3.663638926370352822e-01, 9.206705413866843324e-02
1.085642258662575937e-01, 4.330122796779983796e-01, 3.663498219766647690e-01, 9.207367247907931318e-02
1.085579214849515250e-01, 4.330260435187290313e-01, 3.663357406394115445e-01, 9.208029435690795461e-02
1.085516275870799519e-01, 4.330398040037338747e-01, 3.663216486435163510e-01, 9.208691976566978077e-02
1.085453441648857598e-01, 4.330535611290029507e-01, 3.663075460072334755e-01, 9.209354869887784178e-02
1.085390712106078515e-01, 4.330673148905176961e-01, 3.662934327488311936e-01, 9.210018115004317552e-02
1.085328087164816879e-01, 4.330810652842523867e-01, 3.662793088865912705e-01, 9.210681711267461325e-02
1.085265566747389276e-01, 4.330948123061727495e-01, 3.662651744388095154e-01, 9.211345658027872418e-02
1.085203150776076347e-01, 4.331085559522371842e-01, 3.662510294237950603e-01, 9.212009954636017628e-02
1.085140839173119875e-01, 4.331222962183959302e-01, 3.662368738598711926e-01, 9.212674600442108397e-02
1.085078631860726950e-01, 4.331360331005911779e-01, 3.662227077653745222e-01, 9.213339594796166043e-02
1.085016528761067189e-01, 4.331497665947575681e-01, 3.662085311586558145e-01, 9.214004937047991228e-02
1.084954529796273714e-01, 4.331634966968220257e-01, 3.661943440580791020e-01, 9.214670626547154242e-02
1.084892634888441898e-01, 4.331772234027030377e-01, 3.661801464820224061e-01, 9.215336662643033860e-02
1.084830843959631308e-01, 4.331909467083119858e-01, 3.661659384488772373e-01, 9.216003044684765999e-02
1.084769156931865430e-01, 4.332046666095517029e-01, 3.661517199770489284e-01, 9.216669772021286733e-02
1.084707573727128477e-01, 4.332183831023176390e-01, 3.661374910849565789e-01, 9.217336844001303153e-02
1.084646094267370658e-01, 4.332320961824972505e-01, 3.661232517910325557e-01, 9.218004259973314185e-02
1.084584718474504300e-01, 4.332458058459702221e-01, 3.661090021137232697e-01, 9.218672019285589769e-02
1.084523446270405644e-01, 4.332595120886086892e-01, 3.660947420714887879e-01, 9.219340121286197232e-02
1.084462277576913047e-01, 4.332732149062764049e-01, 3.660804716828023886e-01, 9.220008565322981853e-02
1.084401212315829338e-01, 4.332869142948298502e-01, 3.660661909661516167e-01, 9.220677350743566869e-02
1.084340250408920570e-01, 4.333006102501174572e-01, 3.660518999400369511e-01, 9.221346476895361799e-02
1.084279391777915741e-01, 4.333143027679798864e-01, 3.660375986229729706e-01, 9.222015943125556892e-02
1.084218636344508047e-01, 4.333279918442500822e-01, 3.660232870334877986e-01, 9.222685748781125903e-02
1.084157984030353211e-01, 4.333416774747533839e-01, 3.660089651901229924e-01, 9.223355893208828871e-02
1.084097434757070599e-01, 4.333553596553070264e-01, 3.659946331114339313e-01, 9.224026375755201013e-02
1.084036988446243355e-01, 4.333690383817207503e-01, 3.659802908159892065e-01, 9.224697195766565216e-02
1.083976645019417984e-01, 4.333827136497964694e-01, 3.659659383223713980e-01, 9.225368352589026488e-02
1.083916404398104216e-01, 4.333963854553283812e-01, 3.659515756491764638e-01, 9.226039845568471953e-02
1.083856266503775839e-01, 4.334100537941028564e-01, 3.659372028150137957e-01, 9.226711674050575018e-02
1.083796231257869169e-01, 4.334237186618986604e-01, 3.659228198385066633e-01, 9.227383837380778719e-02
1.083736298581785412e-01, 4.334373800544867317e-01, 3.659084267382916034e-01, 9.228056334904319313e-02
1.083676468396887471e-01, 4.334510379676305147e-01, 3.658940235330185864e-01, 9.228729165966217951e-02
1.083616740624503971e-01, 4.334646923970855159e-01, 3.658796102413515161e-01, 9.229402329911272351e-02
1.083557115185924957e-01, 4.334783433385994700e-01, 3.658651868819676189e-01, 9.230075826084058188e-02
1.083497592002405779e-01, 4.334919907879126177e-01, 3.658507534735572775e-01, 9.230749653828945744e-02
1.083438170995165012e-01, 4.335056347407577615e-01, 3.658363100348251407e-01, 9.231423812490077707e-02
1.083378852085383481e-01, 4.335192751928593768e-01, 3.658218565844884029e-01, 9.232098301411381658e-02
1.083319635194207320e-01, 4.335329121399349450e-01, 3.658073931412786917e-01, 9.232773119936567296e-02
1.083260520242745883e-01, 4.335465455776935650e-01, 3.657929197239404573e-01, 9.233448267409131993e-02
1.083201507152071474e-01, 4.335601755018376191e-01, 3.657784363512318615e-01, 9.234123743172344134e-02
1.083142595843221007e-01, 4.335738019080608852e-01, 3.657639430419242776e-01, 9.234799546569263939e-02
1.083083786237194618e-01, 4.335874247920503133e-01, 3.657494398148030679e-01, 9.235475676942730971e-02
1.083025078254955531e-01, 4.336010441494844714e-01, 3.657349266886664174e-01, 9.236152133635366912e-02
1.082966471817431720e-01, 4.336146599760348219e-01, 3.657204036823262228e-01, 9.236828915989568622e-02
1.082907966845515213e-01, 4.336282722673651668e-01, 3.657058708146080916e-01, 9.237506023347534512e-02
1.082849563260060571e-01, 4.336418810191315365e-01, 3.656913281043502328e-01, 9.238183455051224291e-02
1.082791260981886411e-01, 4.336554862269823563e-01, 3.656767755704051215e-01, 9.238861210442389504e-02
1.082733059931775127e-01, 4.336690878865586130e-01, 3.656622132316382223e-01, 9.239539288862559652e-02
1.082674960030474143e-01, 4.336826859934934664e-01, 3.656476411069284893e-01, 9.240217689653050515e-02
1.082616961198693134e-01, 4.336962805434130264e-01, 3.656330592151680325e-01, 9.240896412154959993e-02
1.082559063357106527e-01, 4.337098715319349096e-01, 3.656184675752627289e-01, 9.241575455709170883e-02
1.082501266426351694e-01, 4.337234589546701269e-01, 3.656038662061313893e-01, 9.242254819656330056e-02
1.082443570327031035e-01, 4.337370428072216955e-01, 3.655892551267063695e-01, 9.242934503336894259e-02
1.082385974979709897e-01, 4.337506230851846944e-01, 3.655746343559334588e-01, 9.243614506091081540e-02
1.082328480304918378e-01, 4.337641997841474861e-01, 3.655600039127716028e-01, 9.244294827258897618e-02
1.082271086223149659e-01, 4.337777728996904947e-01, 3.655453638161932362e-01, 9.244975466180137269e-02
1.082213792654861118e-01, 4.337913424273863172e-01, 3.655307140851838943e-01, 9.245656422194363511e-02
1.082156599520474466e-01, 4.338049083628006675e-01, 3.655160547387426018e-01, 9.246337694640932581e-02
1.082099506740374639e-01, 4.338184707014909325e-01, 3.655013857958817058e-01, 9.247019282858982836e-02
1.082042514234911740e-01, 4.338320294390080045e-01, 3.654867072756265989e-01, 9.247701186187423650e-02
1.081985621924398538e-01, 4.338455845708943937e-01, 3.654720191970160514e-01, 9.248383403964963168e-02
1.081928829729112418e-01, 4.338591360926856155e-01, 3.654573215791023788e-01, 9.249065935530077776e-02
1.081872137569295095e-01, 4.338726839999095808e-01, 3.654426144409506083e-01, 9.249748780221031530e-02
1.081815545365152204e-01, 4.338862282880865950e-01, 3.654278978016395896e-01, 9.250431937375866442e-02
1.081759053036852603e-01, 4.338997689527296364e-01, 3.654131716802608842e-01, 9.251115406332412194e-02
1.081702660504530872e-01, 4.339133059893443556e-01, 3.653984360959198208e-01, 9.251799186428280586e-02
1.081646367688283983e-01, 4.339268393934286316e-01, 3.653836910677343841e-01, 9.252483277000861372e-02
1.081590174508174074e-01, 4.339403691604731828e-01, 3.653689366148361040e-01, 9.253167677387329204e-02
1.081534080884227755e-01, 4.339538952859611221e-01, 3.653541727563698327e-01, 9.253852386924638074e-02
1.081478086736433752e-01, 4.339674177653681797e-01, 3.653393995114931903e-01, 9.254537404949524093e-02
1.081422191984747622e-01, 4.339809365941627028e-01, 3.653246168993772858e-01, 9.255222730798513819e-02
1.081366396549087311e-01, 4.339944517678058777e-01, 3.653098249392063845e-01, 9.255908363807897887e-02
1.081310700349335935e-01, 4.340079632817509525e-01, 3.652950236501777415e-01, 9.256594303313769867e-02
1.081255103305340109e-01, 4.340214711314440699e-01, 3.652802130515019896e-01, 9.257280548651992957e-02
1.081199605336911479e-01, 4.340349753123241561e-01, 3.652653931624025851e-01, 9.257967099158218027e-02
1.081144206363825050e-01, 4.340484758198222548e-01, 3.652505640021164734e-01, 9.258653954167869737e-02
1.081088906305820857e-01, 4.340619726493628594e-01, 3.652357255898934785e-01, 9.259341113016163194e-02
1.081033705082602436e-01, 4.340754657963622476e-01, 3.652208779449965248e-01, 9.260028575038092846e-02
1.080978602613839046e-01, 4.340889552562298137e-01, 3.652060210867019707e-01, 9.260716339568442201e-02
1.080923598819162473e-01, 4.341024410243676801e-01, 3.651911550342985535e-01, 9.261404405941761619e-02
1.080868693618170923e-01, 4.341159230961699755e-01, 3.651762798070889993e-01, 9.262092773492396069e-02
1.080813886930424295e-01, 4.341294014670245560e-01, 3.651613954243884685e-01, 9.262781441554468476e-02
1.080759178675449322e-01, 4.341428761323110064e-01, 3.651465019055253336e-01, 9.263470409461888044e-02
1.080704568772736240e-01, 4.341563470874020836e-01, 3.651315992698409008e-01, 9.264159676548337774e-02
1.080650057141739340e-01, 4.341698143276632726e-01, 3.651166875366899101e-01, 9.264849242147289721e-02
1.080595643701878217e-01, 4.341832778484525646e-01, 3.651017667254396470e-01, 9.265539105592000835e-02
1.080541328372535831e-01, 4.341967376451206784e-01, 3.650868368554707755e-01, 9.266229266215497695e-02
1.080487111073060585e-01, 4.342101937130110056e-01, 3.650718979461769487e-01, 9.266919723350605653e-02
1.080432991722764802e-01, 4.342236460474601101e-01, 3.650569500169643100e-01, 9.267610476329925240e-02
1.080378970240925413e-01, 4.342370946437965062e-01, 3.650419930872526031e-01, 9.268301524485832166e-02
1.080325046546784518e-01, 4.342505394973422139e-01, 3.650270271764743946e-01, 9.268992867150493975e-02
1.080271220559547857e-01, 4.342639806034116479e-01, 3.650120523040750742e-01, 9.269684503655858943e-02
1.080217492198386198e-01, 4.342774179573118398e-01, 3.649970684895129103e-01, 9.270376433333657462e-02
1.080163861382434642e-01, 4.342908515543432157e-01, 3.649820757522592718e-01, 9.271068655515393719e-02
1.080110328030793460e-01, 4.343042813897981524e-01, 3.649670741117987394e-01, 9.271761169532374836e-02
1.080056892062527113e-01, 4.343177074589623654e-01, 3.649520635876281616e-01, 9.272453974715673397e-02
1.080003553396664401e-01, 4.343311297571142426e-01, 3.649370441992577652e-01, 9.273147070396142722e-02
1.079950311952199982e-01, 4.343445482795249002e-01, 3.649220159662107110e-01, 9.273840455904434898e-02
1.079897167648091738e-01, 4.343579630214584042e-01, 3.649069789080226500e-01, 9.274534130570967483e-02
1.079844120403262858e-01, 4.343713739781713823e-01, 3.648919330442427222e-01, 9.275228093725952638e-02
1.079791170136601836e-01, 4.343847811449139118e-01, 3.648768783944321137e-01, 9.275922344699373545e-02
1.079738316766961637e-01, 4.343981845169280209e-01, 3.648618149781656106e-01, 9.276616882821017707e-02
1.079685560213158729e-01, 4.344115840894491876e-01, 3.648467428150307112e-01, 9.277311707420428377e-02
1.079632900393976275e-01, 4.344249798577055621e-01, 3.648316619246273484e-01, 9.278006817826948971e-02
1.079580337228160936e-01, 4.344383718169182451e-01, 3.648165723265685001e-01, 9.278702213369702245e-02
1.079527870634425235e-01, 4.344517599623013981e-01, 3.648014740404802447e-01, 9.279397893377590301e-02
1.079475500531444782e-01, 4.344651442890614113e-01, 3.647863670860010954e-01, 9.280093857179298744e-02
1.079423226837862709e-01, 4.344785247923982907e-01, 3.647712514827823327e-01, 9.280790104103306404e-02
1.079371049472284128e-01, 4.344919014675045488e-01, 3.647561272504884489e-01, 9.281486633477861736e-02
1.079318968353281255e-01, 4.345052743095657588e-01, 3.647409944087961486e-01, 9.282183444630998093e-02
1.079266983399390506e-01, 4.345186433137603887e-01, 3.647258529773952929e-01, 9.282880536890533718e-02
1.079215094529112351e-01, 4.345320084752597456e-01, 3.647107029759882324e-01, 9.283577909584081467e-02
1.079163301660914370e-01, 4.345453697892279754e-01, 3.646955444242903077e-01, 9.284275562039016882e-02
1.079111604713226952e-01, 4.345587272508227850e-01, 3.646803773420294603e-01, 9.284973493582521220e-02
1.079060003604446205e-01, 4.345720808551937764e-01, 3.646652017489462883e-01, 9.285671703541531485e-02
1.079008498252933823e-01, 4.345854305974845566e-01, 3.646500176647941571e-01, 9.286370191242795946e-02
1.078957088577016110e-01, 4.345987764728312386e-01, 3.646348251093390336e-01, 9.287068956012824172e-02
1.078905774494983844e-01, 4.346121184763627743e-01, 3.646196241023595963e-01, 9.287767997177924506e-02
1.078854555925094216e-01, 4.346254566032012878e-01, 3.646044146636474026e-01, 9.288467314064186020e-02
1.078803432785568617e-01, 4.346387908484621310e-01, 3.645891968130063332e-01, 9.289166905997467416e-02
1.078752404994593739e-01, 4.346521212072531060e-01, 3.645739705702531475e-01, 9.289866772303428943e-02
1.078701472470321582e-01, 4.346654476746757423e-01, 3.645587359552170947e-01, 9.290566912307510195e-02
1.078650635130868896e-01, 4.346787702458236868e-01, 3.645434929877400809e-01, 9.291267325334925942e-02
1.078599892894318429e-01, 4.346920889157846468e-01, 3.645282416876766685e-01, 9.291968010710680015e-02
1.078549245678716573e-01, 4.347054036796385024e-01, 3.645129820748940763e-01, 9.292668967759562526e-02
1.078498693402077657e-01, 4.347187145324588609e-01, 3.644977141692720690e-01, 9.293370195806148482e-02
1.078448235982377573e-01, 4.347320214693117801e-01, 3.644824379907026235e-01, 9.294071694174778353e-02
1.078397873337561264e-01, 4.347453244852570453e-01, 3.644671535590907618e-01, 9.294773462189609425e-02
1.078347605385536478e-01, 4.347586235753468364e-01, 3.644518608943539406e-01, 9.295475499174551959e-02
1.078297432044177245e-01, 4.347719187346270608e-01, 3.644365600164220509e-01, 9.296177804453324700e-02
1.078247353231322064e-01, 4.347852099581361318e-01, 3.644212509452375293e-01, 9.296880377349411861e-02
1.078197368864776823e-01, 4.347984972409061344e-01, 3.644059337007554689e-01, 9.297583217186085325e-02
1.078147478862309938e-01, 4.348117805779617706e-01, 3.643906083029431753e-01, 9.298286323286410193e-02
1.078097683141657909e-01, 4.348250599643213588e-01, 3.643752747717806106e-01, 9.298989694973226749e-02
1.078047981620520734e-01, 4.348383353949958896e-01, 3.643599331272602271e-01, 9.299693331569174048e-02
1.077998374216564553e-01, 4.348516068649898036e-01, 3.643445833893871333e-01, 9.300397232396653835e-02
1.077948860847421642e-01, 4.348648743693007690e-01, 3.643292255781783728e-01, 9.301101396777863850e-02
1.077899441430689026e-01, 4.348781379029191818e-01, 3.643138597136640344e-01, 9.301805824034792280e-02
1.077850115883929177e-01, 4.348913974608289990e-01, 3.642984858158861416e-01, 9.302510513489202493e-02
1.077800884124669872e-01, 4.349046530380074049e-01, 3.642831039048992636e-01, 9.303215464462638584e-02
1.077751746070405581e-01, 4.349179046294242568e-01, 3.642677140007706260e-01, 9.303920676276443424e-02
1.077702701638595245e-01, 4.349311522300433608e-01, 3.642523161235797224e-01, 9.304626148251736451e-02
1.077653750746664224e-01, 4.349443958348212513e-01, 3.642369102934181480e-01, 9.305331879709424769e-02
1.077604893312002071e-01, 4.349576354387076349e-01, 3.642214965303900986e-01, 9.306037869970196219e-02
1.077556129251966005e-01, 4.349708710366457787e-01, 3.642060748546122051e-01, 9.306744118354523532e-02
1.077507458483877995e-01, 4.349841026235721775e-01, 3.641906452862133658e-01, 9.307450624182675436e-02
1.077458880925024620e-01, 4.349973301944159987e-01, 3.641752078453345809e-01, 9.308157386774686126e-02
1.077410396492660266e-01, 4.350105537441003034e-01, 3.641597625521295623e-01, 9.308864405450395507e-02
1.077362005104003095e-01, 4.350237732675414359e-01, 3.641443094267641234e-01, 9.309571679529413113e-02
1.077313706676238519e-01, 4.350369887596484686e-01, 3.641288484894161237e-01, 9.310279208331145862e-02
1.077265501126516839e-01, 4.350502002153242009e-01, 3.641133797602763567e-01, 9.310986991174780014e-02
1.077217388371954632e-01, 4.350634076294646602e-01, 3.640979032595470510e-01, 9.311695027379286727e-02
1.077169368329633503e-01, 4.350766109969591566e-01, 3.640824190074433142e-01, 9.312403316263417885e-02
1.077121440916602446e-01, 4.350898103126902838e-01, 3.640669270241922995e-01, 9.313111857145725536e-02
1.077073606049873816e-01, 4.351030055715341405e-01, 3.640514273300332060e-01, 9.313820649344534131e-02
1.077025863646429160e-01, 4.351161967683597198e-01, 3.640359199452177785e-01, 9.314529692177964115e-02
1.076978213623213526e-01, 4.351293838980299089e-01, 3.640204048900096412e-01, 9.315238984963911117e-02
1.076930655897138239e-01, 4.351425669554004894e-01, 3.640048821846849636e-01, 9.315948527020066761e-02
1.076883190385081873e-01, 4.351557459353210811e-01, 3.639893518495317393e-01, 9.316658317663897848e-02
1.076835817003886919e-01, 4.351689208326343650e-01, 3.639738139048502852e-01, 9.317368356212669955e-02
1.076788535670364227e-01, 4.351820916421762497e-01, 3.639582683709530753e-01, 9.318078641983428001e-02
1.076741346301288427e-01, 4.351952583587764822e-01, 3.639427152681646849e-01, 9.318789174293000410e-02
1.076694248813402088e-01, 4.352084209772578705e-01, 3.639271546168218463e-01, 9.319499952458010217e-02
1.076647243123412673e-01, 4.352215794924370051e-01, 3.639115864372731712e-01, 9.320210975794859798e-02
1.076600329147993917e-01, 4.352347338991235381e-01, 3.638960107498797059e-01, 9.320922243619737813e-02
1.076553506803786808e-01, 4.352478841921204600e-01, 3.638804275750145978e-01, 9.321633755248630304e-02
1.076506776007396526e-01, 4.352610303662247104e-01, 3.638648369330625965e-01, 9.322345509997294333e-02
1.076460136675395918e-01, 4.352741724162264569e-01, 3.638492388444210524e-01, 9.323057507181285730e-02
1.076413588724323966e-01, 4.352873103369090946e-01, 3.638336333294989733e-01, 9.323769746115946611e-02
1.076367132070685101e-01, 4.353004441230499677e-01, 3.638180204087175795e-01, 9.324482226116395656e-02
1.076320766630950443e-01, 4.353135737694193153e-01, 3.638024001025100818e-01, 9.325194946497550319e-02
1.076274492321557807e-01, 4.353266992707814920e-01, 3.637867724313216811e-01, 9.325907906574112949e-02
1.076228309058910454e-01, 4.353398206218938582e-01, 3.637711374156095134e-01, 9.326621105660562461e-02
1.076182216759378751e-01, 4.353529378175076126e-01, 3.637554950758427053e-01, 9.327334543071186257e-02
1.076136215339298374e-01, 4.353660508523672368e-01, 3.637398454325024288e-01, 9.328048218120037205e-02
1.076090304714973078e-01, 4.353791597212112729e-01, 3.637241885060818469e-01, 9.328762130120966944e-02
1.076044484802670953e-01, 4.353922644187709357e-01, 3.637085243170857796e-01, 9.329476278387620336e-02
1.075998755518628724e-01, 4.354053649397718329e-01, 3.636928528860311483e-01, 9.330190662233417420e-02
1.075953116779047314e-01, 4.354184612789326891e-01, 3.636771742334468094e-01, 9.330905280971575622e-02
1.075907568500096001e-01, 4.354315534309660118e-01, 3.636614883798734987e-01, 9.331620133915091708e-02
1.075862110597909926e-01, 4.354446413905776470e-01, 3.636457953458637760e-01, 9.332335220376759832e-02
1.075816742988589675e-01, 4.354577251524673343e-01, 3.636300951519821356e-01, 9.333050539669160428e-02
1.075771465588203912e-01, 4.354708047113282632e-01, 3.636143878188047851e-01, 9.333766091104650497e-02
1.075726278312787026e-01, 4.354838800618474615e-01, 3.635986733669199222e-01, 9.334481873995396917e-02
1.075681181078341070e-01, 4.354969511987051289e-01, 3.635829518169274577e-01, 9.335197887653334803e-02
1.075636173800832707e-01, 4.355100181165755813e-01, 3.635672231894391260e-01, 9.335914131390199433e-02
1.075591256396197515e-01, 4.355230808101264728e-01, 3.635514875050785966e-01, 9.336630604517516530e-02
1.075546428780336239e-01, 4.355361392740193516e-01, 3.635357447844811962e-01, 9.337347306346589770e-02
1.075501690869116456e-01, 4.355491935029092709e-01, 3.635199950482937981e-01, 9.338064236188517442e-02
1.075457042578373962e-01, 4.355622434914451224e-01, 3.635042383171755431e-01, 9.338781393354199378e-02
1.075412483823908749e-01, 4.355752892342693028e-01, 3.634884746117967858e-01, 9.339498777154298104e-02
1.075368014521489723e-01, 4.355883307260181025e-01, 3.634727039528399262e-01, 9.340216386899286016e-02
1.075323634586851790e-01, 4.356013679613215950e-01, 3.634569263609990220e-01, 9.340934221899421797e-02
1.075279343935696547e-01, 4.356144009348030810e-01, 3.634411418569797880e-01, 9.341652281464749019e-02
1.075235142483692979e-01, 4.356274296410801994e-01, 3.634253504614994301e-01, 9.342370564905108643e-02
1.075191030146476490e-01, 4.356404540747639831e-01, 3.634095521952871444e-01, 9.343089071530116807e-02
1.075147006839649172e-01, 4.356534742304596364e-01, 3.633937470790836177e-01, 9.343807800649195361e-02
1.075103072478781618e-01, 4.356664901027652581e-01, 3.633779351336411390e-01, 9.344526751571544110e-02
1.075059226979408616e-01, 4.356795016862737291e-01, 3.633621163797236542e-01, 9.345245923606164407e-02
1.075015470257034006e-01, 4.356925089755713798e-01, 3.633462908381068224e-01, 9.345965316061839723e-02
1.074971802227128737e-01, 4.357055119652379904e-01, 3.633304585295776823e-01, 9.346684928247146751e-02
1.074928222805130035e-01, 4.357185106498474569e-01, 3.633146194749350411e-01, 9.347404759470449853e-02
1.074884731906441959e-01, 4.357315050239676801e-01, 3.632987736949890301e-01, 9.348124809039908001e-02
1.074841329446436511e-01, 4.357444950821600105e-01, 3.632829212105616601e-01, 9.348845076263469223e-02
1.074798015340451968e-01, 4.357574808189799143e-01, 3.632670620424861552e-01, 9.349565560448876156e-02
1.074754789503793995e-01, 4.357704622289764740e-01, 3.632511962116075632e-01, 9.350286260903650781e-02
1.074711651851736477e-01, 4.357834393066929990e-01, 3.632353237387820899e-01, 9.351007176935120790e-02
1.074668602299519021e-01, 4.357964120466663038e-01, 3.632194446448777647e-01, 9.351728307850398769e-02
1.074625640762349177e-01, 4.358093804434273744e-01, 3.632035589507737749e-01, 9.352449652956384973e-02
1.074582767155401741e-01, 4.358223444915010347e-01, 3.631876666773610207e-01, 9.353171211559778431e-02
1.074539981393818344e-01, 4.358353041854056142e-01, 3.631717678455417264e-01, 9.353892982967068614e-02
1.074497283392708696e-01, 4.358482595196542797e-01, 3.631558624762296628e-01, 9.354614966484524341e-02
1.074454673067148786e-01, 4.358612104887532035e-01, 3.631399505903496472e-01, 9.355337161418222913e-02
1.074412150332184068e-01, 4.358741570872028404e-01, 3.631240322088384320e-01, 9.356059567074036243e-02
1.074369715102824058e-01, 4.358870993094979274e-01, 3.631081073526435943e-01, 9.356782182757601707e-02
1.074327367294048846e-01, 4.359000371501266513e-01, 3.630921760427246459e-01, 9.357505007774379047e-02
1.074285106820804386e-01, 4.359129706035715368e-01, 3.630762383000520344e-01, 9.358228041429607347e-02
1.074242933598004435e-01, 4.359258996643087802e-01, 3.630602941456076427e-01, 9.358951283028316137e-02
1.074200847540529996e-01, 4.359388243268089713e-01, 3.630443436003847335e-01, 9.359674731875333720e-02
1.074158848563230018e-01, 4.359517445855363715e-01, 3.630283866853878383e-01, 9.360398387275277454e-02
1.074116936580921111e-01, 4.359646604349494692e-01, 3.630124234216328127e-01, 9.361122248532556533e-02
1.074075111508386582e-01, 4.359775718695009239e-01, 3.629964538301467258e-01, 9.361846314951380310e-02
1.074033373260378371e-01, 4.359904788836367895e-01, 3.629804779319678598e-01, 9.362570585835741643e-02
1.073991721751616363e-01, 4.360033814717980682e-01, 3.629644957481459322e-01, 9.363295060489440491e-02
1.073950156896786023e-01, 4.360162796284192122e-01, 3.629485072997417072e-01, 9.364019738216050603e-02
1.073908678610542983e-01, 4.360291733479288445e-01, 3.629325126078272179e-01, 9.364744618318955605e-02
1.073867286807509286e-01, 4.360420626247500375e-01, 3.629165116934857660e-01, 9.365469700101335115e-02
1.073825981402274227e-01, 4.360549474532994796e-01, 3.629005045778117000e-01, 9.366194982866145324e-02
1.073784762309396845e-01, 4.360678278279883635e-01, 3.628844912819104707e-01, 9.366920465916153682e-02
1.073743629443402042e-01, 4.360807037432217204e-01, 3.628684718268990195e-01, 9.367646148553909757e-02
1.073702582718784049e-01, 4.360935751933988636e-01, 3.628524462339050571e-01, 9.368372030081772994e-02
1.073661622050003234e-01, 4.361064421729131668e-01, 3.628364145240676741e-01, 9.369098109801883567e-02
1.073620747351489574e-01, 4.361193046761525083e-01, 3.628203767185368411e-01, 9.369824387016177647e-02
1.073579958537640433e-01, 4.361321626974982157e-01, 3.628043328384737420e-01, 9.370550861026394340e-02
1.073539255522820701e-01, 4.361450162313268986e-01, 3.627882829050504965e-01, 9.371277531134056260e-02
1.073498638221363349e-01, 4.361578652720080607e-01, 3.627722269394506038e-01, 9.372004396640494506e-02
1.073458106547569846e-01, 4.361707098139063765e-01, 3.627561649628682217e-01, 9.372731456846834786e-02
1.073417660415709324e-01, 4.361835498513805254e-01, 3.627400969965087207e-01, 9.373458711053976600e-02
1.073377299740019414e-01, 4.361963853787831358e-01, 3.627240230615884631e-01, 9.374186158562650140e-02
1.073337024434705134e-01, 4.362092163904612852e-01, 3.627079431793346354e-01, 9.374913798673348286e-02
1.073296834413940415e-01, 4.362220428807564998e-01, 3.626918573709856930e-01, 9.375641630686383510e-02
1.073256729591866576e-01, 4.362348648440039778e-01, 3.626757656577908606e-01, 9.376369653901850398e-02
1.073216709882593711e-01, 4.362476822745339766e-01, 3.626596680610101320e-01, 9.377097867619645088e-02
1.073176775200200411e-01, 4.362604951666702591e-01, 3.626435646019148806e-01, 9.377826271139465264e-02
1.073136925458733071e-01, 4.362733035147317029e-01, 3.626274553017870272e-01, 9.378554863760800442e-02
1.073097160572205611e-01, 4.362861073130308021e-01, 3.626113401819194837e-01, 9.379283644782930585e-02
1.073057480454601559e-01, 4.362989065558745549e-01, 3.625952192636158200e-01, 9.380012613504945529e-02
1.073017885019871970e-01, 4.363117012375646864e-01, 3.625790925681908750e-01, 9.380741769225718618e-02
1.072978374181937922e-01, 4.363244913523965374e-01, 3.625629601169702565e-01, 9.381471111243935845e-02
1.072938947854685660e-01, 4.363372768946607305e-01, 3.625468219312898421e-01, 9.382200638858070874e-02
1.072899605951973395e-01, 4.363500578586415046e-01, 3.625306780324972777e-01, 9.382930351366398913e-02
1.072860348387625201e-01, 4.363628342386177139e-01, 3.625145284419498681e-01, 9.383660248066978682e-02
1.072821175075434896e-01, 4.363756060288628280e-01, 3.624983731810166865e-01, 9.384390328257696812e-02
1.072782085929164797e-01, 4.363883732236443769e-01, 3.624822122710770755e-01, 9.385120591236210952e-02
1.072743080862545578e-01, 4.364011358172246169e-01, 3.624660457335209807e-01, 9.385851036299990013e-02
1.072704159789275302e-01, 4.364138938038598647e-01, 3.624498735897495050e-01, 9.386581662746294741e-02
1.072665322623024553e-01, 4.364266471778013301e-01, 3.624336958611743542e-01, 9.387312469872197140e-02
1.072626569277427000e-01, 4.364393959332942829e-01, 3.624175125692173371e-01, 9.388043456974548562e-02
1.072587899666090083e-01, 4.364521400645789417e-01, 3.624013237353118644e-01, 9.388774623350025494e-02
1.072549313702586271e-01, 4.364648795658894742e-01, 3.623851293809012275e-01, 9.389505968295068505e-02
1.072510811300458333e-01, 4.364776144314547746e-01, 3.623689295274397093e-01, 9.390237491105954404e-02
1.072472392373218925e-01, 4.364903446554983524e-01, 3.623527241963924173e-01, 9.390969191078742118e-02
1.072434056834347255e-01, 4.365030702322379996e-01, 3.623365134092345619e-01, 9.391701067509281020e-02
1.072395804597292696e-01, 4.365157911558861792e-01, 3.623202971874521783e-01, 9.392433119693234522e-02
1.072357635575473117e-01, 4.365285074206500249e-01, 3.623040755525420153e-01, 9.393165346926068970e-02
1.072319549682276135e-01, 4.365412190207309528e-01, 3.622878485260110915e-01, 9.393897748503039768e-02
1.072281546831056337e-01, 4.365539259503250502e-01, 3.622716161293771941e-01, 9.394630323719206644e-02
1.072243626935139860e-01, 4.365666282036230750e-01, 3.622553783841684916e-01, 9.395363071869439198e-02
1.072205789907819812e-01, 4.365793257748103451e-01, 3.622391353119237545e-01, 9.396095992248391926e-02
1.072168035662358909e-01, 4.365920186580665718e-01, 3.622228869341922453e-01, 9.396829084150531974e-02
1.072130364111989614e-01, 4.366047068475665260e-01, 3.622066332725333848e-01, 9.397562346870119709e-02
1.072092775169912332e-01, 4.366173903374789278e-01, 3.621903743485174187e-01, 9.398295779701232311e-02
1.072055268749297630e-01, 4.366300691219680008e-01, 3.621741101837249177e-01, 9.399029381937731853e-02
1.072017844763284572e-01, 4.366427431951919180e-01, 3.621578407997467774e-01, 9.399763152873288896e-02
1.071980503124982109e-01, 4.366554125513036344e-01, 3.621415662181843853e-01, 9.400497091801375549e-02
1.071943243747467134e-01, 4.366680771844513864e-01, 3.621252864606493427e-01, 9.401231198015266854e-02
1.071906066543787117e-01, 4.366807370887771378e-01, 3.621090015487636871e-01, 9.401965470808043568e-02
1.071868971426958583e-01, 4.366933922584182448e-01, 3.620927115041600586e-01, 9.402699909472583828e-02
1.071831958309966693e-01, 4.367060426875067347e-01, 3.620764163484809783e-01, 9.403434513301560382e-02
1.071795027105766768e-01, 4.367186883701688616e-01, 3.620601161033796811e-01, 9.404169281587483609e-02
1.071758177727282491e-01, 4.367313293005263275e-01, 3.620438107905192826e-01, 9.404904213622618248e-02
1.071721410087408538e-01, 4.367439654726950060e-01, 3.620275004315735567e-01, 9.405639308699069445e-02
1.071684724099007530e-01, 4.367565968807857746e-01, 3.620111850482261584e-01, 9.406374566108728630e-02
1.071648119674912386e-01, 4.367692235189044037e-01, 3.619948646621712340e-01, 9.407109985143302655e-02
1.071611596727925358e-01, 4.367818453811512236e-01, 3.619785392951131997e-01, 9.407845565094292983e-02
1.071575155170818305e-01, 4.367944624616216243e-01, 3.619622089687665190e-01, 9.408581305253009563e-02
1.071538794916332277e-01, 4.368070747544053889e-01, 3.619458737048556474e-01, 9.409317204910562504e-02
1.071502515877178902e-01, 4.368196822535875823e-01, 3.619295335251157542e-01, 9.410053263357871789e-02
1.071466317966038445e-01, 4.368322849532481067e-01, 3.619131884512915565e-01, 9.410789479885660336e-02
1.071430201095561335e-01, 4.368448828474612022e-01, 3.618968385051380965e-01, 9.411525853784451223e-02
1.071394165178367330e-01, 4.368574759302963351e-01, 3.618804837084209636e-01, 9.412262384344591282e-02
1.071358210127047184e-01, 4.368700641958183084e-01, 3.618641240829148509e-01, 9.412999070856208073e-02
1.071322335854159452e-01, 4.368826476380859303e-01, 3.618477596504056093e-01, 9.413735912609250134e-02
1.071286542272234382e-01, 4.368952262511532902e-01, 3.618313904326885821e-01, 9.414472908893473102e-02
1.071250829293770579e-01, 4.369078000290697039e-01, 3.618150164515688827e-01, 9.415210058998424447e-02
1.071215196831238337e-01, 4.369203689658790468e-01, 3.617986377288623379e-01, 9.415947362213475391e-02
1.071179644797076308e-01, 4.369329330556203095e-01, 3.617822542863941560e-01, 9.416684817827794540e-02
1.071144173103693031e-01, 4.369454922923273199e-01, 3.617658661459999259e-01, 9.417422425130354824e-02
1.071108781663468457e-01, 4.369580466700288546e-01, 3.617494733295249509e-01, 9.418160183409943209e-02
1.071073470388751031e-01, 4.369705961827488605e-01, 3.617330758588244155e-01, 9.418898091955153762e-02
1.071038239191860753e-01, 4.369831408245062887e-01, 3.617166737557638290e-01, 9.419636150054379320e-02
1.071003087985086255e-01, 4.369956805893148721e-01, 3.617002670422181931e-01, 9.420374356995837861e-02
1.070968016680687168e-01, 4.370082154711835143e-01, 3.616838557400724463e-01, 9.421112712067522543e-02
1.070933025190893700e-01, 4.370207454641161782e-01, 3.616674398712216298e-01, 9.421851214557280807e-02
1.070898113427904974e-01, 4.370332705621118308e-01, 3.616510194575703885e-01, 9.422589863752731110e-02
1.070863281303891523e-01, 4.370457907591644986e-01, 3.616345945210333590e-01, 9.423328658941315661e-02
1.070828528730993628e-01, 4.370583060492632121e-01, 3.616181650835347261e-01, 9.424067599410280993e-02
1.070793855621321178e-01, 4.370708164263922280e-01, 3.616017311670088885e-01, 9.424806684446687677e-02
1.070759261886956443e-01, 4.370833218845308066e-01, 3.615852927933995709e-01, 9.425545913337401993e-02
1.070724747439949914e-01, 4.370958224176534901e-01, 3.615688499846605453e-01, 9.426285285369095934e-02
1.070690312192324051e-01, 4.371083180197298246e-01, 3.615524027627552428e-01, 9.427024799828266632e-02
1.070655956056070501e-01, 4.371208086847241936e-01, 3.615359511496566425e-01, 9.427764456001200277e-02
1.070621678943152466e-01, 4.371332944065969284e-01, 3.615194951673476043e-01, 9.428504253174008198e-02
1.070587480765503585e-01, 4.371457751793026980e-01, 3.615030348378207581e-01, 9.429244190632607436e-02
1.070553361435027384e-01, 4.371582509967919528e-01, 3.614865701830780598e-01, 9.429984267662726294e-02
1.070519320863597967e-01, 4.371707218530098693e-01, 3.614701012251314016e-01, 9.430724483549894621e-02
1.070485358963060712e-01, 4.371831877418970169e-01, 3.614536279860020573e-01, 9.431464837579477123e-02
1.070451475645231021e-01, 4.371956486573894129e-01, 3.614371504877210706e-01, 9.432205329036627561e-02
1.070417670821896677e-01, 4.372081045934181898e-01, 3.614206687523289774e-01, 9.432945957206320675e-02
1.070383944404813270e-01, 4.372205555439094282e-01, 3.614041828018758618e-01, 9.433686721373336914e-02
1.070350296305709881e-01, 4.372330015027849348e-01, 3.613876926584214111e-01, 9.434427620822279092e-02
1.070316726436284088e-01, 4.372454424639612980e-01, 3.613711983440347497e-01, 9.435168654837548796e-02
1.070283234708206965e-01, 4.372578784213508873e-01, 3.613546998807945498e-01, 9.435909822703379690e-02
1.070249821033118637e-01, 4.372703093688611320e-01, 3.613381972907890871e-01, 9.436651123703797273e-02
1.070216485322630223e-01, 4.372827353003947426e-01, 3.613216905961156855e-01, 9.437392557122652181e-02
1.070183227488324534e-01, 4.372951562098496558e-01, 3.613051798188816610e-01, 9.438134122243610480e-02
1.070150047441754543e-01, 4.373075720911197561e-01, 3.612886649812032669e-01, 9.438875818350137004e-02
1.070116945094445465e-01, 4.373199829380935988e-01, 3.612721461052065819e-01, 9.439617644725532830e-02
1.070083920357891988e-01, 4.373323887446552427e-01, 3.612556232130266776e-01, 9.440359600652890870e-02
1.070050973143561457e-01, 4.373447895046844169e-01, 3.612390963268081734e-01, 9.441101685415136113e-02
1.070018103362891382e-01, 4.373571852120560766e-01, 3.612225654687050147e-01, 9.441843898294989545e-02
1.069985310927290545e-01, 4.373695758606404027e-01, 3.612060306608803617e-01, 9.442586238575009783e-02
1.069952595748139695e-01, 4.373819614443035797e-01, 3.611894919255069225e-01, 9.443328705537554213e-02
1.069919957736790439e-01, 4.373943419569065183e-01, 3.611729492847664535e-01, 9.444071298464799813e-02
1.069887396804564822e-01, 4.374067173923060214e-01, 3.611564027608500926e-01, 9.444814016638737597e-02
1.069854912862757551e-01, 4.374190877443542846e-01, 3.611398523759581924e-01, 9.445556859341179556e-02
1.069822505822633357e-01, 4.374314530068991180e-01, 3.611232981523001540e-01, 9.446299825853746168e-02
1.069790175595430048e-01, 4.374438131737831692e-01, 3.611067401120949261e-01, 9.447042915457887213e-02
1.069757922092355873e-01, 4.374561682388456996e-01, 3.610901782775702840e-01, 9.447786127434852632e-02
1.069725745224589936e-01, 4.374685181959204749e-01, 3.610736126709632177e-01, 9.448529461065718893e-02
1.069693644903284557e-01, 4.374808630388373754e-01, 3.610570433145202651e-01, 9.449272915631382053e-02
1.069661621039561944e-01, 4.374932027614218399e-01, 3.610404702304964575e-01, 9.450016490412543879e-02
1.069629673544517240e-01, 4.375055373574945339e-01, 3.610238934411563738e-01, 9.450760184689738219e-02
1.069597802329215891e-01, 4.375178668208717370e-01, 3.610073129687734750e-01, 9.451503997743308794e-02
1.069566007304696559e-01, 4.375301911453656767e-01, 3.609907288356304922e-01, 9.452247928853418912e-02
1.069534288381968207e-01, 4.375425103247839731e-01, 3.609741410640188719e-01, 9.452991977300050086e-02
1.069502645472012459e-01, 4.375548243529296943e-01, 3.609575496762391089e-01, 9.453736142362999251e-02
1.069471078485782073e-01, 4.375671332236019118e-01, 3.609409546946010239e-01, 9.454480423321889870e-02
1.069439587334202885e-01, 4.375794369305949227e-01, 3.609243561414230972e-01, 9.455224819456162222e-02
1.069408171928170614e-01, 4.375917354676992499e-01, 3.609077540390330241e-01, 9.455969330045077559e-02
1.069376832178554892e-01, 4.376040288287006419e-01, 3.608911484097669375e-01, 9.456713954367701458e-02
1.069345567996195928e-01, 4.376163170073802955e-01, 3.608745392759705184e-01, 9.457458691702945452e-02
1.069314379291907008e-01, 4.376285999975161323e-01, 3.608579266599979407e-01, 9.458203541329525399e-02
1.069283265976472275e-01, 4.376408777928806892e-01, 3.608413105842123159e-01, 9.458948502525978130e-02
1.069252227960649088e-01, 4.376531503872428397e-01, 3.608246910709856925e-01, 9.459693574570667007e-02
1.069221265155165662e-01, 4.376654177743671825e-01, 3.608080681426986680e-01, 9.460438756741773592e-02
1.069190377470723569e-01, 4.376776799480137092e-01, 3.607914418217411101e-01, 9.461184048317293482e-02
1.069159564817995789e-01, 4.376899369019385810e-01, 3.607748121305112687e-01, 9.461929448575062684e-02
1.069128827107628105e-01, 4.377021886298936848e-01, 3.607581790914162201e-01, 9.462674956792721526e-02
1.069098164250237987e-01, 4.377144351256265775e-01, 3.607415427268721997e-01, 9.463420572247749352e-02
1.069067576156415567e-01, 4.377266763828807083e-01, 3.607249030593034922e-01, 9.464166294217424280e-02
1.069037062736723498e-01, 4.377389123953953076e-01, 3.607082601111437081e-01, 9.464912121978871773e-02
1.069006623901696401e-01, 4.377511431569056088e-01, 3.606916139048346182e-01, 9.465658054809027167e-02
1.068976259561841280e-01, 4.377633686611423491e-01, 3.606749644628270413e-01, 9.466404091984649549e-02
1.068945969627638076e-01, 4.377755889018328239e-01, 3.606583118075800121e-01, 9.467150232782325925e-02
1.068915754009539254e-01, 4.377878038726996657e-01, 3.606416559615616690e-01, 9.467896476478469825e-02
1.068885612617969522e-01, 4.378000135674613436e-01, 3.606249969472485328e-01, 9.468642822349307431e-02
1.068855545363325971e-01, 4.378122179798326630e-01, 3.606083347871257838e-01, 9.469389269670906717e-02
1.068825552155978492e-01, 4.378244171035239884e-01, 3.605916695036867070e-01, 9.470135817719146920e-02
1.068795632906270054e-01, 4.378366109322419653e-01, 3.605750011194337468e-01, 9.470882465769739356e-02
1.068765787524515870e-01, 4.378487994596890753e-01, 3.605583296568772855e-01, 9.471629213098203826e-02
1.068736015921004506e-01, 4.378609826795636373e-01, 3.605416551385368096e-01, 9.472376058979919966e-02
1.068706318005996359e-01, 4.378731605855600839e-01, 3.605249775869396878e-01, 9.473123002690068961e-02
1.068676693689725316e-01, 4.378853331713689623e-01, 3.605082970246220042e-01, 9.473870043503658522e-02
1.068647142882398066e-01, 4.378975004306766561e-01, 3.604916134741282252e-01, 9.474617180695529828e-02
1.068617665494193958e-01, 4.379096623571656632e-01, 3.604749269580113102e-01, 9.475364413540349195e-02
1.068588261435266390e-01, 4.379218189445146514e-01, 3.604582374988324900e-01, 9.476111741312616410e-02
1.068558930615740588e-01, 4.379339701863982359e-01, 3.604415451191613218e-01, 9.476859163286643906e-02
1.068529672945714160e-01, 4.379461160764870908e-01, 3.604248498415756341e-01, 9.477606678736581747e-02
1.068500488335259874e-01, 4.379582566084480599e-01, 3.604081516886619152e-01, 9.478354286936412076e-02
1.068471376694421771e-01, 4.379703917759440457e-01, 3.603914506830144249e-01, 9.479101987159940790e-02
1.068442337933218772e-01, 4.379825215726340648e-01, 3.603747468472360826e-01, 9.479849778680798922e-02
1.068413371961641350e-01, 4.379946459921734703e-01, 3.603580402039379127e-01, 9.480597660772456525e-02
1.068384478689654304e-01, 4.380067650282133407e-01, 3.603413307757393214e-01, 9.481345632708201854e-02
1.068355658027194677e-01, 4.380188786744014795e-01, 3.603246185852673755e-01, 9.482093693761152464e-02
1.068326909884174392e-01, 4.380309869243814713e-01, 3.603079036551582459e-01, 9.482841843204277421e-02
1.068298234170478034e-01, 4.380430897717934036e-01, 3.602911860080553197e-01, 9.483590080310343173e-02
1.068269630795962710e-01, 4.380551872102733113e-01, 3.602744656666106993e-01, 9.484338404351976004e-02
1.068241099670460548e-01, 4.380672792334533994e-01, 3.602577426534844252e-01, 9.485086814601619010e-02
1.068212640703776056e-01, 4.380793658349625974e-01, 3.602410169913444760e-01, 9.485835310331545978e-02
1.068184253805687239e-01, 4.380914470084256163e-01, 3.602242887028671570e-01, 9.486583890813864162e-02
1.068155938885946565e-01, 4.381035227474636140e-01, 3.602075578107366005e-01, 9.487332555320515670e-02
1.068127695854279857e-01, 4.381155930456939740e-01, 3.601908243376452656e-01, 9.488081303123274690e-02
1.068099524620386154e-01, 4.381276578967306934e-01, 3.601740883062931609e-01, 9.488830133493739161e-02
1.068071425093938820e-01, 4.381397172941838281e-01, 3.601573497393886769e-01, 9.489579045703355753e-02
1.068043397184584575e-01, 4.381517712316596591e-01, 3.601406086596479761e-01, 9.490328039023392115e-02
1.068015440801944049e-01, 4.381638197027609705e-01, 3.601238650897950477e-01, 9.491077112724954912e-02
1.067987555855611781e-01, 4.381758627010870488e-01, 3.601071190525619303e-01, 9.491826266078975949e-02
1.067959742255155664e-01, 4.381879002202334061e-01, 3.600903705706886004e-01, 9.492575498356230213e-02
1.067931999910119306e-01, 4.381999322537918906e-01, 3.600736196669229727e-01, 9.493324808827335870e-02
1.067904328730017727e-01, 4.382119587953508533e-01, 3.600568663640201783e-01, 9.494074196762716800e-02
1.067876728624341798e-01, 4.382239798384950924e-01, 3.600401106847440080e-01, 9.494823661432663653e-02
1.067849199502556440e-01, 4.382359953768057981e-01, 3.600233526518657468e-01, 9.495573202107283894e-02
1.067821741274099512e-01, 4.382480054038608297e-01, 3.600065922881638958e-01, 9.496322818056525394e-02
1.067794353848384586e-01, 4.382600099132341054e-01, 3.599898296164257272e-01, 9.497072508550177816e-02
1.067767037134797203e-01, 4.382720088984963791e-01, 3.599730646594452854e-01, 9.497822272857854575e-02
1.067739791042700281e-01, 4.382840023532147966e-01, 3.599562974400248860e-01, 9.498572110249017819e-02
1.067712615481427596e-01, 4.382959902709530620e-01, 3.599395279809743942e-01, 9.499322019992965938e-02
1.067685510360290302e-01, 4.383079726452713265e-01, 3.599227563051112799e-01, 9.500072001358826623e-02
1.067658475588571937e-01, 4.383199494697265775e-01, 3.599059824352605075e-01, 9.500822053615572138e-02
1.067631511075531614e-01, 4.383319207378718607e-01, 3.598892063942548680e-01, 9.501572176032012373e-02
1.067604616730401662e-01, 4.383438864432572246e-01, 3.598724282049347023e-01, 9.502322367876787912e-02
1.067577792462390401e-01, 4.383558465794292203e-01, 3.598556478901478450e-01, 9.503072628418395007e-02
1.067551038180680201e-01, 4.383678011399308461e-01, 3.598388654727496805e-01, 9.503822956925150889e-02
1.067524353794426784e-01, 4.383797501183021028e-01, 3.598220809756030869e-01, 9.504573352665220132e-02
1.067497739212762836e-01, 4.383916935080790500e-01, 3.598052944215785476e-01, 9.505323814906607716e-02
1.067471194344793567e-01, 4.384036313027949716e-01, 3.597885058335539843e-01, 9.506074342917164577e-02
1.067444719099601008e-01, 4.384155634959797654e-01, 3.597717152344145353e-01, 9.506824935964568180e-02
1.067418313386239576e-01, 4.384274900811595543e-01, 3.597549226470529993e-01, 9.507575593316348883e-02
1.067391977113740786e-01, 4.384394110518576859e-01, 3.597381280943695026e-01, 9.508326314239871901e-02
1.067365710191109374e-01, 4.384513264015940104e-01, 3.597213315992716098e-01, 9.509077098002347017e-02
1.067339512527326062e-01, 4.384632361238851028e-01, 3.597045331846739913e-01, 9.509827943870824418e-02
1.067313384031346457e-01, 4.384751402122442077e-01, 3.596877328734991441e-01, 9.510578851112197474e-02
1.067287324612100075e-01, 4.384870386601818493e-01, 3.596709306886761714e-01, 9.511329818993199958e-02
1.067261334178492838e-01, 4.384989314612045552e-01, 3.596541266531420034e-01, 9.512080846780412990e-02
1.067235412639405412e-01, 4.385108186088161886e-01, 3.596373207898406754e-01, 9.512831933740262258e-02
1.067209559903693344e-01, 4.385227000965172262e-01, 3.596205131217234396e-01, 9.513583079139004139e-02
1.067183775880187341e-01, 4.385345759178051472e-01, 3.596037036717486535e-01, 9.514334282242759011e-02
1.067158060477693265e-01, 4.385464460661741559e-01, 3.595868924628817798e-01, 9.515085542317465450e-02
1.067132413604993391e-01, 4.385583105351152367e-01, 3.595700795180959974e-01, 9.515836858628946848e-02
1.067106835170844037e-01, 4.385701693181165983e-01, 3.595532648603708137e-01, 9.516588230442823981e-02
1.067081325083977239e-01, 4.385820224086627861e-01, 3.595364485126933962e-01, 9.517339657024598276e-02
1.067055883253100607e-01, 4.385938698002359026e-01, 3.595196304980579627e-01, 9.518091137639597688e-02
1.067030509586897741e-01, 4.386057114863144424e-01, 3.595028108394654476e-01, 9.518842671553018331e-02
1.067005203994026707e-01, 4.386175474603742908e-01, 3.594859895599242794e-01, 9.519594258029868972e-02
1.066979966383121980e-01, 4.386293777158878915e-01, 3.594691666824494924e-01, 9.520345896335039027e-02
1.066954796662792776e-01, 4.386412022463249127e-01, 3.594523422300633930e-01, 9.521097585733244439e-02
1.066929694741625412e-01, 4.386530210451518030e-01, 3.594355162257951153e-01, 9.521849325489056826e-02
1.066904660528180809e-01, 4.386648341058323464e-01, 3.594186886926806213e-01, 9.522601114866893757e-02
1.066879693930995743e-01, 4.386766414218271626e-01, 3.594018596537631449e-01, 9.523352953131024312e-02
1.066854794858583394e-01, 4.386884429865935964e-01, 3.593850291320924151e-01, 9.524104839545559364e-02
1.066829963219432104e-01, 4.387002387935870495e-01, 3.593681971507251549e-01, 9.524856773374465457e-02
1.066805198922006759e-01, 4.387120288362585940e-01, 3.593513637327251375e-01, 9.525608753881562030e-02
1.066780501874747822e-01, 4.387238131080574699e-01, 3.593345289011627419e-01, 9.526360780330501987e-02
1.066755871986071191e-01, 4.387355916024296421e-01, 3.593176926791150638e-01, 9.527112851984806396e-02
1.066731309164370839e-01, 4.387473643128183554e-01, 3.593008550896662490e-01, 9.527864968107838117e-02
1.066706813318013675e-01, 4.387591312326636350e-01, 3.592840161559068268e-01, 9.528617127962814293e-02
1.066682384355346347e-01, 4.387708923554029528e-01, 3.592671759009344323e-01, 9.529369330812800798e-02
1.066658022184688859e-01, 4.387826476744709492e-01, 3.592503343478528621e-01, 9.530121575920715016e-02
1.066633726714338870e-01, 4.387943971832994339e-01, 3.592334915197733514e-01, 9.530873862549332776e-02
1.066609497852569477e-01, 4.388061408753172188e-01, 3.592166474398129639e-01, 9.531626189961273088e-02
1.066585335507631432e-01, 4.388178787439507844e-01, 3.591998021310960354e-01, 9.532378557419012022e-02
1.066561239587750370e-01, 4.388296107826233361e-01, 3.591829556167528970e-01, 9.533130964184882705e-02
1.066537210001129443e-01, 4.388413369847554701e-01, 3.591661079199208739e-01, 9.533883409521062835e-02
1.066513246655948211e-01, 4.388530573437652293e-01, 3.591492590637439530e-01, 9.534635892689598269e-02
1.066489349460361669e-01, 4.388647718530679365e-01, 3.591324090713720607e-01, 9.535388412952373882e-02
1.066465518322503025e-01, 4.388764805060761387e-01, 3.591155579659621733e-01, 9.536140969571141324e-02
1.066441753150481064e-01, 4.388881832961994967e-01, 3.590987057706774288e-01, 9.536893561807499586e-02
1.066418053852381254e-01, 4.388998802168454505e-01, 3.590818525086874047e-01, 9.537646188922906110e-02
1.066394420336266441e-01, 4.389115712614183873e-01, 3.590649982031682841e-01, 9.538398850178674004e-02
1.066370852510175882e-01, 4.389232564233202516e-01, 3.590481428773024675e-01, 9.539151544835977603e-02
1.066347350282125517e-01, 4.389349356959502679e-01, 3.590312865542788501e-01, 9.539904272155837195e-02
1.066323913560108250e-01, 4.389466090727051628e-01, 3.590144292572925999e-01, 9.540657031399139842e-02
1.066300542252094641e-01, 4.389582765469791648e-01, 3.589975710095451578e-01, 9.541409821826628279e-02
1.066277236266030548e-01, 4.389699381121636157e-01, 3.589807118342441816e-01, 9.542162642698896746e-02
1.066253995509841151e-01, 4.389815937616477481e-01, 3.589638517546039909e-01, 9.542915493276415972e-02
1.066230819891426651e-01, 4.389932434888177970e-01, 3.589469907938446780e-01, 9.543668372819485990e-02
1.066207709318665597e-01, 4.390048872870578878e-01, 3.589301289751927193e-01, 9.544421280588298584e-02
1.066184663699412810e-01, 4.390165251497493148e-01, 3.589132663218806973e-01, 9.545174215842870680e-02
1.066161682941501321e-01, 4.390281570702710967e-01, 3.588964028571474674e-01, 9.545927177843113731e-02
1.066138766952741540e-01, 4.390397830419998648e-01, 3.588795386042381574e-01, 9.546680165848776822e-02
1.066115915640920286e-01, 4.390514030583094196e-01, 3.588626735864037243e-01, 9.547433179119477198e-02
1.066093128913802035e-01, 4.390630171125715631e-01, 3.588458078269013418e-01, 9.548186216914693325e-02
1.066070406679129057e-01, 4.390746251981553772e-01, 3.588289413489941238e-01, 9.548939278493763505e-02
1.066047748844620308e-01, 4.390862273084278344e-01, 3.588120741759513455e-01, 9.549692363115883098e-02
1.066025155317974205e-01, 4.390978234367530209e-01, 3.587952063310482775e-01, 9.550445470040126728e-02
1.066002626006864462e-01, 4.391094135764933570e-01, 3.587783378375660748e-01, 9.551198598525419137e-02
1.065980160818943423e-01, 4.391209977210082105e-01, 3.587614687187919427e-01, 9.551951747830542128e-02
1.065957759661841781e-01, 4.391325758636552279e-01, 3.587445989980190819e-01, 9.552704917214152602e-02
1.065935422443166775e-01, 4.391441479977893914e-01, 3.587277286985462443e-01, 9.553458105934768685e-02
1.065913149070504551e-01, 4.391557141167634071e-01, 3.587108578436785100e-01, 9.554211313250772497e-02
1.065890939451417802e-01, 4.391672742139277053e-01, 3.586939864567264546e-01, 9.554964538420414322e-02
1.065868793493448541e-01, 4.391788282826304401e-01, 3.586771145610067602e-01, 9.555717780701798725e-02
1.065846711104115746e-01, 4.391903763162178231e-01, 3.586602421798415485e-01, 9.556471039352906760e-02
1.065824692190916884e-01, 4.392019183080334566e-01, 3.586433693365590480e-01, 9.557224313631582091e-02
1.065802736661327216e-01, 4.392134542514186668e-01, 3.586264960544931490e-01, 9.557977602795539318e-02
1.065780844422800772e-01, 4.392249841397130594e-01, 3.586096223569832930e-01, 9.558730906102351488e-02
1.065759015382768266e-01, 4.392365079662537419e-01, 3.585927482673747502e-01, 9.559484222809458420e-02
1.065737249448640706e-01, 4.392480257243757125e-01, 3.585758738090185638e-01, 9.560237552174181974e-02
1.065715546527805646e-01, 4.392595374074114156e-01, 3.585589990052709952e-01, 9.560990893453698292e-02
1.065693906527629409e-01, 4.392710430086920192e-01, 3.585421238794944121e-01, 9.561744245905057227e-02
1.065672329355456804e-01, 4.392825425215458601e-01, 3.585252484550566221e-01, 9.562497608785176795e-02
1.065650814918611827e-01, 4.392940359392998317e-01, 3.585083727553307065e-01, 9.563250981350848723e-02
1.065629363124395296e-01, 4.393055232552777190e-01, 3.584914968036955196e-01, 9.564004362858725961e-02
1.065607973880087905e-01, 4.393170044628023629e-01, 3.584746206235355226e-01, 9.564757752565335169e-02
1.065586647092948702e-01, 4.393284795551939959e-01, 3.584577442382403389e-01, 9.565511149727083662e-02
1.065565382670214806e-01, 4.393399485257707959e-01, 3.584408676712053099e-01, 9.566264553600235809e-02
1.065544180519102796e-01, 4.393514113678491650e-01, 3.584239909458312168e-01, 9.567017963440935246e-02
1.065523040546807743e-01, 4.393628680747433957e-01, 3.584071140855238369e-01, 9.567771378505195157e-02
1.065501962660503205e-01, 4.393743186397657818e-01, 3.583902371136948872e-01, 9.568524798048903823e-02
1.065480946767341508e-01, 4.393857630562266747e-01, 3.583733600537609698e-01, 9.569278221327820466e-02
1.065459992774454162e-01, 4.393972013174345936e-01, 3.583564829291443488e-01, 9.570031647597580793e-02
1.065439100588951860e-01, 4.394086334166957819e-01, 3.583396057632721177e-01, 9.570785076113683121e-02
1.065418270117924338e-01, 4.394200593473152616e-01, 3.583227285795771988e-01, 9.571538506131520296e-02
1.065397501268440100e-01, 4.394314791025953348e-01, 3.583058514014972329e-01, 9.572291936906339449e-02
1.065376793947546280e-01, 4.394428926758372489e-01, 3.582889742524753562e-01, 9.573045367693272523e-02
1.065356148062270303e-01, 4.394543000603397531e-01, 3.582720971559599232e-01, 9.573798797747329337e-02
1.065335563519617806e-01, 4.394657012494000425e-01, 3.582552201354043397e-01, 9.574552226323392035e-02
1.065315040226574028e-01, 4.394770962363135358e-01, 3.582383432142668411e-01, 9.575305652676223411e-02
1.065294578090104638e-01, 4.394884850143735977e-01, 3.582214664160114914e-01, 9.576059076060450259e-02
1.065274177017152823e-01, 4.394998675768722052e-01, 3.582045897641066290e-01, 9.576812495730595287e-02
1.065253836914642482e-01, 4.395112439170992258e-01, 3.581877132820260323e-01, 9.577565910941043814e-02
1.065233557689476279e-01, 4.395226140283429728e-01, 3.581708369932486424e-01, 9.578319320946071525e-02
1.065213339248537450e-01, 4.395339779038900385e-01, 3.581539609212580633e-01, 9.579072724999819488e-02
1.065193181498687997e-01, 4.395453355370250170e-01, 3.581370850895430058e-01, 9.579826122356321916e-02
1.065173084346769522e-01, 4.395566869210311700e-01, 3.581202095215969550e-01, 9.580579512269483955e-02
1.065153047699603783e-01, 4.395680320491901494e-01, 3.581033342409187248e-01, 9.581332893993091404e-02
1.065133071463991998e-01, 4.395793709147812756e-01, 3.580864592710114036e-01, 9.582086266780812100e-02
1.065113155546715679e-01, 4.395907035110830363e-01, 3.580695846353834089e-01, 9.582839629886198696e-02
1.065093299854536213e-01, 4.396020298313718100e-01, 3.580527103575477654e-01, 9.583592982562681717e-02
1.065073504294194312e-01, 4.396133498689225316e-01, 3.580358364610223831e-01, 9.584346324063568179e-02
1.065053768772410425e-01, 4.396246636170085820e-01, 3.580189629693298348e-01, 9.585099653642055462e-02
1.065034093195887099e-01, 4.396359710689015654e-01, 3.580020899059974671e-01, 9.585852970551227148e-02
1.065014477471303705e-01, 4.396472722178718651e-01, 3.579852172945574007e-01, 9.586606274044036369e-02
1.064994921505323100e-01, 4.396585670571879767e-01, 3.579683451585463638e-01, 9.587359563373328009e-02
1.064975425204586906e-01, 4.396698555801171193e-01, 3.579514735215058030e-01, 9.588112837791840093e-02
1.064955988475716070e-01, 4.396811377799250131e-01, 3.579346024069816612e-01, 9.588866096552173257e-02
1.064936611225313356e-01, 4.396924136498756575e-01, 3.579177318385245443e-01, 9.589619338906837931e-02
1.064917293359961409e-01, 4.397036831832319970e-01, 3.579008618396897212e-01, 9.590372564108209930e-02
1.064898034786223302e-01, 4.397149463732550889e-01, 3.578839924340370127e-01, 9.591125771408562373e-02
1.064878835410642544e-01, 4.397262032132046028e-01, 3.578671236451305693e-01, 9.591878960060060133e-02
1.064859695139743351e-01, 4.397374536963393199e-01, 3.578502554965389826e-01, 9.592632129314737632e-02
1.064840613880030373e-01, 4.397486978159160231e-01, 3.578333880118356736e-01, 9.593385278424527984e-02
1.064821591537988971e-01, 4.397599355651906072e-01, 3.578165212145980045e-01, 9.594138406641253281e-02
1.064802628020085490e-01, 4.397711669374170240e-01, 3.577996551284081672e-01, 9.594891513216623202e-02
1.064783723232767126e-01, 4.397823919258484482e-01, 3.577827897768525722e-01, 9.595644597402232245e-02
1.064764877082460814e-01, 4.397936105237364446e-01, 3.577659251835216825e-01, 9.596397658449566659e-02
1.064746089475576418e-01, 4.398048227243313568e-01, 3.577490613720108459e-01, 9.597150695610005833e-02
1.064727360318503124e-01, 4.398160285208823628e-01, 3.577321983659192406e-01, 9.597903708134813971e-02
1.064708689517611384e-01, 4.398272279066369195e-01, 3.577153361888504857e-01, 9.598656695275151196e-02
1.064690076979252914e-01, 4.398384208748418178e-01, 3.576984748644121970e-01, 9.599409656282061054e-02
1.064671522609761251e-01, 4.398496074187423499e-01, 3.576816144162165978e-01, 9.600162590406492724e-02
1.064653026315449946e-01, 4.398607875315824201e-01, 3.576647548678797972e-01, 9.600915496899271873e-02
1.064634588002614651e-01, 4.398719612066050999e-01, 3.576478962430221231e-01, 9.601668375011131185e-02
1.064616207577531726e-01, 4.398831284370520178e-01, 3.576310385652679558e-01, 9.602421223992682608e-02
1.064597884946459211e-01, 4.398942892161638585e-01, 3.576141818582457277e-01, 9.603174043094442336e-02
1.064579620015636968e-01, 4.399054435371798077e-01, 3.575973261455883123e-01, 9.603926831566822475e-02
1.064561412691285569e-01, 4.399165913933383854e-01, 3.575804714509319138e-01, 9.604679588660113010e-02
1.064543262879607682e-01, 4.399277327778766677e-01, 3.575636177979173436e-01, 9.605432313624522045e-02
1.064525170486786826e-01, 4.399388676840309542e-01, 3.575467652101890215e-01, 9.606185005710139724e-02
1.064507135418989725e-01, 4.399499961050359897e-01, 3.575299137113955306e-01, 9.606937664166952107e-02
1.064489157582362705e-01, 4.399611180341258532e-01, 3.575130633251892287e-01, 9.607690288244849497e-02
1.064471236883035993e-01, 4.399722334645336241e-01, 3.574962140752265816e-01, 9.608442877193608400e-02
1.064453373227120248e-01, 4.399833423894911610e-01, 3.574793659851674965e-01, 9.609195430262913729e-02
1.064435566520708504e-01, 4.399944448022297117e-01, 3.574625190786760998e-01, 9.609947946702347699e-02
1.064417816669875200e-01, 4.400055406959788029e-01, 3.574456733794200147e-01, 9.610700425761380117e-02
1.064400123580678120e-01, 4.400166300639675176e-01, 3.574288289110707506e-01, 9.611452866689393360e-02
1.064382487159155344e-01, 4.400277128994242171e-01, 3.574119856973036469e-01, 9.612205268735657393e-02
1.064364907311328295e-01, 4.400387891955759301e-01, 3.573951437617975957e-01, 9.612957631149363080e-02
1.064347383943200637e-01, 4.400498589456489085e-01, 3.573783031282352640e-01, 9.613709953179569445e-02
1.064329916960757155e-01, 4.400609221428686268e-01, 3.573614638203029825e-01, 9.614462234075263347e-02
1.064312506269966957e-01, 4.400719787804594496e-01, 3.573446258616905791e-01, 9.615214473085327562e-02
1.064295151776779580e-01, 4.400830288516450750e-01, 3.573277892760916008e-01, 9.615966669458540783e-02
1.064277853387127215e-01, 4.400940723496485907e-01, 3.573109540872028700e-01, 9.616718822443585946e-02
1.064260611006925816e-01, 4.401051092676915855e-01, 3.572941203187253167e-01, 9.617470931289053004e-02
1.064243424542072464e-01, 4.401161395989956482e-01, 3.572772879943628133e-01, 9.618222995243441709e-02
1.064226293898448000e-01, 4.401271633367810354e-01, 3.572604571378227289e-01, 9.618975013555136622e-02
1.064209218981915367e-01, 4.401381804742676707e-01, 3.572436277728163745e-01, 9.619726985472443204e-02
1.064192199698319879e-01, 4.401491910046743672e-01, 3.572267999230580027e-01, 9.620478910243565607e-02
1.064175235953490062e-01, 4.401601949212194387e-01, 3.572099736122653635e-01, 9.621230787116619165e-02
1.064158327653237646e-01, 4.401711922171204217e-01, 3.571931488641595931e-01, 9.621982615339619294e-02
1.064141474703357154e-01, 4.401821828855942420e-01, 3.571763257024651028e-01, 9.622734394160495364e-02
1.064124677009624792e-01, 4.401931669198571040e-01, 3.571595041509095791e-01, 9.623486122827069889e-02
1.064107934477801637e-01, 4.402041443131246568e-01, 3.571426842332242058e-01, 9.624237800587100156e-02
1.064091247013631142e-01, 4.402151150586116057e-01, 3.571258659731431084e-01, 9.624989426688214389e-02
1.064074614522839274e-01, 4.402260791495326009e-01, 3.571090493944034661e-01, 9.625741000377982526e-02
1.064058036911136457e-01, 4.402370365791013485e-01, 3.570922345207464543e-01, 9.626492520903864869e-02
1.064041514084215073e-01, 4.402479873405308330e-01, 3.570754213759151918e-01, 9.627243987513244006e-02
1.064025045947751547e-01, 4.402589314270338727e-01, 3.570586099836567939e-01, 9.627995399453402603e-02
1.064008632407406479e-01, 4.402698688318225639e-01, 3.570418003677212071e-01, 9.628746755971540061e-02
1.063992273368822433e-01, 4.402807995481086700e-01, 3.570249925518614864e-01, 9.629498056314766963e-02
1.063975968737626288e-01, 4.402917235691029552e-01, 3.570081865598334625e-01, 9.630249299730105073e-02
1.063959718419427852e-01, 4.403026408880162390e-01, 3.569913824153960746e-01, 9.631000485464481786e-02
1.063943522319822227e-01, 4.403135514980587861e-01, 3.569745801423115372e-01, 9.631751612764750947e-02
1.063927380344385776e-01, 4.403244553924402505e-01, 3.569577797643443406e-01, 9.632502680877673418e-02
1.063911292398680986e-01, 4.403353525643699529e-01, 3.569409813052627500e-01, 9.633253689049918467e-02
1.063895258388253134e-01, 4.403462430070569367e-01, 3.569241847888369734e-01, 9.634004636528080423e-02
1.063879278218631264e-01, 4.403571267137096346e-01, 3.569073902388406605e-01, 9.634755522558664798e-02
1.063863351795328593e-01, 4.403680036775362017e-01, 3.568905976790502366e-01, 9.635506346388089671e-02
1.063847479023841691e-01, 4.403788738917446266e-01, 3.568738071332443473e-01, 9.636257107262684307e-02
1.063831659809652691e-01, 4.403897373495423984e-01, 3.568570186252052467e-01, 9.637007804428715518e-02
1.063815894058226519e-01, 4.404005940441366174e-01, 3.568402321787172427e-01, 9.637758437132344647e-02
1.063800181675012974e-01, 4.404114439687344396e-01, 3.568234478175676960e-01, 9.638509004619662257e-02
1.063784522565446311e-01, 4.404222871165424102e-01, 3.568066655655461883e-01, 9.639259506136679811e-02
1.063768916634944134e-01, 4.404331234807668527e-01, 3.567898854464454650e-01, 9.640009940929317178e-02
1.063753363788909473e-01, 4.404439530546142567e-01, 3.567731074840606031e-01, 9.640760308243423449e-02
1.063737863932729677e-01, 4.404547758312903349e-01, 3.567563317021890668e-01, 9.641510607324761672e-02
1.063722416971775858e-01, 4.404655918040008555e-01, 3.567395581246312064e-01, 9.642260837419019959e-02
1.063707022811404557e-01, 4.404764009659517532e-01, 3.567227867751897041e-01, 9.643010997771803150e-02
1.063691681356956770e-01, 4.404872033103483520e-01, 3.567060176776695180e-01, 9.643761087628648088e-02
1.063676392513757535e-01, 4.404979988303959759e-01, 3.566892508558783259e-01, 9.644511106234993081e-02
1.063661156187118290e-01, 4.405087875192997826e-01, 3.566724863336262485e-01, 9.645261052836219540e-02
1.063645972282333124e-01, 4.405195693702651516e-01, 3.566557241347253493e-01, 9.646010926677624220e-02
1.063630840704683223e-01, 4.405303443764969074e-01, 3.566389642829906337e-01, 9.646760727004428937e-02
1.063615761359432421e-01, 4.405411125311999854e-01, 3.566222068022389946e-01, 9.647510453061773628e-02
1.063600734151832344e-01, 4.405518738275797652e-01, 3.566054517162897119e-01, 9.648260104094738554e-02
1.063585758987117130e-01, 4.405626282588407383e-01, 3.565886990489644526e-01, 9.649009679348306834e-02
1.063570835770507594e-01, 4.405733758181882842e-01, 3.565719488240868262e-01, 9.649759178067410237e-02
1.063555964407209703e-01, 4.405841164988270053e-01, 3.565552010654831072e-01, 9.650508599496897266e-02
1.063541144802413740e-01, 4.405948502939621703e-01, 3.565384557969810686e-01, 9.651257942881540097e-02
1.063526376861296807e-01, 4.406055771967987145e-01, 3.565217130424111480e-01, 9.652007207466044292e-02
1.063511660489020322e-01, 4.406162972005419065e-01, 3.565049728256056705e-01, 9.652756392495039084e-02
1.063496995590731270e-01, 4.406270102983968484e-01, 3.564882351703990704e-01, 9.653505497213084319e-02
1.063482382071562621e-01, 4.406377164835691418e-01, 3.564715001006277251e-01, 9.654254520864677391e-02
1.063467819836632355e-01, 4.406484157492642217e-01, 3.564547676401301213e-01, 9.655003462694233818e-02
1.063453308791045826e-01, 4.406591080886874678e-01, 3.564380378127468552e-01, 9.655752321946109440e-02
1.063438848839891454e-01, 4.406697934950450923e-01, 3.564213106423199107e-01, 9.656501097864575445e-02
1.063424439888245310e-01, 4.406804719615431964e-01, 3.564045861526938253e-01, 9.657249789693857223e-02
1.063410081841169447e-01, 4.406911434813874928e-01, 3.563878643677145797e-01, 9.657998396678096897e-02
1.063395774603711208e-01, 4.407018080477850264e-01, 3.563711453112303196e-01, 9.658746918061365816e-02
1.063381518080903365e-01, 4.407124656539421759e-01, 3.563544290070906340e-01, 9.659495353087688141e-02
1.063367312177766200e-01, 4.407231162930662083e-01, 3.563377154791472767e-01, 9.660243701000999217e-02
1.063353156799305282e-01, 4.407337599583642240e-01, 3.563210047512534451e-01, 9.660991961045187204e-02
1.063339051850512029e-01, 4.407443966430439897e-01, 3.563042968472642236e-01, 9.661740132464063935e-02
1.063324997236365782e-01, 4.407550263403134383e-01, 3.562875917910362511e-01, 9.662488214501385730e-02
1.063310992861830340e-01, 4.407656490433806695e-01, 3.562708896064279429e-01, 9.663236206400835360e-02
1.063297038631856872e-01, 4.407762647454545601e-01, 3.562541903172993241e-01, 9.663984107406041468e-02
1.063283134451382395e-01, 4.407868734397441535e-01, 3.562374939475120295e-01, 9.664731916760561925e-02
1.063269280225331570e-01, 4.407974751194588814e-01, 3.562208005209290262e-01, 9.665479633707899088e-02
1.063255475858614074e-01, 4.408080697778086199e-01, 3.562041100614150024e-01, 9.666227257491491476e-02
1.063241721256128619e-01, 4.408186574080036890e-01, 3.561874225928362003e-01, 9.666974787354716547e-02
1.063228016322757680e-01, 4.408292380032550750e-01, 3.561707381390602500e-01, 9.667722222540897636e-02
1.063214360963372906e-01, 4.408398115567738196e-01, 3.561540567239560029e-01, 9.668469562293283137e-02
1.063200755082831933e-01, 4.408503780617717971e-01, 3.561373783713940866e-01, 9.669216805855077035e-02
1.063187198585979348e-01, 4.408609375114615481e-01, 3.561207031052463501e-01, 9.669963952469416701e-02
1.063173691377646557e-01, 4.408714898990557796e-01, 3.561040309493856970e-01, 9.670711001379390936e-02
1.063160233362653029e-01, 4.408820352177679758e-01, 3.560873619276865854e-01, 9.671457951828023314e-02
1.063146824445803801e-01, 4.408925734608120650e-01, 3.560706960640248608e-01, 9.672204803058272182e-02
1.063133464531892391e-01, 4.409031046214028082e-01, 3.560540333822773129e-01, 9.672951554313061195e-02
1.063120153525699274e-01, 4.409136286927556325e-01, 3.560373739063221188e-01, 9.673698204835244618e-02
1.063106891331991322e-01, 4.409241456680860760e-01, 3.560207176600386214e-01, 9.674444753867618429e-02
1.063093677855524999e-01, 4.409346555406111756e-01, 3.560040646673071074e-01, 9.675191200652934198e-02
1.063080513001041782e-01, 4.409451583035475797e-01, 3.559874149520093622e-01, 9.675937544433887982e-02
1.063067396673272741e-01, 4.409556539501139349e-01, 3.559707685380277264e-01, 9.676683784453114778e-02
1.063054328776935203e-01, 4.409661424735284996e-01, 3.559541254492458728e-01, 9.677429919953207949e-02
1.063041309216734703e-01, 4.409766238670108085e-01, 3.559374857095487510e-01, 9.678175950176698406e-02
1.063028337897364700e-01, 4.409870981237811183e-01, 3.559208493428218101e-01, 9.678921874366072653e-02
1.063015414723506163e-01, 4.409975652370602961e-01, 3.559042163729516095e-01, 9.679667691763764459e-02
1.063002539599827573e-01, 4.410080252000702083e-01, 3.558875868238254858e-01, 9.680413401612154856e-02
1.062989712430986722e-01, 4.410184780060334986e-01, 3.558709607193321078e-01, 9.681159003153577691e-02
1.062976933121627804e-01, 4.410289236481736430e-01, 3.558543380833604219e-01, 9.681904495630327956e-02
1.062964201576384327e-01, 4.410393621197147285e-01, 3.558377189398004847e-01, 9.682649878284625700e-02
1.062951517699877862e-01, 4.410497934138823961e-01, 3.558211033125431855e-01, 9.683395150358668768e-02
1.062938881396716523e-01, 4.410602175239023426e-01, 3.558044912254799130e-01, 9.684140311094598108e-02
1.062926292571500092e-01, 4.410706344430018744e-01, 3.557878827025031665e-01, 9.684885359734507482e-02
1.062913751128813228e-01, 4.410810441644087421e-01, 3.557712777675055005e-01, 9.685630295520447630e-02
1.062901256973231151e-01, 4.410914466813519730e-01, 3.557546764443806908e-01, 9.686375117694423498e-02
1.062888810009316731e-01, 4.411018419870615381e-01, 3.557380787570229019e-01, 9.687119825498384518e-02
1.062876410141622013e-01, 4.411122300747683522e-01, 3.557214847293269644e-01, 9.687864418174253756e-02
1.062864057274686830e-01, 4.411226109377043292e-01, 3.557048943851879863e-01, 9.688608894963900153e-02
1.062851751313041021e-01, 4.411329845691024376e-01, 3.556883077485019085e-01, 9.689353255109156571e-02
1.062839492161201244e-01, 4.411433509621970339e-01, 3.556717248431649492e-01, 9.690097497851800357e-02
1.062827279723675966e-01, 4.411537101102225855e-01, 3.556551456930740485e-01, 9.690841622433579716e-02
1.062815113904959780e-01, 4.411640620064158913e-01, 3.556385703221261463e-01, 9.691585628096195670e-02
1.062802994609537421e-01, 4.411744066440141943e-01, 3.556219987542188488e-01, 9.692329514081321484e-02
1.062790921741883082e-01, 4.411847440162560141e-01, 3.556054310132499841e-01, 9.693073279630570749e-02
1.062778895206459434e-01, 4.411950741163809253e-01, 3.555888671231178244e-01, 9.693816923985520972e-02
1.062766914907718602e-01, 4.412053969376299456e-01, 3.555723071077208641e-01, 9.694560446387728847e-02
1.062754980750102163e-01, 4.412157124732450364e-01, 3.555557509909577640e-01, 9.695303846078703880e-02
1.062743092638040870e-01, 4.412260207164694359e-01, 3.555391987967274070e-01, 9.696047122299902843e-02
1.062731250475954931e-01, 4.412363216605477145e-01, 3.555226505489290645e-01, 9.696790274292772793e-02
1.062719454168254002e-01, 4.412466152987257195e-01, 3.555061062714617859e-01, 9.697533301298696951e-02
1.062707703619337335e-01, 4.412569016242506303e-01, 3.554895659882252312e-01, 9.698276202559046044e-02
1.062695998733593911e-01, 4.412671806303706257e-01, 3.554730297231185610e-01, 9.699018977315147783e-02
1.062684339415402163e-01, 4.412774523103354385e-01, 3.554564975000413241e-01, 9.699761624808292404e-02
1.062672725569130949e-01, 4.412877166573962451e-01, 3.554399693428931806e-01, 9.700504144279734065e-02
1.062661157099138720e-01, 4.412979736648055540e-01, 3.554234452755735130e-01, 9.701246534970707491e-02
1.062649633909772962e-01, 4.413082233258169840e-01, 3.554069253219818147e-01, 9.701988796122400227e-02
1.062638155905372278e-01, 4.413184656336857081e-01, 3.553904095060171353e-01, 9.702730926975974834e-02
1.062626722990265005e-01, 4.413287005816686204e-01, 3.553738978515791347e-01, 9.703472926772566121e-02
1.062615335068769762e-01, 4.413389281630237249e-01, 3.553573903825665292e-01, 9.704214794753274198e-02
1.062603992045194762e-01, 4.413491483710104135e-01, 3.553408871228784793e-01, 9.704956530159168648e-02
1.062592693823838919e-01, 4.413593611988899656e-01, 3.553243880964131463e-01, 9.705698132231287134e-02
1.062581440308992681e-01, 4.413695666399247708e-01, 3.553078933270695239e-01, 9.706439600210649277e-02
1.062570231404934007e-01, 4.413797646873790503e-01, 3.552914028387452183e-01, 9.707180933338240003e-02
1.062559067015934194e-01, 4.413899553345183580e-01, 3.552749166553381688e-01, 9.707922130855015097e-02
1.062547947046253577e-01, 4.414001385746099126e-01, 3.552584348007456483e-01, 9.708663192001902587e-02
1.062536871400144023e-01, 4.414103144009224877e-01, 3.552419572988649854e-01, 9.709404116019812458e-02
1.062525839981847547e-01, 4.414204828067266884e-01, 3.552254841735923430e-01, 9.710144902149628332e-02
1.062514852695597145e-01, 4.414306437852941745e-01, 3.552090154488241058e-01, 9.710885549632197744e-02
1.062503909445616651e-01, 4.414407973298988819e-01, 3.551925511484557152e-01, 9.711626057708362680e-02
1.062493010136121019e-01, 4.414509434338162452e-01, 3.551760912963823347e-01, 9.712366425618929044e-02
1.062482154671315071e-01, 4.414610820903232535e-01, 3.551596359164985173e-01, 9.713106652604669433e-02
1.062471342955397108e-01, 4.414712132926985610e-01, 3.551431850326981499e-01, 9.713846737906366158e-02
1.062460574892554188e-01, 4.414813370342228205e-01, 3.551267386688743977e-01, 9.714586680764750182e-02
1.062449850386965877e-01, 4.414914533081780723e-01, 3.551102968489199263e-01, 9.715326480420544142e-02
1.062439169342803136e-01, 4.415015621078485220e-01, 3.550938595967266798e-01, 9.716066136114451246e-02
1.062428531664227072e-01, 4.415116634265199846e-01, 3.550774269361857693e-01, 9.716805647087151110e-02
1.062417937255391576e-01, 4.415217572574800520e-01, 3.550609988911877513e-01, 9.717545012579313635e-02
1.062407386020441380e-01, 4.415318435940182029e-01, 3.550445754856218494e-01, 9.718284231831576803e-02
1.062396877863513861e-01, 4.415419224294257483e-01, 3.550281567433771213e-01, 9.719023304084573045e-02
1.062386412688735987e-01, 4.415519937569962194e-01, 3.550117426883412919e-01, 9.719762228578904262e-02
1.062375990400228343e-01, 4.415620575700240913e-01, 3.549953333444013093e-01, 9.720501004555173741e-02
1.062365610902102631e-01, 4.415721138618066699e-01, 3.549789287354432332e-01, 9.721239631253962565e-02
1.062355274098462365e-01, 4.415821626256433152e-01, 3.549625288853520133e-01, 9.721978107915824063e-02
1.062344979893404123e-01, 4.415922038548345530e-01, 3.549461338180118219e-01, 9.722716433781322665e-02
1.062334728191014072e-01, 4.416022375426832958e-01, 3.549297435573055548e-01, 9.723454608090982554e-02
1.062324518895372966e-01, 4.416122636824944547e-01, 3.549133581271149973e-01, 9.724192630085329303e-02
1.062314351910552818e-01, 4.416222822675750503e-01, 3.548969775513208802e-01, 9.724930499004878770e-02
1.062304227140617591e-01, 4.416322932912341015e-01, 3.548806018538029905e-01, 9.725668214090130159e-02
1.062294144489623476e-01, 4.416422967467825145e-01, 3.548642310584395054e-01, 9.726405774581568797e-02
1.062284103861620699e-01, 4.416522926275332495e-01, 3.548478651891078250e-01, 9.727143179719677235e-02
1.062274105160649906e-01, 4.416622809268019867e-01, 3.548315042696837951e-01, 9.727880428744922758e-02
1.062264148290745502e-01, 4.416722616379057942e-01, 3.548151483240419846e-01, 9.728617520897765714e-02
1.062254233155933703e-01, 4.416822347541640714e-01, 3.547987973760557967e-01, 9.729354455418656733e-02
1.062244359660235310e-01, 4.416922002688987714e-01, 3.547824514495972470e-01, 9.730091231548050612e-02
1.062234527707660997e-01, 4.417021581754335124e-01, 3.547661105685366301e-01, 9.730827848526374391e-02
1.062224737202216857e-01, 4.417121084670943554e-01, 3.547497747567433524e-01, 9.731564305594062048e-02
1.062214988047900793e-01, 4.417220511372097480e-01, 3.547334440380848775e-01, 9.732300601991542011e-02
1.062205280148703496e-01, 4.417319861791101365e-01, 3.547171184364271701e-01, 9.733036736959231605e-02
1.062195613408609962e-01, 4.417419135861281876e-01, 3.547007979756351403e-01, 9.733772709737553708e-02
1.062185987731597003e-01, 4.417518333515991213e-01, 3.546844826795719219e-01, 9.734508519566921481e-02
1.062176403021635324e-01, 4.417617454688605449e-01, 3.546681725720985390e-01, 9.735244165687745310e-02
1.062166859182688688e-01, 4.417716499312520084e-01, 3.546518676770749612e-01, 9.735979647340431420e-02
1.062157356118714757e-01, 4.417815467321154488e-01, 3.546355680183591041e-01, 9.736714963765392972e-02
1.062147893733664111e-01, 4.417914358647956896e-01, 3.546192736198076068e-01, 9.737450114203029250e-02
1.062138471931481087e-01, 4.418013173226393309e-01, 3.546029845052749430e-01, 9.738185097893754805e-02
1.062129090616104193e-01, 4.418111910989959146e-01, 3.545867006986139769e-01, 9.738919914077970308e-02
1.062119749691465137e-01, 4.418210571872169257e-01, 3.545704222236756853e-01, 9.739654561996091697e-02
1.062110449061488548e-01, 4.418309155806566801e-01, 3.545541491043092130e-01, 9.740389040888525196e-02
1.062101188630094756e-01, 4.418407662726717700e-01, 3.545378813643618732e-01, 9.741123349995685354e-02
1.062091968301196315e-01, 4.418506092566214516e-01, 3.545216190276789803e-01, 9.741857488557992273e-02
1.062082787978701343e-01, 4.418604445258673130e-01, 3.545053621181040171e-01, 9.742591455815857726e-02
1.062073647566510043e-01, 4.418702720737738288e-01, 3.544891106594779129e-01, 9.743325251009718468e-02
1.062064546968519291e-01, 4.418800918937074718e-01, 3.544728646756406532e-01, 9.744058873379998764e-02
1.062055486088618467e-01, 4.418899039790377681e-01, 3.544566241904289483e-01, 9.744792322167136756e-02
1.062046464830691678e-01, 4.418997083231367973e-01, 3.544403892276783430e-01, 9.745525596611578911e-02
1.062037483098617063e-01, 4.419095049193789704e-01, 3.544241598112214953e-01, 9.746258695953778639e-02
1.062028540796268183e-01, 4.419192937611416405e-01, 3.544079359648895644e-01, 9.746991619434196286e-02
1.062019637827512630e-01, 4.419290748418050474e-01, 3.543917177125108786e-01, 9.747724366293296361e-02
1.062010774096212307e-01, 4.419388481547513181e-01, 3.543755050779119342e-01, 9.748456935771553089e-02
1.062001949506223980e-01, 4.419486136933659104e-01, 3.543592980849169516e-01, 9.749189327109467063e-02
1.061993163961400394e-01, 4.419583714510370576e-01, 3.543430967573474866e-01, 9.749921539547531935e-02
1.061984417365586936e-01, 4.419681214211556020e-01, 3.543269011190230966e-01, 9.750653572326260787e-02
1.061975709622626080e-01, 4.419778635971149949e-01, 3.543107111937607301e-01, 9.751385424686177805e-02
1.061967040636353360e-01, 4.419875979723114634e-01, 3.542945270053749485e-01, 9.752117095867821051e-02
1.061958410310601952e-01, 4.419973245401445094e-01, 3.542783485776777597e-01, 9.752848585111738300e-02
1.061949818549197122e-01, 4.420070432940162442e-01, 3.542621759344790622e-01, 9.753579891658499534e-02
1.061941265255962191e-01, 4.420167542273311656e-01, 3.542460090995857014e-01, 9.754311014748685837e-02
1.061932750334713543e-01, 4.420264573334974911e-01, 3.542298480968023022e-01, 9.755041953622888007e-02
1.061924273689265202e-01, 4.420361526059256585e-01, 3.542136929499306031e-01, 9.755772707521728759e-02
1.061915835223424254e-01, 4.420458400380292696e-01, 3.541975436827700108e-01, 9.756503275685829424e-02
1.061907434840996117e-01, 4.420555196232249240e-01, 3.541814003191170457e-01, 9.757233657355847412e-02
1.061899072445778441e-01, 4.420651913549321632e-01, 3.541652628827655636e-01, 9.757963851772441521e-02
1.061890747941568736e-01, 4.420748552265734710e-01, 3.541491313975066446e-01, 9.758693858176308022e-02
1.061882461232156460e-01, 4.420845112315741621e-01, 3.541330058871285380e-01, 9.759423675808151510e-02
1.061874212221329827e-01, 4.420941593633630484e-01, 3.541168863754168838e-01, 9.760153303908702949e-02
1.061866000812870942e-01, 4.421037996153717176e-01, 3.541007728861540471e-01, 9.760882741718708566e-02
1.061857826910559549e-01, 4.421134319810348101e-01, 3.540846654431200058e-01, 9.761611988478942348e-02
1.061849690418169984e-01, 4.421230564537896868e-01, 3.540685640700912407e-01, 9.762341043430200482e-02
1.061841591239474636e-01, 4.421326730270777605e-01, 3.540524687908417900e-01, 9.763069905813297200e-02
1.061833529278240484e-01, 4.421422816943426648e-01, 3.540363796291424170e-01, 9.763798574869091140e-02
1.061825504438231732e-01, 4.421518824490315858e-01, 3.540202966087607761e-01, 9.764527049838436779e-02
1.061817516623209251e-01, 4.421614752845949292e-01, 3.540042197534617463e-01, 9.765255329962234387e-02
1.061809565736929473e-01, 4.421710601944864316e-01, 3.539881490870065983e-01, 9.765983414481407832e-02
1.061801651683146469e-01, 4.421806371721624940e-01, 3.539720846331538273e-01, 9.766711302636907344e-02
1.061793774365610843e-01, 4.421902062110831255e-01, 3.539560264156587643e-01, 9.767438993669703973e-02
1.061785933688068617e-01, 4.421997673047118327e-01, 3.539399744582732432e-01, 9.768166486820811789e-02
1.061778129554264566e-01, 4.422093204465149530e-01, 3.539239287847458781e-01, 9.768893781331260129e-02
1.061770361867939994e-01, 4.422188656299624321e-01, 3.539078894188223412e-01, 9.769620876442124124e-02
1.061762630532831903e-01, 4.422284028485272689e-01, 3.538918563842445297e-01, 9.770347771394491398e-02
1.061754935452675769e-01, 4.422379320956862925e-01, 3.538758297047511214e-01, 9.771074465429499534e-02
1.061747276531203599e-01, 4.422474533649191075e-01, 3.538598094040775188e-01, 9.771800957788306929e-02
1.061739653672144623e-01, 4.422569666497090934e-01, 3.538437955059554607e-01, 9.772527247712108067e-02
1.061732066779226130e-01, 4.422664719435427383e-01, 3.538277880341132997e-01, 9.773253334442126572e-02
1.061724515756172077e-01, 4.422759692399104159e-01, 3.538117870122758912e-01, 9.773979217219642968e-02
1.061717000506703645e-01, 4.422854585323057197e-01, 3.537957924641645380e-01, 9.774704895285936390e-02
1.061709520934541046e-01, 4.422949398142255184e-01, 3.537798044134968234e-01, 9.775430367882356752e-02
1.061702076943400602e-01, 4.423044130791702888e-01, 3.537638228839868892e-01, 9.776155634250266457e-02
1.061694668436996697e-01, 4.423138783206444491e-01, 3.537478478993449915e-01, 9.776880693631083419e-02
1.061687295319042185e-01, 4.423233355321553595e-01, 3.537318794832778335e-01, 9.777605545266246367e-02
1.061679957493247561e-01, 4.423327847072143215e-01, 3.537159176594883436e-01, 9.778330188397257872e-02
1.061672654863321241e-01, 4.423422258393359119e-01, 3.536999624516757867e-01, 9.779054622265631602e-02
1.061665387332969418e-01, 4.423516589220385375e-01, 3.536840138835352643e-01, 9.779778846112940904e-02
1.061658154805896342e-01, 4.423610839488442692e-01, 3.536680719787582139e-01, 9.780502859180791042e-02
1.061650957185805710e-01, 4.423705009132786747e-01, 3.536521367610325206e-01, 9.781226660710841403e-02
1.061643794376398164e-01, 4.423799098088710413e-01, 3.536362082540413510e-01, 9.781950249944772191e-02
1.061636666281373237e-01, 4.423893106291545418e-01, 3.536202864814648184e-01, 9.782673626124341326e-02
1.061629572804429072e-01, 4.423987033676654579e-01, 3.536043714669784288e-01, 9.783396788491315055e-02
1.061622513849262289e-01, 4.424080880179447339e-01, 3.535884632342538025e-01, 9.784119736287527624e-02
1.061615489319568256e-01, 4.424174645735362565e-01, 3.535725618069584519e-01, 9.784842468754847977e-02
1.061608499119040122e-01, 4.424268330279881312e-01, 3.535566672087558371e-01, 9.785564985135199179e-02
1.061601543151371868e-01, 4.424361933748520159e-01, 3.535407794633052547e-01, 9.786287284670548703e-02
1.061594621320254145e-01, 4.424455456076834547e-01, 3.535248985942618383e-01, 9.787009366602911209e-02
1.061587733529378436e-01, 4.424548897200422659e-01, 3.535090246252764468e-01, 9.787731230174347152e-02
1.061580879682433864e-01, 4.424642257054913208e-01, 3.534931575799954984e-01, 9.788452874626975275e-02
1.061574059683109555e-01, 4.424735535575978762e-01, 3.534772974820615810e-01, 9.789174299202958729e-02
1.061567273435093245e-01, 4.424828732699331857e-01, 3.534614443551123419e-01, 9.789895503144509237e-02
1.061560520842072669e-01, 4.424921848360721111e-01, 3.534455982227817650e-01, 9.790616485693896809e-02
1.061553801807734454e-01, 4.425014882495936219e-01, 3.534297591086985046e-01, 9.791337246093434477e-02
1.061547116235764809e-01, 4.425107835040806847e-01, 3.534139270364877183e-01, 9.792057783585503272e-02
1.061540464029849806e-01, 4.425200705931203737e-01, 3.533981020297692899e-01, 9.792778097412528637e-02
1.061533845093674822e-01, 4.425293495103034824e-01, 3.533822841121591618e-01, 9.793498186816991524e-02
1.061527259330924816e-01, 4.425386202492249121e-01, 3.533664733072683362e-01, 9.794218051041429784e-02
1.061520706645284473e-01, 4.425478828034837830e-01, 3.533506696387033186e-01, 9.794937689328432617e-02
1.061514186940439725e-01, 4.425571371666833231e-01, 3.533348731300660628e-01, 9.795657100920657223e-02
1.061507700120074421e-01, 4.425663833324305907e-01, 3.533190838049537486e-01, 9.796376285060813538e-02
1.061501246087874356e-01, 4.425756212943369738e-01, 3.533033016869590037e-01, 9.797095240991665621e-02
1.061494824747523380e-01, 4.425848510460180241e-01, 3.532875267996692936e-01, 9.797813967956037207e-02
1.061488436002708396e-01, 4.425940725810931786e-01, 3.532717591666676982e-01, 9.798532465196825580e-02
1.061482079757113534e-01, 4.426032858931865932e-01, 3.532559988115323013e-01, 9.799250731956973826e-02
1.061475755914425695e-01, 4.426124909759261428e-01, 3.532402457578365240e-01, 9.799968767479488863e-02
1.061469464378331229e-01, 4.426216878229439211e-01, 3.532245000291483472e-01, 9.800686571007448389e-02
1.061463205052517178e-01, 4.426308764278769625e-01, 3.532087616490315884e-01, 9.801404141783985613e-02
1.061456977840671417e-01, 4.426400567843655209e-01, 3.531930306410444032e-01, 9.802121479052310071e-02
1.061450782646481544e-01, 4.426492288860550128e-01, 3.531773070287401173e-01, 9.802838582055670158e-02
1.061444619373638348e-01, 4.426583927265947405e-01, 3.531615908356672828e-01, 9.803555450037411412e-02
1.061438487925830537e-01, 4.426675482996387245e-01, 3.531458820853690117e-01, 9.804272082240925168e-02
1.061432388206750843e-01, 4.426766955988445384e-01, 3.531301808013836419e-01, 9.804988477909674927e-02
1.061426320120090333e-01, 4.426858346178751957e-01, 3.531144870072439046e-01, 9.805704636287194964e-02
1.061420283569542988e-01, 4.426949653503973736e-01, 3.530988007264775352e-01, 9.806420556617083395e-02
1.061414278458803762e-01, 4.427040877900823568e-01, 3.530831219826071066e-01, 9.807136238143020213e-02
1.061408304691567328e-01, 4.427132019306061483e-01, 3.530674507991497513e-01, 9.807851680108731207e-02
1.061402362171532943e-01, 4.427223077656488592e-01, 3.530517871996173840e-01, 9.808566881758042089e-02
1.061396450802398056e-01, 4.427314052888953189e-01, 3.530361312075166458e-01, 9.809281842334824364e-02
1.061390570487864699e-01, 4.427404944940347420e-01, 3.530204828463485156e-01, 9.809996561083045297e-02
1.061384721131633929e-01, 4.427495753747606733e-01, 3.530048421396086433e-01, 9.810711037246726274e-02
1.061378902637409860e-01, 4.427586479247719309e-01, 3.529892091107872387e-01, 9.811425270069977500e-02
1.061373114908898962e-01, 4.427677121377711633e-01, 3.529735837833691270e-01, 9.812139258796975794e-02
1.061367357849808679e-01, 4.427767680074659595e-01, 3.529579661808334157e-01, 9.812853002671978464e-02
1.061361631363848534e-01, 4.427858155275685159e-01, 3.529423563266534947e-01, 9.813566500939310822e-02
1.061355935354730967e-01, 4.427948546917954142e-01, 3.529267542442975913e-01, 9.814279752843389770e-02
1.061350269726169804e-01, 4.428038854938685653e-01, 3.529111599572276048e-01, 9.814992757628691888e-02
1.061344634381881646e-01, 4.428129079275135993e-01, 3.528955734889003271e-01, 9.815705514539793675e-02
1.061339029225584901e-01, 4.428219219864617529e-01, 3.528799948627664440e-01, 9.816418022821331302e-02
1.061333454161000750e-01, 4.428309276644485371e-01, 3.528644241022710903e-01, 9.817130281718039475e-02
1.061327909091853566e-01, 4.428399249552141814e-01, 3.528488612308533501e-01, 9.817842290474718125e-02
1.061322393921868834e-01, 4.428489138525039670e-01, 3.528333062719465341e-01, 9.818554048336257389e-02
1.061316908554776617e-01, 4.428578943500677823e-01, 3.528177592489782355e-01, 9.819265554547634833e-02
1.061311452894308643e-01, 4.428668664416602896e-01, 3.528022201853699413e-01, 9.819976808353902964e-02
1.061306026844198863e-01, 4.428758301210410364e-01, 3.527866891045370323e-01, 9.820687809000200330e-02
1.061300630308186221e-01, 4.428847853819745661e-01, 3.527711660298891161e-01, 9.821398555731758462e-02
1.061295263190010912e-01, 4.428937322182303626e-01, 3.527556509848297495e-01, 9.822109047793883829e-02
1.061289925393416600e-01, 4.429026706235824062e-01, 3.527401439927562166e-01, 9.822819284431975884e-02
1.061284616822151389e-01, 4.429116005918098953e-01, 3.527246450770596953e-01, 9.823529264891524282e-02
1.061279337379964632e-01, 4.429205221166971351e-01, 3.527091542611253683e-01, 9.824238988418096397e-02
1.061274086970611930e-01, 4.429294351920329276e-01, 3.526936715683322565e-01, 9.824948454257365071e-02
1.061268865497849712e-01, 4.429383398116116810e-01, 3.526781970220526641e-01, 9.825657661655080866e-02
1.061263672865438851e-01, 4.429472359692321892e-01, 3.526627306456530664e-01, 9.826366609857084544e-02
1.061258508977144799e-01, 4.429561236586989081e-01, 3.526472724624934996e-01, 9.827075298109322343e-02
1.061253373736735367e-01, 4.429650028738207346e-01, 3.526318224959276715e-01, 9.827783725657811276e-02
1.061248267047983224e-01, 4.429738736084121720e-01, 3.526163807693027397e-01, 9.828491891748682152e-02
1.061243188814664923e-01, 4.429827358562922757e-01, 3.526009473059596444e-01, 9.829199795628149050e-02
1.061238138940561043e-01, 4.429915896112860962e-01, 3.525855221292325536e-01, 9.829907436542523191e-02
1.061233117329455217e-01, 4.430004348672229031e-01, 3.525701052624495291e-01, 9.830614813738215718e-02
1.061228123885136349e-01, 4.430092716179374612e-01, 3.525546967289316380e-01, 9.831321926461721039e-02
1.061223158511397646e-01, 4.430180998572701978e-01, 3.525392965519935640e-01, 9.832028773959648749e-02
1.061218221112036064e-01, 4.430269195790658698e-01, 3.525239047549435512e-01, 9.832735355478697259e-02
1.061213311590854108e-01, 4.430357307771753961e-01, 3.525085213610827384e-01, 9.833441670265659351e-02
1.061208429851657337e-01, 4.430445334454541362e-01, 3.524931463937058251e-01, 9.834147717567433278e-02
1.061203575798257415e-01, 4.430533275777632229e-01, 3.524777798761007941e-01, 9.834853496631024150e-02
1.061198749334469754e-01, 4.430621131679688962e-01, 3.524624218315487445e-01, 9.835559006703521734e-02
1.061193950364115596e-01, 4.430708902099430579e-01, 3.524470722833240033e-01, 9.836264247032139307e-02
1.061189178791019233e-01, 4.430796586975623841e-01, 3.524317312546938474e-01, 9.836969216864178966e-02
1.061184434519012454e-01, 4.430884186247094347e-01, 3.524163987689190036e-01, 9.837673915447044115e-02
1.061179717451930099e-01, 4.430971699852717660e-01, 3.524010748492529266e-01, 9.838378342028247792e-02
1.061175027493612699e-01, 4.431059127731426517e-01, 3.523857595189419656e-01, 9.839082495855412669e-02
1.061170364547907169e-01, 4.431146469822205280e-01, 3.523704528012261417e-01, 9.839786376176264115e-02
1.061165728518664447e-01, 4.431233726064096046e-01, 3.523551547193375932e-01, 9.840489982238632971e-02
1.061161119309741718e-01, 4.431320896396191977e-01, 3.523398652965018529e-01, 9.841193313290463873e-02
1.061156536825001023e-01, 4.431407980757646192e-01, 3.523245845559372924e-01, 9.841896368579804155e-02
1.061151980968310787e-01, 4.431494979087661212e-01, 3.523093125208547893e-01, 9.842599147354803846e-02
1.061147451643544709e-01, 4.431581891325498401e-01, 3.522940492144582825e-01, 9.843301648863743425e-02
1.061142948754582038e-01, 4.431668717410475189e-01, 3.522787946599443276e-01, 9.844003872354996354e-02
1.061138472205309380e-01, 4.431755457281961186e-01, 3.522635488805023751e-01, 9.844705817077062382e-02
1.061134021899616808e-01, 4.431842110879388730e-01, 3.522483118993140483e-01, 9.845407482278535627e-02
1.061129597741402308e-01, 4.431928678142239009e-01, 3.522330837395543646e-01, 9.846108867208146209e-02
1.061125199634570387e-01, 4.432015159010056493e-01, 3.522178644243901258e-01, 9.846809971114722781e-02
1.061120827483030410e-01, 4.432101553422436169e-01, 3.522026539769812503e-01, 9.847510793247211958e-02
1.061116481190698679e-01, 4.432187861319034639e-01, 3.521874524204798851e-01, 9.848211332854678313e-02
1.061112160661498577e-01, 4.432274082639563462e-01, 3.521722597780306274e-01, 9.848911589186309934e-02
1.061107865799358757e-01, 4.432360217323793039e-01, 3.521570760727708582e-01, 9.849611561491400380e-02
1.061103596508215785e-01, 4.432446265311549283e-01, 3.521419013278297427e-01, 9.850311249019373661e-02
1.061099352692012193e-01, 4.432532226542718612e-01, 3.521267355663293408e-01, 9.851010651019767583e-02
1.061095134254697314e-01, 4.432618100957240737e-01, 3.521115788113837186e-01, 9.851709766742240693e-02
1.061090941100227558e-01, 4.432703888495123090e-01, 3.520964310860992263e-01, 9.852408595436563943e-02
1.061086773132566691e-01, 4.432789589096420846e-01, 3.520812924135747202e-01, 9.853107136352652617e-02
1.061082630255685277e-01, 4.432875202701254680e-01, 3.520661628169008406e-01, 9.853805388740519144e-02
1.061078512373559851e-01, 4.432960729249801335e-01, 3.520510423191606231e-01, 9.854503351850317505e-02
1.061074419390176660e-01, 4.433046168682297505e-01, 3.520359309434293871e-01, 9.855201024932326581e-02
1.061070351209527224e-01, 4.433131520939040393e-01, 3.520208287127738478e-01, 9.855898407236932113e-02
1.061066307735611530e-01, 4.433216785960385486e-01, 3.520057356502536150e-01, 9.856595498014666945e-02
1.061062288872436643e-01, 4.433301963686748226e-01, 3.519906517789196387e-01, 9.857292296516188823e-02
1.061058294524017537e-01, 4.433387054058605670e-01, 3.519755771218152085e-01, 9.857988801992256800e-02
1.061054324594376819e-01, 4.433472057016490386e-01, 3.519605117019752316e-01, 9.858685013693800625e-02
1.061050378987545006e-01, 4.433556972501003224e-01, 3.519454555424267328e-01, 9.859380930871844417e-02
1.061046457607560667e-01, 4.433641800452798321e-01, 3.519304086661885211e-01, 9.860076552777567727e-02
1.061042560358469306e-01, 4.433726540812595318e-01, 3.519153710962709680e-01, 9.860771878662258350e-02
1.061038687144325865e-01, 4.433811193521172700e-01, 3.519003428556766178e-01, 9.861466907777355351e-02
1.061034837869192921e-01, 4.433895758519371677e-01, 3.518853239673992994e-01, 9.862161639374419919e-02
1.061031012437141791e-01, 4.433980235748096188e-01, 3.518703144544248484e-01, 9.862856072705154797e-02
1.061027210752250594e-01, 4.434064625148307348e-01, 3.518553143397304406e-01, 9.863550207021387628e-02
1.061023432718607717e-01, 4.434148926661033441e-01, 3.518403236462850914e-01, 9.864244041575090383e-02
1.061019678240309599e-01, 4.434233140227361036e-01, 3.518253423970492677e-01, 9.864937575618366872e-02
1.061015947221460309e-01, 4.434317265788443319e-01, 3.518103706149748877e-01, 9.865630808403463847e-02
1.061012239566174326e-01, 4.434401303285494533e-01, 3.517954083230055429e-01, 9.866323739182754349e-02
1.061008555178573759e-01, 4.434485252659789434e-01, 3.517804555440761649e-01, 9.867016367208765459e-02
1.061004893962789603e-01, 4.434569113852668276e-01, 3.517655123011128038e-01, 9.867708691734149162e-02
1.061001255822962702e-01, 4.434652886805532379e-01, 3.517505786170333493e-01, 9.868400712011711484e-02
1.060997640663242508e-01, 4.434736571459851895e-01, 3.517356545147465874e-01, 9.869092427294384740e-02
1.060994048387787630e-01, 4.434820167757156373e-01, 3.517207400171528664e-01, 9.869783836835262225e-02
1.060990478900765976e-01, 4.434903675639039755e-01, 3.517058351471438193e-01, 9.870474939887567689e-02
1.060986932106354752e-01, 4.434987095047160932e-01, 3.516909399276017534e-01, 9.871165735704674760e-02
1.060983407908740739e-01, 4.435070425923241522e-01, 3.516760543814008155e-01, 9.871856223540087516e-02
1.060979906212120571e-01, 4.435153668209074751e-01, 3.516611785314057159e-01, 9.872546402647479347e-02
1.060976426920701154e-01, 4.435236821846507693e-01, 3.516463124004726715e-01, 9.873236272280654091e-02
1.060972969938696470e-01, 4.435319886777460141e-01, 3.516314560114486287e-01, 9.873925831693569632e-02
1.060969535170333822e-01, 4.435402862943917945e-01, 3.516166093871716525e-01, 9.874615080140325407e-02
1.060966122519847732e-01, 4.435485750287928575e-01, 3.516017725504706481e-01, 9.875304016875179058e-02
1.060962731891484379e-01, 4.435568548751604445e-01, 3.515869455241656394e-01, 9.875992641152532558e-02
1.060959363189499793e-01, 4.435651258277132358e-01, 3.515721283310674905e-01, 9.876680952226941923e-02
1.060956016318159445e-01, 4.435733878806753516e-01, 3.515573209939777399e-01, 9.877368949353107497e-02
1.060952691181740043e-01, 4.435816410282782951e-01, 3.515425235356887668e-01, 9.878056631785891994e-02
1.060949387684528011e-01, 4.435898852647602864e-01, 3.515277359789837908e-01, 9.878743998780310787e-02
1.060946105730820738e-01, 4.435981205843659847e-01, 3.515129583466367613e-01, 9.879431049591524960e-02
1.060942845224926434e-01, 4.436063469813466553e-01, 3.514981906614120244e-01, 9.880117783474857973e-02
1.060939606071163721e-01, 4.436145644499606133e-01, 3.514834329460650997e-01, 9.880804199685792877e-02
1.060936388173861489e-01, 4.436227729844726686e-01, 3.514686852233416259e-01, 9.881490297479959828e-02
1.060933191437360007e-01, 4.436309725791546255e-01, 3.514539475159778603e-01, 9.882176076113152741e-02
1.060930015766010648e-01, 4.436391632282849495e-01, 3.514392198467008455e-01, 9.882861534841323736e-02
1.060926861064175886e-01, 4.436473449261488233e-01, 3.514245022382276873e-01, 9.883546672920584530e-02
1.060923727236228603e-01, 4.436555176670388123e-01, 3.514097947132663879e-01, 9.884231489607206433e-02
1.060920614186554312e-01, 4.436636814452533661e-01, 3.513950972945149576e-01, 9.884915984157624513e-02
1.060917521819548376e-01, 4.436718362550988171e-01, 3.513804100046620249e-01, 9.885600155828432045e-02
1.060914450039618928e-01, 4.436799820908881586e-01, 3.513657328663862822e-01, 9.886284003876384674e-02
1.060911398751184925e-01, 4.436881189469406017e-01, 3.513510659023568183e-01, 9.886967527558410129e-02
1.060908367858677120e-01, 4.436962468175832952e-01, 3.513364091352330632e-01, 9.887650726131599899e-02
1.060905357266537091e-01, 4.437043656971498273e-01, 3.513217625876645100e-01, 9.888333598853195350e-02
1.060902366879220293e-01, 4.437124755799810027e-01, 3.513071262822907159e-01, 9.889016144980630751e-02
1.060899396601192729e-01, 4.437205764604241764e-01, 3.512925002417416898e-01, 9.889698363771481926e-02
1.060896446336932059e-01, 4.437286683328346970e-01, 3.512778844886370044e-01, 9.890380254483509270e-02
1.060893515990929820e-01, 4.437367511915739082e-01, 3.512632790455866849e-01, 9.891061816374636939e-02
1.060890605467687403e-01, 4.437448250310110365e-01, 3.512486839351905976e-01, 9.891743048702959784e-02
1.060887714671720217e-01, 4.437528898455219140e-01, 3.512340991800386170e-01, 9.892423950726746129e-02
1.060884843507555741e-01, 4.437609456294899224e-01, 3.512195248027102368e-01, 9.893104521704432219e-02
1.060881991879733255e-01, 4.437689923773052159e-01, 3.512049608257751254e-01, 9.893784760894630548e-02
1.060879159692805496e-01, 4.437770300833652204e-01, 3.511904072717929592e-01, 9.894464667556121529e-02
1.060876346851337276e-01, 4.437850587420749116e-01, 3.511758641633125899e-01, 9.895144240947867376e-02
1.060873553259907287e-01, 4.437930783478459262e-01, 3.511613315228732102e-01, 9.895823480329006550e-02
1.060870778823105459e-01, 4.438010888950975619e-01, 3.511468093730032991e-01, 9.896502384958841270e-02
1.060868023445535879e-01, 4.438090903782563879e-01, 3.511322977362214548e-01, 9.897180954096866656e-02
1.060865287031815263e-01, 4.438170827917558570e-01, 3.511177966350352286e-01, 9.897859187002747139e-02
1.060862569486573925e-01, 4.438250661300369160e-01, 3.511033060919424020e-01, 9.898537082936331721e-02
1.060859870714454672e-01, 4.438330403875484498e-01, 3.510888261294298207e-01, 9.899214641157635941e-02
1.060857190620114465e-01, 4.438410055587454495e-01, 3.510743567699743939e-01, 9.899891860926869624e-02
1.060854529108222755e-01, 4.438489616380916214e-01, 3.510598980360419841e-01, 9.900568741504425785e-02
1.060851886083464535e-01, 4.438569086200568892e-01, 3.510454499500880732e-01, 9.901245282150869520e-02
1.060849261450535347e-01, 4.438648464991196141e-01, 3.510310125345572629e-01, 9.901921482126950502e-02
1.060846655114147941e-01, 4.438727752697649298e-01, 3.510165858118841631e-01, 9.902597340693615469e-02
1.060844066979026029e-01, 4.438806949264856305e-01, 3.510021698044918925e-01, 9.903272857111980465e-02
1.060841496949909285e-01, 4.438886054637820600e-01, 3.509877645347934672e-01, 9.903948030643361378e-02
1.060838944931549593e-01, 4.438965068761619448e-01, 3.509733700251906341e-01, 9.904622860549247565e-02
1.060836410828715076e-01, 4.439043991581406723e-01, 3.509589862980745378e-01, 9.905297346091325450e-02
1.060833894546186068e-01, 4.439122823042411237e-01, 3.509446133758254982e-01, 9.905971486531467418e-02
1.060831395988758863e-01, 4.439201563089936187e-01, 3.509302512808129548e-01, 9.906645281131740144e-02
1.060828915061243494e-01, 4.439280211669366372e-01, 3.509159000353953561e-01, 9.907318729154390713e-02
1.060826451668463594e-01, 4.439358768726151538e-01, 3.509015596619198818e-01, 9.907991829861867439e-02
1.060824005715259033e-01, 4.439437234205829697e-01, 3.508872301827232199e-01, 9.908664582516805985e-02
1.060821577106483837e-01, 4.439515608054008244e-01, 3.508729116201304565e-01, 9.909336986382037693e-02
1.060819165747006187e-01, 4.439593890216375072e-01, 3.508586039964560754e-01, 9.910009040720584028e-02
1.060816771541710085e-01, 4.439672080638693563e-01, 3.508443073340030138e-01, 9.910680744795669073e-02
1.060814394395494381e-01, 4.439750179266802599e-01, 3.508300216550633288e-01, 9.911352097870705646e-02
1.060812034213272081e-01, 4.439828186046621550e-01, 3.508157469819175311e-01, 9.912023099209309185e-02
1.060809690899972846e-01, 4.439906100924148613e-01, 3.508014833368349183e-01, 9.912693748075279698e-02
1.060807364360540628e-01, 4.439983923845455815e-01, 3.507872307420739633e-01, 9.913364043732642017e-02
1.060805054499934647e-01, 4.440061654756695120e-01, 3.507729892198810373e-01, 9.914033985445594443e-02
1.060802761223131330e-01, 4.440139293604097870e-01, 3.507587587924917427e-01, 9.914703572478550386e-02
1.060800484435119873e-01, 4.440216840333970905e-01, 3.507445394821297469e-01, 9.915372804096111992e-02
1.060798224040907650e-01, 4.440294294892704885e-01, 3.507303313110076703e-01, 9.916041679563100675e-02
1.060795979945516887e-01, 4.440371657226765412e-01, 3.507161343013263100e-01, 9.916710198144532140e-02
1.060793752053985350e-01, 4.440448927282699687e-01, 3.507019484752752492e-01, 9.917378359105621932e-02
1.060791540271367600e-01, 4.440526105007133184e-01, 3.506877738550319146e-01, 9.918046161711800701e-02
1.060789344502733461e-01, 4.440603190346770202e-01, 3.506736104627626860e-01, 9.918713605228693386e-02
1.060787164653169828e-01, 4.440680183248396640e-01, 3.506594583206219529e-01, 9.919380688922140032e-02
1.060785000627778862e-01, 4.440757083658877225e-01, 3.506453174507525028e-01, 9.920047412058193015e-02
1.060782852331679238e-01, 4.440833891525158839e-01, 3.506311878752852440e-01, 9.920713773903094834e-02
1.060780719670007949e-01, 4.440910606794267190e-01, 3.506170696163392608e-01, 9.921379773723316975e-02
1.060778602547916144e-01, 4.440987229413310144e-01, 3.506029626960220358e-01, 9.922045410785533537e-02
1.060776500870572597e-01, 4.441063759329475502e-01, 3.505888671364290055e-01, 9.922710684356630950e-02
1.060774414543163152e-01, 4.441140196490031555e-01, 3.505747829596434495e-01, 9.923375593703702424e-02
1.060772343470890167e-01, 4.441216540842330973e-01, 3.505607101877372678e-01, 9.924040138094061825e-02
1.060770287558973346e-01, 4.441292792333805806e-01, 3.505466488427697036e-01, 9.924704316795240899e-02
1.060768246712649188e-01, 4.441368950911970259e-01, 3.505325989467883985e-01, 9.925368129074969847e-02
1.060766220837170565e-01, 4.441445016524419587e-01, 3.505185605218288369e-01, 9.926031574201213403e-02
1.060764209837809224e-01, 4.441520989118835083e-01, 3.505045335899141246e-01, 9.926694651442138917e-02
1.060762213619853983e-01, 4.441596868642975204e-01, 3.504905181730554875e-01, 9.927357360066145497e-02
1.060760232088609339e-01, 4.441672655044687223e-01, 3.504765142932518840e-01, 9.928019699341834869e-02
1.060758265149399776e-01, 4.441748348271898350e-01, 3.504625219724897822e-01, 9.928681668538046068e-02
1.060756312707566013e-01, 4.441823948272614619e-01, 3.504485412327436600e-01, 9.929343266923817968e-02
1.060754374668466671e-01, 4.441899454994934215e-01, 3.504345720959756716e-01, 9.930004493768432305e-02
1.060752450937478136e-01, 4.441974868387033593e-01, 3.504206145841350928e-01, 9.930665348341374821e-02
1.060750541419996362e-01, 4.442050188397171362e-01, 3.504066687191594864e-01, 9.931325829912369951e-02
1.060748646021432290e-01, 4.442125414973697728e-01, 3.503927345229734813e-01, 9.931985937751358628e-02
1.060746764647218093e-01, 4.442200548065038390e-01, 3.503788120174893828e-01, 9.932645671128506604e-02
1.060744897202802461e-01, 4.442275587619709531e-01, 3.503649012246069505e-01, 9.933305029314198897e-02
1.060743043593652957e-01, 4.442350533586307826e-01, 3.503510021662131768e-01, 9.933964011579067555e-02
1.060741203725255322e-01, 4.442425385913519875e-01, 3.503371148641828414e-01, 9.934622617193959726e-02
1.060739377503114866e-01, 4.442500144550113328e-01, 3.503232393403777345e-01, 9.935280845429944607e-02
1.060737564832753693e-01, 4.442574809444943540e-01, 3.503093756166468786e-01, 9.935938695558332867e-02
1.060735765619714860e-01, 4.442649380546950799e-01, 3.502955237148269174e-01, 9.936596166850662770e-02
1.060733979769558077e-01, 4.442723857805159215e-01, 3.502816836567412273e-01, 9.937253258578701565e-02
1.060732207187864012e-01, 4.442798241168681717e-01, 3.502678554642009168e-01, 9.937909970014451033e-02
1.060730447780231372e-01, 4.442872530586716717e-01, 3.502540391590036606e-01, 9.938566300430146105e-02
1.060728701452278294e-01, 4.442946726008548120e-01, 3.502402347629346435e-01, 9.939222249098259021e-02
1.060726968109641372e-01, 4.443020827383550309e-01, 3.502264422977659497e-01, 9.939877815291492391e-02
1.060725247657978432e-01, 4.443094834661178161e-01, 3.502126617852566182e-01, 9.940532998282784749e-02
1.060723540002964510e-01, 4.443168747790978146e-01, 3.501988932471526983e-01, 9.941187797345320265e-02
1.060721845050295598e-01, 4.443242566722582776e-01, 3.501851367051871389e-01, 9.941842211752509317e-02
1.060720162705686975e-01, 4.443316291405713381e-01, 3.501713921810798436e-01, 9.942496240778009309e-02
1.060718492874874463e-01, 4.443389921790177888e-01, 3.501576596965376154e-01, 9.943149883695717728e-02
1.060716835463612617e-01, 4.443463457825871932e-01, 3.501439392732538791e-01, 9.943803139779773537e-02
1.060715190377675560e-01, 4.443536899462780521e-01, 3.501302309329087925e-01, 9.944456008304544681e-02
1.060713557522859618e-01, 4.443610246650976925e-01, 3.501165346971696346e-01, 9.945108488544662784e-02
1.060711936804979716e-01, 4.443683499340621568e-01, 3.501028505876900287e-01, 9.945760579774988452e-02
1.060710328129870622e-01, 4.443756657481967021e-01, 3.500891786261099980e-01, 9.946412281270632094e-02
1.060708731403388894e-01, 4.443829721025348012e-01, 3.500755188340567425e-01, 9.947063592306945590e-02
1.060707146531410655e-01, 4.443902689921198634e-01, 3.500618712331438065e-01, 9.947714512159534783e-02
1.060705573419832709e-01, 4.443975564120034583e-01, 3.500482358449708009e-01, 9.948365040104252544e-02
1.060704011974572258e-01, 4.444048343572465365e-01, 3.500346126911244027e-01, 9.949015175417184886e-02
1.060702462101568294e-01, 4.444121028229186532e-01, 3.500210017931775774e-01, 9.949664917374682893e-02
1.060700923706779653e-01, 4.444193618040990779e-01, 3.500074031726894130e-01, 9.950314265253357160e-02
1.060699396696186403e-01, 4.444266112958751291e-01, 3.499938168512057857e-01, 9.950963218330033389e-02
1.060697880975790680e-01, 4.444338512933441177e-01, 3.499802428502585272e-01, 9.951611775881827326e-02
1.060696376451613909e-01, 4.444410817916120138e-01, 3.499666811913657583e-01, 9.952259937186092031e-02
1.060694883029699720e-01, 4.444483027857937252e-01, 3.499531318960319437e-01, 9.952907701520430361e-02
1.060693400616114640e-01, 4.444555142710138185e-01, 3.499395949857477817e-01, 9.953555068162706077e-02
1.060691929116943238e-01, 4.444627162424052425e-01, 3.499260704819899259e-01, 9.954202036391036901e-02
1.060690468438296036e-01, 4.444699086951109934e-01, 3.499125584062214855e-01, 9.954848605483801460e-02
1.060689018486300761e-01, 4.444770916242826164e-01, 3.498990587798910257e-01, 9.955494774719630957e-02
1.060687579167110262e-01, 4.444842650250810379e-01, 3.498855716244336778e-01, 9.956140543377416108e-02
1.060686150386897647e-01, 4.444914288926765100e-01, 3.498720969612705289e-01, 9.956785910736316858e-02
1.060684732051858231e-01, 4.444985832222486666e-01, 3.498586348118080669e-01, 9.957430876075729076e-02
1.060683324068211475e-01, 4.445057280089859120e-01, 3.498451851974396232e-01, 9.958075438675345614e-02
1.060681926342194742e-01, 4.445128632480864761e-01, 3.498317481395432083e-01, 9.958719597815089697e-02
1.060680538780070931e-01, 4.445199889347576927e-01, 3.498183236594834544e-01, 9.959363352775162104e-02
1.060679161288125422e-01, 4.445271050642162214e-01, 3.498049117786107276e-01, 9.960006702836037007e-02
1.060677793772664690e-01, 4.445342116316882142e-01, 3.497915125182609608e-01, 9.960649647278432828e-02
1.060676436140018386e-01, 4.445413086324089824e-01, 3.497781258997556542e-01, 9.961292185383352482e-02
1.060675088296538920e-01, 4.445483960616233854e-01, 3.497647519444019859e-01, 9.961934316432057013e-02
1.060673750148601047e-01, 4.445554739145859968e-01, 3.497513906734931455e-01, 9.962576039706076692e-02
1.060672421602602972e-01, 4.445625421865603277e-01, 3.497380421083072788e-01, 9.963217354487211019e-02
1.060671102564966356e-01, 4.445696008728193815e-01, 3.497247062701085429e-01, 9.963858260057532890e-02
1.060669792942135342e-01, 4.445766499686461537e-01, 3.497113831801464401e-01, 9.964498755699394139e-02
1.060668492640576277e-01, 4.445836894693326879e-01, 3.496980728596556509e-01, 9.965138840695386691e-02
1.060667201566781320e-01, 4.445907193701811311e-01, 3.496847753298567563e-01, 9.965778514328413329e-02
1.060665919627263865e-01, 4.445977396665021786e-01, 3.496714906119552380e-01, 9.966417775881629415e-02
1.060664646728561172e-01, 4.446047503536170176e-01, 3.496582187271420339e-01, 9.967056624638467865e-02
1.060663382777235902e-01, 4.446117514268563276e-01, 3.496449596965937046e-01, 9.967695059882648867e-02
1.060662127679871530e-01, 4.446187428815600029e-01, 3.496317135414713784e-01, 9.968333080898150733e-02
1.060660881343077760e-01, 4.446257247130775969e-01, 3.496184802829220284e-01, 9.968970686969244599e-02
1.060659643673487751e-01, 4.446326969167689880e-01, 3.496052599420775286e-01, 9.969607877380473604e-02
1.060658414577757697e-01, 4.446396594880031028e-01, 3.495920525400545431e-01, 9.970244651416662607e-02
1.060657193962568634e-01, 4.446466124221585825e-01, 3.495788580979554694e-01, 9.970881008362915410e-02
1.060655981734626163e-01, 4.446535557146240047e-01, 3.495656766368672175e-01, 9.971516947504613371e-02
1.060654777800659893e-01, 4.446604893607978837e-01, 3.495525081778618204e-01, 9.972152468127432057e-02
1.060653582067423301e-01, 4.446674133560882813e-01, 3.495393527419962121e-01, 9.972787569517320427e-02
1.060652394441695262e-01, 4.446743276959128632e-01, 3.495262103503123940e-01, 9.973422250960513324e-02
1.060651214830279354e-01, 4.446812323756994534e-01, 3.495130810238372132e-01, 9.974056511743535636e-02
1.060650043140003440e-01, 4.446881273908854793e-01, 3.494999647835821954e-01, 9.974690351153189805e-02
1.060648879277719947e-01, 4.446950127369184158e-01, 3.494868616505438230e-01, 9.975323768476578035e-02
1.060647723150307531e-01, 4.447018884092552304e-01, 3.494737716457031462e-01, 9.975956763001077310e-02
1.060646574664668440e-01, 4.447087544033634376e-01, 3.494606947900260052e-01, 9.976589334014369925e-02
1.060645433727730874e-01, 4.447156107147199333e-01, 3.494476311044629191e-01, 9.977221480804410181e-02
1.060644300246448013e-01, 4.447224573388118274e-01, 3.494345806099488638e-01, 9.977853202659449361e-02
1.060643174127798710e-01, 4.447292942711358887e-01, 3.494215433274037164e-01, 9.978484498868039898e-02
1.060642055278787771e-01, 4.447361215071993779e-01, 3.494085192777315885e-01, 9.979115368719015944e-02
1.060640943606444841e-01, 4.447429390425190476e-01, 3.493955084818212709e-01, 9.979745811501518349e-02
1.060639839017824132e-01, 4.447497468726220315e-01, 3.493825109605459556e-01, 9.980375826504969683e-02
1.060638741420008579e-01, 4.447565449930451775e-01, 3.493695267347630695e-01, 9.981005413019096439e-02
1.060637650720104436e-01, 4.447633333993357696e-01, 3.493565558253146630e-01, 9.981634570333905443e-02
1.060636566825245014e-01, 4.447701120870511948e-01, 3.493435982530270212e-01, 9.982263297739733809e-02
1.060635489642589857e-01, 4.447768810517583882e-01, 3.493306540387106640e-01, 9.982891594527183721e-02
1.060634419079325014e-01, 4.447836402890349983e-01, 3.493177232031606239e-01, 9.983519459987184874e-02
1.060633355042660680e-01, 4.447903897944688323e-01, 3.493048057671556128e-01, 9.984146893410950074e-02
1.060632297439836613e-01, 4.447971295636573563e-01, 3.492919017514591329e-01, 9.984773894089993274e-02
1.060631246178116716e-01, 4.448038595922086946e-01, 3.492790111768182548e-01, 9.985400461316142062e-02
1.060630201164792785e-01, 4.448105798757410190e-01, 3.492661340639645062e-01, 9.986026594381519628e-02
1.060629162307182710e-01, 4.448172904098829372e-01, 3.492532704336132054e-01, 9.986652292578557244e-02
1.060628129512631440e-01, 4.448239911902729937e-01, 3.492404203064640167e-01, 9.987277555199991497e-02
1.060627102688510848e-01, 4.448306822125602800e-01, 3.492275837032001173e-01, 9.987902381538861507e-02
1.060626081742219728e-01, 4.448373634724039349e-01, 3.492147606444889751e-01, 9.988526770888517259e-02
1.060625066581184911e-01, 4.448440349654737558e-01, 3.492019511509816820e-01, 9.989150722542619598e-02
1.060624057112858343e-01, 4.448506966874496427e-01, 3.491891552433132317e-01, 9.989774235795129131e-02
1.060623053244721947e-01, 4.448573486340218208e-01, 3.491763729421027418e-01, 9.990397309940332593e-02
1.060622054884283183e-01, 4.448639908008912847e-01, 3.491636042679523433e-01, 9.991019944272810926e-02
1.060621061939077819e-01, 4.448706231837688541e-01, 3.491508492414486242e-01, 9.991642138087473979e-02
1.060620074316668965e-01, 4.448772457783762846e-01, 3.491381078831615192e-01, 9.992263890679525806e-02
1.060619091924648871e-01, 4.448838585804455459e-01, 3.491253802136445872e-01, 9.992885201344507695e-02
1.060618114670634771e-01, 4.448904615857191547e-01, 3.491126662534350111e-01, 9.993506069378253753e-02
1.060617142462274981e-01, 4.448970547899498418e-01, 3.490999660230533763e-01, 9.994126494076924216e-02
1.060616175207243911e-01, 4.449036381889014402e-01, 3.490872795430041697e-01, 9.994746474737002673e-02
1.060615212813244695e-01, 4.449102117783477195e-01, 3.490746068337749475e-01, 9.995366010655279410e-02
1.060614255188009752e-01, 4.449167755540733848e-01, 3.490619479158368899e-01, 9.995985101128876393e-02
1.060613302239298422e-01, 4.449233295118735776e-01, 3.490493028096444128e-01, 9.996603745455218126e-02
1.060612353874898495e-01, 4.449298736475541527e-01, 3.490366715356353899e-01, 9.997221942932067729e-02
1.060611410002628291e-01, 4.449364079569312347e-01, 3.490240541142309860e-01, 9.997839692857497795e-02
1.060610470530332639e-01, 4.449429324358319948e-01, 3.490114505658356570e-01, 9.998456994529912600e-02
1.060609535365886202e-01, 4.449494470800940960e-01, 3.489988609108369277e-01, 9.999073847248032831e-02
1.060608604417192929e-01, 4.449559518855659701e-01, 3.489862851696056145e-01, 9.999690250310910855e-02
1.060607677592184939e-01, 4.449624468481063744e-01, 3.489737233624958246e-01, 1.000030620301792378e-01
1.060606754798824464e-01, 4.449689319635853901e-01, 3.489611755098444568e-01, 1.000092170466877484e-01
1.060605835945101078e-01, 4.449754072278835904e-01, 3.489486416319714790e-01, 1.000153675456348507e-01
1.060604920939036411e-01, 4.449818726368918176e-01, 3.489361217491803169e-01, 1.000215135200242106e-01
1.060604009688679294e-01, 4.449883281865125717e-01, 3.489236158817567435e-01, 1.000276549628627137e-01
1.060603102102109785e-01, 4.449947738726586222e-01, 3.489111240499698230e-01, 1.000337918671605208e-01
1.060602198087435971e-01, 4.450012096912535631e-01, 3.488986462740715777e-01, 1.000399242259311372e-01
1.060601297552797029e-01, 4.450076356382320353e-01, 3.488861825742967659e-01, 1.000460520321914959e-01
1.060600400406360722e-01, 4.450140517095396153e-01, 3.488737329708626600e-01, 1.000521752789615970e-01
1.060599506556326316e-01, 4.450204579011323713e-01, 3.488612974839698788e-01, 1.000582939592651738e-01
1.060598615910921666e-01, 4.450268542089775847e-01, 3.488488761338012778e-01, 1.000644080661289154e-01
1.060597728378406129e-01, 4.450332406290533616e-01, 3.488364689405227814e-01, 1.000705175925832163e-01
1.060596843867069039e-01, 4.450396171573489656e-01, 3.488240759242826061e-01, 1.000766225316616215e-01
1.060595962285228455e-01, 4.450459837898642079e-01, 3.488116971052117599e-01, 1.000827228764011173e-01
1.060595083541235883e-01, 4.450523405226105567e-01, 3.487993325034237646e-01, 1.000888186198422569e-01
1.060594207543470585e-01, 4.450586873516096942e-01, 3.487869821390146008e-01, 1.000949097550285910e-01
1.060593334200344573e-01, 4.450650242728949046e-01, 3.487746460320630959e-01, 1.001009962750075283e-01
1.060592463420299419e-01, 4.450713512825104079e-01, 3.487623242026298143e-01, 1.001070781728296832e-01
1.060591595111808755e-01, 4.450776683765114150e-01, 3.487500166707586113e-01, 1.001131554415491121e-01
1.060590729183376324e-01, 4.450839755509641837e-01, 3.487377234564749129e-01, 1.001192280742233820e-01
1.060589865543536403e-01, 4.450902728019462962e-01, 3.487254445797866587e-01, 1.001252960639134187e-01
1.060589004100856436e-01, 4.450965601255461035e-01, 3.487131800606844689e-01, 1.001313594036837423e-01
1.060588144763933705e-01, 4.451028375178636698e-01, 3.487009299191407563e-01, 1.001374180866022034e-01
1.060587287441397270e-01, 4.451091049750099393e-01, 3.486886941751101143e-01, 1.001434721057401916e-01
1.060586432041908250e-01, 4.451153624931066810e-01, 3.486764728485297615e-01, 1.001495214541727047e-01
1.060585578474158852e-01, 4.451216100682874877e-01, 3.486642659593186533e-01, 1.001555661249780849e-01
1.060584726646872783e-01, 4.451278476966969988e-01, 3.486520735273775373e-01, 1.001616061112382133e-01
1.060583876468806919e-01, 4.451340753744907341e-01, 3.486398955725898974e-01, 1.001676414060385656e-01
1.060583027848748250e-01, 4.451402930978363703e-01, 3.486277321148207320e-01, 1.001736720024680866e-01
1.060582180695517490e-01, 4.451465008629118536e-01, 3.486155831739170541e-01, 1.001796978936193155e-01
1.060581334917966578e-01, 4.451526986659071206e-01, 3.486034487697078910e-01, 1.001857190725883445e-01
1.060580490424980760e-01, 4.451588865030232656e-01, 3.485913289220040068e-01, 1.001917355324747350e-01
1.060579647125476088e-01, 4.451650643704727073e-01, 3.485792236505980690e-01, 1.001977472663816704e-01
1.060578804928402619e-01, 4.451712322644792441e-01, 3.485671329752644820e-01, 1.002037542674160397e-01
1.060577963742742047e-01, 4.451773901812782763e-01, 3.485550569157593315e-01, 1.002097565286881181e-01
1.060577123477509792e-01, 4.451835381171163064e-01, 3.485429954918207729e-01, 1.002157540433118998e-01
1.060576284041753331e-01, 4.451896760682514942e-01, 3.485309487231681991e-01, 1.002217468044050569e-01
1.060575445344552059e-01, 4.451958040309532683e-01, 3.485189166295027396e-01, 1.002277348050886474e-01
1.060574607295021038e-01, 4.452019220015030476e-01, 3.485068992305072055e-01, 1.002337180384876014e-01
1.060573769802306693e-01, 4.452080299761929649e-01, 3.484948965458459780e-01, 1.002396964977303878e-01
1.060572932775588478e-01, 4.452141279513273098e-01, 3.484829085951646199e-01, 1.002456701759491392e-01
1.060572096124080127e-01, 4.452202159232218626e-01, 3.484709353980904867e-01, 1.002516390662796103e-01
1.060571259757028262e-01, 4.452262938882035614e-01, 3.484589769742322263e-01, 1.002576031618613306e-01
1.060570423583713368e-01, 4.452323618426113350e-01, 3.484470333431799460e-01, 1.002635624558373684e-01
1.060569587513449652e-01, 4.452384197827955470e-01, 3.484351045245049350e-01, 1.002695169413546361e-01
1.060568751455584630e-01, 4.452444677051180522e-01, 3.484231905377597749e-01, 1.002754666115635712e-01
1.060567915319500371e-01, 4.452505056059526400e-01, 3.484112914024788399e-01, 1.002814114596185108e-01
1.060567079014612529e-01, 4.452565334816846465e-01, 3.483994071381767421e-01, 1.002873514786773168e-01
1.060566242450370344e-01, 4.452625513287110648e-01, 3.483875377643501081e-01, 1.002932866619018204e-01
1.060565405536259137e-01, 4.452685591434406009e-01, 3.483756833004761910e-01, 1.002992170024573360e-01
1.060564568181795730e-01, 4.452745569222936739e-01, 3.483638437660136478e-01, 1.003051424935130498e-01
1.060563730296533863e-01, 4.452805446617025265e-01, 3.483520191804021504e-01, 1.003110631282419368e-01
1.060562891790060719e-01, 4.452865223581110032e-01, 3.483402095630622752e-01, 1.003169788998207329e-01
1.060562052571997621e-01, 4.452924900079748838e-01, 3.483284149333953916e-01, 1.003228898014298653e-01
1.060561212552002114e-01, 4.452984476077618270e-01, 3.483166353107842728e-01, 1.003287958262536611e-01
1.060560371639765187e-01, 4.453043951539510381e-01, 3.483048707145921519e-01, 1.003346969674802358e-01
1.060559529745013357e-01, 4.453103326430339348e-01, 3.482931211641633884e-01, 1.003405932183013549e-01
1.060558686777507975e-01, 4.453162600715134256e-01, 3.482813866788229129e-01, 1.003464845719128362e-01
1.060557842647046056e-01, 4.453221774359046314e-01, 3.482696672778766711e-01, 1.003523710215141612e-01
1.060556997263459450e-01, 4.453280847327342751e-01, 3.482579629806111798e-01, 1.003582525603087111e-01
1.060556150536615255e-01, 4.453339819585412918e-01, 3.482462738062935825e-01, 1.003641291815036696e-01
1.060555302376416931e-01, 4.453398691098763851e-01, 3.482345997741718713e-01, 1.003700008783101894e-01
1.060554452692801519e-01, 4.453457461833020825e-01, 3.482229409034744427e-01, 1.003758676439431563e-01
1.060553601395745199e-01, 4.453516131753934015e-01, 3.482112972134106532e-01, 1.003817294716214253e-01
1.060552748395255929e-01, 4.453574700827370170e-01, 3.481996687231696530e-01, 1.003875863545677094e-01
1.060551893601380663e-01, 4.453633169019314830e-01, 3.481880554519218296e-01, 1.003934382860086211e-01
1.060551036924201190e-01, 4.453691536295876774e-01, 3.481764574188175310e-01, 1.003992852591747142e-01
1.060550178273834826e-01, 4.453749802623283571e-01, 3.481648746429877317e-01, 1.004051272673003314e-01
1.060549317560436355e-01, 4.453807967967886583e-01, 3.481533071435436999e-01, 1.004109643036238952e-01
1.060548454694196785e-01, 4.453866032296154853e-01, 3.481417549395770528e-01, 1.004167963613877418e-01
1.060547589585341816e-01, 4.453923995574680106e-01, 3.481302180501598120e-01, 1.004226234338380375e-01
1.060546722144136284e-01, 4.453981857770174524e-01, 3.481186964943439044e-01, 1.004284455142250565e-01
1.060545852280879442e-01, 4.454039618849474080e-01, 3.481071902911616611e-01, 1.004342625958029311e-01
1.060544979905908708e-01, 4.454097278779535762e-01, 3.480956994596257070e-01, 1.004400746718298459e-01
1.060544104929597997e-01, 4.454154837527435351e-01, 3.480842240187285719e-01, 1.004458817355679406e-01
1.060543227262358279e-01, 4.454212295060375748e-01, 3.480727639874432455e-01, 1.004516837802832824e-01
1.060542346814637021e-01, 4.454269651345681424e-01, 3.480613193847220121e-01, 1.004574807992461433e-01
1.060541463496919856e-01, 4.454326906350796200e-01, 3.480498902294979491e-01, 1.004632727857305702e-01
1.060540577219728914e-01, 4.454384060043287130e-01, 3.480384765406835945e-01, 1.004690597330147872e-01
1.060539687893623795e-01, 4.454441112390850055e-01, 3.480270783371715027e-01, 1.004748416343810014e-01
1.060538795429202402e-01, 4.454498063361296278e-01, 3.480156956378345212e-01, 1.004806184831154858e-01
1.060537899737099415e-01, 4.454554912922566445e-01, 3.480043284615246812e-01, 1.004863902725086078e-01
1.060537000727987678e-01, 4.454611661042721105e-01, 3.479929768270743073e-01, 1.004921569958547589e-01
1.060536098312577918e-01, 4.454668307689946261e-01, 3.479816407532951850e-01, 1.004979186464523139e-01
1.060535192401617921e-01, 4.454724852832552817e-01, 3.479703202589790600e-01, 1.005036752176039078e-01
1.060534282905894604e-01, 4.454781296438971028e-01, 3.479590153628971949e-01, 1.005094267026161864e-01
1.060533369736233189e-01, 4.454837638477762152e-01, 3.479477260838005903e-01, 1.005151730947999034e-01
1.060532452803496090e-01, 4.454893878917607908e-01, 3.479364524404196524e-01, 1.005209143874699201e-01
1.060531532018584716e-01, 4.454950017727317135e-01, 3.479251944514645811e-01, 1.005266505739452615e-01
1.060530607292439337e-01, 4.455006054875820243e-01, 3.479139521356250930e-01, 1.005323816475490184e-01
1.060529678536037412e-01, 4.455061990332175315e-01, 3.479027255115702544e-01, 1.005381076016085146e-01
1.060528745660397065e-01, 4.455117824065567000e-01, 3.478915145979484813e-01, 1.005438284294552093e-01
1.060527808576573472e-01, 4.455173556045300964e-01, 3.478803194133878729e-01, 1.005495441244246280e-01
1.060526867195662193e-01, 4.455229186240813877e-01, 3.478691399764957670e-01, 1.005552546798565566e-01
1.060525921428796536e-01, 4.455284714621664532e-01, 3.478579763058587959e-01, 1.005609600890951250e-01
1.060524971187149501e-01, 4.455340141157542178e-01, 3.478468284200426641e-01, 1.005666603454882652e-01
1.060524016381933637e-01, 4.455395465818252632e-01, 3.478356963375928701e-01, 1.005723554423884614e-01
1.060523056924400354e-01, 4.455450688573741602e-01, 3.478245800770334850e-01, 1.005780453731523194e-01
1.060522092725839916e-01, 4.455505809394073591e-01, 3.478134796568680964e-01, 1.005837301311405668e-01
1.060521123697584084e-01, 4.455560828249437444e-01, 3.478023950955794752e-01, 1.005894097097183304e-01
1.060520149751002228e-01, 4.455615745110158010e-01, 3.477913264116291314e-01, 1.005950841022548031e-01
1.060519170797504379e-01, 4.455670559946678377e-01, 3.477802736234580361e-01, 1.006007533021236189e-01
1.060518186748541092e-01, 4.455725272729574860e-01, 3.477692367494858439e-01, 1.006064173027025332e-01
1.060517197515601084e-01, 4.455779883429548671e-01, 3.477582158081113373e-01, 1.006120760973737011e-01
1.060516203010215680e-01, 4.455834392017429257e-01, 3.477472108177121490e-01, 1.006177296795233989e-01
1.060515203143953533e-01, 4.455888798464177070e-01, 3.477362217966447067e-01, 1.006233780425423441e-01
1.060514197828425625e-01, 4.455943102740875239e-01, 3.477252487632444544e-01, 1.006290211798254453e-01
1.060513186975283184e-01, 4.455997304818737903e-01, 3.477142917358256313e-01, 1.006346590847721073e-01
1.060512170496217266e-01, 4.456051404669111871e-01, 3.477033507326811046e-01, 1.006402917507858152e-01
1.060511148302959866e-01, 4.456105402263468296e-01, 3.476924257720827027e-01, 1.006459191712745921e-01
1.060510120307283644e-01, 4.456159297573403233e-01, 3.476815168722804938e-01, 1.006515413396506797e-01
1.060509086421002473e-01, 4.456213090570652069e-01, 3.476706240515037849e-01, 1.006571582493307748e-01
1.060508046555970196e-01, 4.456266781227071760e-01, 3.476597473279598449e-01, 1.006627698937358484e-01
1.060507000624082985e-01, 4.456320369514653046e-01, 3.476488867198351262e-01, 1.006683762662912984e-01
1.060505948537277532e-01, 4.456373855405511564e-01, 3.476380422452941543e-01, 1.006739773604268667e-01
1.060504890207531609e-01, 4.456427238871898400e-01, 3.476272139224801938e-01, 1.006795731695767498e-01
1.060503825546864481e-01, 4.456480519886191760e-01, 3.476164017695149711e-01, 1.006851636871795158e-01
1.060502754467337327e-01, 4.456533698420899192e-01, 3.476056058044982300e-01, 1.006907489066781181e-01
1.060501676881052679e-01, 4.456586774448660915e-01, 3.475948260455086203e-01, 1.006963288215199648e-01
1.060500592700154149e-01, 4.456639747942248708e-01, 3.475840625106027537e-01, 1.007019034251568912e-01
1.060499501836828368e-01, 4.456692618874561473e-01, 3.475733152178157037e-01, 1.007074727110452428e-01
1.060498404203303324e-01, 4.456745387218631893e-01, 3.475625841851608944e-01, 1.007130366726457088e-01
1.060497299711848362e-01, 4.456798052947620881e-01, 3.475518694306295453e-01, 1.007185953034235026e-01
1.060496188274775153e-01, 4.456850616034828128e-01, 3.475411709721913933e-01, 1.007241485968482786e-01
1.060495069804438945e-01, 4.456903076453674895e-01, 3.475304888277943594e-01, 1.007296965463942290e-01
1.060493944213236062e-01, 4.456955434177722886e-01, 3.475198230153639933e-01, 1.007352391455399870e-01
1.060492811413605851e-01, 4.457007689180658705e-01, 3.475091735528048620e-01, 1.007407763877687518e-01
1.060491671318028878e-01, 4.457059841436306069e-01, 3.474985404579982728e-01, 1.007463082665681492e-01
1.060490523839031224e-01, 4.457111890918620256e-01, 3.474879237488045503e-01, 1.007518347754304544e-01
1.060489368889178108e-01, 4.457163837601686440e-01, 3.474773234430613145e-01, 1.007573559078523140e-01
1.060488206381080961e-01, 4.457215681459725798e-01, 3.474667395585844254e-01, 1.007628716573350097e-01
1.060487036227391738e-01, 4.457267422467089402e-01, 3.474561721131674830e-01, 1.007683820173844030e-01
1.060485858340807497e-01, 4.457319060598264882e-01, 3.474456211245819937e-01, 1.007738869815108795e-01
1.060484672634066511e-01, 4.457370595827868098e-01, 3.474350866105771485e-01, 1.007793865432294045e-01
1.060483479019951741e-01, 4.457422028130653691e-01, 3.474245685888798785e-01, 1.007848806960595506e-01
1.060482277411289587e-01, 4.457473357481508414e-01, 3.474140670771947992e-01, 1.007903694335254147e-01
1.060481067720949466e-01, 4.457524583855448919e-01, 3.474035820932043217e-01, 1.007958527491557982e-01
1.060479849861844237e-01, 4.457575707227631745e-01, 3.473931136545684861e-01, 1.008013306364840267e-01
1.060478623746931026e-01, 4.457626727573342773e-01, 3.473826617789245175e-01, 1.008068030890480749e-01
1.060477389289210259e-01, 4.457677644868005551e-01, 3.473722264838877694e-01, 1.008122701003906080e-01
1.060476146401727188e-01, 4.457728459087177963e-01, 3.473618077870507803e-01, 1.008177316640588711e-01
1.060474894997570500e-01, 4.457779170206547792e-01, 3.473514057059835514e-01, 1.008231877736047166e-01
1.060473634989873015e-01, 4.457829778201944926e-01, 3.473410202582334905e-01, 1.008286384225847848e-01
1.060472366291812241e-01, 4.457880283049329151e-01, 3.473306514613256346e-01, 1.008340836045603511e-01
1.060471088816608703e-01, 4.457930684724796810e-01, 3.473202993327621502e-01, 1.008395233130972568e-01
1.060469802477530116e-01, 4.457980983204583025e-01, 3.473099638900225550e-01, 1.008449575417661864e-01
1.060468507187886933e-01, 4.458031178465051703e-01, 3.472996451505637183e-01, 1.008503862841425153e-01
1.060467202861033326e-01, 4.458081270482708303e-01, 3.472893431318195834e-01, 1.008558095338061428e-01
1.060465889410370927e-01, 4.458131259234193733e-01, 3.472790578512015558e-01, 1.008612272843420060e-01
1.060464566749344528e-01, 4.458181144696281573e-01, 3.472687893260977821e-01, 1.008666395293394968e-01
1.060463234791444304e-01, 4.458230926845886399e-01, 3.472585375738740932e-01, 1.008720462623929198e-01
1.060461893450205528e-01, 4.458280605660053797e-01, 3.472483026118728944e-01, 1.008774474771012009e-01
1.060460542639209414e-01, 4.458330181115970903e-01, 3.472380844574138870e-01, 1.008828431670681508e-01
1.060459182272080747e-01, 4.458379653190959191e-01, 3.472278831277937350e-01, 1.008882333259022296e-01
1.060457812262491917e-01, 4.458429021862478914e-01, 3.472176986402860654e-01, 1.008936179472168099e-01
1.060456432524159720e-01, 4.458478287108125215e-01, 3.472075310121414682e-01, 1.008989970246300244e-01
1.060455042970846889e-01, 4.458527448905634794e-01, 3.471973802605872184e-01, 1.009043705517646689e-01
1.060453643516361955e-01, 4.458576507232875352e-01, 3.471872464028277205e-01, 1.009097385222485488e-01
1.060452234074558964e-01, 4.458625462067858924e-01, 3.471771294560440091e-01, 1.009151009297141327e-01
1.060450814559338456e-01, 4.458674313388731880e-01, 3.471670294373940258e-01, 1.009204577677989129e-01
1.060449384884647045e-01, 4.458723061173779922e-01, 3.471569463640123421e-01, 1.009258090301449889e-01
1.060447944964477418e-01, 4.458771705401424756e-01, 3.471468802530102149e-01, 1.009311547103994844e-01
1.060446494712868060e-01, 4.458820246050232972e-01, 3.471368311214755864e-01, 1.009364948022142688e-01
1.060445034043905194e-01, 4.458868683098901609e-01, 3.471267989864731396e-01, 1.009418292992462635e-01
1.060443562871720563e-01, 4.458917016526270372e-01, 3.471167838650440207e-01, 1.009471581951570107e-01
1.060442081110492402e-01, 4.458965246311320518e-01, 3.471067857742057283e-01, 1.009524814836131185e-01
1.060440588674446544e-01, 4.459013372433165978e-01, 3.470968047309526683e-01, 1.009577991582861212e-01
1.060439085477854759e-01, 4.459061394871067785e-01, 3.470868407522554322e-01, 1.009631112128523689e-01
1.060437571435036974e-01, 4.459109313604420755e-01, 3.470768938550611860e-01, 1.009684176409931522e-01
1.060436046460358495e-01, 4.459157128612760701e-01, 3.470669640562933367e-01, 1.009737184363946744e-01
1.060434510468233754e-01, 4.459204839875765547e-01, 3.470570513728517548e-01, 1.009790135927482319e-01
1.060432963373122844e-01, 4.459252447373251993e-01, 3.470471558216127184e-01, 1.009843031037498534e-01
1.060431405089534290e-01, 4.459299951085173852e-01, 3.470372774194284138e-01, 1.009895869631006748e-01
1.060429835532023385e-01, 4.459347350991632042e-01, 3.470274161831277682e-01, 1.009948651645067585e-01
1.060428254615193716e-01, 4.459394647072859597e-01, 3.470175721295155613e-01, 1.010001377016790935e-01
1.060426662253696056e-01, 4.459441839309240541e-01, 3.470077452753727587e-01, 1.010054045683337898e-01
1.060425058362228917e-01, 4.459488927681286574e-01, 3.469979356374566226e-01, 1.010106657581918144e-01
1.060423442855539522e-01, 4.459535912169664273e-01, 3.469881432325002679e-01, 1.010159212649792276e-01
1.060421815648422972e-01, 4.459582792755173997e-01, 3.469783680772132728e-01, 1.010211710824271553e-01
1.060420176655721414e-01, 4.459629569418757100e-01, 3.469686101882805129e-01, 1.010264152042716079e-01
1.060418525792325845e-01, 4.459676242141498714e-01, 3.469588695823636049e-01, 1.010316536242538143e-01
1.060416862973176805e-01, 4.459722810904626633e-01, 3.469491462760997957e-01, 1.010368863361198605e-01
1.060415188113261464e-01, 4.459769275689509094e-01, 3.469394402861019078e-01, 1.010421133336210225e-01
1.060413501127616676e-01, 4.459815636477654222e-01, 3.469297516289591155e-01, 1.010473346105136699e-01
1.060411801931327724e-01, 4.459861893250717801e-01, 3.469200803212363349e-01, 1.010525501605591542e-01
1.060410090439528608e-01, 4.459908045990493841e-01, 3.469104263794738352e-01, 1.010577599775239616e-01
1.060408366567402311e-01, 4.459954094678920122e-01, 3.469007898201880713e-01, 1.010629640551796160e-01
1.060406630230180253e-01, 4.460000039298076535e-01, 3.468911706598713507e-01, 1.010681623873029567e-01
1.060404881343144506e-01, 4.460045879830188964e-01, 3.468815689149910564e-01, 1.010733549676756660e-01
1.060403119821624329e-01, 4.460091616257622071e-01, 3.468719846019905906e-01, 1.010785417900847000e-01
1.060401345581000188e-01, 4.460137248562887069e-01, 3.468624177372890416e-01, 1.010837228483222328e-01
1.060399558536700010e-01, 4.460182776728638943e-01, 3.468528683372807953e-01, 1.010888981361854622e-01
1.060397758604203489e-01, 4.460228200737671456e-01, 3.468433364183358680e-01, 1.010940676474766375e-01
1.060395945699038195e-01, 4.460273520572929362e-01, 3.468338219967997960e-01, 1.010992313760034900e-01
1.060394119736782353e-01, 4.460318736217496749e-01, 3.468243250889935791e-01, 1.011043893155786355e-01
1.060392280633063733e-01, 4.460363847654599811e-01, 3.468148457112135152e-01, 1.011095414600201026e-01
1.060390428303559646e-01, 4.460408854867616291e-01, 3.468053838797314770e-01, 1.011146878031509017e-01
1.060388562663998752e-01, 4.460453757840061595e-01, 3.467959396107944126e-01, 1.011198283387994834e-01
1.060386683630158422e-01, 4.460498556555601568e-01, 3.467865129206248453e-01, 1.011249630607992944e-01
1.060384791117867237e-01, 4.460543250998038611e-01, 3.467771038254202076e-01, 1.011300919629891520e-01
1.060382885043003459e-01, 4.460587841151330002e-01, 3.467677123413534512e-01, 1.011352150392130084e-01
1.060380965321497254e-01, 4.460632326999572350e-01, 3.467583384845727701e-01, 1.011403322833202278e-01
1.060379031869327915e-01, 4.460676708527006595e-01, 3.467489822712012115e-01, 1.011454436891653236e-01
1.060377084602525666e-01, 4.460720985718023002e-01, 3.467396437173371204e-01, 1.011505492506079851e-01
1.060375123437172357e-01, 4.460765158557155052e-01, 3.467303228390538616e-01, 1.011556489615132726e-01
1.060373148289400075e-01, 4.460809227029082780e-01, 3.467210196524000421e-01, 1.011607428157517002e-01
1.060371159075391978e-01, 4.460853191118633321e-01, 3.467117341733987890e-01, 1.011658308071987228e-01
1.060369155711383266e-01, 4.460897050810775921e-01, 3.467024664180488047e-01, 1.011709129297353876e-01
1.060367138113658403e-01, 4.460940806090630817e-01, 3.466932164023230900e-01, 1.011759891772478631e-01
1.060365106198554730e-01, 4.460984456943463128e-01, 3.466839841421703872e-01, 1.011810595436279242e-01
1.060363059882461489e-01, 4.461028003354683413e-01, 3.466747696535132373e-01, 1.011861240227723280e-01
1.060360999081818023e-01, 4.461071445309850447e-01, 3.466655729522497564e-01, 1.011911826085833965e-01
1.060358923713116963e-01, 4.461114782794668443e-01, 3.466563940542525812e-01, 1.011962352949688226e-01
1.060356833692900902e-01, 4.461158015794992604e-01, 3.466472329753692572e-01, 1.012012820758415449e-01
1.060354728937765445e-01, 4.461201144296818577e-01, 3.466380897314217391e-01, 1.012063229451198865e-01
1.060352609364358240e-01, 4.461244168286295775e-01, 3.466289643382067798e-01, 1.012113578967277494e-01
1.060350474889379113e-01, 4.461287087749719049e-01, 3.466198568114960965e-01, 1.012163869245941150e-01
1.060348325429579103e-01, 4.461329902673529246e-01, 3.466107671670355939e-01, 1.012214100226536684e-01
1.060346160901762397e-01, 4.461372613044317648e-01, 3.466016954205458078e-01, 1.012264271848463681e-01
1.060343981222784809e-01, 4.461415218848823194e-01, 3.465926415877216837e-01, 1.012314384051174743e-01
1.060341786309557249e-01, 4.461457720073931932e-01, 3.465836056842331869e-01, 1.012364436774179643e-01
1.060339576079039614e-01, 4.461500116706678121e-01, 3.465745877257242480e-01, 1.012414429957040063e-01
1.060337350448246618e-01, 4.461542408734247567e-01, 3.465655877278132624e-01, 1.012464363539374163e-01
1.060335109334245435e-01, 4.461584596143970405e-01, 3.465566057060931460e-01, 1.012514237460852978e-01
1.060332852654156111e-01, 4.461626678923328315e-01, 3.465476416761310019e-01, 1.012564051661203196e-01
1.060330580325152400e-01, 4.461668657059953413e-01, 3.465386956534686758e-01, 1.012613806080207429e-01
1.060328292264459960e-01, 4.461710530541623809e-01, 3.465297676536215343e-01, 1.012663500657700194e-01
1.060325988389358987e-01, 4.461752299356267493e-01, 3.465208576920797978e-01, 1.012713135333574432e-01
1.060323668617181581e-01, 4.461793963491964554e-01, 3.465119657843077072e-01, 1.012762710047775544e-01
1.060321332865315075e-01, 4.461835522936943299e-01, 3.465030919457436354e-01, 1.012812224740306383e-01
1.060318981051199261e-01, 4.461876977679578582e-01, 3.464942361918000313e-01, 1.012861679351223093e-01
1.060316613092326943e-01, 4.461918327708400689e-01, 3.464853985378634205e-01, 1.012911073820638025e-01
1.060314228906247408e-01, 4.461959573012087010e-01, 3.464765789992944600e-01, 1.012960408088719455e-01
1.060311828410560320e-01, 4.462000713579468147e-01, 3.464677775914279945e-01, 1.013009682095691172e-01
1.060309411522922518e-01, 4.462041749399519031e-01, 3.464589943295725560e-01, 1.013058895781831920e-01
1.060306978161042885e-01, 4.462082680461372242e-01, 3.464502292290108643e-01, 1.013108049087477480e-01
1.060304528242685534e-01, 4.462123506754304691e-01, 3.464414823049991599e-01, 1.013157141953018453e-01
1.060302061685668013e-01, 4.462164228267749277e-01, 3.464327535727680929e-01, 1.013206174318901087e-01
1.060299578407863236e-01, 4.462204844991289332e-01, 3.464240430475217236e-01, 1.013255146125629919e-01
1.060297078327198522e-01, 4.462245356914656402e-01, 3.464153507444382440e-01, 1.013304057313763190e-01
1.060294561361655175e-01, 4.462285764027735802e-01, 3.464066766786692564e-01, 1.013352907823916876e-01
1.060292027429269868e-01, 4.462326066320563278e-01, 3.463980208653403836e-01, 1.013401697596762463e-01
1.060289476448133955e-01, 4.462366263783328346e-01, 3.463893833195509364e-01, 1.013450426573028890e-01
1.060286908336393191e-01, 4.462406356406367625e-01, 3.463807640563736912e-01, 1.013499094693500469e-01
1.060284323012249674e-01, 4.462446344180178159e-01, 3.463721630908551674e-01, 1.013547701899019660e-01
1.060281720393959765e-01, 4.462486227095400215e-01, 3.463635804380155725e-01, 1.013596248130484712e-01
1.060279100399834779e-01, 4.462526005142830043e-01, 3.463550161128484683e-01, 1.013644733328850356e-01
1.060276462948242515e-01, 4.462565678313417661e-01, 3.463464701303209936e-01, 1.013693157435129749e-01
1.060273807957605313e-01, 4.462605246598263520e-01, 3.463379425053739746e-01, 1.013741520390391559e-01
1.060271135346401439e-01, 4.462644709988622949e-01, 3.463294332529212038e-01, 1.013789822135762464e-01
1.060268445033165502e-01, 4.462684068475900601e-01, 3.463209423878506610e-01, 1.013838062612426871e-01
1.060265736936486236e-01, 4.462723322051659336e-01, 3.463124699250230143e-01, 1.013886241761624979e-01
1.060263010975009967e-01, 4.462762470707610230e-01, 3.463040158792724532e-01, 1.013934359524655965e-01
1.060260267067438256e-01, 4.462801514435620898e-01, 3.462955802654065773e-01, 1.013982415842875628e-01
1.060257505132528866e-01, 4.462840453227709947e-01, 3.462871630982062299e-01, 1.014030410657697778e-01
1.060254725089095906e-01, 4.462879287076054191e-01, 3.462787643924254977e-01, 1.014078343910594648e-01
1.060251926856009830e-01, 4.462918015972979768e-01, 3.462703841627916557e-01, 1.014126215543094678e-01
1.060249110352197155e-01, 4.462956639910966583e-01, 3.462620224240051114e-01, 1.014174025496785286e-01
1.060246275496641577e-01, 4.462995158882651636e-01, 3.462536791907394607e-01, 1.014221773713312041e-01
1.060243422208382441e-01, 4.463033572880825695e-01, 3.462453544776413206e-01, 1.014269460134378520e-01
1.060240550406517518e-01, 4.463071881898432181e-01, 3.462370482993303855e-01, 1.014317084701746030e-01
1.060237660010199673e-01, 4.463110085928568282e-01, 3.462287606703997045e-01, 1.014364647357235416e-01
1.060234750938640058e-01, 4.463148184964491616e-01, 3.462204916054146819e-01, 1.014412148042723866e-01
1.060231823111105753e-01, 4.463186178999605236e-01, 3.462122411189140769e-01, 1.014459586700148797e-01
1.060228876446921292e-01, 4.463224068027475955e-01, 3.462040092254097257e-01, 1.014506963271506051e-01
1.060225910865469495e-01, 4.463261852041822686e-01, 3.461957959393859863e-01, 1.014554277698849483e-01
1.060222926286189526e-01, 4.463299531036515888e-01, 3.461876012753003495e-01, 1.014601529924292617e-01
1.060219922628578421e-01, 4.463337105005586447e-01, 3.461794252475828837e-01, 1.014648719890006712e-01
1.060216899812189972e-01, 4.463374573943219570e-01, 3.461712678706366786e-01, 1.014695847538222839e-01
1.060213857756637651e-01, 4.463411937843755894e-01, 3.461631291588374570e-01, 1.014742912811232162e-01
1.060210796381590437e-01, 4.463449196701690380e-01, 3.461550091265337414e-01, 1.014789915651381769e-01
1.060207715606776985e-01, 4.463486350511677858e-01, 3.461469077880464651e-01, 1.014836856001082033e-01
1.060204615351982155e-01, 4.463523399268522485e-01, 3.461388251576695274e-01, 1.014883733802799948e-01
1.060201495537051453e-01, 4.463560342967192174e-01, 3.461307612496693498e-01, 1.014930548999062737e-01
1.060198356081886312e-01, 4.463597181602806385e-01, 3.461227160782849865e-01, 1.014977301532457576e-01
1.060195196906447146e-01, 4.463633915170643895e-01, 3.461146896577277365e-01, 1.015023991345631454e-01
1.060192017930752933e-01, 4.463670543666138912e-01, 3.461066820021818091e-01, 1.015070618381289924e-01
1.060188819074881217e-01, 4.463707067084881630e-01, 3.460986931258036581e-01, 1.015117182582199323e-01
1.060185600258969491e-01, 4.463743485422621005e-01, 3.460907230427222592e-01, 1.015163683891185664e-01
1.060182361403210621e-01, 4.463779798675263089e-01, 3.460827717670389991e-01, 1.015210122251135744e-01
1.060179102427859649e-01, 4.463816006838867700e-01, 3.460748393128276201e-01, 1.015256497604995478e-01
1.060175823253228095e-01, 4.463852109909658972e-01, 3.460669256941340532e-01, 1.015302809895771013e-01
1.060172523799689098e-01, 4.463888107884011469e-01, 3.460590309249769736e-01, 1.015349059066530252e-01
1.060169203987672837e-01, 4.463924000758460742e-01, 3.460511550193466901e-01, 1.015395245060399382e-01
1.060165863737669023e-01, 4.463959788529700545e-01, 3.460432979912063112e-01, 1.015441367820566765e-01
1.060162502970228293e-01, 4.463995471194581177e-01, 3.460354598544909122e-01, 1.015487427290280575e-01
1.060159121605958321e-01, 4.464031048750113362e-01, 3.460276406231079238e-01, 1.015533423412850605e-01
1.060155719565528537e-01, 4.464066521193464365e-01, 3.460198403109362442e-01, 1.015579356131645489e-01
1.060152296769666380e-01, 4.464101888521957995e-01, 3.460120589318279594e-01, 1.015625225390097558e-01
1.060148853139160491e-01, 4.464137150733077375e-01, 3.460042964996064008e-01, 1.015671031131697710e-01
1.060145388594858629e-01, 4.464172307824471053e-01, 3.459965530280671997e-01, 1.015716773299999015e-01
1.060141903057668505e-01, 4.464207359793934682e-01, 3.459888285309781208e-01, 1.015762451838616021e-01
1.060138396448557646e-01, 4.464242306639432667e-01, 3.459811230220785072e-01, 1.015808066691223643e-01
1.060134868688554499e-01, 4.464277148359084291e-01, 3.459734365150801683e-01, 1.015853617801559111e-01
1.060131319698747743e-01, 4.464311884951168152e-01, 3.459657690236663252e-01, 1.015899105113419881e-01
1.060127749400285868e-01, 4.464346516414121613e-01, 3.459581205614924992e-01, 1.015944528570666694e-01
1.060124157714378151e-01, 4.464381042746544681e-01, 3.459504911421855677e-01, 1.015989888117220658e-01
1.060120544562295070e-01, 4.464415463947192242e-01, 3.459428807793448746e-01, 1.016035183697065053e-01
1.060116909865365942e-01, 4.464449780014982938e-01, 3.459352894865407313e-01, 1.016080415254244362e-01
1.060113253544983231e-01, 4.464483990948992509e-01, 3.459277172773158049e-01, 1.016125582732865795e-01
1.060109575522598796e-01, 4.464518096748459342e-01, 3.459201641651842296e-01, 1.016170686077099011e-01
1.060105875719726531e-01, 4.464552097412780585e-01, 3.459126301636319401e-01, 1.016215725231175010e-01
1.060102154057940282e-01, 4.464585992941511039e-01, 3.459051152861161715e-01, 1.016260700139386686e-01
1.060098410458875651e-01, 4.464619783334372038e-01, 3.458976195460661818e-01, 1.016305610746089660e-01
1.060094644844230272e-01, 4.464653468591240904e-01, 3.458901429568825847e-01, 1.016350456995702978e-01
1.060090857135762288e-01, 4.464687048712156492e-01, 3.458826855319375726e-01, 1.016395238832706605e-01
1.060087047255291043e-01, 4.464720523697318089e-01, 3.458752472845748605e-01, 1.016439956201643374e-01
1.060083215124698885e-01, 4.464753893547085406e-01, 3.458678282281095195e-01, 1.016484609047119958e-01
1.060079360665928949e-01, 4.464787158261983024e-01, 3.458604283758283104e-01, 1.016529197313804506e-01
1.060075483800986262e-01, 4.464820317842693176e-01, 3.458530477409890169e-01, 1.016573720946428727e-01
1.060071584451937887e-01, 4.464853372290058520e-01, 3.458456863368214451e-01, 1.016618179889787615e-01
1.060067662540913475e-01, 4.464886321605086583e-01, 3.458383441765261468e-01, 1.016662574088738613e-01
1.060063717990103321e-01, 4.464919165788944766e-01, 3.458310212732749744e-01, 1.016706903488202168e-01
1.060059750721761840e-01, 4.464951904842960895e-01, 3.458237176402114699e-01, 1.016751168033162150e-01
1.060055760658204504e-01, 4.464984538768628219e-01, 3.458164332904501426e-01, 1.016795367668666544e-01
1.060051747721809795e-01, 4.465017067567597087e-01, 3.458091682370768583e-01, 1.016839502339825785e-01
1.060047711835018086e-01, 4.465049491241683821e-01, 3.458019224931484503e-01, 1.016883571991814283e-01
1.060043652920333174e-01, 4.465081809792864620e-01, 3.457946960716929974e-01, 1.016927576569870012e-01
1.060039570900322137e-01, 4.465114023223282214e-01, 3.457874889857101008e-01, 1.016971516019294919e-01
1.060035465697612839e-01, 4.465146131535235874e-01, 3.457803012481698302e-01, 1.017015390285453957e-01
1.060031337234897952e-01, 4.465178134731189741e-01, 3.457731328720135000e-01, 1.017059199313777029e-01
1.060027185434933156e-01, 4.465210032813773933e-01, 3.457659838701536703e-01, 1.017102943049757596e-01
1.060023010220536160e-01, 4.465241825785775109e-01, 3.457588542554736466e-01, 1.017146621438952681e-01
1.060018811514588377e-01, 4.465273513650149240e-01, 3.457517440408277021e-01, 1.017190234426984669e-01
1.060014589240035054e-01, 4.465305096410012720e-01, 3.457446532390412441e-01, 1.017233781959538397e-01
1.060010343319885140e-01, 4.465336574068644593e-01, 3.457375818629105368e-01, 1.017277263982365454e-01
1.060006073677209337e-01, 4.465367946629487661e-01, 3.457305299252023123e-01, 1.017320680441279879e-01
1.060001780235144547e-01, 4.465399214096149039e-01, 3.457234974386546589e-01, 1.017364031282161352e-01
1.059997462916890260e-01, 4.465430376472396823e-01, 3.457164844159760220e-01, 1.017407316450954086e-01
1.059993121645708691e-01, 4.465461433762166199e-01, 3.457094908698459812e-01, 1.017450535893666130e-01
1.059988756344927840e-01, 4.465492385969553335e-01, 3.457025168129145842e-01, 1.017493689556371456e-01
1.059984366937939404e-01, 4.465523233098823153e-01, 3.456955622578029019e-01, 1.017536777385208979e-01
1.059979953348198223e-01, 4.465553975154398780e-01, 3.456886272171022512e-01, 1.017579799326380763e-01
1.059975515499224641e-01, 4.465584612140870435e-01, 3.456817117033748055e-01, 1.017622755326157008e-01
1.059971053314602563e-01, 4.465615144062990427e-01, 3.456748157291534840e-01, 1.017665645330871060e-01
1.059966566717981118e-01, 4.465645570925682040e-01, 3.456679393069415074e-01, 1.017708469286921907e-01
1.059962055633072997e-01, 4.465675892734025099e-01, 3.456610824492128975e-01, 1.017751227140774178e-01
1.059957519983656393e-01, 4.465706109493267073e-01, 3.456542451684119222e-01, 1.017793918838957035e-01
1.059952959693574170e-01, 4.465736221208822521e-01, 3.456474274769536503e-01, 1.017836544328067083e-01
1.059948374686734140e-01, 4.465766227886268092e-01, 3.456406293872232860e-01, 1.017879103554765047e-01
1.059943764887108231e-01, 4.465796129531347525e-01, 3.456338509115767232e-01, 1.017921596465778261e-01
1.059939130218734704e-01, 4.465825926149965541e-01, 3.456270920623399356e-01, 1.017964023007898594e-01
1.059934470605716494e-01, 4.465855617748200612e-01, 3.456203528518096979e-01, 1.018006383127985776e-01
1.059929785972222038e-01, 4.465885204332286085e-01, 3.456136332922527532e-01, 1.018048676772964345e-01
1.059925076242483610e-01, 4.465914685908630166e-01, 3.456069333959062573e-01, 1.018090903889824483e-01
1.059920341340801486e-01, 4.465944062483799826e-01, 3.456002531749775564e-01, 1.018133064425623541e-01
1.059915581191539780e-01, 4.465973334064530786e-01, 3.455935926416444648e-01, 1.018175158327485341e-01
1.059910795719128940e-01, 4.466002500657726415e-01, 3.455869518080545988e-01, 1.018217185542599212e-01
1.059905984848065197e-01, 4.466031562270451061e-01, 3.455803306863262647e-01, 1.018259146018221234e-01
1.059901148502910700e-01, 4.466060518909940047e-01, 3.455737292885474599e-01, 1.018301039701674793e-01
1.059896286608292965e-01, 4.466089370583593010e-01, 3.455671476267765385e-01, 1.018342866540348918e-01
1.059891399088906117e-01, 4.466118117298975010e-01, 3.455605857130417680e-01, 1.018384626481699529e-01
1.059886485869510619e-01, 4.466146759063818750e-01, 3.455540435593418280e-01, 1.018426319473250546e-01
1.059881546874933134e-01, 4.466175295886024021e-01, 3.455475211776450339e-01, 1.018467945462591395e-01
1.059876582030066100e-01, 4.466203727773657706e-01, 3.455410185798898359e-01, 1.018509504397379362e-01
1.059871591259869544e-01, 4.466232054734947110e-01, 3.455345357779844861e-01, 1.018550996225337929e-01
1.059866574489369273e-01, 4.466260276778295513e-01, 3.455280727838075938e-01, 1.018592420894259137e-01
1.059861531643657845e-01, 4.466288393912268839e-01, 3.455216296092072370e-01, 1.018633778352001085e-01
1.059856462647894570e-01, 4.466316406145601214e-01, 3.455152062660014622e-01, 1.018675068546490148e-01
1.059851367427306346e-01, 4.466344313487191076e-01, 3.455088027659783956e-01, 1.018716291425719872e-01
1.059846245907185847e-01, 4.466372115946107280e-01, 3.455024191208956874e-01, 1.018757446937750971e-01
1.059841098012893890e-01, 4.466399813531585772e-01, 3.454960553424808456e-01, 1.018798535030712160e-01
1.059835923669857904e-01, 4.466427406253029586e-01, 3.454897114424312354e-01, 1.018839555652799878e-01
1.059830722803573183e-01, 4.466454894120008290e-01, 3.454833874324138576e-01, 1.018880508752279257e-01
1.059825495339601770e-01, 4.466482277142262425e-01, 3.454770833240655703e-01, 1.018921394277481490e-01
1.059820241203573016e-01, 4.466509555329695735e-01, 3.454707991289924229e-01, 1.018962212176806742e-01
1.059814960321184829e-01, 4.466536728692384606e-01, 3.454645348587707110e-01, 1.019002962398724288e-01
1.059809652618201453e-01, 4.466563797240570843e-01, 3.454582905249458658e-01, 1.019043644891769462e-01
1.059804318020456243e-01, 4.466590760984664454e-01, 3.454520661390331204e-01, 1.019084259604547960e-01
1.059798956453849861e-01, 4.466617619935245309e-01, 3.454458617125172326e-01, 1.019124806485733059e-01
1.059793567844350137e-01, 4.466644374103060922e-01, 3.454396772568524288e-01, 1.019165285484065070e-01
1.059788152117994431e-01, 4.466671023499025339e-01, 3.454335127834623487e-01, 1.019205696548355633e-01
1.059782709200887962e-01, 4.466697568134226359e-01, 3.454273683037403231e-01, 1.019246039627483003e-01
1.059777239019203399e-01, 4.466724008019914427e-01, 3.454212438290487630e-01, 1.019286314670394544e-01
1.059771741499181685e-01, 4.466750343167512627e-01, 3.454151393707198814e-01, 1.019326521626107429e-01
1.059766216567133573e-01, 4.466776573588612798e-01, 3.454090549400548604e-01, 1.019366660443705164e-01
1.059760664149436982e-01, 4.466802699294973866e-01, 3.454029905483244622e-01, 1.019406731072343836e-01
1.059755084172539358e-01, 4.466828720298524624e-01, 3.453969462067688623e-01, 1.019446733461246146e-01
1.059749476562956705e-01, 4.466854636611367613e-01, 3.453909219265970942e-01, 1.019486667559704601e-01
1.059743841247273444e-01, 4.466880448245766910e-01, 3.453849177189879938e-01, 1.019526533317080819e-01
1.059738178152142968e-01, 4.466906155214160346e-01, 3.453789335950890882e-01, 1.019566330682805666e-01
1.059732487204288753e-01, 4.466931757529156166e-01, 3.453729695660173737e-01, 1.019606059606380649e-01
1.059726768330502833e-01, 4.466957255203530264e-01, 3.453670256428592600e-01, 1.019645720037374859e-01
1.059721021457645379e-01, 4.466982648250228949e-01, 3.453611018366696817e-01, 1.019685311925428578e-01
1.059715246512647757e-01, 4.467007936682370062e-01, 3.453551981584731534e-01, 1.019724835220250925e-01
1.059709443422509056e-01, 4.467033120513237976e-01, 3.453493146192631591e-01, 1.019764289871621377e-01
1.059703612114299420e-01, 4.467058199756289705e-01, 3.453434512300022075e-01, 1.019803675829388800e-01
1.059697752515157548e-01, 4.467083174425152681e-01, 3.453376080016217209e-01, 1.019842993043471729e-01
1.059691864552292501e-01, 4.467108044533623645e-01, 3.453317849450223687e-01, 1.019882241463860167e-01
1.059685948152982865e-01, 4.467132810095668649e-01, 3.453259820710735672e-01, 1.019921421040612813e-01
1.059680003244576757e-01, 4.467157471125425827e-01, 3.453201993906138134e-01, 1.019960531723859004e-01
1.059674029754493485e-01, 4.467182027637203179e-01, 3.453144369144504067e-01, 1.019999573463798853e-01
1.059668027610221192e-01, 4.467206479645480788e-01, 3.453086946533594492e-01, 1.020038546210702418e-01
1.059661996739319489e-01, 4.467230827164908047e-01, 3.453029726180862902e-01, 1.020077449914909840e-01
1.059655937069416271e-01, 4.467255070210305323e-01, 3.452972708193445817e-01, 1.020116284526833006e-01
1.059649848528212007e-01, 4.467279208796663403e-01, 3.452915892678171117e-01, 1.020155049996953195e-01
1.059643731043476977e-01, 4.467303242939147379e-01, 3.452859279741553600e-01, 1.020193746275823710e-01
1.059637584543051264e-01, 4.467327172653086653e-01, 3.452802869489795534e-01, 1.020232373314067242e-01
1.059631408954846837e-01, 4.467350997953988823e-01, 3.452746662028784441e-01, 1.020270931062379066e-01
1.059625204206845472e-01, 4.467374718857531346e-01, 3.452690657464098645e-01, 1.020309419471523982e-01
1.059618970227100554e-01, 4.467398335379561547e-01, 3.452634855901000055e-01, 1.020347838492338260e-01
1.059612706943736243e-01, 4.467421847536096613e-01, 3.452579257444437499e-01, 1.020386188075730338e-01
1.059606414284947062e-01, 4.467445255343330257e-01, 3.452523862199046167e-01, 1.020424468172678317e-01
1.059600092178999975e-01, 4.467468558817622171e-01, 3.452468670269145390e-01, 1.020462678734233297e-01
1.059593740554231750e-01, 4.467491757975509126e-01, 3.452413681758743080e-01, 1.020500819711516460e-01
1.059587359339051738e-01, 4.467514852833696648e-01, 3.452358896771529628e-01, 1.020538891055720876e-01
1.059580948461941174e-01, 4.467537843409065124e-01, 3.452304315410883451e-01, 1.020576892718112610e-01
1.059574507851450964e-01, 4.467560729718661472e-01, 3.452249937779861555e-01, 1.020614824650027119e-01
1.059568037436204591e-01, 4.467583511779709693e-01, 3.452195763981212862e-01, 1.020652686802872439e-01
1.059561537144898119e-01, 4.467606189609606981e-01, 3.452141794117365436e-01, 1.020690479128129463e-01
1.059555006906298391e-01, 4.467628763225917066e-01, 3.452088028290434263e-01, 1.020728201577350835e-01
1.059548446649244413e-01, 4.467651232646382420e-01, 3.452034466602213469e-01, 1.020765854102160253e-01
1.059541856302647356e-01, 4.467673597888912607e-01, 3.451981109154184657e-01, 1.020803436654253715e-01
1.059535235795490693e-01, 4.467695858971595935e-01, 3.451927956047512458e-01, 1.020840949185400359e-01
1.059528585056829508e-01, 4.467718015912687801e-01, 3.451875007383041760e-01, 1.020878391647441347e-01
1.059521904015792021e-01, 4.467740068730619574e-01, 3.451822263261299928e-01, 1.020915763992288755e-01
1.059515192601578198e-01, 4.467762017443993594e-01, 3.451769723782499022e-01, 1.020953066171929047e-01
1.059508450743461005e-01, 4.467783862071586509e-01, 3.451717389046533024e-01, 1.020990298138420710e-01
1.059501678370785571e-01, 4.467805602632347606e-01, 3.451665259152973397e-01, 1.021027459843894397e-01
1.059494875412969467e-01, 4.467827239145399365e-01, 3.451613334201077410e-01, 1.021064551240553481e-01
1.059488041799504093e-01, 4.467848771630037463e-01, 3.451561614289783697e-01, 1.021101572280675024e-01
1.059481177459952739e-01, 4.467870200105730216e-01, 3.451510099517707819e-01, 1.021138522916607561e-01
1.059474282323952105e-01, 4.467891524592123575e-01, 3.451458789983150033e-01, 1.021175403100774010e-01
1.059467356321211889e-01, 4.467912745109030026e-01, 3.451407685784087520e-01, 1.021212212785669177e-01
1.059460399381515205e-01, 4.467933861676440244e-01, 3.451356787018182715e-01, 1.021248951923862253e-01
1.059453411434717746e-01, 4.467954874314517544e-01, 3.451306093782771089e-01, 1.021285620467994038e-01
1.059446392410749310e-01, 4.467975783043597882e-01, 3.451255606174872259e-01, 1.021322218370780410e-01
1.059439342239612003e-01, 4.467996587884192072e-01, 3.451205324291184429e-01, 1.021358745585009553e-01
1.059432260851383839e-01, 4.468017288856986347e-01, 3.451155248228085504e-01, 1.021395202063543756e-01
1.059425148176213194e-01, 4.468037885982839019e-01, 3.451105378081629205e-01, 1.021431587759317750e-01
1.059418004144324910e-01, 4.468058379282782155e-01, 3.451055713947552839e-01, 1.021467902625341206e-01
1.059410828686016270e-01, 4.468078768778022125e-01, 3.451006255921265087e-01, 1.021504146614696934e-01
1.059403621731657696e-01, 4.468099054489941269e-01, 3.450957004097860437e-01, 1.021540319680540876e-01
1.059396383211696629e-01, 4.468119236440094566e-01, 3.450907958572105305e-01, 1.021576421776104610e-01
1.059389113056651427e-01, 4.468139314650211302e-01, 3.450859119438445255e-01, 1.021612452854692155e-01
1.059381811197116219e-01, 4.468159289142196733e-01, 3.450810486791005549e-01, 1.021648412869682609e-01
1.059374477563758826e-01, 4.468179159938129308e-01, 3.450762060723585045e-01, 1.021684301774528070e-01
1.059367112087321733e-01, 4.468198927060262338e-01, 3.450713841329661191e-01, 1.021720119522755571e-01
1.059359714698621807e-01, 4.468218590531024548e-01, 3.450665828702387250e-01, 1.021755866067966673e-01
1.059352285328550441e-01, 4.468238150373017858e-01, 3.450618022934593965e-01, 1.021791541363837458e-01
1.059344823908073829e-01, 4.468257606609021826e-01, 3.450570424118786783e-01, 1.021827145364117423e-01
1.059337330368232688e-01, 4.468276959261987535e-01, 3.450523032347146968e-01, 1.021862678022631699e-01
1.059329804640142814e-01, 4.468296208355044263e-01, 3.450475847711532706e-01, 1.021898139293280078e-01
1.059322246654994526e-01, 4.468315353911493926e-01, 3.450428870303475781e-01, 1.021933529130034934e-01
1.059314656344053224e-01, 4.468334395954816629e-01, 3.450382100214183234e-01, 1.021968847486947468e-01
1.059307033638659939e-01, 4.468353334508661234e-01, 3.450335537534537367e-01, 1.022004094318140072e-01
1.059299378470230646e-01, 4.468372169596861454e-01, 3.450289182355095741e-01, 1.022039269577811604e-01
1.059291690770256533e-01, 4.468390901243417535e-01, 3.450243034766089512e-01, 1.022074373220236282e-01
1.059283970470303593e-01, 4.468409529472511799e-01, 3.450197094857420654e-01, 1.022109405199762566e-01
1.059276217502014422e-01, 4.468428054308498099e-01, 3.450151362718671955e-01, 1.022144365470815247e-01
1.059268431797106141e-01, 4.468446475775906257e-01, 3.450105838439093686e-01, 1.022179253987893360e-01
1.059260613287372199e-01, 4.468464793899444287e-01, 3.450060522107613048e-01, 1.022214070705571437e-01
1.059252761904681261e-01, 4.468483008703992287e-01, 3.450015413812826393e-01, 1.022248815578500891e-01
1.059244877580978739e-01, 4.468501120214610212e-01, 3.449970513643005332e-01, 1.022283488561406550e-01
1.059236960248284287e-01, 4.468519128456530098e-01, 3.449925821686094518e-01, 1.022318089609089153e-01
1.059229009838696112e-01, 4.468537033455164953e-01, 3.449881338029711086e-01, 1.022352618676428265e-01
1.059221026284386108e-01, 4.468554835236094869e-01, 3.449837062761142437e-01, 1.022387075718374505e-01
1.059213009517603749e-01, 4.468572533825088677e-01, 3.449792995967350118e-01, 1.022421460689958150e-01
1.059204959470673862e-01, 4.468590129248079523e-01, 3.449749137734964832e-01, 1.022455773546283031e-01
1.059196876075998162e-01, 4.468607621531182628e-01, 3.449705488150289212e-01, 1.022490014242530693e-01
1.059188759266055518e-01, 4.468625010700689737e-01, 3.449662047299297263e-01, 1.022524182733957621e-01
1.059180608973399884e-01, 4.468642296783068013e-01, 3.449618815267636029e-01, 1.022558278975896351e-01
1.059172425130663203e-01, 4.468659479804959478e-01, 3.449575792140620045e-01, 1.022592302923757274e-01
1.059164207670552915e-01, 4.468676559793186009e-01, 3.449532978003235217e-01, 1.022626254533025303e-01
1.059155956525854730e-01, 4.468693536774744346e-01, 3.449490372940138827e-01, 1.022660133759262513e-01
1.059147671629429854e-01, 4.468710410776806086e-01, 3.449447977035656754e-01, 1.022693940558108000e-01
1.059139352914217624e-01, 4.468727181826719907e-01, 3.449405790373784031e-01, 1.022727674885276772e-01
1.059131000313233428e-01, 4.468743849952018232e-01, 3.449363813038186510e-01, 1.022761336696560580e-01
1.059122613759571063e-01, 4.468760415180398349e-01, 3.449322045112200863e-01, 1.022794925947827921e-01
1.059114193186400793e-01, 4.468776877539744619e-01, 3.449280486678829027e-01, 1.022828442595024867e-01
1.059105738526970181e-01, 4.468793237058113488e-01, 3.449239137820743206e-01, 1.022861886594173125e-01
1.059097249714604366e-01, 4.468809493763740703e-01, 3.449197998620285310e-01, 1.022895257901371702e-01
1.059088726682705928e-01, 4.468825647685034097e-01, 3.449157069159461964e-01, 1.022928556472797734e-01
1.059080169364755436e-01, 4.468841698850586908e-01, 3.449116349519954494e-01, 1.022961782264704134e-01
1.059071577694311178e-01, 4.468857647289162793e-01, 3.449075839783105613e-01, 1.022994935233422081e-01
1.059062951605008740e-01, 4.468873493029704158e-01, 3.449035540029928848e-01, 1.023028015335358948e-01
1.059054291030562395e-01, 4.468889236101333817e-01, 3.448995450341102997e-01, 1.023061022527000791e-01
1.059045595904763576e-01, 4.468904876533349446e-01, 3.448955570796977677e-01, 1.023093956764910550e-01
1.059036866161481433e-01, 4.468920414355224691e-01, 3.448915901477564439e-01, 1.023126818005728050e-01
1.059028101734665744e-01, 4.468935849596615828e-01, 3.448876442462547876e-01, 1.023159606206171662e-01
1.059019302558341230e-01, 4.468951182287350110e-01, 3.448837193831272852e-01, 1.023192321323036780e-01
1.059010468566612406e-01, 4.468966412457438531e-01, 3.448798155662752829e-01, 1.023224963313196650e-01
1.059001599693663170e-01, 4.468981540137064168e-01, 3.448759328035668204e-01, 1.023257532133603070e-01
1.058992695873754303e-01, 4.468996565356594397e-01, 3.448720711028365749e-01, 1.023290027741285552e-01
1.058983757041226381e-01, 4.469011488146568123e-01, 3.448682304718855285e-01, 1.023322450093350350e-01
1.058974783130497699e-01, 4.469026308537705217e-01, 3.448644109184813011e-01, 1.023354799146983241e-01
1.058965774076066346e-01, 4.469041026560903185e-01, 3.448606124503582615e-01, 1.023387074859448131e-01
1.058956729812507574e-01, 4.469055642247237725e-01, 3.448568350752168055e-01, 1.023419277188085397e-01
1.058947650274478791e-01, 4.469070155627962726e-01, 3.448530788007243553e-01, 1.023451406090316457e-01
1.058938535396712621e-01, 4.469084566734508046e-01, 3.448493436345140273e-01, 1.023483461523638505e-01
1.058929385114022598e-01, 4.469098875598484510e-01, 3.448456295841863528e-01, 1.023515443445628947e-01
1.058920199361302189e-01, 4.469113082251680580e-01, 3.448419366573075573e-01, 1.023547351813943185e-01
1.058910978073522857e-01, 4.469127186726059020e-01, 3.448382648614102264e-01, 1.023579186586314888e-01
1.058901721185736000e-01, 4.469141189053767449e-01, 3.448346142039939166e-01, 1.023610947720557385e-01
1.058892428633072674e-01, 4.469155089267128900e-01, 3.448309846925237121e-01, 1.023642635174561027e-01
1.058883100350743178e-01, 4.469168887398644041e-01, 3.448273763344317788e-01, 1.023674248906296935e-01
1.058873736274037053e-01, 4.469182583480990623e-01, 3.448237891371158659e-01, 1.023705788873813943e-01
1.058864336338324191e-01, 4.469196177547027915e-01, 3.448202231079406932e-01, 1.023737255035240268e-01
1.058854900479054145e-01, 4.469209669629793380e-01, 3.448166782542367859e-01, 1.023768647348783228e-01
1.058845428631756402e-01, 4.469223059762503225e-01, 3.448131545833010847e-01, 1.023799965772729526e-01
1.058835920732041080e-01, 4.469236347978549628e-01, 3.448096521023966132e-01, 1.023831210265444408e-01
1.058826376715595874e-01, 4.469249534311506289e-01, 3.448061708187526442e-01, 1.023862380785372506e-01
1.058816796518191883e-01, 4.469262618795122877e-01, 3.448027107395645885e-01, 1.023893477291039078e-01
1.058807180075677923e-01, 4.469275601463331693e-01, 3.447992718719943839e-01, 1.023924499741046962e-01
1.058797527323984966e-01, 4.469288482350243230e-01, 3.447958542231693846e-01, 1.023955448094079762e-01
1.058787838199122672e-01, 4.469301261490142840e-01, 3.447924578001834717e-01, 1.023986322308900188e-01
1.058778112637182439e-01, 4.469313938917498508e-01, 3.447890826100967199e-01, 1.024017122344351022e-01
1.058768350574336298e-01, 4.469326514666957517e-01, 3.447857286599351756e-01, 1.024047848159354568e-01
1.058758551946835796e-01, 4.469338988773344234e-01, 3.447823959566906904e-01, 1.024078499712913065e-01
1.058748716691014086e-01, 4.469351361271661771e-01, 3.447790845073215871e-01, 1.024109076964108273e-01
1.058738844743285085e-01, 4.469363632197095315e-01, 3.447757943187517160e-01, 1.024139579872101885e-01
1.058728936040143342e-01, 4.469375801585007690e-01, 3.447725253978712878e-01, 1.024170008396136505e-01
1.058718990518164871e-01, 4.469387869470938246e-01, 3.447692777515362073e-01, 1.024200362495533978e-01
1.058709008114006034e-01, 4.469399835890610073e-01, 3.447660513865685727e-01, 1.024230642129696639e-01
1.058698988764405352e-01, 4.469411700879924454e-01, 3.447628463097562879e-01, 1.024260847258107454e-01
1.058688932406181282e-01, 4.469423464474959751e-01, 3.447596625278530613e-01, 1.024290977840329186e-01
1.058678838976234576e-01, 4.469435126711972517e-01, 3.447565000475786845e-01, 1.024321033836004397e-01
1.058668708411547588e-01, 4.469446687627407488e-01, 3.447533588756186984e-01, 1.024351015204858356e-01
1.058658540649183022e-01, 4.469458147257878711e-01, 3.447502390186244492e-01, 1.024380921906694469e-01
1.058648335626285741e-01, 4.469469505640183415e-01, 3.447471404832131436e-01, 1.024410753901398297e-01
1.058638093280083597e-01, 4.469480762811302577e-01, 3.447440632759679602e-01, 1.024440511148935473e-01
1.058627813547883406e-01, 4.469491918808389253e-01, 3.447410074034376049e-01, 1.024470193609351848e-01
1.058617496367076638e-01, 4.469502973668781909e-01, 3.447379728721366443e-01, 1.024499801242776259e-01
1.058607141675134283e-01, 4.469513927429995537e-01, 3.447349596885455059e-01, 1.024529334009415538e-01
1.058596749409611570e-01, 4.469524780129727204e-01, 3.447319678591101999e-01, 1.024558791869559643e-01
1.058586319508143386e-01, 4.469535531805852169e-01, 3.447289973902426530e-01, 1.024588174783579303e-01
1.058575851908448856e-01, 4.469546182496424991e-01, 3.447260482883199306e-01, 1.024617482711925182e-01
1.058565346548328706e-01, 4.469556732239683416e-01, 3.447231205596856807e-01, 1.024646715615130932e-01
1.058554803365665542e-01, 4.469567181074040052e-01, 3.447202142106483569e-01, 1.024675873453810143e-01
1.058544222298424403e-01, 4.469577529038092356e-01, 3.447173292474824957e-01, 1.024704956188658422e-01
1.058533603284653318e-01, 4.469587776170613203e-01, 3.447144656764281057e-01, 1.024733963780452423e-01
1.058522946262482889e-01, 4.469597922510559762e-01, 3.447116235036907783e-01, 1.024762896190050537e-01
1.058512251170125318e-01, 4.469607968097064621e-01, 3.447088027354417439e-01, 1.024791753378392206e-01
1.058501517945876630e-01, 4.469617912969445772e-01, 3.447060033778177601e-01, 1.024820535306499580e-01
1.058490746528115284e-01, 4.469627757167197180e-01, 3.447032254369212789e-01, 1.024849241935475580e-01
1.058479936855302866e-01, 4.469637500729993773e-01, 3.447004689188198356e-01, 1.024877873226505420e-01
1.058469088865983398e-01, 4.469647143697690339e-01, 3.446977338295469373e-01, 1.024906429140855502e-01
1.058458202498784584e-01, 4.469656686110325960e-01, 3.446950201751015630e-01, 1.024934909639875907e-01
1.058447277692416422e-01, 4.469666128008112360e-01, 3.446923279614474422e-01, 1.024963314684995547e-01
1.058436314385673011e-01, 4.469675469431448889e-01, 3.446896571945149423e-01, 1.024991644237729232e-01
1.058425312517431577e-01, 4.469684710420909202e-01, 3.446870078801987369e-01, 1.025019898259670603e-01
1.058414272026652614e-01, 4.469693851017252917e-01, 3.446843800243596934e-01, 1.025048076712497952e-01
1.058403192852379188e-01, 4.469702891261415623e-01, 3.446817736328234849e-01, 1.025076179557970063e-01
1.058392074933739435e-01, 4.469711831194516094e-01, 3.446791887113816455e-01, 1.025104206757928849e-01
1.058380918209943650e-01, 4.469720670857849076e-01, 3.446766252657907370e-01, 1.025132158274298794e-01
1.058369722620287195e-01, 4.469729410292896388e-01, 3.446740833017729044e-01, 1.025160034069086956e-01
1.058358488104148148e-01, 4.469738049541316371e-01, 3.446715628250153762e-01, 1.025187834104382134e-01
1.058347214600989100e-01, 4.469746588644945562e-01, 3.446690638411707974e-01, 1.025215558342357086e-01
1.058335902050355493e-01, 4.469755027645805900e-01, 3.446665863558572851e-01, 1.025243206745265201e-01
1.058324550391878116e-01, 4.469763366586098630e-01, 3.446641303746577623e-01, 1.025270779275444938e-01
1.058313159565271860e-01, 4.469771605508202073e-01, 3.446616959031210126e-01, 1.025298275895316080e-01
1.058301729510334188e-01, 4.469779744454679404e-01, 3.446592829467604036e-01, 1.025325696567382233e-01
1.058290260166947910e-01, 4.469787783468271436e-01, 3.446568915110549969e-01, 1.025353041254229158e-01
1.058278751475080631e-01, 4.469795722591903830e-01, 3.446545216014489377e-01, 1.025380309918526300e-01
1.058267203374783916e-01, 4.469803561868676001e-01, 3.446521732233513435e-01, 1.025407502523025816e-01
1.058255615806193151e-01, 4.469811301341874987e-01, 3.446498463821369151e-01, 1.025434619030563127e-01
1.058243988709528932e-01, 4.469818941054963801e-01, 3.446475410831449371e-01, 1.025461659404056924e-01
1.058232322025096234e-01, 4.469826481051589195e-01, 3.446452573316803880e-01, 1.025488623606509164e-01
1.058220615693285654e-01, 4.469833921375577224e-01, 3.446429951330131081e-01, 1.025515511601005625e-01
1.058208869654571060e-01, 4.469841262070933796e-01, 3.446407544923779653e-01, 1.025542323350714935e-01
1.058197083849512082e-01, 4.469848503181848010e-01, 3.446385354149749669e-01, 1.025569058818889406e-01
1.058185258218753699e-01, 4.469855644752688262e-01, 3.446363379059692589e-01, 1.025595717968865173e-01
1.058173392703024712e-01, 4.469862686828004472e-01, 3.446341619704910153e-01, 1.025622300764061634e-01
1.058161487243139687e-01, 4.469869629452526416e-01, 3.446320076136352162e-01, 1.025648807167982152e-01
1.058149541779998676e-01, 4.469876472671165391e-01, 3.446298748404621470e-01, 1.025675237144214186e-01
1.058137556254586803e-01, 4.469883216529013659e-01, 3.446277636559971214e-01, 1.025701590656428325e-01
1.058125530607973985e-01, 4.469889861071342785e-01, 3.446256740652302586e-01, 1.025727867668379534e-01
1.058113464781316321e-01, 4.469896406343611406e-01, 3.446236060731165951e-01, 1.025754068143906461e-01
1.058101358715855256e-01, 4.469902852391450243e-01, 3.446215596845762508e-01, 1.025780192046932410e-01
1.058089212352916197e-01, 4.469909199260675980e-01, 3.446195349044942069e-01, 1.025806239341464504e-01
1.058077025633913787e-01, 4.469915446997286268e-01, 3.446175317377206393e-01, 1.025832209991593413e-01
1.058064798500344128e-01, 4.469921595647458057e-01, 3.446155501890700856e-01, 1.025858103961495293e-01
1.058052530893792836e-01, 4.469927645257552595e-01, 3.446135902633225556e-01, 1.025883921215429706e-01
1.058040222755928239e-01, 4.469933595874107102e-01, 3.446116519652223098e-01, 1.025909661717740035e-01
1.058027874028507065e-01, 4.469939447543844757e-01, 3.446097352994791363e-01, 1.025935325432856121e-01
1.058015484653370836e-01, 4.469945200313666378e-01, 3.446078402707672406e-01, 1.025960912325290519e-01
1.058003054572447116e-01, 4.469950854230654858e-01, 3.446059668837256895e-01, 1.025986422359641409e-01
1.057990583727750344e-01, 4.469956409342075720e-01, 3.446041151429583560e-01, 1.026011855500589820e-01
1.057978072061380170e-01, 4.469961865695374348e-01, 3.446022850530342518e-01, 1.026037211712903935e-01
1.057965519515523534e-01, 4.469967223338174866e-01, 3.446004766184865287e-01, 1.026062490961435619e-01
1.057952926032453833e-01, 4.469972482318287921e-01, 3.445986898438138102e-01, 1.026087693211121116e-01
1.057940291554529677e-01, 4.469977642683699015e-01, 3.445969247334788599e-01, 1.026112818426981738e-01
1.057927616024197798e-01, 4.469982704482581282e-01, 3.445951812919095802e-01, 1.026137866574124841e-01
1.057914899383990276e-01, 4.469987667763283823e-01, 3.445934595234984021e-01, 1.026162837617741463e-01
1.057902141576526622e-01, 4.469992532574339483e-01, 3.445917594326025069e-01, 1.026187731523108271e-01
1.057889342544512390e-01, 4.469997298964462629e-01, 3.445900810235437706e-01, 1.026212548255587415e-01
1.057876502230741533e-01, 4.470001966982545261e-01, 3.445884243006087644e-01, 1.026237287780625562e-01
1.057863620578092939e-01, 4.470006536677665343e-01, 3.445867892680486988e-01, 1.026261950063754869e-01
1.057850697529533340e-01, 4.470011008099077920e-01, 3.445851759300793682e-01, 1.026286535070593670e-01
1.057837733028117316e-01, 4.470015381296223445e-01, 3.445835842908815394e-01, 1.026311042766844261e-01
1.057824727016985489e-01, 4.470019656318718893e-01, 3.445820143545999525e-01, 1.026335473118295677e-01
1.057811679439366326e-01, 4.470023833216366094e-01, 3.445804661253446532e-01, 1.026359826090822436e-01
1.057798590238574060e-01, 4.470027912039146178e-01, 3.445789396071896049e-01, 1.026384101650382602e-01
1.057785459358012714e-01, 4.470031892837224019e-01, 3.445774348041739654e-01, 1.026408299763023474e-01
1.057772286741172352e-01, 4.470035775660941013e-01, 3.445759517203010880e-01, 1.026432420394875061e-01
1.057759072331630468e-01, 4.470039560560826186e-01, 3.445744903595389652e-01, 1.026456463512154388e-01
1.057745816073051986e-01, 4.470043247587583424e-01, 3.445730507258200626e-01, 1.026480429081164381e-01
1.057732517909190789e-01, 4.470046836792101463e-01, 3.445716328230415404e-01, 1.026504317068293037e-01
1.057719177783887077e-01, 4.470050328225448899e-01, 3.445702366550648099e-01, 1.026528127440015786e-01
1.057705795641068619e-01, 4.470053721938876956e-01, 3.445688622257159772e-01, 1.026551860162893126e-01
1.057692371424752836e-01, 4.470057017983817826e-01, 3.445675095387857323e-01, 1.026575515203571182e-01
1.057678905079043191e-01, 4.470060216411884113e-01, 3.445661785980287939e-01, 1.026599092528783785e-01
1.057665396548132519e-01, 4.470063317274869386e-01, 3.445648694071647977e-01, 1.026622592105348869e-01
1.057651845776300115e-01, 4.470066320624750955e-01, 3.445635819698775193e-01, 1.026646013900173182e-01
1.057638252707915477e-01, 4.470069226513683769e-01, 3.445623162898153735e-01, 1.026669357880247019e-01
1.057624617287434843e-01, 4.470072034994006516e-01, 3.445610723705909706e-01, 1.026692624012649352e-01
1.057610939459403127e-01, 4.470074746118237186e-01, 3.445598502157814491e-01, 1.026715812264545058e-01
1.057597219168453784e-01, 4.470077359939077510e-01, 3.445586498289284760e-01, 1.026738922603184501e-01
1.057583456359307839e-01, 4.470079876509407968e-01, 3.445574712135376916e-01, 1.026761954995905751e-01
1.057569650976776660e-01, 4.470082295882294443e-01, 3.445563143730795419e-01, 1.026784909410133478e-01
1.057555802965758213e-01, 4.470084618110978791e-01, 3.445551793109885019e-01, 1.026807785813378254e-01
1.057541912271240253e-01, 4.470086843248886610e-01, 3.445540660306634639e-01, 1.026830584173238220e-01
1.057527978838298521e-01, 4.470088971349626128e-01, 3.445529745354678486e-01, 1.026853304457397698e-01
1.057514002612098408e-01, 4.470091002466982100e-01, 3.445519048287290498e-01, 1.026875946633628300e-01
1.057499983537893429e-01, 4.470092936654926907e-01, 3.445508569137390453e-01, 1.026898510669788517e-01
1.057485921561026471e-01, 4.470094773967608903e-01, 3.445498307937541194e-01, 1.026920996533824265e-01
1.057471816626928823e-01, 4.470096514459361292e-01, 3.445488264719942517e-01, 1.026943404193767645e-01
1.057457668681121427e-01, 4.470098158184696024e-01, 3.445478439516446167e-01, 1.026965733617738324e-01
1.057443477669213761e-01, 4.470099705198305462e-01, 3.445468832358538624e-01, 1.026987984773943124e-01
1.057429243536905233e-01, 4.470101155555066819e-01, 3.445459443277352207e-01, 1.027010157630675741e-01
1.057414966229984349e-01, 4.470102509310035499e-01, 3.445450272303661743e-01, 1.027032252156318826e-01
1.057400645694328289e-01, 4.470103766518450095e-01, 3.445441319467882346e-01, 1.027054268319339547e-01
1.057386281875904166e-01, 4.470104927235727388e-01, 3.445432584800073306e-01, 1.027076206088295418e-01
1.057371874720768462e-01, 4.470105991517469568e-01, 3.445424068329933642e-01, 1.027098065431828883e-01
1.057357424175067728e-01, 4.470106959419455905e-01, 3.445415770086806551e-01, 1.027119846318672036e-01
1.057342930185036500e-01, 4.470107830997648302e-01, 3.445407690099673292e-01, 1.027141548717642322e-01
1.057328392697001185e-01, 4.470108606308190735e-01, 3.445399828397160968e-01, 1.027163172597647806e-01
1.057313811657376174e-01, 4.470109285407406485e-01, 3.445392185007535302e-01, 1.027184717927681346e-01
1.057299187012666203e-01, 4.470109868351803128e-01, 3.445384759958706189e-01, 1.027206184676824896e-01
1.057284518709467186e-01, 4.470110355198064767e-01, 3.445377553278220484e-01, 1.027227572814248535e-01
1.057269806694461911e-01, 4.470110746003059798e-01, 3.445370564993269213e-01, 1.027248882309209077e-01
1.057255050914426564e-01, 4.470111040823838144e-01, 3.445363795130683138e-01, 1.027270113131052987e-01
1.057240251316224622e-01, 4.470111239717626805e-01, 3.445357243716934414e-01, 1.027291265249212632e-01
1.057225407846812404e-01, 4.470111342741839855e-01, 3.445350910778138820e-01, 1.027312338633210032e-01
1.057210520453233660e-01, 4.470111349954064561e-01, 3.445344796340045757e-01, 1.027333333252655051e-01
1.057195589082624981e-01, 4.470111261412078041e-01, 3.445338900428052131e-01, 1.027354249077244153e-01
1.057180613682210946e-01, 4.470111077173830605e-01, 3.445333223067191808e-01, 1.027375086076764699e-01
1.057165594199308556e-01, 4.470110797297459637e-01, 3.445327764282140603e-01, 1.027395844221090510e-01
1.057150530581323772e-01, 4.470110421841279047e-01, 3.445322524097213512e-01, 1.027416523480183946e-01
1.057135422775754008e-01, 4.470109950863785930e-01, 3.445317502536365262e-01, 1.027437123824095355e-01
1.057120270730186884e-01, 4.470109384423657239e-01, 3.445312699623192532e-01, 1.027457645222964733e-01
1.057105074392300503e-01, 4.470108722579750893e-01, 3.445308115380928959e-01, 1.027478087647019506e-01
1.057089833709864840e-01, 4.470107965391106886e-01, 3.445303749832452356e-01, 1.027498451066576474e-01
1.057074548630738964e-01, 4.470107112916945069e-01, 3.445299603000275823e-01, 1.027518735452040005e-01
1.057059219102874509e-01, 4.470106165216666261e-01, 3.445295674906555528e-01, 1.027538940773904258e-01
1.057043845074312760e-01, 4.470105122349852245e-01, 3.445291965573086257e-01, 1.027559067002750820e-01
1.057028426493186318e-01, 4.470103984376264106e-01, 3.445288475021299202e-01, 1.027579114109251485e-01
1.057012963307718684e-01, 4.470102751355847226e-01, 3.445285203272268615e-01, 1.027599082064165892e-01
1.056997455466225228e-01, 4.470101423348722958e-01, 3.445282150346707928e-01, 1.027618970838342360e-01
1.056981902917112498e-01, 4.470100000415200281e-01, 3.445279316264969194e-01, 1.027638780402719415e-01
1.056966305608876555e-01, 4.470098482615758595e-01, 3.445276701047040868e-01, 1.027658510728323010e-01
1.056950663490106995e-01, 4.470096870011069923e-01, 3.445274304712553914e-01, 1.027678161786268890e-01
1.056934976509484037e-01, 4.470095162661977817e-01, 3.445272127280777363e-01, 1.027697733547761894e-01
1.056919244615778658e-01, 4.470093360629509016e-01, 3.445270168770617203e-01, 1.027717225984095956e-01
1.056903467757853293e-01, 4.470091463974873447e-01, 3.445268429200619154e-01, 1.027736639066653690e-01
1.056887645884663773e-01, 4.470089472759457561e-01, 3.445266908588970334e-01, 1.027755972766908193e-01
1.056871778945255580e-01, 4.470087387044832106e-01, 3.445265606953490933e-01, 1.027775227056420132e-01
1.056855866888766621e-01, 4.470085206892746021e-01, 3.445264524311644760e-01, 1.027794401906841765e-01
1.056839909664427091e-01, 4.470082932365130324e-01, 3.445263660680531470e-01, 1.027813497289912226e-01
1.056823907221557113e-01, 4.470080563524092554e-01, 3.445263016076888785e-01, 1.027832513177461410e-01
1.056807859509571318e-01, 4.470078100431926771e-01, 3.445262590517091938e-01, 1.027851449541409001e-01
1.056791766477974265e-01, 4.470075543151103559e-01, 3.445262384017157564e-01, 1.027870306353763780e-01
1.056775628076363632e-01, 4.470072891744274468e-01, 3.445262396592737031e-01, 1.027889083586624314e-01
1.056759444254428554e-01, 4.470070146274272016e-01, 3.445262628259120885e-01, 1.027907781212178268e-01
1.056743214961950450e-01, 4.470067306804108020e-01, 3.445263079031237741e-01, 1.027926399202704066e-01
1.056726940148803723e-01, 4.470064373396974711e-01, 3.445263748923653169e-01, 1.027944937530568814e-01
1.056710619764953396e-01, 4.470061346116245837e-01, 3.445264637950570807e-01, 1.027963396168230237e-01
1.056694253760457891e-01, 4.470058225025474452e-01, 3.445265746125832917e-01, 1.027981775088234878e-01
1.056677842085468055e-01, 4.470055010188395128e-01, 3.445267073462917051e-01, 1.028000074263220598e-01
1.056661384690226885e-01, 4.470051701668919519e-01, 3.445268619974939939e-01, 1.028018293665914212e-01
1.056644881525069801e-01, 4.470048299531141356e-01, 3.445270385674655822e-01, 1.028036433269132743e-01
1.056628332540425347e-01, 4.470044803839335890e-01, 3.445272370574456455e-01, 1.028054493045784112e-01
1.056611737686813240e-01, 4.470041214657955453e-01, 3.445274574686367219e-01, 1.028072472968863948e-01
1.056595096914847987e-01, 4.470037532051635010e-01, 3.445276998022054893e-01, 1.028090373011461417e-01
1.056578410175235266e-01, 4.470033756085188825e-01, 3.445279640592823212e-01, 1.028108193146753946e-01
1.056561677418774020e-01, 4.470029886823608245e-01, 3.445282502409608982e-01, 1.028125933348008475e-01
1.056544898596355753e-01, 4.470025924332070022e-01, 3.445285583482990965e-01, 1.028143593588583676e-01
1.056528073658965505e-01, 4.470021868675925214e-01, 3.445288883823179882e-01, 1.028161173841928427e-01
1.056511202557680607e-01, 4.470017719920710286e-01, 3.445292403440027296e-01, 1.028178674081581673e-01
1.056494285243672615e-01, 4.470013478132135454e-01, 3.445296142343019508e-01, 1.028196094281172701e-01
1.056477321668204405e-01, 4.470009143376094674e-01, 3.445300100541278110e-01, 1.028213434414421562e-01
1.056460311782633499e-01, 4.470004715718661203e-01, 3.445304278043566093e-01, 1.028230694455138788e-01
1.056443255538409426e-01, 4.470000195226087047e-01, 3.445308674858278408e-01, 1.028247874377225118e-01
1.056426152887076503e-01, 4.469995581964804621e-01, 3.445313290993446964e-01, 1.028264974154672468e-01
1.056409003780270500e-01, 4.469990876001424529e-01, 3.445318126456739516e-01, 1.028281993761563790e-01
1.056391808169722391e-01, 4.469986077402740010e-01, 3.445323181255465772e-01, 1.028298933172071966e-01
1.056374566007255711e-01, 4.469981186235719717e-01, 3.445328455396564626e-01, 1.028315792360461056e-01
1.056357277244786980e-01, 4.469976202567514378e-01, 3.445333948886613595e-01, 1.028332571301084908e-01
1.056339941834327084e-01, 4.469971126465455136e-01, 3.445339661731826597e-01, 1.028349269968390489e-01
1.056322559727980587e-01, 4.469965957997049655e-01, 3.445345593938055617e-01, 1.028365888336914141e-01
1.056305130877945170e-01, 4.469960697229986013e-01, 3.445351745510784047e-01, 1.028382426381283382e-01
1.056287655236512746e-01, 4.469955344232134364e-01, 3.445358116455135566e-01, 1.028398884076216629e-01
1.056270132756068209e-01, 4.469949899071538613e-01, 3.445364706775868591e-01, 1.028415261396524172e-01
1.056252563389091514e-01, 4.469944361816427514e-01, 3.445371516477375162e-01, 1.028431558317106365e-01
1.056234947088155324e-01, 4.469938732535204129e-01, 3.445378545563685391e-01, 1.028447774812955157e-01
1.056217283805927359e-01, 4.469933011296455261e-01, 3.445385794038464122e-01, 1.028463910859153813e-01
1.056199573495167909e-01, 4.469927198168943683e-01, 3.445393261905011495e-01, 1.028479966430877329e-01
1.056181816108733573e-01, 4.469921293221610359e-01, 3.445400949166265714e-01, 1.028495941503390493e-01
1.056164011599571989e-01, 4.469915296523578885e-01, 3.445408855824796390e-01, 1.028511836052051071e-01
1.056146159920728356e-01, 4.469909208144151602e-01, 3.445416981882812313e-01, 1.028527650052307729e-01
1.056128261025339327e-01, 4.469903028152803492e-01, 3.445425327342156452e-01, 1.028543383479700035e-01
1.056110314866637589e-01, 4.469896756619196054e-01, 3.445433892204305959e-01, 1.028559036309859565e-01
1.056092321397949230e-01, 4.469890393613165647e-01, 3.445442676470374943e-01, 1.028574608518509209e-01
1.056074280572695673e-01, 4.469883939204727930e-01, 3.445451680141112250e-01, 1.028590100081463593e-01
1.056056192344390771e-01, 4.469877393464077864e-01, 3.445460903216902571e-01, 1.028605510974628656e-01
1.056038056666645797e-01, 4.469870756461586936e-01, 3.445470345697763115e-01, 1.028620841174002487e-01
1.056019873493164313e-01, 4.469864028267809819e-01, 3.445480007583350268e-01, 1.028636090655674351e-01
1.056001642777745914e-01, 4.469857208953475491e-01, 3.445489888872952933e-01, 1.028651259395825801e-01
1.055983364474283592e-01, 4.469850298589492232e-01, 3.445499989565495302e-01, 1.028666347370728873e-01
1.055965038536765821e-01, 4.469843297246947622e-01, 3.445510309659536308e-01, 1.028681354556749694e-01
1.055946664919276273e-01, 4.469836204997106877e-01, 3.445520849153272946e-01, 1.028696280930344598e-01
1.055928243575992020e-01, 4.469829021911415068e-01, 3.445531608044531402e-01, 1.028711126468062481e-01
1.055909774461186723e-01, 4.469821748061492683e-01, 3.445542586330777035e-01, 1.028725891146543003e-01
1.055891257529227717e-01, 4.469814383519142287e-01, 3.445553784009109943e-01, 1.028740574942519775e-01
1.055872692734578233e-01, 4.469806928356340192e-01, 3.445565201076262740e-01, 1.028755177832817308e-01
1.055854080031796288e-01, 4.469799382645245345e-01, 3.445576837528606107e-01, 1.028769699794352538e-01
1.055835419375533990e-01, 4.469791746458191550e-01, 3.445588693362141575e-01, 1.028784140804133579e-01
1.055816710720540313e-01, 4.469784019867690250e-01, 3.445600768572507633e-01, 1.028798500839262359e-01
1.055797954021657631e-01, 4.469776202946434407e-01, 3.445613063154976397e-01, 1.028812779876931427e-01
1.055779149233825598e-01, 4.469768295767290733e-01, 3.445625577104457493e-01, 1.028826977894427147e-01
1.055760296312077545e-01, 4.469760298403306908e-01, 3.445638310415489736e-01, 1.028841094869126921e-01
1.055741395211542144e-01, 4.469752210927704916e-01, 3.445651263082251115e-01, 1.028855130778500715e-01
1.055722445887445488e-01, 4.469744033413889928e-01, 3.445664435098552691e-01, 1.028869085600112032e-01
1.055703448295106373e-01, 4.469735765935438088e-01, 3.445677826457839710e-01, 1.028882959311614581e-01
1.055684402389940602e-01, 4.469727408566109839e-01, 3.445691437153192149e-01, 1.028896751890757133e-01
1.055665308127460428e-01, 4.469718961379836597e-01, 3.445705267177324171e-01, 1.028910463315378804e-01
1.055646165463270808e-01, 4.469710424450730746e-01, 3.445719316522584119e-01, 1.028924093563412662e-01
1.055626974353076619e-01, 4.469701797853083969e-01, 3.445733585180956182e-01, 1.028937642612883369e-01
1.055607734752673776e-01, 4.469693081661361700e-01, 3.445748073144057622e-01, 1.028951110441908429e-01
1.055588446617957560e-01, 4.469684275950207009e-01, 3.445762780403137659e-01, 1.028964497028699021e-01
1.055569109904917063e-01, 4.469675380794441155e-01, 3.445777706949085251e-01, 1.028977802351557502e-01
1.055549724569638109e-01, 4.469666396269063036e-01, 3.445792852772417980e-01, 1.028991026388880181e-01
1.055530290568302970e-01, 4.469657322449249182e-01, 3.445808217863292056e-01, 1.029004169119155654e-01
1.055510807857188565e-01, 4.469648159410349875e-01, 3.445823802211496201e-01, 1.029017230520965082e-01
1.055491276392668126e-01, 4.469638907227896363e-01, 3.445839605806451100e-01, 1.029030210572983023e-01
1.055471696131211889e-01, 4.469629565977595309e-01, 3.445855628637216617e-01, 1.029043109253977017e-01
1.055452067029384877e-01, 4.469620135735327127e-01, 3.445871870692481798e-01, 1.029055926542805921e-01
1.055432389043849811e-01, 4.469610616577153195e-01, 3.445888331960572093e-01, 1.029068662418424068e-01
1.055412662131364337e-01, 4.469601008579310863e-01, 3.445905012429447134e-01, 1.029081316859877526e-01
1.055392886248783246e-01, 4.469591311818211787e-01, 3.445921912086701289e-01, 1.029093889846304788e-01
1.055373061353055836e-01, 4.469581526370444702e-01, 3.445939030919559221e-01, 1.029106381356938577e-01
1.055353187401231185e-01, 4.469571652312777643e-01, 3.445956368914886436e-01, 1.029118791371104596e-01
1.055333264350451355e-01, 4.469561689722152953e-01, 3.445973926059174297e-01, 1.029131119868220284e-01
1.055313292157956245e-01, 4.469551638675688943e-01, 3.445991702338554452e-01, 1.029143366827798833e-01
1.055293270781082898e-01, 4.469541499250682115e-01, 3.446009697738790512e-01, 1.029155532229444198e-01
1.055273200177264253e-01, 4.469531271524601057e-01, 3.446027912245279157e-01, 1.029167616052855533e-01
1.055253080304029423e-01, 4.469520955575094767e-01, 3.446046345843052916e-01, 1.029179618277823449e-01
1.055232911119004108e-01, 4.469510551479985994e-01, 3.446064998516775724e-01, 1.029191538884233481e-01
1.055212692579912265e-01, 4.469500059317275120e-01, 3.446083870250747916e-01, 1.029203377852063866e-01
1.055192424644572774e-01, 4.469489479165136836e-01, 3.446102961028903455e-01, 1.029215135161386657e-01
1.055172107270902770e-01, 4.469478811101921800e-01, 3.446122270834807710e-01, 1.029226810792366470e-01
1.055151740416914175e-01, 4.469468055206158308e-01, 3.446141799651664117e-01, 1.029238404725262429e-01
1.055131324040718549e-01, 4.469457211556549514e-01, 3.446161547462306407e-01, 1.029249916940426640e-01
1.055110858100521548e-01, 4.469446280231971214e-01, 3.446181514249203048e-01, 1.029261347418305300e-01
1.055090342554627914e-01, 4.469435261311476837e-01, 3.446201699994458911e-01, 1.029272696139436477e-01
1.055069777361438976e-01, 4.469424154874297450e-01, 3.446222104679809162e-01, 1.029283963084454828e-01
1.055049162479451547e-01, 4.469412960999836759e-01, 3.446242728286625367e-01, 1.029295148234086188e-01
1.055028497867261938e-01, 4.469401679767676105e-01, 3.446263570795911613e-01, 1.029306251569150898e-01
1.055007783483561667e-01, 4.469390311257568360e-01, 3.446284632188305608e-01, 1.029317273070563532e-01
1.054987019287141198e-01, 4.469378855549445695e-01, 3.446305912444082575e-01, 1.029328212719331642e-01
1.054966205236886473e-01, 4.469367312723411256e-01, 3.446327411543145258e-01, 1.029339070496557290e-01
1.054945341291781136e-01, 4.469355682859746937e-01, 3.446349129465036132e-01, 1.029349846383435796e-01
1.054924427410907778e-01, 4.469343966038907268e-01, 3.446371066188929633e-01, 1.029360540361256571e-01
1.054903463553443499e-01, 4.469332162341521641e-01, 3.446393221693632158e-01, 1.029371152411402701e-01
1.054882449678665457e-01, 4.469320271848397086e-01, 3.446415595957585953e-01, 1.029381682515352336e-01
1.054861385745947122e-01, 4.469308294640508827e-01, 3.446438188958867999e-01, 1.029392130654676191e-01
1.054840271714759248e-01, 4.469296230799014169e-01, 3.446461000675186681e-01, 1.029402496811039208e-01
1.054819107544670703e-01, 4.469284080405241388e-01, 3.446484031083886235e-01, 1.029412780966200980e-01
1.054797893195347780e-01, 4.469271843540693623e-01, 3.446507280161943410e-01, 1.029422983102015188e-01
1.054776628626553914e-01, 4.469259520287045540e-01, 3.446530747885970247e-01, 1.029433103200428912e-01
1.054755313798150657e-01, 4.469247110726151107e-01, 3.446554434232212971e-01, 1.029443141243484017e-01
1.054733948670097538e-01, 4.469234614940033601e-01, 3.446578339176550876e-01, 1.029453097213316320e-01
1.054712533202451508e-01, 4.469222033010896711e-01, 3.446602462694496882e-01, 1.029462971092155038e-01
1.054691067355367079e-01, 4.469209365021111213e-01, 3.446626804761197538e-01, 1.029472762862325558e-01
1.054669551089097018e-01, 4.469196611053223300e-01, 3.446651365351433571e-01, 1.029482472506245416e-01
1.054647984363991375e-01, 4.469183771189957910e-01, 3.446676144439622114e-01, 1.029492100006428185e-01
1.054626367140499288e-01, 4.469170845514208734e-01, 3.446701141999812257e-01, 1.029501645345480276e-01
1.054604699379166899e-01, 4.469157834109043770e-01, 3.446726358005686719e-01, 1.029511108506103584e-01
1.054582981040637912e-01, 4.469144737057705874e-01, 3.446751792430561845e-01, 1.029520489471093814e-01
1.054561212085655675e-01, 4.469131554443612209e-01, 3.446777445247390936e-01, 1.029529788223341041e-01
1.054539392475060261e-01, 4.469118286350350355e-01, 3.446803316428758146e-01, 1.029539004745830266e-01
1.054517522169790694e-01, 4.469104932861683865e-01, 3.446829405946884028e-01, 1.029548139021640579e-01
1.054495601130883420e-01, 4.469091494061548930e-01, 3.446855713773622210e-01, 1.029557191033945995e-01
1.054473629319473416e-01, 4.469077970034053271e-01, 3.446882239880459942e-01, 1.029566160766013927e-01
1.054451606696794053e-01, 4.469064360863478913e-01, 3.446908984238518658e-01, 1.029575048201207960e-01
1.054429533224177096e-01, 4.469050666634280522e-01, 3.446935946818556196e-01, 1.029583853322984938e-01
1.054407408863052564e-01, 4.469036887431088734e-01, 3.446963127590961240e-01, 1.029592576114897740e-01
1.054385233574947900e-01, 4.469023023338700717e-01, 3.446990526525759990e-01, 1.029601216560591948e-01
1.054363007321490742e-01, 4.469009074442089613e-01, 3.447018143592610051e-01, 1.029609774643809456e-01
1.054340730064405735e-01, 4.468995040826403975e-01, 3.447045978760804874e-01, 1.029618250348386804e-01
1.054318401765516888e-01, 4.468980922576958337e-01, 3.447074031999272647e-01, 1.029626643658254348e-01
1.054296022386745774e-01, 4.468966719779244867e-01, 3.447102303276572410e-01, 1.029634954557437088e-01
1.054273591890113188e-01, 4.468952432518926154e-01, 3.447130792560902934e-01, 1.029643183030056475e-01
1.054251110237738737e-01, 4.468938060881839647e-01, 3.447159499820094397e-01, 1.029651329060326942e-01
1.054228577391840699e-01, 4.468923604953988771e-01, 3.447188425021611713e-01, 1.029659392632559234e-01
1.054205993314735051e-01, 4.468909064821555144e-01, 3.447217568132552312e-01, 1.029667373731157631e-01
1.054183357968837137e-01, 4.468894440570889137e-01, 3.447246929119652803e-01, 1.029675272340622449e-01
1.054160671316661246e-01, 4.468879732288512097e-01, 3.447276507949278979e-01, 1.029683088445547817e-01
1.054137933320820480e-01, 4.468864940061120783e-01, 3.447306304587433590e-01, 1.029690822030624314e-01
1.054115143944025917e-01, 4.468850063975580711e-01, 3.447336318999756899e-01, 1.029698473080635779e-01
1.054092303149088972e-01, 4.468835104118928925e-01, 3.447366551151519465e-01, 1.029706041580463194e-01
1.054069410898918202e-01, 4.468820060578375108e-01, 3.447397001007625472e-01, 1.029713527515080246e-01
1.054046467156522920e-01, 4.468804933441298810e-01, 3.447427668532619949e-01, 1.029720930869557211e-01
1.054023471885010277e-01, 4.468789722795253883e-01, 3.447458553690677108e-01, 1.029728251629058872e-01
1.054000425047586093e-01, 4.468774428727961268e-01, 3.447489656445608119e-01, 1.029735489778845353e-01
1.053977326607555970e-01, 4.468759051327312881e-01, 3.447520976760857780e-01, 1.029742645304271564e-01
1.053954176528325154e-01, 4.468743590681378275e-01, 3.447552514599508400e-01, 1.029749718190788588e-01
1.053930974773396728e-01, 4.468728046878389093e-01, 3.447584269924273692e-01, 1.029756708423941736e-01
1.053907721306373280e-01, 4.468712420006751840e-01, 3.447616242697503219e-01, 1.029763615989370690e-01
1.053884416090957732e-01, 4.468696710155043994e-01, 3.447648432881184055e-01, 1.029770440872813109e-01
1.053861059090950708e-01, 4.468680917412014009e-01, 3.447680840436936900e-01, 1.029777183060099632e-01
1.053837650270251641e-01, 4.468665041866577425e-01, 3.447713465326013860e-01, 1.029783842537156241e-01
1.053814189592862521e-01, 4.468649083607824646e-01, 3.447746307509308439e-01, 1.029790419290005921e-01
1.053790677022880540e-01, 4.468633042725010940e-01, 3.447779366947343327e-01, 1.029796913304765194e-01
1.053767112524504890e-01, 4.468616919307565327e-01, 3.447812643600282057e-01, 1.029803324567646894e-01
1.053743496062033436e-01, 4.468600713445089467e-01, 3.447846137427919011e-01, 1.029809653064958641e-01
1.053719827599863407e-01, 4.468584425227347112e-01, 3.447879848389684421e-01, 1.029815898783104089e-01
1.053696107102491814e-01, 4.468568054744278539e-01, 3.447913776444647693e-01, 1.029822061708582231e-01
1.053672334534514338e-01, 4.468551602085990004e-01, 3.447947921551508532e-01, 1.029828141827987403e-01
1.053648509860627275e-01, 4.468535067342760958e-01, 3.447982283668604708e-01, 1.029834139128009141e-01
1.053624633045625175e-01, 4.468518450605034609e-01, 3.448016862753908174e-01, 1.029840053595432597e-01
1.053600704054403758e-01, 4.468501751963428470e-01, 3.448051658765028948e-01, 1.029845885217138268e-01
1.053576722851957692e-01, 4.468484971508728254e-01, 3.448086671659210678e-01, 1.029851633980103653e-01
1.053552689403380455e-01, 4.468468109331886207e-01, 3.448121901393333411e-01, 1.029857299871399789e-01
1.053528603673866831e-01, 4.468451165524028879e-01, 3.448157347923910265e-01, 1.029862882878193608e-01
1.053504465628709585e-01, 4.468434140176446023e-01, 3.448193011207095204e-01, 1.029868382987749464e-01
1.053480275233302649e-01, 4.468417033380597814e-01, 3.448228891198672486e-01, 1.029873800187425664e-01
1.053456032453139180e-01, 4.468399845228117062e-01, 3.448264987854068320e-01, 1.029879134464676826e-01
1.053431737253812117e-01, 4.468382575810797563e-01, 3.448301301128338103e-01, 1.029884385807052077e-01
1.053407389601014321e-01, 4.468365225220609083e-01, 3.448337830976179186e-01, 1.029889554202197827e-01
1.053382989460538294e-01, 4.468347793549685698e-01, 3.448374577351920323e-01, 1.029894639637856102e-01
1.053358536798276873e-01, 4.468330280890330797e-01, 3.448411540209529447e-01, 1.029899642101862745e-01
1.053334031580222957e-01, 4.468312687335014854e-01, 3.448448719502609783e-01, 1.029904561582151989e-01
1.053309473772468807e-01, 4.468295012976377656e-01, 3.448486115184400957e-01, 1.029909398066752024e-01
1.053284863341207162e-01, 4.468277257907226629e-01, 3.448523727207778444e-01, 1.029914151543787487e-01
1.053260200252730400e-01, 4.468259422220536847e-01, 3.448561555525253564e-01, 1.029918822001478912e-01
1.053235484473431516e-01, 4.468241506009449360e-01, 3.448599600088977368e-01, 1.029923409428142311e-01
1.053210715969803146e-01, 4.468223509367275637e-01, 3.448637860850731762e-01, 1.029927913812189733e-01
1.053185894708437848e-01, 4.468205432387493126e-01, 3.448676337761940047e-01, 1.029932335142128980e-01
1.053161020656029623e-01, 4.468187275163744698e-01, 3.448715030773660817e-01, 1.029936673406564168e-01
1.053136093779370869e-01, 4.468169037789845865e-01, 3.448753939836589066e-01, 1.029940928594195171e-01
1.053111114045355012e-01, 4.468150720359773120e-01, 3.448793064901055638e-01, 1.029945100693817200e-01
1.053086081420976511e-01, 4.468132322967671710e-01, 3.448832405917030552e-01, 1.029949189694321782e-01
1.053060995873328354e-01, 4.468113845707856746e-01, 3.448871962834118010e-01, 1.029953195584696751e-01
1.053035857369605255e-01, 4.468095288674807097e-01, 3.448911735601561390e-01, 1.029957118354026119e-01
1.053010665877102126e-01, 4.468076651963167611e-01, 3.448951724168241029e-01, 1.029960957991488957e-01
1.052985421363213936e-01, 4.468057935667752445e-01, 3.448991928482673108e-01, 1.029964714486360788e-01
1.052960123795435021e-01, 4.468039139883538402e-01, 3.449032348493011879e-01, 1.029968387828013587e-01
1.052934773141362274e-01, 4.468020264705672706e-01, 3.449072984147049659e-01, 1.029971978005914668e-01
1.052909369368691256e-01, 4.468001310229465228e-01, 3.449113835392214611e-01, 1.029975485009628072e-01
1.052883912445219117e-01, 4.467982276550394038e-01, 3.449154902175572968e-01, 1.029978908828813322e-01
1.052858402338842370e-01, 4.467963163764101520e-01, 3.449196184443828472e-01, 1.029982249453226667e-01
1.052832839017558697e-01, 4.467943971966398253e-01, 3.449237682143323491e-01, 1.029985506872720114e-01
1.052807222449466951e-01, 4.467924701253255249e-01, 3.449279395220036792e-01, 1.029988681077241841e-01
1.052781552602764653e-01, 4.467905351720814489e-01, 3.449321323619584101e-01, 1.029991772056835370e-01
1.052755829445752578e-01, 4.467885923465382270e-01, 3.449363467287224205e-01, 1.029994779801642613e-01
1.052730052946829614e-01, 4.467866416583425870e-01, 3.449405826167846190e-01, 1.029997704301899852e-01
1.052704223074496792e-01, 4.467846831171581878e-01, 3.449448400205980536e-01, 1.030000545547939267e-01
1.052678339797355894e-01, 4.467827167326652305e-01, 3.449491189345799680e-01, 1.030003303530190456e-01
1.052652403084107929e-01, 4.467807425145602918e-01, 3.449534193531109127e-01, 1.030005978239179054e-01
1.052626412903556463e-01, 4.467787604725562134e-01, 3.449577412705355228e-01, 1.030008569665526313e-01
1.052600369224604426e-01, 4.467767706163825459e-01, 3.449620846811620734e-01, 1.030011077799950076e-01
1.052574272016256335e-01, 4.467747729557850489e-01, 3.449664495792629793e-01, 1.030013502633264633e-01
1.052548121247617180e-01, 4.467727675005261911e-01, 3.449708359590741291e-01, 1.030015844156379756e-01
1.052521916887892706e-01, 4.467707542603848725e-01, 3.449752438147957734e-01, 1.030018102360302640e-01
1.052495658906389686e-01, 4.467687332451560356e-01, 3.449796731405914696e-01, 1.030020277236136650e-01
1.052469347272515510e-01, 4.467667044646512209e-01, 3.449841239305890817e-01, 1.030022368775080216e-01
1.052442981955778872e-01, 4.467646679286987332e-01, 3.449885961788803357e-01, 1.030024376968429606e-01
1.052416562925789084e-01, 4.467626236471426426e-01, 3.449930898795207646e-01, 1.030026301807576983e-01
1.052390090152256624e-01, 4.467605716298437279e-01, 3.449976050265295413e-01, 1.030028143284010128e-01
1.052363563604992586e-01, 4.467585118866789218e-01, 3.450021416138904229e-01, 1.030029901389314523e-01
1.052336983253909231e-01, 4.467564444275415325e-01, 3.450066996355504734e-01, 1.030031576115170711e-01
1.052310349069019990e-01, 4.467543692623414664e-01, 3.450112790854209521e-01, 1.030033167453356657e-01
1.052283661020439326e-01, 4.467522864010043948e-01, 3.450158799573772028e-01, 1.030034675395746502e-01
1.052256919078382175e-01, 4.467501958534727535e-01, 3.450205022452580983e-01, 1.030036099934310001e-01
1.052230123213164920e-01, 4.467480976297050210e-01, 3.450251459428671508e-01, 1.030037441061113918e-01
1.052203273395205391e-01, 4.467459917396759961e-01, 3.450298110439711796e-01, 1.030038698768322575e-01
1.052176369595022587e-01, 4.467438781933767422e-01, 3.450344975423014771e-01, 1.030039873048194943e-01
1.052149411783235566e-01, 4.467417570008146432e-01, 3.450392054315530865e-01, 1.030040963893087413e-01
1.052122399930566082e-01, 4.467396281720130147e-01, 3.450439347053851913e-01, 1.030041971295453246e-01
1.052095334007835531e-01, 4.467374917170116588e-01, 3.450486853574206703e-01, 1.030042895247839929e-01
1.052068213985967726e-01, 4.467353476458665873e-01, 3.450534573812470973e-01, 1.030043735742895289e-01
1.052041039835987235e-01, 4.467331959686497433e-01, 3.450582507704156865e-01, 1.030044492773360687e-01
1.052013811529019516e-01, 4.467310366954492795e-01, 3.450630655184412365e-01, 1.030045166332074213e-01
1.051986529036292306e-01, 4.467288698363697796e-01, 3.450679016188038517e-01, 1.030045756411972074e-01
1.051959192329132986e-01, 4.467266954015318148e-01, 3.450727590649463328e-01, 1.030046263006085400e-01
1.051931801378972325e-01, 4.467245134010719987e-01, 3.450776378502764530e-01, 1.030046686107543574e-01
1.051904356157340736e-01, 4.467223238451429879e-01, 3.450825379681659033e-01, 1.030047025709570213e-01
1.051876856635870494e-01, 4.467201267439138146e-01, 3.450874594119502370e-01, 1.030047281805488157e-01
1.051849302786295598e-01, 4.467179221075694429e-01, 3.450924021749296466e-01, 1.030047454388714756e-01
1.051821694580450800e-01, 4.467157099463108239e-01, 3.450973662503677430e-01, 1.030047543452764225e-01
1.051794031990273270e-01, 4.467134902703551180e-01, 3.451023516314927764e-01, 1.030047548991249312e-01
1.051766314987800099e-01, 4.467112630899351400e-01, 3.451073583114971366e-01, 1.030047470997876025e-01
1.051738543545170934e-01, 4.467090284153005242e-01, 3.451123862835371869e-01, 1.030047309466450567e-01
1.051710717634627146e-01, 4.467067862567162262e-01, 3.451174355407337080e-01, 1.030047064390873512e-01
1.051682837228510442e-01, 4.467045366244632998e-01, 3.451225060761714536e-01, 1.030046735765142024e-01
1.051654902299264532e-01, 4.467022795288390080e-01, 3.451275978828994284e-01, 1.030046323583351381e-01
1.051626912819434989e-01, 4.467000149801562681e-01, 3.451327109539308879e-01, 1.030045827839691785e-01
1.051598868761668415e-01, 4.466977429887444839e-01, 3.451378452822433940e-01, 1.030045248528451696e-01
1.051570770098713553e-01, 4.466954635649484917e-01, 3.451430008607786482e-01, 1.030044585644015326e-01
1.051542616803419761e-01, 4.466931767191290592e-01, 3.451481776824426029e-01, 1.030043839180862786e-01
1.051514408848739091e-01, 4.466908824616632745e-01, 3.451533757401055724e-01, 1.030043009133573273e-01
1.051486146207724071e-01, 4.466885808029436578e-01, 3.451585950266018443e-01, 1.030042095496819521e-01
1.051457828853529924e-01, 4.466862717533790494e-01, 3.451638355347305676e-01, 1.030041098265374183e-01
1.051429456759412767e-01, 4.466839553233937221e-01, 3.451690972572544203e-01, 1.030040017434103866e-01
1.051401029898730993e-01, 4.466816315234282686e-01, 3.451743801869014416e-01, 1.030038852997973708e-01
1.051372548244943472e-01, 4.466793003639385473e-01, 3.451796843163628115e-01, 1.030037604952044328e-01
1.051344011771611908e-01, 4.466769618553966814e-01, 3.451850096382949040e-01, 1.030036273291473486e-01
1.051315420452399452e-01, 4.466746160082903927e-01, 3.451903561453180114e-01, 1.030034858011516091e-01
1.051286774261070839e-01, 4.466722628331234457e-01, 3.451957238300171205e-01, 1.030033359107523777e-01
1.051258073171491975e-01, 4.466699023404151481e-01, 3.452011126849413025e-01, 1.030031776574943519e-01
1.051229317157631321e-01, 4.466675345407006281e-01, 3.452065227026043237e-01, 1.030030110409320826e-01
1.051200506193559203e-01, 4.466651594445305018e-01, 3.452119538754839234e-01, 1.030028360606297377e-01
1.051171640253446699e-01, 4.466627770624718718e-01, 3.452174061960225360e-01, 1.030026527161610195e-01
1.051142719311567719e-01, 4.466603874051064960e-01, 3.452228796566270685e-01, 1.030024610071094832e-01
1.051113743342297346e-01, 4.466579904830328407e-01, 3.452283742496690122e-01, 1.030022609330683014e-01
1.051084712320112385e-01, 4.466555863068644161e-01, 3.452338899674838868e-01, 1.030020524936404031e-01
1.051055626219592337e-01, 4.466531748872307195e-01, 3.452394268023719071e-01, 1.030018356884381675e-01
1.051026485015417178e-01, 4.466507562347766247e-01, 3.452449847465977606e-01, 1.030016105170837859e-01
1.050997288682370273e-01, 4.466483303601629928e-01, 3.452505637923909410e-01, 1.030013769792092332e-01
1.050968037195334909e-01, 4.466458972740656730e-01, 3.452561639319447484e-01, 1.030011350744559351e-01
1.050938730529299009e-01, 4.466434569871771676e-01, 3.452617851574178442e-01, 1.030008848024752260e-01
1.050909368659348891e-01, 4.466410095102045230e-01, 3.452674274609326965e-01, 1.030006261629278497e-01
1.050879951560676068e-01, 4.466385548538710504e-01, 3.452730908345768568e-01, 1.030003591554844999e-01
1.050850479208571692e-01, 4.466360930289154374e-01, 3.452787752704021274e-01, 1.030000837798254049e-01
1.050820951578430307e-01, 4.466336240460914708e-01, 3.452844807604251165e-01, 1.029998000356404653e-01
1.050791368645746932e-01, 4.466311479161692022e-01, 3.452902072966268499e-01, 1.029995079226291854e-01
1.050761730386119558e-01, 4.466286646499337820e-01, 3.452959548709531590e-01, 1.029992074405010200e-01
1.050732036775248734e-01, 4.466261742581860150e-01, 3.453017234753143483e-01, 1.029988985889747771e-01
1.050702287788935207e-01, 4.466236767517419159e-01, 3.453075131015854171e-01, 1.029985813677791601e-01
1.050672483403083113e-01, 4.466211721414332092e-01, 3.453133237416060042e-01, 1.029982557766524753e-01
1.050642623593698172e-01, 4.466186604381070513e-01, 3.453191553871805541e-01, 1.029979218153426884e-01
1.050612708336887413e-01, 4.466161416526259753e-01, 3.453250080300778180e-01, 1.029975794836074376e-01
1.050582737608860701e-01, 4.466136157958679465e-01, 3.453308816620317967e-01, 1.029972287812140619e-01
1.050552711385930871e-01, 4.466110828787263620e-01, 3.453367762747408531e-01, 1.029968697079396700e-01
1.050522629644509848e-01, 4.466085429121100514e-01, 3.453426918598681561e-01, 1.029965022635708216e-01
1.050492492361114749e-01, 4.466059959069429985e-01, 3.453486284090416247e-01, 1.029961264479040128e-01
1.050462299512362196e-01, 4.466034418741647305e-01, 3.453545859138539287e-01, 1.029957422607451628e-01
1.050432051074973033e-01, 4.466008808247300954e-01, 3.453605643658625990e-01, 1.029953497019100717e-01
1.050401747025768856e-01, 4.465983127696091515e-01, 3.453665637565898616e-01, 1.029949487712241429e-01
1.050371387341673124e-01, 4.465957377197875000e-01, 3.453725840775228040e-01, 1.029945394685223975e-01
1.050340971999712825e-01, 4.465931556862657303e-01, 3.453786253201134304e-01, 1.029941217936496539e-01
1.050310500977015005e-01, 4.465905666800598639e-01, 3.453846874757783292e-01, 1.029936957464603203e-01
1.050279974250811349e-01, 4.465879707122012432e-01, 3.453907705358992830e-01, 1.029932613268184360e-01
1.050249391798432491e-01, 4.465853677937363098e-01, 3.453968744918224920e-01, 1.029928185345978797e-01
1.050218753597314397e-01, 4.465827579357268817e-01, 3.454029993348596839e-01, 1.029923673696820641e-01
1.050188059624993092e-01, 4.465801411492497097e-01, 3.454091450562870036e-01, 1.029919078319641579e-01
1.050157309859107296e-01, 4.465775174453968654e-01, 3.454153116473455687e-01, 1.029914399213468501e-01
1.050126504277397316e-01, 4.465748868352758527e-01, 3.454214990992416356e-01, 1.029909636377427246e-01
1.050095642857706985e-01, 4.465722493300090523e-01, 3.454277074031462669e-01, 1.029904789810739407e-01
1.050064725577981306e-01, 4.465696049407339441e-01, 3.454339365501955528e-01, 1.029899859512722893e-01
1.050033752416267285e-01, 4.465669536786033289e-01, 3.454401865314905562e-01, 1.029894845482792892e-01
1.050002723350714207e-01, 4.465642955547849957e-01, 3.454464573380973125e-01, 1.029889747720460769e-01
1.049971638359574883e-01, 4.465616305804618325e-01, 3.454527489610472180e-01, 1.029884566225336695e-01
1.049940497421201491e-01, 4.465589587668316596e-01, 3.454590613913358643e-01, 1.029879300997123409e-01
1.049909300514050847e-01, 4.465562801251076186e-01, 3.454653946199247039e-01, 1.029873952035624124e-01
1.049878047616681215e-01, 4.465535946665180056e-01, 3.454717486377402169e-01, 1.029868519340737809e-01
1.049846738707752858e-01, 4.465509024023054385e-01, 3.454781234356734121e-01, 1.029863002912459469e-01
1.049815373766027904e-01, 4.465482033437281895e-01, 3.454845190045809367e-01, 1.029857402750880280e-01
1.049783952770372147e-01, 4.465454975020594075e-01, 3.454909353352842993e-01, 1.029851718856190784e-01
1.049752475699751303e-01, 4.465427848885870077e-01, 3.454973724185702588e-01, 1.029845951228674505e-01
1.049720942533235585e-01, 4.465400655146140041e-01, 3.455038302451908239e-01, 1.029840099868715303e-01
1.049689353249995544e-01, 4.465373393914584543e-01, 3.455103088058628646e-01, 1.029834164776791267e-01
1.049657707829305536e-01, 4.465346065304529044e-01, 3.455168080912687234e-01, 1.029828145953477769e-01
1.049626006250540672e-01, 4.465318669429452769e-01, 3.455233280920559369e-01, 1.029822043399447329e-01
1.049594248493179588e-01, 4.465291206402980939e-01, 3.455298687988371253e-01, 1.029815857115468081e-01
1.049562434536802091e-01, 4.465263676338888099e-01, 3.455364302021903256e-01, 1.029809587102406276e-01
1.049530564361091239e-01, 4.465236079351097565e-01, 3.455430122926585468e-01, 1.029803233361224202e-01
1.049498637945831536e-01, 4.465208415553682531e-01, 3.455496150607504924e-01, 1.029796795892980038e-01
1.049466655270909904e-01, 4.465180685060861077e-01, 3.455562384969398937e-01, 1.029790274698829527e-01
1.049434616316315405e-01, 4.465152887987001162e-01, 3.455628825916659541e-01, 1.029783669780024863e-01
1.049402521062139659e-01, 4.465125024446616742e-01, 3.455695473353329605e-01, 1.029776981137913994e-01
1.049370369488576704e-01, 4.465097094554372203e-01, 3.455762327183108940e-01, 1.029770208773942985e-01
1.049338161575922024e-01, 4.465069098425076266e-01, 3.455829387309348744e-01, 1.029763352689653522e-01
1.049305897304573659e-01, 4.465041036173687528e-01, 3.455896653635053273e-01, 1.029756412886683875e-01
1.049273576655032902e-01, 4.465012907915311691e-01, 3.455964126062885944e-01, 1.029749389366769463e-01
1.049241199607901798e-01, 4.464984713765197677e-01, 3.456031804495159343e-01, 1.029742282131741737e-01
1.049208766143885641e-01, 4.464956453838743733e-01, 3.456099688833840777e-01, 1.029735091183528878e-01
1.049176276243791311e-01, 4.464928128251496320e-01, 3.456167778980556160e-01, 1.029727816524156070e-01
1.049143729888528387e-01, 4.464899737119145118e-01, 3.456236074836582239e-01, 1.029720458155744117e-01
1.049111127059109000e-01, 4.464871280557528022e-01, 3.456304576302853260e-01, 1.029713016080511384e-01
1.049078467736646314e-01, 4.464842758682626145e-01, 3.456373283279956521e-01, 1.029705490300772130e-01
1.049045751902357576e-01, 4.464814171610569371e-01, 3.456442195668137374e-01, 1.029697880818936512e-01
1.049012979537559814e-01, 4.464785519457631358e-01, 3.456511313367295335e-01, 1.029690187637512938e-01
1.048980150623675389e-01, 4.464756802340233977e-01, 3.456580636276984642e-01, 1.029682410759105160e-01
1.048947265142226581e-01, 4.464728020374940654e-01, 3.456650164296419248e-01, 1.029674550186413934e-01
1.048914323074838367e-01, 4.464699173678461364e-01, 3.456719897324464497e-01, 1.029666605922235495e-01
1.048881324403238835e-01, 4.464670262367650411e-01, 3.456789835259646559e-01, 1.029658577969463501e-01
1.048848269109257103e-01, 4.464641286559509759e-01, 3.456859978000145772e-01, 1.029650466331088060e-01
1.048815157174825818e-01, 4.464612246371181814e-01, 3.456930325443798302e-01, 1.029642271010194760e-01
1.048781988581978658e-01, 4.464583141919954423e-01, 3.457000877488099477e-01, 1.029633992009967303e-01
1.048748763312852411e-01, 4.464553973323261427e-01, 3.457071634030203233e-01, 1.029625629333684039e-01
1.048715481349685591e-01, 4.464524740698679883e-01, 3.457142594966914340e-01, 1.029617182984721158e-01
1.048682142674819406e-01, 4.464495444163927296e-01, 3.457213760194703389e-01, 1.029608652966550325e-01
1.048648747270697068e-01, 4.464466083836869381e-01, 3.457285129609693475e-01, 1.029600039282739382e-01
1.048615295119863788e-01, 4.464436659835512855e-01, 3.457356703107668516e-01, 1.029591341936954424e-01
1.048581786204967614e-01, 4.464407172278009872e-01, 3.457428480584066599e-01, 1.029582560932955221e-01
1.048548220508758316e-01, 4.464377621282651920e-01, 3.457500461933989411e-01, 1.029573696274599659e-01
1.048514598014087529e-01, 4.464348006967874261e-01, 3.457572647052195580e-01, 1.029564747965841937e-01
1.048480918703910830e-01, 4.464318329452259260e-01, 3.457645035833099012e-01, 1.029555716010731314e-01
1.048447182561283580e-01, 4.464288588854524176e-01, 3.457717628170776103e-01, 1.029546600413415031e-01
1.048413389569365223e-01, 4.464258785293536147e-01, 3.457790423958962966e-01, 1.029537401178135247e-01
1.048379539711416508e-01, 4.464228918888297759e-01, 3.457863423091054322e-01, 1.029528118309230994e-01
1.048345632970801022e-01, 4.464198989757957592e-01, 3.457936625460102387e-01, 1.029518751811137750e-01
1.048311669330983797e-01, 4.464168998021806889e-01, 3.458010030958821868e-01, 1.029509301688387307e-01
1.048277648775532700e-01, 4.464138943799273451e-01, 3.458083639479587190e-01, 1.029499767945606797e-01
1.048243571288117459e-01, 4.464108827209929409e-01, 3.458157450914431941e-01, 1.029490150587520220e-01
1.048209436852510085e-01, 4.464078648373490110e-01, 3.458231465155052198e-01, 1.029480449618948440e-01
1.048175245452584864e-01, 4.464048407409806907e-01, 3.458305682092800981e-01, 1.029470665044806693e-01
1.048140997072318087e-01, 4.464018104438876033e-01, 3.458380101618696023e-01, 1.029460796870108885e-01
1.048106691695788600e-01, 4.463987739580833058e-01, 3.458454723623416438e-01, 1.029450845099962597e-01
1.048072329307176559e-01, 4.463957312955952328e-01, 3.458529547997297726e-01, 1.029440809739572832e-01
1.048037909890765229e-01, 4.463926824684649741e-01, 3.458604574630343986e-01, 1.029430690794241043e-01
1.048003433430939324e-01, 4.463896274887481641e-01, 3.458679803412214038e-01, 1.029420488269364442e-01
1.047968899912186530e-01, 4.463865663685144258e-01, 3.458755234232235298e-01, 1.029410202170435856e-01
1.047934309319095841e-01, 4.463834991198469271e-01, 3.458830866979390462e-01, 1.029399832503044288e-01
1.047899661636358809e-01, 4.463804257548434351e-01, 3.458906701542331374e-01, 1.029389379272875743e-01
1.047864956848768847e-01, 4.463773462856152063e-01, 3.458982737809368491e-01, 1.029378842485711154e-01
1.047830194941221510e-01, 4.463742607242873750e-01, 3.459058975668475866e-01, 1.029368222147428041e-01
1.047795375898715603e-01, 4.463711690829992862e-01, 3.459135415007292269e-01, 1.029357518264000099e-01
1.047760499706349713e-01, 4.463680713739037187e-01, 3.459212055713116740e-01, 1.029346730841496360e-01
1.047725566349326926e-01, 4.463649676091676066e-01, 3.459288897672915253e-01, 1.029335859886081894e-01
1.047690575812950525e-01, 4.463618578009715954e-01, 3.459365940773315162e-01, 1.029324905404019191e-01
1.047655528082627047e-01, 4.463587419615099861e-01, 3.459443184900609092e-01, 1.029313867401664556e-01
1.047620423143864749e-01, 4.463556201029912351e-01, 3.459520629940751602e-01, 1.029302745885471576e-01
1.047585260982273891e-01, 4.463524922376370663e-01, 3.459598275779366960e-01, 1.029291540861989596e-01
1.047550041583566877e-01, 4.463493583776833029e-01, 3.459676122301735823e-01, 1.029280252337863716e-01
1.047514764933558523e-01, 4.463462185353794798e-01, 3.459754169392812440e-01, 1.029268880319834101e-01
1.047479431018164403e-01, 4.463430727229886208e-01, 3.459832416937212440e-01, 1.029257424814738198e-01
1.047444039823403894e-01, 4.463399209527875722e-01, 3.459910864819212839e-01, 1.029245885829507684e-01
1.047408591335396433e-01, 4.463367632370667804e-01, 3.459989512922763133e-01, 1.029234263371172492e-01
1.047373085540365401e-01, 4.463335995881304030e-01, 3.460068361131474757e-01, 1.029222557446855119e-01
1.047337522424635070e-01, 4.463304300182961981e-01, 3.460147409328627743e-01, 1.029210768063776454e-01
1.047301901974631994e-01, 4.463272545398951907e-01, 3.460226657397162953e-01, 1.029198895229251620e-01
1.047266224176884031e-01, 4.463240731652728943e-01, 3.460306105219694284e-01, 1.029186938950693159e-01
1.047230489018022431e-01, 4.463208859067871459e-01, 3.460385752678499793e-01, 1.029174899235606594e-01
1.047194696484778642e-01, 4.463176927768103819e-01, 3.460465599655521696e-01, 1.029162776091595427e-01
1.047158846563987777e-01, 4.463144937877279173e-01, 3.460545646032375244e-01, 1.029150569526358638e-01
1.047122939242585565e-01, 4.463112889519388338e-01, 3.460625891690337075e-01, 1.029138279547689161e-01
1.047086974507610707e-01, 4.463080782818555914e-01, 3.460706336510355752e-01, 1.029125906163478182e-01
1.047050952346202241e-01, 4.463048617899042503e-01, 3.460786980373046773e-01, 1.029113449381709733e-01
1.047014872745603148e-01, 4.463016394885239713e-01, 3.460867823158691459e-01, 1.029100909210465126e-01
1.046978735693156609e-01, 4.462984113901677374e-01, 3.460948864747244169e-01, 1.029088285657921015e-01
1.046942541176308639e-01, 4.462951775073019101e-01, 3.461030105018323977e-01, 1.029075578732349810e-01
1.046906289182606281e-01, 4.462919378524055070e-01, 3.461111543851219108e-01, 1.029062788442118292e-01
1.046869979699699832e-01, 4.462886924379720344e-01, 3.461193181124890272e-01, 1.029049914795689830e-01
1.046833612715339784e-01, 4.462854412765074885e-01, 3.461275016717962894e-01, 1.029036957801622437e-01
1.046797188217379188e-01, 4.462821843805314659e-01, 3.461357050508735433e-01, 1.029023917468570581e-01
1.046760706193772955e-01, 4.462789217625767746e-01, 3.461439282375174398e-01, 1.029010793805283513e-01
1.046724166632578279e-01, 4.462756534351897120e-01, 3.461521712194918776e-01, 1.028997586820605825e-01
1.046687569521952549e-01, 4.462723794109293429e-01, 3.461604339845274492e-01, 1.028984296523477726e-01
1.046650914850157099e-01, 4.462690997023686656e-01, 3.461687165203220506e-01, 1.028970922922934628e-01
1.046614202605552629e-01, 4.462658143220934459e-01, 3.461770188145406046e-01, 1.028957466028107143e-01
1.046577432776603644e-01, 4.462625232827023281e-01, 3.461853408548150601e-01, 1.028943925848221502e-01
1.046540605351875264e-01, 4.462592265968079452e-01, 3.461936826287447255e-01, 1.028930302392599971e-01
1.046503720320033914e-01, 4.462559242770350321e-01, 3.462020441238957691e-01, 1.028916595670657103e-01
1.046466777669849413e-01, 4.462526163360227005e-01, 3.462104253278018295e-01, 1.028902805691906813e-01
1.046429777390191496e-01, 4.462493027864220529e-01, 3.462188262279633499e-01, 1.028888932465954614e-01
1.046392719470032179e-01, 4.462459836408979030e-01, 3.462272468118485769e-01, 1.028874976002503994e-01
1.046355603898445064e-01, 4.462426589121278320e-01, 3.462356870668924502e-01, 1.028860936311351421e-01
1.046318430664606447e-01, 4.462393286128026326e-01, 3.462441469804977134e-01, 1.028846813402390092e-01
1.046281199757792407e-01, 4.462359927556260319e-01, 3.462526265400341363e-01, 1.028832607285606743e-01
1.046243911167381857e-01, 4.462326513533147465e-01, 3.462611257328386261e-01, 1.028818317971085528e-01
1.046206564882854462e-01, 4.462293044185984825e-01, 3.462696445462157269e-01, 1.028803945469002612e-01
1.046169160893792444e-01, 4.462259519642199357e-01, 3.462781829674376755e-01, 1.028789489789631861e-01
1.046131699189878222e-01, 4.462225940029347915e-01, 3.462867409837432908e-01, 1.028774950943340538e-01
1.046094179760897469e-01, 4.462192305475113918e-01, 3.462953185823396396e-01, 1.028760328940591523e-01
1.046056602596735774e-01, 4.462158616107314013e-01, 3.463039157504008148e-01, 1.028745623791941788e-01
1.046018967687380868e-01, 4.462124872053888081e-01, 3.463125324750684353e-01, 1.028730835508045310e-01
1.045981275022922347e-01, 4.462091073442908673e-01, 3.463211687434518682e-01, 1.028715964099648772e-01
1.045943524593550833e-01, 4.462057220402576574e-01, 3.463298245426278399e-01, 1.028701009577594888e-01
1.045905716389558260e-01, 4.462023313061217467e-01, 3.463384998596405473e-01, 1.028685971952819911e-01
1.045867850401337312e-01, 4.461989351547286931e-01, 3.463471946815019353e-01, 1.028670851236356959e-01
1.045829926619383787e-01, 4.461955335989367666e-01, 3.463559089951915304e-01, 1.028655647439331439e-01
1.045791945034294929e-01, 4.461921266516171714e-01, 3.463646427876567180e-01, 1.028640360572966594e-01
1.045753905636766096e-01, 4.461887143256534349e-01, 3.463733960458120209e-01, 1.028624990648577819e-01
1.045715808417597981e-01, 4.461852966339422411e-01, 3.463821687565403762e-01, 1.028609537677575708e-01
1.045677653367690085e-01, 4.461818735893924859e-01, 3.463909609066918027e-01, 1.028594001671466335e-01
1.045639440478044330e-01, 4.461784452049261107e-01, 3.463997724830844560e-01, 1.028578382641849587e-01
1.045601169739763525e-01, 4.461750114934776024e-01, 3.464086034725040730e-01, 1.028562680600420554e-01
1.045562841144051375e-01, 4.461715724679937156e-01, 3.464174538617042498e-01, 1.028546895558968555e-01
1.045524454682214138e-01, 4.461681281414340838e-01, 3.464263236374067190e-01, 1.028531027529377695e-01
1.045486010345657857e-01, 4.461646785267711079e-01, 3.464352127863005726e-01, 1.028515076523626171e-01
1.045447508125890018e-01, 4.461612236369891793e-01, 3.464441212950430393e-01, 1.028499042553787102e-01
1.045408948014520389e-01, 4.461577634850858454e-01, 3.464530491502592624e-01, 1.028482925632027145e-01
1.045370330003258658e-01, 4.461542980840705885e-01, 3.464619963385424661e-01, 1.028466725770609824e-01
1.045331654083916095e-01, 4.461508274469658253e-01, 3.464709628464535673e-01, 1.028450442981889978e-01
1.045292920248405144e-01, 4.461473515868060735e-01, 3.464799486605216750e-01, 1.028434077278318759e-01
1.045254128488738860e-01, 4.461438705166383412e-01, 3.464889537672435904e-01, 1.028417628672440715e-01
1.045215278797032715e-01, 4.461403842495222927e-01, 3.464979781530849179e-01, 1.028401097176895040e-01
1.045176371165501411e-01, 4.461368927985297494e-01, 3.465070218044786210e-01, 1.028384482804415856e-01
1.045137405586461926e-01, 4.461333961767449674e-01, 3.465160847078257444e-01, 1.028367785567830123e-01
1.045098382052332409e-01, 4.461298943972645259e-01, 3.465251668494963022e-01, 1.028351005480060559e-01
1.045059300555630372e-01, 4.461263874731973833e-01, 3.465342682158273901e-01, 1.028334142554123004e-01
1.045020161088976163e-01, 4.461228754176645994e-01, 3.465433887931249624e-01, 1.028317196803126971e-01
1.044980963645090050e-01, 4.461193582438000016e-01, 3.465525285676632206e-01, 1.028300168240277868e-01
1.044941708216793608e-01, 4.461158359647490745e-01, 3.465616875256843366e-01, 1.028283056878873530e-01
1.044902394797008888e-01, 4.461123085936697374e-01, 3.465708656533986742e-01, 1.028265862732306718e-01
1.044863023378759248e-01, 4.461087761437322885e-01, 3.465800629369852892e-01, 1.028248585814063865e-01
1.044823593955168939e-01, 4.461052386281192383e-01, 3.465892793625913737e-01, 1.028231226137725496e-01
1.044784106519462130e-01, 4.461016960600248660e-01, 3.465985149163323675e-01, 1.028213783716965674e-01
1.044744561064964855e-01, 4.460981484526559959e-01, 3.466077695842922357e-01, 1.028196258565553384e-01
1.044704957585104038e-01, 4.460945958192313876e-01, 3.466170433525233574e-01, 1.028178650697350593e-01
1.044665296073405136e-01, 4.460910381729818464e-01, 3.466263362070463594e-01, 1.028160960126312529e-01
1.044625576523497690e-01, 4.460874755271504455e-01, 3.466356481338508377e-01, 1.028143186866490033e-01
1.044585798929109910e-01, 4.460839078949921932e-01, 3.466449791188941920e-01, 1.028125330932026793e-01
1.044545963284070206e-01, 4.460803352897739216e-01, 3.466543291481030131e-01, 1.028107392337159476e-01
1.044506069582309404e-01, 4.460767577247750637e-01, 3.466636982073720841e-01, 1.028089371096219812e-01
1.044466117817857420e-01, 4.460731752132863770e-01, 3.466730862825647130e-01, 1.028071267223632512e-01
1.044426107984845753e-01, 4.460695877686108313e-01, 3.466824933595131220e-01, 1.028053080733915409e-01
1.044386040077505268e-01, 4.460659954040633868e-01, 3.466919194240179469e-01, 1.028034811641680563e-01
1.044345914090168692e-01, 4.460623981329709942e-01, 3.467013644618486268e-01, 1.028016459961634543e-01
1.044305730017268813e-01, 4.460587959686722059e-01, 3.467108284587432920e-01, 1.027998025708575236e-01
1.044265487853338614e-01, 4.460551889245177870e-01, 3.467203114004087094e-01, 1.027979508897395589e-01
1.044225187593011833e-01, 4.460515770138700486e-01, 3.467298132725206150e-01, 1.027960909543081808e-01
1.044184829231022266e-01, 4.460479602501032370e-01, 3.467393340607232699e-01, 1.027942227660713775e-01
1.044144412762204321e-01, 4.460443386466034776e-01, 3.467488737506298491e-01, 1.027923463265463383e-01
1.044103938181493163e-01, 4.460407122167684424e-01, 3.467584323278224967e-01, 1.027904616372597169e-01
1.044063405483923734e-01, 4.460370809740079601e-01, 3.467680097778521042e-01, 1.027885686997474790e-01
1.044022814664631732e-01, 4.460334449317430727e-01, 3.467776060862386434e-01, 1.027866675155549303e-01
1.043982165718853328e-01, 4.460298041034071459e-01, 3.467872212384709441e-01, 1.027847580862366744e-01
1.043941458641923503e-01, 4.460261585024445918e-01, 3.467968552200065280e-01, 1.027828404133565160e-01
1.043900693429279658e-01, 4.460225081423118687e-01, 3.468065080162724967e-01, 1.027809144984878215e-01
1.043859870076457169e-01, 4.460188530364767590e-01, 3.468161796126644214e-01, 1.027789803432130472e-01
1.043818988579093693e-01, 4.460151931984192020e-01, 3.468258699945473422e-01, 1.027770379491241559e-01
1.043778048932925695e-01, 4.460115286416301839e-01, 3.468355791472549909e-01, 1.027750873178222002e-01
1.043737051133790256e-01, 4.460078593796124591e-01, 3.468453070560906792e-01, 1.027731284509177528e-01
1.043695995177624791e-01, 4.460041854258804395e-01, 3.468550537063266881e-01, 1.027711613500305460e-01
1.043654881060464973e-01, 4.460005067939599166e-01, 3.468648190832040457e-01, 1.027691860167895266e-01
1.043613708778449722e-01, 4.459968234973881729e-01, 3.468746031719337486e-01, 1.027672024528331896e-01
1.043572478327814967e-01, 4.459931355497139815e-01, 3.468844059576955963e-01, 1.027652106598090920e-01
1.043531189704898221e-01, 4.459894429644974401e-01, 3.468942274256385794e-01, 1.027632106393741446e-01
1.043489842906136500e-01, 4.459857457553105808e-01, 3.469040675608813240e-01, 1.027612023931944729e-01
1.043448437928067435e-01, 4.459820439357360944e-01, 3.469139263485114810e-01, 1.027591859229456950e-01
1.043406974767326634e-01, 4.459783375193685506e-01, 3.469238037735864477e-01, 1.027571612303124493e-01
1.043365453420651429e-01, 4.459746265198137327e-01, 3.469336998211324796e-01, 1.027551283169887558e-01
1.043323873884878239e-01, 4.459709109506887481e-01, 3.469436144761456897e-01, 1.027530871846777799e-01
1.043282236156943404e-01, 4.459671908256221395e-01, 3.469535477235913823e-01, 1.027510378350921516e-01
1.043240540233882768e-01, 4.459634661582533299e-01, 3.469634995484047191e-01, 1.027489802699536187e-01
1.043198786112832371e-01, 4.459597369622336216e-01, 3.469734699354898311e-01, 1.027469144909932269e-01
1.043156973791027897e-01, 4.459560032512250305e-01, 3.469834588697209843e-01, 1.027448404999511539e-01
1.043115103265803423e-01, 4.459522650389008969e-01, 3.469934663359416360e-01, 1.027427582985769861e-01
1.043073174534595027e-01, 4.459485223389461073e-01, 3.470034923189650455e-01, 1.027406678886294417e-01
1.043031187594935932e-01, 4.459447751650559844e-01, 3.470135368035738299e-01, 1.027385692718764815e-01
1.042989142444460254e-01, 4.459410235309378412e-01, 3.470235997745206857e-01, 1.027364624500952950e-01
1.042947039080902027e-01, 4.459372674503094824e-01, 3.470336812165279450e-01, 1.027343474250723698e-01
1.042904877502093403e-01, 4.459335069368999815e-01, 3.470437811142872420e-01, 1.027322241986033252e-01
1.042862657705966867e-01, 4.459297420044497362e-01, 3.470538994524604570e-01, 1.027300927724930230e-01
1.042820379690554966e-01, 4.459259726667096913e-01, 3.470640362156791614e-01, 1.027279531485555675e-01
1.042778043453987946e-01, 4.459221989374423933e-01, 3.470741913885447283e-01, 1.027258053286142087e-01
1.042735648994496667e-01, 4.459184208304206587e-01, 3.470843649556282773e-01, 1.027236493145014251e-01
1.042693196310411075e-01, 4.459146383594289609e-01, 3.470945569014710075e-01, 1.027214851080589519e-01
1.042650685400160343e-01, 4.459108515382623761e-01, 3.471047672105840309e-01, 1.027193127111376142e-01
1.042608116262272316e-01, 4.459070603807270272e-01, 3.471149958674481506e-01, 1.027171321255975628e-01
1.042565488895375037e-01, 4.459032649006398064e-01, 3.471252428565145265e-01, 1.027149433533079692e-01
1.042522803298195494e-01, 4.458994651118286523e-01, 3.471355081622044536e-01, 1.027127463961473586e-01
1.042480059469560044e-01, 4.458956610281321620e-01, 3.471457917689086958e-01, 1.027105412560033321e-01
1.042437257408392326e-01, 4.458918526633998125e-01, 3.471560936609883186e-01, 1.027083279347725947e-01
1.042394397113717841e-01, 4.458880400314919612e-01, 3.471664138227749663e-01, 1.027061064343611912e-01
1.042351478584658958e-01, 4.458842231462800121e-01, 3.471767522385699745e-01, 1.027038767566842148e-01
1.042308501820438660e-01, 4.458804020216451947e-01, 3.471871088926450355e-01, 1.027016389036659316e-01
1.042265466820377073e-01, 4.458765766714806178e-01, 3.471974837692418658e-01, 1.026993928772397952e-01
1.042222373583894940e-01, 4.458727471096892159e-01, 3.472078768525727055e-01, 1.026971386793484042e-01
1.042179222110511672e-01, 4.458689133501852475e-01, 3.472182881268200960e-01, 1.026948763119435309e-01
1.042136012399844380e-01, 4.458650754068931299e-01, 3.472287175761366029e-01, 1.026926057769859402e-01
1.042092744451609959e-01, 4.458612332937479938e-01, 3.472391651846452598e-01, 1.026903270764457504e-01
1.042049418265624250e-01, 4.458573870246957949e-01, 3.472496309364396794e-01, 1.026880402123020453e-01
1.042006033841801071e-01, 4.458535366136929801e-01, 3.472601148155837758e-01, 1.026857451865431231e-01
1.041962591180153330e-01, 4.458496820747066547e-01, 3.472706168061117094e-01, 1.026834420011663723e-01
1.041919090280792604e-01, 4.458458234217140270e-01, 3.472811368920283859e-01, 1.026811306581782435e-01
1.041875531143929834e-01, 4.458419606687034631e-01, 3.472916750573091793e-01, 1.026788111595944991e-01
1.041831913769872692e-01, 4.458380938296730989e-01, 3.473022312858998761e-01, 1.026764835074397281e-01
1.041788238159029600e-01, 4.458342229186322281e-01, 3.473128055617169530e-01, 1.026741477037478728e-01
1.041744504311905850e-01, 4.458303479496000254e-01, 3.473233978686475765e-01, 1.026718037505618408e-01
1.041700712229106374e-01, 4.458264689366063238e-01, 3.473340081905493815e-01, 1.026694516499336712e-01
1.041656861911333665e-01, 4.458225858936913366e-01, 3.473446365112509149e-01, 1.026670914039244514e-01
1.041612953359389443e-01, 4.458186988349056024e-01, 3.473552828145510807e-01, 1.026647230146044837e-01
1.041568986574172573e-01, 4.458148077743099291e-01, 3.473659470842199171e-01, 1.026623464840529104e-01
1.041524961556681422e-01, 4.458109127259755611e-01, 3.473766293039981523e-01, 1.026599618143582415e-01
1.041480878308012198e-01, 4.458070137039839009e-01, 3.473873294575971493e-01, 1.026575690076178410e-01
1.041436736829359638e-01, 4.458031107224266210e-01, 3.473980475286991831e-01, 1.026551680659382321e-01
1.041392537122015904e-01, 4.457992037954057740e-01, 3.474087835009575520e-01, 1.026527589914349725e-01
1.041348279187372522e-01, 4.457952929370336270e-01, 3.474195373579964108e-01, 1.026503417862326684e-01
1.041303963026918022e-01, 4.457913781614323279e-01, 3.474303090834108265e-01, 1.026479164524650711e-01
1.041259588642239747e-01, 4.457874594827342940e-01, 3.474410986607668894e-01, 1.026454829922748002e-01
1.041215156035022182e-01, 4.457835369150826010e-01, 3.474519060736015463e-01, 1.026430414078137038e-01
1.041170665207049317e-01, 4.457796104726294839e-01, 3.474627313054231004e-01, 1.026405917012425117e-01
1.041126116160202009e-01, 4.457756801695380022e-01, 3.474735743397107113e-01, 1.026381338747310301e-01
1.041081508896459090e-01, 4.457717460199810411e-01, 3.474844351599148395e-01, 1.026356679304582242e-01
1.041036843417897512e-01, 4.457678080381415331e-01, 3.474953137494568578e-01, 1.026331938706119135e-01
1.040992119726691645e-01, 4.457638662382121808e-01, 3.475062100917295504e-01, 1.026307116973889655e-01
1.040947337825114949e-01, 4.457599206343962894e-01, 3.475171241700970026e-01, 1.026282214129953241e-01
1.040902497715536640e-01, 4.457559712409063790e-01, 3.475280559678941006e-01, 1.026257230196458980e-01
1.040857599400425437e-01, 4.457520180719654057e-01, 3.475390054684274199e-01, 1.026232165195646306e-01
1.040812642882346373e-01, 4.457480611418059846e-01, 3.475499726549749480e-01, 1.026207019149843330e-01
1.040767628163963981e-01, 4.457441004646708338e-01, 3.475609575107858062e-01, 1.026181792081470034e-01
1.040722555248037723e-01, 4.457401360548121638e-01, 3.475719600190804170e-01, 1.026156484013035358e-01
1.040677424137426976e-01, 4.457361679264924548e-01, 3.475829801630511140e-01, 1.026131094967138169e-01
1.040632234835087155e-01, 4.457321960939836791e-01, 3.475940179258610319e-01, 1.026105624966465596e-01
1.040586987344071651e-01, 4.457282205715675794e-01, 3.476050732906454388e-01, 1.026080074033797473e-01
1.040541681667531970e-01, 4.457242413735360009e-01, 3.476161462405106817e-01, 1.026054442192000787e-01
1.040496317808715515e-01, 4.457202585141900597e-01, 3.476272367585351297e-01, 1.026028729464033284e-01
1.040450895770967665e-01, 4.457162720078409190e-01, 3.476383448277682309e-01, 1.026002935872941391e-01
1.040405415557731778e-01, 4.457122818688093457e-01, 3.476494704312313444e-01, 1.025977061441862015e-01
1.040359877172547659e-01, 4.457082881114254325e-01, 3.476606135519175744e-01, 1.025951106194021301e-01
1.040314280619051984e-01, 4.457042907500294304e-01, 3.476717741727918809e-01, 1.025925070152734625e-01
1.040268625900979821e-01, 4.457002897989707502e-01, 3.476829522767904690e-01, 1.025898953341406045e-01
1.040222913022162549e-01, 4.456962852726087942e-01, 3.476941478468218438e-01, 1.025872755783530516e-01
1.040177141986528275e-01, 4.456922771853121246e-01, 3.477053608657659778e-01, 1.025846477502690701e-01
1.040131312798102808e-01, 4.456882655514589064e-01, 3.477165913164748656e-01, 1.025820118522558499e-01
1.040085425461008406e-01, 4.456842503854371307e-01, 3.477278391817724690e-01, 1.025793678866896708e-01
1.040039479979464887e-01, 4.456802317016436144e-01, 3.477391044444544943e-01, 1.025767158559554443e-01
1.039993476357787550e-01, 4.456762095144853331e-01, 3.477503870872886149e-01, 1.025740557624472138e-01
1.039947414600390502e-01, 4.456721838383781997e-01, 3.477616870930148596e-01, 1.025713876085678350e-01
1.039901294711783192e-01, 4.456681546877478417e-01, 3.477730044443447244e-01, 1.025687113967290315e-01
1.039855116696572906e-01, 4.456641220770289347e-01, 3.477843391239622828e-01, 1.025660271293514780e-01
1.039808880559461857e-01, 4.456600860206658132e-01, 3.477956911145233532e-01, 1.025633348088646618e-01
1.039762586305250647e-01, 4.456560465331118048e-01, 3.478070603986561093e-01, 1.025606344377069795e-01
1.039716233938835777e-01, 4.456520036288298403e-01, 3.478184469589609140e-01, 1.025579260183256819e-01
1.039669823465210197e-01, 4.456479573222919544e-01, 3.478298507780102078e-01, 1.025552095531769153e-01
1.039623354889463308e-01, 4.456439076279793410e-01, 3.478412718383486202e-01, 1.025524850447256525e-01
1.039576828216782212e-01, 4.456398545603826311e-01, 3.478527101224935247e-01, 1.025497524954457063e-01
1.039530243452447822e-01, 4.456357981340013930e-01, 3.478641656129339843e-01, 1.025470119078197156e-01
1.039483600601840280e-01, 4.456317383633446871e-01, 3.478756382921319723e-01, 1.025442632843393681e-01
1.039436899670434095e-01, 4.456276752629302895e-01, 3.478871281425214290e-01, 1.025415066275048442e-01
1.039390140663800505e-01, 4.456236088472854129e-01, 3.478986351465090388e-01, 1.025387419398253869e-01
1.039343323587607615e-01, 4.456195391309463738e-01, 3.479101592864737857e-01, 1.025359692238190235e-01
1.039296448447618870e-01, 4.456154661284582041e-01, 3.479217005447672317e-01, 1.025331884820126216e-01
1.039249515249694722e-01, 4.456113898543752616e-01, 3.479332589037135159e-01, 1.025303997169418196e-01
1.039202523999790129e-01, 4.456073103232607857e-01, 3.479448343456091886e-01, 1.025276029311509851e-01
1.039155474703957888e-01, 4.456032275496872308e-01, 3.479564268527235993e-01, 1.025247981271934367e-01
1.039108367368345581e-01, 4.455991415482355444e-01, 3.479680364072987309e-01, 1.025219853076312776e-01
1.039061201999197520e-01, 4.455950523334959446e-01, 3.479796629915490325e-01, 1.025191644750351877e-01
1.039013978602852523e-01, 4.455909599200676419e-01, 3.479913065876621414e-01, 1.025163356319849089e-01
1.038966697185747107e-01, 4.455868643225583958e-01, 3.480029671777979949e-01, 1.025134987810688847e-01
1.038919357754412159e-01, 4.455827655555849032e-01, 3.480146447440895519e-01, 1.025106539248842458e-01
1.038871960315475157e-01, 4.455786636337729645e-01, 3.480263392686426260e-01, 1.025078010660369077e-01
1.038824504875658777e-01, 4.455745585717568180e-01, 3.480380507335358864e-01, 1.025049402071415566e-01
1.038776991441780345e-01, 4.455704503841795283e-01, 3.480497791208206348e-01, 1.025020713508217052e-01
1.038729420020755301e-01, 4.455663390856932082e-01, 3.480615244125217500e-01, 1.024991944997095811e-01
1.038681790619591511e-01, 4.455622246909582973e-01, 3.480732865906364659e-01, 1.024963096564461135e-01
1.038634103245394957e-01, 4.455581072146441723e-01, 3.480850656371352603e-01, 1.024934168236809329e-01
1.038586357905365992e-01, 4.455539866714288144e-01, 3.480968615339619099e-01, 1.024905160040726071e-01
1.038538554606800168e-01, 4.455498630759988088e-01, 3.481086742630330466e-01, 1.024876072002881416e-01
1.038490693357088240e-01, 4.455457364430494005e-01, 3.481205038062384904e-01, 1.024846904150035071e-01
1.038442774163716442e-01, 4.455416067872841057e-01, 3.481323501454410829e-01, 1.024817656509031810e-01
1.038394797034266209e-01, 4.455374741234156000e-01, 3.481442132624771868e-01, 1.024788329106805923e-01
1.038346761976414873e-01, 4.455333384661647744e-01, 3.481560931391561864e-01, 1.024758921970376352e-01
1.038298668997933161e-01, 4.455291998302607914e-01, 3.481679897572608762e-01, 1.024729435126850580e-01
1.038250518106688808e-01, 4.455250582304416396e-01, 3.481799030985473498e-01, 1.024699868603421854e-01
1.038202309310642807e-01, 4.455209136814535231e-01, 3.481918331447449444e-01, 1.024670222427371408e-01
1.038154042617851908e-01, 4.455167661980514726e-01, 3.482037798775565740e-01, 1.024640496626065961e-01
1.038105718036468894e-01, 4.455126157949984012e-01, 3.482157432786586182e-01, 1.024610691226960496e-01
1.038057335574739115e-01, 4.455084624870658261e-01, 3.482277233297007002e-01, 1.024580806257595206e-01
1.038008895241004093e-01, 4.455043062890337024e-01, 3.482397200123061864e-01, 1.024550841745597712e-01
1.037960397043699717e-01, 4.455001472156902009e-01, 3.482517333080716870e-01, 1.024520797718682097e-01
1.037911840991356943e-01, 4.454959852818315413e-01, 3.482637631985679438e-01, 1.024490674204648205e-01
1.037863227092601232e-01, 4.454918205022628808e-01, 3.482758096653388313e-01, 1.024460471231383868e-01
1.037814555356151580e-01, 4.454876528917966483e-01, 3.482878726899020783e-01, 1.024430188826860877e-01
1.037765825790823021e-01, 4.454834824652545988e-01, 3.482999522537491566e-01, 1.024399827019139703e-01
1.037717038405524678e-01, 4.454793092374657038e-01, 3.483120483383452259e-01, 1.024369385836365332e-01
1.037668193209259487e-01, 4.454751332232676497e-01, 3.483241609251293003e-01, 1.024338865306771013e-01
1.037619290211124895e-01, 4.454709544375060615e-01, 3.483362899955141367e-01, 1.024308265458672845e-01
1.037570329420313131e-01, 4.454667728950346683e-01, 3.483484355308864022e-01, 1.024277586320476024e-01
1.037521310846110240e-01, 4.454625886107153598e-01, 3.483605975126065624e-01, 1.024246827920670538e-01
1.037472234497896911e-01, 4.454584015994179080e-01, 3.483727759220092146e-01, 1.024215990287831446e-01
1.037423100385146957e-01, 4.454542118760205782e-01, 3.483849707404027551e-01, 1.024185073450621375e-01
1.037373908517429111e-01, 4.454500194554086856e-01, 3.483971819490696564e-01, 1.024154077437786775e-01
1.037324658904406061e-01, 4.454458243524765382e-01, 3.484094095292666893e-01, 1.024123002278161804e-01
1.037275351555834862e-01, 4.454416265821258269e-01, 3.484216534622240902e-01, 1.024091848000665134e-01
1.037225986481565554e-01, 4.454374261592662920e-01, 3.484339137291470601e-01, 1.024060614634301203e-01
1.037176563691542264e-01, 4.454332230988157781e-01, 3.484461903112140435e-01, 1.024029302208159797e-01
1.037127083195803351e-01, 4.454290174156992355e-01, 3.484584831895787826e-01, 1.023997910751416190e-01
1.037077545004480295e-01, 4.454248091248506070e-01, 3.484707923453681522e-01, 1.023966440293331975e-01
1.037027949127799359e-01, 4.454205982412105524e-01, 3.484831177596841023e-01, 1.023934890863253122e-01
1.036978295576079512e-01, 4.454163847797282805e-01, 3.484954594136027151e-01, 1.023903262490611643e-01
1.036928584359732980e-01, 4.454121687553602160e-01, 3.485078172881742042e-01, 1.023871555204922817e-01
1.036878815489266359e-01, 4.454079501830708887e-01, 3.485201913644234706e-01, 1.023839769035789909e-01
1.036828988975279642e-01, 4.454037290778324332e-01, 3.485325816233497687e-01, 1.023807904012898895e-01
1.036779104828465248e-01, 4.453995054546244781e-01, 3.485449880459267624e-01, 1.023775960166022070e-01
1.036729163059609965e-01, 4.453952793284345346e-01, 3.485574106131027472e-01, 1.023743937525016801e-01
1.036679163679593701e-01, 4.453910507142575526e-01, 3.485698493058005942e-01, 1.023711836119824137e-01
1.036629106699389208e-01, 4.453868196270962532e-01, 3.485823041049177506e-01, 1.023679655980471170e-01
1.036578992130062632e-01, 4.453825860819606297e-01, 3.485947749913261284e-01, 1.023647397137069370e-01
1.036528819982773381e-01, 4.453783500938685025e-01, 3.486072619458726596e-01, 1.023615059619813888e-01
1.036478590268773287e-01, 4.453741116778452414e-01, 3.486197649493787409e-01, 1.023582643458986058e-01
1.036428302999407997e-01, 4.453698708489233771e-01, 3.486322839826406783e-01, 1.023550148684951172e-01
1.036377958186115583e-01, 4.453656276221432120e-01, 3.486448190264295199e-01, 1.023517575328158485e-01
1.036327555840426684e-01, 4.453613820125520983e-01, 3.486573700614910010e-01, 1.023484923419142739e-01
1.036277095973966028e-01, 4.453571340352051600e-01, 3.486699370685459876e-01, 1.023452192988521664e-01
1.036226578598449105e-01, 4.453528837051648481e-01, 3.486825200282902548e-01, 1.023419384066998755e-01
1.036176003725686745e-01, 4.453486310375007751e-01, 3.486951189213943758e-01, 1.023386496685360220e-01
1.036125371367579567e-01, 4.453443760472899915e-01, 3.487077337285042211e-01, 1.023353530874478168e-01
1.036074681536122283e-01, 4.453401187496168756e-01, 3.487203644302401817e-01, 1.023320486665306589e-01
1.036023934243402445e-01, 4.453358591595728555e-01, 3.487330110071983347e-01, 1.023287364088885654e-01
1.035973129501599199e-01, 4.453315972922568533e-01, 3.487456734399494995e-01, 1.023254163176338105e-01
1.035922267322984536e-01, 4.453273331627748410e-01, 3.487583517090395713e-01, 1.023220883958871341e-01
1.035871347719921759e-01, 4.453230667862400627e-01, 3.487710457949900200e-01, 1.023187526467775332e-01
1.035820370704869237e-01, 4.453187981777731452e-01, 3.487837556782973358e-01, 1.023154090734425953e-01
1.035769336290374293e-01, 4.453145273525011549e-01, 3.487964813394334729e-01, 1.023120576790280539e-01
1.035718244489077511e-01, 4.453102543255587076e-01, 3.488092227588453498e-01, 1.023086984666881499e-01
1.035667095313712732e-01, 4.453059791120878019e-01, 3.488219799169555713e-01, 1.023053314395854368e-01
1.035615888777103866e-01, 4.453017017272368205e-01, 3.488347527941619841e-01, 1.023019566008906978e-01
1.035564624892169050e-01, 4.452974221861616400e-01, 3.488475413708381767e-01, 1.022985739537833616e-01
1.035513303671915658e-01, 4.452931405040250201e-01, 3.488603456273326464e-01, 1.022951835014507815e-01
1.035461925129445571e-01, 4.452888566959964378e-01, 3.488731655439700763e-01, 1.022917852470889843e-01
1.035410489277950319e-01, 4.452845707772525863e-01, 3.488860011010503359e-01, 1.022883791939021153e-01
1.035358996130714415e-01, 4.452802827629769866e-01, 3.488988522788488145e-01, 1.022849653451027574e-01
1.035307445701113688e-01, 4.452759926683601543e-01, 3.489117190576168648e-01, 1.022815437039116815e-01
1.035255838002615142e-01, 4.452717005085991553e-01, 3.489246014175813593e-01, 1.022781142735580545e-01
1.035204173048777654e-01, 4.452674062988981052e-01, 3.489374993389448565e-01, 1.022746770572792452e-01
1.035152450853252387e-01, 4.452631100544678366e-01, 3.489504128018858786e-01, 1.022712320583210183e-01
1.035100671429780156e-01, 4.452588117905260656e-01, 3.489633417865586340e-01, 1.022677792799372848e-01
1.035048834792194478e-01, 4.452545115222971139e-01, 3.489762862730931836e-01, 1.022643187253903518e-01
1.034996940954419353e-01, 4.452502092650120757e-01, 3.489892462415953855e-01, 1.022608503979507005e-01
1.034944989930470655e-01, 4.452459050339085400e-01, 3.490022216721472281e-01, 1.022573743008970693e-01
1.034892981734455292e-01, 4.452415988442312011e-01, 3.490152125448066078e-01, 1.022538904375165786e-01
1.034840916380570103e-01, 4.452372907112310818e-01, 3.490282188396073848e-01, 1.022503988111044121e-01
1.034788793883105323e-01, 4.452329806501657550e-01, 3.490412405365597159e-01, 1.022468994249641078e-01
1.034736614256439313e-01, 4.452286686762993995e-01, 3.490542776156492777e-01, 1.022433922824073499e-01
1.034684377515043968e-01, 4.452243548049029664e-01, 3.490673300568387094e-01, 1.022398773867540939e-01
1.034632083673479586e-01, 4.452200390512535688e-01, 3.490803978400660590e-01, 1.022363547413324830e-01
1.034579732746398611e-01, 4.452157214306350363e-01, 3.490934809452462262e-01, 1.022328243494789457e-01
1.034527324748544808e-01, 4.452114019583376381e-01, 3.491065793522698524e-01, 1.022292862145379733e-01
1.034474859694751031e-01, 4.452070806496582489e-01, 3.491196930410044308e-01, 1.022257403398623421e-01
1.034422337599941316e-01, 4.452027575198995168e-01, 3.491328219912932518e-01, 1.022221867288130026e-01
1.034369758479131013e-01, 4.451984325843714174e-01, 3.491459661829564576e-01, 1.022186253847590376e-01
1.034317122347423873e-01, 4.451941058583894772e-01, 3.491591255957902651e-01, 1.022150563110777732e-01
1.034264429220017045e-01, 4.451897773572759953e-01, 3.491723002095676875e-01, 1.022114795111547098e-01
1.034211679112194138e-01, 4.451854470963592103e-01, 3.491854900040380350e-01, 1.022078949883833132e-01
1.034158872039332849e-01, 4.451811150909739667e-01, 3.491986949589272471e-01, 1.022043027461654596e-01
1.034106008016898032e-01, 4.451767813564614373e-01, 3.492119150539377270e-01, 1.022007027879109908e-01
1.034053087060447101e-01, 4.451724459081685126e-01, 3.492251502687488407e-01, 1.021970951170379366e-01
1.034000109185625460e-01, 4.451681087614485222e-01, 3.492384005830164728e-01, 1.021934797369724729e-01
1.033947074408169270e-01, 4.451637699316611241e-01, 3.492516659763730824e-01, 1.021898566511488388e-01
1.033893982743905177e-01, 4.451594294341719715e-01, 3.492649464284280914e-01, 1.021862258630094333e-01
1.033840834208748921e-01, 4.451550872843526574e-01, 3.492782419187677734e-01, 1.021825873760048020e-01
1.033787628818705895e-01, 4.451507434975811583e-01, 3.492915524269549765e-01, 1.021789411935934283e-01
1.033734366589871972e-01, 4.451463980892411132e-01, 3.493048779325296782e-01, 1.021752873192420669e-01
1.033681047538431708e-01, 4.451420510747225445e-01, 3.493182184150087632e-01, 1.021716257564254521e-01
1.033627671680660276e-01, 4.451377024694214146e-01, 3.493315738538861348e-01, 1.021679565086264091e-01
1.033574239032921255e-01, 4.451333522887393479e-01, 3.493449442286325479e-01, 1.021642795793358538e-01
1.033520749611668565e-01, 4.451290005480842416e-01, 3.493583295186961091e-01, 1.021605949720527234e-01
1.033467203433444809e-01, 4.451246472628697659e-01, 3.493717297035016101e-01, 1.021569026902840183e-01
1.033413600514882930e-01, 4.451202924485154200e-01, 3.493851447624514717e-01, 1.021532027375448431e-01
1.033359940872703026e-01, 4.451159361204466425e-01, 3.493985746749249111e-01, 1.021494951173582688e-01
1.033306224523716788e-01, 4.451115782940943122e-01, 3.494120194202786078e-01, 1.021457798332554012e-01
1.033252451484822920e-01, 4.451072189848958582e-01, 3.494254789778464265e-01, 1.021420568887753538e-01
1.033198621773011167e-01, 4.451028582082937612e-01, 3.494389533269395276e-01, 1.021383262874653863e-01
1.033144735405358422e-01, 4.450984959797367746e-01, 3.494524424468467005e-01, 1.021345880328805994e-01
1.033090792399031510e-01, 4.450941323146790363e-01, 3.494659463168335867e-01, 1.021308421285841567e-01
1.033036792771285795e-01, 4.450897672285802353e-01, 3.494794649161440114e-01, 1.021270885781471877e-01
1.032982736539465179e-01, 4.450854007369061671e-01, 3.494929982239984301e-01, 1.021233273851488571e-01
1.032928623721001971e-01, 4.450810328551278450e-01, 3.495065462195954820e-01, 1.021195585531762817e-01
1.032874454333418124e-01, 4.450766635987221664e-01, 3.495201088821113244e-01, 1.021157820858246273e-01
1.032820228394323719e-01, 4.450722929831713026e-01, 3.495336861906995773e-01, 1.021119979866968591e-01
1.032765945921416267e-01, 4.450679210239631978e-01, 3.495472781244913230e-01, 1.021082062594039497e-01
1.032711606932482790e-01, 4.450635477365912362e-01, 3.495608846625956612e-01, 1.021044069075648514e-01
1.032657211445398709e-01, 4.450591731365542425e-01, 3.495745057840994874e-01, 1.021005999348065518e-01
1.032602759478126742e-01, 4.450547972393565366e-01, 3.495881414680671040e-01, 1.020967853447637269e-01
1.032548251048718835e-01, 4.450504200605078786e-01, 3.496017916935410530e-01, 1.020929631410792265e-01
1.032493686175314090e-01, 4.450460416155234689e-01, 3.496154564395415609e-01, 1.020891333274036444e-01
1.032439064876140428e-01, 4.450416619199236701e-01, 3.496291356850667054e-01, 1.020852959073955124e-01
1.032384387169513612e-01, 4.450372809892347292e-01, 3.496428294090926925e-01, 1.020814508847213836e-01
1.032329653073836839e-01, 4.450328988389872231e-01, 3.496565375905736350e-01, 1.020775982630555273e-01
1.032274862607601429e-01, 4.450285154847181124e-01, 3.496702602084416633e-01, 1.020737380460802479e-01
1.032220015789386408e-01, 4.450241309419687430e-01, 3.496839972416070363e-01, 1.020698702374855660e-01
1.032165112637858650e-01, 4.450197452262862896e-01, 3.496977486689583636e-01, 1.020659948409695372e-01
1.032110153171772460e-01, 4.450153583532228674e-01, 3.497115144693620503e-01, 1.020621118602379335e-01
1.032055137409969570e-01, 4.450109703383358095e-01, 3.497252946216628522e-01, 1.020582212990044924e-01
1.032000065371379283e-01, 4.450065811971872787e-01, 3.497390891046839867e-01, 1.020543231609907370e-01
1.031944937075019164e-01, 4.450021909453451552e-01, 3.497528978972268554e-01, 1.020504174499260591e-01
1.031889752539992267e-01, 4.449977995983819823e-01, 3.497667209780710440e-01, 1.020465041695476222e-01
1.031834511785490321e-01, 4.449934071718756878e-01, 3.497805583259749329e-01, 1.020425833236005414e-01
1.031779214830791103e-01, 4.449890136814085850e-01, 3.497944099196746426e-01, 1.020386549158375372e-01
1.031723861695261479e-01, 4.449846191425688158e-01, 3.498082757378856988e-01, 1.020347189500192681e-01
1.031668452398353669e-01, 4.449802235709491294e-01, 3.498221557593013675e-01, 1.020307754299142611e-01
1.031612986959606626e-01, 4.449758269821467160e-01, 3.498360499625939868e-01, 1.020268243592986485e-01
1.031557465398646595e-01, 4.449714293917646502e-01, 3.498499583264141344e-01, 1.020228657419564866e-01
1.031501887735188083e-01, 4.449670308154102250e-01, 3.498638808293913494e-01, 1.020188995816795618e-01
1.031446253989029976e-01, 4.449626312686958962e-01, 3.498778174501337435e-01, 1.020149258822674182e-01
1.031390564180059699e-01, 4.449582307672384496e-01, 3.498917681672280566e-01, 1.020109446475273157e-01
1.031334818328250025e-01, 4.449538293266603883e-01, 3.499057329592402121e-01, 1.020069558812743971e-01
1.031279016453661018e-01, 4.449494269625881571e-01, 3.499197118047145394e-01, 1.020029595873313683e-01
1.031223158576438370e-01, 4.449450236906533074e-01, 3.499337046821742181e-01, 1.019989557695288040e-01
1.031167244716814646e-01, 4.449406195264919428e-01, 3.499477115701216667e-01, 1.019949444317049397e-01
1.031111274895109425e-01, 4.449362144857449963e-01, 3.499617324470381541e-01, 1.019909255777057266e-01
1.031055249131727358e-01, 4.449318085840582859e-01, 3.499757672913839657e-01, 1.019868992113849432e-01
1.030999167447159692e-01, 4.449274018370817929e-01, 3.499898160815982928e-01, 1.019828653366038895e-01
1.030943029861983024e-01, 4.449229942604702726e-01, 3.500038787960996212e-01, 1.019788239572316235e-01
1.030886836396862211e-01, 4.449185858698831986e-01, 3.500179554132855086e-01, 1.019747750771450023e-01
1.030830587072544963e-01, 4.449141766809844856e-01, 3.500320459115326965e-01, 1.019707187002283910e-01
1.030774281909866835e-01, 4.449097667094424891e-01, 3.500461502691968319e-01, 1.019666548303738568e-01
1.030717920929748871e-01, 4.449053559709302830e-01, 3.500602684646136331e-01, 1.019625834714812523e-01
1.030661504153196628e-01, 4.449009444811251046e-01, 3.500744004760972250e-01, 1.019585046274579104e-01
1.030605031601303512e-01, 4.448965322557090762e-01, 3.500885462819417482e-01, 1.019544183022189354e-01
1.030548503295245638e-01, 4.448921193103680394e-01, 3.501027058604203046e-01, 1.019503244996870228e-01
1.030491919256287386e-01, 4.448877056607928315e-01, 3.501168791897858457e-01, 1.019462232237925009e-01
1.030435279505777235e-01, 4.448832913226785091e-01, 3.501310662482705616e-01, 1.019421144784733307e-01
1.030378584065147762e-01, 4.448788763117239586e-01, 3.501452670140862700e-01, 1.019379982676750090e-01
1.030321832955918837e-01, 4.448744606436331739e-01, 3.501594814654242493e-01, 1.019338745953507347e-01
1.030265026199695122e-01, 4.448700443341137567e-01, 3.501737095804555722e-01, 1.019297434654612561e-01
1.030208163818164130e-01, 4.448656273988777499e-01, 3.501879513373307717e-01, 1.019256048819748989e-01
1.030151245833102192e-01, 4.448612098536416370e-01, 3.502022067141805084e-01, 1.019214588488675660e-01
1.030094272266367378e-01, 4.448567917141257877e-01, 3.502164756891147368e-01, 1.019173053701228071e-01
1.030037243139903663e-01, 4.448523729960546236e-01, 3.502307582402234831e-01, 1.019131444497315825e-01
1.029980158475739954e-01, 4.448479537151570629e-01, 3.502450543455765120e-01, 1.019089760916925547e-01
1.029923018295989673e-01, 4.448435338871657985e-01, 3.502593639832234373e-01, 1.019048003000118385e-01
1.029865822622851729e-01, 4.448391135278176867e-01, 3.502736871311940559e-01, 1.019006170787031540e-01
1.029808571478607604e-01, 4.448346926528537471e-01, 3.502880237674979025e-01, 1.018964264317876595e-01
1.029751264885625239e-01, 4.448302712780188295e-01, 3.503023738701246392e-01, 1.018922283632941045e-01
1.029693902866355981e-01, 4.448258494190616696e-01, 3.503167374170439441e-01, 1.018880228772587326e-01
1.029636485443334859e-01, 4.448214270917354440e-01, 3.503311143862057886e-01, 1.018838099777252815e-01
1.029579012639183083e-01, 4.448170043117966599e-01, 3.503455047555400492e-01, 1.018795896687450103e-01
1.029521484476603743e-01, 4.448125810950059322e-01, 3.503599085029570070e-01, 1.018753619543766031e-01
1.029463900978385832e-01, 4.448081574571280394e-01, 3.503743256063471256e-01, 1.018711268386862795e-01
1.029406262167401609e-01, 4.448037334139309240e-01, 3.503887560435812176e-01, 1.018668843257477530e-01
1.029348568066606323e-01, 4.447993089811870804e-01, 3.504031997925102782e-01, 1.018626344196420785e-01
1.029290818699040710e-01, 4.447948841746721671e-01, 3.504176568309658735e-01, 1.018583771244578606e-01
1.029233014087828774e-01, 4.447904590101660061e-01, 3.504321271367599189e-01, 1.018541124442911699e-01
1.029175154256177088e-01, 4.447860335034520829e-01, 3.504466106876848452e-01, 1.018498403832454879e-01
1.029117239227376746e-01, 4.447816076703172694e-01, 3.504611074615134325e-01, 1.018455609454315541e-01
1.029059269024803352e-01, 4.447771815265524342e-01, 3.504756174359994203e-01, 1.018412741349678241e-01
1.029001243671913701e-01, 4.447727550879518321e-01, 3.504901405888767862e-01, 1.018369799559799976e-01
1.028943163192249516e-01, 4.447683283703136592e-01, 3.505046768978602456e-01, 1.018326784126011436e-01
1.028885027609435232e-01, 4.447639013894392757e-01, 3.505192263406454178e-01, 1.018283695089717694e-01
1.028826836947178969e-01, 4.447594741611338720e-01, 3.505337888949083824e-01, 1.018240532492398071e-01
1.028768591229271279e-01, 4.447550467012060249e-01, 3.505483645383062341e-01, 1.018197296375605160e-01
1.028710290479586398e-01, 4.447506190254679748e-01, 3.505629532484768052e-01, 1.018153986780965803e-01
1.028651934722080857e-01, 4.447461911497351261e-01, 3.505775550030389431e-01, 1.018110603750178728e-01
1.028593523980794872e-01, 4.447417630898266583e-01, 3.505921697795921221e-01, 1.018067147325018712e-01
1.028535058279850534e-01, 4.447373348615648037e-01, 3.506067975557170535e-01, 1.018023617547331450e-01
1.028476537643453620e-01, 4.447329064807754584e-01, 3.506214383089754638e-01, 1.017980014459038407e-01
1.028417962095891369e-01, 4.447284779632877938e-01, 3.506360920169098727e-01, 1.017936338102131549e-01
1.028359331661535120e-01, 4.447240493249341453e-01, 3.506507586570444257e-01, 1.017892588518678615e-01
1.028300646364837118e-01, 4.447196205815504566e-01, 3.506654382068839504e-01, 1.017848765750818812e-01
1.028241906230333291e-01, 4.447151917489755024e-01, 3.506801306439147892e-01, 1.017804869840764764e-01
1.028183111282640616e-01, 4.447107628430516102e-01, 3.506948359456041331e-01, 1.017760900830801951e-01
1.028124261546459473e-01, 4.447063338796242715e-01, 3.507095540894009655e-01, 1.017716858763288851e-01
1.028065357046571288e-01, 4.447019048745420311e-01, 3.507242850527351741e-01, 1.017672743680656383e-01
1.028006397807840755e-01, 4.446974758436567643e-01, 3.507390288130182721e-01, 1.017628555625408326e-01
1.027947383855214031e-01, 4.446930468028232331e-01, 3.507537853476433987e-01, 1.017584294640120901e-01
1.027888315213718595e-01, 4.446886177678994190e-01, 3.507685546339846527e-01, 1.017539960767442492e-01
1.027829191908463946e-01, 4.446841887547463013e-01, 3.507833366493978700e-01, 1.017495554050093926e-01
1.027770013964642570e-01, 4.446797597792280232e-01, 3.507981313712206783e-01, 1.017451074530869304e-01
1.027710781407527030e-01, 4.446753308572117813e-01, 3.508129387767719987e-01, 1.017406522252633505e-01
1.027651494262472320e-01, 4.446709020045673810e-01, 3.508277588433529881e-01, 1.017361897258324266e-01
1.027592152554914900e-01, 4.446664732371679030e-01, 3.508425915482454305e-01, 1.017317199590951488e-01
1.027532756310371304e-01, 4.446620445708893143e-01, 3.508574368687140677e-01, 1.017272429293596403e-01
1.027473305554441746e-01, 4.446576160216101359e-01, 3.508722947820045457e-01, 1.017227586409412410e-01
1.027413800312805409e-01, 4.446531876052122190e-01, 3.508871652653446915e-01, 1.017182670981624237e-01
1.027354240611224601e-01, 4.446487593375799685e-01, 3.509020482959444021e-01, 1.017137683053529890e-01
1.027294626475541289e-01, 4.446443312346009535e-01, 3.509169438509952554e-01, 1.017092622668497037e-01
1.027234957931678766e-01, 4.446399033121649080e-01, 3.509318519076708442e-01, 1.017047489869964683e-01
1.027175235005641507e-01, 4.446354755861645636e-01, 3.509467724431267199e-01, 1.017002284701445658e-01
1.027115457723514758e-01, 4.446310480724955383e-01, 3.509617054345007814e-01, 1.016957007206521352e-01
1.027055626111464670e-01, 4.446266207870562259e-01, 3.509766508589127754e-01, 1.016911657428846288e-01
1.026995740195737056e-01, 4.446221937457472406e-01, 3.509916086934646295e-01, 1.016866235412144936e-01
1.026935800002659466e-01, 4.446177669644720831e-01, 3.510065789152406190e-01, 1.016820741200212819e-01
1.026875805558639665e-01, 4.446133404591370852e-01, 3.510215615013072554e-01, 1.016775174836917622e-01
1.026815756890165493e-01, 4.446089142456505217e-01, 3.510365564287132312e-01, 1.016729536366196979e-01
1.026755654023805281e-01, 4.446044883399238312e-01, 3.510515636744897527e-01, 1.016683825832059435e-01
1.026695496986207295e-01, 4.446000627578706732e-01, 3.510665832156501520e-01, 1.016638043278583758e-01
1.026635285804100711e-01, 4.445956375154072604e-01, 3.510816150291904969e-01, 1.016592188749920050e-01
1.026575020504294500e-01, 4.445912126284524146e-01, 3.510966590920892583e-01, 1.016546262290289188e-01
1.026514701113676736e-01, 4.445867881129267896e-01, 3.511117153813073100e-01, 1.016500263943981019e-01
1.026454327659216265e-01, 4.445823639847544251e-01, 3.511267838737881508e-01, 1.016454193755356727e-01
1.026393900167962003e-01, 4.445779402598608598e-01, 3.511418645464581823e-01, 1.016408051768848131e-01
1.026333418667042113e-01, 4.445735169541743526e-01, 3.511569573762259866e-01, 1.016361838028956160e-01
1.026272883183663998e-01, 4.445690940836253269e-01, 3.511720623399831598e-01, 1.016315552580252385e-01
1.026212293745114856e-01, 4.445646716641465934e-01, 3.511871794146039227e-01, 1.016269195467378039e-01
1.026151650378761826e-01, 4.445602497116733498e-01, 3.512023085769457875e-01, 1.016222766735044858e-01
1.026090953112052118e-01, 4.445558282421429031e-01, 3.512174498038484471e-01, 1.016176266428033825e-01
1.026030201972509548e-01, 4.445514072714945031e-01, 3.512326030721347747e-01, 1.016129694591195870e-01
1.025969396987740367e-01, 4.445469868156702864e-01, 3.512477683586107124e-01, 1.016083051269451032e-01
1.025908538185427432e-01, 4.445425668906133887e-01, 3.512629456400649386e-01, 1.016036336507789156e-01
1.025847625593334228e-01, 4.445381475122701653e-01, 3.512781348932694780e-01, 1.015989550351269616e-01
1.025786659239302234e-01, 4.445337286965883594e-01, 3.512933360949792028e-01, 1.015942692845021311e-01
1.025725639151252727e-01, 4.445293104595182676e-01, 3.513085492219322203e-01, 1.015895764034241561e-01
1.025664565357184699e-01, 4.445248928170119074e-01, 3.513237742508498185e-01, 1.015848763964198320e-01
1.025603437885176522e-01, 4.445204757850231836e-01, 3.513390111584364650e-01, 1.015801692680226853e-01
1.025542256763385257e-01, 4.445160593795082771e-01, 3.513542599213800299e-01, 1.015754550227732089e-01
1.025481022020046373e-01, 4.445116436164251450e-01, 3.513695205163515078e-01, 1.015707336652188347e-01
1.025419733683472917e-01, 4.445072285117336319e-01, 3.513847929200054621e-01, 1.015660051999137808e-01
1.025358391782057316e-01, 4.445028140813954698e-01, 3.514000771089795250e-01, 1.015612696314192043e-01
1.025296996344270128e-01, 4.444984003413745555e-01, 3.514153730598952308e-01, 1.015565269643031177e-01
1.025235547398660324e-01, 4.444939873076360626e-01, 3.514306807493575158e-01, 1.015517772031404031e-01
1.025174044973853893e-01, 4.444895749961473852e-01, 3.514460001539546630e-01, 1.015470203525126458e-01
1.025112489098555651e-01, 4.444851634228775827e-01, 3.514613312502585241e-01, 1.015422564170083836e-01
1.025050879801548409e-01, 4.444807526037972689e-01, 3.514766740148249635e-01, 1.015374854012230099e-01
1.024989217111692413e-01, 4.444763425548789448e-01, 3.514920284241932480e-01, 1.015327073097586630e-01
1.024927501057925489e-01, 4.444719332920968324e-01, 3.515073944548863238e-01, 1.015279221472242394e-01
1.024865731669263452e-01, 4.444675248314268190e-01, 3.515227720834112057e-01, 1.015231299182355745e-01
1.024803908974799699e-01, 4.444631171888461796e-01, 3.515381612862585325e-01, 1.015183306274150821e-01
1.024742033003705616e-01, 4.444587103803341877e-01, 3.515535620399030114e-01, 1.015135242793922116e-01
1.024680103785228780e-01, 4.444543044218712269e-01, 3.515689743208029738e-01, 1.015087108788029907e-01
1.024618121348694622e-01, 4.444498993294393463e-01, 3.515843981054009304e-01, 1.015038904302901224e-01
1.024556085723506149e-01, 4.444454951190225378e-01, 3.515998333701234047e-01, 1.014990629385034565e-01
1.024493996939142976e-01, 4.444410918066056260e-01, 3.516152800913809884e-01, 1.014942284080990603e-01
1.024431855025161736e-01, 4.444366894081753228e-01, 3.516307382455683417e-01, 1.014893868437401342e-01
1.024369660011196642e-01, 4.444322879397197279e-01, 3.516462078090642485e-01, 1.014845382500963594e-01
1.024307411926957401e-01, 4.444278874172280513e-01, 3.516616887582318940e-01, 1.014796826318443146e-01
1.024245110802232545e-01, 4.444234878566911129e-01, 3.516771810694184208e-01, 1.014748199936671147e-01
1.024182756666885963e-01, 4.444190892741011756e-01, 3.516926847189555949e-01, 1.014699503402546471e-01
1.024120349550857595e-01, 4.444146916854515572e-01, 3.517081996831592505e-01, 1.014650736763034744e-01
1.024057889484164818e-01, 4.444102951067369633e-01, 3.517237259383297898e-01, 1.014601900065168344e-01
1.023995376496901200e-01, 4.444058995539532653e-01, 3.517392634607520163e-01, 1.014552993356046123e-01
1.023932810619236911e-01, 4.444015050430977776e-01, 3.517548122266950794e-01, 1.014504016682833409e-01
1.023870191881417896e-01, 4.443971115901689251e-01, 3.517703722124131405e-01, 1.014454970092762282e-01
1.023807520313766012e-01, 4.443927192111661317e-01, 3.517859433941442626e-01, 1.014405853633131571e-01
1.023744795946679720e-01, 4.443883279220899318e-01, 3.518015257481115210e-01, 1.014356667351304642e-01
1.023682018810633670e-01, 4.443839377389425249e-01, 3.518171192505228917e-01, 1.014307411294713274e-01
1.023619188936177316e-01, 4.443795486777263881e-01, 3.518327238775703636e-01, 1.014258085510853780e-01
1.023556306353936990e-01, 4.443751607544457749e-01, 3.518483396054316592e-01, 1.014208690047289085e-01
1.023493371094613968e-01, 4.443707739851053273e-01, 3.518639664102685138e-01, 1.014159224951648314e-01
1.023430383188985299e-01, 4.443663883857111307e-01, 3.518796042682278413e-01, 1.014109690271624564e-01
1.023367342667903801e-01, 4.443620039722701587e-01, 3.518952531554414564e-01, 1.014060086054979493e-01
1.023304249562298068e-01, 4.443576207607901618e-01, 3.519109130480262415e-01, 1.014010412349538315e-01
1.023241103903170246e-01, 4.443532387672799455e-01, 3.519265839220838687e-01, 1.013960669203191889e-01
1.023177905721600472e-01, 4.443488580077492034e-01, 3.519422657537011334e-01, 1.013910856663897547e-01
1.023114655048741189e-01, 4.443444784982082951e-01, 3.519579585189500093e-01, 1.013860974779676460e-01
1.023051351915821722e-01, 4.443401002546686351e-01, 3.519736621938875931e-01, 1.013811023598616134e-01
1.022987996354146056e-01, 4.443357232931422485e-01, 3.519893767545562158e-01, 1.013761003168869163e-01
1.022924588395092843e-01, 4.443313476296421594e-01, 3.520051021769833310e-01, 1.013710913538652669e-01
1.022861128070115255e-01, 4.443269732801818361e-01, 3.520208384371816268e-01, 1.013660754756248866e-01
1.022797615410741823e-01, 4.443226002607756908e-01, 3.520365855111495801e-01, 1.013610526870004774e-01
1.022734050448574628e-01, 4.443182285874388571e-01, 3.520523433748704023e-01, 1.013560229928332640e-01
1.022670433215291524e-01, 4.443138582761865796e-01, 3.520681120043133161e-01, 1.013509863979708964e-01
1.022606763742643643e-01, 4.443094893430356573e-01, 3.520838913754325561e-01, 1.013459429072673945e-01
1.022543042062457191e-01, 4.443051218040025563e-01, 3.520996814641682016e-01, 1.013408925255834259e-01
1.022479268206632347e-01, 4.443007556751052411e-01, 3.521154822464457879e-01, 1.013358352577858612e-01
1.022415442207143255e-01, 4.442963909723609550e-01, 3.521312936981764730e-01, 1.013307711087481910e-01
1.022351564096038862e-01, 4.442920277117888284e-01, 3.521471157952570930e-01, 1.013257000833502619e-01
1.022287633905440973e-01, 4.442876659094075475e-01, 3.521629485135702176e-01, 1.013206221864781653e-01
1.022223651667545780e-01, 4.442833055812366316e-01, 3.521787918289841501e-01, 1.013155374230246958e-01
1.022159617414623717e-01, 4.442789467432958772e-01, 3.521946457173529832e-01, 1.013104457978887679e-01
1.022095531179017525e-01, 4.442745894116055805e-01, 3.522105101545167649e-01, 1.013053473159758328e-01
1.022031392993145160e-01, 4.442702336021865372e-01, 3.522263851163013881e-01, 1.013002419821976696e-01
1.021967202889497300e-01, 4.442658793310593768e-01, 3.522422705785187014e-01, 1.012951298014723445e-01
1.021902960900637342e-01, 4.442615266142455610e-01, 3.522581665169663423e-01, 1.012900107787243348e-01
1.021838667059203482e-01, 4.442571754677664964e-01, 3.522740729074285704e-01, 1.012848849188845018e-01
1.021774321397906360e-01, 4.442528259076443664e-01, 3.522899897256752122e-01, 1.012797522268899381e-01
1.021709923949528920e-01, 4.442484779499007441e-01, 3.523059169474622165e-01, 1.012746127076841196e-01
1.021645474746928905e-01, 4.442441316105582572e-01, 3.523218545485319875e-01, 1.012694663662167815e-01
1.021580973823035254e-01, 4.442397869056389781e-01, 3.523378025046133843e-01, 1.012643132074441121e-01
1.021516421210851289e-01, 4.442354438511656456e-01, 3.523537607914210001e-01, 1.012591532363284058e-01
1.021451816943451385e-01, 4.442311024631608873e-01, 3.523697293846558276e-01, 1.012539864578382021e-01
1.021387161053984305e-01, 4.442267627576473865e-01, 3.523857082600057034e-01, 1.012488128769485629e-01
1.021322453575669864e-01, 4.442224247506479373e-01, 3.524016973931444752e-01, 1.012436324986405872e-01
1.021257694541801847e-01, 4.442180884581854450e-01, 3.524176967597326682e-01, 1.012384453279017299e-01
1.021192883985744815e-01, 4.442137538962825927e-01, 3.524337063354173183e-01, 1.012332513697256214e-01
1.021128021940937020e-01, 4.442094210809623411e-01, 3.524497260958318057e-01, 1.012280506291122067e-01
1.021063108440887629e-01, 4.442050900282473180e-01, 3.524657560165962433e-01, 1.012228431110675925e-01
1.020998143519179086e-01, 4.442007607541601510e-01, 3.524817960733178102e-01, 1.012176288206041164e-01
1.020933127209465441e-01, 4.441964332747234123e-01, 3.524978462415897518e-01, 1.012124077627403196e-01
1.020868059545471523e-01, 4.441921076059595075e-01, 3.525139064969923242e-01, 1.012071799425008772e-01
1.020802940560996269e-01, 4.441877837638906756e-01, 3.525299768150929602e-01, 1.012019453649167927e-01
1.020737770289908003e-01, 4.441834617645387673e-01, 3.525460571714453817e-01, 1.011967040350251201e-01
1.020672548766148185e-01, 4.441791416239256884e-01, 3.525621475415903761e-01, 1.011914559578690337e-01
1.020607276023729054e-01, 4.441748233580730676e-01, 3.525782479010559634e-01, 1.011862011384980914e-01
1.020541952096734872e-01, 4.441705069830019226e-01, 3.525943582253567854e-01, 1.011809395819676799e-01
1.020476577019320125e-01, 4.441661925147334378e-01, 3.526104784899948275e-01, 1.011756712933396113e-01
1.020411150825712571e-01, 4.441618799692881314e-01, 3.526266086704590852e-01, 1.011703962776816373e-01
1.020345673550208526e-01, 4.441575693626860777e-01, 3.526427487422254536e-01, 1.011651145400676161e-01
1.020280145227177165e-01, 4.441532607109472397e-01, 3.526588986807573933e-01, 1.011598260855776921e-01
1.020214565891058439e-01, 4.441489540300909700e-01, 3.526750584615052642e-01, 1.011545309192979081e-01
1.020148935576362659e-01, 4.441446493361362879e-01, 3.526912280599069915e-01, 1.011492290463204963e-01
1.020083254317670773e-01, 4.441403466451016024e-01, 3.527074074513876778e-01, 1.011439204717436841e-01
1.020017522149635203e-01, 4.441360459730049337e-01, 3.527235966113597132e-01, 1.011386052006718467e-01
1.019951739106978450e-01, 4.441317473358634138e-01, 3.527397955152232201e-01, 1.011332832382154517e-01
1.019885905224492961e-01, 4.441274507496942858e-01, 3.527560041383654976e-01, 1.011279545894908372e-01
1.019820020537043209e-01, 4.441231562305136826e-01, 3.527722224561614661e-01, 1.011226192596205442e-01
1.019754085079561806e-01, 4.441188637943371265e-01, 3.527884504439735558e-01, 1.011172772537330400e-01
1.019688098887053251e-01, 4.441145734571795844e-01, 3.528046880771522065e-01, 1.011119285769628839e-01
1.019622061994590739e-01, 4.441102852350555796e-01, 3.528209353310348684e-01, 1.011065732344505613e-01
1.019555974437319212e-01, 4.441059991439784693e-01, 3.528371921809470568e-01, 1.011012112313426220e-01
1.019489836250452169e-01, 4.441017151999611667e-01, 3.528534586022021857e-01, 1.010958425727914584e-01
1.019423647469273331e-01, 4.440974334190159190e-01, 3.528697345701011789e-01, 1.010904672639557494e-01
1.019357408129135528e-01, 4.440931538171536408e-01, 3.528860200599329144e-01, 1.010850853099997532e-01
1.019291118265462648e-01, 4.440888764103854136e-01, 3.529023150469743908e-01, 1.010796967160940418e-01
1.019224777913746854e-01, 4.440846012147202648e-01, 3.529186195064902276e-01, 1.010743014874148360e-01
1.019158387109549979e-01, 4.440803282461673329e-01, 3.529349334137331096e-01, 1.010688996291444069e-01
1.019091945888503797e-01, 4.440760575207344241e-01, 3.529512567439441195e-01, 1.010634911464710767e-01
1.019025454286308502e-01, 4.440717890544283453e-01, 3.529675894723519058e-01, 1.010580760445888987e-01
1.018958912338733536e-01, 4.440675228632551264e-01, 3.529839315741736816e-01, 1.010526543286978940e-01
1.018892320081618147e-01, 4.440632589632195759e-01, 3.530002830246145029e-01, 1.010472260040039677e-01
1.018825677550869585e-01, 4.440589973703259474e-01, 3.530166437988680461e-01, 1.010417910757190063e-01
1.018758984782464766e-01, 4.440547381005769956e-01, 3.530330138721158861e-01, 1.010363495490606139e-01
1.018692241812448745e-01, 4.440504811699745313e-01, 3.530493932195283291e-01, 1.010309014292524038e-01
1.018625448676934858e-01, 4.440462265945192000e-01, 3.530657818162635242e-01, 1.010254467215237484e-01
1.018558605412106244e-01, 4.440419743902108141e-01, 3.530821796374686850e-01, 1.010199854311098766e-01
1.018491712054213905e-01, 4.440377245730478539e-01, 3.530985866582789789e-01, 1.010145175632519293e-01
1.018424768639576428e-01, 4.440334771590273566e-01, 3.531150028538183050e-01, 1.010090431231967650e-01
1.018357775204581650e-01, 4.440292321641454709e-01, 3.531314281991991266e-01, 1.010035621161971264e-01
1.018290731785685826e-01, 4.440249896043971245e-01, 3.531478626695226386e-01, 1.009980745475116126e-01
1.018223638419412519e-01, 4.440207494957757461e-01, 3.531643062398786004e-01, 1.009925804224044710e-01
1.018156495142352597e-01, 4.440165118542735434e-01, 3.531807588853453361e-01, 1.009870797461457914e-01
1.018089301991166595e-01, 4.440122766958817246e-01, 3.531972205809902343e-01, 1.009815725240115619e-01
1.018022059002581664e-01, 4.440080440365894998e-01, 3.532136913018690261e-01, 1.009760587612833493e-01
1.017954766213393092e-01, 4.440038138923852462e-01, 3.532301710230268399e-01, 1.009705384632486047e-01
1.017887423660462781e-01, 4.439995862792558423e-01, 3.532466597194974245e-01, 1.009650116352004690e-01
1.017820031380721607e-01, 4.439953612131864458e-01, 3.532631573663036484e-01, 1.009594782824378700e-01
1.017752589411166780e-01, 4.439911387101611595e-01, 3.532796639384569448e-01, 1.009539384102652732e-01
1.017685097788863513e-01, 4.439869187861621436e-01, 3.532961794109584219e-01, 1.009483920239931803e-01
1.017617556550943075e-01, 4.439827014571702257e-01, 3.533127037587978081e-01, 1.009428391289375199e-01
1.017549965734605572e-01, 4.439784867391652901e-01, 3.533292369569542846e-01, 1.009372797304200625e-01
1.017482325377115776e-01, 4.439742746481245006e-01, 3.533457789803958193e-01, 1.009317138337681441e-01
1.017414635515807575e-01, 4.439700652000241887e-01, 3.533623298040800553e-01, 1.009261414443149152e-01
1.017346896188080912e-01, 4.439658584108390205e-01, 3.533788894029538108e-01, 1.009205625673991052e-01
1.017279107431401236e-01, 4.439616542965417745e-01, 3.533954577519530793e-01, 1.009149772083650781e-01
1.017211269283302549e-01, 4.439574528731035086e-01, 3.534120348260031963e-01, 1.009093853725629153e-01
1.017143381781384359e-01, 4.439532541564940038e-01, 3.534286206000193942e-01, 1.009037870653482771e-01
1.017075444963311814e-01, 4.439490581626807653e-01, 3.534452150489056921e-01, 1.008981822920824306e-01
1.017007458866818065e-01, 4.439448649076295772e-01, 3.534618181475562282e-01, 1.008925710581323187e-01
1.016939423529700931e-01, 4.439406744073050026e-01, 3.534784298708543715e-01, 1.008869533688704079e-01
1.016871338989825957e-01, 4.439364866776690510e-01, 3.534950501936733325e-01, 1.008813292296749237e-01
1.016803205285122802e-01, 4.439323017346825107e-01, 3.535116790908757189e-01, 1.008756986459294347e-01
1.016735022453588155e-01, 4.439281195943038938e-01, 3.535283165373140357e-01, 1.008700616230232550e-01
1.016666790533284903e-01, 4.439239402724896033e-01, 3.535449625078307401e-01, 1.008644181663511663e-01
1.016598509562339908e-01, 4.439197637851947653e-01, 3.535616169772576312e-01, 1.008587682813135156e-01
1.016530179578947757e-01, 4.439155901483721189e-01, 3.535782799204167381e-01, 1.008531119733163117e-01
1.016461800621366734e-01, 4.439114193779723494e-01, 3.535949513121199872e-01, 1.008474492477709206e-01
1.016393372727922850e-01, 4.439072514899444211e-01, 3.536116311271690349e-01, 1.008417801100943562e-01
1.016324895937004286e-01, 4.439030865002348558e-01, 3.536283193403556568e-01, 1.008361045657090171e-01
1.016256370287066946e-01, 4.438989244247886767e-01, 3.536450159264616921e-01, 1.008304226200429921e-01
1.016187795816630851e-01, 4.438947652795481313e-01, 3.536617208602591544e-01, 1.008247342785296707e-01
1.016119172564281387e-01, 4.438906090804539128e-01, 3.536784341165098988e-01, 1.008190395466079942e-01
1.016050500568668469e-01, 4.438864558434440499e-01, 3.536951556699665655e-01, 1.008133384297224128e-01
1.015981779868507101e-01, 4.438823055844549614e-01, 3.537118854953714697e-01, 1.008076309333228171e-01
1.015913010502576957e-01, 4.438781583194204572e-01, 3.537286235674574342e-01, 1.008019170628645239e-01
1.015844192509721966e-01, 4.438740140642720156e-01, 3.537453698609475117e-01, 1.007961968238082207e-01
1.015775325928851142e-01, 4.438698728349392830e-01, 3.537621243505554292e-01, 1.007904702216201598e-01
1.015706410798937892e-01, 4.438657346473492415e-01, 3.537788870109849770e-01, 1.007847372617719783e-01
1.015637447159018769e-01, 4.438615995174267637e-01, 3.537956578169306754e-01, 1.007789979497406840e-01
1.015568435048196522e-01, 4.438574674610943349e-01, 3.538124367430774408e-01, 1.007732522910086553e-01
1.015499374505636487e-01, 4.438533384942718318e-01, 3.538292237641008087e-01, 1.007675002910636969e-01
1.015430265570568813e-01, 4.438492126328770770e-01, 3.538460188546670437e-01, 1.007617419553990257e-01
1.015361108282286789e-01, 4.438450898928252841e-01, 3.538628219894328630e-01, 1.007559772895131878e-01
1.015291902680148378e-01, 4.438409702900291132e-01, 3.538796331430459352e-01, 1.007502062989100861e-01
1.015222648803574407e-01, 4.438368538403991703e-01, 3.538964522901444920e-01, 1.007444289890989386e-01
1.015153346692050235e-01, 4.438327405598429531e-01, 3.539132794053577169e-01, 1.007386453655943481e-01
1.015083996385123671e-01, 4.438286304642657942e-01, 3.539301144633056340e-01, 1.007328554339163018e-01
1.015014597922407058e-01, 4.438245235695702506e-01, 3.539469574385990525e-01, 1.007270591995899078e-01
1.014945151343575463e-01, 4.438204198916567700e-01, 3.539638083058400109e-01, 1.007212566681457561e-01
1.014875656688367100e-01, 4.438163194464224137e-01, 3.539806670396212218e-01, 1.007154478451197099e-01
1.014806113996583187e-01, 4.438122222497623004e-01, 3.539975336145266271e-01, 1.007096327360527954e-01
1.014736523308087945e-01, 4.438081283175683844e-01, 3.540144080051312869e-01, 1.007038113464914370e-01
1.014666884662809299e-01, 4.438040376657302333e-01, 3.540312901860013794e-01, 1.006979836819873325e-01
1.014597198100737896e-01, 4.437999503101345278e-01, 3.540481801316943122e-01, 1.006921497480973704e-01
1.014527463661925172e-01, 4.437958662666651177e-01, 3.540650778167585555e-01, 1.006863095503836292e-01
1.014457681386488064e-01, 4.437917855512035215e-01, 3.540819832157341418e-01, 1.006804630944136136e-01
1.014387851314603461e-01, 4.437877081796277046e-01, 3.540988963031522219e-01, 1.006746103857597829e-01
1.014317973486511953e-01, 4.437836341678132457e-01, 3.541158170535355088e-01, 1.006687514300000086e-01
1.014248047942516440e-01, 4.437795635316330589e-01, 3.541327454413978892e-01, 1.006628862327173662e-01
1.014178074722981576e-01, 4.437754962869567277e-01, 3.541496814412451455e-01, 1.006570147994999831e-01
1.014108053868334469e-01, 4.437714324496511153e-01, 3.541666250275741223e-01, 1.006511371359412460e-01
1.014037985419064258e-01, 4.437673720355801432e-01, 3.541835761748735045e-01, 1.006452532476397738e-01
1.013967869415721423e-01, 4.437633150606048460e-01, 3.542005348576237056e-01, 1.006393631401992228e-01
1.013897705898918894e-01, 4.437592615405829277e-01, 3.542175010502965349e-01, 1.006334668192284815e-01
1.013827494909331078e-01, 4.437552114913695944e-01, 3.542344747273558081e-01, 1.006275642903416007e-01
1.013757236487693447e-01, 4.437511649288163884e-01, 3.542514558632566812e-01, 1.006216555591576550e-01
1.013686930674803782e-01, 4.437471218687722430e-01, 3.542684444324464277e-01, 1.006157406313009234e-01
1.013616577511521621e-01, 4.437430823270828717e-01, 3.542854404093643272e-01, 1.006098195124007499e-01
1.013546177038765345e-01, 4.437390463195907131e-01, 3.543024437684412775e-01, 1.006038922080916137e-01
1.013475729297517308e-01, 4.437350138621349305e-01, 3.543194544841002380e-01, 1.005979587240130452e-01
1.013405234328820098e-01, 4.437309849705521336e-01, 3.543364725307561747e-01, 1.005920190658096958e-01
1.013334692173776252e-01, 4.437269596606749356e-01, 3.543534978828161153e-01, 1.005860732391311990e-01
1.013264102873551176e-01, 4.437229379483332847e-01, 3.543705305146793716e-01, 1.005801212496324343e-01
1.013193466469368698e-01, 4.437189198493532993e-01, 3.543875704007367622e-01, 1.005741631029730132e-01
1.013122783002514543e-01, 4.437149053795584885e-01, 3.544046175153721112e-01, 1.005681988048178488e-01
1.013052052514336471e-01, 4.437108945547684757e-01, 3.544216718329610827e-01, 1.005622283608368778e-01
1.012981275046238860e-01, 4.437068873907997757e-01, 3.544387333278714580e-01, 1.005562517767047831e-01
1.012910450639691318e-01, 4.437028839034656835e-01, 3.544558019744636912e-01, 1.005502690581015768e-01
1.012839579336218820e-01, 4.436988841085754420e-01, 3.544728777470905756e-01, 1.005442802107120170e-01
1.012768661177410601e-01, 4.436948880219357405e-01, 3.544899606200970776e-01, 1.005382852402260802e-01
1.012697696204913067e-01, 4.436908956593491049e-01, 3.545070505678208916e-01, 1.005322841523385025e-01
1.012626684460434801e-01, 4.436869070366150636e-01, 3.545241475645922180e-01, 1.005262769527490441e-01
1.012555625985742669e-01, 4.436829221695294811e-01, 3.545412515847337631e-01, 1.005202636471624889e-01
1.012484520822663492e-01, 4.436789410738843364e-01, 3.545583626025608504e-01, 1.005142442412884501e-01
1.012413369013084596e-01, 4.436749637654685552e-01, 3.545754805923814201e-01, 1.005082187408415789e-01
1.012342170598952429e-01, 4.436709902600671773e-01, 3.545926055284962519e-01, 1.005021871515414111e-01
1.012270925622271861e-01, 4.436670205734618011e-01, 3.546097373851987422e-01, 1.004961494791123677e-01
1.012199634125108966e-01, 4.436630547214301390e-01, 3.546268761367753486e-01, 1.004901057292837269e-01
1.012128296149587825e-01, 4.436590927197465728e-01, 3.546440217575050347e-01, 1.004840559077897766e-01
1.012056911737891779e-01, 4.436551345841813765e-01, 3.546611742216599361e-01, 1.004780000203695511e-01
1.011985480932263148e-01, 4.436511803305014379e-01, 3.546783335035050833e-01, 1.004719380727670808e-01
1.011914003775004345e-01, 4.436472299744698145e-01, 3.546954995772986230e-01, 1.004658700707311975e-01
1.011842480308474679e-01, 4.436432835318456780e-01, 3.547126724172912082e-01, 1.004597960200155210e-01
1.011770910575094107e-01, 4.436393410183845920e-01, 3.547298519977274966e-01, 1.004537159263785978e-01
1.011699294617339345e-01, 4.436354024498379567e-01, 3.547470382928444854e-01, 1.004476297955837344e-01
1.011627632477747063e-01, 4.436314678419536750e-01, 3.547642312768726214e-01, 1.004415376333990806e-01
1.011555924198911660e-01, 4.436275372104755421e-01, 3.547814309240356900e-01, 1.004354394455976296e-01
1.011484169823486517e-01, 4.436236105711436895e-01, 3.547986372085508155e-01, 1.004293352379570653e-01
1.011412369394181637e-01, 4.436196879396938075e-01, 3.548158501046280722e-01, 1.004232250162599566e-01
1.011340522953767390e-01, 4.436157693318581452e-01, 3.548330695864713169e-01, 1.004171087862936185e-01
1.011268630545070490e-01, 4.436118547633651210e-01, 3.548502956282776899e-01, 1.004109865538500984e-01
1.011196692210976772e-01, 4.436079442499382686e-01, 3.548675282042378920e-01, 1.004048583247262039e-01
1.011124707994427718e-01, 4.436040378072977908e-01, 3.548847672885357407e-01, 1.003987241047235163e-01
1.011052677938425320e-01, 4.436001354511598938e-01, 3.549020128553492803e-01, 1.003925838996483910e-01
1.010980602086026803e-01, 4.435962371972359541e-01, 3.549192648788495608e-01, 1.003864377153117216e-01
1.010908480480349064e-01, 4.435923430612340734e-01, 3.549365233332017477e-01, 1.003802855575293002e-01
1.010836313164563821e-01, 4.435884530588578012e-01, 3.549537881925642346e-01, 1.003741274321215682e-01
1.010764100181901909e-01, 4.435845672058063571e-01, 3.549710594310897527e-01, 1.003679633449135605e-01
1.010691841575651756e-01, 4.435806855177753527e-01, 3.549883370229244273e-01, 1.003617933017352110e-01
1.010619537389156330e-01, 4.435768080104554589e-01, 3.550056209422081110e-01, 1.003556173084207692e-01
1.010547187665818691e-01, 4.435729346995334610e-01, 3.550229111630751055e-01, 1.003494353708095227e-01
1.010474792449096576e-01, 4.435690656006920363e-01, 3.550402076596530510e-01, 1.003432474947451997e-01
1.010402351782505592e-01, 4.435652007296091992e-01, 3.550575104060642029e-01, 1.003370536860761914e-01
1.010329865709616859e-01, 4.435613401019587454e-01, 3.550748193764240446e-01, 1.003308539506554548e-01
1.010257334274059365e-01, 4.435574837334102516e-01, 3.550921345448431188e-01, 1.003246482943407902e-01
1.010184757519518028e-01, 4.435536316396289092e-01, 3.551094558854250849e-01, 1.003184367229942864e-01
1.010112135489733831e-01, 4.435497838362751910e-01, 3.551267833722684952e-01, 1.003122192424828335e-01
1.010039468228504517e-01, 4.435459403390055733e-01, 3.551441169794661845e-01, 1.003059958586779155e-01
1.009966755779683339e-01, 4.435421011634715915e-01, 3.551614566811045481e-01, 1.002997665774554431e-01
1.009893998187180314e-01, 4.435382663253210067e-01, 3.551788024512649855e-01, 1.002935314046960319e-01
1.009821195494960411e-01, 4.435344358401961951e-01, 3.551961542640229008e-01, 1.002872903462847798e-01
1.009748347747045777e-01, 4.435306097237357026e-01, 3.552135120934484247e-01, 1.002810434081113644e-01
1.009675454987513515e-01, 4.435267879915731348e-01, 3.552308759136056926e-01, 1.002747905960699321e-01
1.009602517260495269e-01, 4.435229706593374344e-01, 3.552482456985536774e-01, 1.002685319160591809e-01
1.009529534610180412e-01, 4.435191577426534915e-01, 3.552656214223460229e-01, 1.002622673739824027e-01
1.009456507080812165e-01, 4.435153492571410894e-01, 3.552830030590305443e-01, 1.002559969757472469e-01
1.009383434716689676e-01, 4.435115452184150153e-01, 3.553003905826500608e-01, 1.002497207272659285e-01
1.009310317562167048e-01, 4.435077456420863373e-01, 3.553177839672418958e-01, 1.002434386344551037e-01
1.009237155661653340e-01, 4.435039505437603502e-01, 3.553351831868383215e-01, 1.002371507032359388e-01
1.009163949059613125e-01, 4.435001599390385185e-01, 3.553525882154661142e-01, 1.002308569395340965e-01
1.009090697800565373e-01, 4.434963738435168112e-01, 3.553699990271470543e-01, 1.002245573492795278e-01
1.009017401929084151e-01, 4.434925922727869785e-01, 3.553874155958978709e-01, 1.002182519384068188e-01
1.008944061489797928e-01, 4.434888152424353303e-01, 3.554048378957300747e-01, 1.002119407128547468e-01
1.008870676527390403e-01, 4.434850427680440133e-01, 3.554222659006502361e-01, 1.002056236785668353e-01
1.008797247086598153e-01, 4.434812748651897896e-01, 3.554396995846597629e-01, 1.001993008414906322e-01
1.008723773212214514e-01, 4.434775115494447029e-01, 3.554571389217556221e-01, 1.001929722075783902e-01
1.008650254949084585e-01, 4.434737528363758563e-01, 3.554745838859291185e-01, 1.001866377827865529e-01
1.008576692342109671e-01, 4.434699987415454681e-01, 3.554920344511673935e-01, 1.001802975730760187e-01
1.008503085436244090e-01, 4.434662492805108158e-01, 3.555094905914526482e-01, 1.001739515844120021e-01
1.008429434276496423e-01, 4.434625044688239592e-01, 3.555269522807622540e-01, 1.001675998227641445e-01
1.008355738907928401e-01, 4.434587643220321840e-01, 3.555444194930687529e-01, 1.001612422941063341e-01
1.008281999375656574e-01, 4.434550288556773356e-01, 3.555618922023401351e-01, 1.001548790044168857e-01
1.008208215724850504e-01, 4.434512980852966524e-01, 3.555793703825398944e-01, 1.001485099596783612e-01
1.008134388000733461e-01, 4.434475720264222098e-01, 3.555968540076268058e-01, 1.001421351658775549e-01
1.008060516248581728e-01, 4.434438506945806435e-01, 3.556143430515553150e-01, 1.001357546290058270e-01
1.007986600513725850e-01, 4.434401341052936485e-01, 3.556318374882752598e-01, 1.001293683550585623e-01
1.007912640841548552e-01, 4.434364222740775352e-01, 3.556493372917321483e-01, 1.001229763500355308e-01
1.007838637277486543e-01, 4.434327152164437846e-01, 3.556668424358669367e-01, 1.001165786199407354e-01
1.007764589867028160e-01, 4.434290129478982712e-01, 3.556843528946163624e-01, 1.001101751707824394e-01
1.007690498655717110e-01, 4.434253154839420397e-01, 3.557018686419130549e-01, 1.001037660085731945e-01
1.007616363689146921e-01, 4.434216228400703064e-01, 3.557193896516852027e-01, 1.000973511393297988e-01
1.007542185012965941e-01, 4.434179350317734025e-01, 3.557369158978568868e-01, 1.000909305690731443e-01
1.007467962672874556e-01, 4.434142520745362193e-01, 3.557544473543478580e-01, 1.000845043038284532e-01
1.007393696714625614e-01, 4.434105739838381521e-01, 3.557719839950740925e-01, 1.000780723496251801e-01
1.007319387184023585e-01, 4.434069007751536562e-01, 3.557895257939472922e-01, 1.000716347124968458e-01
1.007245034126926231e-01, 4.434032324639510247e-01, 3.558070727248751619e-01, 1.000651913984812458e-01
1.007170637589243356e-01, 4.433995690656937216e-01, 3.558246247617616875e-01, 1.000587424136202830e-01
1.007096197616936528e-01, 4.433959105958396041e-01, 3.558421818785066360e-01, 1.000522877639601071e-01
1.007021714256018802e-01, 4.433922570698410892e-01, 3.558597440490060548e-01, 1.000458274555509758e-01
1.006947187552556522e-01, 4.433886085031449875e-01, 3.558773112471522726e-01, 1.000393614944472265e-01
1.006872617552665439e-01, 4.433849649111924474e-01, 3.558948834468335098e-01, 1.000328898867074157e-01
1.006798004302515981e-01, 4.433813263094195101e-01, 3.559124606219347120e-01, 1.000264126383941660e-01
1.006723347848328121e-01, 4.433776927132560552e-01, 3.559300427463368832e-01, 1.000199297555742495e-01
1.006648648236372900e-01, 4.433740641381269110e-01, 3.559476297939174194e-01, 1.000134412443184767e-01
1.006573905512973821e-01, 4.433704405994509101e-01, 3.559652217385499418e-01, 1.000069471107017383e-01
1.006499119724505453e-01, 4.433668221126412790e-01, 3.559828185541051848e-01, 1.000004473608030742e-01
1.006424290917393299e-01, 4.433632086931056371e-01, 3.560004202144495533e-01, 9.999394200070556293e-02
1.006349419138113516e-01, 4.433596003562459975e-01, 3.560180266934465099e-01, 9.998743103649630759e-02
1.006274504433193190e-01, 4.433559971174583225e-01, 3.560356379649559089e-01, 9.998091447426646350e-02
1.006199546849211313e-01, 4.433523989921329678e-01, 3.560532540028344406e-01, 9.997439232011127996e-02
1.006124546432796002e-01, 4.433488059956549043e-01, 3.560708747809355201e-01, 9.996786458012987819e-02
1.006049503230627556e-01, 4.433452181434027195e-01, 3.560885002731089544e-01, 9.996133126042557049e-02
1.005974417289434847e-01, 4.433416354507492274e-01, 3.561061304532016081e-01, 9.995479236710554105e-02
1.005899288655999063e-01, 4.433380579330619131e-01, 3.561237652950571264e-01, 9.994824790628104028e-02
1.005824117377150384e-01, 4.433344856057017669e-01, 3.561414047725158794e-01, 9.994169788406723209e-02
1.005748903499769920e-01, 4.433309184840241723e-01, 3.561590488594155168e-01, 9.993514230658336051e-02
1.005673647070787907e-01, 4.433273565833784624e-01, 3.561766975295901916e-01, 9.992858117995248590e-02
1.005598348137185655e-01, 4.433237999191083079e-01, 3.561943507568713918e-01, 9.992201451030167936e-02
1.005523006745993875e-01, 4.433202485065510512e-01, 3.562120085150876081e-01, 9.991544230376203650e-02
1.005447622944292407e-01, 4.433167023610380952e-01, 3.562296707780642779e-01, 9.990886456646839997e-02
1.005372196779210914e-01, 4.433131614978949586e-01, 3.562473375196242298e-01, 9.990228130455969247e-02
1.005296728297930542e-01, 4.433096259324410537e-01, 3.562650087135872945e-01, 9.989569252417866696e-02
1.005221217547678791e-01, 4.433060956799896868e-01, 3.562826843337706384e-01, 9.988909823147192057e-02
1.005145664575734510e-01, 4.433025707558477801e-01, 3.563003643539886522e-01, 9.988249843259004723e-02
1.005070069429425256e-01, 4.432990511753169272e-01, 3.563180487480530623e-01, 9.987589313368747113e-02
1.004994432156127437e-01, 4.432955369536916157e-01, 3.563357374897731522e-01, 9.986928234092246059e-02
1.004918752803267007e-01, 4.432920281062608936e-01, 3.563534305529552637e-01, 9.986266606045716976e-02
1.004843031418318350e-01, 4.432885246483069253e-01, 3.563711279114036845e-01, 9.985604429845751362e-02
1.004767268048804840e-01, 4.432850265951064350e-01, 3.563888295389197047e-01, 9.984941706109333459e-02
1.004691462742298563e-01, 4.432815339619292638e-01, 3.564065354093025051e-01, 9.984278435453824985e-02
1.004615615546420038e-01, 4.432780467640394795e-01, 3.564242454963488238e-01, 9.983614618496969295e-02
1.004539726508838493e-01, 4.432745650166942664e-01, 3.564419597738529566e-01, 9.982950255856889998e-02
1.004463795677271315e-01, 4.432710887351450357e-01, 3.564596782156070898e-01, 9.982285348152086790e-02
1.004387823099483906e-01, 4.432676179346363154e-01, 3.564774007954008561e-01, 9.981619896001442394e-02
1.004311808823290797e-01, 4.432641526304068602e-01, 3.564951274870218900e-01, 9.980953900024210068e-02
1.004235752896553424e-01, 4.432606928376885969e-01, 3.565128582642556609e-01, 9.980287360840028876e-02
1.004159655367182075e-01, 4.432572385717073460e-01, 3.565305931008854179e-01, 9.979620279068897315e-02
1.004083516283134497e-01, 4.432537898476821558e-01, 3.565483319706923560e-01, 9.978952655331203847e-02
1.004007335692416042e-01, 4.432503466808258019e-01, 3.565660748474557273e-01, 9.978284490247694982e-02
1.003931113643079520e-01, 4.432469090863443428e-01, 3.565838217049526193e-01, 9.977615784439500257e-02
1.003854850183226177e-01, 4.432434770794378420e-01, 3.566015725169583428e-01, 9.976946538528108643e-02
1.003778545361004165e-01, 4.432400506752993685e-01, 3.566193272572462658e-01, 9.976276753135393527e-02
1.003702199224608127e-01, 4.432366298891154410e-01, 3.566370858995879245e-01, 9.975606428883578014e-02
1.003625811822281000e-01, 4.432332147360661390e-01, 3.566548484177530787e-01, 9.974935566395265463e-02
1.003549383202312906e-01, 4.432298052313248804e-01, 3.566726147855096007e-01, 9.974264166293422829e-02
1.003472913413040318e-01, 4.432264013900585331e-01, 3.566903849766236423e-01, 9.973592229201377890e-02
1.003396402502846757e-01, 4.432230032274271370e-01, 3.567081589648598561e-01, 9.972919755742830350e-02
1.003319850520162509e-01, 4.432196107585841816e-01, 3.567259367239811740e-01, 9.972246746541831020e-02
1.003243257513465186e-01, 4.432162239986764951e-01, 3.567437182277490848e-01, 9.971573202222802634e-02
1.003166623531277640e-01, 4.432128429628436894e-01, 3.567615034499231896e-01, 9.970899123410527365e-02
1.003089948622170879e-01, 4.432094676662194921e-01, 3.567792923642620351e-01, 9.970224510730145429e-02
1.003013232834760876e-01, 4.432060981239301922e-01, 3.567970849445222803e-01, 9.969549364807150926e-02
1.002936476217710371e-01, 4.432027343510953621e-01, 3.568148811644595852e-01, 9.968873686267402945e-02
1.002859678819728317e-01, 4.431993763628278571e-01, 3.568326809978280001e-01, 9.968197475737115842e-02
1.002782840689570298e-01, 4.431960241742338713e-01, 3.568504844183806313e-01, 9.967520733842860636e-02
1.002705961876036028e-01, 4.431926778004122713e-01, 3.568682913998685868e-01, 9.966843461211555288e-02
1.002629042427973100e-01, 4.431893372564553180e-01, 3.568861019160425863e-01, 9.966165658470477196e-02
1.002552082394273653e-01, 4.431860025574483331e-01, 3.569039159406516282e-01, 9.965487326247256250e-02
1.002475081823876180e-01, 4.431826737184698661e-01, 3.569217334474438785e-01, 9.964808465169872065e-02
1.002398040765763859e-01, 4.431793507545908617e-01, 3.569395544101661710e-01, 9.964129075866652585e-02
1.002320959268965944e-01, 4.431760336808759915e-01, 3.569573788025645622e-01, 9.963449158966281027e-02
1.002243837382556929e-01, 4.431727225123827107e-01, 3.569752065983838318e-01, 9.962768715097783390e-02
1.002166675155655579e-01, 4.431694172641610363e-01, 3.569930377713680936e-01, 9.962087744890532615e-02
1.002089472637427425e-01, 4.431661179512544346e-01, 3.570108722952602398e-01, 9.961406248974254141e-02
1.002012229877081717e-01, 4.431628245886991002e-01, 3.570287101438026633e-01, 9.960724227979009249e-02
1.001934946923873082e-01, 4.431595371915240111e-01, 3.570465512907367023e-01, 9.960041682535206164e-02
1.001857623827100557e-01, 4.431562557747510955e-01, 3.570643957098028065e-01, 9.959358613273595895e-02
1.001780260636108422e-01, 4.431529803533952316e-01, 3.570822433747410929e-01, 9.958675020825280555e-02
1.001702857400284946e-01, 4.431497109424640257e-01, 3.571000942592907346e-01, 9.957990905821685612e-02
1.001625414169063089e-01, 4.431464475569576456e-01, 3.571179483371901275e-01, 9.957306268894587642e-02
1.001547930991920077e-01, 4.431431902118694310e-01, 3.571358055821774458e-01, 9.956621110676103226e-02
1.001470407918378241e-01, 4.431399389221853391e-01, 3.571536659679901415e-01, 9.955935431798676460e-02
1.001392844998002657e-01, 4.431366937028838326e-01, 3.571715294683648900e-01, 9.955249232895098388e-02
1.001315242280403223e-01, 4.431334545689363802e-01, 3.571893960570384774e-01, 9.954562514598484790e-02
1.001237599815233692e-01, 4.431302215353070117e-01, 3.572072657077465796e-01, 9.953875277542302558e-02
1.001159917652191533e-01, 4.431269946169523188e-01, 3.572251383942252057e-01, 9.953187522360333606e-02
1.001082195841018208e-01, 4.431237738288217876e-01, 3.572430140902094209e-01, 9.952499249686701244e-02
1.001004434431498336e-01, 4.431205591858570769e-01, 3.572608927694345682e-01, 9.951810460155853522e-02
1.000926633473460392e-01, 4.431173507029929071e-01, 3.572787744056352688e-01, 9.951121154402584046e-02
1.000848793016776012e-01, 4.431141483951562821e-01, 3.572966589725463105e-01, 9.950431333061997285e-02
1.000770913111360266e-01, 4.431109522772667120e-01, 3.573145464439019259e-01, 9.949740996769530776e-02
1.000692993807172082e-01, 4.431077623642364349e-01, 3.573324367934366808e-01, 9.949050146160959285e-02
1.000615035154212018e-01, 4.431045786709701950e-01, 3.573503299948848633e-01, 9.948358781872372603e-02
1.000537037202524626e-01, 4.431014012123648538e-01, 3.573682260219808171e-01, 9.947666904540189425e-02
1.000459000002197479e-01, 4.430982300033100563e-01, 3.573861248484587194e-01, 9.946974514801146250e-02
1.000380923603360200e-01, 4.430950650586878981e-01, 3.574040264480531359e-01, 9.946281613292314028e-02
1.000302808056185155e-01, 4.430919063933725366e-01, 3.574219307944982993e-01, 9.945588200651070410e-02
1.000224653410888148e-01, 4.430887540222308574e-01, 3.574398378615291083e-01, 9.944894277515130276e-02
1.000146459717726199e-01, 4.430856079601218633e-01, 3.574577476228802952e-01, 9.944199844522513820e-02
1.000068227027000184e-01, 4.430824682218972854e-01, 3.574756600522870920e-01, 9.943504902311571525e-02
9.999899553890514992e-02, 4.430793348224004724e-01, 3.574935751234846748e-01, 9.942809451520953634e-02
9.999116448542649804e-02, 4.430762077764678897e-01, 3.575114928102091638e-01, 9.942113492789649010e-02
9.998332954730666799e-02, 4.430730870989273984e-01, 3.575294130861962905e-01, 9.941417026756947661e-02
9.997549072959253935e-02, 4.430699728046001984e-01, 3.575473359251827299e-01, 9.940720054062456013e-02
9.996764803733508564e-02, 4.430668649082984412e-01, 3.575652613009054903e-01, 9.940022575346099676e-02
9.995980147558951312e-02, 4.430637634248273948e-01, 3.575831891871020241e-01, 9.939324591248105412e-02
9.995195104941517750e-02, 4.430606683689842229e-01, 3.576011195575105606e-01, 9.938626102409020557e-02
9.994409676387548680e-02, 4.430575797555582063e-01, 3.576190523858694403e-01, 9.937927109469697762e-02
9.993623862403822056e-02, 4.430544975993306878e-01, 3.576369876459180031e-01, 9.937227613071303312e-02
9.992837663497501632e-02, 4.430514219150754607e-01, 3.576549253113965876e-01, 9.936527613855306029e-02
9.992051080176182765e-02, 4.430483527175577696e-01, 3.576728653560455329e-01, 9.935827112463481436e-02
9.991264112947866038e-02, 4.430452900215356982e-01, 3.576908077536066211e-01, 9.935126109537921468e-02
9.990476762320950332e-02, 4.430422338417588368e-01, 3.577087524778216343e-01, 9.934424605721003942e-02
9.989689028804264737e-02, 4.430391841929688934e-01, 3.577266995024341867e-01, 9.933722601655434192e-02
9.988900912907025531e-02, 4.430361410898995267e-01, 3.577446488011881143e-01, 9.933020097984193719e-02
9.988112415138869493e-02, 4.430331045472769014e-01, 3.577626003478285854e-01, 9.932317095350585989e-02
9.987323536009831693e-02, 4.430300745798182449e-01, 3.577805541161013236e-01, 9.931613594398208678e-02
9.986534276030353818e-02, 4.430270512022333462e-01, 3.577985100797535511e-01, 9.930909595770960607e-02
9.985744635711280015e-02, 4.430240344292237231e-01, 3.578164682125332119e-01, 9.930205100113026484e-02
9.984954615563862435e-02, 4.430210242754827332e-01, 3.578344284881895820e-01, 9.929500108068912978e-02
9.984164216099739031e-02, 4.430180207556956296e-01, 3.578523908804729925e-01, 9.928794620283401540e-02
9.983373437830965480e-02, 4.430150238845395605e-01, 3.578703553631351064e-01, 9.928088637401577543e-02
9.982582281269992974e-02, 4.430120336766834033e-01, 3.578883219099284752e-01, 9.927382160068819184e-02
9.981790746929658509e-02, 4.430090501467878750e-01, 3.579062904946074264e-01, 9.926675188930797478e-02
9.980998835323215412e-02, 4.430060733095056991e-01, 3.579242610909273981e-01, 9.925967724633477651e-02
9.980206546964294489e-02, 4.430031031794807173e-01, 3.579422336726452158e-01, 9.925259767823117751e-02
9.979413882366935939e-02, 4.430001397713490552e-01, 3.579602082135188712e-01, 9.924551319146257544e-02
9.978620842045557437e-02, 4.429971830997386228e-01, 3.579781846873082984e-01, 9.923842379249732393e-02
9.977827426514994380e-02, 4.429942331792685595e-01, 3.579961630677747086e-01, 9.923132948780666318e-02
9.977033636290451313e-02, 4.429912900245500107e-01, 3.580141433286807007e-01, 9.922423028386471999e-02
9.976239471887532462e-02, 4.429883536501855179e-01, 3.580321254437908163e-01, 9.921712618714838283e-02
9.975444933822227855e-02, 4.429854240707694069e-01, 3.580501093868708185e-01, 9.921001720413748226e-02
9.974650022610920264e-02, 4.429825013008876766e-01, 3.580680951316885241e-01, 9.920290334131463827e-02
9.973854738770382422e-02, 4.429795853551177220e-01, 3.580860826520133045e-01, 9.919578460516530194e-02
9.973059082817765930e-02, 4.429766762480285558e-01, 3.581040719216160850e-01, 9.918866100217776927e-02
9.972263055270610965e-02, 4.429737739941806418e-01, 3.581220629142699008e-01, 9.918153253884312570e-02
9.971466656646850446e-02, 4.429708786081263394e-01, 3.581400556037498961e-01, 9.917439922165532940e-02
9.970669887464786441e-02, 4.429679901044091261e-01, 3.581580499638322701e-01, 9.916726105711089201e-02
9.969872748243115146e-02, 4.429651084975637088e-01, 3.581760459682959419e-01, 9.916011805170940607e-02
9.969075239500903296e-02, 4.429622338021167449e-01, 3.581940435909212184e-01, 9.915297021195296212e-02
9.968277361757604815e-02, 4.429593660325863436e-01, 3.582120428054910710e-01, 9.914581754434663441e-02
9.967479115533055267e-02, 4.429565052034816763e-01, 3.582300435857898036e-01, 9.913866005539800907e-02
9.966680501347464916e-02, 4.429536513293033106e-01, 3.582480459056044952e-01, 9.913149775161766986e-02
9.965881519721413173e-02, 4.429508044245432097e-01, 3.582660497387240017e-01, 9.912433063951860135e-02
9.965082171175869419e-02, 4.429479645036849544e-01, 3.582840550589392881e-01, 9.911715872561685514e-02
9.964282456232173568e-02, 4.429451315812032997e-01, 3.583020618400439283e-01, 9.910998201643092531e-02
9.963482375412031911e-02, 4.429423056715641738e-01, 3.583200700558333840e-01, 9.910280051848203986e-02
9.962681929237532374e-02, 4.429394867892246790e-01, 3.583380796801056700e-01, 9.909561423829424398e-02
9.961881118231129262e-02, 4.429366749486336463e-01, 3.583560906866609108e-01, 9.908842318239409475e-02
9.961079942915655738e-02, 4.429338701642305254e-01, 3.583741030493021174e-01, 9.908122735731092479e-02
9.960278403814297465e-02, 4.429310724504464392e-01, 3.583921167418339659e-01, 9.907402676957653698e-02
9.959476501450631458e-02, 4.429282818217034623e-01, 3.584101317380646301e-01, 9.906682142572564853e-02
9.958674236348584452e-02, 4.429254982924149542e-01, 3.584281480118037266e-01, 9.905961133229539139e-02
9.957871609032459270e-02, 4.429227218769853924e-01, 3.584461655368643695e-01, 9.905239649582561756e-02
9.957068620026915395e-02, 4.429199525898104284e-01, 3.584641842870617268e-01, 9.904517692285873254e-02
9.956265269856992561e-02, 4.429171904452766095e-01, 3.584822042362137973e-01, 9.903795261993972310e-02
9.955461559048071896e-02, 4.429144354577617126e-01, 3.585002253581411336e-01, 9.903072359361629606e-02
9.954657488125923104e-02, 4.429116876416348547e-01, 3.585182476266672857e-01, 9.902348985043853136e-02
9.953853057616647571e-02, 4.429089470112556048e-01, 3.585362710156184685e-01, 9.901625139695928446e-02
9.953048268046732483e-02, 4.429062135809750389e-01, 3.585542954988237829e-01, 9.900900823973379783e-02
9.952243119943013361e-02, 4.429034873651350179e-01, 3.585723210501149394e-01, 9.900176038531995071e-02
9.951437613832683771e-02, 4.429007683780682991e-01, 3.585903476433267012e-01, 9.899450784027814809e-02
9.950631750243288387e-02, 4.428980566340989800e-01, 3.586083752522968293e-01, 9.898725061117132074e-02
9.949825529702745197e-02, 4.428953521475415545e-01, 3.586264038508661933e-01, 9.897998870456485576e-02
9.949018952739310806e-02, 4.428926549327018014e-01, 3.586444334128783273e-01, 9.897272212702670768e-02
9.948212019881599866e-02, 4.428899650038763958e-01, 3.586624639121802072e-01, 9.896545088512738453e-02
9.947404731658590626e-02, 4.428872823753527421e-01, 3.586804953226216397e-01, 9.895817498543969803e-02
9.946597088599594405e-02, 4.428846070614090302e-01, 3.586985276180558180e-01, 9.895089443453909672e-02
9.945789091234291668e-02, 4.428819390763146235e-01, 3.587165607723389882e-01, 9.894360923900345772e-02
9.944980740092697336e-02, 4.428792784343292821e-01, 3.587345947593306161e-01, 9.893631940541298964e-02
9.944172035705192703e-02, 4.428766251497039397e-01, 3.587526295528936648e-01, 9.892902494035056560e-02
9.943362978602481028e-02, 4.428739792366798156e-01, 3.587706651268941505e-01, 9.892172585040125143e-02
9.942553569315640272e-02, 4.428713407094893584e-01, 3.587887014552013643e-01, 9.891442214215272200e-02
9.941743808376078684e-02, 4.428687095823555797e-01, 3.588067385116885943e-01, 9.890711382219495584e-02
9.940933696315550072e-02, 4.428660858694921099e-01, 3.588247762702320154e-01, 9.889980089712042954e-02
9.940123233666152414e-02, 4.428634695851032532e-01, 3.588428147047112438e-01, 9.889248337352386786e-02
9.939312420960323691e-02, 4.428608607433844324e-01, 3.588608537890098371e-01, 9.888516125800252132e-02
9.938501258730855770e-02, 4.428582593585208560e-01, 3.588788934970146838e-01, 9.887783455715593028e-02
9.937689747510866645e-02, 4.428556654446890173e-01, 3.588969338026162803e-01, 9.887050327758598045e-02
9.936877887833817091e-02, 4.428530790160560282e-01, 3.589149746797088980e-01, 9.886316742589700002e-02
9.936065680233514830e-02, 4.428505000867792307e-01, 3.589330161021901389e-01, 9.885582700869552375e-02
9.935253125244090933e-02, 4.428479286710066964e-01, 3.589510580439618792e-01, 9.884848203259054278e-02
9.934440223400022030e-02, 4.428453647828772266e-01, 3.589691004789293816e-01, 9.884113250419328256e-02
9.933626975236119205e-02, 4.428428084365196860e-01, 3.589871433810019052e-01, 9.883377843011732777e-02
9.932813381287527998e-02, 4.428402596460538909e-01, 3.590051867240924843e-01, 9.882641981697851130e-02
9.931999442089718688e-02, 4.428377184255898880e-01, 3.590232304821180942e-01, 9.881905667139498362e-02
9.931185158178501560e-02, 4.428351847892283977e-01, 3.590412746289993184e-01, 9.881168899998718502e-02
9.930370530090025516e-02, 4.428326587510604817e-01, 3.590593191386613481e-01, 9.880431680937785954e-02
9.929555558360757261e-02, 4.428301403251674873e-01, 3.590773639850330934e-01, 9.879694010619186062e-02
9.928740243527491016e-02, 4.428276295256213801e-01, 3.590954091420473504e-01, 9.878955889705642868e-02
9.927924586127355455e-02, 4.428251263664843007e-01, 3.591134545836411895e-01, 9.878217318860103846e-02
9.927108586697803994e-02, 4.428226308618089524e-01, 3.591315002837558445e-01, 9.877478298745728802e-02
9.926292245776614787e-02, 4.428201430256381577e-01, 3.591495462163365460e-01, 9.876738830025906524e-02
9.925475563901900444e-02, 4.428176628720054686e-01, 3.591675923553330763e-01, 9.875998913364250620e-02
9.924658541612077500e-02, 4.428151904149342233e-01, 3.591856386746992147e-01, 9.875258549424581478e-02
9.923841179445905269e-02, 4.428127256684383783e-01, 3.592036851483930149e-01, 9.874517738870951244e-02
9.923023477942455317e-02, 4.428102686465221760e-01, 3.592217317503770824e-01, 9.873776482367624396e-02
9.922205437641122561e-02, 4.428078193631798110e-01, 3.592397784546183526e-01, 9.873034780579076353e-02
9.921387059081612780e-02, 4.428053778323959300e-01, 3.592578252350879797e-01, 9.872292634170003189e-02
9.920568342803964823e-02, 4.428029440681452433e-01, 3.592758720657618920e-01, 9.871550043805321639e-02
9.919749289348518684e-02, 4.428005180843929689e-01, 3.592939189206202921e-01, 9.870807010150148275e-02
9.918929899255952976e-02, 4.427980998950941660e-01, 3.593119657736481565e-01, 9.870063533869823102e-02
9.918110173067236357e-02, 4.427956895141940685e-01, 3.593300125988345695e-01, 9.869319615629891518e-02
9.917290111323674717e-02, 4.427932869556280293e-01, 3.593480593701740000e-01, 9.868575256096115411e-02
9.916469714566868154e-02, 4.427908922333218533e-01, 3.593661060616648584e-01, 9.867830455934460676e-02
9.915648983338745670e-02, 4.427885053611909094e-01, 3.593841526473107728e-01, 9.867085215811099985e-02
9.914827918181533251e-02, 4.427861263531408520e-01, 3.594021991011197015e-01, 9.866339536392419729e-02
9.914006519637777459e-02, 4.427837552230675655e-01, 3.594202453971046540e-01, 9.865593418345007526e-02
9.913184788250330171e-02, 4.427813919848566648e-01, 3.594382915092835251e-01, 9.864846862335654998e-02
9.912362724562348570e-02, 4.427790366523840504e-01, 3.594563374116786503e-01, 9.864099869031367485e-02
9.911540329117309034e-02, 4.427766892395154086e-01, 3.594743830783179717e-01, 9.863352439099348778e-02
9.910717602458977982e-02, 4.427743497601063782e-01, 3.594924284832339834e-01, 9.862604573206992797e-02
9.909894545131432697e-02, 4.427720182280028283e-01, 3.595104736004637314e-01, 9.861856272021909953e-02
9.909071157679064101e-02, 4.427696946570401360e-01, 3.595285184040500903e-01, 9.861107536211910496e-02
9.908247440646553161e-02, 4.427673790610438531e-01, 3.595465628680405978e-01, 9.860358366444996192e-02
9.907423394578890319e-02, 4.427650714538294285e-01, 3.595646069664880096e-01, 9.859608763389368646e-02
9.906599020021361612e-02, 4.427627718492021525e-01, 3.595826506734498551e-01, 9.858858727713430692e-02
9.905774317519563943e-02, 4.427604802609572676e-01, 3.596006939629894927e-01, 9.858108260085778063e-02
9.904949287619374543e-02, 4.427581967028794141e-01, 3.596187368091748882e-01, 9.857357361175200783e-02
9.904123930866987058e-02, 4.427559211887435731e-01, 3.596367791860796137e-01, 9.856606031650684552e-02
9.903298247808885180e-02, 4.427536537323143451e-01, 3.596548210677825153e-01, 9.855854272181414910e-02
9.902472238991846809e-02, 4.427513943473461167e-01, 3.596728624283677123e-01, 9.855102083436755034e-02
9.901645904962942668e-02, 4.427491430475827827e-01, 3.596909032419249863e-01, 9.854349466086273490e-02
9.900819246269551566e-02, 4.427468998467584682e-01, 3.597089434825490040e-01, 9.853596420799717870e-02
9.899992263459315989e-02, 4.427446647585964179e-01, 3.597269831243400939e-01, 9.852842948247027277e-02
9.899164957080205940e-02, 4.427424377968100511e-01, 3.597450221414045246e-01, 9.852089049098339268e-02
9.898337327680450937e-02, 4.427402189751023509e-01, 3.597630605078533383e-01, 9.851334724023966261e-02
9.897509375808598298e-02, 4.427380083071659755e-01, 3.597810981978039058e-01, 9.850579973694413571e-02
9.896681102013457632e-02, 4.427358058066830915e-01, 3.597991351853787600e-01, 9.849824798780362767e-02
9.895852506844142471e-02, 4.427336114873255402e-01, 3.598171714447062630e-01, 9.849069199952692477e-02
9.895023590850046680e-02, 4.427314253627548379e-01, 3.598352069499201056e-01, 9.848313177882449254e-02
9.894194354580858330e-02, 4.427292474466221761e-01, 3.598532416751604734e-01, 9.847556733240880877e-02
9.893364798586538889e-02, 4.427270777525681433e-01, 3.598712755945725483e-01, 9.846799866699397497e-02
9.892534923417338477e-02, 4.427249162942228922e-01, 3.598893086823078402e-01, 9.846042578929599387e-02
9.891704729623788939e-02, 4.427227630852060281e-01, 3.599073409125234102e-01, 9.845284870603263072e-02
9.890874217756710773e-02, 4.427206181391269979e-01, 3.599253722593824811e-01, 9.844526742392342711e-02
9.890043388367186772e-02, 4.427184814695844239e-01, 3.599434026970539380e-01, 9.843768194968975649e-02
9.889212242006603648e-02, 4.427163530901666033e-01, 3.599614321997127719e-01, 9.843009229005460214e-02
9.888380779226603468e-02, 4.427142330144511750e-01, 3.599794607415399139e-01, 9.842249845174290412e-02
9.887549000579122505e-02, 4.427121212560050645e-01, 3.599974882967224010e-01, 9.841490044148117067e-02
9.886716906616369038e-02, 4.427100178283850940e-01, 3.600155148394533766e-01, 9.840729826599774188e-02
9.885884497890820577e-02, 4.427079227451371501e-01, 3.600335403439320903e-01, 9.839969193202262321e-02
9.885051774955232184e-02, 4.427058360197962394e-01, 3.600515647843637868e-01, 9.839208144628754094e-02
9.884218738362642032e-02, 4.427037576658874318e-01, 3.600695881349601501e-01, 9.838446681552592832e-02
9.883385388666342253e-02, 4.427016876969245840e-01, 3.600876103699390263e-01, 9.837684804647291170e-02
9.882551726419916416e-02, 4.426996261264110610e-01, 3.601056314635244782e-01, 9.836922514586531052e-02
9.881717752177200664e-02, 4.426975729678394589e-01, 3.601236513899468972e-01, 9.836159812044159567e-02
9.880883466492308698e-02, 4.426955282346918263e-01, 3.601416701234431139e-01, 9.835396697694187562e-02
9.880048869919627608e-02, 4.426934919404393876e-01, 3.601596876382562873e-01, 9.834633172210800744e-02
9.879213963013802613e-02, 4.426914640985425420e-01, 3.601777039086360710e-01, 9.833869236268334701e-02
9.878378746329752325e-02, 4.426894447224511420e-01, 3.601957189088383360e-01, 9.833104890541301268e-02
9.877543220422653480e-02, 4.426874338256041042e-01, 3.602137326131257256e-01, 9.832340135704360773e-02
9.876707385847953435e-02, 4.426854314214296315e-01, 3.602317449957674333e-01, 9.831574972432352566e-02
9.875871243161357671e-02, 4.426834375233448249e-01, 3.602497560310390923e-01, 9.830809401400254777e-02
9.875034792918838122e-02, 4.426814521447564599e-01, 3.602677656932228856e-01, 9.830043423283219006e-02
9.874198035676626239e-02, 4.426794752990600434e-01, 3.602857739566081019e-01, 9.829277038756559226e-02
9.873360971991214374e-02, 4.426775069996404244e-01, 3.603037807954901361e-01, 9.828510248495729573e-02
9.872523602419354394e-02, 4.426755472598712937e-01, 3.603217861841714886e-01, 9.827743053176357657e-02
9.871685927518052128e-02, 4.426735960931160174e-01, 3.603397900969613765e-01, 9.826975453474208477e-02
9.870847947844577086e-02, 4.426716535127263596e-01, 3.603577925081757893e-01, 9.826207450065219118e-02
9.870009663956454127e-02, 4.426697195320434819e-01, 3.603757933921373224e-01, 9.825439043625466828e-02
9.869171076411453747e-02, 4.426677941643974989e-01, 3.603937927231759542e-01, 9.824670234831192617e-02
9.868332185767617060e-02, 4.426658774231078675e-01, 3.604117904756282686e-01, 9.823901024358776268e-02
9.867492992583219713e-02, 4.426639693214825533e-01, 3.604297866238377335e-01, 9.823131412884754388e-02
9.866653497416805196e-02, 4.426620698728186420e-01, 3.604477811421551992e-01, 9.822361401085810684e-02
9.865813700827161248e-02, 4.426601790904026168e-01, 3.604657740049380665e-01, 9.821590989638780134e-02
9.864973603373325406e-02, 4.426582969875090812e-01, 3.604837651865511750e-01, 9.820820179220647594e-02
9.864133205614583622e-02, 4.426564235774025358e-01, 3.605017546613663026e-01, 9.820048970508532538e-02
9.863292508110477197e-02, 4.426545588733357683e-01, 3.605197424037623888e-01, 9.819277364179709866e-02
9.862451511420786132e-02, 4.426527028885506310e-01, 3.605377283881256445e-01, 9.818505360911600199e-02
9.861610216105536064e-02, 4.426508556362778180e-01, 3.605557125888493308e-01, 9.817732961381757384e-02
9.860768622725002430e-02, 4.426490171297368659e-01, 3.605736949803342029e-01, 9.816960166267882371e-02
9.859926731839710468e-02, 4.426471873821364866e-01, 3.605916755369882321e-01, 9.816186976247825990e-02
9.859084544010415785e-02, 4.426453664066737903e-01, 3.606096542332264399e-01, 9.815413391999566750e-02
9.858242059798119628e-02, 4.426435542165347292e-01, 3.606276310434716748e-01, 9.814639414201230261e-02
9.857399279764071653e-02, 4.426417508248944865e-01, 3.606456059421538907e-01, 9.813865043531075361e-02
9.856556204469756055e-02, 4.426399562449166436e-01, 3.606635789037107021e-01, 9.813090280667506604e-02
9.855712834476894335e-02, 4.426381704897535130e-01, 3.606815499025871063e-01, 9.812315126289058997e-02
9.854869170347449470e-02, 4.426363935725464160e-01, 3.606995189132352064e-01, 9.811539581074393834e-02
9.854025212643620357e-02, 4.426346255064250723e-01, 3.607174859101153208e-01, 9.810763645702327840e-02
9.853180961927845982e-02, 4.426328663045083212e-01, 3.607354508676952620e-01, 9.809987320851802639e-02
9.852336418762791537e-02, 4.426311159799033446e-01, 3.607534137604501145e-01, 9.809210607201875043e-02
9.851491583711360911e-02, 4.426293745457060003e-01, 3.607713745628627899e-01, 9.808433505431764232e-02
9.850646457336695305e-02, 4.426276420150012103e-01, 3.607893332494238603e-01, 9.807656016220796247e-02
9.849801040202166291e-02, 4.426259184008620173e-01, 3.608072897946319468e-01, 9.806878140248437292e-02
9.848955332871368873e-02, 4.426242037163504173e-01, 3.608252441729929427e-01, 9.806099878194279862e-02
9.848109335908140916e-02, 4.426224979745171928e-01, 3.608431963590211233e-01, 9.805321230738044125e-02
9.847263049876534002e-02, 4.426208011884010252e-01, 3.608611463272379805e-01, 9.804542198559576538e-02
9.846416475340843966e-02, 4.426191133710297709e-01, 3.608790940521733326e-01, 9.803762782338852622e-02
9.845569612865580356e-02, 4.426174345354196293e-01, 3.608970395083649363e-01, 9.802982982755967245e-02
9.844722463015488645e-02, 4.426157646945754198e-01, 3.609149826703581532e-01, 9.802202800491141566e-02
9.843875026355536351e-02, 4.426141038614906931e-01, 3.609329235127066715e-01, 9.801422236224721640e-02
9.843027303450913035e-02, 4.426124520491468983e-01, 3.609508620099722287e-01, 9.800641290637177039e-02
9.842179294867033079e-02, 4.426108092705143826e-01, 3.609687981367244447e-01, 9.799859964409089741e-02
9.841331001169527359e-02, 4.426091755385521687e-01, 3.609867318675408776e-01, 9.799078258221168014e-02
9.840482422924259898e-02, 4.426075508662072333e-01, 3.610046631770076897e-01, 9.798296172754238087e-02
9.839633560697311210e-02, 4.426059352664155067e-01, 3.610225920397189259e-01, 9.797513708689252476e-02
9.838784415054969978e-02, 4.426043287521008174e-01, 3.610405184302768467e-01, 9.796730866707258067e-02
9.837934986563759421e-02, 4.426027313361759474e-01, 3.610584423232919837e-01, 9.795947647489443300e-02
9.837085275790403982e-02, 4.426011430315417439e-01, 3.610763636933833065e-01, 9.795164051717102083e-02
9.836235283301858479e-02, 4.425995638510872299e-01, 3.610942825151778890e-01, 9.794380080071633798e-02
9.835385009665284506e-02, 4.425979938076903819e-01, 3.611121987633111319e-01, 9.793595733234561340e-02
9.834534455448058765e-02, 4.425964329142170750e-01, 3.611301124124272066e-01, 9.792811011887524175e-02
9.833683621217775839e-02, 4.425948811835214713e-01, 3.611480234371782783e-01, 9.792025916712254752e-02
9.832832507542237088e-02, 4.425933386284462423e-01, 3.611659318122251161e-01, 9.791240448390614581e-02
9.831981114989461756e-02, 4.425918052618224019e-01, 3.611838375122372602e-01, 9.790454607604567872e-02
9.831129444127668926e-02, 4.425902810964691403e-01, 3.612017405118921887e-01, 9.789668395036187076e-02
9.830277495525302500e-02, 4.425887661451939348e-01, 3.612196407858765390e-01, 9.788881811367651509e-02
9.829425269750999283e-02, 4.425872604207922723e-01, 3.612375383088852754e-01, 9.788094857281243177e-02
9.828572767373612573e-02, 4.425857639360482043e-01, 3.612554330556220217e-01, 9.787307533459359277e-02
9.827719988962195508e-02, 4.425842767037340142e-01, 3.612733250007990060e-01, 9.786519840584492758e-02
9.826866935086017718e-02, 4.425827987366098282e-01, 3.612912141191374493e-01, 9.785731779339247594e-02
9.826013606314543125e-02, 4.425813300474242817e-01, 3.613091003853670657e-01, 9.784943350406324902e-02
9.825160003217439653e-02, 4.425798706489139644e-01, 3.613269837742262292e-01, 9.784154554468527110e-02
9.824306126364584779e-02, 4.425784205538038085e-01, 3.613448642604625838e-01, 9.783365392208767664e-02
9.823451976326051660e-02, 4.425769797748067558e-01, 3.613627418188323226e-01, 9.782575864310041891e-02
9.822597553672111903e-02, 4.425755483246237576e-01, 3.613806164241003538e-01, 9.781785971455461692e-02
9.821742858973242507e-02, 4.425741262159442746e-01, 3.613984880510409670e-01, 9.780995714328227786e-02
9.820887892800121699e-02, 4.425727134614452218e-01, 3.614163566744371114e-01, 9.780205093611640810e-02
9.820032655723615056e-02, 4.425713100737922456e-01, 3.614342222690806739e-01, 9.779414109989095771e-02
9.819177148314793546e-02, 4.425699160656385023e-01, 3.614520848097727002e-01, 9.778622764144080659e-02
9.818321371144918264e-02, 4.425685314496256018e-01, 3.614699442713233402e-01, 9.777831056760183381e-02
9.817465324785443204e-02, 4.425671562383829971e-01, 3.614878006285516809e-01, 9.777038988521082052e-02
9.816609009808034692e-02, 4.425657904445280955e-01, 3.615056538562861910e-01, 9.776246560110550543e-02
9.815752426784521423e-02, 4.425644340806662025e-01, 3.615235039293641650e-01, 9.775453772212444603e-02
9.814895576286947199e-02, 4.425630871593909665e-01, 3.615413508226324457e-01, 9.774660625510717127e-02
9.814038458887536232e-02, 4.425617496932836570e-01, 3.615591945109468131e-01, 9.773867120689418153e-02
9.813181075158712574e-02, 4.425604216949136638e-01, 3.615770349691724839e-01, 9.773073258432671273e-02
9.812323425673076527e-02, 4.425591031768383310e-01, 3.615948721721840009e-01, 9.772279039424695835e-02
9.811465511003418516e-02, 4.425577941516026237e-01, 3.616127060948652328e-01, 9.771484464349795840e-02
9.810607331722724644e-02, 4.425564946317397386e-01, 3.616305367121093739e-01, 9.770689533892361334e-02
9.809748888404162814e-02, 4.425552046297707154e-01, 3.616483639988189447e-01, 9.769894248736873954e-02
9.808890181621082727e-02, 4.425539241582043259e-01, 3.616661879299060689e-01, 9.769098609567890279e-02
9.808031211947022820e-02, 4.425526532295371851e-01, 3.616840084802921407e-01, 9.768302617070044602e-02
9.807171979955696395e-02, 4.425513918562538063e-01, 3.617018256249085462e-01, 9.767506271928073913e-02
9.806312486221004099e-02, 4.425501400508267125e-01, 3.617196393386954978e-01, 9.766709574826773488e-02
9.805452731317038095e-02, 4.425488978257157702e-01, 3.617374495966033665e-01, 9.765912526451028808e-02
9.804592715818051529e-02, 4.425476651933692995e-01, 3.617552563735920712e-01, 9.765115127485815560e-02
9.803732440298486284e-02, 4.425464421662226311e-01, 3.617730596446308566e-01, 9.764317378616164944e-02
9.802871905332970204e-02, 4.425452287566995491e-01, 3.617908593846987375e-01, 9.763519280527205302e-02
9.802011111496292117e-02, 4.425440249772110146e-01, 3.618086555687847206e-01, 9.762720833904121875e-02
9.801150059363433753e-02, 4.425428308401562760e-01, 3.618264481718873604e-01, 9.761922039432199827e-02
9.800288749509536435e-02, 4.425416463579217585e-01, 3.618442371690150927e-01, 9.761122897796779829e-02
9.799427182509926060e-02, 4.425404715428820079e-01, 3.618620225351859565e-01, 9.760323409683280271e-02
9.798565358940097836e-02, 4.425393064073990801e-01, 3.618798042454281494e-01, 9.759523575777193094e-02
9.797703279375725993e-02, 4.425381509638225963e-01, 3.618975822747793614e-01, 9.758723396764092117e-02
9.796840944392647132e-02, 4.425370052244899099e-01, 3.619153565982875520e-01, 9.757922873329602509e-02
9.795978354566874102e-02, 4.425358692017262729e-01, 3.619331271910106729e-01, 9.757122006159434091e-02
9.795115510474587672e-02, 4.425347429078441697e-01, 3.619508940280162790e-01, 9.756320795939360524e-02
9.794252412692140697e-02, 4.425336263551440386e-01, 3.619686570843822504e-01, 9.755519243355224857e-02
9.793389061796048400e-02, 4.425325195559136615e-01, 3.619864163351964592e-01, 9.754717349092931200e-02
9.792525458362993929e-02, 4.425314225224285525e-01, 3.620041717555567695e-01, 9.753915113838464157e-02
9.791661602969831124e-02, 4.425303352669516799e-01, 3.620219233205713150e-01, 9.753112538277863841e-02
9.790797496193573424e-02, 4.425292578017336886e-01, 3.620396710053582767e-01, 9.752309623097232816e-02
9.789933138611396635e-02, 4.425281901390126782e-01, 3.620574147850460500e-01, 9.751506368982734707e-02
9.789068530800644485e-02, 4.425271322910142024e-01, 3.620751546347731886e-01, 9.750702776620605305e-02
9.788203673338825850e-02, 4.425260842699516584e-01, 3.620928905296886269e-01, 9.749898846697141463e-02
9.787338566803599482e-02, 4.425250460880254533e-01, 3.621106224449516242e-01, 9.749094579898689994e-02
9.786473211772793446e-02, 4.425240177574240041e-01, 3.621283503557314876e-01, 9.748289976911675425e-02
9.785607608824391235e-02, 4.425229992903225718e-01, 3.621460742372079045e-01, 9.747485038422554204e-02
9.784741758536538714e-02, 4.425219906988845375e-01, 3.621637940645714981e-01, 9.746679765117870209e-02
9.783875661487530240e-02, 4.425209919952602378e-01, 3.621815098130224952e-01, 9.745874157684200623e-02
9.783009318255823927e-02, 4.425200031915875742e-01, 3.621992214577722247e-01, 9.745068216808200345e-02
9.782142729420033322e-02, 4.425190242999920143e-01, 3.622169289740420628e-01, 9.744261943176554808e-02
9.781275895558924627e-02, 4.425180553325862576e-01, 3.622346323370642662e-01, 9.743455337476031319e-02
9.780408817251418085e-02, 4.425170963014703474e-01, 3.622523315220812501e-01, 9.742648400393423558e-02
9.779541495076581048e-02, 4.425161472187319478e-01, 3.622700265043464762e-01, 9.741841132615594590e-02
9.778673929613640459e-02, 4.425152080964455670e-01, 3.622877172591234540e-01, 9.741033534829458829e-02
9.777806121441971754e-02, 4.425142789466738336e-01, 3.623054037616868506e-01, 9.740225607721972323e-02
9.776938071141097475e-02, 4.425133597814657760e-01, 3.623230859873218246e-01, 9.739417351980145243e-02
9.776069779290695594e-02, 4.425124506128585433e-01, 3.623407639113240819e-01, 9.738608768291039108e-02
9.775201246470580085e-02, 4.425115514528761285e-01, 3.623584375090004306e-01, 9.737799857341766785e-02
9.774332473260720355e-02, 4.425106623135299788e-01, 3.623761067556679483e-01, 9.736990619819475834e-02
9.773463460241231526e-02, 4.425097832068187187e-01, 3.623937716266552589e-01, 9.736181056411372103e-02
9.772594207992374438e-02, 4.425089141447284269e-01, 3.624114320973009229e-01, 9.735371167804696135e-02
9.771724717094547319e-02, 4.425080551392319705e-01, 3.624290881429551026e-01, 9.734560954686741208e-02
9.770854988128302443e-02, 4.425072062022901154e-01, 3.624467397389784518e-01, 9.733750417744840844e-02
9.769985021674322534e-02, 4.425063673458503044e-01, 3.624643868607427821e-01, 9.732939557666371588e-02
9.769114818313440196e-02, 4.425055385818472131e-01, 3.624820294836308965e-01, 9.732128375138754395e-02
9.768244378626625424e-02, 4.425047199222030825e-01, 3.624996675830363113e-01, 9.731316870849439360e-02
9.767373703194986989e-02, 4.425039113788269418e-01, 3.625173011343639229e-01, 9.730505045485936255e-02
9.766502792599769667e-02, 4.425031129636152194e-01, 3.625349301130293966e-01, 9.729692899735767342e-02
9.765631647422366723e-02, 4.425023246884511874e-01, 3.625525544944597778e-01, 9.728880434286524270e-02
9.764760268244296326e-02, 4.425015465652058499e-01, 3.625701742540930472e-01, 9.728067649825809793e-02
9.763888655647215420e-02, 4.425007786057367221e-01, 3.625877893673783992e-01, 9.727254547041279398e-02
9.763016810212921115e-02, 4.425000208218886066e-01, 3.626053998097761855e-01, 9.726441126620612165e-02
9.762144732523334034e-02, 4.424992732254934835e-01, 3.626230055567579713e-01, 9.725627389251523258e-02
9.761272423160514966e-02, 4.424985358283703984e-01, 3.626406065838066461e-01, 9.724813335621772248e-02
9.760399882706660701e-02, 4.424978086423255186e-01, 3.626582028664165347e-01, 9.723998966419143686e-02
9.759527111744087380e-02, 4.424970916791517994e-01, 3.626757943800927309e-01, 9.723184282331451267e-02
9.758654110855255470e-02, 4.424963849506295954e-01, 3.626933811003525965e-01, 9.722369284046541993e-02
9.757780880622739239e-02, 4.424956884685259384e-01, 3.627109630027237075e-01, 9.721553972252296172e-02
9.756907421629251731e-02, 4.424950022445952036e-01, 3.627285400627460743e-01, 9.720738347636617704e-02
9.756033734457633666e-02, 4.424943262905786101e-01, 3.627461122559706430e-01, 9.719922410887443798e-02
9.755159819690849277e-02, 4.424936606182041654e-01, 3.627636795579597950e-01, 9.719106162692735251e-02
9.754285677911989083e-02, 4.424930052391873869e-01, 3.627812419442879577e-01, 9.718289603740482008e-02
9.753411309704261567e-02, 4.424923601652300809e-01, 3.627987993905403830e-01, 9.717472734718698990e-02
9.752536715651008437e-02, 4.424917254080214524e-01, 3.628163518723141467e-01, 9.716655556315421938e-02
9.751661896335693525e-02, 4.424911009792375505e-01, 3.628338993652182598e-01, 9.715838069218719897e-02
9.750786852341895850e-02, 4.424904868905414901e-01, 3.628514418448728351e-01, 9.715020274116674404e-02
9.749911584253319330e-02, 4.424898831535828969e-01, 3.628689792869099762e-01, 9.714202171697391974e-02
9.749036092653791397e-02, 4.424892897799985181e-01, 3.628865116669736102e-01, 9.713383762649004105e-02
9.748160378127254666e-02, 4.424887067814120001e-01, 3.629040389607188222e-01, 9.712565047659661721e-02
9.747284441257766940e-02, 4.424881341694338888e-01, 3.629215611438130762e-01, 9.711746027417526850e-02
9.746408282629512310e-02, 4.424875719556617404e-01, 3.629390781919351605e-01, 9.710926702610793437e-02
9.745531902826781723e-02, 4.424870201516795110e-01, 3.629565900807761869e-01, 9.710107073927663757e-02
9.744655302433982702e-02, 4.424864787690581114e-01, 3.629740967860383138e-01, 9.709287142056358122e-02
9.743778482035649058e-02, 4.424859478193559070e-01, 3.629915982834364119e-01, 9.708466907685120439e-02
9.742901442216411745e-02, 4.424854273141169969e-01, 3.630090945486968979e-01, 9.707646371502201554e-02
9.742024183561025230e-02, 4.424849172648731011e-01, 3.630265855575580680e-01, 9.706825534195859251e-02
9.741146706654355003e-02, 4.424844176831425613e-01, 3.630440712857700980e-01, 9.706004396454384620e-02
9.740269012081373412e-02, 4.424839285804302302e-01, 3.630615517090953759e-01, 9.705182958966063200e-02
9.739391100427162440e-02, 4.424834499682279154e-01, 3.630790268033083357e-01, 9.704361222419202737e-02
9.738512972276917867e-02, 4.424829818580142127e-01, 3.630964965441954573e-01, 9.703539187502119301e-02
9.737634628215943722e-02, 4.424825242612541731e-01, 3.631139609075550445e-01, 9.702716854903140065e-02
9.736756068829645339e-02, 4.424820771893999138e-01, 3.631314198691978357e-01, 9.701894225310588038e-02
9.735877294703540463e-02, 4.424816406538900626e-01, 3.631488734049464484e-01, 9.701071299412811211e-02
9.734998306423248149e-02, 4.424812146661498691e-01, 3.631663214906360460e-01, 9.700248077898160348e-02
9.734119104574492920e-02, 4.424807992375915933e-01, 3.631837641021136154e-01, 9.699424561454990379e-02
9.733239689743108936e-02, 4.424803943796137840e-01, 3.632012012152385783e-01, 9.698600750771659007e-02
9.732360062515024723e-02, 4.424800001036018338e-01, 3.632186328058825131e-01, 9.697776646536530876e-02
9.731480223476272895e-02, 4.424796164209279792e-01, 3.632360588499294329e-01, 9.696952249437983118e-02
9.730600173212994308e-02, 4.424792433429505789e-01, 3.632534793232757853e-01, 9.696127560164378989e-02
9.729719912311413088e-02, 4.424788808810148910e-01, 3.632708942018298970e-01, 9.695302579404097010e-02
9.728839441357875484e-02, 4.424785290464530174e-01, 3.632883034615130291e-01, 9.694477307845512926e-02
9.727958760938808236e-02, 4.424781878505834043e-01, 3.633057070782585996e-01, 9.693651746177001094e-02
9.727077871640739393e-02, 4.424778573047108421e-01, 3.633231050280123497e-01, 9.692825895086933097e-02
9.726196774050302474e-02, 4.424775374201273537e-01, 3.633404972867327332e-01, 9.691999755263691618e-02
9.725315468754212878e-02, 4.424772282081109731e-01, 3.633578838303905822e-01, 9.691173327395641302e-02
9.724433956339291474e-02, 4.424769296799262452e-01, 3.633752646349692750e-01, 9.690346612171148177e-02
9.723552237392447950e-02, 4.424766418468247253e-01, 3.633926396764650124e-01, 9.689519610278587991e-02
9.722670312500682199e-02, 4.424763647200440908e-01, 3.634100089308859305e-01, 9.688692322406311508e-02
9.721788182251098198e-02, 4.424760983108088075e-01, 3.634273723742534878e-01, 9.687864749242672269e-02
9.720905847230873476e-02, 4.424758426303295189e-01, 3.634447299826015776e-01, 9.687036891476021039e-02
9.720023308027296582e-02, 4.424755976898037124e-01, 3.634620817319763608e-01, 9.686208749794700257e-02
9.719140565227722683e-02, 4.424753635004148866e-01, 3.634794275984375989e-01, 9.685380324887032932e-02
9.718257619419613802e-02, 4.424751400733336060e-01, 3.634967675580567104e-01, 9.684551617441354565e-02
9.717374471190508289e-02, 4.424749274197165017e-01, 3.635141015869186587e-01, 9.683722628145970124e-02
9.716491121128041641e-02, 4.424747255507067711e-01, 3.635314296611209528e-01, 9.682893357689183189e-02
9.715607569819927070e-02, 4.424745344774337896e-01, 3.635487517567741467e-01, 9.682063806759287627e-02
9.714723817853958276e-02, 4.424743542110137762e-01, 3.635660678500009513e-01, 9.681233976044557876e-02
9.713839865818033048e-02, 4.424741847625492386e-01, 3.635833779169378444e-01, 9.680403866233261434e-02
9.712955714300107457e-02, 4.424740261431286403e-01, 3.636006819337337936e-01, 9.679573478013647758e-02
9.712071363888234721e-02, 4.424738783638274553e-01, 3.636179798765505899e-01, 9.678742812073956592e-02
9.711186815170549935e-02, 4.424737414357073351e-01, 3.636352717215632357e-01, 9.677911869102404085e-02
9.710302068735258973e-02, 4.424736153698158314e-01, 3.636525574449595566e-01, 9.677080649787193900e-02
9.709417125170659302e-02, 4.424735001771877840e-01, 3.636698370229404786e-01, 9.676249154816519982e-02
9.708531985065119163e-02, 4.424733958688433777e-01, 3.636871104317200287e-01, 9.675417384878534643e-02
9.707646649007087292e-02, 4.424733024557898076e-01, 3.637043776475252788e-01, 9.674585340661398525e-02
9.706761117585088749e-02, 4.424732199490202245e-01, 3.637216386465963458e-01, 9.673753022853243122e-02
9.705875391387729090e-02, 4.424731483595142900e-01, 3.637388934051866696e-01, 9.672920432142168012e-02
9.704989471003676316e-02, 4.424730876982379546e-01, 3.637561418995626239e-01, 9.672087569216263059e-02
9.704103357021692799e-02, 4.424730379761432353e-01, 3.637733841060039053e-01, 9.671254434763590369e-02
9.703217050030597812e-02, 4.424729992041687709e-01, 3.637906200008033664e-01, 9.670421029472194008e-02
9.702330550619288341e-02, 4.424729713932389896e-01, 3.638078495602672380e-01, 9.669587354030088899e-02
9.701443859376739087e-02, 4.424729545542651632e-01, 3.638250727607149626e-01, 9.668753409125267761e-02
9.700556976891981653e-02, 4.424729486981441862e-01, 3.638422895784791389e-01, 9.667919195445688618e-02
9.699669903754135070e-02, 4.424729538357596859e-01, 3.638594999899059101e-01, 9.667084713679299779e-02
9.698782640552378043e-02, 4.424729699779814118e-01, 3.638767039713548535e-01, 9.666249964514009307e-02
9.697895187875954504e-02, 4.424729971356648472e-01, 3.638939014991985355e-01, 9.665414948637700288e-02
9.697007546314186099e-02, 4.424730353196524302e-01, 3.639110925498235116e-01, 9.664579666738229435e-02
9.696119716456449988e-02, 4.424730845407723323e-01, 3.639282770996291050e-01, 9.663744119503418772e-02
9.695231698892196881e-02, 4.424731448098386255e-01, 3.639454551250287384e-01, 9.662908307621057014e-02
9.694343494210941325e-02, 4.424732161376523365e-01, 3.639626266024491019e-01, 9.662072231778916220e-02
9.693455103002256157e-02, 4.424732985350000036e-01, 3.639797915083303192e-01, 9.661235892664721270e-02
9.692566525855786375e-02, 4.424733920126542874e-01, 3.639969498191261144e-01, 9.660399290966166508e-02
9.691677763361231102e-02, 4.424734965813747478e-01, 3.640141015113038114e-01, 9.659562427370918525e-02
9.690788816108357462e-02, 4.424736122519060122e-01, 3.640312465613445014e-01, 9.658725302566599502e-02
9.689899684686985315e-02, 4.424737390349795518e-01, 3.640483849457424870e-01, 9.657887917240802478e-02
9.689010369687002522e-02, 4.424738769413127382e-01, 3.640655166410063370e-01, 9.657050272081085796e-02
9.688120871698358005e-02, 4.424740259816088428e-01, 3.640826416236578877e-01, 9.656212367774970329e-02
9.687231191311040934e-02, 4.424741861665575371e-01, 3.640997598702326865e-01, 9.655374205009926991e-02
9.686341329115119581e-02, 4.424743575068345036e-01, 3.641168713572803806e-01, 9.654535784473407267e-02
9.685451285700702462e-02, 4.424745400131011031e-01, 3.641339760613639953e-01, 9.653697106852805743e-02
9.684561061657963321e-02, 4.424747336960051514e-01, 3.641510739590604340e-01, 9.652858172835478145e-02
9.683670657577125862e-02, 4.424749385661804757e-01, 3.641681650269608106e-01, 9.652018983108756611e-02
9.682780074048466523e-02, 4.424751546342467479e-01, 3.641852492416693954e-01, 9.651179538359908050e-02
9.681889311662322806e-02, 4.424753819108097619e-01, 3.642023265798051690e-01, 9.650339839276178555e-02
9.680998371009075232e-02, 4.424756204064614895e-01, 3.642193970180003793e-01, 9.649499886544746219e-02
9.680107252679157059e-02, 4.424758701317794141e-01, 3.642364605329013738e-01, 9.648659680852761378e-02
9.679215957263052894e-02, 4.424761310973276407e-01, 3.642535171011686002e-01, 9.647819222887325796e-02
9.678324485351300077e-02, 4.424764033136556196e-01, 3.642705666994763836e-01, 9.646978513335491279e-02
9.677432837534481747e-02, 4.424766867912992008e-01, 3.642876093045132047e-01, 9.646137552884267996e-02
9.676541014403229612e-02, 4.424769815407803009e-01, 3.643046448929813108e-01, 9.645296342220620323e-02
9.675649016548218406e-02, 4.424772875726061261e-01, 3.643216734415971603e-01, 9.644454882031443244e-02
9.674756844560175595e-02, 4.424776048972705045e-01, 3.643386949270915331e-01, 9.643613173003616479e-02
9.673864499029873054e-02, 4.424779335252528312e-01, 3.643557093262089763e-01, 9.642771215823937869e-02
9.672971980548117354e-02, 4.424782734670186790e-01, 3.643727166157083586e-01, 9.641929011179177500e-02
9.672079289705773353e-02, 4.424786247330191324e-01, 3.643897167723626485e-01, 9.641086559756036067e-02
9.671186427093737825e-02, 4.424789873336917867e-01, 3.644067097729591365e-01, 9.640243862241178185e-02
9.670293393302954732e-02, 4.424793612794594155e-01, 3.644236955942992129e-01, 9.639400919321196304e-02
9.669400188924404116e-02, 4.424797465807310259e-01, 3.644406742131984789e-01, 9.638557731682646790e-02
9.668506814549115980e-02, 4.424801432479015806e-01, 3.644576456064870795e-01, 9.637714300012018009e-02
9.667613270768148082e-02, 4.424805512913518868e-01, 3.644746097510091487e-01, 9.636870624995751144e-02
9.666719558172602589e-02, 4.424809707214483190e-01, 3.644915666236233642e-01, 9.636026707320226314e-02
9.665825677353624690e-02, 4.424814015485434293e-01, 3.645085162012026703e-01, 9.635182547671766740e-02
9.664931628902383165e-02, 4.424818437829753925e-01, 3.645254584606343884e-01, 9.634338146736637354e-02
9.664037413410095367e-02, 4.424822974350681726e-01, 3.645423933788203841e-01, 9.633493505201048968e-02
9.663143031468007793e-02, 4.424827625151318000e-01, 3.645593209326765671e-01, 9.632648623751143002e-02
9.662248483667403021e-02, 4.424832390334620391e-01, 3.645762410991337243e-01, 9.631803503073009531e-02
9.661353770599599711e-02, 4.424837270003401102e-01, 3.645931538551371864e-01, 9.630958143852676179e-02
9.660458892855937341e-02, 4.424842264260334113e-01, 3.646100591776461619e-01, 9.630112546776097016e-02
9.659563851027808123e-02, 4.424847373207950185e-01, 3.646269570436351803e-01, 9.629266712529183092e-02
9.658668645706616762e-02, 4.424852596948635197e-01, 3.646438474300927601e-01, 9.628420641797760804e-02
9.657773277483806817e-02, 4.424857935584636248e-01, 3.646607303140222411e-01, 9.627574335267609362e-02
9.656877746950844055e-02, 4.424863389218056664e-01, 3.646776056724415627e-01, 9.626727793624434426e-02
9.655982054699240036e-02, 4.424868957950854331e-01, 3.646944734823834300e-01, 9.625881017553879204e-02
9.655086201320516037e-02, 4.424874641884848914e-01, 3.647113337208949257e-01, 9.625034007741516129e-02
9.654190187406223866e-02, 4.424880441121714636e-01, 3.647281863650378431e-01, 9.624186764872845468e-02
9.653294013547951413e-02, 4.424886355762982504e-01, 3.647450313918890186e-01, 9.623339289633318916e-02
9.652397680337300445e-02, 4.424892385910043635e-01, 3.647618687785396108e-01, 9.622491582708295188e-02
9.651501188365906037e-02, 4.424898531664142043e-01, 3.647786985020958772e-01, 9.621643644783078875e-02
9.650604538225418527e-02, 4.424904793126380742e-01, 3.647955205396787859e-01, 9.620795476542898239e-02
9.649707730507517400e-02, 4.424911170397717863e-01, 3.648123348684239042e-01, 9.619947078672907992e-02
9.648810765803902956e-02, 4.424917663578971649e-01, 3.648291414654817322e-01, 9.619098451858201781e-02
9.647913644706296310e-02, 4.424924272770813238e-01, 3.648459403080178132e-01, 9.618249596783780275e-02
9.647016367806438009e-02, 4.424930998073772215e-01, 3.648627313732126232e-01, 9.617400514134591405e-02
9.646118935696088026e-02, 4.424937839588232724e-01, 3.648795146382607935e-01, 9.616551204595491509e-02
9.645221348967029928e-02, 4.424944797414437914e-01, 3.648962900803730536e-01, 9.615701668851280026e-02
9.644323608211056997e-02, 4.424951871652484936e-01, 3.649130576767742884e-01, 9.614851907586662028e-02
9.643425714019990269e-02, 4.424959062402327725e-01, 3.649298174047045928e-01, 9.614001921486274582e-02
9.642527666985654944e-02, 4.424966369763775886e-01, 3.649465692414189943e-01, 9.613151711234682595e-02
9.641629467699902589e-02, 4.424973793836495806e-01, 3.649633131641876749e-01, 9.612301277516357989e-02
9.640731116754597263e-02, 4.424981334720010095e-01, 3.649800491502959154e-01, 9.611450621015710238e-02
9.639832614741607186e-02, 4.424988992513695374e-01, 3.649967771770438185e-01, 9.610599742417051672e-02
9.638933962252825560e-02, 4.424996767316784485e-01, 3.650134972217469742e-01, 9.609748642404632168e-02
9.638035159880158076e-02, 4.425004659228367609e-01, 3.650302092617356831e-01, 9.608897321662607238e-02
9.637136208215509037e-02, 4.425012668347387823e-01, 3.650469132743556222e-01, 9.608045780875056063e-02
9.636237107850810502e-02, 4.425020794772644428e-01, 3.650636092369677344e-01, 9.607194020725966233e-02
9.635337859377990366e-02, 4.425029038602794063e-01, 3.650802971269479502e-01, 9.606342041899261497e-02
9.634438463388995955e-02, 4.425037399936347926e-01, 3.650969769216877436e-01, 9.605489845078760136e-02
9.633538920475774592e-02, 4.425045878871668448e-01, 3.651136485985933544e-01, 9.604637430948204102e-02
9.632639231230293031e-02, 4.425054475506978169e-01, 3.651303121350867320e-01, 9.603784800191254856e-02
9.631739396244508311e-02, 4.425063189940353081e-01, 3.651469675086050359e-01, 9.602931953491475325e-02
9.630839416110395512e-02, 4.425072022269723182e-01, 3.651636146966003582e-01, 9.602078891532349336e-02
9.629939291419929714e-02, 4.425080972592873030e-01, 3.651802536765407781e-01, 9.601225614997270508e-02
9.629039022765091549e-02, 4.425090041007443409e-01, 3.651968844259093072e-01, 9.600372124569540866e-02
9.628138610737875525e-02, 4.425099227610930774e-01, 3.652135069222043895e-01, 9.599518420932384721e-02
9.627238055930256722e-02, 4.425108532500682257e-01, 3.652301211429399563e-01, 9.598664504768918138e-02
9.626337358934229649e-02, 4.425117955773902878e-01, 3.652467270656455378e-01, 9.597810376762179463e-02
9.625436520341784652e-02, 4.425127497527652221e-01, 3.652633246678659851e-01, 9.596956037595108513e-02
9.624535540744916240e-02, 4.425137157858839987e-01, 3.652799139271613038e-01, 9.596101487950550735e-02
9.623634420735613371e-02, 4.425146936864235436e-01, 3.652964948211075980e-01, 9.595246728511271084e-02
9.622733160905859451e-02, 4.425156834640460168e-01, 3.653130673272961260e-01, 9.594391759959923494e-02
9.621831761847654541e-02, 4.425166851283989233e-01, 3.653296314233338560e-01, 9.593536582979082794e-02
9.620930224152973720e-02, 4.425176986891149467e-01, 3.653461870868432437e-01, 9.592681198251212793e-02
9.620028548413803171e-02, 4.425187241558127260e-01, 3.653627342954622881e-01, 9.591825606458692643e-02
9.619126735222119362e-02, 4.425197615380960237e-01, 3.653792730268448086e-01, 9.590969808283801579e-02
9.618224785169895985e-02, 4.425208108455537248e-01, 3.653958032586602234e-01, 9.590113804408720299e-02
9.617322698849094242e-02, 4.425218720877603373e-01, 3.654123249685935493e-01, 9.589257595515524035e-02
9.616420476851678112e-02, 4.425229452742757141e-01, 3.654288381343455128e-01, 9.588401182286206137e-02
9.615518119769596306e-02, 4.425240304146451087e-01, 3.654453427336324944e-01, 9.587544565402639218e-02
9.614615628194797536e-02, 4.425251275183991195e-01, 3.654618387441866956e-01, 9.586687745546612627e-02
9.613713002719218026e-02, 4.425262365950536347e-01, 3.654783261437561936e-01, 9.585830723399804687e-02
9.612810243934777343e-02, 4.425273576541096099e-01, 3.654948049101046093e-01, 9.584973499643796579e-02
9.611907352433393670e-02, 4.425284907050539007e-01, 3.655112750210115502e-01, 9.584116074960058462e-02
9.611004328806974084e-02, 4.425296357573583750e-01, 3.655277364542723340e-01, 9.583258450029968900e-02
9.610101173647399297e-02, 4.425307928204799124e-01, 3.655441891876982097e-01, 9.582400625534791272e-02
9.609197887546558348e-02, 4.425319619038614039e-01, 3.655606331991161917e-01, 9.581542602155686261e-02
9.608294471096311129e-02, 4.425331430169302527e-01, 3.655770684663693926e-01, 9.580684380573713244e-02
9.607390924888510597e-02, 4.425343361690998178e-01, 3.655934949673167456e-01, 9.579825961469824736e-02
9.606487249514994442e-02, 4.425355413697683038e-01, 3.656099126798330601e-01, 9.578967345524866395e-02
9.605583445567572598e-02, 4.425367586283194266e-01, 3.656263215818091883e-01, 9.578108533419568693e-02
9.604679513638059163e-02, 4.425379879541220807e-01, 3.656427216511518585e-01, 9.577249525834559407e-02
9.603775454318232152e-02, 4.425392293565301727e-01, 3.656591128657838974e-01, 9.576390323450349740e-02
9.602871268199861254e-02, 4.425404828448835093e-01, 3.656754952036442297e-01, 9.575530926947360688e-02
9.601966955874696730e-02, 4.425417484285065206e-01, 3.656918686426877119e-01, 9.574671337005877247e-02
9.601062517934463858e-02, 4.425430261167091484e-01, 3.657082331608853543e-01, 9.573811554306088656e-02
9.600157954970869878e-02, 4.425443159187865128e-01, 3.657245887362240988e-01, 9.572951579528064803e-02
9.599253267575605375e-02, 4.425456178440190791e-01, 3.657409353467072632e-01, 9.572091413351770106e-02
9.598348456340330404e-02, 4.425469319016721026e-01, 3.657572729703542080e-01, 9.571231056457044084e-02
9.597443521856689752e-02, 4.425482581009965721e-01, 3.657736015852003364e-01, 9.570370509523623559e-02
9.596538464716301842e-02, 4.425495964512285441e-01, 3.657899211692972052e-01, 9.569509773231124616e-02
9.595633285510753174e-02, 4.425509469615891422e-01, 3.658062317007128028e-01, 9.568648848259042605e-02
9.594727984831626089e-02, 4.425523096412847801e-01, 3.658225331575314376e-01, 9.567787735286770179e-02
9.593822563270451576e-02, 4.425536844995067720e-01, 3.658388255178530724e-01, 9.566926434993568151e-02
9.592917021418750911e-02, 4.425550715454319994e-01, 3.658551087597945450e-01, 9.566064948058584927e-02
9.592011359868012066e-02, 4.425564707882225224e-01, 3.658713828614888475e-01, 9.565203275160859275e-02
9.591105579209698029e-02, 4.425578822370250798e-01, 3.658876478010849587e-01, 9.564341416979288413e-02
9.590199680035237095e-02, 4.425593059009722552e-01, 3.659039035567486220e-01, 9.563479374192676574e-02
9.589293662936035356e-02, 4.425607417891810891e-01, 3.659201501066617346e-01, 9.562617147479690605e-02
9.588387528503461432e-02, 4.425621899107543000e-01, 3.659363874290223473e-01, 9.561754737518871061e-02
9.587481277328860352e-02, 4.425636502747793410e-01, 3.659526155020454419e-01, 9.560892144988654417e-02
9.586574910003536898e-02, 4.425651228903292878e-01, 3.659688343039619873e-01, 9.560029370567339757e-02
9.585668427118770873e-02, 4.425666077664616727e-01, 3.659850438130195505e-01, 9.559166414933113753e-02
9.584761829265801836e-02, 4.425681049122195954e-01, 3.660012440074820739e-01, 9.558303278764027078e-02
9.583855117035847138e-02, 4.425696143366314450e-01, 3.660174348656300980e-01, 9.557439962738009664e-02
9.582948291020071396e-02, 4.425711360487101231e-01, 3.660336163657605391e-01, 9.556576467532870711e-02
9.582041351809619800e-02, 4.425726700574541539e-01, 3.660497884861869666e-01, 9.555712793826288964e-02
9.581134299995588965e-02, 4.425742163718466293e-01, 3.660659512052392706e-01, 9.554848942295818270e-02
9.580227136169047752e-02, 4.425757750008564306e-01, 3.660821045012642161e-01, 9.553984913618877861e-02
9.579319860921027552e-02, 4.425773459534370069e-01, 3.660982483526251663e-01, 9.553120708472770395e-02
9.578412474842511182e-02, 4.425789292385269302e-01, 3.661143827377014159e-01, 9.552256327534659752e-02
9.577504978524452317e-02, 4.425805248650497847e-01, 3.661305076348898013e-01, 9.551391771481586301e-02
9.576597372557758836e-02, 4.425821328419144440e-01, 3.661466230226033125e-01, 9.550527040990453020e-02
9.575689657533299759e-02, 4.425837531780149603e-01, 3.661627288792715373e-01, 9.549662136738042151e-02
9.574781834041908024e-02, 4.425853858822298981e-01, 3.661788251833410501e-01, 9.548797059400990217e-02
9.573873902674359671e-02, 4.425870309634232225e-01, 3.661949119132749675e-01, 9.547931809655813007e-02
9.572965864021405757e-02, 4.425886884304439106e-01, 3.662109890475530594e-01, 9.547066388178891694e-02
9.572057718673737670e-02, 4.425903582921259516e-01, 3.662270565646719711e-01, 9.546200795646464510e-02
9.571149467222014873e-02, 4.425920405572881244e-01, 3.662431144431451679e-01, 9.545335032734648950e-02
9.570241110256842709e-02, 4.425937352347347753e-01, 3.662591626615027129e-01, 9.544469100119411242e-02
9.569332648368790439e-02, 4.425954423332545407e-01, 3.662752011982916001e-01, 9.543602998476599653e-02
9.568424082148373200e-02, 4.425971618616216241e-01, 3.662912300320755321e-01, 9.542736728481909791e-02
9.567515412186057555e-02, 4.425988938285950747e-01, 3.663072491414353093e-01, 9.541870290810913757e-02
9.566606639072264273e-02, 4.426006382429188424e-01, 3.663232585049682188e-01, 9.541003686139032380e-02
9.565697763397369713e-02, 4.426023951133217782e-01, 3.663392581012890337e-01, 9.540136915141556040e-02
9.564788785751696110e-02, 4.426041644485180226e-01, 3.663552479090286251e-01, 9.539269978493637725e-02
9.563879706725515739e-02, 4.426059462572064507e-01, 3.663712279068355171e-01, 9.538402876870283320e-02
9.562970526909050917e-02, 4.426077405480711158e-01, 3.663871980733747757e-01, 9.537535610946364095e-02
9.562061246892475386e-02, 4.426095473297805283e-01, 3.664031583873285092e-01, 9.536668181396604216e-02
9.561151867265903215e-02, 4.426113666109890432e-01, 3.664191088273960895e-01, 9.535800588895593233e-02
9.560242388619399900e-02, 4.426131984003348618e-01, 3.664350493722933200e-01, 9.534932834117772205e-02
9.559332811542978203e-02, 4.426150427064421966e-01, 3.664509800007535456e-01, 9.534064917737444800e-02
9.558423136626595373e-02, 4.426168995379193283e-01, 3.664669006915270422e-01, 9.533196840428766194e-02
9.557513364460153149e-02, 4.426187689033601602e-01, 3.664828114233810163e-01, 9.532328602865747236e-02
9.556603495633489431e-02, 4.426206508113429416e-01, 3.664987121750996057e-01, 9.531460205722247503e-02
9.555693530736407426e-02, 4.426225452704313779e-01, 3.665146029254844340e-01, 9.530591649671997512e-02
9.554783470358627073e-02, 4.426244522891738531e-01, 3.665304836533541666e-01, 9.529722935388562632e-02
9.553873315089826679e-02, 4.426263718761033750e-01, 3.665463543375445110e-01, 9.528854063545379172e-02
9.552963065519620711e-02, 4.426283040397384627e-01, 3.665622149569082722e-01, 9.527985034815719678e-02
9.552052722237565352e-02, 4.426302487885817594e-01, 3.665780654903154079e-01, 9.527115849872709596e-02
9.551142285833155721e-02, 4.426322061311218081e-01, 3.665939059166533065e-01, 9.526246509389335593e-02
9.550231756895817548e-02, 4.426341760758311095e-01, 3.666097362148263428e-01, 9.525377014038427514e-02
9.549321136014939093e-02, 4.426361586311675644e-01, 3.666255563637563775e-01, 9.524507364492668104e-02
9.548410423779819800e-02, 4.426381538055738085e-01, 3.666413663423821467e-01, 9.523637561424583287e-02
9.547499620779706375e-02, 4.426401616074773782e-01, 3.666571661296599838e-01, 9.522767605506553268e-02
9.546588727603785851e-02, 4.426421820452905442e-01, 3.666729557045634857e-01, 9.521897497410801436e-02
9.545677744841181422e-02, 4.426442151274108117e-01, 3.666887350460834027e-01, 9.521027237809399912e-02
9.544766673080941344e-02, 4.426462608622201422e-01, 3.667045041332278599e-01, 9.520156827374268160e-02
9.543855512912050032e-02, 4.426483192580853987e-01, 3.667202629450224682e-01, 9.519286266777168826e-02
9.542944264923436393e-02, 4.426503903233586223e-01, 3.667360114605099364e-01, 9.518415556689706347e-02
9.542032929703954391e-02, 4.426524740663762558e-01, 3.667517496587507364e-01, 9.517544697783346386e-02
9.541121507842387217e-02, 4.426545704954600868e-01, 3.667674775188223268e-01, 9.516673690729371415e-02
9.540209999927454221e-02, 4.426566796189162489e-01, 3.667831950198198188e-01, 9.515802536198932071e-02
9.539298406547808140e-02, 4.426588014450360542e-01, 3.667989021408559203e-01, 9.514931234863001352e-02
9.538386728292017058e-02, 4.426609359820953826e-01, 3.668145988610604369e-01, 9.514059787392407930e-02
9.537474965748599098e-02, 4.426630832383550151e-01, 3.668302851595808267e-01, 9.513188194457816715e-02
9.536563119505989117e-02, 4.426652432220608002e-01, 3.668459610155820894e-01, 9.512316456729733027e-02
9.535651190152548418e-02, 4.426674159414428766e-01, 3.668616264082465439e-01, 9.511444574878502589e-02
9.534739178276575855e-02, 4.426696014047168393e-01, 3.668772813167743840e-01, 9.510572549574308754e-02
9.533827084466275914e-02, 4.426717996200824068e-01, 3.668929257203831784e-01, 9.509700381487175280e-02
9.532914909309803120e-02, 4.426740105957247540e-01, 3.669085595983075376e-01, 9.508828071286958006e-02
9.532002653395230118e-02, 4.426762343398132904e-01, 3.669241829298007795e-01, 9.507955619643365663e-02
9.531090317310542126e-02, 4.426784708605025487e-01, 3.669397956941327643e-01, 9.507083027225922411e-02
9.530177901643663296e-02, 4.426807201659316848e-01, 3.669553978705916153e-01, 9.506210294704005304e-02
9.529265406982433129e-02, 4.426829822642247003e-01, 3.669709894384827753e-01, 9.505337422746817921e-02
9.528352833914612019e-02, 4.426852571634903866e-01, 3.669865703771294507e-01, 9.504464412023407027e-02
9.527440183027882648e-02, 4.426875448718222139e-01, 3.670021406658726115e-01, 9.503591263202638972e-02
9.526527454909865245e-02, 4.426898453972986092e-01, 3.670177002840704916e-01, 9.502717976953226064e-02
9.525614650148069018e-02, 4.426921587479825670e-01, 3.670332492110996436e-01, 9.501844553943712690e-02
9.524701769329953216e-02, 4.426944849319217612e-01, 3.670487874263539396e-01, 9.500970994842468376e-02
9.523788813042879942e-02, 4.426968239571490438e-01, 3.670643149092452928e-01, 9.500097300317701665e-02
9.522875781874130807e-02, 4.426991758316813907e-01, 3.670798316392029359e-01, 9.499223471037447630e-02
9.521962676410909709e-02, 4.427015405635211232e-01, 3.670953375956741982e-01, 9.498349507669572034e-02
9.521049497240330339e-02, 4.427039181606547968e-01, 3.671108327581240616e-01, 9.497475410881774105e-02
9.520136244949436999e-02, 4.427063086310542017e-01, 3.671263171060356045e-01, 9.496601181341579601e-02
9.519222920125175458e-02, 4.427087119826754180e-01, 3.671417906189093916e-01, 9.495726819716344969e-02
9.518309523354413770e-02, 4.427111282234594825e-01, 3.671572532762639729e-01, 9.494852326673246246e-02
9.517396055223922846e-02, 4.427135573613320552e-01, 3.671727050576357732e-01, 9.493977702879297098e-02
9.516482516320413920e-02, 4.427159994042036972e-01, 3.671881459425789807e-01, 9.493102949001334945e-02
9.515568907230476103e-02, 4.427184543599693156e-01, 3.672035759106657693e-01, 9.492228065706015405e-02
9.514655228540641607e-02, 4.427209222365089403e-01, 3.672189949414864096e-01, 9.491353053659835892e-02
9.513741480837338560e-02, 4.427234030416870580e-01, 3.672344030146486027e-01, 9.490477913529105081e-02
9.512827664706902109e-02, 4.427258967833528902e-01, 3.672498001097783682e-01, 9.489602645979956785e-02
9.511913780735595236e-02, 4.427284034693405590e-01, 3.672651862065200445e-01, 9.488727251678358288e-02
9.510999829509576842e-02, 4.427309231074684215e-01, 3.672805612845350676e-01, 9.487851731290090906e-02
9.510085811614908680e-02, 4.427334557055398467e-01, 3.672959253235034138e-01, 9.486976085480755549e-02
9.509171727637585891e-02, 4.427360012713430493e-01, 3.673112783031232120e-01, 9.486100314915786591e-02
9.508257578163487045e-02, 4.427385598126506450e-01, 3.673266202031101324e-01, 9.485224420260429667e-02
9.507343363778411605e-02, 4.427411313372200397e-01, 3.673419510031982749e-01, 9.484348402179763882e-02
9.506429085068054952e-02, 4.427437158527932071e-01, 3.673572706831397250e-01, 9.483472261338665721e-02
9.505514742618026425e-02, 4.427463133670968554e-01, 3.673725792227043874e-01, 9.482595998401856241e-02
9.504600337013838218e-02, 4.427489238878423716e-01, 3.673878766016807074e-01, 9.481719614033851107e-02
9.503685868840912321e-02, 4.427515474227259884e-01, 3.674031627998748939e-01, 9.480843108899007776e-02
9.502771338684558311e-02, 4.427541839794281175e-01, 3.674184377971114190e-01, 9.479966483661485255e-02
9.501856747130006664e-02, 4.427568335656144050e-01, 3.674337015732329070e-01, 9.479089738985264912e-02
9.500942094762382384e-02, 4.427594961889345648e-01, 3.674489541080999677e-01, 9.478212875534144932e-02
9.500027382166716106e-02, 4.427621718570237119e-01, 3.674641953815916962e-01, 9.477335893971747249e-02
9.499112609927931605e-02, 4.427648605775006407e-01, 3.674794253736050620e-01, 9.476458794961485632e-02
9.498197778630863841e-02, 4.427675623579697128e-01, 3.674946440640555201e-01, 9.475581579166612867e-02
9.497282888860239525e-02, 4.427702772060193026e-01, 3.675098514328764554e-01, 9.474704247250181899e-02
9.496367941200688223e-02, 4.427730051292226299e-01, 3.675250474600197936e-01, 9.473826799875068039e-02
9.495452936236739583e-02, 4.427757461351376489e-01, 3.675402321254555016e-01, 9.472949237703953695e-02
9.494537874552813617e-02, 4.427785002313067708e-01, 3.675554054091716427e-01, 9.472071561399331152e-02
9.493622756733237356e-02, 4.427812674252571412e-01, 3.675705672911752653e-01, 9.471193771623512281e-02
9.492707583362235135e-02, 4.427840477245005291e-01, 3.675857177514908480e-01, 9.470315869038616052e-02
9.491792355023917493e-02, 4.427868411365331602e-01, 3.676008567701619101e-01, 9.469437854306574087e-02
9.490877072302293660e-02, 4.427896476688360505e-01, 3.676159843272496786e-01, 9.468559728089120942e-02
9.489961735781275720e-02, 4.427924673288748947e-01, 3.676311004028341989e-01, 9.467681491047807985e-02
9.489046346044663349e-02, 4.427953001240997333e-01, 3.676462049770137797e-01, 9.466803143843992296e-02
9.488130903676147976e-02, 4.427981460619453968e-01, 3.676612980299046596e-01, 9.465924687138842220e-02
9.487215409259316945e-02, 4.428010051498311173e-01, 3.676763795416424507e-01, 9.465046121593329032e-02
9.486299863377647967e-02, 4.428038773951611384e-01, 3.676914494923799182e-01, 9.464167447868235272e-02
9.485384266614521609e-02, 4.428067628053239391e-01, 3.677065078622893668e-01, 9.463288666624147805e-02
9.484468619553186597e-02, 4.428096613876926768e-01, 3.677215546315608652e-01, 9.462409778521457815e-02
9.483552922776804228e-02, 4.428125731496250217e-01, 3.677365897804032446e-01, 9.461530784220366364e-02
9.482637176868412288e-02, 4.428154980984636002e-01, 3.677516132890435441e-01, 9.460651684380880222e-02
9.481721382410945864e-02, 4.428184362415350517e-01, 3.677666251377276208e-01, 9.459772479662797995e-02
9.480805539987216535e-02, 4.428213875861509718e-01, 3.677816253067194285e-01, 9.458893170725735100e-02
9.479889650179944283e-02, 4.428243521396075244e-01, 3.677966137763019616e-01, 9.458013758229111279e-02
9.478973713571717252e-02, 4.428273299091853854e-01, 3.678115905267760333e-01, 9.457134242832136717e-02
9.478057730745015341e-02, 4.428303209021497433e-01, 3.678265555384618302e-01, 9.456254625193831476e-02
9.477141702282214364e-02, 4.428333251257503544e-01, 3.678415087916973580e-01, 9.455374905973019939e-02
9.476225628765559683e-02, 4.428363425872215986e-01, 3.678564502668395519e-01, 9.454495085828318324e-02
9.475309510777193966e-02, 4.428393732937825900e-01, 3.678713799442639987e-01, 9.453615165418152722e-02
9.474393348899136369e-02, 4.428424172526366775e-01, 3.678862978043647147e-01, 9.452735145400734118e-02
9.473477143713292248e-02, 4.428454744709718893e-01, 3.679012038275542573e-01, 9.451855026434094476e-02
9.472560895801451775e-02, 4.428485449559608766e-01, 3.679160979942641685e-01, 9.450974809176046487e-02
9.471644605745291323e-02, 4.428516287147609143e-01, 3.679309802849441424e-01, 9.450094494284207169e-02
9.470728274126355428e-02, 4.428547257545135118e-01, 3.679458506800629691e-01, 9.449214082415989535e-02
9.469811901526080378e-02, 4.428578360823451354e-01, 3.679607091601079238e-01, 9.448333574228606757e-02
9.468895488525783111e-02, 4.428609597053665414e-01, 3.679755557055849335e-01, 9.447452970379070780e-02
9.467979035706657054e-02, 4.428640966306729987e-01, 3.679903902970186880e-01, 9.446572271524175668e-02
9.467062543649772122e-02, 4.428672468653444549e-01, 3.680052129149524176e-01, 9.445691478320525358e-02
9.466146012936087206e-02, 4.428704104164453703e-01, 3.680200235399485598e-01, 9.444810591424510071e-02
9.465229444146426585e-02, 4.428735872910247173e-01, 3.680348221525877594e-01, 9.443929611492320186e-02
9.464312837861504901e-02, 4.428767774961159254e-01, 3.680496087334695909e-01, 9.443048539179933754e-02
9.463396194661903571e-02, 4.428799810387371028e-01, 3.680643832632126689e-01, 9.442167375143126207e-02
9.462479515128077723e-02, 4.428831979258907037e-01, 3.680791457224538155e-01, 9.441286120037460650e-02
9.461562799840375626e-02, 4.428864281645639167e-01, 3.680938960918493374e-01, 9.440404774518301734e-02
9.460646049378997058e-02, 4.428896717617283874e-01, 3.681086343520738602e-01, 9.439523339240794841e-02
9.459729264324030773e-02, 4.428929287243399404e-01, 3.681233604838209383e-01, 9.438641814859878576e-02
9.458812445255444790e-02, 4.428961990593396902e-01, 3.681380744678029449e-01, 9.437760202030287537e-02
9.457895592753065572e-02, 4.428994827736524864e-01, 3.681527762847514595e-01, 9.436878501406539832e-02
9.456978707396603012e-02, 4.429027798741881905e-01, 3.681674659154163809e-01, 9.435996713642950950e-02
9.456061789765630998e-02, 4.429060903678407324e-01, 3.681821433405668142e-01, 9.435114839393607400e-02
9.455144840439601295e-02, 4.429094142614891094e-01, 3.681968085409908498e-01, 9.434232879312404174e-02
9.454227859997832439e-02, 4.429127515619964428e-01, 3.682114614974950073e-01, 9.433350834053018386e-02
9.453310849019515294e-02, 4.429161022762104771e-01, 3.682261021909053467e-01, 9.432468704268905102e-02
9.452393808083715820e-02, 4.429194664109632473e-01, 3.682407306020664683e-01, 9.431586490613312612e-02
9.451476737769352876e-02, 4.429228439730716893e-01, 3.682553467118420132e-01, 9.430704193739278263e-02
9.450559638655234296e-02, 4.429262349693370848e-01, 3.682699505011143848e-01, 9.429821814299617355e-02
9.449642511320020810e-02, 4.429296394065450060e-01, 3.682845419507854712e-01, 9.428939352946938413e-02
9.448725356342244086e-02, 4.429330572914655928e-01, 3.682991210417755901e-01, 9.428056810333626525e-02
9.447808174300312278e-02, 4.429364886308538307e-01, 3.683136877550244326e-01, 9.427174187111855841e-02
9.446890965772482274e-02, 4.429399334314489400e-01, 3.683282420714905081e-01, 9.426291483933584014e-02
9.445973731336888835e-02, 4.429433916999743759e-01, 3.683427839721514774e-01, 9.425408701450543880e-02
9.445056471571530721e-02, 4.429468634431382723e-01, 3.683573134380037639e-01, 9.424525840314262881e-02
9.444139187054265139e-02, 4.429503486676337198e-01, 3.683718304500631646e-01, 9.423642901176036701e-02
9.443221878362820232e-02, 4.429538473801376552e-01, 3.683863349893645722e-01, 9.422759884686957021e-02
9.442304546074786753e-02, 4.429573595873116942e-01, 3.684008270369615867e-01, 9.421876791497883763e-02
9.441387190767611126e-02, 4.429608852958021314e-01, 3.684153065739271815e-01, 9.420993622259464517e-02
9.440469813018603773e-02, 4.429644245122393853e-01, 3.684297735813534258e-01, 9.420110377622120668e-02
9.439552413404943276e-02, 4.429679772432386087e-01, 3.684442280403513181e-01, 9.419227058236061267e-02
9.438634992503666665e-02, 4.429715434953996334e-01, 3.684586699320511194e-01, 9.418343664751260835e-02
9.437717550891670804e-02, 4.429751232753060819e-01, 3.684730992376024084e-01, 9.417460197817484335e-02
9.436800089145702675e-02, 4.429787165895266998e-01, 3.684875159381734155e-01, 9.416576658084270524e-02
9.435882607842384362e-02, 4.429823234446147451e-01, 3.685019200149520779e-01, 9.415693046200931948e-02
9.434965107558190844e-02, 4.429859438471074329e-01, 3.685163114491452063e-01, 9.414809362816563276e-02
9.434047588869443057e-02, 4.429895778035264908e-01, 3.685306902219786518e-01, 9.413925608580030191e-02
9.433130052352343975e-02, 4.429932253203787695e-01, 3.685450563146980274e-01, 9.413041784139979107e-02
9.432212498582932814e-02, 4.429968864041549104e-01, 3.685594097085675980e-01, 9.412157890144823291e-02
9.431294928137110012e-02, 4.430005610613302336e-01, 3.685737503848710017e-01, 9.411273927242758131e-02
9.430377341590637230e-02, 4.430042492983647384e-01, 3.685880783249112502e-01, 9.410389896081751415e-02
9.429459739519126249e-02, 4.430079511217026034e-01, 3.686023935100107285e-01, 9.409505797309546116e-02
9.428542122498047295e-02, 4.430116665377725194e-01, 3.686166959215104733e-01, 9.408621631573647892e-02
9.427624491102720716e-02, 4.430153955529877452e-01, 3.686309855407713942e-01, 9.407737399521352850e-02
9.426706845908326693e-02, 4.430191381737459966e-01, 3.686452623491734970e-01, 9.406853101799714234e-02
9.425789187489888588e-02, 4.430228944064293906e-01, 3.686595263281162160e-01, 9.405968739055556305e-02
9.424871516422289597e-02, 4.430266642574042790e-01, 3.686737774590179151e-01, 9.405084311935485442e-02
9.423953833280265813e-02, 4.430304477330220259e-01, 3.686880157233166089e-01, 9.404199821085874877e-02
9.423036138638395121e-02, 4.430342448396179522e-01, 3.687022411024694635e-01, 9.403315267152854984e-02
9.422118433071122179e-02, 4.430380555835121137e-01, 3.687164535779531849e-01, 9.402430650782350741e-02
9.421200717152723725e-02, 4.430418799710088007e-01, 3.687306531312636859e-01, 9.401545972620029001e-02
9.420282991457341881e-02, 4.430457180083968716e-01, 3.687448397439161973e-01, 9.400661233311345677e-02
9.419365256558957789e-02, 4.430495697019496970e-01, 3.687590133974456008e-01, 9.399776433501515205e-02
9.418447513031402707e-02, 4.430534350579251046e-01, 3.687731740734057628e-01, 9.398891573835516100e-02
9.417529761448360792e-02, 4.430573140825652123e-01, 3.687873217533702563e-01, 9.398006654958103445e-02
9.416612002383362157e-02, 4.430612067820965394e-01, 3.688014564189319167e-01, 9.397121677513793625e-02
9.415694236409778706e-02, 4.430651131627304506e-01, 3.688155780517030635e-01, 9.396236642146869877e-02
9.414776464100831077e-02, 4.430690332306623236e-01, 3.688296866333155566e-01, 9.395351549501382293e-02
9.413858686029590028e-02, 4.430729669920722147e-01, 3.688437821454203513e-01, 9.394466400221138103e-02
9.412940902768969498e-02, 4.430769144531246928e-01, 3.688578645696883873e-01, 9.393581194949725266e-02
9.412023114891723830e-02, 4.430808756199685616e-01, 3.688719338878094223e-01, 9.392695934330473617e-02
9.411105322970456100e-02, 4.430848504987370817e-01, 3.688859900814933646e-01, 9.391810619006503436e-02
9.410187527577609790e-02, 4.430888390955480816e-01, 3.689000331324690518e-01, 9.390925249620672710e-02
9.409269729285475725e-02, 4.430928414165037910e-01, 3.689140630224851947e-01, 9.390039826815620161e-02
9.408351928666186526e-02, 4.430968574676909522e-01, 3.689280797333099327e-01, 9.389154351233737483e-02
9.407434126291712440e-02, 4.431008872551804312e-01, 3.689420832467305567e-01, 9.388268823517174899e-02
9.406516322733872448e-02, 4.431049307850282171e-01, 3.689560735445546191e-01, 9.387383244307856422e-02
9.405598518564316224e-02, 4.431089880632737565e-01, 3.689700506086084353e-01, 9.386497614247457655e-02
9.404680714354542170e-02, 4.431130590959418969e-01, 3.689840144207385264e-01, 9.385611933977409949e-02
9.403762910675890485e-02, 4.431171438890412762e-01, 3.689979649628106761e-01, 9.384726204138921224e-02
9.402845108099529281e-02, 4.431212424485652668e-01, 3.690119022167098750e-01, 9.383840425372942662e-02
9.401927307196479566e-02, 4.431253547804917536e-01, 3.690258261643415416e-01, 9.382954598320188133e-02
9.401009508537590265e-02, 4.431294808907828009e-01, 3.690397367876300239e-01, 9.382068723621134199e-02
9.400091712693554868e-02, 4.431336207853849851e-01, 3.690536340685194872e-01, 9.381182801916013170e-02
9.399173920234889235e-02, 4.431377744702293398e-01, 3.690675179889736368e-01, 9.380296833844810334e-02
9.398256131731974605e-02, 4.431419419512314661e-01, 3.690813885309759401e-01, 9.379410820047275055e-02
9.397338347755002097e-02, 4.431461232342914225e-01, 3.690952456765295708e-01, 9.378524761162911061e-02
9.396420568874004620e-02, 4.431503183252932798e-01, 3.691090894076569651e-01, 9.377638657830973667e-02
9.395502795658863815e-02, 4.431545272301059546e-01, 3.691229197064005985e-01, 9.376752510690476716e-02
9.394585028679275363e-02, 4.431587499545827646e-01, 3.691367365548224866e-01, 9.375866320380191188e-02
9.393667268504785062e-02, 4.431629865045615402e-01, 3.691505399350042960e-01, 9.374980087538642426e-02
9.392749515704769403e-02, 4.431672368858640132e-01, 3.691643298290473996e-01, 9.374093812804103198e-02
9.391831770848423078e-02, 4.431715011042969277e-01, 3.691781062190727103e-01, 9.373207496814607576e-02
9.390914034504796448e-02, 4.431757791656514289e-01, 3.691918690872212916e-01, 9.372321140207942602e-02
9.389996307242755302e-02, 4.431800710757026751e-01, 3.692056184156534693e-01, 9.371434743621642749e-02
9.389078589631001670e-02, 4.431843768402105588e-01, 3.692193541865494422e-01, 9.370548307692999623e-02
9.388160882238071048e-02, 4.431886964649194849e-01, 3.692330763821092265e-01, 9.369661833059049483e-02
9.387243185632332398e-02, 4.431930299555581487e-01, 3.692467849845525452e-01, 9.368775320356596825e-02
9.386325500381971498e-02, 4.431973773178397025e-01, 3.692604799761187717e-01, 9.367888770222172756e-02
9.385407827055017305e-02, 4.432017385574618662e-01, 3.692741613390671529e-01, 9.367002183292082174e-02
9.384490166219314200e-02, 4.432061136801063728e-01, 3.692878290556768084e-01, 9.366115560202360746e-02
9.383572518442553911e-02, 4.432105026914399670e-01, 3.693014831082463978e-01, 9.365228901588809607e-02
9.382654884292236652e-02, 4.432149055971134621e-01, 3.693151234790945092e-01, 9.364342208086964825e-02
9.381737264335705817e-02, 4.432193224027621836e-01, 3.693287501505596038e-01, 9.363455480332123770e-02
9.380819659140121614e-02, 4.432237531140059139e-01, 3.693423631049997935e-01, 9.362568718959325687e-02
9.379902069272469389e-02, 4.432281977364488923e-01, 3.693559623247930079e-01, 9.361681924603354465e-02
9.378984495299570734e-02, 4.432326562756796484e-01, 3.693695477923372716e-01, 9.360795097898746975e-02
9.378066937788057111e-02, 4.432371287372714463e-01, 3.693831194900501491e-01, 9.359908239479784731e-02
9.377149397304403167e-02, 4.432416151267816185e-01, 3.693966774003692999e-01, 9.359021349980503612e-02
9.376231874414896195e-02, 4.432461154497523426e-01, 3.694102215057520344e-01, 9.358134430034664719e-02
9.375314369685650018e-02, 4.432506297117098093e-01, 3.694237517886757027e-01, 9.357247480275797391e-02
9.374396883682603598e-02, 4.432551579181649437e-01, 3.694372682316372503e-01, 9.356360501337164515e-02
9.373479416971515488e-02, 4.432597000746130167e-01, 3.694507708171539950e-01, 9.355473493851775013e-02
9.372561970117967989e-02, 4.432642561865338671e-01, 3.694642595277626840e-01, 9.354586458452386621e-02
9.371644543687362994e-02, 4.432688262593913464e-01, 3.694777343460201036e-01, 9.353699395771489233e-02
9.370727138244927534e-02, 4.432734102986343738e-01, 3.694911952545030798e-01, 9.352812306441325718e-02
9.369809754355711007e-02, 4.432780083096957147e-01, 3.695046422358082006e-01, 9.351925191093889145e-02
9.368892392584581008e-02, 4.432826202979930352e-01, 3.695180752725522599e-01, 9.351038050360893639e-02
9.367975053496220561e-02, 4.432872462689281257e-01, 3.695314943473715918e-01, 9.350150884873816015e-02
9.367057737655137828e-02, 4.432918862278872885e-01, 3.695448994429225698e-01, 9.349263695263862473e-02
9.366140445625663336e-02, 4.432965401802414496e-01, 3.695582905418820507e-01, 9.348376482161989409e-02
9.365223177971933322e-02, 4.433012081313458808e-01, 3.695716676269459877e-01, 9.347489246198881219e-02
9.364305935257914715e-02, 4.433058900865400886e-01, 3.695850306808310393e-01, 9.346601988004976658e-02
9.363388718047382930e-02, 4.433105860511483698e-01, 3.695983796862734039e-01, 9.345714708210443866e-02
9.362471526903934360e-02, 4.433152960304792001e-01, 3.696117146260295416e-01, 9.344827407445195633e-02
9.361554362390983597e-02, 4.433200200298256233e-01, 3.696250354828756746e-01, 9.343940086338886619e-02
9.360637225071762046e-02, 4.433247580544651401e-01, 3.696383422396083418e-01, 9.343052745520903646e-02
9.359720115509305438e-02, 4.433295101096594304e-01, 3.696516348790436779e-01, 9.342165385620368467e-02
9.358803034266482967e-02, 4.433342762006552973e-01, 3.696649133840182455e-01, 9.341278007266157202e-02
9.357885981905966766e-02, 4.433390563326831679e-01, 3.696781777373884248e-01, 9.340390611086865635e-02
9.356968958990243002e-02, 4.433438505109584260e-01, 3.696914279220307464e-01, 9.339503197710838367e-02
9.356051966081611881e-02, 4.433486587406808010e-01, 3.697046639208415586e-01, 9.338615767766146603e-02
9.355135003742190425e-02, 4.433534810270343685e-01, 3.697178857167375821e-01, 9.337728321880604809e-02
9.354218072533902750e-02, 4.433583173751878270e-01, 3.697310932926553551e-01, 9.336840860681763776e-02
9.353301173018496728e-02, 4.433631677902943324e-01, 3.697442866315517329e-01, 9.335953384796909227e-02
9.352384305757519001e-02, 4.433680322774911642e-01, 3.697574657164032219e-01, 9.335065894853050716e-02
9.351467471312326085e-02, 4.433729108419005027e-01, 3.697706305302068119e-01, 9.334178391476941061e-02
9.350550670244099638e-02, 4.433778034886285968e-01, 3.697837810559794769e-01, 9.333290875295073563e-02
9.349633903113822864e-02, 4.433827102227665407e-01, 3.697969172767585633e-01, 9.332403346933669519e-02
9.348717170482287453e-02, 4.433876310493894968e-01, 3.698100391756007910e-01, 9.331515807018676834e-02
9.347800472910099134e-02, 4.433925659735574731e-01, 3.698231467355838076e-01, 9.330628256175782509e-02
9.346883810957662408e-02, 4.433975150003144350e-01, 3.698362399398048561e-01, 9.329740695030405706e-02
9.345967185185205528e-02, 4.434024781346893596e-01, 3.698493187713814967e-01, 9.328853124207700520e-02
9.345050596152752742e-02, 4.434074553816954589e-01, 3.698623832134514400e-01, 9.327965544332546266e-02
9.344134044420146501e-02, 4.434124467463302355e-01, 3.698754332491727137e-01, 9.327077956029559969e-02
9.343217530547021088e-02, 4.434174522335758706e-01, 3.698884688617229966e-01, 9.326190359923082485e-02
9.342301055092827600e-02, 4.434224718483990024e-01, 3.699014900343007284e-01, 9.325302756637188217e-02
9.341384618616824231e-02, 4.434275055957507261e-01, 3.699144967501242220e-01, 9.324415146795685116e-02
9.340468221678074889e-02, 4.434325534805662605e-01, 3.699274889924319409e-01, 9.323527531022107739e-02
9.339551864835442252e-02, 4.434376155077660031e-01, 3.699404667444823880e-01, 9.322639909939711700e-02
9.338635548647600260e-02, 4.434426916822542530e-01, 3.699534299895548273e-01, 9.321752284171501424e-02
9.337719273673020237e-02, 4.434477820089198774e-01, 3.699663787109480628e-01, 9.320864654340184352e-02
9.336803040469981996e-02, 4.434528864926364777e-01, 3.699793128919816043e-01, 9.319977021068212575e-02
9.335886849596572445e-02, 4.434580051382617794e-01, 3.699922325159947234e-01, 9.319089384977768953e-02
9.334970701610678656e-02, 4.434631379506381865e-01, 3.700051375663475639e-01, 9.318201746690756015e-02
9.334054597069985082e-02, 4.434682849345927269e-01, 3.700180280264195321e-01, 9.317314106828798737e-02
9.333138536531980500e-02, 4.434734460949363855e-01, 3.700309038796112948e-01, 9.316426466013255636e-02
9.332222520553956624e-02, 4.434786214364652146e-01, 3.700437651093430591e-01, 9.315538824865209067e-02
9.331306549693013652e-02, 4.434838109639595016e-01, 3.700566116990556265e-01, 9.314651184005469375e-02
9.330390624506039454e-02, 4.434890146821841572e-01, 3.700694436322098380e-01, 9.313763544054565191e-02
9.329474745549727610e-02, 4.434942325958881604e-01, 3.700822608922870183e-01, 9.312875905632760076e-02
9.328558913380573248e-02, 4.434994647098053910e-01, 3.700950634627885316e-01, 9.311988269360030324e-02
9.327643128554874430e-02, 4.435047110286541860e-01, 3.701078513272361703e-01, 9.311100635856091323e-02
9.326727391628714114e-02, 4.435099715571371171e-01, 3.701206244691720992e-01, 9.310213005740369807e-02
9.325811703157986521e-02, 4.435152462999415457e-01, 3.701333828721584118e-01, 9.309325379632014952e-02
9.324896063698379090e-02, 4.435205352617391239e-01, 3.701461265197778516e-01, 9.308437758149910868e-02
9.323980473805383584e-02, 4.435258384471863491e-01, 3.701588553956333683e-01, 9.307550141912654396e-02
9.323064934034278051e-02, 4.435311558609235094e-01, 3.701715694833480619e-01, 9.306662531538564820e-02
9.322149444940144858e-02, 4.435364875075761826e-01, 3.701842687665654608e-01, 9.305774927645688033e-02
9.321234007077854045e-02, 4.435418333917538480e-01, 3.701969532289495768e-01, 9.304887330851785432e-02
9.320318621002086912e-02, 4.435471935180510528e-01, 3.702096228541846279e-01, 9.303999741774346410e-02
9.319403287267305491e-02, 4.435525678910461900e-01, 3.702222776259749826e-01, 9.303112161030577254e-02
9.318488006427771975e-02, 4.435579565153027204e-01, 3.702349175280454929e-01, 9.302224589237402530e-02
9.317572779037548714e-02, 4.435633593953683396e-01, 3.702475425441414947e-01, 9.301337027011473413e-02
9.316657605650477403e-02, 4.435687765357754220e-01, 3.702601526580283631e-01, 9.300449474969146868e-02
9.315742486820209611e-02, 4.435742079410405769e-01, 3.702727478534921235e-01, 9.299561933726517571e-02
9.314827423100184578e-02, 4.435796536156652037e-01, 3.702853281143391184e-01, 9.298674403899387375e-02
9.313912415043626436e-02, 4.435851135641350473e-01, 3.702978934243958964e-01, 9.297786886103276416e-02
9.312997463203563642e-02, 4.435905877909205319e-01, 3.703104437675095451e-01, 9.296899380953427272e-02
9.312082568132815097e-02, 4.435960763004765939e-01, 3.703229791275474136e-01, 9.296011889064796641e-02
9.311167730383974883e-02, 4.436015790972424044e-01, 3.703354994883972795e-01, 9.295124411052060887e-02
9.310252950509453895e-02, 4.436070961856420913e-01, 3.703480048339672925e-01, 9.294236947529614656e-02
9.309338229061429881e-02, 4.436126275700839616e-01, 3.703604951481861418e-01, 9.293349499111563938e-02
9.308423566591890463e-02, 4.436181732549609458e-01, 3.703729704150027779e-01, 9.292462066411738553e-02
9.307508963652598444e-02, 4.436237332446507642e-01, 3.703854306183865241e-01, 9.291574650043682437e-02
9.306594420795114009e-02, 4.436293075435152611e-01, 3.703978757423271873e-01, 9.290687250620638382e-02
9.305679938570787790e-02, 4.436348961559009596e-01, 3.704103057708352242e-01, 9.289799868755591050e-02
9.304765517530748375e-02, 4.436404990861391728e-01, 3.704227206879410761e-01, 9.288912505061223956e-02
9.303851158225923124e-02, 4.436461163385456707e-01, 3.704351204776957784e-01, 9.288025160149944448e-02
9.302936861207022901e-02, 4.436517479174201251e-01, 3.704475051241710171e-01, 9.287137834633855948e-02
9.302022627024549017e-02, 4.436573938270477746e-01, 3.704598746114587948e-01, 9.286250529124796815e-02
9.301108456228783516e-02, 4.436630540716977045e-01, 3.704722289236712651e-01, 9.285363244234302871e-02
9.300194349369800273e-02, 4.436687286556239007e-01, 3.704845680449416201e-01, 9.284475980573640708e-02
9.299280306997462220e-02, 4.436744175830647507e-01, 3.704968919594229249e-01, 9.283588738753770220e-02
9.298366329661407470e-02, 4.436801208582430434e-01, 3.705092006512891722e-01, 9.282701519385369582e-02
9.297452417911065969e-02, 4.436858384853664683e-01, 3.705214941047346167e-01, 9.281814323078840800e-02
9.296538572295652558e-02, 4.436915704686270057e-01, 3.705337723039737186e-01, 9.280927150444279183e-02
9.295624793364169747e-02, 4.436973168122012590e-01, 3.705460352332421992e-01, 9.280040002091506646e-02
9.294711081665393837e-02, 4.437030775202505106e-01, 3.705582828767952086e-01, 9.279152878630043955e-02
9.293797437747895740e-02, 4.437088525969205000e-01, 3.705705152189092133e-01, 9.278265780669131546e-02
9.292883862160024322e-02, 4.437146420463416452e-01, 3.705827322438808857e-01, 9.277378708817718422e-02
9.291970355449913344e-02, 4.437204458726288214e-01, 3.705949339360273820e-01, 9.276491663684459377e-02
9.291056918165478684e-02, 4.437262640798814717e-01, 3.706071202796864528e-01, 9.275604645877719157e-02
9.290143550854416954e-02, 4.437320966721839399e-01, 3.706192912592162769e-01, 9.274717656005579403e-02
9.289230254064197168e-02, 4.437379436536044164e-01, 3.706314468589952948e-01, 9.273830694675817832e-02
9.288317028342094051e-02, 4.437438050281964919e-01, 3.706435870634232077e-01, 9.272943762495937381e-02
9.287403874235140855e-02, 4.437496807999978810e-01, 3.706557118569193676e-01, 9.272056860073128737e-02
9.286490792290159890e-02, 4.437555709730309217e-01, 3.706678212239242765e-01, 9.271169988014309193e-02
9.285577783053755585e-02, 4.437614755513029086e-01, 3.706799151488986976e-01, 9.270283146926097673e-02
9.284664847072304772e-02, 4.437673945388050933e-01, 3.706919936163238782e-01, 9.269396337414810561e-02
9.283751984891966402e-02, 4.437733279395138508e-01, 3.707040566107016599e-01, 9.268509560086479748e-02
9.282839197058685710e-02, 4.437792757573900126e-01, 3.707161041165547566e-01, 9.267622815546852633e-02
9.281926484118174780e-02, 4.437852379963788674e-01, 3.707281361184259216e-01, 9.266736104401358809e-02
9.281013846615931984e-02, 4.437912146604103825e-01, 3.707401526008786141e-01, 9.265849427255160031e-02
9.280101285097229480e-02, 4.437972057533994263e-01, 3.707521535484971653e-01, 9.264962784713104416e-02
9.279188800107122936e-02, 4.438032112792451578e-01, 3.707641389458860015e-01, 9.264076177379755583e-02
9.278276392190434874e-02, 4.438092312418311369e-01, 3.707761087776706432e-01, 9.263189605859376008e-02
9.277364061891769931e-02, 4.438152656450262690e-01, 3.707880630284966506e-01, 9.262303070755940893e-02
9.276451809755509315e-02, 4.438213144926833609e-01, 3.708000016830302892e-01, 9.261416572673118741e-02
9.275539636325810799e-02, 4.438273777886402871e-01, 3.708119247259588636e-01, 9.260530112214292175e-02
9.274627542146600401e-02, 4.438334555367190459e-01, 3.708238321419894956e-01, 9.259643689982537118e-02
9.273715527761590416e-02, 4.438395477407269252e-01, 3.708357239158507346e-01, 9.258757306580640833e-02
9.272803593714265546e-02, 4.438456544044556695e-01, 3.708476000322908361e-01, 9.257870962611093602e-02
9.271891740547871796e-02, 4.438517755316808699e-01, 3.708594604760793723e-01, 9.256984658676085942e-02
9.270979968805445615e-02, 4.438579111261641286e-01, 3.708713052320064540e-01, 9.256098395377507226e-02
9.270068279029784752e-02, 4.438640611916505607e-01, 3.708831342848821211e-01, 9.255212173316954005e-02
9.269156671763473243e-02, 4.438702257318704048e-01, 3.708949476195377293e-01, 9.254325993095721681e-02
9.268245147548848095e-02, 4.438764047505384669e-01, 3.709067452208249516e-01, 9.253439855314805895e-02
9.267333706928040926e-02, 4.438825982513542878e-01, 3.709185270736161666e-01, 9.252553760574912245e-02
9.266422350442936329e-02, 4.438888062380019206e-01, 3.709302931628044586e-01, 9.251667709476431301e-02
9.265511078635206565e-02, 4.438950287141501527e-01, 3.709420434733031735e-01, 9.250781702619474689e-02
9.264599892046282426e-02, 4.439012656834522841e-01, 3.709537779900465848e-01, 9.249895740603825134e-02
9.263688791217375429e-02, 4.439075171495465710e-01, 3.709654966979896717e-01, 9.249009824028998905e-02
9.262777776689455622e-02, 4.439137831160558378e-01, 3.709771995821077861e-01, 9.248123953494188920e-02
9.261866849003279334e-02, 4.439200635865873656e-01, 3.709888866273969854e-01, 9.247238129598291112e-02
9.260956008699358644e-02, 4.439263585647333921e-01, 3.710005578188739772e-01, 9.246352352939901653e-02
9.260045256317976647e-02, 4.439326680540705561e-01, 3.710122131415763413e-01, 9.245466624117325283e-02
9.259134592399198560e-02, 4.439389920581606197e-01, 3.710238525805620302e-01, 9.244580943728544775e-02
9.258224017482841184e-02, 4.439453305805493577e-01, 3.710354761209095908e-01, 9.243695312371258410e-02
9.257313532108499277e-02, 4.439516836247680565e-01, 3.710470837477183870e-01, 9.242809730642859156e-02
9.256403136815533061e-02, 4.439580511943317931e-01, 3.710586754461085435e-01, 9.241924199140423568e-02
9.255492832143076554e-02, 4.439644332927412118e-01, 3.710702512012206689e-01, 9.241038718460746482e-02
9.254582618630013968e-02, 4.439708299234809141e-01, 3.710818109982161328e-01, 9.240153289200297992e-02
9.253672496815014414e-02, 4.439772410900206245e-01, 3.710933548222765666e-01, 9.239267911955263701e-02
9.252762467236506916e-02, 4.439836667958148575e-01, 3.711048826586048066e-01, 9.238382587321514183e-02
9.251852530432684574e-02, 4.439901070443025288e-01, 3.711163944924243396e-01, 9.237497315894617478e-02
9.250942686941511506e-02, 4.439965618389073998e-01, 3.711278903089790804e-01, 9.236612098269840476e-02
9.250032937300707581e-02, 4.440030311830378551e-01, 3.711393700935335382e-01, 9.235726935042137820e-02
9.249123282047770622e-02, 4.440095150800874024e-01, 3.711508338313732058e-01, 9.234841826806172715e-02
9.248213721719954206e-02, 4.440160135334336178e-01, 3.711622815078040039e-01, 9.233956774156285019e-02
9.247304256854278759e-02, 4.440225265464393667e-01, 3.711737131081527252e-01, 9.233071777686527315e-02
9.246394887987526012e-02, 4.440290541224518606e-01, 3.711851286177666465e-01, 9.232186837990630224e-02
9.245485615656247325e-02, 4.440355962648032673e-01, 3.711965280220138608e-01, 9.231301955662028769e-02
9.244576440396755357e-02, 4.440421529768106002e-01, 3.712079113062834446e-01, 9.230417131293848498e-02
9.243667362745119909e-02, 4.440487242617753294e-01, 3.712192784559845138e-01, 9.229532365478912426e-02
9.242758383237181796e-02, 4.440553101229835486e-01, 3.712306294565473341e-01, 9.228647658809717436e-02
9.241849502408537587e-02, 4.440619105637068076e-01, 3.712419642934229880e-01, 9.227763011878487021e-02
9.240940720794553476e-02, 4.440685255872006687e-01, 3.712532829520828748e-01, 9.226878425277101892e-02
9.240032038930347247e-02, 4.440751551967058175e-01, 3.712645854180192106e-01, 9.225993899597155490e-02
9.239123457350802149e-02, 4.440817993954476184e-01, 3.712758716767451950e-01, 9.225109435429929006e-02
9.238214976590572447e-02, 4.440884581866360592e-01, 3.712871417137943997e-01, 9.224225033366395543e-02
9.237306597184050116e-02, 4.440951315734661398e-01, 3.712983955147212134e-01, 9.223340693997209017e-02
9.236398319665410639e-02, 4.441018195591174833e-01, 3.713096330651010080e-01, 9.222456417912734683e-02
9.235490144568578308e-02, 4.441085221467547250e-01, 3.713208543505293058e-01, 9.221572205703011671e-02
9.234582072427238719e-02, 4.441152393395268461e-01, 3.713320593566230565e-01, 9.220688057957776573e-02
9.233674103774831832e-02, 4.441219711405679504e-01, 3.713432480690191939e-01, 9.219803975266449569e-02
9.232766239144572784e-02, 4.441287175529968767e-01, 3.713544204733760234e-01, 9.218919958218153854e-02
9.231858479069404710e-02, 4.441354785799170313e-01, 3.713655765553720567e-01, 9.218036007401683718e-02
9.230950824082062578e-02, 4.441422542244170546e-01, 3.713767163007068994e-01, 9.217152123405542019e-02
9.230043274715021839e-02, 4.441490444895699885e-01, 3.713878396951006966e-01, 9.216268306817902711e-02
9.229135831500516474e-02, 4.441558493784338313e-01, 3.713989467242945763e-01, 9.215384558226642764e-02
9.228228494970538986e-02, 4.441626688940514267e-01, 3.714100373740499839e-01, 9.214500878219321345e-02
9.227321265656836247e-02, 4.441695030394502974e-01, 3.714211116301494031e-01, 9.213617267383185372e-02
9.226414144090921976e-02, 4.441763518176430892e-01, 3.714321694783961347e-01, 9.212733726305172288e-02
9.225507130804054545e-02, 4.441832152316267934e-01, 3.714432109046136854e-01, 9.211850255571903123e-02
9.224600226327250851e-02, 4.441900932843835248e-01, 3.714542358946470446e-01, 9.210966855769689432e-02
9.223693431191287706e-02, 4.441969859788801878e-01, 3.714652444343615745e-01, 9.210083527484531907e-02
9.222786745926693508e-02, 4.442038933180686988e-01, 3.714762365096431762e-01, 9.209200271302114826e-02
9.221880171063755183e-02, 4.442108153048855979e-01, 3.714872121063988453e-01, 9.208317087807804668e-02
9.220973707132505692e-02, 4.442177519422520482e-01, 3.714981712105563383e-01, 9.207433977586665375e-02
9.220067354662742076e-02, 4.442247032330746137e-01, 3.715091138080636179e-01, 9.206550941223437534e-02
9.219161114184012962e-02, 4.442316691802441486e-01, 3.715200398848902963e-01, 9.205667979302552262e-02
9.218254986225614400e-02, 4.442386497866368522e-01, 3.715309494270257473e-01, 9.204785092408128422e-02
9.217348971316603745e-02, 4.442456450551134917e-01, 3.715418424204809944e-01, 9.203902281123957363e-02
9.216443069985788550e-02, 4.442526549885195686e-01, 3.715527188512872669e-01, 9.203019546033532061e-02
9.215537282761726567e-02, 4.442596795896859851e-01, 3.715635787054966666e-01, 9.202136887720020753e-02
9.214631610172732690e-02, 4.442667188614279339e-01, 3.715744219691821670e-01, 9.201254306766278035e-02
9.213726052746865069e-02, 4.442737728065456193e-01, 3.715852486284373368e-01, 9.200371803754843480e-02
9.212820611011945937e-02, 4.442808414278244800e-01, 3.715960586693765610e-01, 9.199489379267938860e-02
9.211915285495543559e-02, 4.442879247280346333e-01, 3.716068520781351525e-01, 9.198607033887477857e-02
9.211010076724973628e-02, 4.442950227099307092e-01, 3.716176288408689632e-01, 9.197724768195043865e-02
9.210104985227307584e-02, 4.443021353762529602e-01, 3.716283889437548837e-01, 9.196842582771914965e-02
9.209200011529360130e-02, 4.443092627297259289e-01, 3.716391323729901219e-01, 9.195960478199038945e-02
9.208295156157707273e-02, 4.443164047730592259e-01, 3.716498591147930353e-01, 9.195078455057065225e-02
9.207390419638665502e-02, 4.443235615089475288e-01, 3.716605691554027424e-01, 9.194196513926312930e-02
9.206485802498305671e-02, 4.443307329400703609e-01, 3.716712624810787902e-01, 9.193314655386786161e-02
9.205581305262448832e-02, 4.443379190690919800e-01, 3.716819390781017640e-01, 9.192432880018165664e-02
9.204676928456659302e-02, 4.443451198986618778e-01, 3.716925989327732882e-01, 9.191551188399832428e-02
9.203772672606254368e-02, 4.443523354314141693e-01, 3.717032420314150820e-01, 9.190669581110820496e-02
9.202868538236300133e-02, 4.443595656699682039e-01, 3.717138683603701810e-01, 9.189788058729876641e-02
9.201964525871611511e-02, 4.443668106169278986e-01, 3.717244779060021598e-01, 9.188906621835400690e-02
9.201060636036741125e-02, 4.443740702748822935e-01, 3.717350706546954653e-01, 9.188025271005487160e-02
9.200156869256007064e-02, 4.443813446464054961e-01, 3.717456465928552500e-01, 9.187144006817914155e-02
9.199253226053462351e-02, 4.443886337340565706e-01, 3.717562057069074277e-01, 9.186262829850135037e-02
9.198349706952906046e-02, 4.443959375403792045e-01, 3.717667479832989508e-01, 9.185381740679278428e-02
9.197446312477888797e-02, 4.444032560679024857e-01, 3.717772734084970887e-01, 9.184500739882159315e-02
9.196543043151701735e-02, 4.444105893191400147e-01, 3.717877819689901497e-01, 9.183619828035272104e-02
9.195639899497393133e-02, 4.444179372965907926e-01, 3.717982736512873143e-01, 9.182739005714792013e-02
9.194736882037746195e-02, 4.444253000027384992e-01, 3.718087484419183575e-01, 9.181858273496570910e-02
9.193833991295292940e-02, 4.444326774400518820e-01, 3.718192063274339820e-01, 9.180977631956130369e-02
9.192931227792307258e-02, 4.444400696109845339e-01, 3.718296472944054298e-01, 9.180097081668688042e-02
9.192028592050818792e-02, 4.444474765179755593e-01, 3.718400713294249815e-01, 9.179216623209129899e-02
9.191126084592590728e-02, 4.444548981634482421e-01, 3.718504784191055679e-01, 9.178336257152018562e-02
9.190223705939132293e-02, 4.444623345498116551e-01, 3.718608685500810473e-01, 9.177455984071607176e-02
9.189321456611698746e-02, 4.444697856794592727e-01, 3.718712417090056510e-01, 9.176575804541810266e-02
9.188419337131291387e-02, 4.444772515547698588e-01, 3.718815978825549817e-01, 9.175695719136227335e-02
9.187517348018647834e-02, 4.444847321781073002e-01, 3.718919370574249594e-01, 9.174815728428133144e-02
9.186615489794257294e-02, 4.444922275518201626e-01, 3.719022592203324873e-01, 9.173935832990484651e-02
9.185713762978343910e-02, 4.444997376782423570e-01, 3.719125643580150631e-01, 9.173056033395911302e-02
9.184812168090875084e-02, 4.445072625596925842e-01, 3.719228524572314454e-01, 9.172176330216719187e-02
9.183910705651576745e-02, 4.445148021984748343e-01, 3.719331235047605988e-01, 9.171296724024897984e-02
9.183009376179887551e-02, 4.445223565968776658e-01, 3.719433774874024157e-01, 9.170417215392097365e-02
9.182108180195011626e-02, 4.445299257571754814e-01, 3.719536143919777160e-01, 9.169537804889657528e-02
9.181207118215886642e-02, 4.445375096816268079e-01, 3.719638342053282476e-01, 9.168658493088595318e-02
9.180306190761189367e-02, 4.445451083724760166e-01, 3.719740369143161307e-01, 9.167779280559591737e-02
9.179405398349343992e-02, 4.445527218319518803e-01, 3.719842225058246910e-01, 9.166900167873011374e-02
9.178504741498502706e-02, 4.445603500622687942e-01, 3.719943909667574045e-01, 9.166021155598889913e-02
9.177604220726566508e-02, 4.445679930656256662e-01, 3.720045422840392857e-01, 9.165142244306939689e-02
9.176703836551181048e-02, 4.445756508442070820e-01, 3.720146764446156107e-01, 9.164263434566546906e-02
9.175803589489726908e-02, 4.445833234001822509e-01, 3.720247934354527497e-01, 9.163384726946775805e-02
9.174903480059318217e-02, 4.445910107357056162e-01, 3.720348932435375011e-01, 9.162506122016361720e-02
9.174003508776816529e-02, 4.445987128529167998e-01, 3.720449758558777575e-01, 9.161627620343711087e-02
9.173103676158826658e-02, 4.446064297539402688e-01, 3.720550412595022283e-01, 9.160749222496909761e-02
9.172203982721671700e-02, 4.446141614408861131e-01, 3.720650894414599397e-01, 9.159870929043716081e-02
9.171304428981438828e-02, 4.446219079158487686e-01, 3.720751203888212344e-01, 9.158992740551562262e-02
9.170405015453932107e-02, 4.446296691809083490e-01, 3.720851340886768277e-01, 9.158114657587544671e-02
9.169505742654705804e-02, 4.446374452381299247e-01, 3.720951305281385846e-01, 9.157236680718450206e-02
9.168606611099046344e-02, 4.446452360895635225e-01, 3.721051096943387981e-01, 9.156358810510713264e-02
9.167707621301984799e-02, 4.446530417372447919e-01, 3.721150715744306892e-01, 9.155481047530472649e-02
9.166808773778278852e-02, 4.446608621831938390e-01, 3.721250161555883507e-01, 9.154603392343509116e-02
9.165910069042428054e-02, 4.446686974294163930e-01, 3.721349434250063593e-01, 9.153725845515302273e-02
9.165011507608672447e-02, 4.446765474779030836e-01, 3.721448533699003303e-01, 9.152848407610979231e-02
9.164113089990982841e-02, 4.446844123306298857e-01, 3.721547459775067512e-01, 9.151971079195354852e-02
9.163214816703064980e-02, 4.446922919895577864e-01, 3.721646212350824268e-01, 9.151093860832913707e-02
9.162316688258366482e-02, 4.447001864566330620e-01, 3.721744791299053112e-01, 9.150216753087805910e-02
9.161418705170067123e-02, 4.447080957337868345e-01, 3.721843196492740646e-01, 9.149339756523856837e-02
9.160520867951078838e-02, 4.447160198229356820e-01, 3.721941427805079416e-01, 9.148462871704561572e-02
9.159623177114054049e-02, 4.447239587259813609e-01, 3.722039485109472912e-01, 9.147586099193080744e-02
9.158725633171374558e-02, 4.447319124448107508e-01, 3.722137368279528902e-01, 9.146709439552262733e-02
9.157828236635168206e-02, 4.447398809812958542e-01, 3.722235077189063879e-01, 9.145832893344607584e-02
9.156930988017276951e-02, 4.447478643372939078e-01, 3.722332611712103057e-01, 9.144956461132291992e-02
9.156033887829294338e-02, 4.447558625146474931e-01, 3.722429971722877595e-01, 9.144080143477165135e-02
9.155136936582543294e-02, 4.447638755151841483e-01, 3.722527157095829042e-01, 9.143203940940751451e-02
9.154240134788076133e-02, 4.447719033407167566e-01, 3.722624167705602671e-01, 9.142327854084227046e-02
9.153343482956680099e-02, 4.447799459930433241e-01, 3.722721003427055253e-01, 9.141451883468448836e-02
9.152446981598875986e-02, 4.447880034739472022e-01, 3.722817664135247839e-01, 9.140576029653943446e-02
9.151550631224913968e-02, 4.447960757851967539e-01, 3.722914149705450204e-01, 9.139700293200907211e-02
9.150654432344788869e-02, 4.448041629285460763e-01, 3.723010460013140288e-01, 9.138824674669204784e-02
9.149758385468211019e-02, 4.448122649057338340e-01, 3.723106594934004754e-01, 9.137949174618367754e-02
9.148862491104634009e-02, 4.448203817184843700e-01, 3.723202554343933990e-01, 9.137073793607590477e-02
9.147966749763242200e-02, 4.448285133685071502e-01, 3.723298338119029882e-01, 9.136198532195748123e-02
9.147071161952945173e-02, 4.448366598574968744e-01, 3.723393946135598598e-01, 9.135323390941377242e-02
9.146175728182388831e-02, 4.448448211871336433e-01, 3.723489378270156136e-01, 9.134448370402682704e-02
9.145280448959949848e-02, 4.448529973590825692e-01, 3.723584634399426108e-01, 9.133573471137536315e-02
9.144385324793732894e-02, 4.448611883749942764e-01, 3.723679714400335850e-01, 9.132698693703475423e-02
9.143490356191580348e-02, 4.448693942365045673e-01, 3.723774618150026416e-01, 9.131824038657711251e-02
9.142595543661057034e-02, 4.448776149452344231e-01, 3.723869345525838148e-01, 9.130949506557119177e-02
9.141700887709457157e-02, 4.448858505027903365e-01, 3.723963896405328433e-01, 9.130075097958234576e-02
9.140806388843809860e-02, 4.448941009107638678e-01, 3.724058270666253390e-01, 9.129200813417275018e-02
9.139912047570875053e-02, 4.449023661707320332e-01, 3.724152468186581189e-01, 9.128326653490113907e-02
9.139017864397137869e-02, 4.449106462842572496e-01, 3.724246488844485947e-01, 9.127452618732287415e-02
9.138123839828808659e-02, 4.449189412528867793e-01, 3.724340332518349950e-01, 9.126578709699006975e-02
9.137229974371843810e-02, 4.449272510781538958e-01, 3.724433999086761982e-01, 9.125704926945149564e-02
9.136336268531902727e-02, 4.449355757615764961e-01, 3.724527488428517885e-01, 9.124831271025253543e-02
9.135442722814399175e-02, 4.449439153046585438e-01, 3.724620800422623335e-01, 9.123957742493524203e-02
9.134549337724449936e-02, 4.449522697088885703e-01, 3.724713934948284955e-01, 9.123084341903837935e-02
9.133656113766928930e-02, 4.449606389757409519e-01, 3.724806891884925308e-01, 9.122211069809725570e-02
9.132763051446406155e-02, 4.449690231066752988e-01, 3.724899671112167909e-01, 9.121337926764397364e-02
9.131870151267203195e-02, 4.449774221031364552e-01, 3.724992272509843327e-01, 9.120464913320712463e-02
9.130977413733357140e-02, 4.449858359665548879e-01, 3.725084695957994740e-01, 9.119592030031209440e-02
9.130084839348641401e-02, 4.449942646983461869e-01, 3.725176941336865721e-01, 9.118719277448086857e-02
9.129192428616540733e-02, 4.450027082999112871e-01, 3.725269008526913006e-01, 9.117846656123206051e-02
9.128300182040283151e-02, 4.450111667726366349e-01, 3.725360897408796501e-01, 9.116974166608089736e-02
9.127408100122814949e-02, 4.450196401178942440e-01, 3.725452607863383170e-01, 9.116101809453933114e-02
9.126516183366803481e-02, 4.450281283370409735e-01, 3.725544139771749808e-01, 9.115229585211588603e-02
9.125624432274662134e-02, 4.450366314314198046e-01, 3.725635493015178046e-01, 9.114357494431581108e-02
9.124732847348501763e-02, 4.450451494023585086e-01, 3.725726667475157128e-01, 9.113485537664087199e-02
9.123841429090179256e-02, 4.450536822511703128e-01, 3.725817663033382243e-01, 9.112613715458957320e-02
9.122950178001271171e-02, 4.450622299791544001e-01, 3.725908479571758969e-01, 9.111742028365701906e-02
9.122059094583077898e-02, 4.450707925875946880e-01, 3.725999116972394942e-01, 9.110870476933494166e-02
9.121168179336627824e-02, 4.450793700777611051e-01, 3.726089575117609853e-01, 9.109999061711171464e-02
9.120277432762667613e-02, 4.450879624509086474e-01, 3.726179853889924343e-01, 9.109127783247229770e-02
9.119386855361674704e-02, 4.450965697082777117e-01, 3.726269953172071103e-01, 9.108256642089836153e-02
9.118496447633848978e-02, 4.451051918510945393e-01, 3.726359872846988219e-01, 9.107385638786823223e-02
9.117606210079114148e-02, 4.451138288805704391e-01, 3.726449612797819166e-01, 9.106514773885661385e-02
9.116716143197110822e-02, 4.451224807979022313e-01, 3.726539172907915587e-01, 9.105644047933514340e-02
9.115826247487221479e-02, 4.451311476042723592e-01, 3.726628553060835070e-01, 9.104773461477194685e-02
9.114936523448530226e-02, 4.451398293008486662e-01, 3.726717753140342815e-01, 9.103903015063169457e-02
9.114046971579861656e-02, 4.451485258887845631e-01, 3.726806773030409969e-01, 9.103032709237585118e-02
9.113157592379754479e-02, 4.451572373692185836e-01, 3.726895612615215292e-01, 9.102162544546235634e-02
9.112268386346469851e-02, 4.451659637432751615e-01, 3.726984271779142377e-01, 9.101292521534583291e-02
9.111379353977992757e-02, 4.451747050120641314e-01, 3.727072750406783541e-01, 9.100422640747751757e-02
9.110490495772036179e-02, 4.451834611766807837e-01, 3.727161048382936492e-01, 9.099552902730517756e-02
9.109601812226031381e-02, 4.451922322382057540e-01, 3.727249165592605995e-01, 9.098683308027336047e-02
9.108713303837122355e-02, 4.452010181977056336e-01, 3.727337101921001650e-01, 9.097813857182300568e-02
9.107824971102186640e-02, 4.452098190562318591e-01, 3.727424857253543999e-01, 9.096944550739188839e-02
9.106936814517822831e-02, 4.452186348148221007e-01, 3.727512431475854537e-01, 9.096075389241427278e-02
9.106048834580347806e-02, 4.452274654744992066e-01, 3.727599824473763479e-01, 9.095206373232096742e-02
9.105161031785796721e-02, 4.452363110362714815e-01, 3.727687036133310317e-01, 9.094337503253950572e-02
9.104273406629931342e-02, 4.452451715011330746e-01, 3.727774066340736603e-01, 9.093468779849404882e-02
9.103385959608228939e-02, 4.452540468700633691e-01, 3.727860914982490947e-01, 9.092600203560517735e-02
9.102498691215893389e-02, 4.452629371440277040e-01, 3.727947581945230682e-01, 9.091731774929025234e-02
9.101611601947844077e-02, 4.452718423239764856e-01, 3.728034067115817973e-01, 9.090863494496315145e-02
9.100724692298720053e-02, 4.452807624108461315e-01, 3.728120370381322046e-01, 9.089995362803440782e-02
9.099837962762884203e-02, 4.452896974055584600e-01, 3.728206491629016406e-01, 9.089127380391109901e-02
9.098951413834416302e-02, 4.452986473090206898e-01, 3.728292430746381614e-01, 9.088259547799684701e-02
9.098065046007119960e-02, 4.453076121221261063e-01, 3.728378187621105844e-01, 9.087391865569204030e-02
9.097178859774511517e-02, 4.453165918457532291e-01, 3.728463762141082105e-01, 9.086524334239348688e-02
9.096292855629831142e-02, 4.453255864807661446e-01, 3.728549154194408244e-01, 9.085656954349465020e-02
9.095407034066037288e-02, 4.453345960280148952e-01, 3.728634363669391383e-01, 9.084789726438563529e-02
9.094521395575801137e-02, 4.453436204883346461e-01, 3.728719390454542371e-01, 9.083922651045311936e-02
9.093635940651527416e-02, 4.453526598625466848e-01, 3.728804234438577447e-01, 9.083055728708018528e-02
9.092750669785328033e-02, 4.453617141514577549e-01, 3.728888895510422130e-01, 9.082188959964683506e-02
9.091865583469030399e-02, 4.453707833558601115e-01, 3.728973373559202886e-01, 9.081322345352936531e-02
9.090980682194185758e-02, 4.453798674765317434e-01, 3.729057668474255460e-01, 9.080455885410081140e-02
9.090095966452066412e-02, 4.453889665142363175e-01, 3.729141780145122653e-01, 9.079589580673075311e-02
9.089211436733654614e-02, 4.453980804697231233e-01, 3.729225708461549327e-01, 9.078723431678531464e-02
9.088327093529659229e-02, 4.454072093437273505e-01, 3.729309453313487954e-01, 9.077857438962726178e-02
9.087442937330496295e-02, 4.454163531369692008e-01, 3.729393014591098066e-01, 9.076991603061591862e-02
9.086558968626305688e-02, 4.454255118501556643e-01, 3.729476392184741251e-01, 9.076125924510718146e-02
9.085675187906940009e-02, 4.454346854839781322e-01, 3.729559585984988934e-01, 9.075260403845347712e-02
9.084791595661972918e-02, 4.454438740391146734e-01, 3.729642595882616263e-01, 9.074395041600391565e-02
9.083908192380696356e-02, 4.454530775162287570e-01, 3.729725421768603777e-01, 9.073529838310404050e-02
9.083024978552110829e-02, 4.454622959159691975e-01, 3.729808063534135743e-01, 9.072664794509611996e-02
9.082141954664936512e-02, 4.454715292389710424e-01, 3.729890521070606257e-01, 9.071799910731886962e-02
9.081259121207617413e-02, 4.454807774858549618e-01, 3.729972794269612590e-01, 9.070935187510768827e-02
9.080376478668299167e-02, 4.454900406572269711e-01, 3.730054883022955181e-01, 9.070070625379440810e-02
9.079494027534856793e-02, 4.454993187536794852e-01, 3.730136787222644301e-01, 9.069206224870758615e-02
9.078611768294872486e-02, 4.455086117757898201e-01, 3.730218506760892838e-01, 9.068341986517217124e-02
9.077729701435648113e-02, 4.455179197241218580e-01, 3.730300041530118516e-01, 9.067477910850985090e-02
9.076847827444196881e-02, 4.455272425992248264e-01, 3.730381391422945558e-01, 9.066613998403875996e-02
9.075966146807251667e-02, 4.455365804016335196e-01, 3.730462556332204138e-01, 9.065750249707364705e-02
9.075084660011252524e-02, 4.455459331318690763e-01, 3.730543536150926487e-01, 9.064886665292579138e-02
9.074203367542367504e-02, 4.455553007904377028e-01, 3.730624330772354114e-01, 9.064023245690311370e-02
9.073322269886467673e-02, 4.455646833778322269e-01, 3.730704940089929478e-01, 9.063159991430998208e-02
9.072441367529146539e-02, 4.455740808945305997e-01, 3.730785363997305426e-01, 9.062296903044743390e-02
9.071560660955696465e-02, 4.455834933409968390e-01, 3.730865602388333535e-01, 9.061433981061293996e-02
9.070680150651141971e-02, 4.455929207176805296e-01, 3.730945655157073548e-01, 9.060571226010065427e-02
9.069799837100216144e-02, 4.456023630250173229e-01, 3.731025522197792821e-01, 9.059708638420121973e-02
9.068919720787364802e-02, 4.456118202634288261e-01, 3.731105203404956328e-01, 9.058846218820182372e-02
9.068039802196742327e-02, 4.456212924333221026e-01, 3.731184698673242206e-01, 9.057983967738626740e-02
9.067160081812224159e-02, 4.456307795350901713e-01, 3.731264007897526214e-01, 9.057121885703489639e-02
9.066280560117394305e-02, 4.456402815691120622e-01, 3.731343130972895050e-01, 9.056259973242447581e-02
9.065401237595553663e-02, 4.456497985357524838e-01, 3.731422067794634700e-01, 9.055398230882850952e-02
9.064522114729713087e-02, 4.456593304353619334e-01, 3.731500818258239316e-01, 9.054536659151697642e-02
9.063643192002594773e-02, 4.456688772682771416e-01, 3.731579382259406219e-01, 9.053675258575637208e-02
9.062764469896635033e-02, 4.456784390348201286e-01, 3.731657759694039234e-01, 9.052814029680973651e-02
9.061885948893984299e-02, 4.456880157352992033e-01, 3.731735950458241469e-01, 9.051952972993673741e-02
9.061007629476509895e-02, 4.456976073700086305e-01, 3.731813954448326420e-01, 9.051092089039354527e-02
9.060129512125784934e-02, 4.457072139392282417e-01, 3.731891771560812421e-01, 9.050231378343280564e-02
9.059251597323085547e-02, 4.457168354432238799e-01, 3.731969401692414312e-01, 9.049370841430381951e-02
9.058373885549418636e-02, 4.457264718822473992e-01, 3.732046844740060099e-01, 9.048510478825240455e-02
9.057496377285492728e-02, 4.457361232565366094e-01, 3.732124100600875960e-01, 9.047650291052082572e-02
9.056619073011727694e-02, 4.457457895663151093e-01, 3.732201169172197353e-01, 9.046790278634804505e-02
9.055741973208256135e-02, 4.457554708117922870e-01, 3.732278050351558463e-01, 9.045930442096945800e-02
9.054865078354920604e-02, 4.457651669931634864e-01, 3.732354744036702754e-01, 9.045070781961694895e-02
9.053988388931279163e-02, 4.457748781106106173e-01, 3.732431250125574640e-01, 9.044211298751915484e-02
9.053111905416598437e-02, 4.457846041643006574e-01, 3.732507568516322816e-01, 9.043351992990103505e-02
9.052235628289853619e-02, 4.457943451543870950e-01, 3.732583699107300812e-01, 9.042492865198413499e-02
9.051359558029732633e-02, 4.458041010810092075e-01, 3.732659641797068661e-01, 9.041633915898661389e-02
9.050483695114629190e-02, 4.458138719442922282e-01, 3.732735396484382906e-01, 9.040775145612316155e-02
9.049608040022659450e-02, 4.458236577443474014e-01, 3.732810963068212140e-01, 9.039916554860485953e-02
9.048732593231638421e-02, 4.458334584812718715e-01, 3.732886341447722578e-01, 9.039058144163947262e-02
9.047857355219093844e-02, 4.458432741551491274e-01, 3.732961531522287491e-01, 9.038199914043126837e-02
9.046982326462267576e-02, 4.458531047660479474e-01, 3.733036533191483874e-01, 9.037341865018096165e-02
9.046107507438103101e-02, 4.458629503140238426e-01, 3.733111346355091342e-01, 9.036483997608590890e-02
9.045232898623264961e-02, 4.458728107991181688e-01, 3.733185970913092677e-01, 9.035626312333998322e-02
9.044358500494115161e-02, 4.458826862213579045e-01, 3.733260406765674944e-01, 9.034768809713349114e-02
9.043484313526738150e-02, 4.458925765807564279e-01, 3.733334653813228377e-01, 9.033911490265336686e-02
9.042610338196910291e-02, 4.459024818773130727e-01, 3.733408711956348602e-01, 9.033054354508297801e-02
9.041736574980137331e-02, 4.459124021110131286e-01, 3.733482581095829977e-01, 9.032197402960233379e-02
9.040863024351618316e-02, 4.459223372818283959e-01, 3.733556261132675580e-01, 9.031340636138794620e-02
9.039989686786269185e-02, 4.459322873897157424e-01, 3.733629751968086663e-01, 9.030484054561274676e-02
9.039116562758711670e-02, 4.459422524346192129e-01, 3.733703053503474312e-01, 9.029627658744628083e-02
9.038243652743274681e-02, 4.459522324164682527e-01, 3.733776165640444455e-01, 9.028771449205462429e-02
9.037370957213999856e-02, 4.459622273351784849e-01, 3.733849088280811190e-01, 9.027915426460036974e-02
9.036498476644634625e-02, 4.459722371906518767e-01, 3.733921821326592894e-01, 9.027059591024255703e-02
9.035626211508634986e-02, 4.459822619827761292e-01, 3.733994364680007783e-01, 9.026203943413685371e-02
9.034754162279159950e-02, 4.459923017114252874e-01, 3.734066718243475580e-01, 9.025348484143538852e-02
9.033882329429092362e-02, 4.460023563764595744e-01, 3.734138881919626951e-01, 9.024493213728679297e-02
9.033010713430998651e-02, 4.460124259777251132e-01, 3.734210855611285740e-01, 9.023638132683628466e-02
9.032139314757177406e-02, 4.460225105150542046e-01, 3.734282639221484512e-01, 9.022783241522558395e-02
9.031268133879617743e-02, 4.460326099882653827e-01, 3.734354232653455674e-01, 9.021928540759285853e-02
9.030397171270024281e-02, 4.460427243971633593e-01, 3.734425635810635913e-01, 9.021074030907286212e-02
9.029526427399804656e-02, 4.460528537415388017e-01, 3.734496848596663421e-01, 9.020219712479687901e-02
9.028655902740075068e-02, 4.460629980211684442e-01, 3.734567870915380672e-01, 9.019365585989259915e-02
9.027785597761661673e-02, 4.460731572358158092e-01, 3.734638702670830535e-01, 9.018511651948435404e-02
9.026915512935097807e-02, 4.460833313852299864e-01, 3.734709343767261269e-01, 9.017657910869299187e-02
9.026045648730617044e-02, 4.460935204691463540e-01, 3.734779794109117645e-01, 9.016804363263573874e-02
9.025176005618160135e-02, 4.461037244872866347e-01, 3.734850053601054265e-01, 9.015951009642644842e-02
9.024306584067390280e-02, 4.461139434393585623e-01, 3.734920122147922239e-01, 9.015097850517547751e-02
9.023437384547655649e-02, 4.461241773250561593e-01, 3.734989999654776405e-01, 9.014244886398965761e-02
9.022568407528017143e-02, 4.461344261440598480e-01, 3.735059686026877546e-01, 9.013392117797236480e-02
9.021699653477251168e-02, 4.461446898960357843e-01, 3.735129181169680734e-01, 9.012539545222347792e-02
9.020831122863834373e-02, 4.461549685806370236e-01, 3.735198484988851986e-01, 9.011687169183933699e-02
9.019962816155945029e-02, 4.461652621975022992e-01, 3.735267597390252714e-01, 9.010834990191292360e-02
9.019094733821474141e-02, 4.461755707462567444e-01, 3.735336518279948614e-01, 9.009983008753356948e-02
9.018226876328015729e-02, 4.461858942265118921e-01, 3.735405247564209108e-01, 9.009131225378719243e-02
9.017359244142861274e-02, 4.461962326378652310e-01, 3.735473785149499015e-01, 9.008279640575621305e-02
9.016491837733024706e-02, 4.462065859799009271e-01, 3.735542130942492989e-01, 9.007428254851958249e-02
9.015624657565213251e-02, 4.462169542521888799e-01, 3.735610284850062746e-01, 9.006577068715271306e-02
9.014757704105845482e-02, 4.462273374542860549e-01, 3.735678246779279843e-01, 9.005726082672754762e-02
9.013890977821033268e-02, 4.462377355857347072e-01, 3.735746016637424560e-01, 9.004875297231251796e-02
9.013024479176615089e-02, 4.462481486460642133e-01, 3.735813594331969800e-01, 9.004024712897262805e-02
9.012158208638113011e-02, 4.462585766347898497e-01, 3.735880979770597188e-01, 9.003174330176928752e-02
9.011292166670767378e-02, 4.462690195514134595e-01, 3.735948172861184302e-01, 9.002324149576049206e-02
9.010426353739513228e-02, 4.462794773954227856e-01, 3.736015173511814669e-01, 9.001474171600067076e-02
9.009560770308998323e-02, 4.462899501662923041e-01, 3.736081981630769433e-01, 9.000624396754078327e-02
9.008695416843578996e-02, 4.463004378634827241e-01, 3.736148597126531246e-01, 8.999774825542836143e-02
9.007830293807297939e-02, 4.463109404864409324e-01, 3.736215019907786483e-01, 8.998925458470728722e-02
9.006965401663924453e-02, 4.463214580346004934e-01, 3.736281249883421363e-01, 8.998076296041815358e-02
9.006100740876912814e-02, 4.463319905073810934e-01, 3.736347286962520275e-01, 8.997227338759786197e-02
9.005236311909432800e-02, 4.463425379041885410e-01, 3.736413131054372450e-01, 8.996378587127984439e-02
9.004372115224355821e-02, 4.463531002244155443e-01, 3.736478782068466398e-01, 8.995530041649417441e-02
9.003508151284259076e-02, 4.463636774674411001e-01, 3.736544239914489363e-01, 8.994681702826727576e-02
9.002644420551421389e-02, 4.463742696326299941e-01, 3.736609504502336754e-01, 8.993833571162213048e-02
9.001780923487823216e-02, 4.463848767193341893e-01, 3.736674575742092719e-01, 8.992985647157826501e-02
9.000917660555148025e-02, 4.463954987268918262e-01, 3.736739453544051792e-01, 8.992137931315155597e-02
9.000054632214789241e-02, 4.464061356546268899e-01, 3.736804137818705018e-01, 8.991290424135456316e-02
8.999191838927841913e-02, 4.464167875018509313e-01, 3.736868628476744947e-01, 8.990443126119625206e-02
8.998329281155095782e-02, 4.464274542678606794e-01, 3.736932925429063412e-01, 8.989596037768202152e-02
8.997466959357054705e-02, 4.464381359519401515e-01, 3.736997028586754310e-01, 8.988749159581388426e-02
8.996604873993920004e-02, 4.464488325533594315e-01, 3.737060937861109711e-01, 8.987902492059032800e-02
8.995743025525602954e-02, 4.464595440713752250e-01, 3.737124653163624299e-01, 8.987056035700628775e-02
8.994881414411705356e-02, 4.464702705052306375e-01, 3.737188174405989827e-01, 8.986209791005320136e-02
8.994020041111545904e-02, 4.464810118541553963e-01, 3.737251501500100659e-01, 8.985363758471909268e-02
8.993158906084133819e-02, 4.464917681173652397e-01, 3.737314634358051002e-01, 8.984517938598828024e-02
8.992298009788186886e-02, 4.465025392940629723e-01, 3.737377572892133237e-01, 8.983672331884182127e-02
8.991437352682125905e-02, 4.465133253834375204e-01, 3.737440317014840141e-01, 8.982826938825709540e-02
8.990576935224076083e-02, 4.465241263846645436e-01, 3.737502866638866550e-01, 8.981981759920804054e-02
8.989716757871857311e-02, 4.465349422969059900e-01, 3.737565221677103255e-01, 8.981136795666511130e-02
8.988856821083003601e-02, 4.465457731193104296e-01, 3.737627382042643664e-01, 8.980292046559518182e-02
8.987997125314736713e-02, 4.465566188510129986e-01, 3.737689347648778804e-01, 8.979447513096167066e-02
8.987137671023993912e-02, 4.465674794911353440e-01, 3.737751118409002871e-01, 8.978603195772451306e-02
8.986278458667407154e-02, 4.465783550387856238e-01, 3.737812694237002686e-01, 8.977759095084009155e-02
8.985419488701311408e-02, 4.465892454930585620e-01, 3.737874075046671019e-01, 8.976915211526127758e-02
8.984560761581743271e-02, 4.466001508530355046e-01, 3.737935260752097144e-01, 8.976071545593747314e-02
8.983702277764446520e-02, 4.466110711177840864e-01, 3.737996251267569625e-01, 8.975228097781451364e-02
8.982844037704856843e-02, 4.466220062863590079e-01, 3.738057046507575754e-01, 8.974384868583482056e-02
8.981986041858124048e-02, 4.466329563578013140e-01, 3.738117646386803217e-01, 8.973541858493724876e-02
8.981128290679088466e-02, 4.466439213311383938e-01, 3.738178050820136766e-01, 8.972699068005708656e-02
8.980270784622294833e-02, 4.466549012053844248e-01, 3.738238259722663215e-01, 8.971856497612619441e-02
8.979413524141993674e-02, 4.466658959795405393e-01, 3.738298273009665329e-01, 8.971014147807294947e-02
8.978556509692132981e-02, 4.466769056525939918e-01, 3.738358090596625716e-01, 8.970172019082216230e-02
8.977699741726359595e-02, 4.466879302235186588e-01, 3.738417712399225712e-01, 8.969330111929504912e-02
8.976843220698030312e-02, 4.466989696912756491e-01, 3.738477138333344274e-01, 8.968488426840952321e-02
8.975986947060195231e-02, 4.467100240548118606e-01, 3.738536368315062419e-01, 8.967646964307979252e-02
8.975130921265606077e-02, 4.467210933130615902e-01, 3.738595402260654899e-01, 8.966805724821670653e-02
8.974275143766724527e-02, 4.467321774649454791e-01, 3.738654240086599079e-01, 8.965964708872753430e-02
8.973419615015694462e-02, 4.467432765093705127e-01, 3.738712881709565505e-01, 8.965123916951593663e-02
8.972564335464376650e-02, 4.467543904452309644e-01, 3.738771327046429005e-01, 8.964283349548225754e-02
8.971709305564339043e-02, 4.467655192714074519e-01, 3.738829576014260914e-01, 8.963443007152320507e-02
8.970854525766820686e-02, 4.467766629867672146e-01, 3.738887628530325746e-01, 8.962602890253197618e-02
8.969999996522792785e-02, 4.467878215901643912e-01, 3.738945484512092299e-01, 8.961762999339829838e-02
8.969145718282910129e-02, 4.467989950804398536e-01, 3.739003143877225321e-01, 8.960923334900844361e-02
8.968291691497533302e-02, 4.468101834564209285e-01, 3.739060606543587184e-01, 8.960083897424497845e-02
8.967437916616721738e-02, 4.468213867169220643e-01, 3.739117872429236766e-01, 8.959244687398719431e-02
8.966584394090233723e-02, 4.468326048607437206e-01, 3.739174941452433898e-01, 8.958405705311067724e-02
8.965731124367527782e-02, 4.468438378866739225e-01, 3.739231813531631587e-01, 8.957566951648761322e-02
8.964878107897766846e-02, 4.468550857934870391e-01, 3.739288488585485459e-01, 8.956728426898663553e-02
8.964025345129821021e-02, 4.468663485799443391e-01, 3.739344966532846537e-01, 8.955890131547290800e-02
8.963172836512235675e-02, 4.468776262447936021e-01, 3.739401247292760688e-01, 8.955052066080798623e-02
8.962320582493278620e-02, 4.468889187867696178e-01, 3.739457330784475841e-01, 8.954214230985003964e-02
8.961468583520913744e-02, 4.469002262045940199e-01, 3.739513216927433104e-01, 8.953376626745362943e-02
8.960616840042795461e-02, 4.469115484969748420e-01, 3.739568905641273977e-01, 8.952539253846980571e-02
8.959765352506286751e-02, 4.469228856626075164e-01, 3.739624396845835363e-01, 8.951702112774620468e-02
8.958914121358448057e-02, 4.469342377001735978e-01, 3.739679690461151229e-01, 8.950865204012682652e-02
8.958063147046041452e-02, 4.469456046083420397e-01, 3.739734786407454270e-01, 8.950028528045225751e-02
8.957212430015520921e-02, 4.469569863857684178e-01, 3.739789684605169251e-01, 8.949192085355948956e-02
8.956361970713053178e-02, 4.469683830310950956e-01, 3.739844384974925218e-01, 8.948355876428200351e-02
8.955511769584489912e-02, 4.469797945429510588e-01, 3.739898887437541619e-01, 8.947519901744986626e-02
8.954661827075392766e-02, 4.469912209199526365e-01, 3.739953191914038300e-01, 8.946684161788956424e-02
8.953812143631018072e-02, 4.470026621607026684e-01, 3.740007298325629947e-01, 8.945848657042405894e-02
8.952962719696326566e-02, 4.470141182637910604e-01, 3.740061206593728871e-01, 8.945013387987278686e-02
8.952113555715972282e-02, 4.470255892277943954e-01, 3.740114916639942222e-01, 8.944178355105174283e-02
8.951264652134305333e-02, 4.470370750512762115e-01, 3.740168428386075328e-01, 8.943343558877334121e-02
8.950416009395387174e-02, 4.470485757327869458e-01, 3.740221741754126694e-01, 8.942508999784655466e-02
8.949567627942968395e-02, 4.470600912708639352e-01, 3.740274856666295777e-01, 8.941674678307669211e-02
8.948719508220505381e-02, 4.470716216640316931e-01, 3.740327773044974657e-01, 8.940840594926575957e-02
8.947871650671149202e-02, 4.470831669108011885e-01, 3.740380490812753589e-01, 8.940006750121208545e-02
8.947024055737744230e-02, 4.470947270096705117e-01, 3.740433009892414340e-01, 8.939173144371051483e-02
8.946176723862847568e-02, 4.471063019591247079e-01, 3.740485330206941850e-01, 8.938339778155250659e-02
8.945329655488706844e-02, 4.471178917576358880e-01, 3.740537451679511460e-01, 8.937506651952584202e-02
8.944482851057272699e-02, 4.471294964036629516e-01, 3.740589374233495024e-01, 8.936673766241486072e-02
8.943636311010180751e-02, 4.471411158956517529e-01, 3.740641097792460901e-01, 8.935841121500037731e-02
8.942790035788786285e-02, 4.471527502320351011e-01, 3.740692622280173407e-01, 8.935008718205973699e-02
8.941944025834130949e-02, 4.471643994112329823e-01, 3.740743947620588927e-01, 8.934176556836670446e-02
8.941098281586959406e-02, 4.471760634316522265e-01, 3.740795073737866461e-01, 8.933344637869156113e-02
8.940252803487705457e-02, 4.471877422916865075e-01, 3.740846000556353190e-01, 8.932512961780111893e-02
8.939407591976511469e-02, 4.471994359897168425e-01, 3.740896728000592808e-01, 8.931681529045856771e-02
8.938562647493220048e-02, 4.472111445241110372e-01, 3.740947255995329956e-01, 8.930850340142378052e-02
8.937717970477365714e-02, 4.472228678932239632e-01, 3.740997584465495795e-01, 8.930019395545285565e-02
8.936873561368183227e-02, 4.472346060953973912e-01, 3.741047713336221880e-01, 8.929188695729861625e-02
8.936029420604604812e-02, 4.472463591289603801e-01, 3.741097642532832945e-01, 8.928358241171020782e-02
8.935185548625264318e-02, 4.472581269922290548e-01, 3.741147371980850234e-01, 8.927528032343336195e-02
8.934341945868491675e-02, 4.472699096835061061e-01, 3.741196901605987613e-01, 8.926698069721025752e-02
8.933498612772318437e-02, 4.472817072010818462e-01, 3.741246231334154904e-01, 8.925868353777963171e-02
8.932655549774462522e-02, 4.472935195432334310e-01, 3.741295361091454552e-01, 8.925038884987655796e-02
8.931812757312354578e-02, 4.473053467082252488e-01, 3.741344290804184403e-01, 8.924209663823273742e-02
8.930970235823122716e-02, 4.473171886943083653e-01, 3.741393020398841029e-01, 8.923380690757631850e-02
8.930127985743574470e-02, 4.473290454997215781e-01, 3.741441549802106969e-01, 8.922551966263195244e-02
8.929286007510242595e-02, 4.473409171226901959e-01, 3.741489878940866265e-01, 8.921723490812072388e-02
8.928444301559336493e-02, 4.473528035614268705e-01, 3.741538007742194472e-01, 8.920895264876031738e-02
8.927602868326779684e-02, 4.473647048141315419e-01, 3.741585936133359214e-01, 8.920067288926473992e-02
8.926761708248173721e-02, 4.473766208789911047e-01, 3.741633664041825180e-01, 8.919239563434466778e-02
8.925920821758841217e-02, 4.473885517541795753e-01, 3.741681191395248574e-01, 8.918412088870711352e-02
8.925080209293785594e-02, 4.474004974378583133e-01, 3.741728518121481550e-01, 8.917584865705571739e-02
8.924239871287714676e-02, 4.474124579281754666e-01, 3.741775644148568336e-01, 8.916757894409051144e-02
8.923399808175033754e-02, 4.474244332232668597e-01, 3.741822569404747445e-01, 8.915931175450807211e-02
8.922560020389848356e-02, 4.474364233212549946e-01, 3.741869293818451681e-01, 8.915104709300145092e-02
8.921720508365951763e-02, 4.474484282202499941e-01, 3.741915817318303694e-01, 8.914278496426011889e-02
8.920881272536848594e-02, 4.474604479183489358e-01, 3.741962139833125423e-01, 8.913452537297018863e-02
8.920042313335731221e-02, 4.474724824136359080e-01, 3.742008261291925875e-01, 8.912626832381413677e-02
8.919203631195497806e-02, 4.474845317041827308e-01, 3.742054181623911679e-01, 8.911801382147101214e-02
8.918365226548738423e-02, 4.474965957880480127e-01, 3.742099900758483200e-01, 8.910976187061633857e-02
8.917527099827739223e-02, 4.475086746632778723e-01, 3.742145418625226760e-01, 8.910151247592204560e-02
8.916689251464493537e-02, 4.475207683279052162e-01, 3.742190735153931858e-01, 8.909326564205667653e-02
8.915851681890679670e-02, 4.475328767799508500e-01, 3.742235850274570064e-01, 8.908502137368522200e-02
8.915014391537681715e-02, 4.475450000174223675e-01, 3.742280763917315567e-01, 8.907677967546911990e-02
8.914177380836579845e-02, 4.475571380383147613e-01, 3.742325476012530183e-01, 8.906854055206640808e-02
8.913340650218148919e-02, 4.475692908406102566e-01, 3.742369986490766687e-01, 8.906030400813153003e-02
8.912504200112865427e-02, 4.475814584222786441e-01, 3.742414295282773251e-01, 8.905207004831543205e-02
8.911668030950901931e-02, 4.475936407812763362e-01, 3.742458402319490673e-01, 8.904383867726556323e-02
8.910832143162125685e-02, 4.476058379155477551e-01, 3.742502307532050154e-01, 8.903560989962591710e-02
8.909996537176108344e-02, 4.476180498230243887e-01, 3.742546010851775518e-01, 8.902738372003690670e-02
8.909161213422107928e-02, 4.476302765016249574e-01, 3.742589512210185432e-01, 8.901916014313553116e-02
8.908326172329095183e-02, 4.476425179492554696e-01, 3.742632811538985083e-01, 8.901093917355518137e-02
8.907491414325717505e-02, 4.476547741638092770e-01, 3.742675908770076720e-01, 8.900272081592577877e-02
8.906656939840343346e-02, 4.476670451431674636e-01, 3.742718803835552999e-01, 8.899450507487380313e-02
8.905822749301017804e-02, 4.476793308851979569e-01, 3.742761496667697529e-01, 8.898629195502218148e-02
8.904988843135500098e-02, 4.476916313877561393e-01, 3.742803987198984328e-01, 8.897808146099032978e-02
8.904155221771235806e-02, 4.477039466486852359e-01, 3.742846275362082809e-01, 8.896987359739418066e-02
8.903321885635367972e-02, 4.477162766658152049e-01, 3.742888361089850013e-01, 8.896166836884616957e-02
8.902488835154744040e-02, 4.477286214369638473e-01, 3.742930244315335053e-01, 8.895346577995519310e-02
8.901656070755900596e-02, 4.477409809599359747e-01, 3.742971924971782993e-01, 8.894526583532666453e-02
8.900823592865081402e-02, 4.477533552325242971e-01, 3.743013402992623195e-01, 8.893706853956261094e-02
8.899991401908216582e-02, 4.477657442525085352e-01, 3.743054678311479866e-01, 8.892887389726132630e-02
8.899159498310939276e-02, 4.477781480176559747e-01, 3.743095750862168170e-01, 8.892068191301781555e-02
8.898327882498582864e-02, 4.477905665257213008e-01, 3.743136620578693119e-01, 8.891249259142347539e-02
8.897496554896172638e-02, 4.478029997744468194e-01, 3.743177287395252351e-01, 8.890430593706621920e-02
8.896665515928429968e-02, 4.478154477615619578e-01, 3.743217751246231684e-01, 8.889612195453049093e-02
8.895834766019780626e-02, 4.478279104847839864e-01, 3.743258012066209561e-01, 8.888794064839727893e-02
8.895004305594342298e-02, 4.478403879418174083e-01, 3.743298069789953719e-01, 8.887976202324394948e-02
8.894174135075927357e-02, 4.478528801303539586e-01, 3.743337924352423962e-01, 8.887158608364442713e-02
8.893344254888049805e-02, 4.478653870480736598e-01, 3.743377575688767722e-01, 8.886341283416916703e-02
8.892514665453925271e-02, 4.478779086926431008e-01, 3.743417023734326721e-01, 8.885524227938511321e-02
8.891685367196452972e-02, 4.478904450617168242e-01, 3.743456268424628641e-01, 8.884707442385571252e-02
8.890856360538244851e-02, 4.479029961529371606e-01, 3.743495309695393791e-01, 8.883890927214098399e-02
8.890027645901601994e-02, 4.479155619639335062e-01, 3.743534147482531216e-01, 8.883074682879731065e-02
8.889199223708516007e-02, 4.479281424923228228e-01, 3.743572781722143139e-01, 8.882258709837767552e-02
8.888371094380691229e-02, 4.479407377357099707e-01, 3.743611212350516637e-01, 8.881443008543155049e-02
8.887543258339515584e-02, 4.479533476916868762e-01, 3.743649439304129745e-01, 8.880627579450489639e-02
8.886715716006084176e-02, 4.479659723578335861e-01, 3.743687462519653675e-01, 8.879812423014020462e-02
8.885888467801184021e-02, 4.479786117317171024e-01, 3.743725281933946714e-01, 8.878997539687653873e-02
8.885061514145295436e-02, 4.479912658108924917e-01, 3.743762897484053109e-01, 8.878182929924929856e-02
8.884234855458605917e-02, 4.480039345929021088e-01, 3.743800309107213065e-01, 8.877368594179055328e-02
8.883408492160989323e-02, 4.480166180752762073e-01, 3.743837516740850524e-01, 8.876554532902881933e-02
8.882582424672025301e-02, 4.480293162555323283e-01, 3.743874520322582611e-01, 8.875740746548911597e-02
8.881756653410988189e-02, 4.480420291311758563e-01, 3.743911319790214076e-01, 8.874927235569296524e-02
8.880931178796847014e-02, 4.480547566996995190e-01, 3.743947915081734523e-01, 8.874114000415844750e-02
8.880106001248272429e-02, 4.480674989585840540e-01, 3.743984306135330620e-01, 8.873301041540013201e-02
8.879281121183621450e-02, 4.480802559052975420e-01, 3.744020492889370555e-01, 8.872488359392909085e-02
8.878456539020967986e-02, 4.480930275372960736e-01, 3.744056475282414587e-01, 8.871675954425289889e-02
8.877632255178059817e-02, 4.481058138520226386e-01, 3.744092253253210600e-01, 8.870863827087567544e-02
8.876808270072364393e-02, 4.481186148469089026e-01, 3.744127826740694109e-01, 8.870051977829801482e-02
8.875984584121025811e-02, 4.481314305193734304e-01, 3.744163195683991030e-01, 8.869240407101702806e-02
8.875161197740906449e-02, 4.481442608668229077e-01, 3.744198360022415462e-01, 8.868429115352645387e-02
8.874338111348545333e-02, 4.481571058866515300e-01, 3.744233319695466355e-01, 8.867618103031638110e-02
8.873515325360187278e-02, 4.481699655762410583e-01, 3.744268074642835287e-01, 8.866807370587348469e-02
8.872692840191782893e-02, 4.481828399329614854e-01, 3.744302624804397572e-01, 8.865996918468102561e-02
8.871870656258964982e-02, 4.481957289541698697e-01, 3.744336970120218933e-01, 8.865186747121864275e-02
8.871048773977073532e-02, 4.482086326372113350e-01, 3.744371110530552715e-01, 8.864376856996260268e-02
8.870227193761147377e-02, 4.482215509794190145e-01, 3.744405045975840451e-01, 8.863567248538564702e-02
8.869405916025910330e-02, 4.482344839781130519e-01, 3.744438776396708524e-01, 8.862757922195704796e-02
8.868584941185794768e-02, 4.482474316306022666e-01, 3.744472301733972053e-01, 8.861948878414259434e-02
8.867764269654931919e-02, 4.482603939341824328e-01, 3.744505621928636008e-01, 8.861140117640463332e-02
8.866943901847140763e-02, 4.482733708861376676e-01, 3.744538736921890210e-01, 8.860331640320197322e-02
8.866123838175940519e-02, 4.482863624837396532e-01, 3.744571646655110997e-01, 8.859523446898992516e-02
8.865304079054556197e-02, 4.482993687242476932e-01, 3.744604351069864001e-01, 8.858715537822042796e-02
8.864484624895896392e-02, 4.483123896049092671e-01, 3.744636850107899151e-01, 8.857907913534186772e-02
8.863665476112582431e-02, 4.483254251229594201e-01, 3.744669143711156778e-01, 8.857100574479914723e-02
8.862846633116916450e-02, 4.483384752756210401e-01, 3.744701231821760956e-01, 8.856293521103374144e-02
8.862028096320910542e-02, 4.483515400601049139e-01, 3.744733114382022832e-01, 8.855486753848360038e-02
8.861209866136275648e-02, 4.483646194736097268e-01, 3.744764791334441734e-01, 8.854680273158330173e-02
8.860391942974406299e-02, 4.483777135133218961e-01, 3.744796262621702954e-01, 8.853874079476377335e-02
8.859574327246404202e-02, 4.483908221764157931e-01, 3.744827528186676080e-01, 8.853068173245262629e-02
8.858757019363069918e-02, 4.484039454600534103e-01, 3.744858587972418884e-01, 8.852262554907390502e-02
8.857940019734902859e-02, 4.484170833613850271e-01, 3.744889441922176210e-01, 8.851457224904830945e-02
8.857123328772088799e-02, 4.484302358775485442e-01, 3.744920089979376643e-01, 8.850652183679290352e-02
8.856306946884522080e-02, 4.484434030056697051e-01, 3.744950532087635842e-01, 8.849847431672139275e-02
8.855490874481788954e-02, 4.484565847428624297e-01, 3.744980768190757092e-01, 8.849042969324397157e-02
8.854675111973177304e-02, 4.484697810862283696e-01, 3.745010798232724647e-01, 8.848238797076742046e-02
8.853859659767666923e-02, 4.484829920328570751e-01, 3.745040622157713717e-01, 8.847434915369493946e-02
8.853044518273944785e-02, 4.484962175798260509e-01, 3.745070239910081589e-01, 8.846631324642635630e-02
8.852229687900384225e-02, 4.485094577242008662e-01, 3.745099651434372068e-01, 8.845828025335805700e-02
8.851415169055064369e-02, 4.485227124630349338e-01, 3.745128856675315476e-01, 8.845025017888288876e-02
8.850600962145757644e-02, 4.485359817933696758e-01, 3.745157855577825323e-01, 8.844222302739020158e-02
8.849787067579940880e-02, 4.485492657122344129e-01, 3.745186648087002190e-01, 8.843419880326607030e-02
8.848973485764777269e-02, 4.485625642166463645e-01, 3.745215234148129846e-01, 8.842617751089286438e-02
8.848160217107138570e-02, 4.485758773036111480e-01, 3.745243613706679686e-01, 8.841815915464963649e-02
8.847347262013589841e-02, 4.485892049701219464e-01, 3.745271786708302408e-01, 8.841014373891192824e-02
8.846534620890392220e-02, 4.486025472131601188e-01, 3.745299753098840223e-01, 8.840213126805189503e-02
8.845722294143508468e-02, 4.486159040296949785e-01, 3.745327512824317417e-01, 8.839412174643812570e-02
8.844910282178601590e-02, 4.486292754166840702e-01, 3.745355065830940355e-01, 8.838611517843587839e-02
8.844098585401020951e-02, 4.486426613710726152e-01, 3.745382412065104138e-01, 8.837811156840676141e-02
8.843287204215825870e-02, 4.486560618897942887e-01, 3.745409551473383170e-01, 8.837011092070913565e-02
8.842476139027768967e-02, 4.486694769697705532e-01, 3.745436484002538924e-01, 8.836211323969779541e-02
8.841665390241298939e-02, 4.486829066079109363e-01, 3.745463209599520504e-01, 8.835411852972405167e-02
8.840854958260571661e-02, 4.486963508011131974e-01, 3.745489728211452429e-01, 8.834612679513585698e-02
8.840044843489427984e-02, 4.487098095462629943e-01, 3.745516039785651285e-01, 8.833813804027763894e-02
8.839235046331414547e-02, 4.487232828402341056e-01, 3.745542144269612961e-01, 8.833015226949036958e-02
8.838425567189778231e-02, 4.487367706798888189e-01, 3.745568041611018195e-01, 8.832216948711162086e-02
8.837616406467459218e-02, 4.487502730620768210e-01, 3.745593731757730915e-01, 8.831418969747549530e-02
8.836807564567096540e-02, 4.487637899836364186e-01, 3.745619214657801010e-01, 8.830621290491259823e-02
8.835999041891032246e-02, 4.487773214413939282e-01, 3.745644490259455450e-01, 8.829823911375013490e-02
8.835190838841298910e-02, 4.487908674321637870e-01, 3.745669558511113828e-01, 8.829026832831188276e-02
8.834382955819632122e-02, 4.488044279527485525e-01, 3.745694419361370597e-01, 8.828230055291806655e-02
8.833575393227469097e-02, 4.488180029999390142e-01, 3.745719072759006729e-01, 8.827433579188562196e-02
8.832768151465941742e-02, 4.488315925705139708e-01, 3.745743518652986936e-01, 8.826637404952786259e-02
8.831961230935875262e-02, 4.488451966612407307e-01, 3.745767756992458009e-01, 8.825841533015486851e-02
8.831154632037806207e-02, 4.488588152688743893e-01, 3.745791787726745481e-01, 8.825045963807301441e-02
8.830348355171953323e-02, 4.488724483901583295e-01, 3.745815610805365292e-01, 8.824250697758545536e-02
8.829542400738255026e-02, 4.488860960218246099e-01, 3.745839226178010462e-01, 8.823455735299182146e-02
8.828736769136326379e-02, 4.488997581605927434e-01, 3.745862633794557750e-01, 8.822661076858823170e-02
8.827931460765492400e-02, 4.489134348031709743e-01, 3.745885833605064330e-01, 8.821866722866750221e-02
8.827126476024781121e-02, 4.489271259462556674e-01, 3.745908825559775557e-01, 8.821072673751893800e-02
8.826321815312906938e-02, 4.489408315865313637e-01, 3.745931609609112201e-01, 8.820278929942837465e-02
8.825517479028296974e-02, 4.489545517206710024e-01, 3.745954185703678774e-01, 8.819485491867827542e-02
8.824713467569061942e-02, 4.489682863453354211e-01, 3.745976553794264086e-01, 8.818692359954762028e-02
8.823909781333026670e-02, 4.489820354571741889e-01, 3.745998713831836802e-01, 8.817899534631197522e-02
8.823106420717703735e-02, 4.489957990528248843e-01, 3.746020665767545443e-01, 8.817107016324345070e-02
8.822303386120312896e-02, 4.490095771289134841e-01, 3.746042409552725050e-01, 8.816314805461071546e-02
8.821500677937767210e-02, 4.490233696820542519e-01, 3.746063945138889961e-01, 8.815522902467906596e-02
8.820698296566678587e-02, 4.490371767088496280e-01, 3.746085272477731598e-01, 8.814731307771037083e-02
8.819896242403364728e-02, 4.490509982058905614e-01, 3.746106391521129564e-01, 8.813940021796295987e-02
8.819094515843831084e-02, 4.490648341697559554e-01, 3.746127302221138877e-01, 8.813149044969177670e-02
8.818293117283795834e-02, 4.490786845970136665e-01, 3.746148004529998854e-01, 8.812358377714843427e-02
8.817492047118669074e-02, 4.490925494842194499e-01, 3.746168498400128111e-01, 8.811568020458099282e-02
8.816691305743561136e-02, 4.491064288279175143e-01, 3.746188783784127341e-01, 8.810777973623415416e-02
8.815890893553278429e-02, 4.491203226246403002e-01, 3.746208860634778204e-01, 8.809988237634919228e-02
8.815090810942330379e-02, 4.491342308709089237e-01, 3.746228728905039440e-01, 8.809198812916387011e-02
8.814291058304932203e-02, 4.491481535632326216e-01, 3.746248388548054642e-01, 8.808409699891263378e-02
8.813491636034986865e-02, 4.491620906981091399e-01, 3.746267839517146148e-01, 8.807620898982650159e-02
8.812692544526098959e-02, 4.491760422720246226e-01, 3.746287081765815041e-01, 8.806832410613298079e-02
8.811893784171580257e-02, 4.491900082814534456e-01, 3.746306115247744484e-01, 8.806044235205624793e-02
8.811095355364438608e-02, 4.492039887228588269e-01, 3.746324939916796382e-01, 8.805256373181705176e-02
8.810297258497383488e-02, 4.492179835926921050e-01, 3.746343555727015273e-01, 8.804468824963264384e-02
8.809499493962817673e-02, 4.492319928873929613e-01, 3.746361962632620557e-01, 8.803681590971688953e-02
8.808702062152844181e-02, 4.492460166033895308e-01, 3.746380160588017039e-01, 8.802894671628033740e-02
8.807904963459277370e-02, 4.492600547370989017e-01, 3.746398149547783829e-01, 8.802108067353002496e-02
8.807108198273619348e-02, 4.492741072849260608e-01, 3.746415929466682115e-01, 8.801321778566950638e-02
8.806311766987083567e-02, 4.492881742432647263e-01, 3.746433500299654606e-01, 8.800535805689913005e-02
8.805515669990565675e-02, 4.493022556084970143e-01, 3.746450862001817206e-01, 8.799750149141560840e-02
8.804719907674680990e-02, 4.493163513769935502e-01, 3.746468014528472334e-01, 8.798964809341240645e-02
8.803924480429738131e-02, 4.493304615451135242e-01, 3.746484957835096163e-01, 8.798179786707949201e-02
8.803129388645737630e-02, 4.493445861092046356e-01, 3.746501691877344720e-01, 8.797395081660343286e-02
8.802334632712389972e-02, 4.493587250656030929e-01, 3.746518216611055552e-01, 8.796610694616745219e-02
8.801540213019107273e-02, 4.493728784106336138e-01, 3.746534531992241068e-01, 8.795826625995126213e-02
8.800746129954996333e-02, 4.493870461406093697e-01, 3.746550637977094089e-01, 8.795042876213128580e-02
8.799952383908866971e-02, 4.494012282518323187e-01, 3.746566534521987291e-01, 8.794259445688040744e-02
8.799158975269225080e-02, 4.494154247405927616e-01, 3.746582221583467098e-01, 8.793476334836820840e-02
8.798365904424289285e-02, 4.494296356031696749e-01, 3.746597699118265901e-01, 8.792693544076088386e-02
8.797573171761960409e-02, 4.494438608358304887e-01, 3.746612967083287060e-01, 8.791911073822113176e-02
8.796780777669858942e-02, 4.494581004348314202e-01, 3.746628025435615461e-01, 8.791128924490834717e-02
8.795988722535300064e-02, 4.494723543964173063e-01, 3.746642874132511958e-01, 8.790347096497845569e-02
8.795197006745286705e-02, 4.494866227168213824e-01, 3.746657513131418926e-01, 8.789565590258399674e-02
8.794405630686544240e-02, 4.495009053922654485e-01, 3.746671942389948606e-01, 8.788784406187413745e-02
8.793614594745484403e-02, 4.495152024189603135e-01, 3.746686161865901421e-01, 8.788003544699464487e-02
8.792823899308226110e-02, 4.495295137931051288e-01, 3.746700171517246547e-01, 8.787223006208789988e-02
8.792033544760584352e-02, 4.495438395108877216e-01, 3.746713971302136903e-01, 8.786442791129284169e-02
8.791243531488081298e-02, 4.495581795684845394e-01, 3.746727561178896382e-01, 8.785662899874505105e-02
8.790453859875935194e-02, 4.495725339620608718e-01, 3.746740941106030398e-01, 8.784883332857672256e-02
8.789664530309075630e-02, 4.495869026877704622e-01, 3.746754111042220892e-01, 8.784104090491669237e-02
8.788875543172117166e-02, 4.496012857417559516e-01, 3.746767070946323552e-01, 8.783325173189032720e-02
8.788086898849392647e-02, 4.496156831201487125e-01, 3.746779820777377257e-01, 8.782546581361966309e-02
8.787298597724921279e-02, 4.496300948190684599e-01, 3.746792360494589635e-01, 8.781768315422333604e-02
8.786510640182436382e-02, 4.496445208346239175e-01, 3.746804690057350395e-01, 8.780990375781659585e-02
8.785723026605372910e-02, 4.496589611629124850e-01, 3.746816809425225214e-01, 8.780212762851132002e-02
8.784935757376852172e-02, 4.496734158000202930e-01, 3.746828718557952964e-01, 8.779435477041598601e-02
8.784148832879716540e-02, 4.496878847420220371e-01, 3.746840417415451263e-01, 8.778658518763568508e-02
8.783362253496498906e-02, 4.497023679849815325e-01, 3.746851905957813145e-01, 8.777881888427215007e-02
8.782576019609436568e-02, 4.497168655249509928e-01, 3.746863184145308723e-01, 8.777105586442372764e-02
8.781790131600474003e-02, 4.497313773579716956e-01, 3.746874251938381861e-01, 8.776329613218541992e-02
8.781004589851246211e-02, 4.497459034800734279e-01, 3.746885109297652949e-01, 8.775553969164874568e-02
8.780219394743103700e-02, 4.497604438872750965e-01, 3.746895756183921122e-01, 8.774778654690194857e-02
8.779434546657093053e-02, 4.497749985755837843e-01, 3.746906192558154269e-01, 8.774003670202988603e-02
8.778650045973958316e-02, 4.497895675409961935e-01, 3.746916418381502356e-01, 8.773229016111400158e-02
8.777865893074157655e-02, 4.498041507794972027e-01, 3.746926433615287988e-01, 8.772454692823238032e-02
8.777082088337843924e-02, 4.498187482870610321e-01, 3.746936238221008075e-01, 8.771680700745977666e-02
8.776298632144871603e-02, 4.498333600596501336e-01, 3.746945832160336609e-01, 8.770907040286750334e-02
8.775515524874800966e-02, 4.498479860932164676e-01, 3.746955215395119110e-01, 8.770133711852358405e-02
8.774732766906896686e-02, 4.498626263837003925e-01, 3.746964387887379844e-01, 8.769360715849267018e-02
8.773950358620122292e-02, 4.498772809270312756e-01, 3.746973349599315717e-01, 8.768588052683594369e-02
8.773168300393144325e-02, 4.498919497191272709e-01, 3.746982100493299606e-01, 8.767815722761132524e-02
8.772386592604339284e-02, 4.499066327558955969e-01, 3.746990640531876471e-01, 8.767043726487333544e-02
8.771605235631778352e-02, 4.499213300332322030e-01, 3.746998969677768354e-01, 8.766272064267315034e-02
8.770824229853237120e-02, 4.499360415470221031e-01, 3.747007087893868826e-01, 8.765500736505855983e-02
8.770043575646201128e-02, 4.499507672931390423e-01, 3.747014995143247429e-01, 8.764729743607403700e-02
8.769263273387854773e-02, 4.499655072674459411e-01, 3.747022691389149673e-01, 8.763959085976064101e-02
8.768483323455077139e-02, 4.499802614657941180e-01, 3.747030176594989825e-01, 8.763188764015611421e-02
8.767703726224472527e-02, 4.499950298840244556e-01, 3.747037450724359786e-01, 8.762418778129486829e-02
8.766924482072327440e-02, 4.500098125179665676e-01, 3.747044513741022986e-01, 8.761649128720785940e-02
8.766145591374639723e-02, 4.500246093634389100e-01, 3.747051365608919382e-01, 8.760879816192278235e-02
8.765367054507115785e-02, 4.500394204162490031e-01, 3.747058006292158794e-01, 8.760110840946398747e-02
8.764588871845159501e-02, 4.500542456721931539e-01, 3.747064435755028122e-01, 8.759342203385239722e-02
8.763811043763881925e-02, 4.500690851270572335e-01, 3.747070653961982467e-01, 8.758573903910568670e-02
8.763033570638099901e-02, 4.500839387766155109e-01, 3.747076660877654009e-01, 8.757805942923810316e-02
8.762256452842324961e-02, 4.500988066166313195e-01, 3.747082456466848677e-01, 8.757038320826050770e-02
8.761479690750782756e-02, 4.501136886428573902e-01, 3.747088040694541711e-01, 8.756271038018059727e-02
8.760703284737406116e-02, 4.501285848510351295e-01, 3.747093413525883210e-01, 8.755504094900251610e-02
8.759927235175821170e-02, 4.501434952368951747e-01, 3.747098574926194803e-01, 8.754737491872723043e-02
8.759151542439359839e-02, 4.501584197961570055e-01, 3.747103524860970203e-01, 8.753971229335222315e-02
8.758376206901066774e-02, 4.501733585245296099e-01, 3.747108263295879649e-01, 8.753205307687181302e-02
8.757601228933684090e-02, 4.501883114177102629e-01, 3.747112790196760468e-01, 8.752439727327675223e-02
8.756826608909663856e-02, 4.502032784713861924e-01, 3.747117105529624292e-01, 8.751674488655469819e-02
8.756052347201161157e-02, 4.502182596812330240e-01, 3.747121209260654284e-01, 8.750909592068982501e-02
8.755278444180031316e-02, 4.502332550429160030e-01, 3.747125101356207355e-01, 8.750145037966297612e-02
8.754504900217843777e-02, 4.502482645520889393e-01, 3.747128781782808615e-01, 8.749380826745167816e-02
8.753731715685864057e-02, 4.502632882043952622e-01, 3.747132250507158591e-01, 8.748616958803019650e-02
8.752958890955069016e-02, 4.502783259954671879e-01, 3.747135507496127671e-01, 8.747853434536942419e-02
8.752186426396139918e-02, 4.502933779209262743e-01, 3.747138552716756665e-01, 8.747090254343684035e-02
8.751414322379454103e-02, 4.503084439763829216e-01, 3.747141386136257912e-01, 8.746327418619669058e-02
8.750642579275114130e-02, 4.503235241574372050e-01, 3.747144007722018610e-01, 8.745564927760993146e-02
8.749871197452904759e-02, 4.503386184596777086e-01, 3.747146417441590827e-01, 8.744802782163405008e-02
8.749100177282334578e-02, 4.503537268786827474e-01, 3.747148615262704818e-01, 8.744040982222342495e-02
8.748329519132612420e-02, 4.503688494100195894e-01, 3.747150601153254601e-01, 8.743279528332884021e-02
8.747559223372647352e-02, 4.503839860492445668e-01, 3.747152375081307940e-01, 8.742518420889802688e-02
8.746789290371062564e-02, 4.503991367919035205e-01, 3.747153937015105796e-01, 8.741757660287523268e-02
8.746019720496184258e-02, 4.504143016335312999e-01, 3.747155286923055661e-01, 8.740997246920144403e-02
8.745250514116036100e-02, 4.504294805696517079e-01, 3.747156424773736005e-01, 8.740237181181428894e-02
8.744481671598369754e-02, 4.504446735957784442e-01, 3.747157350535897935e-01, 8.739477463464814799e-02
8.743713193310613530e-02, 4.504598807074138289e-01, 3.747158064178460202e-01, 8.738718094163407113e-02
8.742945079619927895e-02, 4.504751019000496903e-01, 3.747158565670513086e-01, 8.737959073669972210e-02
8.742177330893170784e-02, 4.504903371691671987e-01, 3.747158854981315068e-01, 8.737200402376957276e-02
8.741409947496905919e-02, 4.505055865102366441e-01, 3.747158932080296712e-01, 8.736442080676472266e-02
8.740642929797391714e-02, 4.505208499187175475e-01, 3.747158796937055669e-01, 8.735684108960292682e-02
8.739876278160627066e-02, 4.505361273900589381e-01, 3.747158449521361123e-01, 8.734926487619874835e-02
8.739109992952275030e-02, 4.505514189196989094e-01, 3.747157889803150455e-01, 8.734169217046333644e-02
8.738344074537743311e-02, 4.505667245030650081e-01, 3.747157117752531463e-01, 8.733412297630456511e-02
8.737578523282120424e-02, 4.505820441355738448e-01, 3.747156133339779593e-01, 8.732655729762701935e-02
8.736813339550215940e-02, 4.505973778126318163e-01, 3.747154936535340153e-01, 8.731899513833202287e-02
8.736048523706542446e-02, 4.506127255296342726e-01, 3.747153527309828314e-01, 8.731143650231754094e-02
8.735284076115321095e-02, 4.506280872819660166e-01, 3.747151905634024116e-01, 8.730388139347824983e-02
8.734519997140478831e-02, 4.506434630650012485e-01, 3.747150071478884126e-01, 8.729632981570557837e-02
8.733756287145648389e-02, 4.506588528741033994e-01, 3.747148024815524225e-01, 8.728878177288759699e-02
8.732992946494180786e-02, 4.506742567046255199e-01, 3.747145765615234603e-01, 8.728123726890914258e-02
8.732229975549121725e-02, 4.506896745519098357e-01, 3.747143293849472534e-01, 8.727369630765176300e-02
8.731467374673226867e-02, 4.507051064112878591e-01, 3.747140609489862384e-01, 8.726615889299360607e-02
8.730705144228974313e-02, 4.507205522780807772e-01, 3.747137712508196161e-01, 8.725862502880971094e-02
8.729943284578534080e-02, 4.507360121475991743e-01, 3.747134602876438514e-01, 8.725109471897167512e-02
8.729181796083783362e-02, 4.507514860151427549e-01, 3.747131280566714517e-01, 8.724356796734789032e-02
8.728420679106323188e-02, 4.507669738760010647e-01, 3.747127745551322442e-01, 8.723604477780341759e-02
8.727659934007452047e-02, 4.507824757254526582e-01, 3.747123997802726536e-01, 8.722852515420015385e-02
8.726899561148178386e-02, 4.507979915587658759e-01, 3.747120037293559247e-01, 8.722100910039651267e-02
8.726139560889216440e-02, 4.508135213711983447e-01, 3.747115863996616780e-01, 8.721349662024779903e-02
8.725379933590998727e-02, 4.508290651579972552e-01, 3.747111477884867425e-01, 8.720598771760601498e-02
8.724620679613656615e-02, 4.508446229143990847e-01, 3.747106878931443785e-01, 8.719848239631980413e-02
8.723861799317041144e-02, 4.508601946356302070e-01, 3.747102067109647772e-01, 8.719098066023461824e-02
8.723103293060699426e-02, 4.508757803169060052e-01, 3.747097042392943389e-01, 8.718348251319264774e-02
8.722345161203895469e-02, 4.508913799534317590e-01, 3.747091804754966171e-01, 8.717598795903269693e-02
8.721587404105606012e-02, 4.509069935404019791e-01, 3.747086354169515965e-01, 8.716849700159043368e-02
8.720830022124506642e-02, 4.509226210730007955e-01, 3.747080690610559706e-01, 8.716100964469818135e-02
8.720073015618994006e-02, 4.509382625464019578e-01, 3.747074814052230307e-01, 8.715352589218502977e-02
8.719316384947167764e-02, 4.509539179557686683e-01, 3.747068724468828882e-01, 8.714604574787679359e-02
8.718560130466837532e-02, 4.509695872962536933e-01, 3.747062421834819745e-01, 8.713856921559601232e-02
8.717804252535527043e-02, 4.509852705629996406e-01, 3.747055906124832636e-01, 8.713109629916199195e-02
8.717048751510463045e-02, 4.510009677511380155e-01, 3.747049177313667156e-01, 8.712362700239073554e-02
8.716293627748590567e-02, 4.510166788557905537e-01, 3.747042235376286112e-01, 8.711616132909504040e-02
8.715538881606560428e-02, 4.510324038720683326e-01, 3.747035080287818287e-01, 8.710869928308441479e-02
8.714784513440733404e-02, 4.510481427950719935e-01, 3.747027712023555113e-01, 8.710124086816514732e-02
8.714030523607178835e-02, 4.510638956198919081e-01, 3.747020130558960660e-01, 8.709378608814020983e-02
8.713276912461685730e-02, 4.510796623416081785e-01, 3.747012335869656652e-01, 8.708633494680934062e-02
8.712523680359741951e-02, 4.510954429552900824e-01, 3.747004327931434675e-01, 8.707888744796909997e-02
8.711770827656555027e-02, 4.511112374559969607e-01, 3.746996106720248410e-01, 8.707144359541268974e-02
8.711018354707039668e-02, 4.511270458387776627e-01, 3.746987672212217513e-01, 8.706400339293018931e-02
8.710266261865821924e-02, 4.511428680986706574e-01, 3.746979024383628176e-01, 8.705656684430830572e-02
8.709514549487240576e-02, 4.511587042307042550e-01, 3.746970163210927018e-01, 8.704913395333056803e-02
8.708763217925345745e-02, 4.511745542298962186e-01, 3.746961088670730522e-01, 8.704170472377729950e-02
8.708012267533891959e-02, 4.511904180912542084e-01, 3.746951800739814487e-01, 8.703427915942550663e-02
8.707261698666358962e-02, 4.512062958097752263e-01, 3.746942299395122911e-01, 8.702685726404897626e-02
8.706511511675919801e-02, 4.512221873804464489e-01, 3.746932584613761330e-01, 8.701943904141827557e-02
8.705761706915482456e-02, 4.512380927982445056e-01, 3.746922656373000149e-01, 8.701202449530073824e-02
8.705012284737645434e-02, 4.512540120581358671e-01, 3.746912514650273529e-01, 8.700461362946047827e-02
8.704263245494728296e-02, 4.512699451550763463e-01, 3.746902159423178835e-01, 8.699720644765832067e-02
8.703514589538767499e-02, 4.512858920840122634e-01, 3.746891590669480521e-01, 8.698980295365192628e-02
8.702766317221505288e-02, 4.513018528398791140e-01, 3.746880808367102356e-01, 8.698240315119566690e-02
8.702018428894392477e-02, 4.513178274176021798e-01, 3.746869812494131313e-01, 8.697500704404075023e-02
8.701270924908605098e-02, 4.513338158120968058e-01, 3.746858603028820345e-01, 8.696761463593510877e-02
8.700523805615016648e-02, 4.513498180182676789e-01, 3.746847179949586160e-01, 8.696022593062348316e-02
8.699777071364230008e-02, 4.513658340310099937e-01, 3.746835543235003674e-01, 8.695284093184736662e-02
8.699030722506545521e-02, 4.513818638452078980e-01, 3.746823692863817112e-01, 8.694545964334500499e-02
8.698284759391984589e-02, 4.513979074557359916e-01, 3.746811628814927242e-01, 8.693808206885152157e-02
8.697539182370281341e-02, 4.514139648574583275e-01, 3.746799351067400252e-01, 8.693070821209873678e-02
8.696793991790882639e-02, 4.514300360452290772e-01, 3.746786859600468311e-01, 8.692333807681525137e-02
8.696049188002938357e-02, 4.514461210138920877e-01, 3.746774154393519018e-01, 8.691597166672648811e-02
8.695304771355340245e-02, 4.514622197582811025e-01, 3.746761235426108727e-01, 8.690860898555474723e-02
8.694560742196659475e-02, 4.514783322732195958e-01, 3.746748102677949777e-01, 8.690125003701888728e-02
8.693817100875203541e-02, 4.514944585535210497e-01, 3.746734756128922150e-01, 8.689389482483475535e-02
8.693073847738982951e-02, 4.515105985939887878e-01, 3.746721195759065148e-01, 8.688654335271493723e-02
8.692330983135726497e-02, 4.515267523894160862e-01, 3.746707421548579053e-01, 8.687919562436878518e-02
8.691588507412878473e-02, 4.515429199345859512e-01, 3.746693433477826796e-01, 8.687185164350244571e-02
8.690846420917601456e-02, 4.515591012242718416e-01, 3.746679231527333953e-01, 8.686451141381897056e-02
8.690104723996755487e-02, 4.515752962532360026e-01, 3.746664815677784865e-01, 8.685717493901806696e-02
8.689363416996932765e-02, 4.515915050162317979e-01, 3.746650185910026520e-01, 8.684984222279627797e-02
8.688622500264428505e-02, 4.516077275080019326e-01, 3.746635342205067998e-01, 8.684251326884699640e-02
8.687881974145265918e-02, 4.516239637232791759e-01, 3.746620284544077695e-01, 8.683518808086043705e-02
8.687141838985168452e-02, 4.516402136567861936e-01, 3.746605012908386656e-01, 8.682786666252353958e-02
8.686402095129582002e-02, 4.516564773032356594e-01, 3.746589527279483578e-01, 8.682054901752007947e-02
8.685662742923667967e-02, 4.516727546573303109e-01, 3.746573827639022580e-01, 8.681323514953068199e-02
8.684923782712304641e-02, 4.516890457137626713e-01, 3.746557913968813769e-01, 8.680592506223280824e-02
8.684185214840077494e-02, 4.517053504672155495e-01, 3.746541786250830453e-01, 8.679861875930061643e-02
8.683447039651298605e-02, 4.517216689123614293e-01, 3.746525444467204147e-01, 8.679131624440517001e-02
8.682709257489985843e-02, 4.517380010438630245e-01, 3.746508888600228460e-01, 8.678401752121429891e-02
8.681971868699878137e-02, 4.517543468563730569e-01, 3.746492118632354651e-01, 8.677672259339271055e-02
8.681234873624425752e-02, 4.517707063445342563e-01, 3.746475134546196073e-01, 8.676943146460193435e-02
8.680498272606808341e-02, 4.517870795029791942e-01, 3.746457936324525950e-01, 8.676214413850021068e-02
8.679762065989905795e-02, 4.518034663263308937e-01, 3.746440523950274049e-01, 8.675486061874276844e-02
8.679026254116316286e-02, 4.518198668092021086e-01, 3.746422897406532782e-01, 8.674758090898149199e-02
8.678290837328367369e-02, 4.518362809461957119e-01, 3.746405056676553325e-01, 8.674030501286524031e-02
8.677555815968092390e-02, 4.518527087319049174e-01, 3.746387001743745615e-01, 8.673303293403965275e-02
8.676821190377242976e-02, 4.518691501609126693e-01, 3.746368732591678352e-01, 8.672576467614716289e-02
8.676086960897286260e-02, 4.518856052277922530e-01, 3.746350249204078442e-01, 8.671850024282704017e-02
8.675353127869407655e-02, 4.519020739271069620e-01, 3.746331551564834328e-01, 8.671123963771541765e-02
8.674619691634521956e-02, 4.519185562534103195e-01, 3.746312639657992105e-01, 8.670398286444527813e-02
8.673886652533238650e-02, 4.519350522012457461e-01, 3.746293513467754965e-01, 8.669672992664644029e-02
8.673154010905896605e-02, 4.519515617651470030e-01, 3.746274172978484862e-01, 8.668948082794548926e-02
8.672421767092557132e-02, 4.519680849396380262e-01, 3.746254618174705842e-01, 8.668223557196597095e-02
8.671689921432987336e-02, 4.519846217192327598e-01, 3.746234849041093495e-01, 8.667499416232817000e-02
8.670958474266683702e-02, 4.520011720984352666e-01, 3.746214865562487173e-01, 8.666775660264924852e-02
8.670227425932855447e-02, 4.520177360717400061e-01, 3.746194667723880545e-01, 8.666052289654320451e-02
8.669496776770427293e-02, 4.520343136336316681e-01, 3.746174255510429929e-01, 8.665329304762101059e-02
8.668766527118049181e-02, 4.520509047785846723e-01, 3.746153628907444300e-01, 8.664606705949032261e-02
8.668036677314082394e-02, 4.520675095010642242e-01, 3.746132787900393057e-01, 8.663884493575568779e-02
8.667307227696606498e-02, 4.520841277955252591e-01, 3.746111732474899925e-01, 8.663162668001855860e-02
8.666578178603431826e-02, 4.521007596564133313e-01, 3.746090462616750161e-01, 8.662441229587726499e-02
8.665849530372070342e-02, 4.521174050781640030e-01, 3.746068978311883901e-01, 8.661720178692686178e-02
8.665121283339766167e-02, 4.521340640552030665e-01, 3.746047279546398934e-01, 8.660999515675939231e-02
8.664393437843476153e-02, 4.521507365819466551e-01, 3.746025366306548476e-01, 8.660279240896376352e-02
8.663665994219872657e-02, 4.521674226528010765e-01, 3.746003238578746730e-01, 8.659559354712560719e-02
8.662938952805362969e-02, 4.521841222621629797e-01, 3.745980896349556666e-01, 8.658839857482758529e-02
8.662212313936056007e-02, 4.522008354044193545e-01, 3.745958339605708898e-01, 8.658120749564912622e-02
8.661486077947792850e-02, 4.522175620739475876e-01, 3.745935568334078924e-01, 8.657402031316663304e-02
8.660760245176123140e-02, 4.522343022651147959e-01, 3.745912582521707668e-01, 8.656683703095317817e-02
8.660034815956330068e-02, 4.522510559722791035e-01, 3.745889382155787595e-01, 8.655965765257896127e-02
8.659309790623405390e-02, 4.522678231897883094e-01, 3.745865967223668269e-01, 8.655248218161079587e-02
8.658585169512063306e-02, 4.522846039119811645e-01, 3.745842337712854686e-01, 8.654531062161265054e-02
8.657860952956748790e-02, 4.523013981331863720e-01, 3.745818493611008382e-01, 8.653814297614512152e-02
8.657137141291612603e-02, 4.523182058477231982e-01, 3.745794434905947989e-01, 8.653097924876590463e-02
8.656413734850533503e-02, 4.523350270499011394e-01, 3.745770161585642022e-01, 8.652381944302935113e-02
8.655690733967108530e-02, 4.523518617340198111e-01, 3.745745673638221640e-01, 8.651666356248682854e-02
8.654968138974665492e-02, 4.523687098943697249e-01, 3.745720971051970105e-01, 8.650951161068666517e-02
8.654245950206235216e-02, 4.523855715252313447e-01, 3.745696053815323334e-01, 8.650236359117388640e-02
8.653524167994584848e-02, 4.524024466208758644e-01, 3.745670921916876561e-01, 8.649521950749054777e-02
8.652802792672195653e-02, 4.524193351755645409e-01, 3.745645575345378786e-01, 8.648807936317554068e-02
8.652081824571281055e-02, 4.524362371835494168e-01, 3.745620014089731664e-01, 8.648094316176471730e-02
8.651361264023760267e-02, 4.524531526390726532e-01, 3.745594238138991727e-01, 8.647381090679069626e-02
8.650641111361277724e-02, 4.524700815363668638e-01, 3.745568247482372604e-01, 8.646668260178312637e-02
8.649921366915211407e-02, 4.524870238696552249e-01, 3.745542042109241132e-01, 8.645955825026845065e-02
8.649202031016656189e-02, 4.525039796331515318e-01, 3.745515622009117362e-01, 8.645243785577007289e-02
8.648483103996418286e-02, 4.525209488210598097e-01, 3.745488987171676776e-01, 8.644532142180834378e-02
8.647764586185045788e-02, 4.525379314275743137e-01, 3.745462137586747509e-01, 8.643820895190042208e-02
8.647046477912791185e-02, 4.525549274468803063e-01, 3.745435073244314239e-01, 8.643110044956039961e-02
8.646328779509637741e-02, 4.525719368731531689e-01, 3.745407794134510415e-01, 8.642399591829930117e-02
8.645611491305293939e-02, 4.525889597005590681e-01, 3.745380300247628247e-01, 8.641689536162509844e-02
8.644894613629192093e-02, 4.526059959232542895e-01, 3.745352591574112044e-01, 8.640979878304255735e-02
8.644178146810481411e-02, 4.526230455353860149e-01, 3.745324668104557109e-01, 8.640270618605348785e-02
8.643462091178030771e-02, 4.526401085310916006e-01, 3.745296529829714172e-01, 8.639561757415654963e-02
8.642746447060449533e-02, 4.526571849044995766e-01, 3.745268176740486066e-01, 8.638853295084730766e-02
8.642031214786054238e-02, 4.526742746497280367e-01, 3.745239608827930500e-01, 8.638145231961827375e-02
8.641316394682893587e-02, 4.526913777608865819e-01, 3.745210826083256728e-01, 8.637437568395893439e-02
8.640601987078737334e-02, 4.527084942320747096e-01, 3.745181828497823884e-01, 8.636730304735557029e-02
8.639887992301079067e-02, 4.527256240573828694e-01, 3.745152616063148199e-01, 8.636023441329150618e-02
8.639174410677138982e-02, 4.527427672308919626e-01, 3.745123188770896894e-01, 8.635316978524693043e-02
8.638461242533859719e-02, 4.527599237466735649e-01, 3.745093546612888735e-01, 8.634610916669901992e-02
8.637748488197911911e-02, 4.527770935987897594e-01, 3.745063689581094590e-01, 8.633905256112178739e-02
8.637036147995683089e-02, 4.527942767812932479e-01, 3.745033617667637427e-01, 8.633199997198628961e-02
8.636324222253290162e-02, 4.528114732882272397e-01, 3.745003330864793423e-01, 8.632495140276046086e-02
8.635612711296580812e-02, 4.528286831136260071e-01, 3.744972829164990302e-01, 8.631790685690914067e-02
8.634901615451122392e-02, 4.528459062515139966e-01, 3.744942112560805669e-01, 8.631086633789417095e-02
8.634190935042207471e-02, 4.528631426959066064e-01, 3.744911181044970339e-01, 8.630382984917435440e-02
8.633480670394849676e-02, 4.528803924408095760e-01, 3.744880034610366670e-01, 8.629679739420534346e-02
8.632770821833796182e-02, 4.528976554802195409e-01, 3.744848673250025795e-01, 8.628976897643976518e-02
8.632061389683519381e-02, 4.529149318081240883e-01, 3.744817096957134828e-01, 8.628274459932727680e-02
8.631352374268214112e-02, 4.529322214185008133e-01, 3.744785305725026325e-01, 8.627572426631441305e-02
8.630643775911799043e-02, 4.529495243053185960e-01, 3.744753299547188274e-01, 8.626870798084461389e-02
8.629935594937925003e-02, 4.529668404625366573e-01, 3.744721078417256321e-01, 8.626169574635840498e-02
8.629227831669970816e-02, 4.529841698841053366e-01, 3.744688642329018213e-01, 8.625468756629318945e-02
8.628520486431029424e-02, 4.530015125639652029e-01, 3.744655991276411577e-01, 8.624768344408327569e-02
8.627813559543938415e-02, 4.530188684960480550e-01, 3.744623125253526696e-01, 8.624068338316001614e-02
8.627107051331245335e-02, 4.530362376742757546e-01, 3.744590044254600958e-01, 8.623368738695172397e-02
8.626400962115236826e-02, 4.530536200925619483e-01, 3.744556748274022184e-01, 8.622669545888358988e-02
8.625695292217917809e-02, 4.530710157448100128e-01, 3.744523237306329744e-01, 8.621970760237790410e-02
8.624990041961032305e-02, 4.530884246249146652e-01, 3.744489511346211774e-01, 8.621272382085373720e-02
8.624285211666038453e-02, 4.531058467267612966e-01, 3.744455570388509069e-01, 8.620574411772739809e-02
8.623580801654134875e-02, 4.531232820442260834e-01, 3.744421414428207306e-01, 8.619876849641185113e-02
8.622876812246231537e-02, 4.531407305711759870e-01, 3.744387043460443709e-01, 8.619179696031729898e-02
8.622173243762984440e-02, 4.531581923014688096e-01, 3.744352457480505936e-01, 8.618482951285075244e-02
8.621470096524769255e-02, 4.531756672289530274e-01, 3.744317656483829304e-01, 8.617786615741630796e-02
8.620767370851688260e-02, 4.531931553474683461e-01, 3.744282640465999568e-01, 8.617090689741498111e-02
8.620065067063577280e-02, 4.532106566508445344e-01, 3.744247409422749029e-01, 8.616395173624474824e-02
8.619363185479991807e-02, 4.532281711329031459e-01, 3.744211963349962091e-01, 8.615700067730062972e-02
8.618661726420230595e-02, 4.532456987874560750e-01, 3.744176302243669707e-01, 8.615005372397459282e-02
8.617960690203310681e-02, 4.532632396083060566e-01, 3.744140426100051600e-01, 8.614311087965564884e-02
8.617260077147978481e-02, 4.532807935892467222e-01, 3.744104334915437371e-01, 8.613617214772968655e-02
8.616559887572716736e-02, 4.532983607240629320e-01, 3.744068028686301508e-01, 8.612923753157968043e-02
8.615860121795725080e-02, 4.533159410065299988e-01, 3.744031507409270598e-01, 8.612230703458559344e-02
8.615160780134951957e-02, 4.533335344304144088e-01, 3.743994771081117778e-01, 8.611538066012433545e-02
8.614461862908058543e-02, 4.533511409894734334e-01, 3.743957819698762179e-01, 8.610845841156986036e-02
8.613763370432438171e-02, 4.533687606774552958e-01, 3.743920653259272813e-01, 8.610154029229308281e-02
8.613065303025226049e-02, 4.533863934880991708e-01, 3.743883271759867459e-01, 8.609462630566193375e-02
8.612367661003272890e-02, 4.534040394151351294e-01, 3.743845675197908229e-01, 8.608771645504140202e-02
8.611670444683172665e-02, 4.534216984522841387e-01, 3.743807863570906003e-01, 8.608081074379336783e-02
8.610973654381240405e-02, 4.534393705932585616e-01, 3.743769836876520984e-01, 8.607390917527686647e-02
8.610277290413530238e-02, 4.534570558317612132e-01, 3.743731595112557708e-01, 8.606701175284779681e-02
8.609581353095818734e-02, 4.534747541614859156e-01, 3.743693138276966703e-01, 8.606011847985911567e-02
8.608885842743617400e-02, 4.534924655761178314e-01, 3.743654466367850597e-01, 8.605322935966086551e-02
8.608190759672174064e-02, 4.535101900693328525e-01, 3.743615579383453018e-01, 8.604634439560004955e-02
8.607496104196458997e-02, 4.535279276347979893e-01, 3.743576477322167473e-01, 8.603946359102065955e-02
8.606801876631176018e-02, 4.535456782661710928e-01, 3.743537160182532908e-01, 8.603258694926378680e-02
8.606108077290770819e-02, 4.535634419571012432e-01, 3.743497627963235375e-01, 8.602571447366744173e-02
8.605414706489408760e-02, 4.535812187012284724e-01, 3.743457880663105808e-01, 8.601884616756674817e-02
8.604721764540992912e-02, 4.535990084921839860e-01, 3.743417918281122247e-01, 8.601198203429383238e-02
8.604029251759157115e-02, 4.536168113235898303e-01, 3.743377740816408172e-01, 8.600512207717782298e-02
8.603337168457268758e-02, 4.536346271890590587e-01, 3.743337348268232501e-01, 8.599826629954487878e-02
8.602645514948428773e-02, 4.536524560821962315e-01, 3.743296740636011810e-01, 8.599141470471824422e-02
8.601954291545470255e-02, 4.536702979965965832e-01, 3.743255917919304232e-01, 8.598456729601818005e-02
8.601263498560958454e-02, 4.536881529258466328e-01, 3.743214880117819443e-01, 8.597772407676192163e-02
8.600573136307190780e-02, 4.537060208635236846e-01, 3.743173627231405898e-01, 8.597088505026380389e-02
8.599883205096198191e-02, 4.537239018031967719e-01, 3.743132159260061931e-01, 8.596405021983519190e-02
8.599193705239747965e-02, 4.537417957384252687e-01, 3.743090476203927985e-01, 8.595721958878446700e-02
8.598504637049339538e-02, 4.537597026627604446e-01, 3.743048578063290499e-01, 8.595039316041715172e-02
8.597816000836207284e-02, 4.537776225697441879e-01, 3.743006464838580238e-01, 8.594357093803564607e-02
8.597127796911319120e-02, 4.537955554529097824e-01, 3.742964136530375630e-01, 8.593675292493954676e-02
8.596440025585369571e-02, 4.538135013057813527e-01, 3.742921593139394432e-01, 8.592993912442545290e-02
8.595752687168801975e-02, 4.538314601218747524e-01, 3.742878834666502619e-01, 8.592312953978702150e-02
8.595065781971782115e-02, 4.538494318946963424e-01, 3.742835861112708828e-01, 8.591632417431492585e-02
8.594379310304219033e-02, 4.538674166177441016e-01, 3.742792672479166027e-01, 8.590952303129699430e-02
8.593693272475749767e-02, 4.538854142845072936e-01, 3.742749268767172066e-01, 8.590272611401800207e-02
8.593007668795750453e-02, 4.539034248884659117e-01, 3.742705649978166349e-01, 8.589593342575981005e-02
8.592322499573330774e-02, 4.539214484230916780e-01, 3.742661816113735940e-01, 8.588914496980144808e-02
8.591637765117339509e-02, 4.539394848818472106e-01, 3.742617767175605570e-01, 8.588236074941889286e-02
8.590953465736349270e-02, 4.539575342581863016e-01, 3.742573503165649851e-01, 8.587558076788522066e-02
8.590269601738685645e-02, 4.539755965455543052e-01, 3.742529024085881617e-01, 8.586880502847056562e-02
8.589586173432398053e-02, 4.539936717373875830e-01, 3.742484329938461918e-01, 8.586203353444223085e-02
8.588903181125277786e-02, 4.540117598271138366e-01, 3.742439420725688914e-01, 8.585526628906446633e-02
8.588220625124845520e-02, 4.540298608081520526e-01, 3.742394296450008429e-01, 8.584850329559866322e-02
8.587538505738367967e-02, 4.540479746739124467e-01, 3.742348957114007835e-01, 8.584174455730329834e-02
8.586856823272841222e-02, 4.540661014177962973e-01, 3.742303402720415506e-01, 8.583499007743387865e-02
8.586175578034997702e-02, 4.540842410331966117e-01, 3.742257633272103035e-01, 8.582823985924303845e-02
8.585494770331315861e-02, 4.541023935134975709e-01, 3.742211648772087451e-01, 8.582149390598049765e-02
8.584814400467999373e-02, 4.541205588520745851e-01, 3.742165449223522899e-01, 8.581475222089307575e-02
8.584134468750996561e-02, 4.541387370422942382e-01, 3.742119034629711183e-01, 8.580801480722463626e-02
8.583454975485997618e-02, 4.541569280775148432e-01, 3.742072404994090662e-01, 8.580128166821615610e-02
8.582775920978412409e-02, 4.541751319510856089e-01, 3.742025560320245692e-01, 8.579455280710572562e-02
8.582097305533413489e-02, 4.541933486563474731e-01, 3.741978500611899405e-01, 8.578782822712849310e-02
8.581419129455884753e-02, 4.542115781866324364e-01, 3.741931225872919820e-01, 8.578110793151672020e-02
8.580741393050475563e-02, 4.542298205352641172e-01, 3.741883736107313729e-01, 8.577439192349982366e-02
8.580064096621552172e-02, 4.542480756955571963e-01, 3.741836031319230038e-01, 8.576768020630419487e-02
8.579387240473232423e-02, 4.542663436608181948e-01, 3.741788111512959758e-01, 8.576097278315347738e-02
8.578710824909362154e-02, 4.542846244243446407e-01, 3.741739976692934344e-01, 8.575426965726835882e-02
8.578034850233537401e-02, 4.543029179794256245e-01, 3.741691626863724029e-01, 8.574757083186658468e-02
8.577359316749086360e-02, 4.543212243193415212e-01, 3.741643062030044486e-01, 8.574087631016306943e-02
8.576684224759076325e-02, 4.543395434373645458e-01, 3.741594282196748500e-01, 8.573418609536989643e-02
8.576009574566317850e-02, 4.543578753267576986e-01, 3.741545287368830408e-01, 8.572750019069606819e-02
8.575335366473357812e-02, 4.543762199807758750e-01, 3.741496077551425548e-01, 8.572081859934793657e-02
8.574661600782487736e-02, 4.543945773926655329e-01, 3.741446652749807478e-01, 8.571414132452886969e-02
8.573988277795727142e-02, 4.544129475556640818e-01, 3.741397012969393532e-01, 8.570746836943930747e-02
8.573315397814851302e-02, 4.544313304630007155e-01, 3.741347158215738711e-01, 8.570079973727687261e-02
8.572642961141370421e-02, 4.544497261078963013e-01, 3.741297088494536793e-01, 8.569413543123637067e-02
8.571970968076526864e-02, 4.544681344835626025e-01, 3.741246803811624222e-01, 8.568747545450959568e-02
8.571299418921317359e-02, 4.544865555832036663e-01, 3.741196304172975662e-01, 8.568081981028560778e-02
8.570628313976469403e-02, 4.545049894000143809e-01, 3.741145589584704001e-01, 8.567416850175051113e-02
8.569957653542450982e-02, 4.545234359271814184e-01, 3.741094660053063681e-01, 8.566752153208757881e-02
8.569287437919484440e-02, 4.545418951578831246e-01, 3.741043515584447920e-01, 8.566087890447728059e-02
8.568617667407518734e-02, 4.545603670852890188e-01, 3.740992156185388162e-01, 8.565424062209704703e-02
8.567948342306246079e-02, 4.545788517025604047e-01, 3.740940581862555181e-01, 8.564760668812164413e-02
8.567279462915113053e-02, 4.545973490028500374e-01, 3.740888792622759085e-01, 8.564097710572290967e-02
8.566611029533294230e-02, 4.546158589793024563e-01, 3.740836788472947649e-01, 8.563435187806979487e-02
8.565943042459711609e-02, 4.546343816250534853e-01, 3.740784569420209094e-01, 8.562773100832843376e-02
8.565275501993033225e-02, 4.546529169332307330e-01, 3.740732135471768194e-01, 8.562111449966208765e-02
8.564608408431664821e-02, 4.546714648969532035e-01, 3.740679486634989059e-01, 8.561450235523125618e-02
8.563941762073759567e-02, 4.546900255093315191e-01, 3.740626622917373467e-01, 8.560789457819348303e-02
8.563275563217204178e-02, 4.547085987634682525e-01, 3.740573544326561972e-01, 8.560129117170349466e-02
8.562609812159638345e-02, 4.547271846524572059e-01, 3.740520250870331687e-01, 8.559469213891324202e-02
8.561944509198442244e-02, 4.547457831693839103e-01, 3.740466742556599611e-01, 8.558809748297173392e-02
8.561279654630737923e-02, 4.547643943073256256e-01, 3.740413019393419858e-01, 8.558150720702520364e-02
8.560615248753383755e-02, 4.547830180593510074e-01, 3.740359081388980877e-01, 8.557492131421708115e-02
8.559951291863000800e-02, 4.548016544185207177e-01, 3.740304928551612118e-01, 8.556833980768790981e-02
8.559287784255946441e-02, 4.548203033778870363e-01, 3.740250560889781806e-01, 8.556176269057545747e-02
8.558624726228307444e-02, 4.548389649304933613e-01, 3.740195978412090283e-01, 8.555518996601459147e-02
8.557962118075931879e-02, 4.548576390693755411e-01, 3.740141181127277226e-01, 8.554862163713740364e-02
8.557299960094408298e-02, 4.548763257875605426e-01, 3.740086169044221642e-01, 8.554205770707314083e-02
8.556638252579069903e-02, 4.548950250780675053e-01, 3.740030942171935213e-01, 8.553549817894828822e-02
8.555976995824990383e-02, 4.549137369339067982e-01, 3.739975500519568397e-01, 8.552894305588643054e-02
8.555316190126995013e-02, 4.549324613480809076e-01, 3.739919844096407098e-01, 8.552239234100834919e-02
8.554655835779653716e-02, 4.549511983135837156e-01, 3.739863972911876555e-01, 8.551584603743209168e-02
8.553995933077272740e-02, 4.549699478234010552e-01, 3.739807886975534679e-01, 8.550930414827276338e-02
8.553336482313918243e-02, 4.549887098705104327e-01, 3.739751586297076491e-01, 8.550276667664277741e-02
8.552677483783391321e-02, 4.550074844478810832e-01, 3.739695070886332462e-01, 8.549623362565172968e-02
8.552018937779244656e-02, 4.550262715484740816e-01, 3.739638340753272394e-01, 8.548970499840630177e-02
8.551360844594771415e-02, 4.550450711652421765e-01, 3.739581395907995431e-01, 8.548318079801048297e-02
8.550703204523024681e-02, 4.550638832911299003e-01, 3.739524236360743381e-01, 8.547666102756547313e-02
8.550046017856785530e-02, 4.550827079190736812e-01, 3.739466862121888502e-01, 8.547014569016953001e-02
8.549389284888599116e-02, 4.551015450420017316e-01, 3.739409273201939610e-01, 8.546363478891828847e-02
8.548733005910744143e-02, 4.551203946528339372e-01, 3.739351469611540968e-01, 8.545712832690448291e-02
8.548077181215255060e-02, 4.551392567444821347e-01, 3.739293451361471732e-01, 8.545062630721809993e-02
8.547421811093909583e-02, 4.551581313098498338e-01, 3.739235218462647059e-01, 8.544412873294632282e-02
8.546766895838231459e-02, 4.551770183418326066e-01, 3.739176770926115334e-01, 8.543763560717355932e-02
8.546112435739501578e-02, 4.551959178333175871e-01, 3.739118108763059833e-01, 8.543114693298139994e-02
8.545458431088737150e-02, 4.552148297771840824e-01, 3.739059231984799281e-01, 8.542466271344867357e-02
8.544804882176706973e-02, 4.552337541663029619e-01, 3.739000140602786182e-01, 8.541818295165143349e-02
8.544151789293936983e-02, 4.552526909935369903e-01, 3.738940834628605714e-01, 8.541170765066295745e-02
8.543499152730690827e-02, 4.552716402517412164e-01, 3.738881314073980722e-01, 8.540523681355378927e-02
8.542846972776985126e-02, 4.552906019337619736e-01, 3.738821578950766167e-01, 8.539877044339155843e-02
8.542195249722583927e-02, 4.553095760324378238e-01, 3.738761629270949127e-01, 8.539230854324128539e-02
8.541543983857004252e-02, 4.553285625405995019e-01, 3.738701465046653238e-01, 8.538585111616517342e-02
8.540893175469504994e-02, 4.553475614510689717e-01, 3.738641086290134807e-01, 8.537939816522253922e-02
8.540242824849104963e-02, 4.553665727566607035e-01, 3.738580493013781147e-01, 8.537294969347017370e-02
8.539592932284563453e-02, 4.553855964501808407e-01, 3.738519685230117795e-01, 8.536650570396182858e-02
8.538943498064394122e-02, 4.554046325244274218e-01, 3.738458662951799627e-01, 8.536006619974870202e-02
8.538294522476859438e-02, 4.554236809721908807e-01, 3.738397426191613637e-01, 8.535363118387921666e-02
8.537646005809970684e-02, 4.554427417862529914e-01, 3.738335974962485042e-01, 8.534720065939889466e-02
8.536997948351496279e-02, 4.554618149593875898e-01, 3.738274309277468954e-01, 8.534077462935064917e-02
8.536350350388943742e-02, 4.554809004843610176e-01, 3.738212429149749272e-01, 8.533435309677460390e-02
8.535703212209583279e-02, 4.554999983539311792e-01, 3.738150334592648671e-01, 8.532793606470807923e-02
8.535056534100435299e-02, 4.555191085608479296e-01, 3.738088025619619170e-01, 8.532152353618578655e-02
8.534410316348253756e-02, 4.555382310978534632e-01, 3.738025502244245457e-01, 8.531511551423949513e-02
8.533764559239570557e-02, 4.555573659576815371e-01, 3.737962764480243227e-01, 8.530871200189843462e-02
8.533119263060649773e-02, 4.555765131330581919e-01, 3.737899812341463068e-01, 8.530231300218890644e-02
8.532474428097513997e-02, 4.555956726167016968e-01, 3.737836645841884353e-01, 8.529591851813464465e-02
8.531830054635938798e-02, 4.556148444013220500e-01, 3.737773264995621347e-01, 8.528952855275653833e-02
8.531186142961449947e-02, 4.556340284796211448e-01, 3.737709669816914881e-01, 8.528314310907278428e-02
8.530542693359328965e-02, 4.556532248442934363e-01, 3.737645860320144009e-01, 8.527676219009884540e-02
8.529899706114604796e-02, 4.556724334880250527e-01, 3.737581836519814349e-01, 8.527038579884745062e-02
8.529257181512060748e-02, 4.556916544034942951e-01, 3.737517598430563637e-01, 8.526401393832862274e-02
8.528615119836238656e-02, 4.557108875833717487e-01, 3.737453146067161724e-01, 8.525764661154966451e-02
8.527973521371425003e-02, 4.557301330203198941e-01, 3.737388479444509470e-01, 8.525128382151508921e-02
8.527332386401664799e-02, 4.557493907069931072e-01, 3.737323598577635408e-01, 8.524492557122680114e-02
8.526691715210756028e-02, 4.557686606360382142e-01, 3.737258503481704630e-01, 8.523857186368383188e-02
8.526051508082251040e-02, 4.557879428000942146e-01, 3.737193194172005462e-01, 8.523222270188272887e-02
8.525411765299450995e-02, 4.558072371917918364e-01, 3.737127670663965007e-01, 8.522587808881709748e-02
8.524772487145421129e-02, 4.558265438037544248e-01, 3.737061932973133604e-01, 8.521953802747796181e-02
8.524133673902972719e-02, 4.558458626285971649e-01, 3.736995981115195931e-01, 8.521320252085366753e-02
8.523495325854672788e-02, 4.558651936589271925e-01, 3.736929815105963781e-01, 8.520687157192965988e-02
8.522857443282845502e-02, 4.558845368873444825e-01, 3.736863434961381070e-01, 8.520054518368899710e-02
8.522220026469572163e-02, 4.559038923064404614e-01, 3.736796840697521049e-01, 8.519422335911169819e-02
8.521583075696681497e-02, 4.559232599087992277e-01, 3.736730032330586870e-01, 8.518790610117536743e-02
8.520946591245766311e-02, 4.559426396869967202e-01, 3.736663009876908248e-01, 8.518159341285470865e-02
8.520310573398162668e-02, 4.559620316336014390e-01, 3.736595773352949790e-01, 8.517528529712188601e-02
8.519675022434981815e-02, 4.559814357411737240e-01, 3.736528322775301003e-01, 8.516898175694623263e-02
8.519039938637075482e-02, 4.560008520022665879e-01, 3.736460658160681847e-01, 8.516268279529450036e-02
8.518405322285049763e-02, 4.560202804094246054e-01, 3.736392779525941066e-01, 8.515638841513072099e-02
8.517771173659285933e-02, 4.560397209551853570e-01, 3.736324686888055635e-01, 8.515009861941627567e-02
8.517137493039893259e-02, 4.560591736320779854e-01, 3.736256380264133536e-01, 8.514381341110974222e-02
8.516504280706765906e-02, 4.560786384326242504e-01, 3.736187859671408762e-01, 8.513753279316717271e-02
8.515871536939535746e-02, 4.560981153493381401e-01, 3.736119125127245755e-01, 8.513125676854187140e-02
8.515239262017602895e-02, 4.561176043747259268e-01, 3.736050176649135524e-01, 8.512498534018445029e-02
8.514607456220119053e-02, 4.561371055012859999e-01, 3.735981014254700083e-01, 8.511871851104292619e-02
8.513976119825995836e-02, 4.561566187215091994e-01, 3.735911637961684129e-01, 8.511245628406247099e-02
8.513345253113896449e-02, 4.561761440278784829e-01, 3.735842047787967246e-01, 8.510619866218582796e-02
8.512714856362255111e-02, 4.561956814128694249e-01, 3.735772243751551702e-01, 8.509994564835288156e-02
8.512084929849249304e-02, 4.562152308689494951e-01, 3.735702225870569659e-01, 8.509369724550100433e-02
8.511455473852831688e-02, 4.562347923885790024e-01, 3.735631994163279290e-01, 8.508745345656475167e-02
8.510826488650694022e-02, 4.562543659642099847e-01, 3.735561548648068664e-01, 8.508121428447618095e-02
8.510197974520300468e-02, 4.562739515882873742e-01, 3.735490889343450749e-01, 8.507497973216450460e-02
8.509569931738869553e-02, 4.562935492532480541e-01, 3.735420016268067300e-01, 8.506874980255647867e-02
8.508942360583382492e-02, 4.563131589515214692e-01, 3.735348929440685528e-01, 8.506252449857613918e-02
8.508315261330572088e-02, 4.563327806755294036e-01, 3.735277628880200318e-01, 8.505630382314480209e-02
8.507688634256937998e-02, 4.563524144176859254e-01, 3.735206114605634231e-01, 8.505008777918122986e-02
8.507062479638739794e-02, 4.563720601703975532e-01, 3.735134386636135839e-01, 8.504387636960145103e-02
8.506436797751990020e-02, 4.563917179260632562e-01, 3.735062444990978614e-01, 8.503766959731895447e-02
8.505811588872470852e-02, 4.564113876770742317e-01, 3.734990289689565368e-01, 8.503146746524449517e-02
8.505186853275716052e-02, 4.564310694158142945e-01, 3.734917920751422704e-01, 8.502526997628627459e-02
8.504562591237023461e-02, 4.564507631346593763e-01, 3.734845338196205455e-01, 8.501907713334980188e-02
8.503938803031453608e-02, 4.564704688259784149e-01, 3.734772542043690580e-01, 8.501288893933797719e-02
8.503315488933825550e-02, 4.564901864821320765e-01, 3.734699532313786041e-01, 8.500670539715102225e-02
8.502692649218718257e-02, 4.565099160954738111e-01, 3.734626309026521929e-01, 8.500052650968664691e-02
8.502070284160480329e-02, 4.565296576583498522e-01, 3.734552872202055451e-01, 8.499435227983982710e-02
8.501448394033207789e-02, 4.565494111630980512e-01, 3.734479221860668718e-01, 8.498818271050294360e-02
8.500826979110773229e-02, 4.565691766020495979e-01, 3.734405358022768739e-01, 8.498201780456576815e-02
8.500206039666799440e-02, 4.565889539675275777e-01, 3.734331280708888534e-01, 8.497585756491547737e-02
8.499585575974678842e-02, 4.566087432518479705e-01, 3.734256989939686577e-01, 8.496970199443658334e-02
8.498965588307562380e-02, 4.566285444473188182e-01, 3.734182485735945134e-01, 8.496355109601103073e-02
8.498346076938367855e-02, 4.566483575462411126e-01, 3.734107768118571369e-01, 8.495740487251808581e-02
8.497727042139771592e-02, 4.566681825409079631e-01, 3.734032837108597902e-01, 8.495126332683450299e-02
8.497108484184211219e-02, 4.566880194236054846e-01, 3.733957692727180588e-01, 8.494512646183434434e-02
8.496490403343892606e-02, 4.567078681866116874e-01, 3.733882334995601848e-01, 8.493899428038911847e-02
8.495872799890781535e-02, 4.567277288221975873e-01, 3.733806763935268447e-01, 8.493286678536769718e-02
8.495255674096612031e-02, 4.567476013226268172e-01, 3.733730979567706498e-01, 8.492674397963639876e-02
8.494639026232882195e-02, 4.567674856801551830e-01, 3.733654981914571458e-01, 8.492062586605891861e-02
8.494022856570841717e-02, 4.567873818870311631e-01, 3.733578770997642016e-01, 8.491451244749630145e-02
8.493407165381519630e-02, 4.568072899354960192e-01, 3.733502346838817321e-01, 8.490840372680717729e-02
8.492791952935702104e-02, 4.568272098177832974e-01, 3.733425709460123643e-01, 8.490229970684734506e-02
8.492177219503939389e-02, 4.568471415261194934e-01, 3.733348858883708821e-01, 8.489620039047017508e-02
8.491562965356551362e-02, 4.568670850527235539e-01, 3.733271795131845594e-01, 8.489010578052644251e-02
8.490949190763619203e-02, 4.568870403898066535e-01, 3.733194518226927716e-01, 8.488401587986427188e-02
8.490335895994989557e-02, 4.569070075295733058e-01, 3.733117028191474396e-01, 8.487793069132928969e-02
8.489723081320274534e-02, 4.569269864642201417e-01, 3.733039325048126411e-01, 8.487185021776447180e-02
8.489110747008854485e-02, 4.569469771859364093e-01, 3.732961408819647220e-01, 8.486577446201028219e-02
8.488498893329871064e-02, 4.569669796869041956e-01, 3.732883279528924625e-01, 8.485970342690454804e-02
8.487887520552238330e-02, 4.569869939592983155e-01, 3.732804937198966888e-01, 8.485363711528258468e-02
8.487276628944630252e-02, 4.570070199952859236e-01, 3.732726381852906616e-01, 8.484757552997711227e-02
8.486666218775489046e-02, 4.570270577870270690e-01, 3.732647613513996876e-01, 8.484151867381824197e-02
8.486056290313030714e-02, 4.570471073266745843e-01, 3.732568632205615078e-01, 8.483546654963361466e-02
8.485446843825222851e-02, 4.570671686063735306e-01, 3.732489437951260758e-01, 8.482941916024823448e-02
8.484837879579815167e-02, 4.570872416182622522e-01, 3.732410030774550025e-01, 8.482337650848459365e-02
8.484229397844315901e-02, 4.571073263544713217e-01, 3.732330410699228329e-01, 8.481733859716261703e-02
8.483621398886009857e-02, 4.571274228071243173e-01, 3.732250577749159359e-01, 8.481130542909962045e-02
8.483013882971938979e-02, 4.571475309683373234e-01, 3.732170531948327818e-01, 8.480527700711046335e-02
8.482406850368919005e-02, 4.571676508302194852e-01, 3.732090273320839979e-01, 8.479925333400741005e-02
8.481800301343528359e-02, 4.571877823848721767e-01, 3.732009801890924239e-01, 8.479323441260014360e-02
8.481194236162123423e-02, 4.572079256243899437e-01, 3.731929117682930563e-01, 8.478722024569583515e-02
8.480588655090821881e-02, 4.572280805408597826e-01, 3.731848220721328824e-01, 8.478121083609914399e-02
8.479983558395515209e-02, 4.572482471263618620e-01, 3.731767111030708794e-01, 8.477520618661218976e-02
8.479378946341853407e-02, 4.572684253729686343e-01, 3.731685788635784595e-01, 8.476920630003442758e-02
8.478774819195269985e-02, 4.572886152727455578e-01, 3.731604253561388029e-01, 8.476321117916293946e-02
8.478171177220959753e-02, 4.573088168177510959e-01, 3.731522505832470804e-01, 8.475722082679222613e-02
8.477568020683884376e-02, 4.573290300000360520e-01, 3.731440545474108972e-01, 8.475123524571423483e-02
8.476965349848779308e-02, 4.573492548116444012e-01, 3.731358372511492938e-01, 8.474525443871837316e-02
8.476363164980159348e-02, 4.573694912446127914e-01, 3.731275986969940228e-01, 8.473927840859157845e-02
8.475761466342292272e-02, 4.573897392909705428e-01, 3.731193388874883277e-01, 8.473330715811820679e-02
8.475160254199225196e-02, 4.574099989427401480e-01, 3.731110578251873311e-01, 8.472734069008017177e-02
8.474559528814772091e-02, 4.574302701919366054e-01, 3.731027555126588124e-01, 8.472137900725672244e-02
8.473959290452529047e-02, 4.574505530305681411e-01, 3.730944319524817643e-01, 8.471542211242481801e-02
8.473359539375847904e-02, 4.574708474506353206e-01, 3.730860871472476137e-01, 8.470947000835864216e-02
8.472760275847858458e-02, 4.574911534441319372e-01, 3.730777210995592785e-01, 8.470352269783007482e-02
8.472161500131468459e-02, 4.575114710030446785e-01, 3.730693338120322777e-01, 8.469758018360847018e-02
8.471563212489348349e-02, 4.575318001193527384e-01, 3.730609252872932324e-01, 8.469164246846047628e-02
8.470965413183940973e-02, 4.575521407850288158e-01, 3.730524955279813648e-01, 8.468570955515054843e-02
8.470368102477464356e-02, 4.575724929920377826e-01, 3.730440445367472213e-01, 8.467978144644036642e-02
8.469771280631910315e-02, 4.575928567323380713e-01, 3.730355723162536163e-01, 8.467385814508922304e-02
8.469174947909041684e-02, 4.576132319978805096e-01, 3.730270788691751327e-01, 8.466793965385398246e-02
8.468579104570390925e-02, 4.576336187806092637e-01, 3.730185641981979550e-01, 8.466202597548888598e-02
8.467983750877267068e-02, 4.576540170724611167e-01, 3.730100283060203692e-01, 8.465611711274577400e-02
8.467388887090754324e-02, 4.576744268653660241e-01, 3.730014711953525408e-01, 8.465021306837396120e-02
8.466794513471700978e-02, 4.576948481512467248e-01, 3.729928928689159595e-01, 8.464431384512027812e-02
8.466200630280741601e-02, 4.577152809220187968e-01, 3.729842933294445495e-01, 8.463841944572909892e-02
8.465607237778279004e-02, 4.577357251695912677e-01, 3.729756725796837258e-01, 8.463252987294227203e-02
8.465014336224478686e-02, 4.577561808858655601e-01, 3.729670306223902831e-01, 8.462664512949920337e-02
8.464421925879306308e-02, 4.577766480627364909e-01, 3.729583674603335619e-01, 8.462076521813680086e-02
8.463830007002477729e-02, 4.577971266920916049e-01, 3.729496830962940046e-01, 8.461489014158954380e-02
8.463238579853492316e-02, 4.578176167658116746e-01, 3.729409775330640997e-01, 8.460901990258937189e-02
8.462647644691628779e-02, 4.578381182757701451e-01, 3.729322507734477710e-01, 8.460315450386574065e-02
8.462057201775932680e-02, 4.578586312138339109e-01, 3.729235028202610436e-01, 8.459729394814577419e-02
8.461467251365231701e-02, 4.578791555718624839e-01, 3.729147336763312115e-01, 8.459143823815395979e-02
8.460877793718125928e-02, 4.578996913417086034e-01, 3.729059433444976146e-01, 8.458558737661249494e-02
8.460288829092990626e-02, 4.579202385152181254e-01, 3.728971318276110836e-01, 8.457974136624095418e-02
8.459700357747974853e-02, 4.579407970842298004e-01, 3.728882991285339954e-01, 8.457390020975655287e-02
8.459112379941012561e-02, 4.579613670405753290e-01, 3.728794452501404399e-01, 8.456806390987403610e-02
8.458524895929804555e-02, 4.579819483760799170e-01, 3.728705701953163310e-01, 8.456223246930569259e-02
8.457937905971836534e-02, 4.580025410825612764e-01, 3.728616739669589619e-01, 8.455640589076134084e-02
8.457351410324359664e-02, 4.580231451518306796e-01, 3.728527565679772282e-01, 8.455058417694838457e-02
8.456765409244415554e-02, 4.580437605756923491e-01, 3.728438180012917935e-01, 8.454476733057175730e-02
8.456179902988812669e-02, 4.580643873459432913e-01, 3.728348582698346458e-01, 8.453895535433397779e-02
8.455594891814141589e-02, 4.580850254543739064e-01, 3.728258773765495970e-01, 8.453314825093510843e-02
8.455010375976770853e-02, 4.581056748927677114e-01, 3.728168753243918387e-01, 8.452734602307269973e-02
8.454426355732844178e-02, 4.581263356529013953e-01, 3.728078521163281089e-01, 8.452154867344206790e-02
8.453842831338288788e-02, 4.581470077265444862e-01, 3.727988077553366919e-01, 8.451575620473587847e-02
8.453259803048801535e-02, 4.581676911054600176e-01, 3.727897422444074738e-01, 8.450996861964445162e-02
8.452677271119861391e-02, 4.581883857814039729e-01, 3.727806555865416094e-01, 8.450418592085574832e-02
8.452095235806734996e-02, 4.582090917461253410e-01, 3.727715477847520775e-01, 8.449840811105521765e-02
8.451513697364453070e-02, 4.582298089913665606e-01, 3.727624188420630147e-01, 8.449263519292590785e-02
8.450932656047834002e-02, 4.582505375088632427e-01, 3.727532687615101037e-01, 8.448686716914842465e-02
8.450352112111479685e-02, 4.582712772903437815e-01, 3.727440975461405182e-01, 8.448110404240098681e-02
8.449772065809758870e-02, 4.582920283275301321e-01, 3.727349051990128670e-01, 8.447534581535942610e-02
8.449192517396827973e-02, 4.583127906121375328e-01, 3.727256917231971389e-01, 8.446959249069709019e-02
8.448613467126625531e-02, 4.583335641358738388e-01, 3.727164571217749245e-01, 8.446384407108496750e-02
8.448034915252868038e-02, 4.583543488904409657e-01, 3.727072013978386389e-01, 8.445810055919161785e-02
8.447456862029052715e-02, 4.583751448675333906e-01, 3.726979245544928543e-01, 8.445236195768322796e-02
8.446879307708454743e-02, 4.583959520588389291e-01, 3.726886265948531340e-01, 8.444662826922352816e-02
8.446302252544131417e-02, 4.584167704560387913e-01, 3.726793075220460882e-01, 8.444089949647383408e-02
8.445725696788922154e-02, 4.584376000508073590e-01, 3.726699673392102063e-01, 8.443517564209315762e-02
8.445149640695447102e-02, 4.584584408348123530e-01, 3.726606060494950801e-01, 8.442945670873806818e-02
8.444574084516111301e-02, 4.584792927997145551e-01, 3.726512236560615698e-01, 8.442374269906270656e-02
8.443999028503093585e-02, 4.585001559371683078e-01, 3.726418201620819159e-01, 8.441803361571884046e-02
8.443424472908366007e-02, 4.585210302388208481e-01, 3.726323955707396274e-01, 8.441232946135586446e-02
8.442850417983670253e-02, 4.585419156963129184e-01, 3.726229498852295374e-01, 8.440663023862081393e-02
8.442276863980538448e-02, 4.585628123012786550e-01, 3.726134831087576926e-01, 8.440093595015826788e-02
8.441703811150286230e-02, 4.585837200453454776e-01, 3.726039952445411862e-01, 8.439524659861050160e-02
8.441131259744005799e-02, 4.586046389201337559e-01, 3.725944862958089354e-01, 8.438956218661732012e-02
8.440559210012575642e-02, 4.586255689172575312e-01, 3.725849562658004599e-01, 8.438388271681626640e-02
8.439987662206660524e-02, 4.586465100283240726e-01, 3.725754051577668258e-01, 8.437820819184238541e-02
8.439416616576703167e-02, 4.586674622449340988e-01, 3.725658329749703679e-01, 8.437253861432843227e-02
8.438846073372933965e-02, 4.586884255586815007e-01, 3.725562397206843013e-01, 8.436687398690484452e-02
8.438276032845366814e-02, 4.587093999611534523e-01, 3.725466253981933318e-01, 8.436121431219956168e-02
8.437706495243799121e-02, 4.587303854439307993e-01, 3.725369900107931009e-01, 8.435555959283821958e-02
8.437137460817806245e-02, 4.587513819985873931e-01, 3.725273335617904080e-01, 8.434990983144409482e-02
8.436568929816759543e-02, 4.587723896166907567e-01, 3.725176560545034876e-01, 8.434426503063814640e-02
8.436000902489809716e-02, 4.587934082898015853e-01, 3.725079574922613990e-01, 8.433862519303889083e-02
8.435433379085896521e-02, 4.588144380094740238e-01, 3.724982378784044701e-01, 8.433299032126258254e-02
8.434866359853730733e-02, 4.588354787672557222e-01, 3.724884972162840202e-01, 8.432736041792301962e-02
8.434299845041827448e-02, 4.588565305546875028e-01, 3.724787355092624708e-01, 8.432173548563171028e-02
8.433733834898474169e-02, 4.588775933633038595e-01, 3.724689527607134565e-01, 8.431611552699788681e-02
8.433168329671750230e-02, 4.588986671846326248e-01, 3.724591489740216033e-01, 8.431050054462832510e-02
8.432603329609521248e-02, 4.589197520101949146e-01, 3.724493241525825282e-01, 8.430489054112748348e-02
8.432038834959434959e-02, 4.589408478315054607e-01, 3.724394782998026177e-01, 8.429928551909750267e-02
8.431474845968925380e-02, 4.589619546400723893e-01, 3.724296114191001927e-01, 8.429368548113817805e-02
8.430911362885223914e-02, 4.589830724273973317e-01, 3.724197235139035111e-01, 8.428809042984698741e-02
8.430348385955335755e-02, 4.590042011849751469e-01, 3.724098145876524324e-01, 8.428250036781906318e-02
8.429785915426056542e-02, 4.590253409042944210e-01, 3.723998846437977517e-01, 8.427691529764722023e-02
8.429223951543976523e-02, 4.590464915768371901e-01, 3.723899336858011444e-01, 8.427133522192190029e-02
8.428662494555466678e-02, 4.590676531940788840e-01, 3.723799617171352216e-01, 8.426576014323129693e-02
8.428101544706684267e-02, 4.590888257474883827e-01, 3.723699687412834747e-01, 8.426019006416117507e-02
8.427541102243581161e-02, 4.591100092285282375e-01, 3.723599547617408301e-01, 8.425462498729510696e-02
8.426981167411895512e-02, 4.591312036286543941e-01, 3.723499197820124285e-01, 8.424906491521429175e-02
8.426421740457146203e-02, 4.591524089393163033e-01, 3.723398638056146792e-01, 8.424350985049755547e-02
8.425862821624653665e-02, 4.591736251519569767e-01, 3.723297868360750384e-01, 8.423795979572147596e-02
8.425304411159517670e-02, 4.591948522580130421e-01, 3.723196888769315094e-01, 8.423241475346034124e-02
8.424746509306628439e-02, 4.592160902489144103e-01, 3.723095699317331975e-01, 8.422687472628606620e-02
8.424189116310670800e-02, 4.592373391160849416e-01, 3.722994300040399773e-01, 8.422133971676831754e-02
8.423632232416113086e-02, 4.592585988509417239e-01, 3.722892690974227148e-01, 8.421580972747444438e-02
8.423075857867219629e-02, 4.592798694448955166e-01, 3.722790872154629338e-01, 8.421028476096950599e-02
8.422519992908034103e-02, 4.593011508893505845e-01, 3.722688843617529275e-01, 8.420476481981614691e-02
8.421964637782404506e-02, 4.593224431757049753e-01, 3.722586605398961468e-01, 8.419924990657495778e-02
8.421409792733956790e-02, 4.593437462953500194e-01, 3.722484157535063676e-01, 8.419374002380400346e-02
8.420855458006114291e-02, 4.593650602396708860e-01, 3.722381500062086901e-01, 8.418823517405917001e-02
8.420301633842097733e-02, 4.593863850000463600e-01, 3.722278633016384841e-01, 8.418273535989409528e-02
8.419748320484900239e-02, 4.594077205678487319e-01, 3.722175556434422772e-01, 8.417724058386003017e-02
8.419195518177320647e-02, 4.594290669344438527e-01, 3.722072270352769774e-01, 8.417175084850599120e-02
8.418643227161948239e-02, 4.594504240911913007e-01, 3.721968774808105396e-01, 8.416626615637870512e-02
8.418091447681159967e-02, 4.594717920294443259e-01, 3.721865069837215212e-01, 8.416078651002265043e-02
8.417540179977123227e-02, 4.594931707405496280e-01, 3.721761155476990823e-01, 8.415531191197998806e-02
8.416989424291809740e-02, 4.595145602158480780e-01, 3.721657031764433188e-01, 8.414984236479064461e-02
8.416439180866963632e-02, 4.595359604466733305e-01, 3.721552698736648179e-01, 8.414437787099227073e-02
8.415889449944138900e-02, 4.595573714243534336e-01, 3.721448156430848808e-01, 8.413891843312019947e-02
8.415340231764675827e-02, 4.595787931402100512e-01, 3.721343404884356332e-01, 8.413346405370759895e-02
8.414791526569707913e-02, 4.596002255855580754e-01, 3.721238444134595813e-01, 8.412801473528526419e-02
8.414243334600163271e-02, 4.596216687517066246e-01, 3.721133274219100007e-01, 8.412257048038181140e-02
8.413695656096761843e-02, 4.596431226299579342e-01, 3.721027895175508804e-01, 8.411713129152351143e-02
8.413148491300015408e-02, 4.596645872116086329e-01, 3.720922307041566457e-01, 8.411169717123451184e-02
8.412601840450234514e-02, 4.596860624879487434e-01, 3.720816509855124354e-01, 8.410626812203661484e-02
8.412055703787521543e-02, 4.597075484502614606e-01, 3.720710503654138801e-01, 8.410084414644936057e-02
8.411510081551776263e-02, 4.597290450898247616e-01, 3.720604288476673793e-01, 8.409542524699008259e-02
8.410964973982688886e-02, 4.597505523979096287e-01, 3.720497864360896578e-01, 8.409001142617389402e-02
8.410420381319740069e-02, 4.597720703657809382e-01, 3.720391231345081540e-01, 8.408460268651357650e-02
8.409876303802220343e-02, 4.597935989846974048e-01, 3.720284389467606312e-01, 8.407919903051974675e-02
8.409332741669196809e-02, 4.598151382459115255e-01, 3.720177338766957331e-01, 8.407380046070081492e-02
8.408789695159551991e-02, 4.598366881406694140e-01, 3.720070079281722619e-01, 8.406840697956280417e-02
8.408247164511947758e-02, 4.598582486602111330e-01, 3.719962611050597889e-01, 8.406301858960965601e-02
8.407705149964847524e-02, 4.598798197957703615e-01, 3.719854934112380995e-01, 8.405763529334302209e-02
8.407163651756514866e-02, 4.599014015385747833e-01, 3.719747048505976927e-01, 8.405225709326237526e-02
8.406622670125005192e-02, 4.599229938798456985e-01, 3.719638954270393927e-01, 8.404688399186485692e-02
8.406082205308168520e-02, 4.599445968107981897e-01, 3.719530651444746261e-01, 8.404151599164548514e-02
8.405542257543660578e-02, 4.599662103226413445e-01, 3.719422140068250893e-01, 8.403615309509702980e-02
8.405002827068926152e-02, 4.599878344065779223e-01, 3.719313420180226926e-01, 8.403079530471001257e-02
8.404463914121207413e-02, 4.600094690538046316e-01, 3.719204491820105041e-01, 8.402544262297280409e-02
8.403925518937546690e-02, 4.600311142555118527e-01, 3.719095355027412508e-01, 8.402009505237144349e-02
8.403387641754783699e-02, 4.600527700028838596e-01, 3.718986009841783180e-01, 8.401475259538992990e-02
8.402850282809559701e-02, 4.600744362870989868e-01, 3.718876456302955269e-01, 8.400941525450991709e-02
8.402313442338305016e-02, 4.600961130993291293e-01, 3.718766694450769128e-01, 8.400408303221088002e-02
8.401777120577258451e-02, 4.601178004307402980e-01, 3.718656724325168916e-01, 8.399875593097017035e-02
8.401241317762450644e-02, 4.601394982724921756e-01, 3.718546545966204819e-01, 8.399343395326284989e-02
8.400706034129712396e-02, 4.601612066157383940e-01, 3.718436159414026387e-01, 8.398811710156176003e-02
8.400171269914674665e-02, 4.601829254516267009e-01, 3.718325564708888642e-01, 8.398280537833766046e-02
8.399637025352769959e-02, 4.602046547712983493e-01, 3.718214761891148745e-01, 8.397749878605906271e-02
8.399103300679222617e-02, 4.602263945658888189e-01, 3.718103751001266555e-01, 8.397219732719224394e-02
8.398570096129065465e-02, 4.602481448265272612e-01, 3.717992532079806289e-01, 8.396690100420139968e-02
8.398037411937125940e-02, 4.602699055443370546e-01, 3.717881105167432643e-01, 8.396160981954832458e-02
8.397505248338033024e-02, 4.602916767104352491e-01, 3.717769470304915225e-01, 8.395632377569293980e-02
8.396973605566220022e-02, 4.603134583159327886e-01, 3.717657627533122455e-01, 8.395104287509273788e-02
8.396442483855914851e-02, 4.603352503519347882e-01, 3.717545576893029335e-01, 8.394576712020311582e-02
8.395911883441142809e-02, 4.603570528095403125e-01, 3.717433318425709121e-01, 8.394049651347731955e-02
8.395381804555744620e-02, 4.603788656798421530e-01, 3.717320852172338874e-01, 8.393523105736645784e-02
8.394852247433348680e-02, 4.604006889539272729e-01, 3.717208178174199462e-01, 8.392997075431933574e-02
8.394323212307393256e-02, 4.604225226228763623e-01, 3.717095296472670563e-01, 8.392471560678263498e-02
8.393794699411112614e-02, 4.604443666777645050e-01, 3.716982207109233438e-01, 8.391946561720102504e-02
8.393266708977543955e-02, 4.604662211096604563e-01, 3.716868910125472603e-01, 8.391422078801680229e-02
8.392739241239532966e-02, 4.604880859096270318e-01, 3.716755405563074710e-01, 8.390898112167022305e-02
8.392212296429715779e-02, 4.605099610687210521e-01, 3.716641693463824669e-01, 8.390374662059930932e-02
8.391685874780542564e-02, 4.605318465779935089e-01, 3.716527773869608975e-01, 8.389851728724001534e-02
8.391159976524262265e-02, 4.605537424284891768e-01, 3.716413646822420702e-01, 8.389329312402613037e-02
8.390634601892926758e-02, 4.605756486112469461e-01, 3.716299312364345631e-01, 8.388807413338922325e-02
8.390109751118385306e-02, 4.605975651172997676e-01, 3.716184770537576121e-01, 8.388286031775869789e-02
8.389585424432305372e-02, 4.606194919376747077e-01, 3.716070021384402788e-01, 8.387765167956198753e-02
8.389061622066137924e-02, 4.606414290633927822e-01, 3.715955064947216169e-01, 8.387244822122418009e-02
8.388538344251161849e-02, 4.606633764854690671e-01, 3.715839901268510048e-01, 8.386724994516835119e-02
8.388015591218440925e-02, 4.606853341949126435e-01, 3.715724530390877023e-01, 8.386205685381532826e-02
8.387493363198844643e-02, 4.607073021827269299e-01, 3.715608952357007388e-01, 8.385686894958395421e-02
8.386971660423057917e-02, 4.607292804399090169e-01, 3.715493167209695247e-01, 8.385168623489076822e-02
8.386450483121564436e-02, 4.607512689574506104e-01, 3.715377174991834619e-01, 8.384650871215036660e-02
8.385929831524653599e-02, 4.607732677263368659e-01, 3.715260975746415006e-01, 8.384133638377500031e-02
8.385409705862419127e-02, 4.607952767375476655e-01, 3.715144569516530271e-01, 8.383616925217500515e-02
8.384890106364764617e-02, 4.608172959820566739e-01, 3.715027956345373084e-01, 8.383100731975845488e-02
8.384371033261388273e-02, 4.608393254508315606e-01, 3.714911136276231596e-01, 8.382585058893136931e-02
8.383852486781807889e-02, 4.608613651348344442e-01, 3.714794109352498319e-01, 8.382069906209757559e-02
8.383334467155341418e-02, 4.608834150250213924e-01, 3.714676875617662910e-01, 8.381555274165891634e-02
8.382816974611106975e-02, 4.609054751123426441e-01, 3.714559435115313279e-01, 8.381041163001497207e-02
8.382300009378042260e-02, 4.609275453877426099e-01, 3.714441787889136704e-01, 8.380527572956332494e-02
8.381783571684882361e-02, 4.609496258421598158e-01, 3.714323933982920933e-01, 8.380014504269936437e-02
8.381267661760168075e-02, 4.609717164665266820e-01, 3.714205873440550310e-01, 8.379501957181646754e-02
8.380752279832257012e-02, 4.609938172517705213e-01, 3.714087606306010203e-01, 8.378989931930583279e-02
8.380237426129308331e-02, 4.610159281888122629e-01, 3.713969132623380909e-01, 8.378478428755660457e-02
8.379723100879289677e-02, 4.610380492685670073e-01, 3.713850452436844307e-01, 8.377967447895577624e-02
8.379209304309974404e-02, 4.610601804819443039e-01, 3.713731565790677758e-01, 8.377456989588827341e-02
8.378696036648942969e-02, 4.610823218198476514e-01, 3.713612472729260205e-01, 8.376947054073693999e-02
8.378183298123596801e-02, 4.611044732731749418e-01, 3.713493173297065519e-01, 8.376437641588256600e-02
8.377671088961123613e-02, 4.611266348328182940e-01, 3.713373667538666933e-01, 8.375928752370370711e-02
8.377159409388545974e-02, 4.611488064896638872e-01, 3.713253955498735381e-01, 8.375420386657705940e-02
8.376648259632675508e-02, 4.611709882345923495e-01, 3.713134037222037831e-01, 8.374912544687702909e-02
8.376137639920140654e-02, 4.611931800584782581e-01, 3.713013912753442280e-01, 8.374405226697605176e-02
8.375627550477378336e-02, 4.612153819521908060e-01, 3.712893582137909432e-01, 8.373898432924445356e-02
8.375117991530639516e-02, 4.612375939065930797e-01, 3.712773045420501572e-01, 8.373392163605050675e-02
8.374608963305973930e-02, 4.612598159125425035e-01, 3.712652302646374802e-01, 8.372886418976034639e-02
8.374100466029257839e-02, 4.612820479608909507e-01, 3.712531353860784034e-01, 8.372381199273810914e-02
8.373592499926163502e-02, 4.613042900424843551e-01, 3.712410199109081321e-01, 8.371876504734585001e-02
8.373085065222182766e-02, 4.613265421481633211e-01, 3.712288838436714200e-01, 8.371372335594352843e-02
8.372578162142610414e-02, 4.613488042687620694e-01, 3.712167271889229014e-01, 8.370868692088906382e-02
8.372071790912558042e-02, 4.613710763951096028e-01, 3.712045499512264257e-01, 8.370365574453832169e-02
8.371565951756952673e-02, 4.613933585180293173e-01, 3.711923521351561672e-01, 8.369862982924507200e-02
8.371060644900522874e-02, 4.614156506283383918e-01, 3.711801337452952376e-01, 8.369360917736107242e-02
8.370555870567812640e-02, 4.614379527168490092e-01, 3.711678947862367961e-01, 8.368859379123601283e-02
8.370051628983186942e-02, 4.614602647743672459e-01, 3.711556352625834942e-01, 8.368358367321751534e-02
8.369547920370803973e-02, 4.614825867916932944e-01, 3.711433551789475316e-01, 8.367857882565117589e-02
8.369044744954654003e-02, 4.615049187596222402e-01, 3.711310545399507110e-01, 8.367357925088052262e-02
8.368542102958527462e-02, 4.615272606689431734e-01, 3.711187333502244390e-01, 8.366858495124704365e-02
8.368039994606032983e-02, 4.615496125104397440e-01, 3.711063916144096697e-01, 8.366359592909027032e-02
8.367538420120590459e-02, 4.615719742748896071e-01, 3.710940293371569609e-01, 8.365861218674752742e-02
8.367037379725437984e-02, 4.615943459530651993e-01, 3.710816465231262518e-01, 8.365363372655426621e-02
8.366536873643615202e-02, 4.616167275357330180e-01, 3.710692431769869737e-01, 8.364866055084377305e-02
8.366036902097992445e-02, 4.616391190136541756e-01, 3.710568193034184947e-01, 8.364369266194746078e-02
8.365537465311233267e-02, 4.616615203775839005e-01, 3.710443749071091202e-01, 8.363873006219453565e-02
8.365038563505841629e-02, 4.616839316182723141e-01, 3.710319099927569808e-01, 8.363377275391231658e-02
8.364540196904111935e-02, 4.617063527264633205e-01, 3.710194245650695888e-01, 8.362882073942602690e-02
8.364042365728162343e-02, 4.617287836928956613e-01, 3.710069186287638932e-01, 8.362387402105887768e-02
8.363545070199931986e-02, 4.617512245083023048e-01, 3.709943921885663909e-01, 8.361893260113210935e-02
8.363048310541164321e-02, 4.617736751634106684e-01, 3.709818452492128493e-01, 8.361399648196485290e-02
8.362552086973427945e-02, 4.617961356489426739e-01, 3.709692778154486392e-01, 8.360906566587433808e-02
8.362056399718102717e-02, 4.618186059556148582e-01, 3.709566898920285127e-01, 8.360414015517569908e-02
8.361561248996379758e-02, 4.618410860741376522e-01, 3.709440814837164369e-01, 8.359921995218211332e-02
8.361066635029272553e-02, 4.618635759952164910e-01, 3.709314525952860375e-01, 8.359430505920469046e-02
8.360572558037614177e-02, 4.618860757095509806e-01, 3.709188032315201555e-01, 8.358939547855265273e-02
8.360079018242037863e-02, 4.619085852078353982e-01, 3.709061333972111241e-01, 8.358449121253309910e-02
8.359586015863018638e-02, 4.619311044807583588e-01, 3.708934430971604357e-01, 8.357959226345114401e-02
8.359093551120823362e-02, 4.619536335190028153e-01, 3.708807323361790198e-01, 8.357469863361000062e-02
8.358601624235549588e-02, 4.619761723132463360e-01, 3.708680011190872983e-01, 8.356981032531080045e-02
8.358110235427113066e-02, 4.619987208541614931e-01, 3.708552494507146857e-01, 8.356492734085271823e-02
8.357619384915244976e-02, 4.620212791324144197e-01, 3.708424773359003113e-01, 8.356004968253297194e-02
8.357129072919486368e-02, 4.620438471386664192e-01, 3.708296847794921303e-01, 8.355517735264662849e-02
8.356639299659213149e-02, 4.620664248635730220e-01, 3.708168717863477015e-01, 8.355031035348708945e-02
8.356150065353601386e-02, 4.620890122977845405e-01, 3.708040383613340762e-01, 8.354544868734542495e-02
8.355661370221657835e-02, 4.621116094319455136e-01, 3.707911845093268544e-01, 8.354059235651097037e-02
8.355173214482203292e-02, 4.621342162566954292e-01, 3.707783102352115723e-01, 8.353574136327096555e-02
8.354685598353880915e-02, 4.621568327626677797e-01, 3.707654155438827037e-01, 8.353089570991073520e-02
8.354198522055145126e-02, 4.621794589404910059e-01, 3.707525004402438262e-01, 8.352605539871357787e-02
8.353711985804281037e-02, 4.622020947807881641e-01, 3.707395649292081208e-01, 8.352122043196091861e-02
8.353225989819383634e-02, 4.622247402741764821e-01, 3.707266090156975391e-01, 8.351639081193211467e-02
8.352740534318375820e-02, 4.622473954112680805e-01, 3.707136327046434698e-01, 8.351156654090462206e-02
8.352255619518993146e-02, 4.622700601826696953e-01, 3.707006360009864054e-01, 8.350674762115385674e-02
8.351771245638792140e-02, 4.622927345789825115e-01, 3.706876189096761642e-01, 8.350193405495340282e-02
8.351287412895160023e-02, 4.623154185908021074e-01, 3.706745814356714463e-01, 8.349712584457477660e-02
8.350804121505293887e-02, 4.623381122087192874e-01, 3.706615235839402778e-01, 8.349232299228766252e-02
8.350321371686211802e-02, 4.623608154233185830e-01, 3.706484453594597328e-01, 8.348752550035959397e-02
8.349839163654759755e-02, 4.623835282251799739e-01, 3.706353467672161006e-01, 8.348273337105631409e-02
8.349357497627600544e-02, 4.624062506048776111e-01, 3.706222278122046077e-01, 8.347794660664165090e-02
8.348876373821224883e-02, 4.624289825529805387e-01, 3.706090884994298063e-01, 8.347316520937740625e-02
8.348395792451931974e-02, 4.624517240600520829e-01, 3.705959288339051305e-01, 8.346838918152339748e-02
8.347915753735858646e-02, 4.624744751166504630e-01, 3.705827488206531739e-01, 8.346361852533762393e-02
8.347436257888955768e-02, 4.624972357133286804e-01, 3.705695484647056892e-01, 8.345885324307603104e-02
8.346957305126999349e-02, 4.625200058406339632e-01, 3.705563277711032555e-01, 8.345409333699273235e-02
8.346478895665580822e-02, 4.625427854891087653e-01, 3.705430867448955556e-01, 8.344933880933985693e-02
8.346001029720125086e-02, 4.625655746492895459e-01, 3.705298253911415429e-01, 8.344458966236760478e-02
8.345523707505878019e-02, 4.625883733117080454e-01, 3.705165437149088303e-01, 8.343984589832427468e-02
8.345046929237903699e-02, 4.626111814668903977e-01, 3.705032417212743567e-01, 8.343510751945620862e-02
8.344570695131095506e-02, 4.626339991053576295e-01, 3.704899194153236097e-01, 8.343037452800787512e-02
8.344095005400166409e-02, 4.626568262176251056e-01, 3.704765768021516803e-01, 8.342564692622173039e-02
8.343619860259654519e-02, 4.626796627942030282e-01, 3.704632138868620417e-01, 8.342092471633846817e-02
8.343145259923921697e-02, 4.627025088255967145e-01, 3.704498306745673264e-01, 8.341620790059667279e-02
8.342671204607161883e-02, 4.627253643023057639e-01, 3.704364271703892708e-01, 8.341149648123322158e-02
8.342197694523388607e-02, 4.627482292148247800e-01, 3.704230033794584931e-01, 8.340679046048295187e-02
8.341724729886433598e-02, 4.627711035536425932e-01, 3.704095593069142156e-01, 8.340208984057879971e-02
8.341252310909963441e-02, 4.627939873092434819e-01, 3.703960949579050976e-01, 8.339739462375186929e-02
8.340780437807461534e-02, 4.628168804721058960e-01, 3.703826103375881806e-01, 8.339270481223129416e-02
8.340309110792251679e-02, 4.628397830327034557e-01, 3.703691054511296654e-01, 8.338802040824434825e-02
8.339838330077467554e-02, 4.628626949815041747e-01, 3.703555803037046901e-01, 8.338334141401639032e-02
8.339368095876077691e-02, 4.628856163089712927e-01, 3.703420349004971079e-01, 8.337866783177091956e-02
8.338898408400874374e-02, 4.629085470055622764e-01, 3.703284692466995431e-01, 8.337399966372947835e-02
8.338429267864476413e-02, 4.629314870617297628e-01, 3.703148833475138346e-01, 8.336933691211177722e-02
8.337960674479330536e-02, 4.629544364679210044e-01, 3.703012772081499815e-01, 8.336467957913559768e-02
8.337492628457712773e-02, 4.629773952145783134e-01, 3.702876508338276973e-01, 8.336002766701688937e-02
8.337025130011722907e-02, 4.630003632921384504e-01, 3.702740042297746892e-01, 8.335538117796967295e-02
8.336558179353287246e-02, 4.630233406910332361e-01, 3.702603374012278792e-01, 8.335074011420615103e-02
8.336091776694158628e-02, 4.630463274016889952e-01, 3.702466503534329045e-01, 8.334610447793656951e-02
8.335625922245930297e-02, 4.630693234145274451e-01, 3.702329430916440622e-01, 8.334147427136934239e-02
8.335160616220002594e-02, 4.630923287199643079e-01, 3.702192156211244756e-01, 8.333684949671102404e-02
8.334695858827627368e-02, 4.631153433084111981e-01, 3.702054679471462051e-01, 8.333223015616628149e-02
8.334231650279867731e-02, 4.631383671702736238e-01, 3.701917000749897491e-01, 8.332761625193790822e-02
8.333767990787625812e-02, 4.631614002959523746e-01, 3.701779120099444875e-01, 8.332300778622687976e-02
8.333304880561623329e-02, 4.631844426758431332e-01, 3.701641037573084048e-01, 8.331840476123224259e-02
8.332842319812416854e-02, 4.632074943003361978e-01, 3.701502753223883113e-01, 8.331380717915122525e-02
8.332380308750399200e-02, 4.632305551598170923e-01, 3.701364267104996775e-01, 8.330921504217922435e-02
8.331918847585782772e-02, 4.632536252446659564e-01, 3.701225579269665777e-01, 8.330462835250969367e-02
8.331457936528606500e-02, 4.632767045452577115e-01, 3.701086689771218574e-01, 8.330004711233429671e-02
8.330997575788758047e-02, 4.632997930519625607e-01, 3.700947598663069660e-01, 8.329547132384292063e-02
8.330537765575934950e-02, 4.633228907551453224e-01, 3.700808305998718462e-01, 8.329090098922341256e-02
8.330078506099679314e-02, 4.633459976451657081e-01, 3.700668811831754335e-01, 8.328633611066199594e-02
8.329619797569361161e-02, 4.633691137123784332e-01, 3.700529116215849901e-01, 8.328177669034290964e-02
8.329161640194168714e-02, 4.633922389471331615e-01, 3.700389219204764379e-01, 8.327722273044856072e-02
8.328704034183147253e-02, 4.634153733397746167e-01, 3.700249120852344142e-01, 8.327267423315963535e-02
8.328246979745144996e-02, 4.634385168806418598e-01, 3.700108821212518828e-01, 8.326813120065479357e-02
8.327790477088865828e-02, 4.634616695600695113e-01, 3.699968320339307448e-01, 8.326359363511105782e-02
8.327334526422831840e-02, 4.634848313683870291e-01, 3.699827618286812281e-01, 8.325906153870350768e-02
8.326879127955401361e-02, 4.635080022959184864e-01, 3.699686715109220536e-01, 8.325453491360537694e-02
8.326424281894764801e-02, 4.635311823329834047e-01, 3.699545610860808242e-01, 8.325001376198819247e-02
8.325969988448946035e-02, 4.635543714698957540e-01, 3.699404305595931919e-01, 8.324549808602155210e-02
8.325516247825798244e-02, 4.635775696969649529e-01, 3.699262799369036903e-01, 8.324098788787329117e-02
8.325063060233017787e-02, 4.636007770044952569e-01, 3.699121092234652908e-01, 8.323648316970939931e-02
8.324610425878120612e-02, 4.636239933827853710e-01, 3.698979184247393470e-01, 8.323198393369404813e-02
8.324158344968467238e-02, 4.636472188221299473e-01, 3.698837075461958723e-01, 8.322749018198961901e-02
8.323706817711243322e-02, 4.636704533128178651e-01, 3.698694765933130402e-01, 8.322300191675664760e-02
8.323255844313476315e-02, 4.636936968451333407e-01, 3.698552255715778503e-01, 8.321851914015390705e-02
8.322805424982025746e-02, 4.637169494093556499e-01, 3.698409544864857401e-01, 8.321404185433842193e-02
8.322355559923580448e-02, 4.637402109957588503e-01, 3.698266633435400297e-01, 8.320957006146521839e-02
8.321906249344671047e-02, 4.637634815946122813e-01, 3.698123521482532539e-01, 8.320510376368774053e-02
8.321457493451661636e-02, 4.637867611961800640e-01, 3.697980209061458856e-01, 8.320064296315747565e-02
8.321009292450748385e-02, 4.638100497907215458e-01, 3.697836696227467246e-01, 8.319618766202423188e-02
8.320561646547960932e-02, 4.638333473684910779e-01, 3.697692983035933967e-01, 8.319173786243591606e-02
8.320114555949172097e-02, 4.638566539197380156e-01, 3.697549069542315214e-01, 8.318729356653875584e-02
8.319668020860086777e-02, 4.638799694347067182e-01, 3.697404955802152671e-01, 8.318285477647714699e-02
8.319222041486243335e-02, 4.639032939036368264e-01, 3.697260641871070730e-01, 8.317842149439365340e-02
8.318776618033019155e-02, 4.639266273167628740e-01, 3.697116127804778163e-01, 8.317399372242913203e-02
8.318331750705626471e-02, 4.639499696643143434e-01, 3.696971413659066452e-01, 8.316957146272258017e-02
8.317887439709122088e-02, 4.639733209365162203e-01, 3.696826499489812012e-01, 8.316515471741130205e-02
8.317443685248385177e-02, 4.639966811235881616e-01, 3.696681385352970639e-01, 8.316074348863079779e-02
8.317000487528147801e-02, 4.640200502157452167e-01, 3.696536071304586391e-01, 8.315633777851476338e-02
8.316557846752964389e-02, 4.640434282031972169e-01, 3.696390557400780486e-01, 8.315193758919513234e-02
8.316115763127238103e-02, 4.640668150761494970e-01, 3.696244843697760740e-01, 8.314754292280208958e-02
8.315674236855202794e-02, 4.640902108248021740e-01, 3.696098930251817127e-01, 8.314315378146405755e-02
8.315233268140941048e-02, 4.641136154393507018e-01, 3.695952817119322886e-01, 8.313877016730769620e-02
8.314792857188356423e-02, 4.641370289099854829e-01, 3.695806504356730637e-01, 8.313439208245787526e-02
8.314353004201209540e-02, 4.641604512268923677e-01, 3.695659992020579043e-01, 8.313001952903777136e-02
8.313913709383086159e-02, 4.641838823802516556e-01, 3.695513280167486703e-01, 8.312565250916870152e-02
8.313474972937424934e-02, 4.642073223602398713e-01, 3.695366368854156036e-01, 8.312129102497040067e-02
8.313036795067482720e-02, 4.642307711570277107e-01, 3.695219258137368845e-01, 8.311693507856061924e-02
8.312599175976374821e-02, 4.642542287607815399e-01, 3.695071948073992418e-01, 8.311258467205553946e-02
8.312162115867048617e-02, 4.642776951616627845e-01, 3.694924438720971205e-01, 8.310823980756958107e-02
8.311725614942293283e-02, 4.643011703498279852e-01, 3.694776730135337361e-01, 8.310390048721530420e-02
8.311289673404734235e-02, 4.643246543154290196e-01, 3.694628822374199650e-01, 8.309956671310370080e-02
8.310854291456844234e-02, 4.643481470486126583e-01, 3.694480715494750656e-01, 8.309523848734387541e-02
8.310419469300928119e-02, 4.643716485395211202e-01, 3.694332409554262342e-01, 8.309091581204325339e-02
8.309985207139138075e-02, 4.643951587782918500e-01, 3.694183904610091607e-01, 8.308659868930755310e-02
8.309551505173466690e-02, 4.644186777550574630e-01, 3.694035200719671952e-01, 8.308228712124073045e-02
8.309118363605740021e-02, 4.644422054599454674e-01, 3.693886297940521812e-01, 8.307798110994499274e-02
8.308685782637638406e-02, 4.644657418830789863e-01, 3.693737196330237893e-01, 8.307368065752088193e-02
8.308253762470671488e-02, 4.644892870145762576e-01, 3.693587895946498501e-01, 8.306938576606719138e-02
8.307822303306200418e-02, 4.645128408445507451e-01, 3.693438396847063543e-01, 8.306509643768096585e-02
8.307391405345423974e-02, 4.645364033631110279e-01, 3.693288699089772309e-01, 8.306081267445757088e-02
8.306961068789378566e-02, 4.645599745603610775e-01, 3.693138802732545134e-01, 8.305653447849059567e-02
8.306531293838957664e-02, 4.645835544264000916e-01, 3.692988707833383399e-01, 8.305226185187200572e-02
8.306102080694879874e-02, 4.646071429513226048e-01, 3.692838414450365647e-01, 8.304799479669197626e-02
8.305673429557718090e-02, 4.646307401252182112e-01, 3.692687922641655907e-01, 8.304373331503900335e-02
8.305245340627886996e-02, 4.646543459381719532e-01, 3.692537232465493147e-01, 8.303947740899990382e-02
8.304817814105641682e-02, 4.646779603802639325e-01, 3.692386343980199048e-01, 8.303522708065974589e-02
8.304390850191081808e-02, 4.647015834415696989e-01, 3.692235257244174118e-01, 8.303098233210196022e-02
8.303964449084154376e-02, 4.647252151121603059e-01, 3.692083972315899909e-01, 8.302674316540818722e-02
8.303538610984648183e-02, 4.647488553821016999e-01, 3.691932489253934579e-01, 8.302250958265844361e-02
8.303113336092191044e-02, 4.647725042414552199e-01, 3.691780808116918999e-01, 8.301828158593099749e-02
8.302688624606263668e-02, 4.647961616802777640e-01, 3.691628928963572309e-01, 8.301405917730246553e-02
8.302264476726184395e-02, 4.648198276886213454e-01, 3.691476851852691365e-01, 8.300984235884778517e-02
8.301840892651127235e-02, 4.648435022565330921e-01, 3.691324576843154626e-01, 8.300563113264021464e-02
8.301417872580098278e-02, 4.648671853740559690e-01, 3.691172103993917153e-01, 8.300142550075120806e-02
8.300995416711959285e-02, 4.648908770312279448e-01, 3.691019433364016167e-01, 8.299722546525074851e-02
8.300573525245412421e-02, 4.649145772180823810e-01, 3.690866565012565492e-01, 8.299303102820694555e-02
8.300152198379007196e-02, 4.649382859246478095e-01, 3.690713498998757225e-01, 8.298884219168629894e-02
8.299731436311140464e-02, 4.649620031409485432e-01, 3.690560235381863396e-01, 8.298465895775368473e-02
8.299311239240052263e-02, 4.649857288570037883e-01, 3.690406774221233754e-01, 8.298048132847228586e-02
8.298891607363832745e-02, 4.650094630628284209e-01, 3.690253115576296872e-01, 8.297630930590356446e-02
8.298472540880416637e-02, 4.650332057484327097e-01, 3.690099259506557927e-01, 8.297214289210731730e-02
8.298054039987584618e-02, 4.650569569038219830e-01, 3.689945206071604256e-01, 8.296798208914174522e-02
8.297636104882970265e-02, 4.650807165189972392e-01, 3.689790955331097022e-01, 8.296382689906336982e-02
8.297218735764050335e-02, 4.651044845839547026e-01, 3.689636507344777328e-01, 8.295967732392700578e-02
8.296801932828144766e-02, 4.651282610886861568e-01, 3.689481862172465099e-01, 8.295553336578583015e-02
8.296385696272430554e-02, 4.651520460231788334e-01, 3.689327019874055202e-01, 8.295139502669139631e-02
8.295970026293929267e-02, 4.651758393774150235e-01, 3.689171980509521886e-01, 8.294726230869352290e-02
8.295554923089508426e-02, 4.651996411413726884e-01, 3.689016744138917114e-01, 8.294313521384052978e-02
8.295140386855885672e-02, 4.652234513050251818e-01, 3.688861310822370010e-01, 8.293901374417891881e-02
8.294726417789630157e-02, 4.652472698583412503e-01, 3.688705680620087413e-01, 8.293489790175366527e-02
8.294313016087154211e-02, 4.652710967912851991e-01, 3.688549853592351657e-01, 8.293078768860809302e-02
8.293900181944725836e-02, 4.652949320938165045e-01, 3.688393829799523904e-01, 8.292668310678374954e-02
8.293487915558458989e-02, 4.653187757558905346e-01, 3.688237609302041364e-01, 8.292258415832073903e-02
8.293076217124319138e-02, 4.653426277674574396e-01, 3.688081192160419519e-01, 8.291849084525738933e-02
8.292665086838116317e-02, 4.653664881184634838e-01, 3.687924578435248790e-01, 8.291440316963050172e-02
8.292254524895520396e-02, 4.653903567988499912e-01, 3.687767768187196760e-01, 8.291032113347517052e-02
8.291844531492041648e-02, 4.654142337985540112e-01, 3.687610761477007615e-01, 8.290624473882483858e-02
8.291435106823046020e-02, 4.654381191075078195e-01, 3.687453558365503814e-01, 8.290217398771140833e-02
8.291026251083753740e-02, 4.654620127156393616e-01, 3.687296158913579425e-01, 8.289810888216510298e-02
8.290617964469228218e-02, 4.654859146128719205e-01, 3.687138563182211781e-01, 8.289404942421459144e-02
8.290210247174387148e-02, 4.655098247891245045e-01, 3.686980771232447607e-01, 8.288999561588679399e-02
8.289803099394006669e-02, 4.655337432343114035e-01, 3.686822783125414116e-01, 8.288594745920711826e-02
8.289396521322703326e-02, 4.655576699383424666e-01, 3.686664598922311797e-01, 8.288190495619938980e-02
8.288990513154947948e-02, 4.655816048911230465e-01, 3.686506218684417746e-01, 8.287786810888572719e-02
8.288585075085072584e-02, 4.656055480825541659e-01, 3.686347642473083996e-01, 8.287383691928665308e-02
8.288180207307253855e-02, 4.656294995025321293e-01, 3.686188870349741409e-01, 8.286981138942114966e-02
8.287775910015521275e-02, 4.656534591409489665e-01, 3.686029902375893008e-01, 8.286579152130654768e-02
8.287372183403758641e-02, 4.656774269876919892e-01, 3.685870738613116759e-01, 8.286177731695859583e-02
8.286969027665705423e-02, 4.657014030326446230e-01, 3.685711379123069453e-01, 8.285776877839144683e-02
8.286566442994947046e-02, 4.657253872656849647e-01, 3.685551823967480045e-01, 8.285376590761757420e-02
8.286164429584927382e-02, 4.657493796766874472e-01, 3.685392073208152985e-01, 8.284976870664800819e-02
8.285762987628948750e-02, 4.657733802555216185e-01, 3.685232126906967109e-01, 8.284577717749209980e-02
8.285362117320156650e-02, 4.657973889920529187e-01, 3.685071985125878968e-01, 8.284179132215757635e-02
8.284961818851560578e-02, 4.658214058761421250e-01, 3.684911647926916722e-01, 8.283781114265065249e-02
8.284562092416014600e-02, 4.658454308976454072e-01, 3.684751115372185137e-01, 8.283383664097589139e-02
8.284162938206242333e-02, 4.658694640464151604e-01, 3.684590387523861699e-01, 8.282986781913637131e-02
8.283764356414799468e-02, 4.658935053122985614e-01, 3.684429464444198832e-01, 8.282590467913343579e-02
8.283366347234125127e-02, 4.659175546851391791e-01, 3.684268346195526123e-01, 8.282194722296702671e-02
8.282968910856487732e-02, 4.659416121547755307e-01, 3.684107032840242546e-01, 8.281799545263539286e-02
8.282572047474023869e-02, 4.659656777110420256e-01, 3.683945524440824792e-01, 8.281404937013527034e-02
8.282175757278729955e-02, 4.659897513437688543e-01, 3.683783821059821717e-01, 8.281010897746177157e-02
8.281780040462444203e-02, 4.660138330427813225e-01, 3.683621922759857115e-01, 8.280617427660846852e-02
8.281384897216874375e-02, 4.660379227979010719e-01, 3.683459829603626945e-01, 8.280224526956739273e-02
8.280990327733581124e-02, 4.660620205989447484e-01, 3.683297541653903218e-01, 8.279832195832899366e-02
8.280596332203978005e-02, 4.660861264357249456e-01, 3.683135058973531217e-01, 8.279440434488215261e-02
8.280202910819334239e-02, 4.661102402980498716e-01, 3.682972381625426173e-01, 8.279049243121419654e-02
8.279810063770784434e-02, 4.661343621757231825e-01, 3.682809509672582138e-01, 8.278658621931088424e-02
8.279417791249311931e-02, 4.661584920585444269e-01, 3.682646443178060891e-01, 8.278268571115642016e-02
8.279026093445761292e-02, 4.661826299363087123e-01, 3.682483182205000816e-01, 8.277879090873350998e-02
8.278634970550836913e-02, 4.662067757988069827e-01, 3.682319726816613570e-01, 8.277490181402330505e-02
8.278244422755094700e-02, 4.662309296358255750e-01, 3.682156077076180756e-01, 8.277101842900530526e-02
8.277854450248958718e-02, 4.662550914371467181e-01, 3.681992233047061691e-01, 8.276714075565758111e-02
8.277465053222694824e-02, 4.662792611925481445e-01, 3.681828194792682307e-01, 8.276326879595663488e-02
8.277076231866452305e-02, 4.663034388918035900e-01, 3.681663962376545696e-01, 8.275940255187741457e-02
8.276687986370212524e-02, 4.663276245246819607e-01, 3.681499535862226002e-01, 8.275554202539327220e-02
8.276300316923831946e-02, 4.663518180809483882e-01, 3.681334915313369538e-01, 8.275168721847619979e-02
8.275913223717025480e-02, 4.663760195503636741e-01, 3.681170100793696998e-01, 8.274783813309645464e-02
8.275526706939360932e-02, 4.664002289226838460e-01, 3.681005092366995690e-01, 8.274399477122290625e-02
8.275140766780272883e-02, 4.664244461876611569e-01, 3.680839890097132305e-01, 8.274015713482285594e-02
8.274755403429048806e-02, 4.664486713350433078e-01, 3.680674494048041256e-01, 8.273632522586202298e-02
8.274370617074842948e-02, 4.664729043545738918e-01, 3.680508904283729676e-01, 8.273249904630468332e-02
8.273986407906665230e-02, 4.664971452359922277e-01, 3.680343120868275197e-01, 8.272867859811361413e-02
8.273602776113389567e-02, 4.665213939690331935e-01, 3.680177143865829281e-01, 8.272486388324995499e-02
8.273219721883744160e-02, 4.665456505434276147e-01, 3.680010973340614999e-01, 8.272105490367344383e-02
8.272837245406326756e-02, 4.665699149489018760e-01, 3.679844609356924812e-01, 8.271725166134225038e-02
8.272455346869594939e-02, 4.665941871751786985e-01, 3.679678051979123898e-01, 8.271345415821303171e-02
8.272074026461857799e-02, 4.666184672119755850e-01, 3.679511301271648493e-01, 8.270966239624098770e-02
8.271693284371300914e-02, 4.666427550490065967e-01, 3.679344357299005330e-01, 8.270587637737979170e-02
8.271313120785957207e-02, 4.666670506759813541e-01, 3.679177220125774972e-01, 8.270209610358154884e-02
8.270933535893736088e-02, 4.666913540826050921e-01, 3.679009889816605150e-01, 8.269832157679697648e-02
8.270554529882399863e-02, 4.667156652585791043e-01, 3.678842366436216316e-01, 8.269455279897522382e-02
8.270176102939572060e-02, 4.667399841936004101e-01, 3.678674650049399975e-01, 8.269078977206392733e-02
8.269798255252745756e-02, 4.667643108773615879e-01, 3.678506740721017021e-01, 8.268703249800926636e-02
8.269420987009275248e-02, 4.667886452995512747e-01, 3.678338638515999959e-01, 8.268328097875594918e-02
8.269044298396373283e-02, 4.668129874498539444e-01, 3.678170343499352346e-01, 8.267953521624714364e-02
8.268668189601122154e-02, 4.668373373179496855e-01, 3.678001855736146575e-01, 8.267579521242454654e-02
8.268292660810461214e-02, 4.668616948935144784e-01, 3.677833175291524981e-01, 8.267206096922843916e-02
8.267917712211202141e-02, 4.668860601662203069e-01, 3.677664302230702065e-01, 8.266833248859747907e-02
8.267543343990012283e-02, 4.669104331257348806e-01, 3.677495236618960606e-01, 8.266460977246903319e-02
8.267169556333428537e-02, 4.669348137617215233e-01, 3.677325978521654992e-01, 8.266089282277878925e-02
8.266796349427850410e-02, 4.669592020638397289e-01, 3.677156528004205671e-01, 8.265718164146108882e-02
8.266423723459544182e-02, 4.669835980217448279e-01, 3.676986885132108585e-01, 8.265347623044885794e-02
8.266051678614635967e-02, 4.670080016250877653e-01, 3.676817049970925733e-01, 8.264977659167331570e-02
8.265680215079122817e-02, 4.670324128635156002e-01, 3.676647022586285729e-01, 8.264608272706445991e-02
8.265309333038865780e-02, 4.670568317266710623e-01, 3.676476803043893793e-01, 8.264239463855076184e-02
8.264939032679591291e-02, 4.670812582041929950e-01, 3.676306391409520646e-01, 8.263871232805912459e-02
8.264569314186888394e-02, 4.671056922857156901e-01, 3.676135787749003625e-01, 8.263503579751513284e-02
8.264200177746214293e-02, 4.671301339608697756e-01, 3.675964992128253894e-01, 8.263136504884274758e-02
8.263831623542894356e-02, 4.671545832192817160e-01, 3.675794004613247012e-01, 8.262770008396468080e-02
8.263463651762117945e-02, 4.671790400505736462e-01, 3.675622825270031813e-01, 8.262404090480202079e-02
8.263096262588943974e-02, 4.672035044443635932e-01, 3.675451454164724296e-01, 8.262038751327448194e-02
8.262729456208298129e-02, 4.672279763902659200e-01, 3.675279891363508744e-01, 8.261673991130036310e-02
8.262363232804967317e-02, 4.672524558778903825e-01, 3.675108136932635494e-01, 8.261309810079638105e-02
8.261997592563612158e-02, 4.672769428968427952e-01, 3.674936190938429825e-01, 8.260946208367800359e-02
8.261632535668758659e-02, 4.673014374367253643e-01, 3.674764053447279744e-01, 8.260583186185908866e-02
8.261268062304802373e-02, 4.673259394871353556e-01, 3.674591724525644865e-01, 8.260220743725210646e-02
8.260904172656002853e-02, 4.673504490376669263e-01, 3.674419204240049197e-01, 8.259858881176816714e-02
8.260540866906491975e-02, 4.673749660779094039e-01, 3.674246492657088914e-01, 8.259497598731684043e-02
8.260178145240267000e-02, 4.673994905974482861e-01, 3.674073589843426246e-01, 8.259136896580632214e-02
8.259816007841197516e-02, 4.674240225858654618e-01, 3.673900495865791149e-01, 8.258776774914340646e-02
8.259454454893015718e-02, 4.674485620327382129e-01, 3.673727210790982967e-01, 8.258417233923336098e-02
8.259093486579328902e-02, 4.674731089276399909e-01, 3.673553734685865990e-01, 8.258058273798010718e-02
8.258733103083616689e-02, 4.674976632601402504e-01, 3.673380067617374456e-01, 8.257699894728612322e-02
8.258373304589215758e-02, 4.675222250198045049e-01, 3.673206209652509768e-01, 8.257342096905249951e-02
8.258014091279344826e-02, 4.675467941961939378e-01, 3.673032160858337725e-01, 8.256984880517885539e-02
8.257655463337087998e-02, 4.675713707788660134e-01, 3.672857921301997952e-01, 8.256628245756343631e-02
8.257297420945394761e-02, 4.675959547573740882e-01, 3.672683491050689475e-01, 8.256272192810301669e-02
8.256939964287092482e-02, 4.676205461212674663e-01, 3.672508870171685702e-01, 8.255916721869302477e-02
8.256583093544880847e-02, 4.676451448600917327e-01, 3.672334058732319439e-01, 8.255561833122750104e-02
8.256226808901316605e-02, 4.676697509633879757e-01, 3.672159056799998433e-01, 8.255207526759900105e-02
8.255871110538848257e-02, 4.676943644206937867e-01, 3.671983864442189827e-01, 8.254853802969869259e-02
8.255515998639773034e-02, 4.677189852215424271e-01, 3.671808481726433482e-01, 8.254500661941641115e-02
8.255161473386279924e-02, 4.677436133554634945e-01, 3.671632908720332544e-01, 8.254148103864052122e-02
8.254807534960414972e-02, 4.677682488119822568e-01, 3.671457145491555107e-01, 8.253796128925802722e-02
8.254454183544102097e-02, 4.677928915806203736e-01, 3.671281192107840874e-01, 8.253444737315451807e-02
8.254101419319137545e-02, 4.678175416508952855e-01, 3.671105048636991164e-01, 8.253093929221419489e-02
8.253749242467191272e-02, 4.678421990123206031e-01, 3.670928715146875021e-01, 8.252743704831991267e-02
8.253397653169805559e-02, 4.678668636544060511e-01, 3.670752191705428658e-01, 8.252394064335306922e-02
8.253046651608389461e-02, 4.678915355666571352e-01, 3.670575478380652679e-01, 8.252045007919371622e-02
8.252696237964228521e-02, 4.679162147385758086e-01, 3.670398575240614303e-01, 8.251696535772053143e-02
8.252346412418486155e-02, 4.679409011596597501e-01, 3.670221482353445142e-01, 8.251348648081081871e-02
8.251997175152195330e-02, 4.679655948194029746e-01, 3.670044199787346195e-01, 8.251001345034043866e-02
8.251648526346261336e-02, 4.679902957072954450e-01, 3.669866727610580637e-01, 8.250654626818397508e-02
8.251300466181465953e-02, 4.680150038128231271e-01, 3.669689065891477142e-01, 8.250308493621454076e-02
8.250952994838464671e-02, 4.680397191254681566e-01, 3.669511214698432111e-01, 8.249962945630395783e-02
8.250606112497786693e-02, 4.680644416347090608e-01, 3.669333174099904671e-01, 8.249617983032266066e-02
8.250259819339830769e-02, 4.680891713300199264e-01, 3.669154944164421117e-01, 8.249273606013968196e-02
8.249914115544881854e-02, 4.681139082008711760e-01, 3.668976524960572694e-01, 8.248929814762270829e-02
8.249569001293088899e-02, 4.681386522367296799e-01, 3.668797916557012817e-01, 8.248586609463809394e-02
8.249224476764485670e-02, 4.681634034270578670e-01, 3.668619119022465958e-01, 8.248243990305077766e-02
8.248880542138965766e-02, 4.681881617613146140e-01, 3.668440132425713207e-01, 8.247901957472444923e-02
8.248537197596318704e-02, 4.682129272289547450e-01, 3.668260956835607822e-01, 8.247560511152127183e-02
8.248194443316199387e-02, 4.682376998194295870e-01, 3.668081592321061901e-01, 8.247219651530225681e-02
8.247852279478132265e-02, 4.682624795221860259e-01, 3.667902038951056376e-01, 8.246879378792688897e-02
8.247510706261532154e-02, 4.682872663266677837e-01, 3.667722296794635461e-01, 8.246539693125341797e-02
8.247169723845680644e-02, 4.683120602223141415e-01, 3.667542365920903324e-01, 8.246200594713871956e-02
8.246829332409739977e-02, 4.683368611985607166e-01, 3.667362246399037962e-01, 8.245862083743829563e-02
8.246489532132739164e-02, 4.683616692448392960e-01, 3.667181938298268440e-01, 8.245524160400635738e-02
8.246150323193605913e-02, 4.683864843505781694e-01, 3.667001441687902097e-01, 8.245186824869572828e-02
8.245811705771123601e-02, 4.684113065052010749e-01, 3.666820756637297896e-01, 8.244850077335794114e-02
8.245473680043968745e-02, 4.684361356981286417e-01, 3.666639883215885853e-01, 8.244513917984318263e-02
8.245136246190681861e-02, 4.684609719187771693e-01, 3.666458821493158160e-01, 8.244178347000029328e-02
8.244799404389692443e-02, 4.684858151565594042e-01, 3.666277571538668623e-01, 8.243843364567676746e-02
8.244463154819299533e-02, 4.685106654008843741e-01, 3.666096133422037662e-01, 8.243508970871886443e-02
8.244127497657693926e-02, 4.685355226411569429e-01, 3.665914507212947315e-01, 8.243175166097141404e-02
8.243792433082930415e-02, 4.685603868667785332e-01, 3.665732692981142904e-01, 8.242841950427795550e-02
8.243457961272945833e-02, 4.685852580671465706e-01, 3.665550690796432476e-01, 8.242509324048072350e-02
8.243124082405565989e-02, 4.686101362316547614e-01, 3.665368500728688472e-01, 8.242177287142066211e-02
8.242790796658482078e-02, 4.686350213496931483e-01, 3.665186122847848282e-01, 8.241845839893735537e-02
8.242458104209277048e-02, 4.686599134106476106e-01, 3.665003557223905917e-01, 8.241514982486906893e-02
8.242126005235403396e-02, 4.686848124039006969e-01, 3.664820803926924775e-01, 8.241184715105280556e-02
8.241794499914201211e-02, 4.687097183188309590e-01, 3.664637863027028208e-01, 8.240855037932420801e-02
8.241463588422881514e-02, 4.687346311448132297e-01, 3.664454734594402852e-01, 8.240525951151767003e-02
8.241133270938548472e-02, 4.687595508712187331e-01, 3.664271418699295846e-01, 8.240197454946622535e-02
8.240803547638177184e-02, 4.687844774874145304e-01, 3.664087915412019836e-01, 8.239869549500163093e-02
8.240474418698630343e-02, 4.688094109827644074e-01, 3.663904224802949083e-01, 8.239542234995438086e-02
8.240145884296640189e-02, 4.688343513466281531e-01, 3.663720346942518913e-01, 8.239215511615359533e-02
8.239817944608830713e-02, 4.688592985683617265e-01, 3.663536281901226821e-01, 8.238889379542718716e-02
8.239490599811706562e-02, 4.688842526373178665e-01, 3.663352029749632477e-01, 8.238563838960173691e-02
8.239163850081651641e-02, 4.689092135428449271e-01, 3.663167590558362163e-01, 8.238238890050250673e-02
8.238837695594926347e-02, 4.689341812742879312e-01, 3.662982964398094343e-01, 8.237914532995349592e-02
8.238512136527682828e-02, 4.689591558209879607e-01, 3.662798151339577979e-01, 8.237590767977741313e-02
8.238187173055948331e-02, 4.689841371722827112e-01, 3.662613151453620319e-01, 8.237267595179575963e-02
8.237862805355637696e-02, 4.690091253175059927e-01, 3.662427964811090786e-01, 8.236945014782860730e-02
8.237539033602542249e-02, 4.690341202459877290e-01, 3.662242591482919307e-01, 8.236623026969489003e-02
8.237215857972346456e-02, 4.690591219470544582e-01, 3.662057031540100205e-01, 8.236301631921219557e-02
8.236893278640607108e-02, 4.690841304100287767e-01, 3.661871285053683867e-01, 8.235980829819687654e-02
8.236571295782768587e-02, 4.691091456242297841e-01, 3.661685352094785628e-01, 8.235660620846392554e-02
8.236249909574157313e-02, 4.691341675789729160e-01, 3.661499232734582998e-01, 8.235341005182716945e-02
8.235929120189988684e-02, 4.691591962635697222e-01, 3.661312927044311771e-01, 8.235021983009914448e-02
8.235608927805355972e-02, 4.691842316673283664e-01, 3.661126435095269360e-01, 8.234703554509113788e-02
8.235289332595238654e-02, 4.692092737795531265e-01, 3.660939756958814240e-01, 8.234385719861306296e-02
8.234970334734503794e-02, 4.692343225895443948e-01, 3.660752892706367612e-01, 8.234068479247373673e-02
8.234651934397899109e-02, 4.692593780865997322e-01, 3.660565842409406745e-01, 8.233751832848058838e-02
8.234334131760054354e-02, 4.692844402600120923e-01, 3.660378606139473856e-01, 8.233435780843988139e-02
8.234016926995492425e-02, 4.693095090990714868e-01, 3.660191183968170558e-01, 8.233120323415656083e-02
8.233700320278616869e-02, 4.693345845930638194e-01, 3.660003575967156753e-01, 8.232805460743436443e-02
8.233384311783711884e-02, 4.693596667312716075e-01, 3.659815782208155066e-01, 8.232491193007576702e-02
8.233068901684956198e-02, 4.693847555029738161e-01, 3.659627802762947524e-01, 8.232177520388198055e-02
8.232754090156413351e-02, 4.694098508974455242e-01, 3.659439637703373327e-01, 8.231864443065300962e-02
8.232439877372026149e-02, 4.694349529039583135e-01, 3.659251287101338845e-01, 8.231551961218759594e-02
8.232126263505630537e-02, 4.694600615117801579e-01, 3.659062751028803184e-01, 8.231240075028324610e-02
8.231813248730940336e-02, 4.694851767101755891e-01, 3.658874029557788177e-01, 8.230928784673617604e-02
8.231500833221566671e-02, 4.695102984884051978e-01, 3.658685122760376718e-01, 8.230618090334151926e-02
8.231189017151002707e-02, 4.695354268357261884e-01, 3.658496030708707214e-01, 8.230307992189302146e-02
8.230877800692630586e-02, 4.695605617413922128e-01, 3.658306753474982465e-01, 8.229998490418326262e-02
8.230567184019708937e-02, 4.695857031946532034e-01, 3.658117291131460225e-01, 8.229689585200355983e-02
8.230257167305407573e-02, 4.696108511847555955e-01, 3.657927643750463198e-01, 8.229381276714407834e-02
8.229947750722758915e-02, 4.696360057009421607e-01, 3.657737811404366268e-01, 8.229073565139370661e-02
8.229638934444692688e-02, 4.696611667324521733e-01, 3.657547794165608712e-01, 8.228766450654008413e-02
8.229330718644034537e-02, 4.696863342685212439e-01, 3.657357592106686983e-01, 8.228459933436969853e-02
8.229023103493489366e-02, 4.697115082983815970e-01, 3.657167205300157486e-01, 8.228154013666780231e-02
8.228716089165652448e-02, 4.697366888112617378e-01, 3.656976633818633249e-01, 8.227848691521837121e-02
8.228409675833006642e-02, 4.697618757963866742e-01, 3.656785877734788359e-01, 8.227543967180425688e-02
8.228103863667932116e-02, 4.697870692429779171e-01, 3.656594937121355193e-01, 8.227239840820708972e-02
8.227798652842688298e-02, 4.698122691402533135e-01, 3.656403812051124413e-01, 8.226936312620720948e-02
8.227494043529430534e-02, 4.698374754774272133e-01, 3.656212502596945524e-01, 8.226633382758385959e-02
8.227190035900198983e-02, 4.698626882437105801e-01, 3.656021008831724650e-01, 8.226331051411500672e-02
8.226886630126921396e-02, 4.698879074283105473e-01, 3.655829330828427870e-01, 8.226029318757745179e-02
8.226583826381428377e-02, 4.699131330204310841e-01, 3.655637468660079548e-01, 8.225728184974678836e-02
8.226281624835428408e-02, 4.699383650092722187e-01, 3.655445422399762334e-01, 8.225427650239740263e-02
8.225980025660520334e-02, 4.699636033840307592e-01, 3.655253192120614947e-01, 8.225127714730248729e-02
8.225679029028205858e-02, 4.699888481339001278e-01, 3.655060777895837720e-01, 8.224828378623406933e-02
8.225378635109865944e-02, 4.700140992480699165e-01, 3.654868179798685945e-01, 8.224529642096299609e-02
8.225078844076776086e-02, 4.700393567157262753e-01, 3.654675397902472089e-01, 8.224231505325881042e-02
8.224779656100106306e-02, 4.700646205260520794e-01, 3.654482432280568571e-01, 8.223933968489008373e-02
8.224481071350905892e-02, 4.700898906682264289e-01, 3.654289283006404432e-01, 8.223637031762399963e-02
8.224183090000135310e-02, 4.701151671314253710e-01, 3.654095950153465333e-01, 8.223340695322668703e-02
8.223885712218635680e-02, 4.701404499048209562e-01, 3.653902433795297444e-01, 8.223044959346303973e-02
8.223588938177137098e-02, 4.701657389775818485e-01, 3.653708734005498004e-01, 8.222749824009679964e-02
8.223292768046272516e-02, 4.701910343388737701e-01, 3.653514850857730867e-01, 8.222455289489054298e-02
8.222997201996554151e-02, 4.702163359778582796e-01, 3.653320784425705958e-01, 8.222161355960559692e-02
8.222702240198399848e-02, 4.702416438836938828e-01, 3.653126534783199819e-01, 8.221868023600227560e-02
8.222407882822110881e-02, 4.702669580455354215e-01, 3.652932102004039505e-01, 8.221575292583954697e-02
8.222114130037888602e-02, 4.702922784525346289e-01, 3.652737486162112024e-01, 8.221283163087532431e-02
8.221820982015821955e-02, 4.703176050938392416e-01, 3.652542687331360449e-01, 8.220991635286636900e-02
8.221528438925902738e-02, 4.703429379585941650e-01, 3.652347705585786142e-01, 8.220700709356822122e-02
8.221236500938004788e-02, 4.703682770359403631e-01, 3.652152540999443198e-01, 8.220410385473532477e-02
8.220945168221902022e-02, 4.703936223150156359e-01, 3.651957193646444555e-01, 8.220120663812087447e-02
8.220654440947265662e-02, 4.704189737849542863e-01, 3.651761663600960883e-01, 8.219831544547701041e-02
8.220364319283648968e-02, 4.704443314348871197e-01, 3.651565950937215588e-01, 8.219543027855467920e-02
8.220074803400520547e-02, 4.704696952539417776e-01, 3.651370055729493136e-01, 8.219255113910366173e-02
8.219785893467225490e-02, 4.704950652312421266e-01, 3.651173978052130176e-01, 8.218967802887261476e-02
8.219497589653011749e-02, 4.705204413559089804e-01, 3.650977717979518866e-01, 8.218681094960911260e-02
8.219209892127019024e-02, 4.705458236170593778e-01, 3.650781275586110208e-01, 8.218394990305942505e-02
8.218922801058288485e-02, 4.705712120038072488e-01, 3.650584650946410159e-01, 8.218109489096883657e-02
8.218636316615750281e-02, 4.705966065052631375e-01, 3.650387844134980742e-01, 8.217824591508143817e-02
8.218350438968236027e-02, 4.706220071105338687e-01, 3.650190855226437270e-01, 8.217540297714015507e-02
8.218065168284469091e-02, 4.706474138087233250e-01, 3.649993684295452234e-01, 8.217256607888681619e-02
8.217780504733071534e-02, 4.706728265889315588e-01, 3.649796331416755857e-01, 8.216973522206211245e-02
8.217496448482561333e-02, 4.706982454402557359e-01, 3.649598796665130540e-01, 8.216691040840563842e-02
8.217212999701356546e-02, 4.707236703517892473e-01, 3.649401080115413643e-01, 8.216409163965582296e-02
8.216930158557764208e-02, 4.707491013126222645e-01, 3.649203181842500809e-01, 8.216127891754992918e-02
8.216647925219994208e-02, 4.707745383118416838e-01, 3.649005101921341532e-01, 8.215847224382419323e-02
8.216366299856156519e-02, 4.707999813385308485e-01, 3.648806840426939702e-01, 8.215567162021363001e-02
8.216085282634250087e-02, 4.708254303817698827e-01, 3.648608397434354167e-01, 8.215287704845226913e-02
8.215804873722178103e-02, 4.708508854306355240e-01, 3.648409773018698177e-01, 8.215008853027287727e-02
8.215525073287741065e-02, 4.708763464742011795e-01, 3.648210967255141601e-01, 8.214730606740718033e-02
8.215245881498638159e-02, 4.709018135015370365e-01, 3.648011980218907047e-01, 8.214452966158586333e-02
8.214967298522463102e-02, 4.709272865017097298e-01, 3.647812811985272630e-01, 8.214175931453832069e-02
8.214689324526709691e-02, 4.709527654637825633e-01, 3.647613462629571979e-01, 8.213899502799300312e-02
8.214411959678774577e-02, 4.709782503768157325e-01, 3.647413932227192013e-01, 8.213623680367722335e-02
8.214135204145950331e-02, 4.710037412298661019e-01, 3.647214220853572386e-01, 8.213348464331714227e-02
8.213859058095426824e-02, 4.710292380119868727e-01, 3.647014328584210485e-01, 8.213073854863783829e-02
8.213583521694294010e-02, 4.710547407122283037e-01, 3.646814255494654766e-01, 8.212799852136330736e-02
8.213308595109543309e-02, 4.710802493196371565e-01, 3.646614001660509197e-01, 8.212526456321643520e-02
8.213034278508067609e-02, 4.711057638232571954e-01, 3.646413567157432145e-01, 8.212253667591906670e-02
8.212760572056657105e-02, 4.711312842121281874e-01, 3.646212952061134160e-01, 8.211981486119188101e-02
8.212487475921999291e-02, 4.711568104752875130e-01, 3.646012156447380748e-01, 8.211709912075446094e-02
8.212214990270688686e-02, 4.711823426017685001e-01, 3.645811180391991813e-01, 8.211438945632541786e-02
8.211943115269218496e-02, 4.712078805806017012e-01, 3.645610023970840552e-01, 8.211168586962215576e-02
8.211671851083976459e-02, 4.712334244008141715e-01, 3.645408687259851233e-01, 8.210898836236102394e-02
8.211401197881258718e-02, 4.712589740514295800e-01, 3.645207170335004188e-01, 8.210629693625734471e-02
8.211131155827267047e-02, 4.712845295214686536e-01, 3.645005473272334151e-01, 8.210361159302533018e-02
8.210861725088085261e-02, 4.713100907999486222e-01, 3.644803596147924707e-01, 8.210093233437806837e-02
8.210592905829722232e-02, 4.713356578758833848e-01, 3.644601539037918281e-01, 8.209825916202766194e-02
8.210324698218073036e-02, 4.713612307382837874e-01, 3.644399302018505038e-01, 8.209559207768508948e-02
8.210057102418941155e-02, 4.713868093761572342e-01, 3.644196885165931765e-01, 8.209293108306023323e-02
8.209790118598031539e-02, 4.714123937785080209e-01, 3.643994288556496319e-01, 8.209027617986197622e-02
8.209523746920951992e-02, 4.714379839343372791e-01, 3.643791512266550958e-01, 8.208762736979810515e-02
8.209257987553207625e-02, 4.714635798326426985e-01, 3.643588556372499565e-01, 8.208498465457529647e-02
8.208992840660217505e-02, 4.714891814624186939e-01, 3.643385420950798204e-01, 8.208234803589931072e-02
8.208728306407291064e-02, 4.715147888126567932e-01, 3.643182106077956228e-01, 8.207971751547465944e-02
8.208464384959651694e-02, 4.715404018723450830e-01, 3.642978611830535174e-01, 8.207709309500491046e-02
8.208201076482420089e-02, 4.715660206304680413e-01, 3.642774938285150976e-01, 8.207447477619256304e-02
8.207938381140621187e-02, 4.715916450760079259e-01, 3.642571085518467866e-01, 8.207186256073907560e-02
8.207676299099185557e-02, 4.716172751979427202e-01, 3.642367053607206140e-01, 8.206925645034479633e-02
8.207414830522948013e-02, 4.716429109852477430e-01, 3.642162842628135500e-01, 8.206665644670912974e-02
8.207153975576648997e-02, 4.716685524268951490e-01, 3.641958452658079493e-01, 8.206406255153034235e-02
8.206893734424927644e-02, 4.716941995118535957e-01, 3.641753883773913847e-01, 8.206147476650567374e-02
8.206634107232334274e-02, 4.717198522290889651e-01, 3.641549136052563140e-01, 8.205889309333136428e-02
8.206375094163319284e-02, 4.717455105675634197e-01, 3.641344209571006907e-01, 8.205631753370258574e-02
8.206116695382244253e-02, 4.717711745162365689e-01, 3.641139104406275750e-01, 8.205374808931342745e-02
8.205858911053368066e-02, 4.717968440640640249e-01, 3.640933820635451901e-01, 8.205118476185707665e-02
8.205601741340859401e-02, 4.718225191999991242e-01, 3.640728358335667547e-01, 8.204862755302552713e-02
8.205345186408792568e-02, 4.718481999129913729e-01, 3.640522717584107615e-01, 8.204607646450985670e-02
8.205089246421151672e-02, 4.718738861919875016e-01, 3.640316898458008654e-01, 8.204353149800008849e-02
8.204833921541820896e-02, 4.718995780259307993e-01, 3.640110901034658286e-01, 8.204099265518520478e-02
8.204579211934590055e-02, 4.719252754037613906e-01, 3.639904725391394091e-01, 8.203845993775311929e-02
8.204325117763164310e-02, 4.719509783144167359e-01, 3.639698371605609162e-01, 8.203593334739085752e-02
8.204071639191143350e-02, 4.719766867468303539e-01, 3.639491839754739333e-01, 8.203341288578427926e-02
8.203818776382043598e-02, 4.720024006899334323e-01, 3.639285129916278727e-01, 8.203089855461831448e-02
8.203566529499285720e-02, 4.720281201326533838e-01, 3.639078242167770871e-01, 8.202839035557683844e-02
8.203314898706191849e-02, 4.720538450639146788e-01, 3.638871176586807032e-01, 8.202588829034271334e-02
8.203063884166003628e-02, 4.720795754726389570e-01, 3.638663933251032323e-01, 8.202339236059782990e-02
8.202813486041860003e-02, 4.721053113477443053e-01, 3.638456512238139595e-01, 8.202090256802305190e-02
8.202563704496811103e-02, 4.721310526781459238e-01, 3.638248913625876657e-01, 8.201841891429824394e-02
8.202314539693815465e-02, 4.721567994527558487e-01, 3.638041137492037946e-01, 8.201594140110217424e-02
8.202065991795745581e-02, 4.721825516604828965e-01, 3.637833183914467861e-01, 8.201347003011279224e-02
8.201818060965374024e-02, 4.722083092902329415e-01, 3.637625052971064088e-01, 8.201100480300685391e-02
8.201570747365381775e-02, 4.722340723309086941e-01, 3.637416744739772612e-01, 8.200854572146028254e-02
8.201324051158363770e-02, 4.722598407714097557e-01, 3.637208259298588264e-01, 8.200609278714784955e-02
8.201077972506821967e-02, 4.722856146006323974e-01, 3.636999596725559170e-01, 8.200364600174345209e-02
8.200832511573169503e-02, 4.723113938074701701e-01, 3.636790757098780080e-01, 8.200120536691993256e-02
8.200587668519730700e-02, 4.723371783808136271e-01, 3.636581740496397930e-01, 8.199877088434918970e-02
8.200343443508734120e-02, 4.723629683095496579e-01, 3.636372546996608501e-01, 8.199634255570216468e-02
8.200099836702316736e-02, 4.723887635825624876e-01, 3.636163176677656428e-01, 8.199392038264863292e-02
8.199856848262536413e-02, 4.724145641887331770e-01, 3.635953629617838523e-01, 8.199150436685760657e-02
8.199614478351351099e-02, 4.724403701169398451e-01, 3.635743905895496564e-01, 8.198909450999698756e-02
8.199372727130632699e-02, 4.724661813560572798e-01, 3.635534005589026174e-01, 8.198669081373374801e-02
8.199131594762165687e-02, 4.724919978949574384e-01, 3.635323928776870717e-01, 8.198429327973390246e-02
8.198891081407638781e-02, 4.725178197225090582e-01, 3.635113675537521849e-01, 8.198190190966238300e-02
8.198651187228667148e-02, 4.725436468275778790e-01, 3.634903245949521744e-01, 8.197951670518330292e-02
8.198411912386757705e-02, 4.725694791990266430e-01, 3.634692640091460869e-01, 8.197713766795969303e-02
8.198173257043339657e-02, 4.725953168257150394e-01, 3.634481858041978541e-01, 8.197476479965361273e-02
8.197935221359756164e-02, 4.726211596964997042e-01, 3.634270899879764594e-01, 8.197239810192628873e-02
8.197697805497256018e-02, 4.726470078002341091e-01, 3.634059765683554377e-01, 8.197003757643782362e-02
8.197461009617006134e-02, 4.726728611257688950e-01, 3.633848455532135979e-01, 8.196768322484743186e-02
8.197224833880079053e-02, 4.726987196619515941e-01, 3.633636969504344116e-01, 8.196533504881337029e-02
8.196989278447461280e-02, 4.727245833976264633e-01, 3.633425307679059579e-01, 8.196299304999293822e-02
8.196754343480060212e-02, 4.727504523216352061e-01, 3.633213470135217005e-01, 8.196065723004246351e-02
8.196520029138686103e-02, 4.727763264228162510e-01, 3.633001456951796548e-01, 8.195832759061730255e-02
8.196286335584063165e-02, 4.728022056900049175e-01, 3.632789268207824995e-01, 8.195600413337188195e-02
8.196053262976840670e-02, 4.728280901120338608e-01, 3.632576903982380756e-01, 8.195368685995976787e-02
8.195820811477562418e-02, 4.728539796777321835e-01, 3.632364364354587760e-01, 8.195137577203338852e-02
8.195588981246705595e-02, 4.728798743759265455e-01, 3.632151649403620453e-01, 8.194907087124435330e-02
8.195357772444648858e-02, 4.729057741954403871e-01, 3.631938759208697687e-01, 8.194677215924339730e-02
8.195127185231683431e-02, 4.729316791250940399e-01, 3.631725693849090497e-01, 8.194447963768010379e-02
8.194897219768022822e-02, 4.729575891537048937e-01, 3.631512453404114882e-01, 8.194219330820330660e-02
8.194667876213793112e-02, 4.729835042700876735e-01, 3.631299037953135689e-01, 8.193991317246084038e-02
8.194439154729032948e-02, 4.730094244630536626e-01, 3.631085447575564396e-01, 8.193763923209954059e-02
8.194211055473696326e-02, 4.730353497214113689e-01, 3.630871682350862439e-01, 8.193537148876546550e-02
8.193983578607648421e-02, 4.730612800339663582e-01, 3.630657742358534001e-01, 8.193310994410354930e-02
8.193756724290683635e-02, 4.730872153895213650e-01, 3.630443627678138219e-01, 8.193085459975800455e-02
8.193530492682490896e-02, 4.731131557768757379e-01, 3.630229338389274196e-01, 8.192860545737193356e-02
8.193304883942695294e-02, 4.731391011848263828e-01, 3.630014874571590444e-01, 8.192636251858761987e-02
8.193079898230824776e-02, 4.731650516021667641e-01, 3.629800236304785432e-01, 8.192412578504637555e-02
8.192855535706329573e-02, 4.731910070176879035e-01, 3.629585423668602040e-01, 8.192189525838865227e-02
8.192631796528566934e-02, 4.732169674201771592e-01, 3.629370436742831441e-01, 8.191967094025393026e-02
8.192408680856824721e-02, 4.732429327984200573e-01, 3.629155275607309772e-01, 8.191745283228077379e-02
8.192186188850293649e-02, 4.732689031411978497e-01, 3.628939940341922576e-01, 8.191524093610687285e-02
8.191964320668097821e-02, 4.732948784372900120e-01, 3.628724431026600361e-01, 8.191303525336900149e-02
8.191743076469257256e-02, 4.733208586754721892e-01, 3.628508747741322482e-01, 8.191083578570297619e-02
8.191522456412728137e-02, 4.733468438445179172e-01, 3.628292890566110485e-01, 8.190864253474373913e-02
8.191302460657373663e-02, 4.733728339331971791e-01, 3.628076859581037539e-01, 8.190645550212533044e-02
8.191083089361975156e-02, 4.733988289302773489e-01, 3.627860654866220114e-01, 8.190427468948091594e-02
8.190864342685236221e-02, 4.734248288245226921e-01, 3.627644276501822973e-01, 8.190210009844267613e-02
8.190646220785778586e-02, 4.734508336046948096e-01, 3.627427724568055289e-01, 8.189993173064200049e-02
8.190428723822136547e-02, 4.734768432595520826e-01, 3.627210999145172310e-01, 8.189776958770926540e-02
8.190211851952766686e-02, 4.735028577778503944e-01, 3.626994100313478686e-01, 8.189561367127405622e-02
8.189995605336043705e-02, 4.735288771483424086e-01, 3.626777028153321258e-01, 8.189346398296501461e-02
8.189779984130263202e-02, 4.735549013597779577e-01, 3.626559782745094607e-01, 8.189132052440988019e-02
8.189564988493633346e-02, 4.735809304009040988e-01, 3.626342364169239385e-01, 8.188918329723554601e-02
8.189350618584290142e-02, 4.736069642604649466e-01, 3.626124772506241767e-01, 8.188705230306800309e-02
8.189136874560284940e-02, 4.736330029272015629e-01, 3.625907007836632334e-01, 8.188492754353234038e-02
8.188923756579584434e-02, 4.736590463898524006e-01, 3.625689070240989964e-01, 8.188280902025275865e-02
8.188711264800081768e-02, 4.736850946371529147e-01, 3.625470959799937387e-01, 8.188069673485261213e-02
8.188499399379586818e-02, 4.737111476578356184e-01, 3.625252676594142853e-01, 8.187859068895439463e-02
8.188288160475831745e-02, 4.737372054406303601e-01, 3.625034220704318466e-01, 8.187649088417962850e-02
8.188077548246462667e-02, 4.737632679742638242e-01, 3.624815592211224069e-01, 8.187439732214903121e-02
8.187867562849059089e-02, 4.737893352474601971e-01, 3.624596791195666690e-01, 8.187231000448251528e-02
8.187658204441110310e-02, 4.738154072489406121e-01, 3.624377817738493879e-01, 8.187022893279898017e-02
8.187449473180022363e-02, 4.738414839674232049e-01, 3.624158671920599262e-01, 8.186815410871653431e-02
8.187241369223141607e-02, 4.738675653916236685e-01, 3.623939353822924758e-01, 8.186608553385241183e-02
8.187033892727713091e-02, 4.738936515102544211e-01, 3.623719863526453921e-01, 8.186402320982301417e-02
8.186827043850922192e-02, 4.739197423120253827e-01, 3.623500201112214714e-01, 8.186196713824382687e-02
8.186620822749865467e-02, 4.739458377856434201e-01, 3.623280366661284502e-01, 8.185991732072953053e-02
8.186415229581561759e-02, 4.739719379198126248e-01, 3.623060360254780621e-01, 8.185787375889386208e-02
8.186210264502952194e-02, 4.739980427032342014e-01, 3.622840181973864260e-01, 8.185583645434978128e-02
8.186005927670912674e-02, 4.740241521246068013e-01, 3.622619831899746012e-01, 8.185380540870944299e-02
8.185802219242217792e-02, 4.740502661726260780e-01, 3.622399310113678661e-01, 8.185178062358398898e-02
8.185599139373585242e-02, 4.740763848359845212e-01, 3.622178616696957176e-01, 8.184976210058381163e-02
8.185396688221650841e-02, 4.741025081033726774e-01, 3.621957751730924824e-01, 8.184774984131851228e-02
8.185194865942964360e-02, 4.741286359634772629e-01, 3.621736715296964282e-01, 8.184574384739673469e-02
8.184993672694006184e-02, 4.741547684049829403e-01, 3.621515507476508189e-01, 8.184374412042631775e-02
8.184793108631183145e-02, 4.741809054165712078e-01, 3.621294128351026376e-01, 8.184175066201428150e-02
8.184593173910820196e-02, 4.742070469869208993e-01, 3.621072578002039744e-01, 8.183976347376681337e-02
8.184393868689172902e-02, 4.742331931047083504e-01, 3.620850856511107496e-01, 8.183778255728924034e-02
8.184195193122408007e-02, 4.742593437586063998e-01, 3.620628963959836577e-01, 8.183580791418604283e-02
8.183997147366627034e-02, 4.742854989372855545e-01, 3.620406900429875008e-01, 8.183383954606085475e-02
8.183799731577855174e-02, 4.743116586294135462e-01, 3.620184666002914664e-01, 8.183187745451657447e-02
8.183602945912039905e-02, 4.743378228236551641e-01, 3.619962260760692385e-01, 8.182992164115514278e-02
8.183406790525049601e-02, 4.743639915086728109e-01, 3.619739684784988865e-01, 8.182797210757780659e-02
8.183211265572690185e-02, 4.743901646731255584e-01, 3.619516938157625874e-01, 8.182602885538485527e-02
8.183016371210677375e-02, 4.744163423056701467e-01, 3.619294020960471814e-01, 8.182409188617582874e-02
8.182822107594664440e-02, 4.744425243949603743e-01, 3.619070933275434498e-01, 8.182216120154948980e-02
8.182628474880217218e-02, 4.744687109296473748e-01, 3.618847675184468926e-01, 8.182023680310368530e-02
8.182435473222843259e-02, 4.744949018983791733e-01, 3.618624246769569508e-01, 8.181831869243547106e-02
8.182243102777964072e-02, 4.745210972898017410e-01, 3.618400648112775064e-01, 8.181640687114109800e-02
8.182051363700933166e-02, 4.745472970925575518e-01, 3.618176879296169379e-01, 8.181450134081606762e-02
8.181860256147027721e-02, 4.745735012952870258e-01, 3.617952940401877870e-01, 8.181260210305497937e-02
8.181669780271451364e-02, 4.745997098866271413e-01, 3.617728831512066479e-01, 8.181070915945166944e-02
8.181479936229334171e-02, 4.746259228552128229e-01, 3.617504552708946108e-01, 8.180882251159912744e-02
8.181290724175736828e-02, 4.746521401896758308e-01, 3.617280104074772074e-01, 8.180694216108963523e-02
8.181102144265640919e-02, 4.746783618786452053e-01, 3.617055485691838546e-01, 8.180506810951454488e-02
8.180914196653958637e-02, 4.747045879107474886e-01, 3.616830697642482995e-01, 8.180320035846447291e-02
8.180726881495536951e-02, 4.747308182746064475e-01, 3.616605740009088965e-01, 8.180133890952928644e-02
8.180540198945129848e-02, 4.747570529588429622e-01, 3.616380612874077194e-01, 8.179948376429792278e-02
8.180354149157444132e-02, 4.747832919520753592e-01, 3.616155316319914492e-01, 8.179763492435865313e-02
8.180168732287099176e-02, 4.748095352429191895e-01, 3.615929850429108749e-01, 8.179579239129891599e-02
8.179983948488646350e-02, 4.748357828199872843e-01, 3.615704215284209488e-01, 8.179395616670534497e-02
8.179799797916563475e-02, 4.748620346718900320e-01, 3.615478410967806200e-01, 8.179212625216375487e-02
8.179616280725261757e-02, 4.748882907872346015e-01, 3.615252437562536114e-01, 8.179030264925925275e-02
8.179433397069074685e-02, 4.749145511546259968e-01, 3.615026295151072544e-01, 8.178848535957609911e-02
8.179251147102271913e-02, 4.749408157626660576e-01, 3.614799983816134321e-01, 8.178667438469776341e-02
8.179069530979045377e-02, 4.749670845999545143e-01, 3.614573503640480245e-01, 8.178486972620702122e-02
8.178888548853523177e-02, 4.749933576550878223e-01, 3.614346854706911860e-01, 8.178307138568577384e-02
8.178708200879755696e-02, 4.750196349166601051e-01, 3.614120037098271232e-01, 8.178127936471517312e-02
8.178528487211729481e-02, 4.750459163732629331e-01, 3.613893050897441506e-01, 8.177949366487564931e-02
8.178349408003356136e-02, 4.750722020134847123e-01, 3.613665896187350235e-01, 8.177771428774677220e-02
8.178170963408479266e-02, 4.750984918259115175e-01, 3.613438573050962721e-01, 8.177594123490740385e-02
8.177993153580871699e-02, 4.751247857991267587e-01, 3.613211081571287564e-01, 8.177417450793561526e-02
8.177815978674242425e-02, 4.751510839217112925e-01, 3.612983421831376107e-01, 8.177241410840874192e-02
8.177639438842222719e-02, 4.751773861822429779e-01, 3.612755593914314667e-01, 8.177066003790330051e-02
8.177463534238381404e-02, 4.752036925692972313e-01, 3.612527597903238408e-01, 8.176891229799505834e-02
8.177288265016210977e-02, 4.752300030714469159e-01, 3.612299433881319133e-01, 8.176717089025910268e-02
8.177113631329141485e-02, 4.752563176772620079e-01, 3.612071101931769168e-01, 8.176543581626956325e-02
8.176939633330532198e-02, 4.752826363753100969e-01, 3.611842602137844138e-01, 8.176370707760008405e-02
8.176766271173677159e-02, 4.753089591541559411e-01, 3.611613934582839636e-01, 8.176198467582339313e-02
8.176593545011795472e-02, 4.753352860023615789e-01, 3.611385099350090111e-01, 8.176026861251142752e-02
8.176421454998042404e-02, 4.753616169084867726e-01, 3.611156096522973313e-01, 8.175855888923544423e-02
8.176250001285506608e-02, 4.753879518610885091e-01, 3.610926926184905295e-01, 8.175685550756597864e-02
8.176079184027201796e-02, 4.754142908487208330e-01, 3.610697588419343740e-01, 8.175515846907276118e-02
8.175909003376087558e-02, 4.754406338599356796e-01, 3.610468083309786858e-01, 8.175346777532482845e-02
8.175739459485042993e-02, 4.754669808832818756e-01, 3.610238410939772269e-01, 8.175178342789039820e-02
8.175570552506884747e-02, 4.754933319073060827e-01, 3.610008571392879784e-01, 8.175010542833702210e-02
8.175402282594368408e-02, 4.755196869205520760e-01, 3.609778564752726959e-01, 8.174843377823147461e-02
8.175234649900171846e-02, 4.755460459115610772e-01, 3.609548391102974096e-01, 8.174676847913985023e-02
8.175067654576914644e-02, 4.755724088688718099e-01, 3.609318050527316468e-01, 8.174510953262738300e-02
8.174901296777148385e-02, 4.755987757810202776e-01, 3.609087543109496532e-01, 8.174345694025869635e-02
8.174735576653353875e-02, 4.756251466365396530e-01, 3.608856868933290607e-01, 8.174181070359763657e-02
8.174570494357952244e-02, 4.756515214239612765e-01, 3.608626028082517756e-01, 8.174017082420730052e-02
8.174406050043296623e-02, 4.756779001318131583e-01, 3.608395020641038120e-01, 8.173853730365011894e-02
8.174242243861670754e-02, 4.757042827486209213e-01, 3.608163846692745702e-01, 8.173691014348771766e-02
8.174079075965298702e-02, 4.757306692629078571e-01, 3.607932506321581134e-01, 8.173528934528108414e-02
8.173916546506336533e-02, 4.757570596631942039e-01, 3.607700999611520576e-01, 8.173367491059044254e-02
8.173754655636872313e-02, 4.757834539379980909e-01, 3.607469326646579599e-01, 8.173206684097519825e-02
8.173593403508933042e-02, 4.758098520758350380e-01, 3.607237487510814300e-01, 8.173046513799427093e-02
8.173432790274484661e-02, 4.758362540652176231e-01, 3.607005482288319076e-01, 8.172886980320565042e-02
8.173272816085416781e-02, 4.758626598946561481e-01, 3.606773311063229404e-01, 8.172728083816671596e-02
8.173113481093567667e-02, 4.758890695526583059e-01, 3.606540973919718507e-01, 8.172569824443412512e-02
8.172954785450702031e-02, 4.759154830277294024e-01, 3.606308470941997912e-01, 8.172412202356375832e-02
8.172796729308529073e-02, 4.759419003083717459e-01, 3.606075802214320225e-01, 8.172255217711095476e-02
8.172639312818680279e-02, 4.759683213830855353e-01, 3.605842967820975797e-01, 8.172098870663010994e-02
8.172482536132739950e-02, 4.759947462403681384e-01, 3.605609967846292729e-01, 8.171943161367510589e-02
8.172326399402218833e-02, 4.760211748687146471e-01, 3.605376802374640199e-01, 8.171788089979906133e-02
8.172170902778569390e-02, 4.760476072566173222e-01, 3.605143471490424578e-01, 8.171633656655438727e-02
8.172016046413174695e-02, 4.760740433925663151e-01, 3.604909975278091649e-01, 8.171479861549281465e-02
8.171861830457363696e-02, 4.761004832650485574e-01, 3.604676313822124945e-01, 8.171326704816533892e-02
8.171708255062391790e-02, 4.761269268625490936e-01, 3.604442487207047408e-01, 8.171174186612233103e-02
8.171555320379463028e-02, 4.761533741735500813e-01, 3.604208495517419175e-01, 8.171022307091338477e-02
8.171403026559713456e-02, 4.761798251865314024e-01, 3.603974338837840352e-01, 8.170871066408745553e-02
8.171251373754212510e-02, 4.762062798899702742e-01, 3.603740017252948236e-01, 8.170720464719281873e-02
8.171100362113975502e-02, 4.762327382723414160e-01, 3.603505530847417870e-01, 8.170570502177701422e-02
8.170949991789955291e-02, 4.762592003221169934e-01, 3.603270879705964269e-01, 8.170421178938698514e-02
8.170800262933038127e-02, 4.762856660277667853e-01, 3.603036063913338527e-01, 8.170272495156891135e-02
8.170651175694050583e-02, 4.763121353777580169e-01, 3.602801083554330597e-01, 8.170124450986829268e-02
8.170502730223765109e-02, 4.763386083605552490e-01, 3.602565938713770399e-01, 8.169977046582999058e-02
8.170354926672879214e-02, 4.763650849646207663e-01, 3.602330629476522827e-01, 8.169830282099817265e-02
8.170207765192039062e-02, 4.763915651784144112e-01, 3.602095155927488301e-01, 8.169684157691634030e-02
8.170061245931829752e-02, 4.764180489903932503e-01, 3.601859518151611095e-01, 8.169538673512734273e-02
8.169915369042775322e-02, 4.764445363890120189e-01, 3.601623716233870454e-01, 8.169393829717329358e-02
8.169770134675331807e-02, 4.764710273627230652e-01, 3.601387750259280041e-01, 8.169249626459566815e-02
8.169625542979910837e-02, 4.764975218999759066e-01, 3.601151620312896817e-01, 8.169106063893530334e-02
8.169481594106846323e-02, 4.765240199892182282e-01, 3.600915326479810497e-01, 8.168963142173234215e-02
8.169338288206426379e-02, 4.765505216188944959e-01, 3.600678868845150205e-01, 8.168820861452624760e-02
8.169195625428872509e-02, 4.765770267774472879e-01, 3.600442247494081149e-01, 8.168679221885588593e-02
8.169053605924347927e-02, 4.766035354533162960e-01, 3.600205462511807952e-01, 8.168538223625940176e-02
8.168912229842956174e-02, 4.766300476349391024e-01, 3.599968513983570206e-01, 8.168397866827428744e-02
8.168771497334743892e-02, 4.766565633107506250e-01, 3.599731401994645252e-01, 8.168258151643741083e-02
8.168631408549698047e-02, 4.766830824691832835e-01, 3.599494126630348179e-01, 8.168119078228500141e-02
8.168491963637737607e-02, 4.767096050986671663e-01, 3.599256687976028490e-01, 8.167980646735252537e-02
8.168353162748745455e-02, 4.767361311876298635e-01, 3.599019086117077326e-01, 8.167842857317494931e-02
8.168215006032518433e-02, 4.767626607244965231e-01, 3.598781321138918021e-01, 8.167705710128649044e-02
8.168077493638818687e-02, 4.767891936976897949e-01, 3.598543393127012213e-01, 8.167569205322074144e-02
8.167940625717336200e-02, 4.768157300956300526e-01, 3.598305302166858732e-01, 8.167433343051069827e-02
8.167804402417709608e-02, 4.768422699067351722e-01, 3.598067048343991936e-01, 8.167298123468863524e-02
8.167668823889509544e-02, 4.768688131194201985e-01, 3.597828631743984484e-01, 8.167163546728624379e-02
8.167533890282267783e-02, 4.768953597220984553e-01, 3.597590052452443454e-01, 8.167029612983457698e-02
8.167399601745443938e-02, 4.769219097031803245e-01, 3.597351310555012005e-01, 8.166896322386399398e-02
8.167265958428442107e-02, 4.769484630510738565e-01, 3.597112406137373264e-01, 8.166763675090428498e-02
8.167132960480617820e-02, 4.769750197541848813e-01, 3.596873339285243110e-01, 8.166631671248456015e-02
8.167000608051255828e-02, 4.770015798009165642e-01, 3.596634110084374059e-01, 8.166500311013334679e-02
8.166868901289603411e-02, 4.770281431796698501e-01, 3.596394718620555819e-01, 8.166369594537851995e-02
8.166737840344831523e-02, 4.770547098788431306e-01, 3.596155164979613073e-01, 8.166239521974727467e-02
8.166607425366069484e-02, 4.770812798868324656e-01, 3.595915449247407136e-01, 8.166110093476629250e-02
8.166477656502377225e-02, 4.771078531920313059e-01, 3.595675571509833190e-01, 8.165981309196150562e-02
8.166348533902777207e-02, 4.771344297828311598e-01, 3.595435531852828048e-01, 8.165853169285833268e-02
8.166220057716216951e-02, 4.771610096476206486e-01, 3.595195330362355723e-01, 8.165725673898149850e-02
8.166092228091599570e-02, 4.771875927747863400e-01, 3.594954967124424083e-01, 8.165598823185514499e-02
8.165965045177771275e-02, 4.772141791527123034e-01, 3.594714442225072082e-01, 8.165472617300278957e-02
8.165838509123524158e-02, 4.772407687697801104e-01, 3.594473755750373090e-01, 8.165347056394738068e-02
8.165712620077586470e-02, 4.772673616143690567e-01, 3.594232907786440445e-01, 8.165222140621114510e-02
8.165587378188644829e-02, 4.772939576748559398e-01, 3.593991898419419129e-01, 8.165097870131578228e-02
8.165462783605320629e-02, 4.773205569396154480e-01, 3.593750727735489647e-01, 8.164974245078236714e-02
8.165338836476185302e-02, 4.773471593970195492e-01, 3.593509395820871921e-01, 8.164851265613137787e-02
8.165215536949757547e-02, 4.773737650354381024e-01, 3.593267902761815291e-01, 8.164728931888266816e-02
8.165092885174499160e-02, 4.774003738432386346e-01, 3.593026248644608511e-01, 8.164607244055549495e-02
8.164970881298816430e-02, 4.774269858087859530e-01, 3.592784433555573087e-01, 8.164486202266851844e-02
8.164849525471068459e-02, 4.774536009204428111e-01, 3.592542457581066051e-01, 8.164365806673980208e-02
8.164728817839553288e-02, 4.774802191665695195e-01, 3.592300320807481073e-01, 8.164246057428678482e-02
8.164608758552518997e-02, 4.775068405355241130e-01, 3.592058023321243465e-01, 8.164126954682635051e-02
8.164489347758158155e-02, 4.775334650156620175e-01, 3.591815565208815730e-01, 8.164008498587477236e-02
8.164370585604616148e-02, 4.775600925953365494e-01, 3.591572946556695345e-01, 8.163890689294772685e-02
8.164252472239980074e-02, 4.775867232628986381e-01, 3.591330167451411981e-01, 8.163773526956027982e-02
8.164135007812282907e-02, 4.776133570066968814e-01, 3.591087227979533059e-01, 8.163657011722696977e-02
8.164018192469513213e-02, 4.776399938150774349e-01, 3.590844128227657084e-01, 8.163541143746166906e-02
8.163902026359597108e-02, 4.776666336763841780e-01, 3.590600868282420866e-01, 8.163425923177772270e-02
8.163786509630417687e-02, 4.776932765789587698e-01, 3.590357448230492854e-01, 8.163311350168792058e-02
8.163671642429796982e-02, 4.777199225111402048e-01, 3.590113868158575361e-01, 8.163197424870438645e-02
8.163557424905508453e-02, 4.777465714612655345e-01, 3.589870128153407336e-01, 8.163084147433868898e-02
8.163443857205282539e-02, 4.777732234176693127e-01, 3.589626228301760480e-01, 8.162971518010188332e-02
8.163330939476784454e-02, 4.777998783686837059e-01, 3.589382168690440911e-01, 8.162859536750437239e-02
8.163218671867635001e-02, 4.778265363026386603e-01, 3.589137949406288608e-01, 8.162748203805601788e-02
8.163107054525409190e-02, 4.778531972078618462e-01, 3.588893570536178523e-01, 8.162637519326612634e-02
8.162996087597619577e-02, 4.778798610726786578e-01, 3.588649032167017250e-01, 8.162527483464342148e-02
8.162885771231732923e-02, 4.779065278854117138e-01, 3.588404334385748573e-01, 8.162418096369604414e-02
8.162776105575167418e-02, 4.779331976343821897e-01, 3.588159477279345699e-01, 8.162309358193159392e-02
8.162667090775288514e-02, 4.779598703079079303e-01, 3.587914460934820693e-01, 8.162201269085705979e-02
8.162558726979413093e-02, 4.779865458943053924e-01, 3.587669285439214484e-01, 8.162093829197893113e-02
8.162451014334805299e-02, 4.780132243818882576e-01, 3.587423950879605195e-01, 8.161987038680307283e-02
8.162343952988684870e-02, 4.780399057589680978e-01, 3.587178457343102589e-01, 8.161880897683490566e-02
8.162237543088214642e-02, 4.780665900138538760e-01, 3.586932804916850293e-01, 8.161775406357910101e-02
8.162131784780508881e-02, 4.780932771348526678e-01, 3.586686993688022462e-01, 8.161670564853996945e-02
8.162026678212637443e-02, 4.781199671102691062e-01, 3.586441023743835443e-01, 8.161566373322115542e-02
8.161922223531614673e-02, 4.781466599284054375e-01, 3.586194895171526675e-01, 8.161462831912574822e-02
8.161818420884411895e-02, 4.781733555775618538e-01, 3.585948608058376896e-01, 8.161359940775639310e-02
8.161715270417950474e-02, 4.782000540460359383e-01, 3.585702162491695155e-01, 8.161257700061504139e-02
8.161612772279099037e-02, 4.782267553221234424e-01, 3.585455558558823808e-01, 8.161156109920321422e-02
8.161510926614680417e-02, 4.782534593941173973e-01, 3.585208796347139071e-01, 8.161055170502183598e-02
8.161409733571467484e-02, 4.782801662503090578e-01, 3.584961875944048804e-01, 8.160954881957130369e-02
8.161309193296188702e-02, 4.783068758789869590e-01, 3.584714797436998057e-01, 8.160855244435148703e-02
8.161209305935514247e-02, 4.783335882684374152e-01, 3.584467560913457418e-01, 8.160756258086163117e-02
8.161110071636083763e-02, 4.783603034069450199e-01, 3.584220166460936885e-01, 8.160657923060059271e-02
8.161011490544470282e-02, 4.783870212827913138e-01, 3.583972614166973658e-01, 8.160560239506656210e-02
8.160913562807214916e-02, 4.784137418842562828e-01, 3.583724904119143240e-01, 8.160463207575724409e-02
8.160816288570800492e-02, 4.784404651996170821e-01, 3.583477036405049443e-01, 8.160366827416982993e-02
8.160719667981670977e-02, 4.784671912171493124e-01, 3.583229011112329943e-01, 8.160271099180098353e-02
8.160623701186214829e-02, 4.784939199251255770e-01, 3.582980828328654055e-01, 8.160176023014677205e-02
8.160528388330778871e-02, 4.785206513118167582e-01, 3.582732488141724958e-01, 8.160081599070284630e-02
8.160433729561668292e-02, 4.785473853654913512e-01, 3.582483990639278026e-01, 8.159987827496421875e-02
8.160339725025124447e-02, 4.785741220744155755e-01, 3.582235335909077500e-01, 8.159894708442548550e-02
8.160246374867360930e-02, 4.786008614268533745e-01, 3.581986524038924813e-01, 8.159802242058057653e-02
8.160153679234537216e-02, 4.786276034110665267e-01, 3.581737555116650262e-01, 8.159710428492307488e-02
8.160061638272766982e-02, 4.786543480153148122e-01, 3.581488429230115789e-01, 8.159619267894598071e-02
8.159970252128112556e-02, 4.786810952278553466e-01, 3.581239146467217194e-01, 8.159528760414172521e-02
8.159879520946608511e-02, 4.787078450369434690e-01, 3.580989706915881365e-01, 8.159438906200225383e-02
8.159789444874220032e-02, 4.787345974308319096e-01, 3.580740110664068498e-01, 8.159349705401905406e-02
8.159700024056887324e-02, 4.787613523977714558e-01, 3.580490357799766543e-01, 8.159261158168303052e-02
8.159611258640492304e-02, 4.787881099260105078e-01, 3.580240448410999532e-01, 8.159173264648458823e-02
8.159523148770879419e-02, 4.788148700037954120e-01, 3.579990382585820918e-01, 8.159086024991370201e-02
8.159435694593837607e-02, 4.788416326193703498e-01, 3.579740160412314132e-01, 8.158999439345974991e-02
8.159348896255132211e-02, 4.788683977609770048e-01, 3.579489781978599794e-01, 8.158913507861166592e-02
8.159262753900459186e-02, 4.788951654168552841e-01, 3.579239247372822952e-01, 8.158828230685782890e-02
8.159177267675482570e-02, 4.789219355752424856e-01, 3.578988556683164735e-01, 8.158743607968617362e-02
8.159092437725824765e-02, 4.789487082243739646e-01, 3.578737709997835692e-01, 8.158659639858412138e-02
8.159008264197062377e-02, 4.789754833524828559e-01, 3.578486707405079126e-01, 8.158576326503856613e-02
8.158924747234720665e-02, 4.790022609478001292e-01, 3.578235548993167758e-01, 8.158493668053594383e-02
8.158841886984291580e-02, 4.790290409985543119e-01, 3.577984234850405953e-01, 8.158411664656214923e-02
8.158759683591217116e-02, 4.790558234929720438e-01, 3.577732765065130827e-01, 8.158330316460271625e-02
8.158678137200896241e-02, 4.790826084192778556e-01, 3.577481139725706138e-01, 8.158249623614249879e-02
8.158597247958690457e-02, 4.791093957656937796e-01, 3.577229358920532287e-01, 8.158169586266600382e-02
8.158517016009909917e-02, 4.791361855204399611e-01, 3.576977422738037982e-01, 8.158090204565722481e-02
8.158437441499828691e-02, 4.791629776717341582e-01, 3.576725331266679686e-01, 8.158011478659961402e-02
8.158358524573675052e-02, 4.791897722077921862e-01, 3.576473084594949392e-01, 8.157933408697619349e-02
8.158280265376634255e-02, 4.792165691168274178e-01, 3.576220682811367957e-01, 8.157855994826952728e-02
8.158202664053851305e-02, 4.792433683870512273e-01, 3.575968126004485104e-01, 8.157779237196162436e-02
8.158125720750426801e-02, 4.792701700066731019e-01, 3.575715414262885528e-01, 8.157703135953411899e-02
8.158049435611421096e-02, 4.792969739638999194e-01, 3.575462547675178904e-01, 8.157627691246807644e-02
8.157973808781852909e-02, 4.793237802469364484e-01, 3.575209526330009324e-01, 8.157552903224411789e-02
8.157898840406695162e-02, 4.793505888439856810e-01, 3.574956350316049747e-01, 8.157478772034244818e-02
8.157824530630888860e-02, 4.793773997432479450e-01, 3.574703019722004216e-01, 8.157405297824270318e-02
8.157750879599322269e-02, 4.794042129329221247e-01, 3.574449534636605086e-01, 8.157332480742413017e-02
8.157677887456848964e-02, 4.794310284012041623e-01, 3.574195895148619129e-01, 8.157260320936550457e-02
8.157605554348278110e-02, 4.794578461362883903e-01, 3.573942101346836986e-01, 8.157188818554501897e-02
8.157533880418385563e-02, 4.794846661263669763e-01, 3.573688153320086491e-01, 8.157117973744065775e-02
8.157462865811895836e-02, 4.795114883596295896e-01, 3.573434051157217684e-01, 8.157047786652966981e-02
8.157392510673500130e-02, 4.795383128242641790e-01, 3.573179794947116683e-01, 8.156978257428899870e-02
8.157322815147846629e-02, 4.795651395084564728e-01, 3.572925384778699032e-01, 8.156909386219510227e-02
8.157253779379543268e-02, 4.795919684003898675e-01, 3.572670820740905806e-01, 8.156841173172396653e-02
8.157185403513161903e-02, 4.796187994882460393e-01, 3.572416102922712500e-01, 8.156773618435114726e-02
8.157117687693225816e-02, 4.796456327602039438e-01, 3.572161231413120697e-01, 8.156706722155170064e-02
8.157050632064227758e-02, 4.796724682044410382e-01, 3.571906206301164177e-01, 8.156640484480028042e-02
8.156984236770617458e-02, 4.796993058091322260e-01, 3.571651027675905588e-01, 8.156574905557106847e-02
8.156918501956803014e-02, 4.797261455624505788e-01, 3.571395695626435884e-01, 8.156509985533783036e-02
8.156853427767155051e-02, 4.797529874525668925e-01, 3.571140210241877111e-01, 8.156445724557385979e-02
8.156789014346003952e-02, 4.797798314676499087e-01, 3.570884571611379621e-01, 8.156382122775196475e-02
8.156725261837648178e-02, 4.798066775958664265e-01, 3.570628779824125409e-01, 8.156319180334463403e-02
8.156662170386336230e-02, 4.798335258253808577e-01, 3.570372834969319786e-01, 8.156256897382377358e-02
8.156599740136287469e-02, 4.798603761443557270e-01, 3.570116737136205809e-01, 8.156195274066092848e-02
8.156537971231676842e-02, 4.798872285409512273e-01, 3.569860486414048184e-01, 8.156134310532719978e-02
8.156476863816645995e-02, 4.799140830033259419e-01, 3.569604082892144370e-01, 8.156074006929327214e-02
8.156416418035289384e-02, 4.799409395196357897e-01, 3.569347526659820691e-01, 8.156014363402931677e-02
8.156356634031677877e-02, 4.799677980780349129e-01, 3.569090817806431226e-01, 8.155955380100517182e-02
8.156297511949835155e-02, 4.799946586666755111e-01, 3.568833956421360032e-01, 8.155897057169023134e-02
8.156239051933741879e-02, 4.800215212737071746e-01, 3.568576942594019474e-01, 8.155839394755336202e-02
8.156181254127356506e-02, 4.800483858872782172e-01, 3.568319776413850231e-01, 8.155782393006312525e-02
8.156124118674586143e-02, 4.800752524955340106e-01, 3.568062457970323509e-01, 8.155726052068756893e-02
8.156067645719314307e-02, 4.801021210866188160e-01, 3.567804987352937163e-01, 8.155670372089442177e-02
8.156011835405371779e-02, 4.801289916486736198e-01, 3.567547364651219022e-01, 8.155615353215085739e-02
8.155956687876562972e-02, 4.801558641698383534e-01, 3.567289589954723561e-01, 8.155560995592371631e-02
8.155902203276656215e-02, 4.801827386382504503e-01, 3.567031663353036897e-01, 8.155507299367940888e-02
8.155848381749376819e-02, 4.802096150420454013e-01, 3.566773584935769015e-01, 8.155454264688394295e-02
8.155795223438422337e-02, 4.802364933693566984e-01, 3.566515354792563208e-01, 8.155401891700286843e-02
8.155742728487444526e-02, 4.802633736083153915e-01, 3.566256973013087750e-01, 8.155350180550134664e-02
8.155690897040063225e-02, 4.802902557470510869e-01, 3.565998439687041444e-01, 8.155299131384412259e-02
8.155639729239869129e-02, 4.803171397736909487e-01, 3.565739754904148628e-01, 8.155248744349556655e-02
8.155589225230405748e-02, 4.803440256763599758e-01, 3.565480918754163620e-01, 8.155199019591956311e-02
8.155539385155193000e-02, 4.803709134431815575e-01, 3.565221931326867932e-01, 8.155149957257969151e-02
8.155490209157700843e-02, 4.803978030622766959e-01, 3.564962792712073614e-01, 8.155101557493903142e-02
8.155441697381378419e-02, 4.804246945217643949e-01, 3.564703502999614360e-01, 8.155053820446027391e-02
8.155393849969634623e-02, 4.804515878097618264e-01, 3.564444062279359948e-01, 8.155006746260581862e-02
8.155346667065838107e-02, 4.804784829143838865e-01, 3.564184470641202362e-01, 8.154960335083756562e-02
8.155300148813331151e-02, 4.805053798237435836e-01, 3.563924728175061896e-01, 8.154914587061698472e-02
8.155254295355413019e-02, 4.805322785259516505e-01, 3.563664834970889372e-01, 8.154869502340519882e-02
8.155209106835360766e-02, 4.805591790091173210e-01, 3.563404791118660042e-01, 8.154825081066299775e-02
8.155164583396401490e-02, 4.805860812613473310e-01, 3.563144596708378575e-01, 8.154781323385068559e-02
8.155120725181747021e-02, 4.806129852707465289e-01, 3.562884251830077398e-01, 8.154738229442821951e-02
8.155077532334553680e-02, 4.806398910254177093e-01, 3.562623756573815581e-01, 8.154695799385512645e-02
8.155035004997961134e-02, 4.806667985134617793e-01, 3.562363111029678842e-01, 8.154654033359058640e-02
8.154993143315071580e-02, 4.806937077229776478e-01, 3.562102315287783427e-01, 8.154612931509343243e-02
8.154951947428944192e-02, 4.807206186420618366e-01, 3.561841369438267790e-01, 8.154572493982198411e-02
8.154911417482621494e-02, 4.807475312588093685e-01, 3.561580273571302024e-01, 8.154532720923431122e-02
8.154871553619096047e-02, 4.807744455613129908e-01, 3.561319027777080093e-01, 8.154493612478802556e-02
8.154832355981339598e-02, 4.808013615376634520e-01, 3.561057632145827601e-01, 8.154455168794039199e-02
8.154793824712285033e-02, 4.808282791759495023e-01, 3.560796086767792912e-01, 8.154417390014830069e-02
8.154755959954834710e-02, 4.808551984642581156e-01, 3.560534391733253257e-01, 8.154380276286822549e-02
8.154718761851859066e-02, 4.808821193906738789e-01, 3.560272547132512511e-01, 8.154343827755630714e-02
8.154682230546191068e-02, 4.809090419432796026e-01, 3.560010553055901195e-01, 8.154308044566832558e-02
8.154646366180640094e-02, 4.809359661101562655e-01, 3.559748409593777030e-01, 8.154272926865961668e-02
8.154611168897978046e-02, 4.809628918793825147e-01, 3.559486116836524383e-01, 8.154238474798519709e-02
8.154576638840947689e-02, 4.809898192390352767e-01, 3.559223674874553711e-01, 8.154204688509975041e-02
8.154542776152254313e-02, 4.810167481771895348e-01, 3.558961083798303227e-01, 8.154171568145757165e-02
8.154509580974578231e-02, 4.810436786819177746e-01, 3.558698343698237787e-01, 8.154139113851252563e-02
8.154477053450565061e-02, 4.810706107412914823e-01, 3.558435454664847786e-01, 8.154107325771818571e-02
8.154445193722831275e-02, 4.810975443433789800e-01, 3.558172416788649151e-01, 8.154076204052773669e-02
8.154414001933957268e-02, 4.811244794762475907e-01, 3.557909230160187786e-01, 8.154045748839403029e-02
8.154383478226501225e-02, 4.811514161279621393e-01, 3.557645894870032355e-01, 8.154015960276952968e-02
8.154353622742985253e-02, 4.811783542865857854e-01, 3.557382411008780387e-01, 8.153986838510635105e-02
8.154324435625896761e-02, 4.812052939401794682e-01, 3.557118778667053283e-01, 8.153958383685626365e-02
8.154295917017703732e-02, 4.812322350768023504e-01, 3.556854997935500751e-01, 8.153930595947064819e-02
8.154268067060828351e-02, 4.812591776845113190e-01, 3.556591068904798036e-01, 8.153903475440059390e-02
8.154240885897678925e-02, 4.812861217513618173e-01, 3.556326991665645920e-01, 8.153877022309682920e-02
8.154214373670622129e-02, 4.813130672654070685e-01, 3.556062766308770717e-01, 8.153851236700969396e-02
8.154188530522003819e-02, 4.813400142146982419e-01, 3.555798392924926499e-01, 8.153826118758919494e-02
8.154163356594125445e-02, 4.813669625872845081e-01, 3.555533871604891760e-01, 8.153801668628497812e-02
8.154138852029281515e-02, 4.813939123712134838e-01, 3.555269202439472753e-01, 8.153777886454642576e-02
8.154115016969719354e-02, 4.814208635545305093e-01, 3.555004385519498489e-01, 8.153754772382250382e-02
8.154091851557661308e-02, 4.814478161252791488e-01, 3.554739420935824623e-01, 8.153732326556184518e-02
8.154069355935300578e-02, 4.814747700715006906e-01, 3.554474308779336233e-01, 8.153710549121276352e-02
8.154047530244805386e-02, 4.815017253812348685e-01, 3.554209049140938381e-01, 8.153689440222321172e-02
8.154026374628309259e-02, 4.815286820425194736e-01, 3.553943642111564993e-01, 8.153669000004083733e-02
8.154005889227924908e-02, 4.815556400433901318e-01, 3.553678087782176642e-01, 8.153649228611296873e-02
8.153986074185726185e-02, 4.815825993718807485e-01, 3.553412386243756105e-01, 8.153630126188653182e-02
8.153966929643768902e-02, 4.816095600160229528e-01, 3.553146537587312248e-01, 8.153611692880821660e-02
8.153948455744072787e-02, 4.816365219638468753e-01, 3.552880541903881140e-01, 8.153593928832428284e-02
8.153930652628635367e-02, 4.816634852033807035e-01, 3.552614399284523272e-01, 8.153576834188074052e-02
8.153913520439422247e-02, 4.816904497226501825e-01, 3.552348109820323563e-01, 8.153560409092323880e-02
8.153897059318372664e-02, 4.817174155096799470e-01, 3.552081673602393019e-01, 8.153544653689712152e-02
8.153881269407402266e-02, 4.817443825524918566e-01, 3.551815090721868184e-01, 8.153529568124739946e-02
8.153866150848390615e-02, 4.817713508391065491e-01, 3.551548361269907805e-01, 8.153515152541875033e-02
8.153851703783197846e-02, 4.817983203575423312e-01, 3.551281485337702271e-01, 8.153501407085556041e-02
8.153837928353656339e-02, 4.818252910958158997e-01, 3.551014463016457512e-01, 8.153488331900186903e-02
8.153824824701563778e-02, 4.818522630419416197e-01, 3.550747294397412768e-01, 8.153475927130142409e-02
8.153812392968703970e-02, 4.818792361839326355e-01, 3.550479979571827260e-01, 8.153464192919766818e-02
8.153800633296821865e-02, 4.819062105097994819e-01, 3.550212518630986858e-01, 8.153453129413368305e-02
8.153789545827642982e-02, 4.819331860075511398e-01, 3.549944911666200742e-01, 8.153442736755231457e-02
8.153779130702865086e-02, 4.819601626651948134e-01, 3.549677158768805851e-01, 8.153433015089600611e-02
8.153769388064159573e-02, 4.819871404707354867e-01, 3.549409260030160218e-01, 8.153423964560697901e-02
8.153760318053165923e-02, 4.820141194121765338e-01, 3.549141215541647965e-01, 8.153415585312707992e-02
8.153751920811509735e-02, 4.820410994775192193e-01, 3.548873025394678193e-01, 8.153407877489787792e-02
8.153744196480781914e-02, 4.820680806547630870e-01, 3.548604689680683877e-01, 8.153400841236069230e-02
8.153737145202553938e-02, 4.820950629319056824e-01, 3.548336208491123522e-01, 8.153394476695648152e-02
8.153730767118362588e-02, 4.821220462969427190e-01, 3.548067581917477842e-01, 8.153388784012585710e-02
8.153725062369729382e-02, 4.821490307378682449e-01, 3.547798810051251972e-01, 8.153383763330922240e-02
8.153720031098143917e-02, 4.821760162426740326e-01, 3.547529892983978805e-01, 8.153379414794666158e-02
8.153715673445074974e-02, 4.822030027993501888e-01, 3.547260830807211218e-01, 8.153375738547795348e-02
8.153711989551966355e-02, 4.822299903958848777e-01, 3.546991623612528732e-01, 8.153372734734258553e-02
8.153708979560228554e-02, 4.822569790202645423e-01, 3.546722271491534184e-01, 8.153370403497972596e-02
8.153706643611263738e-02, 4.822839686604736831e-01, 3.546452774535854280e-01, 8.153368744982832095e-02
8.153704981846437994e-02, 4.823109593044948573e-01, 3.546183132837137930e-01, 8.153367759332691422e-02
8.153703994407095201e-02, 4.823379509403089016e-01, 3.545913346487063467e-01, 8.153367446691389686e-02
8.153703681434554262e-02, 4.823649435558944876e-01, 3.545643415577326985e-01, 8.153367807202727136e-02
8.153704043070113261e-02, 4.823919371392288991e-01, 3.545373340199652334e-01, 8.153368841010481816e-02
8.153705079455043914e-02, 4.824189316782871439e-01, 3.545103120445784461e-01, 8.153370548258398465e-02
8.153706790730599896e-02, 4.824459271610426203e-01, 3.544832756407493846e-01, 8.153372929090198229e-02
8.153709177038001576e-02, 4.824729235754667833e-01, 3.544562248176574837e-01, 8.153375983649571723e-02
8.153712238518452671e-02, 4.824999209095293673e-01, 3.544291595844842324e-01, 8.153379712080184583e-02
8.153715975313133302e-02, 4.825269191511978861e-01, 3.544020799504140062e-01, 8.153384114525667747e-02
8.153720387563201388e-02, 4.825539182884385214e-01, 3.543749859246330125e-01, 8.153389191129635505e-02
8.153725475409788481e-02, 4.825809183092152344e-01, 3.543478775163301231e-01, 8.153394942035664672e-02
8.153731238994006703e-02, 4.826079192014904318e-01, 3.543207547346963748e-01, 8.153401367387314025e-02
8.153737678456941806e-02, 4.826349209532243556e-01, 3.542936175889252470e-01, 8.153408467328103482e-02
8.153744793939655955e-02, 4.826619235523755269e-01, 3.542664660882124950e-01, 8.153416242001536307e-02
8.153752585583202983e-02, 4.826889269869009680e-01, 3.542393002417560943e-01, 8.153424691551086623e-02
8.153761053528595093e-02, 4.827159312447553141e-01, 3.542121200587566854e-01, 8.153433816120200794e-02
8.153770197916834772e-02, 4.827429363138919793e-01, 3.541849255484167402e-01, 8.153443615852298820e-02
8.153780018888900916e-02, 4.827699421822618242e-01, 3.541577167199414511e-01, 8.153454090890777106e-02
8.153790516585743275e-02, 4.827969488378145990e-01, 3.541304935825380085e-01, 8.153465241378997364e-02
8.153801691148301889e-02, 4.828239562684977781e-01, 3.541032561454162120e-01, 8.153477067460306038e-02
8.153813542717483487e-02, 4.828509644622572261e-01, 3.540760044177878041e-01, 8.153489569278020432e-02
8.153826071434189249e-02, 4.828779734070367535e-01, 3.540487384088670808e-01, 8.153502746975431481e-02
8.153839277439281497e-02, 4.829049830907787833e-01, 3.540214581278703920e-01, 8.153516600695800975e-02
8.153853160873607286e-02, 4.829319935014234622e-01, 3.539941635840166967e-01, 8.153531130582368502e-02
8.153867721878002572e-02, 4.829590046269096604e-01, 3.539668547865268411e-01, 8.153546336778354220e-02
8.153882960593271390e-02, 4.829860164551736390e-01, 3.539395317446242251e-01, 8.153562219426943591e-02
8.153898877160201120e-02, 4.830130289741507155e-01, 3.539121944675342468e-01, 8.153578778671302651e-02
8.153915471719561103e-02, 4.830400421717737092e-01, 3.538848429644849136e-01, 8.153596014654571067e-02
8.153932744412094313e-02, 4.830670560359742183e-01, 3.538574772447060646e-01, 8.153613927519863525e-02
8.153950695378531233e-02, 4.830940705546817315e-01, 3.538300973174302588e-01, 8.153632517410273894e-02
8.153969324759573201e-02, 4.831210857158237393e-01, 3.538027031918918319e-01, 8.153651784468865515e-02
8.153988632695909067e-02, 4.831481015073264551e-01, 3.537752948773276174e-01, 8.153671728838685073e-02
8.154008619328209639e-02, 4.831751179171139277e-01, 3.537478723829765026e-01, 8.153692350662747335e-02
8.154029284797119359e-02, 4.832021349331084847e-01, 3.537204357180798731e-01, 8.153713650084047637e-02
8.154050629243263237e-02, 4.832291525432306778e-01, 3.536929848918810571e-01, 8.153735627245561890e-02
8.154072652807255184e-02, 4.832561707353993374e-01, 3.536655199136257144e-01, 8.153758282290235471e-02
8.154095355629685515e-02, 4.832831894975315179e-01, 3.536380407925617253e-01, 8.153781615360991553e-02
8.154118737851119569e-02, 4.833102088175423861e-01, 3.536105475379391905e-01, 8.153805626600733880e-02
8.154142799612111581e-02, 4.833372286833451659e-01, 3.535830401590102090e-01, 8.153830316152337054e-02
8.154167541053200519e-02, 4.833642490828519156e-01, 3.535555186650294335e-01, 8.153855684158661798e-02
8.154192962314898985e-02, 4.833912700039721400e-01, 3.535279830652534039e-01, 8.153881730762536917e-02
8.154219063537694601e-02, 4.834182914346142890e-01, 3.535004333689410472e-01, 8.153908456106773173e-02
8.154245844862080539e-02, 4.834453133626844812e-01, 3.534728695853531222e-01, 8.153935860334160513e-02
8.154273306428502788e-02, 4.834723357760873363e-01, 3.534452917237530523e-01, 8.153963943587463903e-02
8.154301448377415662e-02, 4.834993586627256423e-01, 3.534176997934059816e-01, 8.153992706009423330e-02
8.154330270849233231e-02, 4.835263820105006327e-01, 3.533900938035794970e-01, 8.154022147742760740e-02
8.154359773984369564e-02, 4.835534058073113761e-01, 3.533624737635431279e-01, 8.154052268930178649e-02
8.154389957923210974e-02, 4.835804300410554424e-01, 3.533348396825689020e-01, 8.154083069714347654e-02
8.154420822806134062e-02, 4.836074546996286250e-01, 3.533071915699307342e-01, 8.154114550237936965e-02
8.154452368773486282e-02, 4.836344797709249965e-01, 3.532795294349044268e-01, 8.154146710643568607e-02
8.154484595965609539e-02, 4.836615052428367423e-01, 3.532518532867687244e-01, 8.154179551073864607e-02
8.154517504522822147e-02, 4.836885311032542711e-01, 3.532241631348034261e-01, 8.154213071671413682e-02
8.154551094585429927e-02, 4.837155573400664932e-01, 3.531964589882912731e-01, 8.154247272578785122e-02
8.154585366293720661e-02, 4.837425839411604866e-01, 3.531687408565169495e-01, 8.154282153938535727e-02
8.154620319787961313e-02, 4.837696108944212203e-01, 3.531410087487671379e-01, 8.154317715893190377e-02
8.154655955208411910e-02, 4.837966381877326638e-01, 3.531132626743306302e-01, 8.154353958585261464e-02
8.154692272695304722e-02, 4.838236658089762332e-01, 3.530855026424983278e-01, 8.154390882157236398e-02
8.154729272388866468e-02, 4.838506937460321233e-01, 3.530577286625634081e-01, 8.154428486751584548e-02
8.154766954429301662e-02, 4.838777219867785861e-01, 3.530299407438208803e-01, 8.154466772510755856e-02
8.154805318956796778e-02, 4.839047505190922638e-01, 3.530021388955680295e-01, 8.154505739577178058e-02
8.154844366111528575e-02, 4.839317793308479110e-01, 3.529743231271041948e-01, 8.154545388093262237e-02
8.154884096033659935e-02, 4.839588084099187837e-01, 3.529464934477306026e-01, 8.154585718201394495e-02
8.154924508863331534e-02, 4.839858377441761395e-01, 3.529186498667510330e-01, 8.154626730043951222e-02
8.154965604740667395e-02, 4.840128673214897370e-01, 3.528907923934707647e-01, 8.154668423763275498e-02
8.155007383805785992e-02, 4.840398971297275033e-01, 3.528629210371975744e-01, 8.154710799501707630e-02
8.155049846198786367e-02, 4.840669271567555332e-01, 3.528350358072410153e-01, 8.154753857401553230e-02
8.155092992059743973e-02, 4.840939573904384785e-01, 3.528071367129128610e-01, 8.154797597605108195e-02
8.155136821528739810e-02, 4.841209878186391036e-01, 3.527792237635269390e-01, 8.154842020254651769e-02
8.155181334745816024e-02, 4.841480184292183964e-01, 3.527512969683990751e-01, 8.154887125492434052e-02
8.155226531851014760e-02, 4.841750492100357350e-01, 3.527233563368470382e-01, 8.154932913460694044e-02
8.155272412984371222e-02, 4.842020801489489434e-01, 3.526954018781908173e-01, 8.154979384301655476e-02
8.155318978285883147e-02, 4.842291112338135139e-01, 3.526674336017523448e-01, 8.155026538157517102e-02
8.155366227895556597e-02, 4.842561424524841618e-01, 3.526394515168556065e-01, 8.155074375170463796e-02
8.155414161953369878e-02, 4.842831737928131597e-01, 3.526114556328265870e-01, 8.155122895482659617e-02
8.155462780599295747e-02, 4.843102052426513371e-01, 3.525834459589932135e-01, 8.155172099236254746e-02
8.155512083973286142e-02, 4.843372367898479136e-01, 3.525554225046855783e-01, 8.155221986573377158e-02
8.155562072215286062e-02, 4.843642684222501660e-01, 3.525273852792355500e-01, 8.155272557636139563e-02
8.155612745465228020e-02, 4.843913001277038721e-01, 3.524993342919773287e-01, 8.155323812566638020e-02
8.155664103863022318e-02, 4.844183318940532557e-01, 3.524712695522470018e-01, 8.155375751506954707e-02
8.155716147548577877e-02, 4.844453637091402642e-01, 3.524431910693824332e-01, 8.155428374599145436e-02
8.155768876661777245e-02, 4.844723955608060684e-01, 3.524150988527236517e-01, 8.155481681985261855e-02
8.155822291342501584e-02, 4.844994274368890075e-01, 3.523869929116126842e-01, 8.155535673807325081e-02
8.155876391730616792e-02, 4.845264593252268104e-01, 3.523588732553934455e-01, 8.155590350207352068e-02
8.155931177965972112e-02, 4.845534912136550409e-01, 3.523307398934119594e-01, 8.155645711327334790e-02
8.155986650188408460e-02, 4.845805230900073757e-01, 3.523025928350160263e-01, 8.155701757309251343e-02
8.156042808537757038e-02, 4.846075549421161588e-01, 3.522744320895557224e-01, 8.155758488295068720e-02
8.156099653153825457e-02, 4.846345867578119582e-01, 3.522462576663825118e-01, 8.155815904426724772e-02
8.156157184176422714e-02, 4.846616185249235098e-01, 3.522180695748505230e-01, 8.155874005846158736e-02
8.156215401745339766e-02, 4.846886502312783285e-01, 3.521898678243154390e-01, 8.155932792695284872e-02
8.156274306000353691e-02, 4.847156818647015974e-01, 3.521616524241347745e-01, 8.155992265115995232e-02
8.156333897081241568e-02, 4.847427134130175008e-01, 3.521334233836683758e-01, 8.156052423250184646e-02
8.156394175127745783e-02, 4.847697448640478357e-01, 3.521051807122775323e-01, 8.156113267239711861e-02
8.156455140279625371e-02, 4.847967762056133445e-01, 3.520769244193259762e-01, 8.156174797226438400e-02
8.156516792676606065e-02, 4.848238074255328822e-01, 3.520486545141789381e-01, 8.156237013352193865e-02
8.156579132458416370e-02, 4.848508385116237496e-01, 3.520203710062039804e-01, 8.156299915758812025e-02
8.156642159764769529e-02, 4.848778694517012489e-01, 3.519920739047699976e-01, 8.156363504588096114e-02
8.156705874735366291e-02, 4.849049002335793501e-01, 3.519637632192486043e-01, 8.156427779981846593e-02
8.156770277509896305e-02, 4.849319308450703581e-01, 3.519354389590124144e-01, 8.156492742081834779e-02
8.156835368228039507e-02, 4.849589612739845790e-01, 3.519071011334367061e-01, 8.156558391029830601e-02
8.156901147029467503e-02, 4.849859915081313200e-01, 3.518787497518981455e-01, 8.156624726967588723e-02
8.156967614053843574e-02, 4.850130215353175012e-01, 3.518503848237757858e-01, 8.156691750036841604e-02
8.157034769440815736e-02, 4.850400513433488769e-01, 3.518220063584498458e-01, 8.156759460379316151e-02
8.157102613330023677e-02, 4.850670809200293143e-01, 3.517936143653032643e-01, 8.156827858136719844e-02
8.157171145861097372e-02, 4.850941102531613480e-01, 3.517652088537201460e-01, 8.156896943450751836e-02
8.157240367173659856e-02, 4.851211393305453479e-01, 3.517367898330869824e-01, 8.156966716463094624e-02
8.157310277407321675e-02, 4.851481681399807955e-01, 3.517083573127918195e-01, 8.157037177315418219e-02
8.157380876701685046e-02, 4.851751966692646190e-01, 3.516799113022248124e-01, 8.157108326149378752e-02
8.157452165196339700e-02, 4.852022249061929138e-01, 3.516514518107775600e-01, 8.157180163106617088e-02
8.157524143030873975e-02, 4.852292528385595549e-01, 3.516229788478440477e-01, 8.157252688328767154e-02
8.157596810344860949e-02, 4.852562804541570851e-01, 3.515944924228197599e-01, 8.157325901957446224e-02
8.157670167277861206e-02, 4.852833077407766593e-01, 3.515659925451022350e-01, 8.157399804134259080e-02
8.157744213969438107e-02, 4.853103346862072121e-01, 3.515374792240904545e-01, 8.157474395000795242e-02
8.157818950559139748e-02, 4.853373612782363455e-01, 3.515089524691858425e-01, 8.157549674698641451e-02
8.157894377186498958e-02, 4.853643875046502743e-01, 3.514804122897910998e-01, 8.157625643369362245e-02
8.157970493991056893e-02, 4.853914133532332142e-01, 3.514518586953112034e-01, 8.157702301154516611e-02
8.158047301112326954e-02, 4.854184388117677162e-01, 3.514232916951525731e-01, 8.157779648195642719e-02
8.158124798689829482e-02, 4.854454638680350542e-01, 3.513947112987237387e-01, 8.157857684634278739e-02
8.158202986863072326e-02, 4.854724885098149478e-01, 3.513661175154347838e-01, 8.157936410611944800e-02
8.158281865771556396e-02, 4.854995127248850073e-01, 3.513375103546979017e-01, 8.158015826270151316e-02
8.158361435554770114e-02, 4.855265365010216216e-01, 3.513088898259267845e-01, 8.158095931750389274e-02
8.158441696352197736e-02, 4.855535598259993479e-01, 3.512802559385371781e-01, 8.158176727194152433e-02
8.158522648303317970e-02, 4.855805826875913001e-01, 3.512516087019463829e-01, 8.158258212742915128e-02
8.158604291547598419e-02, 4.856076050735689265e-01, 3.512229481255737529e-01, 8.158340388538140586e-02
8.158686626224499749e-02, 4.856346269717020658e-01, 3.511942742188401412e-01, 8.158423254721283713e-02
8.158769652473481238e-02, 4.856616483697588360e-01, 3.511655869911685102e-01, 8.158506811433788308e-02
8.158853370433989671e-02, 4.856886692555060225e-01, 3.511368864519832655e-01, 8.158591058817082908e-02
8.158937780245467675e-02, 4.857156896167085791e-01, 3.511081726107108114e-01, 8.158675997012596048e-02
8.159022882047348157e-02, 4.857427094411298496e-01, 3.510794454767792172e-01, 8.158761626161734060e-02
8.159108675979059866e-02, 4.857697287165318456e-01, 3.510507050596183842e-01, 8.158847946405901885e-02
8.159195162180025995e-02, 4.857967474306746358e-01, 3.510219513686601012e-01, 8.158934957886494754e-02
8.159282340789664190e-02, 4.858237655713170677e-01, 3.509931844133375445e-01, 8.159022660744887079e-02
8.159370211947376827e-02, 4.858507831262158794e-01, 3.509644042030857225e-01, 8.159111055122453271e-02
8.159458775792577390e-02, 4.858778000831268096e-01, 3.509356107473417530e-01, 8.159200141160560804e-02
8.159548032464657152e-02, 4.859048164298035433e-01, 3.509068040555443080e-01, 8.159289919000557723e-02
8.159637982103008780e-02, 4.859318321539984886e-01, 3.508779841371335029e-01, 8.159380388783789295e-02
8.159728624847022160e-02, 4.859588472434623330e-01, 3.508491510015515624e-01, 8.159471550651593852e-02
8.159819960836069141e-02, 4.859858616859442093e-01, 3.508203046582422657e-01, 8.159563404745290294e-02
8.159911990209539612e-02, 4.860128754691914743e-01, 3.507914451166511682e-01, 8.159655951206198909e-02
8.160004713106791541e-02, 4.860398885809503189e-01, 3.507625723862254352e-01, 8.159749190175627498e-02
8.160098129667198164e-02, 4.860669010089649911e-01, 3.507336864764142303e-01, 8.159843121794874143e-02
8.160192240030114674e-02, 4.860939127409784621e-01, 3.507047873966680496e-01, 8.159937746205234155e-02
8.160287044334900430e-02, 4.861209237647317605e-01, 3.506758751564393872e-01, 8.160033063547983412e-02
8.160382542720903687e-02, 4.861479340679646377e-01, 3.506469497651822920e-01, 8.160129073964400570e-02
8.160478735327472699e-02, 4.861749436384152356e-01, 3.506180112323525333e-01, 8.160225777595749019e-02
8.160575622293946008e-02, 4.862019524638200862e-01, 3.505890595674075461e-01, 8.160323174583287986e-02
8.160673203759664929e-02, 4.862289605319140562e-01, 3.505600947798066525e-01, 8.160421265068268371e-02
8.160771479863959676e-02, 4.862559678304306243e-01, 3.505311168790103959e-01, 8.160520049191928582e-02
8.160870450746159077e-02, 4.862829743471016597e-01, 3.505021258744816515e-01, 8.160619527095509806e-02
8.160970116545589181e-02, 4.863099800696573660e-01, 3.504731217756844042e-01, 8.160719698920233800e-02
8.161070477401573264e-02, 4.863369849858264482e-01, 3.504441045920845821e-01, 8.160820564807320932e-02
8.161171533453427662e-02, 4.863639890833361679e-01, 3.504150743331496121e-01, 8.160922124897987406e-02
8.161273284840463160e-02, 4.863909923499120103e-01, 3.503860310083489193e-01, 8.161024379333438328e-02
8.161375731701997482e-02, 4.864179947732781839e-01, 3.503569746271532059e-01, 8.161127328254874636e-02
8.161478874177330312e-02, 4.864449963411568434e-01, 3.503279051990348947e-01, 8.161230971803480616e-02
8.161582712405771045e-02, 4.864719970412694772e-01, 3.502988227334683513e-01, 8.161335310120450270e-02
8.161687246526619366e-02, 4.864989968613350757e-01, 3.502697272399291628e-01, 8.161440343346958171e-02
8.161792476679169406e-02, 4.865259957890715747e-01, 3.502406187278948591e-01, 8.161546071624177501e-02
8.161898403002723623e-02, 4.865529938121954112e-01, 3.502114972068445797e-01, 8.161652495093275894e-02
8.162005025636570599e-02, 4.865799909184213012e-01, 3.501823626862589078e-01, 8.161759613895409882e-02
8.162112344719997525e-02, 4.866069870954624066e-01, 3.501532151756202582e-01, 8.161867428171738770e-02
8.162220360392294372e-02, 4.866339823310304458e-01, 3.501240546844124890e-01, 8.161975938063405211e-02
8.162329072792752493e-02, 4.866609766128356385e-01, 3.500948812221213458e-01, 8.162085143711556023e-02
8.162438482060646594e-02, 4.866879699285865390e-01, 3.500656947982337397e-01, 8.162195045257326920e-02
8.162548588335258315e-02, 4.867149622659902586e-01, 3.500364954222386915e-01, 8.162305642841846676e-02
8.162659391755869298e-02, 4.867419536127523538e-01, 3.500072831036264431e-01, 8.162416936606245454e-02
8.162770892461755634e-02, 4.867689439565768272e-01, 3.499780578518891794e-01, 8.162528926691642317e-02
8.162883090592194801e-02, 4.867959332851661269e-01, 3.499488196765203618e-01, 8.162641613239152161e-02
8.162995986286458727e-02, 4.868229215862214243e-01, 3.499195685870151729e-01, 8.162754996389885720e-02
8.163109579683819339e-02, 4.868499088474419478e-01, 3.498903045928704048e-01, 8.162869076284950953e-02
8.163223870923548564e-02, 4.868768950565257048e-01, 3.498610277035844041e-01, 8.162983853065448880e-02
8.163338860144916942e-02, 4.869038802011689815e-01, 3.498317379286571827e-01, 8.163099326872472195e-02
8.163454547487192237e-02, 4.869308642690668432e-01, 3.498024352775901957e-01, 8.163215497847114976e-02
8.163570933089640824e-02, 4.869578472479124120e-01, 3.497731197598863417e-01, 8.163332366130465756e-02
8.163688017091534632e-02, 4.869848291253977557e-01, 3.497437913850506841e-01, 8.163449931863611675e-02
8.163805799632137261e-02, 4.870118098892132763e-01, 3.497144501625891744e-01, 8.163568195187628773e-02
8.163924280850709536e-02, 4.870387895270473777e-01, 3.496850961020095405e-01, 8.163687156243593090e-02
8.164043460886523385e-02, 4.870657680265877421e-01, 3.496557292128211758e-01, 8.163806815172573728e-02
8.164163339878843795e-02, 4.870927453755201086e-01, 3.496263495045350833e-01, 8.163927172115645337e-02
8.164283917966928816e-02, 4.871197215615286624e-01, 3.495969569866634319e-01, 8.164048227213867304e-02
8.164405195290048989e-02, 4.871466965722960896e-01, 3.495675516687202777e-01, 8.164169980608300403e-02
8.164527171987465137e-02, 4.871736703955039105e-01, 3.495381335602213424e-01, 8.164292432440006797e-02
8.164649848198446414e-02, 4.872006430188318693e-01, 3.495087026706833466e-01, 8.164415582850040320e-02
8.164773224062256418e-02, 4.872276144299578782e-01, 3.494792590096250096e-01, 8.164539431979449258e-02
8.164897299718153201e-02, 4.872545846165593497e-01, 3.494498025865663271e-01, 8.164663979969284668e-02
8.165022075305414240e-02, 4.872815535663109210e-01, 3.494203334110290715e-01, 8.164789226960593449e-02
8.165147550963294809e-02, 4.873085212668867849e-01, 3.493908514925361808e-01, 8.164915173094416945e-02
8.165273726831072387e-02, 4.873354877059590251e-01, 3.493613568406123693e-01, 8.165041818511796501e-02
8.165400603048005024e-02, 4.873624528711986148e-01, 3.493318494647837391e-01, 8.165169163353773463e-02
8.165528179753366034e-02, 4.873894167502745289e-01, 3.493023293745780578e-01, 8.165297207761378073e-02
8.165656457086430120e-02, 4.874163793308549653e-01, 3.492727965795243139e-01, 8.165425951875650290e-02
8.165785435186462271e-02, 4.874433406006060121e-01, 3.492432510891531616e-01, 8.165555395837616193e-02
8.165915114192734414e-02, 4.874703005471924810e-01, 3.492136929129969203e-01, 8.165685539788310188e-02
8.166045494244528191e-02, 4.874972591582779624e-01, 3.491841220605891305e-01, 8.165816383868759742e-02
8.166176575481112754e-02, 4.875242164215241036e-01, 3.491545385414647762e-01, 8.165947928219990937e-02
8.166308358041768356e-02, 4.875511723245914975e-01, 3.491249423651606176e-01, 8.166080172983029850e-02
8.166440842065768313e-02, 4.875781268551388492e-01, 3.490953335412144698e-01, 8.166213118298897011e-02
8.166574027692405369e-02, 4.876050800008237540e-01, 3.490657120791660906e-01, 8.166346764308618500e-02
8.166707915060952838e-02, 4.876320317493019751e-01, 3.490360779885564035e-01, 8.166481111153213457e-02
8.166842504310696527e-02, 4.876589820882281656e-01, 3.490064312789279422e-01, 8.166616158973703798e-02
8.166977795580925015e-02, 4.876859310052552576e-01, 3.489767719598244056e-01, 8.166751907911101727e-02
8.167113789010935210e-02, 4.877128784880348511e-01, 3.489471000407913803e-01, 8.166888358106436097e-02
8.167250484740010141e-02, 4.877398245242169361e-01, 3.489174155313756187e-01, 8.167025509700719110e-02
8.167387882907452268e-02, 4.877667691014503926e-01, 3.488877184411254828e-01, 8.167163362834971296e-02
8.167525983652551558e-02, 4.877937122073818244e-01, 3.488580087795905560e-01, 8.167301917650202081e-02
8.167664787114618796e-02, 4.878206538296575023e-01, 3.488282865563220314e-01, 8.167441174287438932e-02
8.167804293432950891e-02, 4.878475939559211438e-01, 3.487985517808724345e-01, 8.167581132887687112e-02
8.167944502746854463e-02, 4.878745325738156891e-01, 3.487688044627959560e-01, 8.167721793591969925e-02
8.168085415195643073e-02, 4.879014696709826349e-01, 3.487390446116479525e-01, 8.167863156541303737e-02
8.168227030918630283e-02, 4.879284052350614798e-01, 3.487092722369852793e-01, 8.168005221876702138e-02
8.168369350055129652e-02, 4.879553392536907785e-01, 3.486794873483661239e-01, 8.168147989739181491e-02
8.168512372744465844e-02, 4.879822717145072541e-01, 3.486496899553504503e-01, 8.168291460269762327e-02
8.168656099125959358e-02, 4.880092026051467968e-01, 3.486198800674990550e-01, 8.168435633609461011e-02
8.168800529338940408e-02, 4.880361319132429654e-01, 3.485900576943746776e-01, 8.168580509899298070e-02
8.168945663522743372e-02, 4.880630596264285415e-01, 3.485602228455412233e-01, 8.168726089280289870e-02
8.169091501816698464e-02, 4.880899857323345303e-01, 3.485303755305638740e-01, 8.168872371893458328e-02
8.169238044360148387e-02, 4.881169102185908271e-01, 3.485005157590095326e-01, 8.169019357879825360e-02
8.169385291292441398e-02, 4.881438330728254393e-01, 3.484706435404460456e-01, 8.169167047380410107e-02
8.169533242752920199e-02, 4.881707542826652646e-01, 3.484407588844431469e-01, 8.169315440536242812e-02
8.169681898880942761e-02, 4.881976738357355350e-01, 3.484108618005716806e-01, 8.169464537488341227e-02
8.169831259815862889e-02, 4.882245917196601503e-01, 3.483809522984037677e-01, 8.169614338377736984e-02
8.169981325697051044e-02, 4.882515079220616783e-01, 3.483510303875131386e-01, 8.169764843345458938e-02
8.170132096663866583e-02, 4.882784224305612431e-01, 3.483210960774747456e-01, 8.169916052532534556e-02
8.170283572855685517e-02, 4.883053352327781371e-01, 3.482911493778649281e-01, 8.170067966079999633e-02
8.170435754411886631e-02, 4.883322463163307092e-01, 3.482611902982615804e-01, 8.170220584128885799e-02
8.170588641471852875e-02, 4.883591556688355872e-01, 3.482312188482435955e-01, 8.170373906820230236e-02
8.170742234174967200e-02, 4.883860632779081223e-01, 3.482012350373914766e-01, 8.170527934295071515e-02
8.170896532660629208e-02, 4.884129691311622223e-01, 3.481712388752870035e-01, 8.170682666694449592e-02
8.171051537068238502e-02, 4.884398732162101298e-01, 3.481412303715134549e-01, 8.170838104159409976e-02
8.171207247537196072e-02, 4.884667755206629214e-01, 3.481112095356551084e-01, 8.170994246830994012e-02
8.171363664206911237e-02, 4.884936760321303972e-01, 3.480811763772979073e-01, 8.171151094850254148e-02
8.171520787216805803e-02, 4.885205747382205255e-01, 3.480511309060290159e-01, 8.171308648358244220e-02
8.171678616706300191e-02, 4.885474716265399420e-01, 3.480210731314369310e-01, 8.171466907496013898e-02
8.171837152814821759e-02, 4.885743666846940614e-01, 3.479910030631113149e-01, 8.171625872404623958e-02
8.171996395681804803e-02, 4.886012599002870216e-01, 3.479609207106436619e-01, 8.171785543225135173e-02
8.172156345446691950e-02, 4.886281512609209066e-01, 3.479308260836260769e-01, 8.171945920098612481e-02
8.172317002248929985e-02, 4.886550407541970786e-01, 3.479007191916524966e-01, 8.172107003166119432e-02
8.172478366227974023e-02, 4.886819283677149572e-01, 3.478706000443179680e-01, 8.172268792568730678e-02
8.172640437523283341e-02, 4.887088140890729626e-01, 3.478404686512190369e-01, 8.172431288447522257e-02
8.172803216274326932e-02, 4.887356979058677386e-01, 3.478103250219532483e-01, 8.172594490943567436e-02
8.172966702620580726e-02, 4.887625798056949855e-01, 3.477801691661197014e-01, 8.172758400197957518e-02
8.173130896701520653e-02, 4.887894597761484605e-01, 3.477500010933186614e-01, 8.172923016351771319e-02
8.173295798656643463e-02, 4.888163378048208663e-01, 3.477198208131517254e-01, 8.173088339546102921e-02
8.173461408625436186e-02, 4.888432138793034065e-01, 3.476896283352217121e-01, 8.173254369922046403e-02
8.173627726747410838e-02, 4.888700879871859528e-01, 3.476594236691329387e-01, 8.173421107620702786e-02
8.173794753162071103e-02, 4.888969601160566558e-01, 3.476292068244908884e-01, 8.173588552783175865e-02
8.173962488008935934e-02, 4.889238302535027780e-01, 3.475989778109020434e-01, 8.173756705550572210e-02
8.174130931427536773e-02, 4.889506983871098056e-01, 3.475687366379747734e-01, 8.173925566064006720e-02
8.174300083557403673e-02, 4.889775645044619479e-01, 3.475384833153180586e-01, 8.174095134464595680e-02
8.174469944538076405e-02, 4.890044285931420820e-01, 3.475082178525426557e-01, 8.174265410893466477e-02
8.174640514509104450e-02, 4.890312906407312532e-01, 3.474779402592602096e-01, 8.174436395491740948e-02
8.174811793610049782e-02, 4.890581506348100627e-01, 3.474476505450838082e-01, 8.174608088400558970e-02
8.174983781980475761e-02, 4.890850085629568356e-01, 3.474173487196279275e-01, 8.174780489761057645e-02
8.175156479759954076e-02, 4.891118644127486759e-01, 3.473870347925079316e-01, 8.174953599714378238e-02
8.175329887088071679e-02, 4.891387181717616328e-01, 3.473567087733408498e-01, 8.175127418401670343e-02
8.175504004104419686e-02, 4.891655698275702013e-01, 3.473263706717445998e-01, 8.175301945964093264e-02
8.175678830948596154e-02, 4.891924193677472110e-01, 3.472960204973386533e-01, 8.175477182542804921e-02
8.175854367760208852e-02, 4.892192667798646588e-01, 3.472656582597434261e-01, 8.175653128278972948e-02
8.176030614678876651e-02, 4.892461120514927098e-01, 3.472352839685807213e-01, 8.175829783313770527e-02
8.176207571844229527e-02, 4.892729551702003077e-01, 3.472048976334737302e-01, 8.176007147788377782e-02
8.176385239395898841e-02, 4.892997961235549531e-01, 3.471744992640463656e-01, 8.176185221843980389e-02
8.176563617473528445e-02, 4.893266348991227588e-01, 3.471440888699243166e-01, 8.176364005621764020e-02
8.176742706216777457e-02, 4.893534714844687272e-01, 3.471136664607341049e-01, 8.176543499262932391e-02
8.176922505765303606e-02, 4.893803058671561956e-01, 3.470832320461038067e-01, 8.176723702908689217e-02
8.177103016258785440e-02, 4.894071380347472244e-01, 3.470527856356624419e-01, 8.176904616700246542e-02
8.177284237836905667e-02, 4.894339679748024308e-01, 3.470223272390403069e-01, 8.177086240778823345e-02
8.177466170639348386e-02, 4.894607956748811550e-01, 3.469918568658689195e-01, 8.177268575285638608e-02
8.177648814805829613e-02, 4.894876211225414608e-01, 3.469613745257809634e-01, 8.177451620361933515e-02
8.177832170476050100e-02, 4.895144443053396355e-01, 3.469308802284103987e-01, 8.177635376148938151e-02
8.178016237789741127e-02, 4.895412652108312446e-01, 3.469003739833923516e-01, 8.177819842787906190e-02
8.178201016886627039e-02, 4.895680838265697443e-01, 3.468698558003630028e-01, 8.178005020420085758e-02
8.178386507906459935e-02, 4.895949001401079803e-01, 3.468393256889599763e-01, 8.178190909186743018e-02
8.178572710988983585e-02, 4.896217141389969107e-01, 3.468087836588218398e-01, 8.178377509229144138e-02
8.178759626273968131e-02, 4.896485258107861616e-01, 3.467782297195884933e-01, 8.178564820688564996e-02
8.178947253901187875e-02, 4.896753351430243595e-01, 3.467476638809008915e-01, 8.178752843706293962e-02
8.179135594010425447e-02, 4.897021421232584104e-01, 3.467170861524012659e-01, 8.178941578423616632e-02
8.179324646741478744e-02, 4.897289467390339990e-01, 3.466864965437329027e-01, 8.179131024981836640e-02
8.179514412234153986e-02, 4.897557489778954221e-01, 3.466558950645404202e-01, 8.179321183522265948e-02
8.179704890628269887e-02, 4.897825488273858663e-01, 3.466252817244693252e-01, 8.179512054186216519e-02
8.179896082063654872e-02, 4.898093462750467419e-01, 3.465946565331666229e-01, 8.179703637115014192e-02
8.180087986680148471e-02, 4.898361413084185156e-01, 3.465640195002801516e-01, 8.179895932449993134e-02
8.180280604617604090e-02, 4.898629339150398776e-01, 3.465333706354592480e-01, 8.180088940332495839e-02
8.180473936015882075e-02, 4.898897240824485744e-01, 3.465027099483539708e-01, 8.180282660903873126e-02
8.180667981014860812e-02, 4.899165117981807427e-01, 3.464720374486157661e-01, 8.180477094305481367e-02
8.180862739754428403e-02, 4.899432970497714646e-01, 3.464413531458974682e-01, 8.180672240678692198e-02
8.181058212374477112e-02, 4.899700798247541011e-01, 3.464106570498524107e-01, 8.180868100164884194e-02
8.181254399014918632e-02, 4.899968601106608479e-01, 3.463799491701355926e-01, 8.181064672905442869e-02
8.181451299815677147e-02, 4.900236378950226790e-01, 3.463492295164029566e-01, 8.181261959041759291e-02
8.181648914916685167e-02, 4.900504131653690698e-01, 3.463184980983115557e-01, 8.181459958715246727e-02
8.181847244457890467e-02, 4.900771859092283300e-01, 3.462877549255196086e-01, 8.181658672067314286e-02
8.182046288579251925e-02, 4.901039561141271594e-01, 3.462570000076864996e-01, 8.181858099239387727e-02
8.182246047420736745e-02, 4.901307237675910922e-01, 3.462262333544725013e-01, 8.182058240372899749e-02
8.182446521122332950e-02, 4.901574888571443855e-01, 3.461954549755393296e-01, 8.182259095609296928e-02
8.182647709824035498e-02, 4.901842513703099091e-01, 3.461646648805495330e-01, 8.182460665090031393e-02
8.182849613665850452e-02, 4.902110112946090337e-01, 3.461338630791667703e-01, 8.182662948956564986e-02
8.183052232787804692e-02, 4.902377686175620752e-01, 3.461030495810560326e-01, 8.182865947350373426e-02
8.183255567329925095e-02, 4.902645233266879621e-01, 3.460722243958833100e-01, 8.183069660412940760e-02
8.183459617432271849e-02, 4.902912754095042347e-01, 3.460413875333154254e-01, 8.183274088285759362e-02
8.183664383234888484e-02, 4.903180248535269903e-01, 3.460105390030207007e-01, 8.183479231110332708e-02
8.183869864877862943e-02, 4.903447716462711603e-01, 3.459796788146682900e-01, 8.183685089028180926e-02
8.184076062501277615e-02, 4.903715157752503440e-01, 3.459488069779285691e-01, 8.183891662180825533e-02
8.184282976245231545e-02, 4.903982572279769747e-01, 3.459179235024726906e-01, 8.184098950709804698e-02
8.184490606249841815e-02, 4.904249959919615431e-01, 3.458870283979734173e-01, 8.184306954756666308e-02
8.184698952655233839e-02, 4.904517320547140957e-01, 3.458561216741039002e-01, 8.184515674462965185e-02
8.184908015601549680e-02, 4.904784654037426805e-01, 3.458252033405390113e-01, 8.184725109970276968e-02
8.185117795228948057e-02, 4.905051960265545130e-01, 3.457942734069542334e-01, 8.184935261420175912e-02
8.185328291677593238e-02, 4.905319239106549767e-01, 3.457633318830264924e-01, 8.185146128954261247e-02
8.185539505087673084e-02, 4.905586490435486224e-01, 3.457323787784333802e-01, 8.185357712714125267e-02
8.185751435599379622e-02, 4.905853714127385024e-01, 3.457014141028538212e-01, 8.185570012841393572e-02
8.185964083352929854e-02, 4.906120910057262807e-01, 3.456704378659675725e-01, 8.185783029477687600e-02
8.186177448488544950e-02, 4.906388078100123451e-01, 3.456394500774556677e-01, 8.185996762764645440e-02
8.186391531146473832e-02, 4.906655218130960283e-01, 3.456084507470000844e-01, 8.186211212843919061e-02
8.186606331466962649e-02, 4.906922330024749423e-01, 3.455774398842838546e-01, 8.186426379857168756e-02
8.186821849590285305e-02, 4.907189413656455890e-01, 3.455464174989908432e-01, 8.186642263946067311e-02
8.187038085656724029e-02, 4.907456468901034152e-01, 3.455153836008063584e-01, 8.186858865252301387e-02
8.187255039806581869e-02, 4.907723495633420363e-01, 3.454843381994163187e-01, 8.187076183917568750e-02
8.187472712180168810e-02, 4.907990493728543457e-01, 3.454532813045080863e-01, 8.187294220083582430e-02
8.187691102917814268e-02, 4.908257463061314607e-01, 3.454222129257696339e-01, 8.187512973892063783e-02
8.187910212159867085e-02, 4.908524403506635547e-01, 3.453911330728903217e-01, 8.187732445484749433e-02
8.188130040046685820e-02, 4.908791314939391914e-01, 3.453600417555601210e-01, 8.187952635003387103e-02
8.188350586718640134e-02, 4.909058197234458243e-01, 3.453289389834704459e-01, 8.188173542589734233e-02
8.188571852316124666e-02, 4.909325050266695745e-01, 3.452978247663134326e-01, 8.188395168385567691e-02
8.188793836979547935e-02, 4.909591873910953974e-01, 3.452666991137823826e-01, 8.188617512532675446e-02
8.189016540849324011e-02, 4.909858668042068053e-01, 3.452355620355714860e-01, 8.188840575172855185e-02
8.189239964065893329e-02, 4.910125432534858669e-01, 3.452044135413759318e-01, 8.189064356447917081e-02
8.189464106769718532e-02, 4.910392167264138186e-01, 3.451732536408920748e-01, 8.189288856499694902e-02
8.189688969101253935e-02, 4.910658872104701200e-01, 3.451420823438171026e-01, 8.189514075470023802e-02
8.189914551200991322e-02, 4.910925546931334540e-01, 3.451108996598491463e-01, 8.189740013500754201e-02
8.190140853209430805e-02, 4.911192191618806158e-01, 3.450797055986875583e-01, 8.189966670733754561e-02
8.190367875267093312e-02, 4.911458806041877345e-01, 3.450485001700323573e-01, 8.190194047310908609e-02
8.190595617514506710e-02, 4.911725390075291631e-01, 3.450172833835847830e-01, 8.190422143374105624e-02
8.190824080092226622e-02, 4.911991943593781440e-01, 3.449860552490469634e-01, 8.190650959065257086e-02
8.191053263140816998e-02, 4.912258466472068097e-01, 3.449548157761221368e-01, 8.190880494526282807e-02
8.191283166800861215e-02, 4.912524958584857937e-01, 3.449235649745142629e-01, 8.191110749899119248e-02
8.191513791212962081e-02, 4.912791419806846749e-01, 3.448923028539285229e-01, 8.191341725325720913e-02
8.191745136517730730e-02, 4.913057850012714778e-01, 3.448610294240708751e-01, 8.191573420948042306e-02
8.191977202855806051e-02, 4.913324249077131167e-01, 3.448297446946481659e-01, 8.191805836908072624e-02
8.192209990367835259e-02, 4.913590616874751738e-01, 3.447984486753685185e-01, 8.192038973347799680e-02
8.192443499194486389e-02, 4.913856953280220652e-01, 3.447671413759407777e-01, 8.192272830409232098e-02
8.192677729476451065e-02, 4.914123258168168196e-01, 3.447358228060747320e-01, 8.192507408234392385e-02
8.192912681354420912e-02, 4.914389531413212997e-01, 3.447044929754812803e-01, 8.192742706965319699e-02
8.193148354969122249e-02, 4.914655772889959806e-01, 3.446731518938720429e-01, 8.192978726744064299e-02
8.193384750461292498e-02, 4.914921982473002271e-01, 3.446417995709598614e-01, 8.193215467712693101e-02
8.193621867971684347e-02, 4.915188160036920717e-01, 3.446104360164581326e-01, 8.193452930013291058e-02
8.193859707641068524e-02, 4.915454305456282147e-01, 3.445790612400815300e-01, 8.193691113787957003e-02
8.194098269610237961e-02, 4.915720418605640796e-01, 3.445476752515456154e-01, 8.193930019178799484e-02
8.194337554020000858e-02, 4.915986499359540352e-01, 3.445162780605665054e-01, 8.194169646327946477e-02
8.194577561011180677e-02, 4.916252547592509514e-01, 3.444848696768618712e-01, 8.194409995377545386e-02
8.194818290724620313e-02, 4.916518563179064771e-01, 3.444534501101497725e-01, 8.194651066469754719e-02
8.195059743301191801e-02, 4.916784545993713174e-01, 3.444220193701493793e-01, 8.194892859746748248e-02
8.195301918881763015e-02, 4.917050495910943453e-01, 3.443905774665809161e-01, 8.195135375350715012e-02
8.195544817607235133e-02, 4.917316412805237680e-01, 3.443591244091652737e-01, 8.195378613423867642e-02
8.195788439618532928e-02, 4.917582296551061272e-01, 3.443276602076243420e-01, 8.195622574108421543e-02
8.196032785056582559e-02, 4.917848147022869654e-01, 3.442961848716810658e-01, 8.195867257546619877e-02
8.196277854062344881e-02, 4.918113964095103818e-01, 3.442646984110590003e-01, 8.196112663880714133e-02
8.196523646776790462e-02, 4.918379747642194766e-01, 3.442332008354828110e-01, 8.196358793252982167e-02
8.196770163340910687e-02, 4.918645497538557954e-01, 3.442016921546781072e-01, 8.196605645805704610e-02
8.197017403895716370e-02, 4.918911213658597181e-01, 3.441701723783712752e-01, 8.196853221681188462e-02
8.197265368582239142e-02, 4.919176895876706812e-01, 3.441386415162893675e-01, 8.197101521021755988e-02
8.197514057541521737e-02, 4.919442544067264000e-01, 3.441070995781609354e-01, 8.197350543969739167e-02
8.197763470914638806e-02, 4.919708158104638684e-01, 3.440755465737147523e-01, 8.197600290667497736e-02
8.198013608842676103e-02, 4.919973737863183594e-01, 3.440439825126808682e-01, 8.197850761257398366e-02
8.198264471466736036e-02, 4.920239283217242576e-01, 3.440124074047901659e-01, 8.198101955881831326e-02
8.198516058927945993e-02, 4.920504794041142826e-01, 3.439808212597742498e-01, 8.198353874683199372e-02
8.198768371367458341e-02, 4.920770270209205433e-01, 3.439492240873657236e-01, 8.198606517803928850e-02
8.199021408926425447e-02, 4.921035711595732054e-01, 3.439176158972979680e-01, 8.198859885386451662e-02
8.199275171746042701e-02, 4.921301118075019909e-01, 3.438859966993053630e-01, 8.199113977573231626e-02
8.199529659967509654e-02, 4.921566489521345678e-01, 3.438543665031230101e-01, 8.199368794506738112e-02
8.199784873732052226e-02, 4.921831825808979932e-01, 3.438227253184870102e-01, 8.199624336329464080e-02
8.200040813180914379e-02, 4.922097126812175483e-01, 3.437910731551340748e-01, 8.199880603183916372e-02
8.200297478455358113e-02, 4.922362392405180143e-01, 3.437594100228021365e-01, 8.200137595212628194e-02
8.200554869696677351e-02, 4.922627622462222297e-01, 3.437277359312296277e-01, 8.200395312558139693e-02
8.200812987046166014e-02, 4.922892816857523668e-01, 3.436960508901560352e-01, 8.200653755363013220e-02
8.201071830645154104e-02, 4.923157975465287106e-01, 3.436643549093215122e-01, 8.200912923769827778e-02
8.201331400634988278e-02, 4.923423098159710465e-01, 3.436326479984672111e-01, 8.201172817921185965e-02
8.201591697157034622e-02, 4.923688184814974389e-01, 3.436009301673351723e-01, 8.201433437959704253e-02
8.201852720352678650e-02, 4.923953235305250087e-01, 3.435692014256680471e-01, 8.201694784028017160e-02
8.202114470363332244e-02, 4.924218249504694334e-01, 3.435374617832095412e-01, 8.201956856268777241e-02
8.202376947330415613e-02, 4.924483227287452802e-01, 3.435057112497040266e-01, 8.202219654824655093e-02
8.202640151395385049e-02, 4.924748168527660064e-01, 3.434739498348967079e-01, 8.202483179838343519e-02
8.202904082699710719e-02, 4.925013073099436811e-01, 3.434421775485337336e-01, 8.202747431452551974e-02
8.203168741384879448e-02, 4.925277940876891525e-01, 3.434103944003619735e-01, 8.203012409810006567e-02
8.203434127592407199e-02, 4.925542771734121028e-01, 3.433786004001291303e-01, 8.203278115053456998e-02
8.203700241463826592e-02, 4.925807565545212707e-01, 3.433467955575837394e-01, 8.203544547325666847e-02
8.203967083140695227e-02, 4.926072322184236740e-01, 3.433149798824752241e-01, 8.203811706769424672e-02
8.204234652764584579e-02, 4.926337041525253313e-01, 3.432831533845535077e-01, 8.204079593527525971e-02
8.204502950477098044e-02, 4.926601723442312064e-01, 3.432513160735696789e-01, 8.204348207742799548e-02
8.204771976419855672e-02, 4.926866367809450420e-01, 3.432194679592755482e-01, 8.204617549558092249e-02
8.205041730734494165e-02, 4.927130974500691374e-01, 3.431876090514234257e-01, 8.204887619116257857e-02
8.205312213562675205e-02, 4.927395543390046262e-01, 3.431557393597668981e-01, 8.205158416560177914e-02
8.205583425046092394e-02, 4.927660074351516428e-01, 3.431238588940598300e-01, 8.205429942032761714e-02
8.205855365326446271e-02, 4.927924567259090449e-01, 3.430919676640573068e-01, 8.205702195676921329e-02
8.206128034545467909e-02, 4.928189021986743579e-01, 3.430600656795149694e-01, 8.205975177635602136e-02
8.206401432844910582e-02, 4.928453438408441079e-01, 3.430281529501893467e-01, 8.206248888051760615e-02
8.206675560366541444e-02, 4.928717816398132112e-01, 3.429962294858376337e-01, 8.206523327068379614e-02
8.206950417252162344e-02, 4.928982155829759737e-01, 3.429642952962179137e-01, 8.206798494828458634e-02
8.207226003643584844e-02, 4.929246456577251467e-01, 3.429323503910889359e-01, 8.207074391475016606e-02
8.207502319682653813e-02, 4.929510718514522605e-01, 3.429003947802102270e-01, 8.207351017151094663e-02
8.207779365511236325e-02, 4.929774941515478459e-01, 3.428684284733422016e-01, 8.207628371999757533e-02
8.208057141271214718e-02, 4.930039125454009352e-01, 3.428364514802461072e-01, 8.207906456164081044e-02
8.208335647104493538e-02, 4.930303270203997834e-01, 3.428044638106836906e-01, 8.208185269787170169e-02
8.208614883153006470e-02, 4.930567375639310357e-01, 3.427724654744174759e-01, 8.208464813012146533e-02
8.208894849558709406e-02, 4.930831441633804491e-01, 3.427404564812109866e-01, 8.208745085982152578e-02
8.209175546463579054e-02, 4.931095468061324483e-01, 3.427084368408283011e-01, 8.209026088840354340e-02
8.209456974009615715e-02, 4.931359454795702368e-01, 3.426764065630342193e-01, 8.209307821729931731e-02
8.209739132338841894e-02, 4.931623401710760746e-01, 3.426443656575945962e-01, 8.209590284794095194e-02
8.210022021593305075e-02, 4.931887308680307225e-01, 3.426123141342756195e-01, 8.209873478176066275e-02
8.210305641915073560e-02, 4.932151175578138869e-01, 3.425802520028445319e-01, 8.210157402019099826e-02
8.210589993446242019e-02, 4.932415002278040528e-01, 3.425481792730689645e-01, 8.210442056466457639e-02
8.210875076328925937e-02, 4.932678788653785951e-01, 3.425160959547177697e-01, 8.210727441661433423e-02
8.211160890705271331e-02, 4.932942534579137228e-01, 3.424840020575601884e-01, 8.211013557747340319e-02
8.211447436717435322e-02, 4.933206239927843684e-01, 3.424518975913661278e-01, 8.211300404867506730e-02
8.211734714507611110e-02, 4.933469904573643539e-01, 3.424197825659066052e-01, 8.211587983165290205e-02
8.212022724218007164e-02, 4.933733528390262801e-01, 3.423876569909529155e-01, 8.211876292784066333e-02
8.212311465990861092e-02, 4.933997111251416379e-01, 3.423555208762774638e-01, 8.212165333867237071e-02
8.212600939968429936e-02, 4.934260653030806409e-01, 3.423233742316529882e-01, 8.212455106558215479e-02
8.212891146292998490e-02, 4.934524153602122820e-01, 3.422912170668532261e-01, 8.212745611000446533e-02
8.213182085106876529e-02, 4.934787612839046655e-01, 3.422590493916526921e-01, 8.213036847337394641e-02
8.213473756552393257e-02, 4.935051030615243972e-01, 3.422268712158261228e-01, 8.213328815712543640e-02
8.213766160771913960e-02, 4.935314406804372500e-01, 3.421946825491496424e-01, 8.213621516269403733e-02
8.214059297907805313e-02, 4.935577741280073316e-01, 3.421624834013995975e-01, 8.213914949151501776e-02
8.214353168102483949e-02, 4.935841033915980836e-01, 3.421302737823530560e-01, 8.214209114502392384e-02
8.214647771498373441e-02, 4.936104284585716706e-01, 3.420980537017881407e-01, 8.214504012465655147e-02
8.214943108237933445e-02, 4.936367493162886477e-01, 3.420658231694831963e-01, 8.214799643184879374e-02
8.215239178463634717e-02, 4.936630659521090703e-01, 3.420335821952175670e-01, 8.215096006803689066e-02
8.215535982317993813e-02, 4.936893783533913838e-01, 3.420013307887712628e-01, 8.215393103465727653e-02
8.215833519943532837e-02, 4.937156865074930345e-01, 3.419690689599250155e-01, 8.215690933314659383e-02
8.216131791482804425e-02, 4.937419904017703032e-01, 3.419367967184600010e-01, 8.215989496494173483e-02
8.216430797078391746e-02, 4.937682900235781380e-01, 3.419045140741582278e-01, 8.216288793147981384e-02
8.216730536872898782e-02, 4.937945853602705992e-01, 3.418722210368023706e-01, 8.216588823419816723e-02
8.217031011008951724e-02, 4.938208763992001926e-01, 3.418399176161758257e-01, 8.216889587453435340e-02
8.217332219629205903e-02, 4.938471631277188689e-01, 3.418076038220627666e-01, 8.217191085392619443e-02
8.217634162876347181e-02, 4.938734455331770801e-01, 3.417752796642476998e-01, 8.217493317381177609e-02
8.217936840893075301e-02, 4.938997236029238902e-01, 3.417429451525160755e-01, 8.217796283562929516e-02
8.218240253822124697e-02, 4.939259973243074753e-01, 3.417106002966539546e-01, 8.218099984081729537e-02
8.218544401806252009e-02, 4.939522666846751231e-01, 3.416782451064478976e-01, 8.218404419081454249e-02
8.218849284988238857e-02, 4.939785316713722896e-01, 3.416458795916854085e-01, 8.218709588705995495e-02
8.219154903510893229e-02, 4.940047922717437645e-01, 3.416135037621544357e-01, 8.219015493099277037e-02
8.219461257517052255e-02, 4.940310484731332830e-01, 3.415811176276437044e-01, 8.219322132405250392e-02
8.219768347149573884e-02, 4.940573002628831367e-01, 3.415487211979424953e-01, 8.219629506767878180e-02
8.220076172551343818e-02, 4.940835476283343963e-01, 3.415163144828405328e-01, 8.219937616331153551e-02
8.220384733865275517e-02, 4.941097905568273552e-01, 3.414838974921288184e-01, 8.220246461239097413e-02
8.220694031234307420e-02, 4.941360290357009188e-01, 3.414514702355984088e-01, 8.220556041635747324e-02
8.221004064801407107e-02, 4.941622630522929938e-01, 3.414190327230410826e-01, 8.220866357665174151e-02
8.221314834709564368e-02, 4.941884925939400985e-01, 3.413865849642496175e-01, 8.221177409471462638e-02
8.221626341101789803e-02, 4.942147176479777526e-01, 3.413541269690169577e-01, 8.221489197198726673e-02
8.221938584121142590e-02, 4.942409382017405872e-01, 3.413216587471369912e-01, 8.221801720991110674e-02
8.222251563910677741e-02, 4.942671542425615128e-01, 3.412891803084040498e-01, 8.222114980992768773e-02
8.222565280613503003e-02, 4.942933657577728845e-01, 3.412566916626131319e-01, 8.222428977347896739e-02
8.222879734372738614e-02, 4.943195727347055035e-01, 3.412241928195600682e-01, 8.222743710200704215e-02
8.223194925331531180e-02, 4.943457751606892825e-01, 3.411916837890410781e-01, 8.223059179695425824e-02
8.223510853633071715e-02, 4.943719730230530240e-01, 3.411591645808531026e-01, 8.223375385976329499e-02
8.223827519420552623e-02, 4.943981663091240319e-01, 3.411266352047934158e-01, 8.223692329187695660e-02
8.224144922837210714e-02, 4.944243550062290549e-01, 3.410940956706604021e-01, 8.224010009473842198e-02
8.224463064026303616e-02, 4.944505391016931761e-01, 3.410615459882526679e-01, 8.224328426979099493e-02
8.224781943131122264e-02, 4.944767185828408129e-01, 3.410289861673697631e-01, 8.224647581847839561e-02
8.225101560294972858e-02, 4.945028934369946616e-01, 3.409964162178112934e-01, 8.224967474224438579e-02
8.225421915661197680e-02, 4.945290636514768634e-01, 3.409638361493781411e-01, 8.225288104253317134e-02
8.225743009373168158e-02, 4.945552292136080053e-01, 3.409312459718711330e-01, 8.225609472078908302e-02
8.226064841574280695e-02, 4.945813901107081745e-01, 3.408986456950922617e-01, 8.225931577845682630e-02
8.226387412407958066e-02, 4.946075463300955155e-01, 3.408660353288437972e-01, 8.226254421698124542e-02
8.226710722017646638e-02, 4.946336978590876177e-01, 3.408334148829285093e-01, 8.226578003780747606e-02
8.227034770546828857e-02, 4.946598446850005715e-01, 3.408007843671501669e-01, 8.226902324238095920e-02
8.227359558139009377e-02, 4.946859867951498568e-01, 3.407681437913127054e-01, 8.227227383214734402e-02
8.227685084937730320e-02, 4.947121241768492328e-01, 3.407354931652208929e-01, 8.227553180855257109e-02
8.228011351086543523e-02, 4.947382568174119588e-01, 3.407028324986798307e-01, 8.227879717304280305e-02
8.228338356729043845e-02, 4.947643847041495735e-01, 3.406701618014955080e-01, 8.228206992706448009e-02
8.228666102008852512e-02, 4.947905078243728383e-01, 3.406374810834743583e-01, 8.228535007206434770e-02
8.228994587069611566e-02, 4.948166261653913489e-01, 3.406047903544231481e-01, 8.228863760948931794e-02
8.229323812055000520e-02, 4.948427397145135909e-01, 3.405720896241496987e-01, 8.229193254078666364e-02
8.229653777108719703e-02, 4.948688484590469394e-01, 3.405393789024619977e-01, 8.229523486740383809e-02
8.229984482374499977e-02, 4.948949523862974931e-01, 3.405066581991688657e-01, 8.229854459078865536e-02
8.230315927996104119e-02, 4.949210514835705732e-01, 3.404739275240794005e-01, 8.230186171238908222e-02
8.230648114117319891e-02, 4.949471457381700579e-01, 3.404411868870033109e-01, 8.230518623365344622e-02
8.230981040881965582e-02, 4.949732351373989925e-01, 3.404084362977511380e-01, 8.230851815603028310e-02
8.231314708433884464e-02, 4.949993196685588681e-01, 3.403756757661338117e-01, 8.231185748096840615e-02
8.231649116916955888e-02, 4.950253993189507873e-01, 3.403429053019627060e-01, 8.231520420991694786e-02
8.231984266475078638e-02, 4.950514740758741317e-01, 3.403101249150499163e-01, 8.231855834432520724e-02
8.232320157252191739e-02, 4.950775439266273392e-01, 3.402773346152079825e-01, 8.232191988564287188e-02
8.232656789392249486e-02, 4.951036088585078487e-01, 3.402445344122498883e-01, 8.232528883531980979e-02
8.232994163039245028e-02, 4.951296688588119332e-01, 3.402117243159893389e-01, 8.232866519480619427e-02
8.233332278337203436e-02, 4.951557239148347556e-01, 3.401789043362407616e-01, 8.233204896555249008e-02
8.233671135430166432e-02, 4.951817740138703683e-01, 3.401460744828185279e-01, 8.233544014900939789e-02
8.234010734462213210e-02, 4.952078191432118803e-01, 3.401132347655380639e-01, 8.233883874662789593e-02
8.234351075577459045e-02, 4.952338592901509573e-01, 3.400803851942152400e-01, 8.234224475985928160e-02
8.234692158920030314e-02, 4.952598944419783766e-01, 3.400475257786661487e-01, 8.234565819015504662e-02
8.235033984634103355e-02, 4.952859245859840831e-01, 3.400146565287077705e-01, 8.234907903896704351e-02
8.235376552863869770e-02, 4.953119497094564672e-01, 3.399817774541575299e-01, 8.235250730774737460e-02
8.235719863753554471e-02, 4.953379697996830311e-01, 3.399488885648331293e-01, 8.235594299794835038e-02
8.236063917447410121e-02, 4.953639848439501114e-01, 3.399159898705529370e-01, 8.235938611102265605e-02
8.236408714089732408e-02, 4.953899948295431011e-01, 3.398830813811362095e-01, 8.236283664842325436e-02
8.236754253824823957e-02, 4.954159997437462826e-01, 3.398501631064020923e-01, 8.236629461160327459e-02
8.237100536797040129e-02, 4.954419995738427174e-01, 3.398172350561706190e-01, 8.236976000201627623e-02
8.237447563150752938e-02, 4.954679943071144121e-01, 3.397842972402621564e-01, 8.237323282111595757e-02
8.237795333030362155e-02, 4.954939839308422633e-01, 3.397513496684977929e-01, 8.237671307035641932e-02
8.238143846580309182e-02, 4.955199684323061682e-01, 3.397183923506987835e-01, 8.238020075119192875e-02
8.238493103945057627e-02, 4.955459477987849137e-01, 3.396854252966873822e-01, 8.238369586507718334e-02
8.238843105269104405e-02, 4.955719220175563433e-01, 3.396524485162857321e-01, 8.238719841346701933e-02
8.239193850696974186e-02, 4.955978910758968570e-01, 3.396194620193168645e-01, 8.239070839781663380e-02
8.239545340373219395e-02, 4.956238549610819111e-01, 3.395864658156043658e-01, 8.239422581958147362e-02
8.239897574442435479e-02, 4.956498136603862403e-01, 3.395534599149721000e-01, 8.239775068021734650e-02
8.240250553049231763e-02, 4.956757671610830251e-01, 3.395204443272444306e-01, 8.240128298118025441e-02
8.240604276338266143e-02, 4.957017154504446133e-01, 3.394874190622463317e-01, 8.240482272392654628e-02
8.240958744454206231e-02, 4.957276585157420756e-01, 3.394543841298031106e-01, 8.240836990991282085e-02
8.241313957541770985e-02, 4.957535963442456506e-01, 3.394213395397407407e-01, 8.241192454059596828e-02
8.241669915745690467e-02, 4.957795289232244107e-01, 3.393882853018854173e-01, 8.241548661743321180e-02
8.242026619210748861e-02, 4.958054562399463183e-01, 3.393552214260642241e-01, 8.241905614188203832e-02
8.242384068081738679e-02, 4.958313782816782256e-01, 3.393221479221041892e-01, 8.242263311540018456e-02
8.242742262503495454e-02, 4.958572950356859299e-01, 3.392890647998333398e-01, 8.242621753944576191e-02
8.243101202620885248e-02, 4.958832064892343405e-01, 3.392559720690795366e-01, 8.242980941547711771e-02
8.243460888578803269e-02, 4.959091126295871454e-01, 3.392228697396719728e-01, 8.243340874495291848e-02
8.243821320522175256e-02, 4.959350134440067004e-01, 3.391897578214394526e-01, 8.243701552933206667e-02
8.244182498595960251e-02, 4.959609089197549170e-01, 3.391566363242116688e-01, 8.244062977007385329e-02
8.244544422945147832e-02, 4.959867990440919860e-01, 3.391235052578188691e-01, 8.244425146863781917e-02
8.244907093714758106e-02, 4.960126838042774322e-01, 3.390903646320914122e-01, 8.244788062648372717e-02
8.245270511049840323e-02, 4.960385631875695034e-01, 3.390572144568602675e-01, 8.245151724507177038e-02
8.245634675095482591e-02, 4.960644371812257258e-01, 3.390240547419571260e-01, 8.245516132586239166e-02
8.245999585996800774e-02, 4.960903057725020160e-01, 3.389908854972135677e-01, 8.245881287031626983e-02
8.246365243898941266e-02, 4.961161689486539017e-01, 3.389577067324623383e-01, 8.246247187989447225e-02
8.246731648947079607e-02, 4.961420266969351345e-01, 3.389245184575357950e-01, 8.246613835605828835e-02
8.247098801286428804e-02, 4.961678790045988552e-01, 3.388913206822674606e-01, 8.246981230026935450e-02
8.247466701062236560e-02, 4.961937258588972055e-01, 3.388581134164909137e-01, 8.247349371398959850e-02
8.247835348419770007e-02, 4.962195672470809393e-01, 3.388248966700401765e-01, 8.247718259868125346e-02
8.248204743504337910e-02, 4.962454031563998114e-01, 3.387916704527498823e-01, 8.248087895580683004e-02
8.248574886461280953e-02, 4.962712335741028546e-01, 3.387584347744551083e-01, 8.248458278682917200e-02
8.248945777435971738e-02, 4.962970584874378255e-01, 3.387251896449910427e-01, 8.248829409321142836e-02
8.249317416573809236e-02, 4.963228778836512034e-01, 3.386919350741936507e-01, 8.249201287641702574e-02
8.249689804020229889e-02, 4.963486917499888573e-01, 3.386586710718991200e-01, 8.249573913790973767e-02
8.250062939920699279e-02, 4.963745000736952129e-01, 3.386253976479441929e-01, 8.249947287915354588e-02
8.250436824420726012e-02, 4.964003028420139740e-01, 3.385921148121660007e-01, 8.250321410161289004e-02
8.250811457665832571e-02, 4.964261000421874015e-01, 3.385588225744018409e-01, 8.250696280675237637e-02
8.251186839801591399e-02, 4.964518916614571453e-01, 3.385255209444898994e-01, 8.251071899603699966e-02
8.251562970973592981e-02, 4.964776776870635233e-01, 3.384922099322684730e-01, 8.251448267093203226e-02
8.251939851327476372e-02, 4.965034581062459096e-01, 3.384588895475762471e-01, 8.251825383290309346e-02
8.252317481008900057e-02, 4.965292329062425125e-01, 3.384255598002524623e-01, 8.252203248341605235e-02
8.252695860163558605e-02, 4.965550020742907078e-01, 3.383922207001365257e-01, 8.252581862393711110e-02
8.253074988937182666e-02, 4.965807655976265944e-01, 3.383588722570685658e-01, 8.252961225593280492e-02
8.253454867475537582e-02, 4.966065234634856052e-01, 3.383255144808891002e-01, 8.253341338087000212e-02
8.253835495924412291e-02, 4.966322756591015630e-01, 3.382921473814385904e-01, 8.253722200021576527e-02
8.254216874429635975e-02, 4.966580221717075139e-01, 3.382587709685584421e-01, 8.254103811543761493e-02
8.254599003137068347e-02, 4.966837629885358929e-01, 3.382253852520900606e-01, 8.254486172800332144e-02
8.254981882192607978e-02, 4.967094980968173590e-01, 3.381919902418755730e-01, 8.254869283938096047e-02
8.255365511742179807e-02, 4.967352274837820159e-01, 3.381585859477572731e-01, 8.255253145103889911e-02
8.255749891931743467e-02, 4.967609511366587460e-01, 3.381251723795778985e-01, 8.255637756444589304e-02
8.256135022907294674e-02, 4.967866690426756549e-01, 3.380917495471805201e-01, 8.256023118107097547e-02
8.256520904814858286e-02, 4.968123811890592934e-01, 3.380583174604087082e-01, 8.256409230238345720e-02
8.256907537800495245e-02, 4.968380875630356575e-01, 3.380248761291062554e-01, 8.256796092985306534e-02
8.257294922010299798e-02, 4.968637881518295218e-01, 3.379914255631176201e-01, 8.257183706494972131e-02
8.257683057590405051e-02, 4.968894829426647730e-01, 3.379579657722873720e-01, 8.257572070914379059e-02
8.258071944686966315e-02, 4.969151719227639652e-01, 3.379244967664604693e-01, 8.257961186390583297e-02
8.258461583446180532e-02, 4.969408550793488755e-01, 3.378910185554823697e-01, 8.258351053070685233e-02
8.258851974014277952e-02, 4.969665323996402817e-01, 3.378575311491989197e-01, 8.258741671101807458e-02
8.259243116537519358e-02, 4.969922038708576850e-01, 3.378240345574559655e-01, 8.259133040631108647e-02
8.259635011162207163e-02, 4.970178694802198649e-01, 3.377905287901002973e-01, 8.259525161805783555e-02
8.260027658034663212e-02, 4.970435292149441020e-01, 3.377570138569786495e-01, 8.259918034773047757e-02
8.260421057301257919e-02, 4.970691830622473995e-01, 3.377234897679382009e-01, 8.260311659680162621e-02
8.260815209108392232e-02, 4.970948310093452616e-01, 3.376899565328267405e-01, 8.260706036674415886e-02
8.261210113602496241e-02, 4.971204730434518604e-01, 3.376564141614919468e-01, 8.261101165903124433e-02
8.261605770930031956e-02, 4.971461091517809794e-01, 3.376228626637822750e-01, 8.261497047513642611e-02
8.262002181237511345e-02, 4.971717393215450698e-01, 3.375893020495462360e-01, 8.261893681653356691e-02
8.262399344671460255e-02, 4.971973635399555835e-01, 3.375557323286329514e-01, 8.262291068469683475e-02
8.262797261378455882e-02, 4.972229817942230845e-01, 3.375221535108915982e-01, 8.262689208110073069e-02
8.263195931505097624e-02, 4.972485940715568598e-01, 3.374885656061720751e-01, 8.263088100722010276e-02
8.263595355198030679e-02, 4.972742003591652526e-01, 3.374549686243243363e-01, 8.263487746453009042e-02
8.263995532603922445e-02, 4.972998006442559404e-01, 3.374213625751986134e-01, 8.263888145450620781e-02
8.264396463869483345e-02, 4.973253949140351571e-01, 3.373877474686457489e-01, 8.264289297862426054e-02
8.264798149141455719e-02, 4.973509831557081928e-01, 3.373541233145167517e-01, 8.264691203836038724e-02
8.265200588566622153e-02, 4.973765653564796163e-01, 3.373204901226630192e-01, 8.265093863519111517e-02
8.265603782291787438e-02, 4.974021415035526639e-01, 3.372868479029361710e-01, 8.265497277059323522e-02
8.266007730463804937e-02, 4.974277115841297392e-01, 3.372531966651884372e-01, 8.265901444604387138e-02
8.266412433229551604e-02, 4.974532755854120802e-01, 3.372195364192719924e-01, 8.266306366302048070e-02
8.266817890735947416e-02, 4.974788334946001478e-01, 3.371858671750395664e-01, 8.266712042300093655e-02
8.267224103129942880e-02, 4.975043852988930149e-01, 3.371521889423441665e-01, 8.267118472746332047e-02
8.267631070558530137e-02, 4.975299309854893104e-01, 3.371185017310392440e-01, 8.267525657788615812e-02
8.268038793168722145e-02, 4.975554705415862200e-01, 3.370848055509783059e-01, 8.267933597574823879e-02
8.268447271107581820e-02, 4.975810039543800412e-01, 3.370511004120154697e-01, 8.268342292252871262e-02
8.268856504522203998e-02, 4.976065312110660166e-01, 3.370173863240049084e-01, 8.268751741970706282e-02
8.269266493559712661e-02, 4.976320522988385009e-01, 3.369836632968012946e-01, 8.269161946876311953e-02
8.269677238367272032e-02, 4.976575672048907939e-01, 3.369499313402594676e-01, 8.269572907117701821e-02
8.270088739092081032e-02, 4.976830759164152518e-01, 3.369161904642346550e-01, 8.269984622842926902e-02
8.270500995881376050e-02, 4.977085784206030095e-01, 3.368824406785824177e-01, 8.270397094200070132e-02
8.270914008882424007e-02, 4.977340747046447023e-01, 3.368486819931585941e-01, 8.270810321337250526e-02
8.271327778242525131e-02, 4.977595647557291891e-01, 3.368149144178193000e-01, 8.271224304402613470e-02
8.271742304109033772e-02, 4.977850485610452735e-01, 3.367811379624208734e-01, 8.271639043544354308e-02
8.272157586629313997e-02, 4.978105261077799271e-01, 3.367473526368202630e-01, 8.272054538910685040e-02
8.272573625950781218e-02, 4.978359973831193441e-01, 3.367135584508741397e-01, 8.272470790649856520e-02
8.272990422220885542e-02, 4.978614623742492751e-01, 3.366797554144402294e-01, 8.272887798910162627e-02
8.273407975587111773e-02, 4.978869210683537494e-01, 3.366459435373757580e-01, 8.273305563839923604e-02
8.273826286196976632e-02, 4.979123734526162970e-01, 3.366121228295389511e-01, 8.273724085587494392e-02
8.274245354198037083e-02, 4.979378195142190600e-01, 3.365782933007877564e-01, 8.274143364301267400e-02
8.274665179737884790e-02, 4.979632592403437918e-01, 3.365444549609807878e-01, 8.274563400129664181e-02
8.275085762964144720e-02, 4.979886926181704143e-01, 3.365106078199766593e-01, 8.274984193221146533e-02
8.275507104024482086e-02, 4.980141196348785715e-01, 3.364767518876344288e-01, 8.275405743724206786e-02
8.275929203066602347e-02, 4.980395402776466307e-01, 3.364428871738135429e-01, 8.275828051787377515e-02
8.276352060238234554e-02, 4.980649545336520712e-01, 3.364090136883734483e-01, 8.276251117559216275e-02
8.276775675687157718e-02, 4.980903623900712063e-01, 3.363751314411740356e-01, 8.276674941188325030e-02
8.277200049561168893e-02, 4.981157638340795168e-01, 3.363412404420754176e-01, 8.277099522823332112e-02
8.277625182008126192e-02, 4.981411588528517065e-01, 3.363073407009380400e-01, 8.277524862612908874e-02
8.278051073175902996e-02, 4.981665474335608135e-01, 3.362734322276226262e-01, 8.277950960705755812e-02
8.278477723212422645e-02, 4.981919295633797651e-01, 3.362395150319899551e-01, 8.278377817250610893e-02
8.278905132265637623e-02, 4.982173052294798787e-01, 3.362055891239012495e-01, 8.278805432396242614e-02
8.279333300483536495e-02, 4.982426744190318058e-01, 3.361716545132181211e-01, 8.279233806291463882e-02
8.279762228014152237e-02, 4.982680371192050872e-01, 3.361377112098022368e-01, 8.279662939085113971e-02
8.280191915005544190e-02, 4.982933933171683760e-01, 3.361037592235154858e-01, 8.280092830926069625e-02
8.280622361605813331e-02, 4.983187430000892704e-01, 3.360697985642202013e-01, 8.280523481963242283e-02
8.281053567963103657e-02, 4.983440861551343137e-01, 3.360358292417787718e-01, 8.280954892345583629e-02
8.281485534225581369e-02, 4.983694227694694390e-01, 3.360018512660540857e-01, 8.281387062222074491e-02
8.281918260541466792e-02, 4.983947528302590801e-01, 3.359678646469089203e-01, 8.281819991741730391e-02
8.282351747059003844e-02, 4.984200763246672272e-01, 3.359338693942066634e-01, 8.282253681053608485e-02
8.282785993926479462e-02, 4.984453932398564269e-01, 3.358998655178108139e-01, 8.282688130306799235e-02
8.283221001292212504e-02, 4.984707035629886152e-01, 3.358658530275849818e-01, 8.283123339650423633e-02
8.283656769304569012e-02, 4.984960072812246179e-01, 3.358318319333932211e-01, 8.283559309233642920e-02
8.284093298111941395e-02, 4.985213043817242617e-01, 3.357978022450998634e-01, 8.283996039205655804e-02
8.284530587862763695e-02, 4.985465948516464296e-01, 3.357637639725690737e-01, 8.284433529715690137e-02
8.284968638705507427e-02, 4.985718786781490053e-01, 3.357297171256656831e-01, 8.284871780913014017e-02
8.285407450788685735e-02, 4.985971558483892618e-01, 3.356956617142546895e-01, 8.285310792946931624e-02
8.285847024260836746e-02, 4.986224263495227516e-01, 3.356615977482010349e-01, 8.285750565966780445e-02
8.286287359270548547e-02, 4.986476901687049157e-01, 3.356275252373702722e-01, 8.286191100121936826e-02
8.286728455966438367e-02, 4.986729472930895857e-01, 3.355934441916278987e-01, 8.286632395561811804e-02
8.287170314497170620e-02, 4.986981977098299268e-01, 3.355593546208398004e-01, 8.287074452435846950e-02
8.287612935011436088e-02, 4.987234414060783827e-01, 3.355252565348720850e-01, 8.287517270893532406e-02
8.288056317657967187e-02, 4.987486783689856762e-01, 3.354911499435907496e-01, 8.287960851084381908e-02
8.288500462585537965e-02, 4.987739085857024190e-01, 3.354570348568625682e-01, 8.288405193157950823e-02
8.288945369942954389e-02, 4.987991320433778908e-01, 3.354229112845542593e-01, 8.288850297263831990e-02
8.289391039879066836e-02, 4.988243487291602607e-01, 3.353887792365325971e-01, 8.289296163551650165e-02
8.289837472542750663e-02, 4.988495586301969764e-01, 3.353546387226647441e-01, 8.289742792171071739e-02
8.290284668082938124e-02, 4.988747617336345974e-01, 3.353204897528181405e-01, 8.290190183271792246e-02
8.290732626648582293e-02, 4.988999580266183509e-01, 3.352863323368602821e-01, 8.290638337003551628e-02
8.291181348388679262e-02, 4.989251474962931310e-01, 3.352521664846589422e-01, 8.291087253516118971e-02
8.291630833452275084e-02, 4.989503301298021110e-01, 3.352179922060820605e-01, 8.291536932959309159e-02
8.292081081988426916e-02, 4.989755059142881866e-01, 3.351838095109977989e-01, 8.291987375482960665e-02
8.292532094146265464e-02, 4.990006748368930878e-01, 3.351496184092747077e-01, 8.292438581236963313e-02
8.292983870074921438e-02, 4.990258368847572124e-01, 3.351154189107811709e-01, 8.292890550371229130e-02
8.293436409923594932e-02, 4.990509920450207360e-01, 3.350812110253861276e-01, 8.293343283035717328e-02
8.293889713841509637e-02, 4.990761403048223355e-01, 3.350469947629584055e-01, 8.293796779380420425e-02
8.294343781977928098e-02, 4.991012816512997996e-01, 3.350127701333672769e-01, 8.294251039555364247e-02
8.294798614482150334e-02, 4.991264160715903064e-01, 3.349785371464819583e-01, 8.294706063710613475e-02
8.295254211503522157e-02, 4.991515435528298128e-01, 3.349442958121721658e-01, 8.295161851996277202e-02
8.295710573191421300e-02, 4.991766640821533318e-01, 3.349100461403075601e-01, 8.295618404562492276e-02
8.296167699695264353e-02, 4.992017776466949885e-01, 3.348757881407580239e-01, 8.296075721559430238e-02
8.296625591164506763e-02, 4.992268842335879642e-01, 3.348415218233938284e-01, 8.296533803137312590e-02
8.297084247748644226e-02, 4.992519838299646628e-01, 3.348072471980850784e-01, 8.296992649446387202e-02
8.297543669597209903e-02, 4.992770764229562674e-01, 3.347729642747022671e-01, 8.297452260636938026e-02
8.298003856859775818e-02, 4.993021619996931282e-01, 3.347386730631161655e-01, 8.297912636859290647e-02
8.298464809685950072e-02, 4.993272405473048181e-01, 3.347043735731975445e-01, 8.298373778263812284e-02
8.298926528225385180e-02, 4.993523120529198001e-01, 3.346700658148173413e-01, 8.298835685000896523e-02
8.299389012627766959e-02, 4.993773765036657597e-01, 3.346357497978468265e-01, 8.299298357220982747e-02
8.299852263042820089e-02, 4.994024338866691060e-01, 3.346014255321572706e-01, 8.299761795074543647e-02
8.300316279620312265e-02, 4.994274841890557481e-01, 3.345670930276202215e-01, 8.300225998712092157e-02
8.300781062510045882e-02, 4.994525273979504298e-01, 3.345327522941073384e-01, 8.300690968284175908e-02
8.301246611861864966e-02, 4.994775635004769510e-01, 3.344984033414906133e-01, 8.301156703941380000e-02
8.301712927825651012e-02, 4.995025924837583342e-01, 3.344640461796418163e-01, 8.301623205834329777e-02
8.302180010551328537e-02, 4.995276143349165476e-01, 3.344296808184332170e-01, 8.302090474113686669e-02
8.302647860188853979e-02, 4.995526290410726711e-01, 3.343953072677373073e-01, 8.302558508930148184e-02
8.303116476888221242e-02, 4.995776365893468962e-01, 3.343609255374264122e-01, 8.303027310434450692e-02
8.303585860799478358e-02, 4.996026369668583600e-01, 3.343265356373731345e-01, 8.303496878777368029e-02
8.304056012072699722e-02, 4.996276301607253667e-01, 3.342921375774505210e-01, 8.303967214109715667e-02
8.304526930857994427e-02, 4.996526161580654435e-01, 3.342577313675312300e-01, 8.304438316582338220e-02
8.304998617305528463e-02, 4.996775949459949517e-01, 3.342233170174884749e-01, 8.304910186346130263e-02
8.305471071565491414e-02, 4.997025665116293647e-01, 3.341888945371956354e-01, 8.305382823552008575e-02
8.305944293788121435e-02, 4.997275308420834339e-01, 3.341544639365260361e-01, 8.305856228350944059e-02
8.306418284123685825e-02, 4.997524879244707452e-01, 3.341200252253531122e-01, 8.306330400893931210e-02
8.306893042722499065e-02, 4.997774377459041628e-01, 3.340855784135506323e-01, 8.306805341332014481e-02
8.307368569734920050e-02, 4.998023802934955517e-01, 3.340511235109924759e-01, 8.307281049816268859e-02
8.307844865311335425e-02, 4.998273155543559443e-01, 3.340166605275526890e-01, 8.307757526497815126e-02
8.308321929602174860e-02, 4.998522435155952071e-01, 3.339821894731049845e-01, 8.308234771527797657e-02
8.308799762757916596e-02, 4.998771641643225960e-01, 3.339477103575241856e-01, 8.308712785057416339e-02
8.309278364929061078e-02, 4.999020774876461459e-01, 3.339132231906842274e-01, 8.309191567237894649e-02
8.309757736266165651e-02, 4.999269834726735029e-01, 3.338787279824597665e-01, 8.309671118220506025e-02
8.310237876919820965e-02, 4.999518821065107588e-01, 3.338442247427255150e-01, 8.310151438156555825e-02
8.310718787040655142e-02, 4.999767733762635613e-01, 3.338097134813561295e-01, 8.310632527197386876e-02
8.311200466779333773e-02, 5.000016572690362260e-01, 3.337751942082265999e-01, 8.311114385494382251e-02
8.311682916286571021e-02, 5.000265337719328462e-01, 3.337406669332118603e-01, 8.311597013198969430e-02
8.312166135713114357e-02, 5.000514028720558501e-01, 3.337061316661871224e-01, 8.312080410462602265e-02
8.312650125209752883e-02, 5.000762645565069997e-01, 3.336715884170275426e-01, 8.312564577436777624e-02
8.313134884927313173e-02, 5.001011188123877238e-01, 3.336370371956087211e-01, 8.313049514273042340e-02
8.313620415016668985e-02, 5.001259656267977860e-01, 3.336024780118058697e-01, 8.313535221122965446e-02
8.314106715628724609e-02, 5.001508049868362837e-01, 3.335679108754949218e-01, 8.314021698138163163e-02
8.314593786914428741e-02, 5.001756368796014263e-01, 3.335333357965513668e-01, 8.314508945470287793e-02
8.315081629024774490e-02, 5.002004612921908677e-01, 3.334987527848511379e-01, 8.314996963271031882e-02
8.315570242110786880e-02, 5.002252782117005969e-01, 3.334641618502703353e-01, 8.315485751692126837e-02
8.316059626323538123e-02, 5.002500876252264916e-01, 3.334295630026847812e-01, 8.315975310885341532e-02
8.316549781814132347e-02, 5.002748895198629864e-01, 3.333949562519707421e-01, 8.316465641002482312e-02
8.317040708733725030e-02, 5.002996838827041826e-01, 3.333603416080045956e-01, 8.316956742195398544e-02
8.317532407233503566e-02, 5.003244707008426273e-01, 3.333257190806626080e-01, 8.317448614615975677e-02
8.318024877464699762e-02, 5.003492499613703126e-01, 3.332910886798213235e-01, 8.317941258416140793e-02
8.318518119578578729e-02, 5.003740216513784533e-01, 3.332564504153572305e-01, 8.318434673747854280e-02
8.319012133726458313e-02, 5.003987857579571541e-01, 3.332218042971472061e-01, 8.318928860763125099e-02
8.319506920059681343e-02, 5.004235422681955203e-01, 3.331871503350678498e-01, 8.319423819613985804e-02
8.320002478729644768e-02, 5.004482911691822133e-01, 3.331524885389961499e-01, 8.319919550452524459e-02
8.320498809887781622e-02, 5.004730324480046733e-01, 3.331178189188089278e-01, 8.320416053430863823e-02
8.320995913685559631e-02, 5.004977660917494520e-01, 3.330831414843833937e-01, 8.320913328701155798e-02
8.321493790274499258e-02, 5.005224920875022132e-01, 3.330484562455968134e-01, 8.321411376415606409e-02
8.321992439806148723e-02, 5.005472104223480656e-01, 3.330137632123260638e-01, 8.321910196726453601e-02
8.322491862432102039e-02, 5.005719210833706745e-01, 3.329790623944486327e-01, 8.322409789785964462e-02
8.322992058303997631e-02, 5.005966240576532611e-01, 3.329443538018421189e-01, 8.322910155746468530e-02
8.323493027573503067e-02, 5.006213193322779365e-01, 3.329096374443838435e-01, 8.323411294760314771e-02
8.323994770392346976e-02, 5.006460068943262565e-01, 3.328749133319513498e-01, 8.323913206979902113e-02
8.324497286912280192e-02, 5.006706867308783337e-01, 3.328401814744223475e-01, 8.324415892557662788e-02
8.325000577285097958e-02, 5.006953588290138368e-01, 3.328054418816745463e-01, 8.324919351646072052e-02
8.325504641662642702e-02, 5.007200231758113240e-01, 3.327706945635857672e-01, 8.325423584397645405e-02
8.326009480196788770e-02, 5.007446797583487985e-01, 3.327359395300339417e-01, 8.325928590964934428e-02
8.326515093039464632e-02, 5.007693285637031533e-01, 3.327011767908968909e-01, 8.326434371500533727e-02
8.327021480342627902e-02, 5.007939695789502821e-01, 3.326664063560528239e-01, 8.326940926157075373e-02
8.327528642258280600e-02, 5.008186027911653015e-01, 3.326316282353795617e-01, 8.327448255087230300e-02
8.328036578938459444e-02, 5.008432281874226621e-01, 3.325968424387555356e-01, 8.327956358443712459e-02
8.328545290535264989e-02, 5.008678457547955931e-01, 3.325620489760589549e-01, 8.328465236379276049e-02
8.329054777200807502e-02, 5.008924554803568796e-01, 3.325272478571679735e-01, 8.328974889046711350e-02
8.329565039087261091e-02, 5.009170573511779745e-01, 3.324924390919609118e-01, 8.329485316598846112e-02
8.330076076346829006e-02, 5.009416513543297755e-01, 3.324576226903163123e-01, 8.329996519188553883e-02
8.330587889131763069e-02, 5.009662374768822923e-01, 3.324227986621127728e-01, 8.330508496968748455e-02
8.331100477594349796e-02, 5.009908157059042022e-01, 3.323879670172285028e-01, 8.331021250092378316e-02
8.331613841886927052e-02, 5.010153860284641825e-01, 3.323531277655422111e-01, 8.331534778712432199e-02
8.332127982161859070e-02, 5.010399484316292451e-01, 3.323182809169326624e-01, 8.332049082981947408e-02
8.332642898571566981e-02, 5.010645029024660690e-01, 3.322834264812784544e-01, 8.332564163053990391e-02
8.333158591268498283e-02, 5.010890494280401120e-01, 3.322485644684582962e-01, 8.333080019081672007e-02
8.333675060405155988e-02, 5.011135879954160544e-01, 3.322136948883510077e-01, 8.333596651218146134e-02
8.334192306134070860e-02, 5.011381185916577996e-01, 3.321788177508355200e-01, 8.334114059616601344e-02
8.334710328607830565e-02, 5.011626412038284739e-01, 3.321439330657905420e-01, 8.334632244430270620e-02
8.335229127979047747e-02, 5.011871558189899822e-01, 3.321090408430952268e-01, 8.335151205812425801e-02
8.335748704400387787e-02, 5.012116624242040075e-01, 3.320741410926284498e-01, 8.335670943916377584e-02
8.336269058024552148e-02, 5.012361610065305673e-01, 3.320392338242691421e-01, 8.336191458895481077e-02
8.336790189004289475e-02, 5.012606515530293461e-01, 3.320043190478964568e-01, 8.336712750903123303e-02
8.337312097492385887e-02, 5.012851340507592512e-01, 3.319693967733894358e-01, 8.337234820092742638e-02
8.337834783641666359e-02, 5.013096084867780799e-01, 3.319344670106272321e-01, 8.337757666617807983e-02
8.338358247605001661e-02, 5.013340748481426301e-01, 3.318995297694889435e-01, 8.338281290631834042e-02
8.338882489535304199e-02, 5.013585331219093666e-01, 3.318645850598539448e-01, 8.338805692288374372e-02
8.339407509585529399e-02, 5.013829832951333110e-01, 3.318296328916012783e-01, 8.339330871741028328e-02
8.339933307908663218e-02, 5.014074253548689297e-01, 3.317946732746101524e-01, 8.339856829143418859e-02
8.340459884657751288e-02, 5.014318592881701342e-01, 3.317597062187601087e-01, 8.340383564649231363e-02
8.340987239985871160e-02, 5.014562850820892814e-01, 3.317247317339303003e-01, 8.340911078412178992e-02
8.341515374046136466e-02, 5.014807027236785064e-01, 3.316897498299999913e-01, 8.341439370586016533e-02
8.342044286991712188e-02, 5.015051121999887229e-01, 3.316547605168487234e-01, 8.341968441324543182e-02
8.342573978975806326e-02, 5.015295134980702896e-01, 3.316197638043557050e-01, 8.342498290781592829e-02
8.343104450151657414e-02, 5.015539066049724548e-01, 3.315847597024003668e-01, 8.343028919111047936e-02
8.343635700672558109e-02, 5.015782915077439119e-01, 3.315497482208622504e-01, 8.343560326466824273e-02
8.344167730691837148e-02, 5.016026681934321330e-01, 3.315147293696205644e-01, 8.344092513002883404e-02
8.344700540362864905e-02, 5.016270366490840349e-01, 3.314797031585550169e-01, 8.344625478873225755e-02
8.345234129839050607e-02, 5.016513968617454244e-01, 3.314446695975449830e-01, 8.345159224231887829e-02
8.345768499273858998e-02, 5.016757488184618863e-01, 3.314096286964698934e-01, 8.345693749232960257e-02
8.346303648820778409e-02, 5.017000925062773398e-01, 3.313745804652091786e-01, 8.346229054030557259e-02
8.346839578633352685e-02, 5.017244279122354822e-01, 3.313395249136423804e-01, 8.346765138778847182e-02
8.347376288865163141e-02, 5.017487550233789007e-01, 3.313044620516492067e-01, 8.347302003632034451e-02
8.347913779669832723e-02, 5.017730738267492940e-01, 3.312693918891088107e-01, 8.347839648744359575e-02
8.348452051201026014e-02, 5.017973843093876951e-01, 3.312343144359010116e-01, 8.348378074270115801e-02
8.348991103612450615e-02, 5.018216864583342485e-01, 3.311992297019050180e-01, 8.348917280363624127e-02
8.349530937057861313e-02, 5.018459802606280995e-01, 3.311641376970006490e-01, 8.349457267179259679e-02
8.350071551691047589e-02, 5.018702657033080605e-01, 3.311290384310672241e-01, 8.349998034871426722e-02
8.350612947665840557e-02, 5.018945427734115006e-01, 3.310939319139842851e-01, 8.350539583594575321e-02
8.351155125136121293e-02, 5.019188114579753446e-01, 3.310588181556314291e-01, 8.351081913503199949e-02
8.351698084255809729e-02, 5.019430717440355183e-01, 3.310236971658881422e-01, 8.351625024751831161e-02
8.352241825178866041e-02, 5.019673236186271703e-01, 3.309885689546339105e-01, 8.352168917495046696e-02
8.352786348059289268e-02, 5.019915670687845610e-01, 3.309534335317481091e-01, 8.352713591887454825e-02
8.353331653051133954e-02, 5.020158020815412847e-01, 3.309182909071102241e-01, 8.353259048083715166e-02
8.353877740308482402e-02, 5.020400286439300475e-01, 3.308831410905999637e-01, 8.353805286238523420e-02
8.354424609985468264e-02, 5.020642467429825562e-01, 3.308479840920965365e-01, 8.354352306506622472e-02
8.354972262236266822e-02, 5.020884563657300736e-01, 3.308128199214795395e-01, 8.354900109042789902e-02
8.355520697215086667e-02, 5.021126574992024194e-01, 3.307776485886282369e-01, 8.355448694001843535e-02
8.356069915076190513e-02, 5.021368501304294130e-01, 3.307424701034222259e-01, 8.355998061538648380e-02
8.356619915973886870e-02, 5.021610342464393195e-01, 3.307072844757407704e-01, 8.356548211808111082e-02
8.357170700062506452e-02, 5.021852098342598492e-01, 3.306720917154631900e-01, 8.357099144965171589e-02
8.357722267496442425e-02, 5.022093768809182679e-01, 3.306368918324689710e-01, 8.357650861164821199e-02
8.358274618430124037e-02, 5.022335353734405095e-01, 3.306016848366373773e-01, 8.358203360562085904e-02
8.358827753018016615e-02, 5.022576852988517304e-01, 3.305664707378477285e-01, 8.358756643312033330e-02
8.359381671414639614e-02, 5.022818266441766433e-01, 3.305312495459792332e-01, 8.359310709569778286e-02
8.359936373774547180e-02, 5.023059593964387393e-01, 3.304960212709111000e-01, 8.359865559490470277e-02
8.360491860252336482e-02, 5.023300835426609545e-01, 3.304607859225227040e-01, 8.360421193229303216e-02
8.361048131002653261e-02, 5.023541990698652260e-01, 3.304255435106931427e-01, 8.360977610941511262e-02
8.361605186180177951e-02, 5.023783059650729355e-01, 3.303902940453014025e-01, 8.361534812782374371e-02
8.362163025939640948e-02, 5.024024042153044656e-01, 3.303550375362269143e-01, 8.362092798907212743e-02
8.362721650435814280e-02, 5.024264938075794218e-01, 3.303197739933485533e-01, 8.362651569471382662e-02
8.363281059823506058e-02, 5.024505747289166324e-01, 3.302845034265453616e-01, 8.363211124630288984e-02
8.363841254257571578e-02, 5.024746469663341486e-01, 3.302492258456964369e-01, 8.363771464539372646e-02
8.364402233892911931e-02, 5.024987105068489113e-01, 3.302139412606807101e-01, 8.364332589354118996e-02
8.364963998884467067e-02, 5.025227653374777503e-01, 3.301786496813770566e-01, 8.364894499230059177e-02
8.365526549387224120e-02, 5.025468114452358304e-01, 3.301433511176643520e-01, 8.365457194322756251e-02
8.366089885556207695e-02, 5.025708488171383159e-01, 3.301080455794214719e-01, 8.366020674787826017e-02
8.366654007546481253e-02, 5.025948774401988173e-01, 3.300727330765272916e-01, 8.366584940780916191e-02
8.367218915513167932e-02, 5.026188973014306116e-01, 3.300374136188603535e-01, 8.367149992457718899e-02
8.367784609611418623e-02, 5.026429083878464210e-01, 3.300020872162995333e-01, 8.367715829973979003e-02
8.368351089996431402e-02, 5.026669106864576353e-01, 3.299667538787233734e-01, 8.368282453485464956e-02
8.368918356823451532e-02, 5.026909041842749781e-01, 3.299314136160105826e-01, 8.368849863148002111e-02
8.369486410247757580e-02, 5.027148888683083960e-01, 3.298960664380394814e-01, 8.369418059117450515e-02
8.370055250424683624e-02, 5.027388647255672804e-01, 3.298607123546887787e-01, 8.369987041549711848e-02
8.370624877509598438e-02, 5.027628317430599125e-01, 3.298253513758367395e-01, 8.370556810600730813e-02
8.371195291657913817e-02, 5.027867899077940184e-01, 3.297899835113619615e-01, 8.371127366426497907e-02
8.371766493025085965e-02, 5.028107392067763248e-01, 3.297546087711424878e-01, 8.371698709183042486e-02
8.372338481766615492e-02, 5.028346796270127816e-01, 3.297192271650566942e-01, 8.372270839026428602e-02
8.372911258038048810e-02, 5.028586111555090055e-01, 3.296838387029827344e-01, 8.372843756112775815e-02
8.373484821994967020e-02, 5.028825337792690586e-01, 3.296484433947988180e-01, 8.373417460598239770e-02
8.374059173793003963e-02, 5.029064474852968925e-01, 3.296130412503828766e-01, 8.373991952639014968e-02
8.374634313587825396e-02, 5.029303522605952370e-01, 3.295776322796130642e-01, 8.374567232391343097e-02
8.375210241535156752e-02, 5.029542480921662673e-01, 3.295422164923672570e-01, 8.375143300011501923e-02
8.375786957790749832e-02, 5.029781349670111590e-01, 3.295067938985231648e-01, 8.375720155655816401e-02
8.376364462510407782e-02, 5.030020128721306438e-01, 3.294713645079588304e-01, 8.376297799480655892e-02
8.376942755849972611e-02, 5.030258817945243432e-01, 3.294359283305517416e-01, 8.376876231642420290e-02
8.377521837965341833e-02, 5.030497417211913236e-01, 3.294004853761796636e-01, 8.377455452297567773e-02
8.378101709012440723e-02, 5.030735926391295409e-01, 3.293650356547201397e-01, 8.378035461602585665e-02
8.378682369147245901e-02, 5.030974345353368404e-01, 3.293295791760507130e-01, 8.378616259714008474e-02
8.379263818525774232e-02, 5.031212673968094018e-01, 3.292941159500486492e-01, 8.379197846788413728e-02
8.379846057304085605e-02, 5.031450912105435158e-01, 3.292586459865915471e-01, 8.379780222982421978e-02
8.380429085638289866e-02, 5.031689059635339190e-01, 3.292231692955563394e-01, 8.380363388452688467e-02
8.381012903684531556e-02, 5.031927116427750146e-01, 3.291876858868204581e-01, 8.380947343355921175e-02
8.381597511599005179e-02, 5.032165082352604291e-01, 3.291521957702608914e-01, 8.381532087848864165e-02
8.382182909537942705e-02, 5.032402957279829003e-01, 3.291166989557546274e-01, 8.382117622088305908e-02
8.382769097657627455e-02, 5.032640741079342783e-01, 3.290811954531786543e-01, 8.382703946231075121e-02
8.383356076114373279e-02, 5.032878433621059688e-01, 3.290456852724098491e-01, 8.383291060434047703e-02
8.383943845064555089e-02, 5.033116034774883785e-01, 3.290101684233248669e-01, 8.383878964854135640e-02
8.384532404664570004e-02, 5.033353544410711367e-01, 3.289746449158003072e-01, 8.384467659648293936e-02
8.385121755070880367e-02, 5.033590962398429847e-01, 3.289391147597128806e-01, 8.385057144973524779e-02
8.385711896439976276e-02, 5.033828288607925527e-01, 3.289035779649389646e-01, 8.385647420986869216e-02
8.386302828928399178e-02, 5.034065522909069168e-01, 3.288680345413551032e-01, 8.386238487845414091e-02
8.386894552692729377e-02, 5.034302665171725977e-01, 3.288324844988372297e-01, 8.386830345706283718e-02
8.387487067889592973e-02, 5.034539715265757831e-01, 3.287969278472618884e-01, 8.387422994726646819e-02
8.388080374675660478e-02, 5.034776673061013286e-01, 3.287613645965049569e-01, 8.388016435063717913e-02
8.388674473207644033e-02, 5.035013538427335344e-01, 3.287257947564425908e-01, 8.388610666874748989e-02
8.389269363642304356e-02, 5.035250311234561460e-01, 3.286902183369505015e-01, 8.389205690317036446e-02
8.389865046136431304e-02, 5.035486991352520203e-01, 3.286546353479045668e-01, 8.389801505547921090e-02
8.390461520846878574e-02, 5.035723578651029042e-01, 3.286190457991804981e-01, 8.390398112724779811e-02
8.391058787930530394e-02, 5.035960072999904336e-01, 3.285834497006538402e-01, 8.390995512005043622e-02
8.391656847544315401e-02, 5.036196474268951340e-01, 3.285478470622000269e-01, 8.391593703546178229e-02
8.392255699845209416e-02, 5.036432782327965318e-01, 3.285122378936945475e-01, 8.392192687505688198e-02
8.392855344990232669e-02, 5.036668997046739316e-01, 3.284766222050124473e-01, 8.392792464041126665e-02
8.393455783136440085e-02, 5.036905118295056383e-01, 3.284410000060289936e-01, 8.393393033310089790e-02
8.394057014440944875e-02, 5.037141145942690690e-01, 3.284053713066192870e-01, 8.393994395470216752e-02
8.394659039060888006e-02, 5.037377079859410856e-01, 3.283697361166581508e-01, 8.394596550679181424e-02
8.395261857153472895e-02, 5.037612919914976617e-01, 3.283340944460204636e-01, 8.395199499094713191e-02
8.395865468875925164e-02, 5.037848665979142160e-01, 3.282984463045807710e-01, 8.395803240874569195e-02
8.396469874385525944e-02, 5.038084317921651678e-01, 3.282627917022139519e-01, 8.396407776176562088e-02
8.397075073839600778e-02, 5.038319875612243814e-01, 3.282271306487940521e-01, 8.397013105158541990e-02
8.397681067395522392e-02, 5.038555338920650550e-01, 3.281914631541957283e-01, 8.397619227978400658e-02
8.398287855210691266e-02, 5.038790707716592765e-01, 3.281557892282929711e-01, 8.398226144794071479e-02
8.398895437442568945e-02, 5.039025981869788007e-01, 3.281201088809601596e-01, 8.398833855763536416e-02
8.399503814248654443e-02, 5.039261161249942722e-01, 3.280844221220708956e-01, 8.399442361044814898e-02
8.400112985786482855e-02, 5.039496245726761137e-01, 3.280487289614993918e-01, 8.400051660795972153e-02
8.400722952213647565e-02, 5.039731235169933043e-01, 3.280130294091191390e-01, 8.400661755175110879e-02
8.401333713687771099e-02, 5.039966129449147125e-01, 3.279773234748036281e-01, 8.401272644340383733e-02
8.401945270366535656e-02, 5.040200928434082073e-01, 3.279416111684267943e-01, 8.401884328449983619e-02
8.402557622407649807e-02, 5.040435631994407695e-01, 3.279058924998612956e-01, 8.402496807662136746e-02
8.403170769968879017e-02, 5.040670239999790470e-01, 3.278701674789808451e-01, 8.403110082135133163e-02
8.403784713208027612e-02, 5.040904752319885773e-01, 3.278344361156583786e-01, 8.403724152027283734e-02
8.404399452282942939e-02, 5.041139168824342320e-01, 3.277986984197667764e-01, 8.404339017496954833e-02
8.405014987351512590e-02, 5.041373489382804385e-01, 3.277629544011788632e-01, 8.404954678702553084e-02
8.405631318571678279e-02, 5.041607713864906248e-01, 3.277272040697673527e-01, 8.405571135802523963e-02
8.406248446101423355e-02, 5.041841842140275531e-01, 3.276914474354046258e-01, 8.406188388955361523e-02
8.406866370098761698e-02, 5.042075874078530973e-01, 3.276556845079631741e-01, 8.406806438319600061e-02
8.407485090721769638e-02, 5.042309809549289090e-01, 3.276199152973154338e-01, 8.407425284053818282e-02
8.408104608128551261e-02, 5.042543648422151970e-01, 3.275841398133330085e-01, 8.408044926316632361e-02
8.408724922477266162e-02, 5.042777390566719475e-01, 3.275483580658883342e-01, 8.408665365266705660e-02
8.409346033926114183e-02, 5.043011035852583701e-01, 3.275125700648530147e-01, 8.409286601062745947e-02
8.409967942633331250e-02, 5.043244584149327858e-01, 3.274767758200987644e-01, 8.409908633863499849e-02
8.410590648757214349e-02, 5.043478035326531828e-01, 3.274409753414971314e-01, 8.410531463827759791e-02
8.411214152456085447e-02, 5.043711389253761057e-01, 3.274051686389193860e-01, 8.411155091114361215e-02
8.411838453888323408e-02, 5.043944645800580995e-01, 3.273693557222368544e-01, 8.411779515882178426e-02
8.412463553212343181e-02, 5.044177804836547097e-01, 3.273335366013205849e-01, 8.412404738290135686e-02
8.413089450586608287e-02, 5.044410866231203716e-01, 3.272977112860415150e-01, 8.413030758497190564e-02
8.413716146169629428e-02, 5.044643829854097428e-01, 3.272618797862705264e-01, 8.413657576662354753e-02
8.414343640119946455e-02, 5.044876695574758152e-01, 3.272260421118780016e-01, 8.414285192944671865e-02
8.414971932596164439e-02, 5.045109463262713589e-01, 3.271901982727345448e-01, 8.414913607503238246e-02
8.415601023756910659e-02, 5.045342132787484779e-01, 3.271543482787104828e-01, 8.415542820497186327e-02
8.416230913760874843e-02, 5.045574704018583878e-01, 3.271184921396759204e-01, 8.416172832085691558e-02
8.416861602766778638e-02, 5.045807176825515272e-01, 3.270826298655007403e-01, 8.416803642427979348e-02
8.417493090933392264e-02, 5.046039551077780017e-01, 3.270467614660550471e-01, 8.417435251683311193e-02
8.418125378419528959e-02, 5.046271826644864733e-01, 3.270108869512082794e-01, 8.418067660010991604e-02
8.418758465384046374e-02, 5.046504003396259375e-01, 3.269750063308299870e-01, 8.418700867570375057e-02
8.419392351985842404e-02, 5.046736081201436130e-01, 3.269391196147894418e-01, 8.419334874520845169e-02
8.420027038383870455e-02, 5.046968059929868300e-01, 3.269032268129559715e-01, 8.419969681021848007e-02
8.420662524737110299e-02, 5.047199939451016970e-01, 3.268673279351985705e-01, 8.420605287232851843e-02
8.421298811204601387e-02, 5.047431719634342118e-01, 3.268314229913859004e-01, 8.421241693313387400e-02
8.421935897945417859e-02, 5.047663400349288176e-01, 3.267955119913869000e-01, 8.421878899423014542e-02
8.422573785118678269e-02, 5.047894981465299580e-01, 3.267595949450697868e-01, 8.422516905721337543e-02
8.423212472883552515e-02, 5.048126462851812990e-01, 3.267236718623031111e-01, 8.423155712368013415e-02
8.423851961399245192e-02, 5.048357844378255077e-01, 3.266877427529548683e-01, 8.423795319522732472e-02
8.424492250825008077e-02, 5.048589125914044740e-01, 3.266518076268931092e-01, 8.424435727345226665e-02
8.425133341320142910e-02, 5.048820307328599766e-01, 3.266158664939857181e-01, 8.425076935995280680e-02
8.425775233043988899e-02, 5.049051388491326842e-01, 3.265799193641001907e-01, 8.425718945632718060e-02
8.426417926155928273e-02, 5.049282369271627102e-01, 3.265439662471040783e-01, 8.426361756417401205e-02
8.427061420815387671e-02, 5.049513249538891690e-01, 3.265080071528645989e-01, 8.427005368509234151e-02
8.427705717181842304e-02, 5.049744029162509529e-01, 3.264720420912488597e-01, 8.427649782068177831e-02
8.428350815414809016e-02, 5.049974708011858437e-01, 3.264360710721237457e-01, 8.428294997254220933e-02
8.428996715673847673e-02, 5.050205285956314016e-01, 3.264000941053560312e-01, 8.428941014227403494e-02
8.429643418118562548e-02, 5.050435762865240763e-01, 3.263641112008123235e-01, 8.429587833147801634e-02
8.430290922908602325e-02, 5.050666138607997624e-01, 3.263281223683587862e-01, 8.430235454175542820e-02
8.430939230203657320e-02, 5.050896413053935774e-01, 3.262921276178619157e-01, 8.430883877470793375e-02
8.431588340163462258e-02, 5.051126586072404168e-01, 3.262561269591873758e-01, 8.431533103193758483e-02
8.432238252947801826e-02, 5.051356657532737326e-01, 3.262201204022011636e-01, 8.432183131504697449e-02
8.432888968716495404e-02, 5.051586627304271993e-01, 3.261841079567687762e-01, 8.432833962563901498e-02
8.433540487629416493e-02, 5.051816495256330475e-01, 3.261480896327557666e-01, 8.433485596531713202e-02
8.434192809846471905e-02, 5.052046261258230642e-01, 3.261120654400271879e-01, 8.434138033568508441e-02
8.434845935527617022e-02, 5.052275925179284810e-01, 3.260760353884482043e-01, 8.434791273834711667e-02
8.435499864832854411e-02, 5.052505486888797526e-01, 3.260399994878837027e-01, 8.435445317490798678e-02
8.436154597922225495e-02, 5.052734946256067783e-01, 3.260039577481981810e-01, 8.436100164697273029e-02
8.436810134955821661e-02, 5.052964303150385694e-01, 3.259679101792561373e-01, 8.436755815614692400e-02
8.437466476093773149e-02, 5.053193557441038042e-01, 3.259318567909219033e-01, 8.437412270403651937e-02
8.438123621496251836e-02, 5.053422708997300505e-01, 3.258957975930595330e-01, 8.438069529224791199e-02
8.438781571323482333e-02, 5.053651757688445434e-01, 3.258597325955328028e-01, 8.438727592238795538e-02
8.439440325735721171e-02, 5.053880703383736295e-01, 3.258236618082052671e-01, 8.439386459606383617e-02
8.440099884893283166e-02, 5.054109545952431004e-01, 3.257875852409405915e-01, 8.440046131488333769e-02
8.440760248956513667e-02, 5.054338285263784147e-01, 3.257515029036019971e-01, 8.440706608045453474e-02
8.441421418085812145e-02, 5.054566921187035877e-01, 3.257154148060523169e-01, 8.441367889438596006e-02
8.442083392441612766e-02, 5.054795453591426346e-01, 3.256793209581546611e-01, 8.442029975828664601e-02
8.442746172184405207e-02, 5.055023882346185715e-01, 3.256432213697714184e-01, 8.442692867376593024e-02
8.443409757474709676e-02, 5.055252207320539704e-01, 3.256071160507651441e-01, 8.443356564243374718e-02
8.444074148473100505e-02, 5.055480428383706260e-01, 3.255710050109980602e-01, 8.444021066590026714e-02
8.444739345340192271e-02, 5.055708545404896670e-01, 3.255348882603321670e-01, 8.444686374577625720e-02
8.445405348236642573e-02, 5.055936558253315560e-01, 3.254987658086291313e-01, 8.445352488367283139e-02
8.446072157323153418e-02, 5.056164466798162005e-01, 3.254626376657506204e-01, 8.446019408120154781e-02
8.446739772760471221e-02, 5.056392270908627307e-01, 3.254265038415581346e-01, 8.446687133997440866e-02
8.447408194709389584e-02, 5.056619970453897217e-01, 3.253903643459125639e-01, 8.447355666160383247e-02
8.448077423330736802e-02, 5.056847565303148606e-01, 3.253542191886750756e-01, 8.448025004770265411e-02
8.448747458785395292e-02, 5.057075055325557233e-01, 3.253180683797062267e-01, 8.448695149988416642e-02
8.449418301234284945e-02, 5.057302440390285536e-01, 3.252819119288664629e-01, 8.449366101976206467e-02
8.450089950838371444e-02, 5.057529720366494841e-01, 3.252457498460162300e-01, 8.450037860895052988e-02
8.450762407758666273e-02, 5.057756895123336482e-01, 3.252095821410155851e-01, 8.450710426906410389e-02
8.451435672156219769e-02, 5.057983964529958465e-01, 3.251734088237241971e-01, 8.451383800171777261e-02
8.452109744192130847e-02, 5.058210928455498800e-01, 3.251372299040019009e-01, 8.452057980852697994e-02
8.452784624027542826e-02, 5.058437786769091060e-01, 3.251010453917078658e-01, 8.452732969110759997e-02
8.453460311823633722e-02, 5.058664539339863264e-01, 3.250648552967013716e-01, 8.453408765107590928e-02
8.454136807741637061e-02, 5.058891186036935661e-01, 3.250286596288413654e-01, 8.454085369004862849e-02
8.454814111942828003e-02, 5.059117726729421838e-01, 3.249924583979864612e-01, 8.454762780964292235e-02
8.455492224588519179e-02, 5.059344161286430941e-01, 3.249562516139954393e-01, 8.455441001147637192e-02
8.456171145840069014e-02, 5.059570489577063235e-01, 3.249200392867261367e-01, 8.456120029716690523e-02
8.456850875858884509e-02, 5.059796711470413433e-01, 3.248838214260367785e-01, 8.456799866833307477e-02
8.457531414806414294e-02, 5.060022826835569587e-01, 3.248475980417852571e-01, 8.457480512659365512e-02
8.458212762844145860e-02, 5.060248835541615309e-01, 3.248113691438289652e-01, 8.458161967356800370e-02
8.458894920133616657e-02, 5.060474737457627548e-01, 3.247751347420252399e-01, 8.458844231087581100e-02
8.459577886836405769e-02, 5.060700532452674372e-01, 3.247388948462314184e-01, 8.459527304013725324e-02
8.460261663114135300e-02, 5.060926220395818298e-01, 3.247026494663038387e-01, 8.460211186297288133e-02
8.460946249128475927e-02, 5.061151801156119623e-01, 3.246663986120996159e-01, 8.460895878100371803e-02
8.461631645041128857e-02, 5.061377274602624210e-01, 3.246301422934749215e-01, 8.461581379585123019e-02
8.462317851013854975e-02, 5.061602640604381254e-01, 3.245938805202859267e-01, 8.462267690913723162e-02
8.463004867208454018e-02, 5.061827899030427735e-01, 3.245576133023885812e-01, 8.462954812248411895e-02
8.463692693786757648e-02, 5.062053049749795086e-01, 3.245213406496384456e-01, 8.463642743751451092e-02
8.464381330910658585e-02, 5.062278092631508075e-01, 3.244850625718909698e-01, 8.464331485585159520e-02
8.465070778742084245e-02, 5.062503027544587031e-01, 3.244487790790013260e-01, 8.465021037911897583e-02
8.465761037443005066e-02, 5.062727854358047841e-01, 3.244124901808244643e-01, 8.465711400894065930e-02
8.466452107175440056e-02, 5.062952572940894180e-01, 3.243761958872151685e-01, 8.466402574694108230e-02
8.467143988101445695e-02, 5.063177183162127504e-01, 3.243398962080276116e-01, 8.467094559474511173e-02
8.467836680383128423e-02, 5.063401684890744825e-01, 3.243035911531162441e-01, 8.467787355397805860e-02
8.468530184182632148e-02, 5.063626077995732055e-01, 3.242672807323348505e-01, 8.468480962626559472e-02
8.469224499662147965e-02, 5.063850362346075107e-01, 3.242309649555372153e-01, 8.469175381323393315e-02
8.469919626983911376e-02, 5.064074537810746568e-01, 3.241946438325766233e-01, 8.469870611650957837e-02
8.470615566310199518e-02, 5.064298604258719028e-01, 3.241583173733063594e-01, 8.470566653771963161e-02
8.471312317803333936e-02, 5.064522561558957303e-01, 3.241219855875794309e-01, 8.471263507849148555e-02
8.472009881625680583e-02, 5.064746409580418440e-01, 3.240856484852484565e-01, 8.471961174045300469e-02
8.472708257939645660e-02, 5.064970148192052823e-01, 3.240493060761658328e-01, 8.472659652523246987e-02
8.473407446907681162e-02, 5.065193777262808617e-01, 3.240129583701837346e-01, 8.473358943445857827e-02
8.474107448692286271e-02, 5.065417296661626212e-01, 3.239766053771540588e-01, 8.474059046976051279e-02
8.474808263455992086e-02, 5.065640706257437120e-01, 3.239402471069284251e-01, 8.474759963276783103e-02
8.475509891361394932e-02, 5.065864005919171742e-01, 3.239038835693583973e-01, 8.475461692511053469e-02
8.476212332571105013e-02, 5.066087195515750485e-01, 3.238675147742949290e-01, 8.476164234841904177e-02
8.476915587247801920e-02, 5.066310274916088208e-01, 3.238311407315889179e-01, 8.476867590432420052e-02
8.477619655554195777e-02, 5.066533243989096436e-01, 3.237947614510911509e-01, 8.477571759445730326e-02
8.478324537653041115e-02, 5.066756102603677814e-01, 3.237583769426516933e-01, 8.478276742045001702e-02
8.479030233707141040e-02, 5.066978850628731657e-01, 3.237219872161207768e-01, 8.478982538393453616e-02
8.479736743879337513e-02, 5.067201487933150617e-01, 3.236855922813483000e-01, 8.479689148654337427e-02
8.480444068332518293e-02, 5.067424014385817355e-01, 3.236491921481835510e-01, 8.480396572990950288e-02
8.481152207229609996e-02, 5.067646429855614532e-01, 3.236127868264760399e-01, 8.481104811566636537e-02
8.481861160733590588e-02, 5.067868734211415926e-01, 3.235763763260746662e-01, 8.481813864544776593e-02
8.482570929007475502e-02, 5.068090927322090877e-01, 3.235399606568283293e-01, 8.482523732088799451e-02
8.483281512214321807e-02, 5.068313009056497620e-01, 3.235035398285852626e-01, 8.483234414362170184e-02
8.483992910517236530e-02, 5.068534979283497721e-01, 3.234671138511938659e-01, 8.483945911528403827e-02
8.484705124079364169e-02, 5.068756837871939425e-01, 3.234306827345019841e-01, 8.484658223751050110e-02
8.485418153063897795e-02, 5.068978584690668754e-01, 3.233942464883571843e-01, 8.485371351193708722e-02
8.486131997634067947e-02, 5.069200219608521740e-01, 3.233578051226069783e-01, 8.486085294020014047e-02
8.486846657953150963e-02, 5.069421742494335525e-01, 3.233213586470984335e-01, 8.486800052393650429e-02
8.487562134184468976e-02, 5.069643153216936149e-01, 3.232849070716783402e-01, 8.487515626478342456e-02
8.488278426491381590e-02, 5.069864451645144099e-01, 3.232484504061932662e-01, 8.488232016437853578e-02
8.488995535037299756e-02, 5.070085637647776533e-01, 3.232119886604895020e-01, 8.488949222435991648e-02
8.489713459985671895e-02, 5.070306711093641727e-01, 3.231755218444130051e-01, 8.489667244636607546e-02
8.490432201499988063e-02, 5.070527671851546847e-01, 3.231390499678095107e-01, 8.490386083203599332e-02
8.491151759743786887e-02, 5.070748519790287956e-01, 3.231025730405244212e-01, 8.491105738300895600e-02
8.491872134880643075e-02, 5.070969254778660007e-01, 3.230660910724028612e-01, 8.491826210092476290e-02
8.492593327074185461e-02, 5.071189876685447961e-01, 3.230296040732897334e-01, 8.492547498742367140e-02
8.493315336488074796e-02, 5.071410385379434560e-01, 3.229931120530296074e-01, 8.493269604414624419e-02
8.494038163286017629e-02, 5.071630780729394772e-01, 3.229566150214666642e-01, 8.493992527273354354e-02
8.494761807631773243e-02, 5.071851062604100235e-01, 3.229201129884451404e-01, 8.494716267482707583e-02
8.495486269689127290e-02, 5.072071230872314818e-01, 3.228836059638084954e-01, 8.495440825206872215e-02
8.496211549621920933e-02, 5.072291285402795724e-01, 3.228470939574003551e-01, 8.496166200610076602e-02
8.496937647594036969e-02, 5.072511226064299050e-01, 3.228105769790636792e-01, 8.496892393856596282e-02
8.497664563769394275e-02, 5.072731052725569789e-01, 3.227740550386415386e-01, 8.497619405110752588e-02
8.498392298311964466e-02, 5.072950765255352934e-01, 3.227375281459763379e-01, 8.498347234536898775e-02
8.499120851385751074e-02, 5.073170363522380155e-01, 3.227009963109102042e-01, 8.499075882299433893e-02
8.499850223154810369e-02, 5.073389847395385344e-01, 3.226644595432853202e-01, 8.499805348562805563e-02
8.500580413783238865e-02, 5.073609216743093508e-01, 3.226279178529433134e-01, 8.500535633491494714e-02
8.501311423435169157e-02, 5.073828471434225218e-01, 3.225913712497254782e-01, 8.501266737250033623e-02
8.502043252274787966e-02, 5.074047611337492159e-01, 3.225548197434729980e-01, 8.501998660002985098e-02
8.502775900466319481e-02, 5.074266636321606017e-01, 3.225182633440266677e-01, 8.502731401914967457e-02
8.503509368174025362e-02, 5.074485546255267376e-01, 3.224817020612268936e-01, 8.503464963150629552e-02
8.504243655562214455e-02, 5.074704341007174602e-01, 3.224451359049137489e-01, 8.504199343874667416e-02
8.504978762795248337e-02, 5.074923020446020505e-01, 3.224085648849273067e-01, 8.504934544251817330e-02
8.505714690037513570e-02, 5.075141584440492348e-01, 3.223719890111070852e-01, 8.505670564446862758e-02
8.506451437453450837e-02, 5.075360032859269621e-01, 3.223354082932924358e-01, 8.506407404624623247e-02
8.507189005207536903e-02, 5.075578365571027373e-01, 3.222988227413222106e-01, 8.507145064949957203e-02
8.507927393464302657e-02, 5.075796582444440652e-01, 3.222622323650350951e-01, 8.507883545587778540e-02
8.508666602388308131e-02, 5.076014683348170076e-01, 3.222256371742695524e-01, 8.508622846703031706e-02
8.509406632144167482e-02, 5.076232668150877370e-01, 3.221890371788636021e-01, 8.509362968460702781e-02
8.510147482896524007e-02, 5.076450536721214268e-01, 3.221524323886549301e-01, 8.510103911025825030e-02
8.510889154810080681e-02, 5.076668288927833617e-01, 3.221158228134811119e-01, 8.510845674563474739e-02
8.511631648049566845e-02, 5.076885924639376046e-01, 3.220792084631791119e-01, 8.511588259238762888e-02
8.512374962779761800e-02, 5.077103443724479970e-01, 3.220425893475858392e-01, 8.512331665216844867e-02
8.513119099165490644e-02, 5.077320846051778247e-01, 3.220059654765379809e-01, 8.513075892662921862e-02
8.513864057371614558e-02, 5.077538131489900408e-01, 3.219693368598715022e-01, 8.513820941742236692e-02
8.514609837563041905e-02, 5.077755299907465991e-01, 3.219327035074223686e-01, 8.514566812620068259e-02
8.515356439904722685e-02, 5.077972351173093424e-01, 3.218960654290261569e-01, 8.515313505461737098e-02
8.516103864561641590e-02, 5.078189285155393362e-01, 3.218594226345179998e-01, 8.516061020432612316e-02
8.516852111698842986e-02, 5.078406101722974242e-01, 3.218227751337331966e-01, 8.516809357698106042e-02
8.517601181481393446e-02, 5.078622800744434507e-01, 3.217861229365059361e-01, 8.517558517423655384e-02
8.518351074074419216e-02, 5.078839382088372600e-01, 3.217494660526709072e-01, 8.518308499774761289e-02
8.519101789643077072e-02, 5.079055845623376975e-01, 3.217128044920619101e-01, 8.519059304916949682e-02
8.519853328352570976e-02, 5.079272191218036081e-01, 3.216761382645126344e-01, 8.519810933015797838e-02
8.520605690368146523e-02, 5.079488418740927269e-01, 3.216394673798564918e-01, 8.520563384236919113e-02
8.521358875855092330e-02, 5.079704528060627888e-01, 3.216027918479264502e-01, 8.521316658745969885e-02
8.522112884978734482e-02, 5.079920519045708627e-01, 3.215661116785553109e-01, 8.522070756708650940e-02
8.522867717904453189e-02, 5.080136391564731291e-01, 3.215294268815752643e-01, 8.522825678290700535e-02
8.523623374797655028e-02, 5.080352145486257687e-01, 3.214927374668186122e-01, 8.523581423657898559e-02
8.524379855823802088e-02, 5.080567780678844070e-01, 3.214560434441170456e-01, 8.524337992976070699e-02
8.525137161148385601e-02, 5.080783297011035593e-01, 3.214193448233016448e-01, 8.525095386411077336e-02
8.525895290936957860e-02, 5.080998694351379630e-01, 3.213826416142040454e-01, 8.525853604128826035e-02
8.526654245355094752e-02, 5.081213972568416892e-01, 3.213459338266546617e-01, 8.526612646295267384e-02
8.527414024568417961e-02, 5.081429131530679211e-01, 3.213092214704839633e-01, 8.527372513076381111e-02
8.528174628742600516e-02, 5.081644171106698415e-01, 3.212725045555221981e-01, 8.528133204638203846e-02
8.528936058043354307e-02, 5.081859091164996345e-01, 3.212357830915988921e-01, 8.528894721146802749e-02
8.529698312636421753e-02, 5.082073891574092617e-01, 3.211990570885436269e-01, 8.529657062768292164e-02
8.530461392687595235e-02, 5.082288572202503518e-01, 3.211623265561853735e-01, 8.530420229668822518e-02
8.531225298362717091e-02, 5.082503132918736455e-01, 3.211255915043531584e-01, 8.531184222014591423e-02
8.531990029827661581e-02, 5.082717573591297722e-01, 3.210888519428752863e-01, 8.531949039971832571e-02
8.532755587248344598e-02, 5.082931894088683622e-01, 3.210521078815798401e-01, 8.532714683706822678e-02
8.533521970790730604e-02, 5.083146094279392679e-01, 3.210153593302946806e-01, 8.533481153385881479e-02
8.534289180620817372e-02, 5.083360174031912315e-01, 3.209786062988470579e-01, 8.534248449175366180e-02
8.535057216904649857e-02, 5.083574133214725510e-01, 3.209418487970642220e-01, 8.535016571241678396e-02
8.535826079808313260e-02, 5.083787971696315244e-01, 3.209050868347728125e-01, 8.535785519751257211e-02
8.536595769497937192e-02, 5.084001689345153396e-01, 3.208683204217992468e-01, 8.536555294870581956e-02
8.537366286139691507e-02, 5.084215286029714065e-01, 3.208315495679697760e-01, 8.537325896766183309e-02
8.538137629899782144e-02, 5.084428761618458026e-01, 3.207947742831101512e-01, 8.538097325604621091e-02
8.538909800944466388e-02, 5.084642115979849386e-01, 3.207579945770455132e-01, 8.538869581552502308e-02
8.539682799440034833e-02, 5.084855348982340040e-01, 3.207212104596010027e-01, 8.539642664776470049e-02
8.540456625552821091e-02, 5.085068460494382991e-01, 3.206844219406013718e-01, 8.540416575443209035e-02
8.541231279449205960e-02, 5.085281450384424584e-01, 3.206476290298709841e-01, 8.541191313719453948e-02
8.542006761295607709e-02, 5.085494318520903390e-01, 3.206108317372338146e-01, 8.541966879771965837e-02
8.542783071258483463e-02, 5.085707064772260200e-01, 3.205740300725136160e-01, 8.542743273767558487e-02
8.543560209504334757e-02, 5.085919689006922484e-01, 3.205372240455336419e-01, 8.543520495873076215e-02
8.544338176199706147e-02, 5.086132191093319932e-01, 3.205004136661167569e-01, 8.544298546255416071e-02
8.545116971511178272e-02, 5.086344570899872242e-01, 3.204635989440858257e-01, 8.545077425081505640e-02
8.545896595605383117e-02, 5.086556828295000221e-01, 3.204267798892629915e-01, 8.545857132518319688e-02
8.546677048648977648e-02, 5.086768963147114686e-01, 3.203899565114701198e-01, 8.546637668732866289e-02
8.547458330808678506e-02, 5.086980975324623122e-01, 3.203531288205289096e-01, 8.547419033892200702e-02
8.548240442251228699e-02, 5.087192864695930794e-01, 3.203162968262605048e-01, 8.548201228163414267e-02
8.549023383143422583e-02, 5.087404631129437416e-01, 3.202794605384856608e-01, 8.548984251713645510e-02
8.549807153652086433e-02, 5.087616274493532709e-01, 3.202426199670252438e-01, 8.549768104710064875e-02
8.550591753944099260e-02, 5.087827794656611946e-01, 3.202057751216990100e-01, 8.550552787319888604e-02
8.551377184186366442e-02, 5.088039191487057078e-01, 3.201689260123268821e-01, 8.551338299710371793e-02
8.552163444545851645e-02, 5.088250464853248944e-01, 3.201320726487284496e-01, 8.552124642048812564e-02
8.552950535189543513e-02, 5.088461614623563944e-01, 3.200952150407226915e-01, 8.552911814502545118e-02
8.553738456284482039e-02, 5.088672640666374036e-01, 3.200583531981283092e-01, 8.553699817238945291e-02
8.554527207997744687e-02, 5.088883542850044517e-01, 3.200214871307636710e-01, 8.554488650425430551e-02
8.555316790496451940e-02, 5.089094321042940683e-01, 3.199846168484468123e-01, 8.555278314229458614e-02
8.556107203947756201e-02, 5.089304975113417839e-01, 3.199477423609954907e-01, 8.556068808818526050e-02
8.556898448518862610e-02, 5.089515504929829071e-01, 3.199108636782267423e-01, 8.556860134360169678e-02
8.557690524377013774e-02, 5.089725910360525241e-01, 3.198739808099576587e-01, 8.557652291021967950e-02
8.558483431689486998e-02, 5.089936191273849442e-01, 3.198370937660047764e-01, 8.558445278971536785e-02
8.559277170623608155e-02, 5.090146347538142546e-01, 3.198002025561842987e-01, 8.559239098376533739e-02
8.560071741346736429e-02, 5.090356379021739874e-01, 3.197633071903119295e-01, 8.560033749404657999e-02
8.560867144026282349e-02, 5.090566285592974527e-01, 3.197264076782033726e-01, 8.560829232223648999e-02
8.561663378829685589e-02, 5.090776067120167392e-01, 3.196895040296733881e-01, 8.561625547001278091e-02
8.562460445924430230e-02, 5.090985723471649349e-01, 3.196525962545370692e-01, 8.562422693905370752e-02
8.563258345478044764e-02, 5.091195254515732405e-01, 3.196156843626085098e-01, 8.563220673103780212e-02
8.564057077658095152e-02, 5.091404660120734116e-01, 3.195787683637017484e-01, 8.564019484764404111e-02
8.564856642632186212e-02, 5.091613940154958717e-01, 3.195418482676304350e-01, 8.564819129055180336e-02
8.565657040567963010e-02, 5.091823094486717105e-01, 3.195049240842079419e-01, 8.565619606144084242e-02
8.566458271633119181e-02, 5.092032122984305742e-01, 3.194679958232468087e-01, 8.566420916199134206e-02
8.567260335995376119e-02, 5.092241025516025532e-01, 3.194310634945598526e-01, 8.567223059388384687e-02
8.568063233822507951e-02, 5.092449801950165167e-01, 3.193941271079590027e-01, 8.568026035879935942e-02
8.568866965282316561e-02, 5.092658452155013338e-01, 3.193571866732561326e-01, 8.568829845841917370e-02
8.569671530542657956e-02, 5.092866975998856516e-01, 3.193202422002626162e-01, 8.569634489442512493e-02
8.570476929771415897e-02, 5.093075373349971180e-01, 3.192832936987893833e-01, 8.570439966849931201e-02
8.571283163136514394e-02, 5.093283644076634920e-01, 3.192463411786470862e-01, 8.571246278232425020e-02
8.572090230805934352e-02, 5.093491788047117552e-01, 3.192093846496460441e-01, 8.572053423758294044e-02
8.572898132947673333e-02, 5.093699805129685565e-01, 3.191724241215959657e-01, 8.572861403595866125e-02
8.573706869729792734e-02, 5.093907695192604335e-01, 3.191354596043063929e-01, 8.573670217913520464e-02
8.574516441320370608e-02, 5.094115458104130356e-01, 3.190984911075865904e-01, 8.574479866879659851e-02
8.575326847887544679e-02, 5.094323093732520125e-01, 3.190615186412451565e-01, 8.575290350662746752e-02
8.576138089599476266e-02, 5.094530601946023474e-01, 3.190245422150902455e-01, 8.576101669431261676e-02
8.576950166624379424e-02, 5.094737982612886906e-01, 3.189875618389301781e-01, 8.576913823353743416e-02
8.577763079130502899e-02, 5.094945235601352485e-01, 3.189505775225723316e-01, 8.577726812598754358e-02
8.578576827286130135e-02, 5.095152360779658940e-01, 3.189135892758238056e-01, 8.578540637334904073e-02
8.579391411259591760e-02, 5.095359358016039453e-01, 3.188765971084916440e-01, 8.579355297730843766e-02
8.580206831219261421e-02, 5.095566227178726093e-01, 3.188396010303820582e-01, 8.580170793955256558e-02
8.581023087333544686e-02, 5.095772968135946490e-01, 3.188026010513012598e-01, 8.580987126176869983e-02
8.581840179770884591e-02, 5.095979580755919391e-01, 3.187655971810547939e-01, 8.581804294564447655e-02
8.582658108699769972e-02, 5.096186064906865765e-01, 3.187285894294479283e-01, 8.582622299286792045e-02
8.583476874288727132e-02, 5.096392420456997696e-01, 3.186915778062854865e-01, 8.583441140512747258e-02
8.584296476706319845e-02, 5.096598647274527272e-01, 3.186545623213720146e-01, 8.584260818411192095e-02
8.585116916121160457e-02, 5.096804745227663247e-01, 3.186175429845115592e-01, 8.585081333151051153e-02
8.585938192701887683e-02, 5.097010714184603275e-01, 3.185805198055078891e-01, 8.585902684901280946e-02
8.586760306617190197e-02, 5.097216554013551670e-01, 3.185434927941641625e-01, 8.586724873830879623e-02
8.587583258035787204e-02, 5.097422264582698315e-01, 3.185064619602835378e-01, 8.587547900108885579e-02
8.588407047126445093e-02, 5.097627845760237530e-01, 3.184694273136682297e-01, 8.588371763904367739e-02
8.589231674057963561e-02, 5.097833297414353648e-01, 3.184323888641205080e-01, 8.589196465386444990e-02
8.590057138999182551e-02, 5.098038619413233219e-01, 3.183953466214421435e-01, 8.590022004724269522e-02
8.590883442118986413e-02, 5.098243811625053912e-01, 3.183583005954344070e-01, 8.590848382087028223e-02
8.591710583586292804e-02, 5.098448873917993396e-01, 3.183212507958981252e-01, 8.591675597643956552e-02
8.592538563570059629e-02, 5.098653806160221569e-01, 3.182841972326341806e-01, 8.592503651564320499e-02
8.593367382239285035e-02, 5.098858608219908328e-01, 3.182471399154422342e-01, 8.593332544017422137e-02
8.594197039763004642e-02, 5.099063279965215800e-01, 3.182100788541223357e-01, 8.594162275172609333e-02
8.595027536310295702e-02, 5.099267821264307221e-01, 3.181730140584737576e-01, 8.594992845199263265e-02
8.595858872050267385e-02, 5.099472231985339166e-01, 3.181359455382952728e-01, 8.595824254266803965e-02
8.596691047152084375e-02, 5.099676511996465988e-01, 3.180988733033857652e-01, 8.596656502544700040e-02
8.597524061784926619e-02, 5.099880661165834272e-01, 3.180617973635429530e-01, 8.597489590202436749e-02
8.598357916118029576e-02, 5.100084679361592821e-01, 3.180247177285647209e-01, 8.598323517409556249e-02
8.599192610320663399e-02, 5.100288566451883776e-01, 3.179876344082485096e-01, 8.599158284335632618e-02
8.600028144562138488e-02, 5.100492322304847059e-01, 3.179505474123913156e-01, 8.599993891150277403e-02
8.600864519011794385e-02, 5.100695946788614821e-01, 3.179134567507891918e-01, 8.600830338023135457e-02
8.601701733839020592e-02, 5.100899439771321431e-01, 3.178763624332387461e-01, 8.601667625123902983e-02
8.602539789213238530e-02, 5.101102801121093488e-01, 3.178392644695353098e-01, 8.602505752622296997e-02
8.603378685303914031e-02, 5.101306030706056482e-01, 3.178021628694742695e-01, 8.603344720688087255e-02
8.604218422280546230e-02, 5.101509128394331460e-01, 3.177650576428507900e-01, 8.604184529491071265e-02
8.605059000312671735e-02, 5.101712094054036140e-01, 3.177279487994588147e-01, 8.605025179201090946e-02
8.605900419569870174e-02, 5.101914927553282686e-01, 3.176908363490927867e-01, 8.605866669988024298e-02
8.606742680221754482e-02, 5.102117628760184376e-01, 3.176537203015462607e-01, 8.606709002021781241e-02
8.607585782437983390e-02, 5.102320197542845603e-01, 3.176166006666124586e-01, 8.607552175472316103e-02
8.608429726388240610e-02, 5.102522633769372984e-01, 3.175794774540841026e-01, 8.608396190509617907e-02
8.609274512242265365e-02, 5.102724937307864250e-01, 3.175423506737538593e-01, 8.609241047303715921e-02
8.610120140169816305e-02, 5.102927108026416025e-01, 3.175052203354134517e-01, 8.610086746024671334e-02
8.610966610340707594e-02, 5.103129145793126042e-01, 3.174680864488544363e-01, 8.610933286842591128e-02
8.611813922924778375e-02, 5.103331050476078712e-01, 3.174309490238682030e-01, 8.611780669927610044e-02
8.612662078091909423e-02, 5.103532821943363995e-01, 3.173938080702455311e-01, 8.612628895449910005e-02
8.613511076012024537e-02, 5.103734460063062972e-01, 3.173566635977764228e-01, 8.613477963579697916e-02
8.614360916855079431e-02, 5.103935964703258943e-01, 3.173195156162511021e-01, 8.614327874487232028e-02
8.615211600791068680e-02, 5.104137335732025216e-01, 3.172823641354587942e-01, 8.615178628342796963e-02
8.616063127990025716e-02, 5.104338573017437319e-01, 3.172452091651887796e-01, 8.616030225316718971e-02
8.616915498622022829e-02, 5.104539676427565231e-01, 3.172080507152296169e-01, 8.616882665579363165e-02
8.617768712857164226e-02, 5.104740645830475598e-01, 3.171708887953695877e-01, 8.617735949301126575e-02
8.618622770865599914e-02, 5.104941481094231737e-01, 3.171337234153964180e-01, 8.618590076652442311e-02
8.619477672817511815e-02, 5.105142182086893632e-01, 3.170965545850975564e-01, 8.619445047803793447e-02
8.620333418883117937e-02, 5.105342748676520159e-01, 3.170593823142599521e-01, 8.620300862925683871e-02
8.621190009232679308e-02, 5.105543180731164643e-01, 3.170222066126701099e-01, 8.621157522188661881e-02
8.622047444036491648e-02, 5.105743478118878187e-01, 3.169850274901142018e-01, 8.622015025763313245e-02
8.622905723464883987e-02, 5.105943640707707454e-01, 3.169478449563777889e-01, 8.622873373820255649e-02
8.623764847688233925e-02, 5.106143668365697996e-01, 3.169106590212463215e-01, 8.623732566530151189e-02
8.624624816876939881e-02, 5.106343560960890926e-01, 3.168734696945044726e-01, 8.624592604063688328e-02
8.625485631201451620e-02, 5.106543318361327355e-01, 3.168362769859367489e-01, 8.625453486591601326e-02
8.626347290832249437e-02, 5.106742940435039513e-01, 3.167990809053271017e-01, 8.626315214284657751e-02
8.627209795939851100e-02, 5.106942427050059630e-01, 3.167618814624590384e-01, 8.627177787313662638e-02
8.628073146694807682e-02, 5.107141778074416605e-01, 3.167246786671155667e-01, 8.628041205849448780e-02
8.628937343267721605e-02, 5.107340993376140448e-01, 3.166874725290796944e-01, 8.628905470062900318e-02
8.629802385829211941e-02, 5.107540072823252286e-01, 3.166502630581333744e-01, 8.629770580124924984e-02
8.630668274549949115e-02, 5.107739016283771027e-01, 3.166130502640585043e-01, 8.630636536206474918e-02
8.631535009600639630e-02, 5.107937823625717799e-01, 3.165758341566365375e-01, 8.631503338478534182e-02
8.632402591152014970e-02, 5.108136494717101517e-01, 3.165386147456484278e-01, 8.632370987112122918e-02
8.633271019374855193e-02, 5.108335029425938867e-01, 3.165013920408745185e-01, 8.633239482278300125e-02
8.634140294439972274e-02, 5.108533427620234324e-01, 3.164641660520952082e-01, 8.634108824148156724e-02
8.635010416518214271e-02, 5.108731689167996803e-01, 3.164269367890899520e-01, 8.634979012892825267e-02
8.635881385780466712e-02, 5.108929813937227449e-01, 3.163897042616378719e-01, 8.635850048683468838e-02
8.636753202397658147e-02, 5.109127801795926294e-01, 3.163524684795179232e-01, 8.636721931691289378e-02
8.637625866540736552e-02, 5.109325652612091151e-01, 3.163152294525083952e-01, 8.637594662087522135e-02
8.638499378380701255e-02, 5.109523366253715393e-01, 3.162779871903870221e-01, 8.638468240043441215e-02
8.639373738088584886e-02, 5.109720942588791281e-01, 3.162407417029315382e-01, 8.639342665730355419e-02
8.640248945835453387e-02, 5.109918381485305527e-01, 3.162034929999187338e-01, 8.640217939319606855e-02
8.641125001792407390e-02, 5.110115682811248172e-01, 3.161662410911252885e-01, 8.641094060982577874e-02
8.642001906130589162e-02, 5.110312846434599265e-01, 3.161289859863274376e-01, 8.641971030890679972e-02
8.642879659021171501e-02, 5.110509872223341077e-01, 3.160917276953006394e-01, 8.642848849215367668e-02
8.643758260635364676e-02, 5.110706760045449215e-01, 3.160544662278201855e-01, 8.643727516128120458e-02
8.644637711144420589e-02, 5.110903509768901509e-01, 3.160172015936610346e-01, 8.644607031800467800e-02
8.645518010719617508e-02, 5.111100121261666906e-01, 3.159799338025974791e-01, 8.645487396403959968e-02
8.646399159532276724e-02, 5.111296594391719905e-01, 3.159426628644034230e-01, 8.646368610110191644e-02
8.647281157753750058e-02, 5.111492929027023902e-01, 3.159053887888523260e-01, 8.647250673090788042e-02
8.648164005555429579e-02, 5.111689125035543402e-01, 3.158681115857170929e-01, 8.648133585517413235e-02
8.649047703108740659e-02, 5.111885182285244023e-01, 3.158308312647704619e-01, 8.649017347561763214e-02
8.649932250585144755e-02, 5.112081100644083609e-01, 3.157935478357845605e-01, 8.649901959395572826e-02
8.650817648156138018e-02, 5.112276879980016675e-01, 3.157562613085309611e-01, 8.650787421190600512e-02
8.651703895993249904e-02, 5.112472520160998846e-01, 3.157189716927809586e-01, 8.651673733118658838e-02
8.652590994268052893e-02, 5.112668021054983525e-01, 3.156816789983053484e-01, 8.652560895351579795e-02
8.653478943152143055e-02, 5.112863382529918566e-01, 3.156443832348743705e-01, 8.653448908061231459e-02
8.654367742817163645e-02, 5.113058604453750711e-01, 3.156070844122579322e-01, 8.654337771419524927e-02
8.655257393434789837e-02, 5.113253686694426703e-01, 3.155697825402254963e-01, 8.655227485598403214e-02
8.656147895176721785e-02, 5.113448629119884403e-01, 3.155324776285459709e-01, 8.656118050769832928e-02
8.657039248214709604e-02, 5.113643431598067224e-01, 3.154951696869879307e-01, 8.657009467105834799e-02
8.657931452720522836e-02, 5.113838093996908585e-01, 3.154578587253193400e-01, 8.657901734778442049e-02
8.658824508865985148e-02, 5.114032616184347457e-01, 3.154205447533078854e-01, 8.658794853959740634e-02
8.659718416822939635e-02, 5.114226998028313931e-01, 3.153832277807207540e-01, 8.659688824821844266e-02
8.660613176763268251e-02, 5.114421239396738095e-01, 3.153459078173245778e-01, 8.660583647536898577e-02
8.661508788858889030e-02, 5.114615340157548928e-01, 3.153085848728854335e-01, 8.661479322277082504e-02
8.662405253281756090e-02, 5.114809300178669860e-01, 3.152712589571692869e-01, 8.662375849214615231e-02
8.663302570203854081e-02, 5.115003119328025427e-01, 3.152339300799414934e-01, 8.663273228521745084e-02
8.664200739797203732e-02, 5.115196797473536838e-01, 3.151965982509667419e-01, 8.664171460370755085e-02
8.665099762233864633e-02, 5.115390334483120860e-01, 3.151592634800095549e-01, 8.665070544933967112e-02
8.665999637685921353e-02, 5.115583730224697590e-01, 3.151219257768337889e-01, 8.665970482383726636e-02
8.666900366325500094e-02, 5.115776984566177132e-01, 3.150845851512029117e-01, 8.666871272892423539e-02
8.667801948324767303e-02, 5.115970097375474035e-01, 3.150472416128800579e-01, 8.667772916632478231e-02
8.668704383855901918e-02, 5.116163068520499513e-01, 3.150098951716276963e-01, 8.668675413776338878e-02
8.669607673091143940e-02, 5.116355897869157010e-01, 3.149725458372077957e-01, 8.669578764496498058e-02
8.670511816202750022e-02, 5.116548585289357742e-01, 3.149351936193822143e-01, 8.670482968965471937e-02
8.671416813363011511e-02, 5.116741130648998492e-01, 3.148978385279117553e-01, 8.671388027355812766e-02
8.672322664744262777e-02, 5.116933533815987145e-01, 3.148604805725574440e-01, 8.672293939840110266e-02
8.673229370518864556e-02, 5.117125794658219373e-01, 3.148231197630795286e-01, 8.673200706590987463e-02
8.674136930859216443e-02, 5.117317913043594180e-01, 3.147857561092374246e-01, 8.674108327781095140e-02
8.675045345937748564e-02, 5.117509888840006127e-01, 3.147483896207906584e-01, 8.675016803583121550e-02
8.675954615926921576e-02, 5.117701721915348667e-01, 3.147110203074979795e-01, 8.675926134169786863e-02
8.676864740999236381e-02, 5.117893412137515252e-01, 3.146736481791177487e-01, 8.676836319713843171e-02
8.677775721327227187e-02, 5.118084959374390452e-01, 3.146362732454079381e-01, 8.677747360388077258e-02
8.678687557083454573e-02, 5.118276363493865500e-01, 3.145988955161256873e-01, 8.678659256365311991e-02
8.679600248440516586e-02, 5.118467624363827184e-01, 3.145615150010281913e-01, 8.679572007818395218e-02
8.680513795571052904e-02, 5.118658741852155636e-01, 3.145241317098719236e-01, 8.680485614920216419e-02
8.681428198647717087e-02, 5.118849715826733204e-01, 3.144867456524126914e-01, 8.681400077843688667e-02
8.682343457843218204e-02, 5.119040546155440019e-01, 3.144493568384061355e-01, 8.682315396761768056e-02
8.683259573330283365e-02, 5.119231232706155099e-01, 3.144119652776071749e-01, 8.683231571847432884e-02
8.684176545281677151e-02, 5.119421775346756354e-01, 3.143745709797706178e-01, 8.684148603273707245e-02
8.685094373870197448e-02, 5.119612173945115030e-01, 3.143371739546503285e-01, 8.685066491213630502e-02
8.686013059268672676e-02, 5.119802428369103486e-01, 3.142997742120000604e-01, 8.685985235840287810e-02
8.686932601649968722e-02, 5.119992538486595191e-01, 3.142623717615728451e-01, 8.686904837326792084e-02
8.687853001186984780e-02, 5.120182504165458059e-01, 3.142249666131213814e-01, 8.687825295846292317e-02
8.688774258052646415e-02, 5.120372325273560010e-01, 3.141875587763979794e-01, 8.688746611571961098e-02
8.689696372419915271e-02, 5.120562001678765629e-01, 3.141501482611541163e-01, 8.689668784677011260e-02
8.690619344461786300e-02, 5.120751533248940612e-01, 3.141127350771412696e-01, 8.690591815334686165e-02
8.691543174351284984e-02, 5.120940919851945106e-01, 3.140753192341100286e-01, 8.691515703718259711e-02
8.692467862261472888e-02, 5.121130161355642585e-01, 3.140379007418105939e-01, 8.692440450001032159e-02
8.693393408365440722e-02, 5.121319257627890975e-01, 3.140004796099929996e-01, 8.693366054356353734e-02
8.694319812836313888e-02, 5.121508208536548201e-01, 3.139630558484063916e-01, 8.694292516957582984e-02
8.695247075847245544e-02, 5.121697013949468857e-01, 3.139256294667994718e-01, 8.695219837978127031e-02
8.696175197571423543e-02, 5.121885673734507538e-01, 3.138882004749206645e-01, 8.696148017591416590e-02
8.697104178182074596e-02, 5.122074187759519948e-01, 3.138507688825180053e-01, 8.697077055970921233e-02
8.698034017852447619e-02, 5.122262555892356239e-01, 3.138133346993386974e-01, 8.698006953290135512e-02
8.698964716755824833e-02, 5.122450778000864346e-01, 3.137758979351294997e-01, 8.698937709722581735e-02
8.699896275065525930e-02, 5.122638853952893312e-01, 3.137384585996370601e-01, 8.699869325441829393e-02
8.700828692954899746e-02, 5.122826783616292179e-01, 3.137010167026071383e-01, 8.700801800621461857e-02
8.701761970597321483e-02, 5.123014566858905550e-01, 3.136635722537852722e-01, 8.701735135435106905e-02
8.702696108166207978e-02, 5.123202203548576916e-01, 3.136261252629161667e-01, 8.702669330056410357e-02
8.703631105834998272e-02, 5.123389693553149771e-01, 3.135886757397444158e-01, 8.703604384659061055e-02
8.704566963777170263e-02, 5.123577036740466495e-01, 3.135512236940140585e-01, 8.704540299416776983e-02
8.705503682166226831e-02, 5.123764232978363919e-01, 3.135137691354684120e-01, 8.705477074503298329e-02
8.706441261175706936e-02, 5.123951282134684426e-01, 3.134763120738504605e-01, 8.706414710092405529e-02
8.707379700979182846e-02, 5.124138184077262625e-01, 3.134388525189027441e-01, 8.707353206357906772e-02
8.708319001750247645e-02, 5.124324938673937568e-01, 3.134013904803673034e-01, 8.708292563473642167e-02
8.709259163662542991e-02, 5.124511545792542755e-01, 3.133639259679854017e-01, 8.709232781613480967e-02
8.710200186889720253e-02, 5.124698005300911685e-01, 3.133264589914984133e-01, 8.710173860951318792e-02
8.711142071605479376e-02, 5.124884317066877859e-01, 3.132889895606465469e-01, 8.711115801661092894e-02
8.712084817983539731e-02, 5.125070480958271446e-01, 3.132515176851700112e-01, 8.712058603916758570e-02
8.713028426197662324e-02, 5.125256496842922616e-01, 3.132140433748080155e-01, 8.713002267892309971e-02
8.713972896421626202e-02, 5.125442364588661537e-01, 3.131765666392999914e-01, 8.713946793761769005e-02
8.714918228829253433e-02, 5.125628084063315049e-01, 3.131390874883839825e-01, 8.714892181699185336e-02
8.715864423594385513e-02, 5.125813655134709990e-01, 3.131016059317985878e-01, 8.715838431878643322e-02
8.716811480890908348e-02, 5.125999077670675419e-01, 3.130641219792809626e-01, 8.716785544474257852e-02
8.717759400892721722e-02, 5.126184351539029294e-01, 3.130266356405682071e-01, 8.717733519660163244e-02
8.718708183773768439e-02, 5.126369476607601783e-01, 3.129891469253968661e-01, 8.718682357610538225e-02
8.719657829708016283e-02, 5.126554452744210844e-01, 3.129516558435029294e-01, 8.719632058499582339e-02
8.720608338869462184e-02, 5.126739279816679984e-01, 3.129141624046219983e-01, 8.720582622501527048e-02
8.721559711432139150e-02, 5.126923957692831602e-01, 3.128766666184890632e-01, 8.721534049790632959e-02
8.722511947570103785e-02, 5.127108486240482543e-01, 3.128391684948386708e-01, 8.722486340541195371e-02
8.723465047457444610e-02, 5.127292865327452986e-01, 3.128016680434049790e-01, 8.723439494927530402e-02
8.724419011268283453e-02, 5.127477094821559778e-01, 3.127641652739212019e-01, 8.724393513123990251e-02
8.725373839176769897e-02, 5.127661174590621984e-01, 3.127266601961205539e-01, 8.725348395304950710e-02
8.726329531357078506e-02, 5.127845104502454232e-01, 3.126891528197355274e-01, 8.726304141644826429e-02
8.727286087983422702e-02, 5.128028884424871148e-01, 3.126516431544982266e-01, 8.727260752318050097e-02
8.728243509230038111e-02, 5.128212514225687357e-01, 3.126141312101399783e-01, 8.728218227499090487e-02
8.729201795271186726e-02, 5.128395993772718597e-01, 3.125766169963918317e-01, 8.729176567362444128e-02
8.730160946281173562e-02, 5.128579322933776163e-01, 3.125391005229843366e-01, 8.730135772082638079e-02
8.731120962434320287e-02, 5.128762501576672461e-01, 3.125015817996473211e-01, 8.731095841834217441e-02
8.732081843904986040e-02, 5.128945529569218786e-01, 3.124640608361105021e-01, 8.732056776791777275e-02
8.733043590867554939e-02, 5.129128406779226435e-01, 3.124265376421027085e-01, 8.733018577129923743e-02
8.734006203496436083e-02, 5.129311133074503370e-01, 3.123890122273523251e-01, 8.733981243023292151e-02
8.734969681966077426e-02, 5.129493708322863110e-01, 3.123514846015874036e-01, 8.734944774646559440e-02
8.735934026450949130e-02, 5.129676132392110288e-01, 3.123139547745352740e-01, 8.735909172174416426e-02
8.736899237125551887e-02, 5.129858405150055090e-01, 3.122764227559229333e-01, 8.736874435781592785e-02
8.737865314164414143e-02, 5.130040526464505479e-01, 3.122388885554768234e-01, 8.737840565642843171e-02
8.738832257742099041e-02, 5.130222496203267202e-01, 3.122013521829228866e-01, 8.738807561932947221e-02
8.739800068033187763e-02, 5.130404314234147112e-01, 3.121638136479862879e-01, 8.739775424826717876e-02
8.740768745212296187e-02, 5.130585980424950954e-01, 3.121262729603919706e-01, 8.740744154498988894e-02
8.741738289454072108e-02, 5.130767494643484472e-01, 3.120887301298644334e-01, 8.741713751124632892e-02
8.742708700933185528e-02, 5.130948856757553411e-01, 3.120511851661273428e-01, 8.742684214878540527e-02
8.743679979824335591e-02, 5.131130066634961295e-01, 3.120136380789041985e-01, 8.743655545935635764e-02
8.744652126302253359e-02, 5.131311124143511648e-01, 3.119760888779175567e-01, 8.744627744470866160e-02
8.745625140541693487e-02, 5.131492029151010215e-01, 3.119385375728899179e-01, 8.745600810659213964e-02
8.746599022717441163e-02, 5.131672781525258298e-01, 3.119009841735428945e-01, 8.746574744675682245e-02
8.747573773004312103e-02, 5.131853381134059422e-01, 3.118634286895979324e-01, 8.747549546695305989e-02
8.748549391577147005e-02, 5.132033827845214891e-01, 3.118258711307756448e-01, 8.748525216893140999e-02
8.749525878610805996e-02, 5.132214121526529338e-01, 3.117883115067961453e-01, 8.749501755444276385e-02
8.750503234280196385e-02, 5.132394262045804068e-01, 3.117507498273792699e-01, 8.750479162523833176e-02
8.751481458760233811e-02, 5.132574249270840383e-01, 3.117131861022440775e-01, 8.751457438306943504e-02
8.752460552225874157e-02, 5.132754083069439588e-01, 3.116756203411092940e-01, 8.752436582968785295e-02
8.753440514852096899e-02, 5.132933763309404096e-01, 3.116380525536931456e-01, 8.753416596684553130e-02
8.754421346813905103e-02, 5.133113289858532990e-01, 3.116004827497130258e-01, 8.754397479629465184e-02
8.755403048286332368e-02, 5.133292662584628685e-01, 3.115629109388861617e-01, 8.755379231978779875e-02
8.756385619444440049e-02, 5.133471881355489153e-01, 3.115253371309289476e-01, 8.756361853907763948e-02
8.757369060463318644e-02, 5.133650946038921248e-01, 3.114877613355575003e-01, 8.757345345591728558e-02
8.758353371518079467e-02, 5.133829856502718503e-01, 3.114501835624872705e-01, 8.758329707206000125e-02
8.759338552783862974e-02, 5.134008612614684441e-01, 3.114126038214334868e-01, 8.759314938925936989e-02
8.760324604435842932e-02, 5.134187214242621478e-01, 3.113750221221103232e-01, 8.760301040926921079e-02
8.761311526649209758e-02, 5.134365661254326474e-01, 3.113374384742316758e-01, 8.761288013384360696e-02
8.762299319599187175e-02, 5.134543953517601844e-01, 3.112998528875111082e-01, 8.762275856473696056e-02
8.763287983461025277e-02, 5.134722090900246672e-01, 3.112622653716613508e-01, 8.763264570370385420e-02
8.764277518409990808e-02, 5.134900073270060039e-01, 3.112246759363949122e-01, 8.764254155249914802e-02
8.765267924621393536e-02, 5.135077900494845471e-01, 3.111870845914233019e-01, 8.765244611287799359e-02
8.766259202270564044e-02, 5.135255572442404270e-01, 3.111494913464581957e-01, 8.766235938659580618e-02
8.767251351532846793e-02, 5.135433088980533300e-01, 3.111118962112099928e-01, 8.767228137540822308e-02
8.768244372583627877e-02, 5.135610449977033864e-01, 3.110742991953890924e-01, 8.768221208107113140e-02
8.769238265598307269e-02, 5.135787655299710597e-01, 3.110367003087051163e-01, 8.769215150534076519e-02
8.770233030752325187e-02, 5.135964704816361470e-01, 3.109990995608671316e-01, 8.770209964997346952e-02
8.771228668221135727e-02, 5.136141598394788899e-01, 3.109614969615838165e-01, 8.771205651672599191e-02
8.772225178180219352e-02, 5.136318335902793075e-01, 3.109238925205632942e-01, 8.772202210735519090e-02
8.773222560805091219e-02, 5.136494917208177524e-01, 3.108862862475130218e-01, 8.773199642361832751e-02
8.774220816271281753e-02, 5.136671342178744659e-01, 3.108486781521400677e-01, 8.774197946727275987e-02
8.775219944754350521e-02, 5.136847610682294674e-01, 3.108110682441508898e-01, 8.775197124007622085e-02
8.776219946429889007e-02, 5.137023722586631092e-01, 3.107734565332514465e-01, 8.776197174378663757e-02
8.777220821473499801e-02, 5.137199677759558547e-01, 3.107358430291470297e-01, 8.777198098016217309e-02
8.778222570060828511e-02, 5.137375476068879454e-01, 3.106982277415425431e-01, 8.778199895096129579e-02
8.779225192367527686e-02, 5.137551117382397337e-01, 3.106606106801422795e-01, 8.779202565794264057e-02
8.780228688569291506e-02, 5.137726601567916829e-01, 3.106229918546501434e-01, 8.780206110286518928e-02
8.781233058841828032e-02, 5.137901928493242565e-01, 3.105853712747693174e-01, 8.781210528748806254e-02
8.782238303360873077e-02, 5.138077098026182510e-01, 3.105477489502024291e-01, 8.782215821357071406e-02
8.783244422302187437e-02, 5.138252110034536857e-01, 3.105101248906516620e-01, 8.783221988287275017e-02
8.784251415841556887e-02, 5.138426964386116902e-01, 3.104724991058186445e-01, 8.784229029715413806e-02
8.785259284154792181e-02, 5.138601660948727279e-01, 3.104348716054044499e-01, 8.785236945817499754e-02
8.786268027417729054e-02, 5.138776199590174842e-01, 3.103972423991095964e-01, 8.786245736769568437e-02
8.787277645806224058e-02, 5.138950580178268668e-01, 3.103596114966340469e-01, 8.787255402747684574e-02
8.788288139496162887e-02, 5.139124802580817830e-01, 3.103219789076773205e-01, 8.788265943927933699e-02
8.789299508663452054e-02, 5.139298866665630294e-01, 3.102843446419383255e-01, 8.789277360486429103e-02
8.790311753484021662e-02, 5.139472772300516246e-01, 3.102467087091151376e-01, 8.790289652599297954e-02
8.791324874133832346e-02, 5.139646519353288090e-01, 3.102090711189058880e-01, 8.791302820442703503e-02
8.792338870788855842e-02, 5.139820107691756013e-01, 3.101714318810077087e-01, 8.792316864192824266e-02
8.793353743625105523e-02, 5.139993537183730199e-01, 3.101337910051172875e-01, 8.793331784025862352e-02
8.794369492818600309e-02, 5.140166807697027496e-01, 3.100961485009308682e-01, 8.794347580118051788e-02
8.795386118545392429e-02, 5.140339919099458088e-01, 3.100585043781439176e-01, 8.795364252645634928e-02
8.796403620981557703e-02, 5.140512871258838823e-01, 3.100208586464516802e-01, 8.796381801784890209e-02
8.797422000303194156e-02, 5.140685664042983216e-01, 3.099832113155485125e-01, 8.797400227712116882e-02
8.798441256686423406e-02, 5.140858297319710335e-01, 3.099455623951283822e-01, 8.798419530603630856e-02
8.799461390307385111e-02, 5.141030770956833695e-01, 3.099079118948848688e-01, 8.799439710635777179e-02
8.800482401342253624e-02, 5.141203084822175695e-01, 3.098702598245107742e-01, 8.800460767984920329e-02
8.801504289967210237e-02, 5.141375238783550961e-01, 3.098326061936981235e-01, 8.801482702827445603e-02
8.802527056358479263e-02, 5.141547232708784110e-01, 3.097949510121390526e-01, 8.802505515339771602e-02
8.803550700692287789e-02, 5.141719066465693100e-01, 3.097572942895245873e-01, 8.803529205698321092e-02
8.804575223144901763e-02, 5.141890739922100328e-01, 3.097196360355453093e-01, 8.804553774079558470e-02
8.805600623892594070e-02, 5.142062252945829304e-01, 3.096819762598914672e-01, 8.805579220659955075e-02
8.806626903111679228e-02, 5.142233605404705754e-01, 3.096443149722524213e-01, 8.806605545616015551e-02
8.807654060978477306e-02, 5.142404797166553188e-01, 3.096066521823173656e-01, 8.807632749124259808e-02
8.808682097669336131e-02, 5.142575828099198443e-01, 3.095689878997744948e-01, 8.808660831361231347e-02
8.809711013360631282e-02, 5.142746698070468359e-01, 3.095313221343118371e-01, 8.809689792503494488e-02
8.810740808228753607e-02, 5.142917406948194214e-01, 3.094936548956166433e-01, 8.810719632727641304e-02
8.811771482450121706e-02, 5.143087954600205070e-01, 3.094559861933757205e-01, 8.811750352210277748e-02
8.812803036201166673e-02, 5.143258340894329983e-01, 3.094183160372750985e-01, 8.812781951128031976e-02
8.813835469658350130e-02, 5.143428565698402455e-01, 3.093806444370004738e-01, 8.813814429657559901e-02
8.814868782998155905e-02, 5.143598628880260426e-01, 3.093429714022370436e-01, 8.814847787975536864e-02
8.815902976397084478e-02, 5.143768530307734066e-01, 3.093052969426691723e-01, 8.815882026258654858e-02
8.816938050031662699e-02, 5.143938269848662426e-01, 3.092676210679807802e-01, 8.816917144683628083e-02
8.817974004078431294e-02, 5.144107847370883446e-01, 3.092299437878553992e-01, 8.817953143427197105e-02
8.819010838713958744e-02, 5.144277262742233958e-01, 3.091922651119757282e-01, 8.818990022666117756e-02
8.820048554114839900e-02, 5.144446515830558564e-01, 3.091545850500241333e-01, 8.820027782577172237e-02
8.821087150457671000e-02, 5.144615606503695204e-01, 3.091169036116822033e-01, 8.821066423337152462e-02
8.822126627919091302e-02, 5.144784534629490702e-01, 3.090792208066310831e-01, 8.822105945122887816e-02
8.823166986675751167e-02, 5.144953300075788549e-01, 3.090415366445513623e-01, 8.823146348111216009e-02
8.824208226904321772e-02, 5.145121902710437789e-01, 3.090038511351231310e-01, 8.824187632478996957e-02
8.825250348781499277e-02, 5.145290342401283024e-01, 3.089661642880256465e-01, 8.825229798403111392e-02
8.826293352483988164e-02, 5.145458619016175517e-01, 3.089284761129378332e-01, 8.826272846060463639e-02
8.827337238188533164e-02, 5.145626732422969862e-01, 3.088907866195380048e-01, 8.827316775627974677e-02
8.828382006071879007e-02, 5.145794682489515104e-01, 3.088530958175038643e-01, 8.828361587282587686e-02
8.829427656310809280e-02, 5.145962469083666946e-01, 3.088154037165127264e-01, 8.829407281201265278e-02
8.830474189082111736e-02, 5.146130092073282203e-01, 3.087777103262409062e-01, 8.830453857560985331e-02
8.831521604562606043e-02, 5.146297551326218800e-01, 3.087400156563644971e-01, 8.831501316538750701e-02
8.832569902929122974e-02, 5.146464846710336882e-01, 3.087023197165592037e-01, 8.832549658311585061e-02
8.833619084358523832e-02, 5.146631978093499926e-01, 3.086646225164995649e-01, 8.833598883056528739e-02
8.834669149027674084e-02, 5.146798945343568077e-01, 3.086269240658600088e-01, 8.834648990950640102e-02
8.835720097113478055e-02, 5.146965748328408141e-01, 3.085892243743144081e-01, 8.835699982171001110e-02
8.836771928792842845e-02, 5.147132386915886926e-01, 3.085515234515358030e-01, 8.836751856894708990e-02
8.837824644242701921e-02, 5.147298860973875678e-01, 3.085138213071966784e-01, 8.837804615298881783e-02
8.838878243640015120e-02, 5.147465170370241205e-01, 3.084761179509691864e-01, 8.838858257560654186e-02
8.839932727161745052e-02, 5.147631314972860306e-01, 3.084384133925246463e-01, 8.839912783857185874e-02
8.840988094984890411e-02, 5.147797294649605337e-01, 3.084007076415340998e-01, 8.840968194365646238e-02
8.842044347286454054e-02, 5.147963109268355320e-01, 3.083630007076675339e-01, 8.842024489263232423e-02
8.843101484243470756e-02, 5.148128758696987051e-01, 3.083252926005950467e-01, 8.843081668727155453e-02
8.844159506032989171e-02, 5.148294242803381771e-01, 3.082875833299854595e-01, 8.844139732934643006e-02
8.845218412832073218e-02, 5.148459561455424049e-01, 3.082498729055074271e-01, 8.845198682062950513e-02
8.846278204817807633e-02, 5.148624714520996237e-01, 3.082121613368288271e-01, 8.846258516289333407e-02
8.847338882167299356e-02, 5.148789701867988455e-01, 3.081744486336173150e-01, 8.847319235791085978e-02
8.848400445057666430e-02, 5.148954523364287494e-01, 3.081367348055394362e-01, 8.848380840745506681e-02
8.849462893666054653e-02, 5.149119178877787917e-01, 3.080990198622615694e-01, 8.849443331329920337e-02
8.850526228169613985e-02, 5.149283668276379844e-01, 3.080613038134492054e-01, 8.850506707721660093e-02
8.851590448745533246e-02, 5.149447991427962279e-01, 3.080235866687675572e-01, 8.851570970098086855e-02
8.852655555570997092e-02, 5.149612148200430894e-01, 3.079858684378810607e-01, 8.852636118636571239e-02
8.853721548823222098e-02, 5.149776138461689134e-01, 3.079481491304536522e-01, 8.853702153514508844e-02
8.854788428679437329e-02, 5.149939962079638223e-01, 3.079104287561486020e-01, 8.854769074909303594e-02
8.855856195316895441e-02, 5.150103618922184934e-01, 3.078727073246286805e-01, 8.855836882998388560e-02
8.856924848912853254e-02, 5.150267108857234932e-01, 3.078349848455561033e-01, 8.856905577959196807e-02
8.857994389644598121e-02, 5.150430431752698324e-01, 3.077972613285921977e-01, 8.857975159969194712e-02
8.859064817689434046e-02, 5.150593587476488544e-01, 3.077595367833982354e-01, 8.859045629205862527e-02
8.860136133224670585e-02, 5.150756575896519029e-01, 3.077218112196344890e-01, 8.860116985846688831e-02
8.861208336427643661e-02, 5.150919396880709877e-01, 3.076840846469606761e-01, 8.861189230069187184e-02
8.862281427475710016e-02, 5.151082050296978965e-01, 3.076463570750360699e-01, 8.862262362050882247e-02
8.863355406546234716e-02, 5.151244536013249720e-01, 3.076086285135194442e-01, 8.863336381969322275e-02
8.864430273816603645e-02, 5.151406853897447791e-01, 3.075708989720686848e-01, 8.864411290002065236e-02
8.865506029464212401e-02, 5.151569003817497716e-01, 3.075331684603411220e-01, 8.865487086326684363e-02
8.866582673666488501e-02, 5.151730985641335137e-01, 3.074954369879939753e-01, 8.866563771120779258e-02
8.867660206600859463e-02, 5.151892799236887921e-01, 3.074577045646831874e-01, 8.867641344561952299e-02
8.868738628444775007e-02, 5.152054444472095041e-01, 3.074199712000644236e-01, 8.868719806827829455e-02
8.869817939375705673e-02, 5.152215921214892136e-01, 3.073822369037931823e-01, 8.869799158096054736e-02
8.870898139571135876e-02, 5.152377229333223729e-01, 3.073445016855234635e-01, 8.870879398544279093e-02
8.871979229208561135e-02, 5.152538368695032123e-01, 3.073067655549094890e-01, 8.871960528350181230e-02
8.873061208465495009e-02, 5.152699339168262949e-01, 3.072690285216043704e-01, 8.873042547691441240e-02
8.874144077519469098e-02, 5.152860140620866281e-01, 3.072312905952609419e-01, 8.874125456745764196e-02
8.875227836548033045e-02, 5.153020772920796633e-01, 3.071935517855313158e-01, 8.875209255690870436e-02
8.876312485728742041e-02, 5.153181235936007409e-01, 3.071558121020669385e-01, 8.876293944704490013e-02
8.877398025239180424e-02, 5.153341529534457566e-01, 3.071180715545187012e-01, 8.877379523964371022e-02
8.878484455256932528e-02, 5.153501653584108277e-01, 3.070803301525370510e-01, 8.878465993648276822e-02
8.879571775959607671e-02, 5.153661607952925161e-01, 3.070425879057716023e-01, 8.879553353933987425e-02
8.880659987524827659e-02, 5.153821392508871613e-01, 3.070048448238715810e-01, 8.880641604999292560e-02
8.881749090130235114e-02, 5.153981007119921021e-01, 3.069671009164855469e-01, 8.881730747021998607e-02
8.882839083953475434e-02, 5.154140451654046773e-01, 3.069293561932613379e-01, 8.882820780179925824e-02
8.883929969172216223e-02, 5.154299725979225588e-01, 3.068916106638462371e-01, 8.883911704650915286e-02
8.885021745964136186e-02, 5.154458829963433075e-01, 3.068538643378871389e-01, 8.885003520612810846e-02
8.886114414506939008e-02, 5.154617763474657055e-01, 3.068161172250300495e-01, 8.886096228243479944e-02
8.887207974978328373e-02, 5.154776526380882018e-01, 3.067783693349206420e-01, 8.887189827720802515e-02
8.888302427556024621e-02, 5.154935118550094675e-01, 3.067406206772035349e-01, 8.888284319222661267e-02
8.889397772417778620e-02, 5.155093539850290618e-01, 3.067028712615234576e-01, 8.889379702926976379e-02
8.890494009741327364e-02, 5.155251790149464330e-01, 3.066651210975238628e-01, 8.890475979011649987e-02
8.891591139704443925e-02, 5.155409869315614735e-01, 3.066273701948478148e-01, 8.891573147654627252e-02
8.892689162484905541e-02, 5.155567777216744085e-01, 3.065896185631379889e-01, 8.892671209033846391e-02
8.893788078260510266e-02, 5.155725513720857967e-01, 3.065518662120362836e-01, 8.893770163327274769e-02
8.894887887209057542e-02, 5.155883078695966404e-01, 3.065141131511839312e-01, 8.894870010712876973e-02
8.895988589508374567e-02, 5.156040472010081643e-01, 3.064763593902216643e-01, 8.895970751368642571e-02
8.897090185336285761e-02, 5.156197693531218151e-01, 3.064386049387895494e-01, 8.897072385472568068e-02
8.898192674870647467e-02, 5.156354743127398166e-01, 3.064008498065270425e-01, 8.898174913202668013e-02
8.899296058289309086e-02, 5.156511620666641704e-01, 3.063630940030730443e-01, 8.899278334736961116e-02
8.900400335770151938e-02, 5.156668326016978776e-01, 3.063253375380658450e-01, 8.900382650253486905e-02
8.901505507491053182e-02, 5.156824859046436060e-01, 3.062875804211429021e-01, 8.901487859930293234e-02
8.902611573629914954e-02, 5.156981219623050228e-01, 3.062498226619415620e-01, 8.902593963945441835e-02
8.903718534364646331e-02, 5.157137407614855729e-01, 3.062120642700980055e-01, 8.903700962477002767e-02
8.904826389873166104e-02, 5.157293422889895895e-01, 3.061743052552480804e-01, 8.904808855703065518e-02
8.905935140333413880e-02, 5.157449265316215170e-01, 3.061365456270270791e-01, 8.905917643801723738e-02
8.907044785923333430e-02, 5.157604934761862436e-01, 3.060987853950695725e-01, 8.907027326951087731e-02
8.908155326820883790e-02, 5.157760431094887688e-01, 3.060610245690095210e-01, 8.908137905329280293e-02
8.909266763204035100e-02, 5.157915754183349799e-01, 3.060232631584802188e-01, 8.909249379114431155e-02
8.910379095250776926e-02, 5.158070903895307646e-01, 3.059855011731146268e-01, 8.910361748484685318e-02
8.911492323139089122e-02, 5.158225880098824545e-01, 3.059477386225445961e-01, 8.911475013618196106e-02
8.912606447046991787e-02, 5.158380682661968253e-01, 3.059099755164018664e-01, 8.912589174693130722e-02
8.913721467152493916e-02, 5.158535311452812078e-01, 3.058722118643172339e-01, 8.913704231887667473e-02
8.914837383633622547e-02, 5.158689766339428218e-01, 3.058344476759209951e-01, 8.914820185379992989e-02
8.915954196668424148e-02, 5.158844047189898863e-01, 3.057966829608427806e-01, 8.915937035348306394e-02
8.917071906434942408e-02, 5.158998153872306203e-01, 3.057589177287117210e-01, 8.917054781970817912e-02
8.918190513111241835e-02, 5.159152086254739089e-01, 3.057211519891561702e-01, 8.918173425425746093e-02
8.919310016875393876e-02, 5.159305844205287483e-01, 3.056833857518039266e-01, 8.919292965891326141e-02
8.920430417905483855e-02, 5.159459427592048009e-01, 3.056456190262823447e-01, 8.920413403545797426e-02
8.921551716379598485e-02, 5.159612836283120618e-01, 3.056078518222177798e-01, 8.921534738567407641e-02
8.922673912475846680e-02, 5.159766070146609707e-01, 3.055700841492363096e-01, 8.922656971134422521e-02
8.923797006372342910e-02, 5.159919129050621889e-01, 3.055323160169631791e-01, 8.923780101425113354e-02
8.924920998247211357e-02, 5.160072012863272661e-01, 3.054945474350231338e-01, 8.924904129617756976e-02
8.926045888278578977e-02, 5.160224721452675301e-01, 3.054567784130401975e-01, 8.926029055890648267e-02
8.927171676644596321e-02, 5.160377254686951964e-01, 3.054190089606380054e-01, 8.927154880422084882e-02
8.928298363523418102e-02, 5.160529612434228142e-01, 3.053812390874391380e-01, 8.928281603390379739e-02
8.929425949093203196e-02, 5.160681794562634872e-01, 3.053434688030659538e-01, 8.929409224973852699e-02
8.930554433532128522e-02, 5.160833800940305416e-01, 3.053056981171399786e-01, 8.930537745350825007e-02
8.931683817018370997e-02, 5.160985631435376364e-01, 3.052679270392821831e-01, 8.931667164699640116e-02
8.932814099730128354e-02, 5.161137285915994299e-01, 3.052301555791129273e-01, 8.932797483198644251e-02
8.933945281845592779e-02, 5.161288764250303585e-01, 3.051923837462517941e-01, 8.933928701026189190e-02
8.935077363542984208e-02, 5.161440066306457464e-01, 3.051546115503179779e-01, 8.935060818360644752e-02
8.936210345000515642e-02, 5.161591191952612512e-01, 3.051168390009298403e-01, 8.936193835380377981e-02
8.937344226396415348e-02, 5.161742141056928634e-01, 3.050790661077051880e-01, 8.937327752263772573e-02
8.938479007908914364e-02, 5.161892913487573509e-01, 3.050412928802613277e-01, 8.938462569189215001e-02
8.939614689716264551e-02, 5.162043509112715922e-01, 3.050035193282146784e-01, 8.939598286335104227e-02
8.940751271996712213e-02, 5.162193927800532434e-01, 3.049657454611812146e-01, 8.940734903879847539e-02
8.941888754928523086e-02, 5.162344169419200712e-01, 3.049279712887762450e-01, 8.941872422001853615e-02
8.943027138689958744e-02, 5.162494233836906199e-01, 3.048901968206143009e-01, 8.943010840879545009e-02
8.944166423459302961e-02, 5.162644120921838775e-01, 3.048524220663095807e-01, 8.944150160691351215e-02
8.945306609414839516e-02, 5.162793830542191653e-01, 3.048146470354752835e-01, 8.945290381615708664e-02
8.946447696734859123e-02, 5.162943362566164707e-01, 3.047768717377243308e-01, 8.946431503831060728e-02
8.947589685597660825e-02, 5.163092716861961140e-01, 3.047390961826688116e-01, 8.947573527515856329e-02
8.948732576181547826e-02, 5.163241893297788598e-01, 3.047013203799200931e-01, 8.948716452848555492e-02
8.949876368664844151e-02, 5.163390891741861388e-01, 3.046635443390890985e-01, 8.949860280007619628e-02
8.951021063225862717e-02, 5.163539712062399367e-01, 3.046257680697860848e-01, 8.951005009171524029e-02
8.952166660042940038e-02, 5.163688354127625724e-01, 3.045879915816205874e-01, 8.952150640518748148e-02
8.953313159294407075e-02, 5.163836817805768087e-01, 3.045502148842014756e-01, 8.953297174227772826e-02
8.954460561158607279e-02, 5.163985102965059637e-01, 3.045124379871371745e-01, 8.954444610477091393e-02
8.955608865813882713e-02, 5.164133209473739106e-01, 3.044746609000351656e-01, 8.955592949445197182e-02
8.956758073438599033e-02, 5.164281137200052996e-01, 3.044368836325025973e-01, 8.956742191310601564e-02
8.957908184211112179e-02, 5.164428886012247810e-01, 3.043991061941458409e-01, 8.957892336251810361e-02
8.959059198309791971e-02, 5.164576455778581154e-01, 3.043613285945706015e-01, 8.959043384447340497e-02
8.960211115913012392e-02, 5.164723846367307303e-01, 3.043235508433819181e-01, 8.960195336075710282e-02
8.961363937199150198e-02, 5.164871057646696073e-01, 3.042857729501844410e-01, 8.961348191315457457e-02
8.962517662346594638e-02, 5.165018089485015063e-01, 3.042479949245815996e-01, 8.962501950345098944e-02
8.963672291533739123e-02, 5.165164941750539640e-01, 3.042102167761769893e-01, 8.963656613343183588e-02
8.964827824938974288e-02, 5.165311614311549615e-01, 3.041724385145727627e-01, 8.964812180488250515e-02
8.965984262740704647e-02, 5.165458107036333679e-01, 3.041346601493709612e-01, 8.965968651958849955e-02
8.967141605117340264e-02, 5.165604419793182744e-01, 3.040968816901728489e-01, 8.967126027933537691e-02
8.968299852247291204e-02, 5.165750552450394384e-01, 3.040591031465790239e-01, 8.968284308590866727e-02
8.969459004308978634e-02, 5.165896504876269502e-01, 3.040213245281893073e-01, 8.969443494109403947e-02
8.970619061480818168e-02, 5.166042276939116773e-01, 3.039835458446029648e-01, 8.970603584667713459e-02
8.971780023941246240e-02, 5.166187868507250425e-01, 3.039457671054188181e-01, 8.971764580444373249e-02
8.972941891868684017e-02, 5.166333279448990234e-01, 3.039079883202347454e-01, 8.972926481617951588e-02
8.974104665441577644e-02, 5.166478509632659311e-01, 3.038702094986479585e-01, 8.974089288367033401e-02
8.975268344838363554e-02, 5.166623558926589643e-01, 3.038324306502553918e-01, 8.975253000870200837e-02
8.976432930237485119e-02, 5.166768427199117664e-01, 3.037946517846528138e-01, 8.976417619306044371e-02
8.977598421817389873e-02, 5.166913114318586464e-01, 3.037568729114359378e-01, 8.977583143853154479e-02
8.978764819756539228e-02, 5.167057620153341357e-01, 3.037190940401992556e-01, 8.978749574690129964e-02
8.979932124233375168e-02, 5.167201944571737648e-01, 3.036813151805369260e-01, 8.979916911995564077e-02
8.981100335426366044e-02, 5.167346087442133973e-01, 3.036435363420423861e-01, 8.981085155948061172e-02
8.982269453513977431e-02, 5.167490048632895627e-01, 3.036057575343083514e-01, 8.982254306726228377e-02
8.983439478674669354e-02, 5.167633828012395680e-01, 3.035679787669270380e-01, 8.983424364508671434e-02
8.984610411086917103e-02, 5.167777425449008311e-01, 3.035302000494898844e-01, 8.984595329474004410e-02
8.985782250929190418e-02, 5.167920840811121019e-01, 3.034924213915876634e-01, 8.985767201800842763e-02
8.986954998379965975e-02, 5.168064073967117977e-01, 3.034546428028105369e-01, 8.986939981667797783e-02
8.988128653617723229e-02, 5.168207124785397788e-01, 3.034168642927480009e-01, 8.988113669253490479e-02
8.989303216820940245e-02, 5.168349993134362386e-01, 3.033790858709889959e-01, 8.989288264736544631e-02
8.990478688168104804e-02, 5.168492678882415925e-01, 3.033413075471215192e-01, 8.990463768295582636e-02
8.991655067837699133e-02, 5.168635181897974773e-01, 3.033035293307332347e-01, 8.991640180109229663e-02
8.992832356008213790e-02, 5.168777502049457517e-01, 3.032657512314109738e-01, 8.992817500356112270e-02
8.994010552858136553e-02, 5.168919639205290517e-01, 3.032279732587409571e-01, 8.993995729214865342e-02
8.995189658565957980e-02, 5.169061593233905683e-01, 3.031901954223087392e-01, 8.995174866864112662e-02
8.996369673310176951e-02, 5.169203364003742696e-01, 3.031524177316990420e-01, 8.996354913482489113e-02
8.997550597269285411e-02, 5.169344951383245679e-01, 3.031146401964962545e-01, 8.997535869248632356e-02
8.998732430621780853e-02, 5.169486355240865416e-01, 3.030768628262838771e-01, 8.998717734341168950e-02
8.999915173546160774e-02, 5.169627575445060463e-01, 3.030390856306448000e-01, 8.999900508938740717e-02
9.001098826220925442e-02, 5.169768611864296037e-01, 3.030013086191612470e-01, 9.001084193219986707e-02
9.002283388824577903e-02, 5.169909464367040686e-01, 3.029635318014148315e-01, 9.002268787363541802e-02
9.003468861535610102e-02, 5.170050132821770728e-01, 3.029257551869863896e-01, 9.003454291548042276e-02
9.004655244532530634e-02, 5.170190617096973584e-01, 3.028879787854561467e-01, 9.004640705952128565e-02
9.005842537993843933e-02, 5.170330917061133347e-01, 3.028502026064037178e-01, 9.005828030754435554e-02
9.007030742098048881e-02, 5.170471032582752979e-01, 3.028124266594080516e-01, 9.007016266133610616e-02
9.008219857023652688e-02, 5.170610963530333226e-01, 3.027746509540472641e-01, 9.008205412268288637e-02
9.009409882949152848e-02, 5.170750709772385934e-01, 3.027368754998989164e-01, 9.009395469337108664e-02
9.010600820053057958e-02, 5.170890271177422948e-01, 3.026991003065399588e-01, 9.010586437518706970e-02
9.011792668513868287e-02, 5.171029647613973879e-01, 3.026613253835466200e-01, 9.011778316991729543e-02
9.012985428510085495e-02, 5.171168838950567226e-01, 3.026235507404944625e-01, 9.012971107934802939e-02
9.014179100220219565e-02, 5.171307845055738150e-01, 3.025857763869583272e-01, 9.014164810526574534e-02
9.015373683822765216e-02, 5.171446665798032916e-01, 3.025480023325123891e-01, 9.015359424945677824e-02
9.016569179496225495e-02, 5.171585301046001115e-01, 3.025102285867302121e-01, 9.016554951370743531e-02
9.017765587419096507e-02, 5.171723750668201225e-01, 3.024724551591846944e-01, 9.017751389980410703e-02
9.018962907769888238e-02, 5.171862014533199492e-01, 3.024346820594480678e-01, 9.018948740953310061e-02
9.020161140727088467e-02, 5.172000092509567715e-01, 3.023969092970917316e-01, 9.020147004468072327e-02
9.021360286469198853e-02, 5.172137984465882132e-01, 3.023591368816865854e-01, 9.021346180703329609e-02
9.022560345174716889e-02, 5.172275690270730086e-01, 3.023213648228027517e-01, 9.022546269837707078e-02
9.023761317022130357e-02, 5.172413209792705580e-01, 3.022835931300098533e-01, 9.023747272049834067e-02
9.024963202189935363e-02, 5.172550542900408166e-01, 3.022458218128765695e-01, 9.024949187518332971e-02
9.026166000856621074e-02, 5.172687689462446281e-01, 3.022080508809710797e-01, 9.026152016421823410e-02
9.027369713200671109e-02, 5.172824649347432802e-01, 3.021702803438607865e-01, 9.027355758938927777e-02
9.028574339400578797e-02, 5.172961422423991706e-01, 3.021325102111124261e-01, 9.028560415248262916e-02
9.029779879634820816e-02, 5.173098008560750305e-01, 3.020947404922923463e-01, 9.029765985528442895e-02
9.030986334081883560e-02, 5.173234407626344789e-01, 3.020569711969657289e-01, 9.030972469958079007e-02
9.032193702920239542e-02, 5.173370619489423561e-01, 3.020192023346974231e-01, 9.032179868715781157e-02
9.033401986328368216e-02, 5.173506644018632805e-01, 3.019814339150513893e-01, 9.033388181980150922e-02
9.034611184484740709e-02, 5.173642481082636468e-01, 3.019436659475910889e-01, 9.034597409929798206e-02
9.035821297567823984e-02, 5.173778130550095167e-01, 3.019058984418791503e-01, 9.035807552743312099e-02
9.037032325756086393e-02, 5.173913592289686170e-01, 3.018681314074775357e-01, 9.037018610599295565e-02
9.038244269227989347e-02, 5.174048866170091188e-01, 3.018303648539476525e-01, 9.038230583676337693e-02
9.039457128161990096e-02, 5.174183952059997482e-01, 3.017925987908502417e-01, 9.039443472153026182e-02
9.040670902736544501e-02, 5.174318849828102307e-01, 3.017548332277449341e-01, 9.040657276207941795e-02
9.041885593130102872e-02, 5.174453559343109577e-01, 3.017170681741913052e-01, 9.041871996019670843e-02
9.043101199521121070e-02, 5.174588080473733198e-01, 3.016793036397477090e-01, 9.043087631766784373e-02
9.044317722088025813e-02, 5.174722413088690409e-01, 3.016415396339721666e-01, 9.044304183627850657e-02
9.045535161009266023e-02, 5.174856557056710660e-01, 3.016037761664219219e-01, 9.045521651781440742e-02
9.046753516463275357e-02, 5.174990512246527841e-01, 3.015660132466533860e-01, 9.046740036406114571e-02
9.047972788628480534e-02, 5.175124278526884725e-01, 3.015282508842224152e-01, 9.047959337680425151e-02
9.049192977683305494e-02, 5.175257855766536297e-01, 3.014904890886840882e-01, 9.049179555782928264e-02
9.050414083806171406e-02, 5.175391243834236432e-01, 3.014527278695928736e-01, 9.050400690892167199e-02
9.051636107175492496e-02, 5.175524442598755659e-01, 3.014149672365026844e-01, 9.051622743186685249e-02
9.052859047969676054e-02, 5.175657451928867836e-01, 3.013772071989663792e-01, 9.052845712845014603e-02
9.054082906367126593e-02, 5.175790271693355704e-01, 3.013394477665363724e-01, 9.054069600045686061e-02
9.055307682546238912e-02, 5.175922901761010886e-01, 3.013016889487642458e-01, 9.055294404967222099e-02
9.056533376685409198e-02, 5.176055342000631665e-01, 3.012639307552011925e-01, 9.056520127788142416e-02
9.057759988963025310e-02, 5.176187592281026317e-01, 3.012261731953973509e-01, 9.057746768686958383e-02
9.058987519557461232e-02, 5.176319652471013111e-01, 3.011884162789023600e-01, 9.058974327842171659e-02
9.060215968647096496e-02, 5.176451522439410313e-01, 3.011506600152650814e-01, 9.060202805432281126e-02
9.061445336410292595e-02, 5.176583202055055066e-01, 3.011129044140337108e-01, 9.061432201635782890e-02
9.062675623025415184e-02, 5.176714691186784512e-01, 3.010751494847558329e-01, 9.062662516631156406e-02
9.063906828670813265e-02, 5.176845989703449114e-01, 3.010373952369780892e-01, 9.063893750596882515e-02
9.065138953524838616e-02, 5.176977097473905998e-01, 3.009996416802466213e-01, 9.065125903711430955e-02
9.066371997765830526e-02, 5.177108014367020061e-01, 3.009618888241069601e-01, 9.066358976153267302e-02
9.067605961572117179e-02, 5.177238740251667304e-01, 3.009241366781035820e-01, 9.067592968100844641e-02
9.068840845122033700e-02, 5.177369274996728166e-01, 3.008863852517807413e-01, 9.068827879732614672e-02
9.070076648593893009e-02, 5.177499618471094189e-01, 3.008486345546815266e-01, 9.070063711227016601e-02
9.071313372165998312e-02, 5.177629770543665799e-01, 3.008108845963486377e-01, 9.071300462762479921e-02
9.072551016016659753e-02, 5.177759731083350081e-01, 3.007731353863238866e-01, 9.072538134517432740e-02
9.073789580324173598e-02, 5.177889499959067443e-01, 3.007353869341485852e-01, 9.073776726670292059e-02
9.075029065266819461e-02, 5.178019077039739404e-01, 3.006976392493631023e-01, 9.075016239399463780e-02
9.076269471022882507e-02, 5.178148462194304136e-01, 3.006598923415073066e-01, 9.076256672883349641e-02
9.077510797770625695e-02, 5.178277655291703141e-01, 3.006221462201201233e-01, 9.077498027300337502e-02
9.078753045688307821e-02, 5.178406656200885694e-01, 3.005844008947400892e-01, 9.078740302828805508e-02
9.079996214954193234e-02, 5.178535464790818832e-01, 3.005466563749047970e-01, 9.079983499647138745e-02
9.081240305746512975e-02, 5.178664080930468483e-01, 3.005089126701512292e-01, 9.081227617933687601e-02
9.082485318243506411e-02, 5.178792504488815007e-01, 3.004711697900154799e-01, 9.082472657866813570e-02
9.083731252623392094e-02, 5.178920735334842096e-01, 3.004334277440331991e-01, 9.083718619624853163e-02
9.084978109064395513e-02, 5.179048773337552314e-01, 3.003956865417392597e-01, 9.084965503386153995e-02
9.086225887744711627e-02, 5.179176618365948226e-01, 3.003579461926677019e-01, 9.086213309329030374e-02
9.087474588842539558e-02, 5.179304270289045720e-01, 3.003202067063519554e-01, 9.087462037631799383e-02
9.088724212536071489e-02, 5.179431728975869564e-01, 3.002824680923247280e-01, 9.088711688472769779e-02
9.089974759003471849e-02, 5.179558994295452301e-01, 3.002447303601179507e-01, 9.089962262030230888e-02
9.091226228422909228e-02, 5.179686066116833132e-01, 3.002069935192628325e-01, 9.091213758482465102e-02
9.092478620972543890e-02, 5.179812944309069023e-01, 3.001692575792900275e-01, 9.092466178007749256e-02
9.093731936830511120e-02, 5.179939628741220270e-01, 3.001315225497294681e-01, 9.093719520784347699e-02
9.094986176174948977e-02, 5.180066119282354942e-01, 3.000937884401099764e-01, 9.094973786990505349e-02
9.096241339183984420e-02, 5.180192415801552208e-01, 3.000560552599602082e-01, 9.096228976804465738e-02
9.097497426035719426e-02, 5.180318518167904562e-01, 3.000183230188077088e-01, 9.097485090404457131e-02
9.098754436908260135e-02, 5.180444426250508938e-01, 2.999805917261795796e-01, 9.098742127968693916e-02
9.100012371979690484e-02, 5.180570139918472261e-01, 2.999428613916019781e-01, 9.100000089675382153e-02
9.101271231428088859e-02, 5.180695659040913670e-01, 2.999051320246004515e-01, 9.101258975702718190e-02
9.102531015431523931e-02, 5.180820983486961184e-01, 2.998674036346997696e-01, 9.102518786228883108e-02
9.103791724168040778e-02, 5.180946113125749486e-01, 2.998296762314240915e-01, 9.103779521432041333e-02
9.105053357815688642e-02, 5.181071047826427689e-01, 2.997919498242966885e-01, 9.105041181490353130e-02
9.106315916552494560e-02, 5.181195787458149349e-01, 2.997542244228404984e-01, 9.106303766581962111e-02
9.107579400556467530e-02, 5.181320331890082453e-01, 2.997165000365770715e-01, 9.107567276885000784e-02
9.108843810005617936e-02, 5.181444680991401652e-01, 2.996787766750278470e-01, 9.108831712577586392e-02
9.110109145077933956e-02, 5.181568834631292697e-01, 2.996410543477132649e-01, 9.110097073837825077e-02
9.111375405951392670e-02, 5.181692792678950221e-01, 2.996033330641529324e-01, 9.111363360843806325e-02
9.112642592803957275e-02, 5.181816555003582181e-01, 2.995656128338660684e-01, 9.112630573773612686e-02
9.113910705813581259e-02, 5.181940121474402083e-01, 2.995278936663709479e-01, 9.113898712805308666e-02
9.115179745158202840e-02, 5.182063491960634538e-01, 2.994901755711850688e-01, 9.115167778116947672e-02
9.116449711015743584e-02, 5.182186666331516367e-01, 2.994524585578253739e-01, 9.116437769886563680e-02
9.117720603564113957e-02, 5.182309644456292164e-01, 2.994147426358078068e-01, 9.117708688292182340e-02
9.118992422981213319e-02, 5.182432426204217624e-01, 2.993770278146479780e-01, 9.118980533511812647e-02
9.120265169444917441e-02, 5.182555011444559545e-01, 2.993393141038604988e-01, 9.120253305723449722e-02
9.121538843133096541e-02, 5.182677400046590277e-01, 2.993016015129591478e-01, 9.121527005105074803e-02
9.122813444223606960e-02, 5.182799591879601042e-01, 2.992638900514573153e-01, 9.122801631834651093e-02
9.124088972894284222e-02, 5.182921586812884174e-01, 2.992261797288673919e-01, 9.124077186090132074e-02
9.125365429322949973e-02, 5.183043384715748658e-01, 2.991884705547012135e-01, 9.125353668049454581e-02
9.126642813687417533e-02, 5.183164985457509033e-01, 2.991507625384695612e-01, 9.126631077890536015e-02
9.127921126165475241e-02, 5.183286388907495379e-01, 2.991130556896828829e-01, 9.127909415791279901e-02
9.129200366934904498e-02, 5.183407594935045548e-01, 2.990753500178506274e-01, 9.129188681929581439e-02
9.130480536173460338e-02, 5.183528603409505164e-01, 2.990376455324816884e-01, 9.130468876483308072e-02
9.131761634058897792e-02, 5.183649414200237615e-01, 2.989999422430841269e-01, 9.131749999630321690e-02
9.133043660768944139e-02, 5.183770027176607398e-01, 2.989622401591652268e-01, 9.133032051548459207e-02
9.134326616481312777e-02, 5.183890442207997884e-01, 2.989245392902314946e-01, 9.134315032415549207e-02
9.135610501373703229e-02, 5.184010659163797996e-01, 2.988868396457889376e-01, 9.135598942409399459e-02
9.136895315623796976e-02, 5.184130677913413310e-01, 2.988491412353426191e-01, 9.136883781707803853e-02
9.138181059409257456e-02, 5.184250498326251622e-01, 2.988114440683969364e-01, 9.138169550488534076e-02
9.139467732907738395e-02, 5.184370120271737381e-01, 2.987737481544555096e-01, 9.139456248929353488e-02
9.140755336296862987e-02, 5.184489543619303920e-01, 2.987360535030210151e-01, 9.140743877207992141e-02
9.142043869754247487e-02, 5.184608768238396781e-01, 2.986983601235959629e-01, 9.142032435502181476e-02
9.143333333457494272e-02, 5.184727793998471501e-01, 2.986606680256815305e-01, 9.143321923989630728e-02
9.144623727584180739e-02, 5.184846620768993608e-01, 2.986229772187785070e-01, 9.144612342848021380e-02
9.145915052311862081e-02, 5.184965248419443062e-01, 2.985852877123867932e-01, 9.145903692255026585e-02
9.147207307818089328e-02, 5.185083676819306486e-01, 2.985475995160054019e-01, 9.147195972388295904e-02
9.148500494280385753e-02, 5.185201905838084935e-01, 2.985099126391330682e-01, 9.148489183425470572e-02
9.149794611876260753e-02, 5.185319935345287234e-01, 2.984722270912670838e-01, 9.149783325544157131e-02
9.151089660783200130e-02, 5.185437765210436645e-01, 2.984345428819047963e-01, 9.151078398921957957e-02
9.152385641178673037e-02, 5.185555395303065307e-01, 2.983968600205421096e-01, 9.152374403736449060e-02
9.153682553240137521e-02, 5.185672825492720905e-01, 2.983591785166746502e-01, 9.153671340165191184e-02
9.154980397145019710e-02, 5.185790055648955565e-01, 2.983214983797969899e-01, 9.154969208385720092e-02
9.156279173070742960e-02, 5.185907085641340286e-01, 2.982838196194030345e-01, 9.156268008575565998e-02
9.157578881194693154e-02, 5.186023915339448287e-01, 2.982461422449861344e-01, 9.157567740912220255e-02
9.158879521694242298e-02, 5.186140544612872771e-01, 2.982084662660385854e-01, 9.158868405573167282e-02
9.160181094746755459e-02, 5.186256973331216935e-01, 2.981707916920521284e-01, 9.160170002735867900e-02
9.161483600529564397e-02, 5.186373201364090635e-01, 2.981331185325177269e-01, 9.161472532577767669e-02
9.162787039219980056e-02, 5.186489228581117050e-01, 2.980954467969255117e-01, 9.162775995276283003e-02
9.164091410995303666e-02, 5.186605054851938235e-01, 2.980577764947650032e-01, 9.164080391008819215e-02
9.165396716032808699e-02, 5.186720680046196241e-01, 2.980201076355247780e-01, 9.165385719952755250e-02
9.166702954509749202e-02, 5.186836104033553108e-01, 2.979824402286928020e-01, 9.166691982285447848e-02
9.168010126603357013e-02, 5.186951326683678642e-01, 2.979447742837562085e-01, 9.167999178184237097e-02
9.169318232490844545e-02, 5.187066347866257088e-01, 2.979071098102013537e-01, 9.169307307826442266e-02
9.170627272349407555e-02, 5.187181167450983788e-01, 2.978694468175139276e-01, 9.170616371389356258e-02
9.171937246356212659e-02, 5.187295785307564078e-01, 2.978317853151788430e-01, 9.171926369050258099e-02
9.173248154688409817e-02, 5.187410201305715507e-01, 2.977941253126803467e-01, 9.173237300986397669e-02
9.174559997523125399e-02, 5.187524415315171167e-01, 2.977564668195015751e-01, 9.174549167375004033e-02
9.175872775037462181e-02, 5.187638427205673031e-01, 2.977188098451251652e-01, 9.175861968393290991e-02
9.177186487408511839e-02, 5.187752236846975284e-01, 2.976811543990330322e-01, 9.177175704218443197e-02
9.178501134813321638e-02, 5.187865844108842106e-01, 2.976435004907062587e-01, 9.178490375027617554e-02
9.179816717428943007e-02, 5.187979248861056547e-01, 2.976058481296251501e-01, 9.179805980997969572e-02
9.181133235432387130e-02, 5.188092450973407210e-01, 2.975681973252691792e-01, 9.181122522306608968e-02
9.182450689000645760e-02, 5.188205450315698242e-01, 2.975305480871173747e-01, 9.182439999130632968e-02
9.183769078310695388e-02, 5.188318246757744889e-01, 2.974929004246474329e-01, 9.183758411647116593e-02
9.185088403539469482e-02, 5.188430840169374614e-01, 2.974552543473367172e-01, 9.185077760033105720e-02
9.186408664863905671e-02, 5.188543230420428198e-01, 2.974176098646618138e-01, 9.186398044465630963e-02
9.187729862460899954e-02, 5.188655417380757529e-01, 2.973799669860984207e-01, 9.187719265121689627e-02
9.189051996507324738e-02, 5.188767400920226702e-01, 2.973423257211213477e-01, 9.189041422178259588e-02
9.190375067180041324e-02, 5.188879180908715361e-01, 2.973046860792051271e-01, 9.190364515812303459e-02
9.191699074655863833e-02, 5.188990757216113137e-01, 2.972670480698226259e-01, 9.191688546200736665e-02
9.193024019111611933e-02, 5.189102129712321876e-01, 2.972294117024469329e-01, 9.193013513520477409e-02
9.194349900724056723e-02, 5.189213298267258967e-01, 2.971917769865496939e-01, 9.194339417948399484e-02
9.195676719669952648e-02, 5.189324262750849570e-01, 2.971541439316019995e-01, 9.195666259661357256e-02
9.197004476126034722e-02, 5.189435023033034389e-01, 2.971165125470743851e-01, 9.196994038836188434e-02
9.198333170269008818e-02, 5.189545578983768559e-01, 2.970788828424362205e-01, 9.198322755649694649e-02
9.199662802275548890e-02, 5.189655930473017209e-01, 2.970412548271562092e-01, 9.199652410278653936e-02
9.200993372322315011e-02, 5.189766077370761010e-01, 2.970036285107024998e-01, 9.200983002899822127e-02
9.202324880585931177e-02, 5.189876019546991737e-01, 2.969660039025421860e-01, 9.202314533689930076e-02
9.203657327243007502e-02, 5.189985756871713374e-01, 2.969283810121418621e-01, 9.203647002825679491e-02
9.204990712470112468e-02, 5.190095289214944341e-01, 2.968907598489670674e-01, 9.204980410483744324e-02
9.206325036443809007e-02, 5.190204616446715269e-01, 2.968531404224826753e-01, 9.206314756840777713e-02
9.207660299340608701e-02, 5.190313738437070112e-01, 2.968155227421528930e-01, 9.207650042073398100e-02
9.208996501337017582e-02, 5.190422655056068368e-01, 2.967779068174408730e-01, 9.208986266358208661e-02
9.210333642609504212e-02, 5.190531366173777306e-01, 2.967402926578094347e-01, 9.210323429871775103e-02
9.211671723334519113e-02, 5.190639871660285287e-01, 2.967026802727199541e-01, 9.211661532790643703e-02
9.213010743688469784e-02, 5.190748171385682896e-01, 2.966650696716337521e-01, 9.213000575291324656e-02
9.214350703847751234e-02, 5.190856265220084031e-01, 2.966274608640109278e-01, 9.214340557550312893e-02
9.215691603988725167e-02, 5.190964153033612583e-01, 2.965898538593108036e-01, 9.215681479744057547e-02
9.217033444287729693e-02, 5.191071834696405762e-01, 2.965522486669920910e-01, 9.217023342049002199e-02
9.218376224921068229e-02, 5.191179310078614106e-01, 2.965146452965126134e-01, 9.218366144641544635e-02
9.219719946065017824e-02, 5.191286579050399252e-01, 2.964770437573293060e-01, 9.219709887698060435e-02
9.221064607895834708e-02, 5.191393641481941712e-01, 2.964394440588984936e-01, 9.221054571394901589e-02
9.222410210589734869e-02, 5.191500497243431989e-01, 2.964018462106757235e-01, 9.222400195908379839e-02
9.223756754322913476e-02, 5.191607146205071688e-01, 2.963642502221157105e-01, 9.223746761414788886e-02
9.225104239271537943e-02, 5.191713588237085730e-01, 2.963266561026721702e-01, 9.225094268090391902e-02
9.226452665611736825e-02, 5.191819823209701257e-01, 2.962890638617983186e-01, 9.226442716111414588e-02
9.227802033519624803e-02, 5.191925850993166502e-01, 2.962514735089465390e-01, 9.227792105654063215e-02
9.229152343171270756e-02, 5.192031671457739694e-01, 2.962138850535681045e-01, 9.229142436894506585e-02
9.230503594742725526e-02, 5.192137284473697934e-01, 2.961762985051140107e-01, 9.230493710008888519e-02
9.231855788410009422e-02, 5.192242689911326092e-01, 2.961387138730340318e-01, 9.231845925173323697e-02
9.233208924349101121e-02, 5.192347887640926807e-01, 2.961011311667774426e-01, 9.233199082563892102e-02
9.234563002735962645e-02, 5.192452877532816036e-01, 2.960635503957924075e-01, 9.234553182356643186e-02
9.235918023746518546e-02, 5.192557659457323060e-01, 2.960259715695265359e-01, 9.235908224727597260e-02
9.237273987556664234e-02, 5.192662233284791595e-01, 2.959883946974266045e-01, 9.237264209852749652e-02
9.238630894342270139e-02, 5.192766598885582008e-01, 2.959508197889386127e-01, 9.238621137908058223e-02
9.239988744279159505e-02, 5.192870756130064658e-01, 2.959132468535075611e-01, 9.239979009069447524e-02
9.241347537543141699e-02, 5.192974704888626558e-01, 2.958756759005778392e-01, 9.241337823512814353e-02
9.242707274309985843e-02, 5.193078445031666934e-01, 2.958381069395930596e-01, 9.242697581414024977e-02
9.244067954755434691e-02, 5.193181976429604996e-01, 2.958005399799960022e-01, 9.244058282948913741e-02
9.245429579055192137e-02, 5.193285298952866613e-01, 2.957629750312286143e-01, 9.245419928293276135e-02
9.246792147384930161e-02, 5.193388412471898752e-01, 2.957254121027318439e-01, 9.246782517622888220e-02
9.248155659920298532e-02, 5.193491316857161699e-01, 2.956878512039462503e-01, 9.248146051113478872e-02
9.249520116836908168e-02, 5.193594011979122405e-01, 2.956502923443112274e-01, 9.249510528940756149e-02
9.250885518310331124e-02, 5.193696497708273352e-01, 2.956127355332655027e-01, 9.250875951280386478e-02
9.252251864516115865e-02, 5.193798773915117017e-01, 2.955751807802470266e-01, 9.252242318308012692e-02
9.253619155629774773e-02, 5.193900840470169200e-01, 2.955376280946929168e-01, 9.253609630199237379e-02
9.254987391826786924e-02, 5.194002697243963462e-01, 2.955000774860395696e-01, 9.254977887129628433e-02
9.256356573282598088e-02, 5.194104344107044469e-01, 2.954625289637223262e-01, 9.256347089274727380e-02
9.257726700172617951e-02, 5.194205780929974647e-01, 2.954249825371759175e-01, 9.257717236810034112e-02
9.259097772672225668e-02, 5.194307007583333080e-01, 2.953874382158342415e-01, 9.259088329911020765e-02
9.260469790956765701e-02, 5.194408023937706620e-01, 2.953498960091304193e-01, 9.260460368753120619e-02
9.261842755201549204e-02, 5.194508829863705435e-01, 2.953123559264966280e-01, 9.261833353511735034e-02
9.263216665581842924e-02, 5.194609425231949684e-01, 2.952748179773642123e-01, 9.263207284362227900e-02
9.264591522272901114e-02, 5.194709809913076182e-01, 2.952372821711640172e-01, 9.264582161479936739e-02
9.265967325449916969e-02, 5.194809983777736173e-01, 2.951997485173256663e-01, 9.265957985040150502e-02
9.267344075288065641e-02, 5.194909946696597558e-01, 2.951622170252781729e-01, 9.267334755218131770e-02
9.268721771962483424e-02, 5.195009698540342669e-01, 2.951246877044498840e-01, 9.268712472189109819e-02
9.270100415648267755e-02, 5.195109239179667160e-01, 2.950871605642678142e-01, 9.270091136128268128e-02
9.271480006520482764e-02, 5.195208568485285561e-01, 2.950496356141589227e-01, 9.271470747210763808e-02
9.272860544754159273e-02, 5.195307686327926833e-01, 2.950121128635486145e-01, 9.272851305611716499e-02
9.274242030524286473e-02, 5.195406592578332150e-01, 2.949745923218620169e-01, 9.274232811506204210e-02
9.275624464005818859e-02, 5.195505287107262671e-01, 2.949370739985228140e-01, 9.275615265069271642e-02
9.277007845373680395e-02, 5.195603769785491766e-01, 2.948995579029546898e-01, 9.276998666475926025e-02
9.278392174802745085e-02, 5.195702040483811679e-01, 2.948620440445799407e-01, 9.278383015901145447e-02
9.279777452467867505e-02, 5.195800099073026868e-01, 2.948245324328201411e-01, 9.279768313519855261e-02
9.281163678543852269e-02, 5.195897945423958442e-01, 2.947870230770961442e-01, 9.281154559506957225e-02
9.282550853205466523e-02, 5.195995579407444165e-01, 2.947495159868277481e-01, 9.282541754037308690e-02
9.283938976627449657e-02, 5.196093000894338454e-01, 2.947120111714342516e-01, 9.283929897285730926e-02
9.285328048984489713e-02, 5.196190209755511269e-01, 2.946745086403340097e-01, 9.285318989427011893e-02
9.286718070451253915e-02, 5.196287205861844782e-01, 2.946370084029443226e-01, 9.286709030635889595e-02
9.288109041202349814e-02, 5.196383989084238930e-01, 2.945995104686818244e-01, 9.288100021087071501e-02
9.289500961412365532e-02, 5.196480559293613632e-01, 2.945620148469625943e-01, 9.289491960955231775e-02
9.290893831255847557e-02, 5.196576916360901022e-01, 2.945245215472014344e-01, 9.290884850414998786e-02
9.292287650907289642e-02, 5.196673060157049884e-01, 2.944870305788124809e-01, 9.292278689640959266e-02
9.293682420541164724e-02, 5.196768990553025658e-01, 2.944495419512091483e-01, 9.293673478807668031e-02
9.295078140331890226e-02, 5.196864707419808216e-01, 2.944120556738039629e-01, 9.295069218089635488e-02
9.296474810453854432e-02, 5.196960210628397414e-01, 2.943745717560084518e-01, 9.296465907661330408e-02
9.297872431081408151e-02, 5.197055500049804211e-01, 2.943370902072335316e-01, 9.297863547697193809e-02
9.299271002388850849e-02, 5.197150575555062879e-01, 2.942996110368891749e-01, 9.299262138371608422e-02
9.300670524550452845e-02, 5.197245437015216574e-01, 2.942621342543845220e-01, 9.300661679858934772e-02
9.302070997740437275e-02, 5.197340084301328433e-01, 2.942246598691278803e-01, 9.302062172333476486e-02
9.303472422132989805e-02, 5.197434517284481581e-01, 2.941871878905267801e-01, 9.303463615969508049e-02
9.304874797902255856e-02, 5.197528735835766911e-01, 2.941497183279878636e-01, 9.304866010941263699e-02
9.306278125222341990e-02, 5.197622739826303073e-01, 2.941122511909169956e-01, 9.306269357422927713e-02
9.307682404267304810e-02, 5.197716529127215379e-01, 2.940747864887189311e-01, 9.307673655588645512e-02
9.309087635211168998e-02, 5.197810103609652455e-01, 2.940373242307978141e-01, 9.309078905612529209e-02
9.310493818227912055e-02, 5.197903463144774028e-01, 2.939998644265570116e-01, 9.310485107668634019e-02
9.311900953491469846e-02, 5.197996607603763142e-01, 2.939624070853990023e-01, 9.311892261930994341e-02
9.313309041175743541e-02, 5.198089536857813941e-01, 2.939249522167253215e-01, 9.313300368573580734e-02
9.314718081454581577e-02, 5.198182250778142777e-01, 2.938874998299366714e-01, 9.314709427770334615e-02
9.316128074501794920e-02, 5.198274749235975989e-01, 2.938500499344329775e-01, 9.316119439695148829e-02
9.317539020491154289e-02, 5.198367032102565455e-01, 2.938126025396132768e-01, 9.317530404521878751e-02
9.318950919596381832e-02, 5.198459099249171933e-01, 2.937751576548756072e-01, 9.318942322424325631e-02
9.320363771991165003e-02, 5.198550950547080607e-01, 2.937377152896176735e-01, 9.320355193576265740e-02
9.321777577849137131e-02, 5.198642585867586652e-01, 2.937002754532356263e-01, 9.321769018151418451e-02
9.323192337343899627e-02, 5.198734005082010778e-01, 2.936628381551253386e-01, 9.323183796323458727e-02
9.324608050648997004e-02, 5.198825208061683689e-01, 2.936254034046814620e-01, 9.324599528266025450e-02
9.326024717937943243e-02, 5.198916194677954961e-01, 2.935879712112980933e-01, 9.326016214152703376e-02
9.327442339384198200e-02, 5.199006964802194153e-01, 2.935505415843681076e-01, 9.327433854157046733e-02
9.328860915161180101e-02, 5.199097518305788590e-01, 2.935131145332839919e-01, 9.328852448452551460e-02
9.330280445442265536e-02, 5.199187855060137808e-01, 2.934756900674367341e-01, 9.330271997212674639e-02
9.331700930400783911e-02, 5.199277974936664659e-01, 2.934382681962173778e-01, 9.331692500610831720e-02
9.333122370210017449e-02, 5.199367877806807536e-01, 2.934008489290151900e-01, 9.333113958820385414e-02
9.334544765043210901e-02, 5.199457563542021488e-01, 2.933634322752191048e-01, 9.334536372014660965e-02
9.335968115073553508e-02, 5.199547032013780434e-01, 2.933260182442171127e-01, 9.335959740366932269e-02
9.337392420474191490e-02, 5.199636283093574951e-01, 2.932886068453962602e-01, 9.337384064050426036e-02
9.338817681418232208e-02, 5.199725316652915597e-01, 2.932511980881427616e-01, 9.338809343238328731e-02
9.340243898078730289e-02, 5.199814132563328473e-01, 2.932137919818420535e-01, 9.340235578103778247e-02
9.341671070628693174e-02, 5.199902730696359665e-01, 2.931763885358785182e-01, 9.341662768819862517e-02
9.343099199241081121e-02, 5.199991110923570803e-01, 2.931389877596358717e-01, 9.343090915559626453e-02
9.344528284088819692e-02, 5.200079273116542389e-01, 2.931015896624968309e-01, 9.344520018496069169e-02
9.345958325344772000e-02, 5.200167217146876020e-01, 2.930641942538433353e-01, 9.345950077802138434e-02
9.347389323181756748e-02, 5.200254942886186615e-01, 2.930268015430563810e-01, 9.347381093650736217e-02
9.348821277772553784e-02, 5.200342450206111300e-01, 2.929894115395162979e-01, 9.348813066214718692e-02
9.350254189289884665e-02, 5.200429738978299410e-01, 2.929520242526021390e-01, 9.350245995666889298e-02
9.351688057906436258e-02, 5.200516809074430258e-01, 2.929146396916926243e-01, 9.351679882180011227e-02
9.353122883794828812e-02, 5.200603660366186487e-01, 2.928772578661650305e-01, 9.353114725926789386e-02
9.354558667127650662e-02, 5.200690292725282937e-01, 2.928398787853963570e-01, 9.354550527079893985e-02
9.355995408077436015e-02, 5.200776706023443330e-01, 2.928025024587620484e-01, 9.355987285811928622e-02
9.357433106816664958e-02, 5.200862900132414701e-01, 2.927651288956373832e-01, 9.357425002295462202e-02
9.358871763517778719e-02, 5.200948874923958520e-01, 2.927277581053963074e-01, 9.358863676703008116e-02
9.360311378353160239e-02, 5.201034630269861792e-01, 2.926903900974119899e-01, 9.360303309207035349e-02
9.361751951495146662e-02, 5.201120166041922621e-01, 2.926530248810567669e-01, 9.361743899979953210e-02
9.363193483116022398e-02, 5.201205482111962430e-01, 2.926156624657021421e-01, 9.363185449194130761e-02
9.364635973388031609e-02, 5.201290578351822624e-01, 2.925783028607185643e-01, 9.364627957021884330e-02
9.366079422483353234e-02, 5.201375454633357931e-01, 2.925409460754759272e-01, 9.366071423635478899e-02
9.367523830574131516e-02, 5.201460110828446393e-01, 2.925035921193427368e-01, 9.367515849207129486e-02
9.368969197832446860e-02, 5.201544546808983815e-01, 2.924662410016871661e-01, 9.368961233908996988e-02
9.370415524430333876e-02, 5.201628762446883769e-01, 2.924288927318762776e-01, 9.370407577913197894e-02
9.371862810539778599e-02, 5.201712757614083138e-01, 2.923915473192760239e-01, 9.371854881391791792e-02
9.373311056332717106e-02, 5.201796532182531019e-01, 2.923542047732518023e-01, 9.373303144516791086e-02
9.374760261981027187e-02, 5.201880086024203154e-01, 2.923168651031679555e-01, 9.374752367460151281e-02
9.376210427656535285e-02, 5.201963419011087497e-01, 2.922795283183881598e-01, 9.376202550393782087e-02
9.377661553531020655e-02, 5.202046531015196429e-01, 2.922421944282747597e-01, 9.377653693489532150e-02
9.379113639776209821e-02, 5.202129421908558982e-01, 2.922048634421897106e-01, 9.379105796919209870e-02
9.380566686563777956e-02, 5.202212091563228613e-01, 2.921675353694938582e-01, 9.380558860854563974e-02
9.382020694065336397e-02, 5.202294539851268773e-01, 2.921302102195469930e-01, 9.382012885467284902e-02
9.383475662452456234e-02, 5.202376766644769557e-01, 2.920928880017082396e-01, 9.383467870929022847e-02
9.384931591896654435e-02, 5.202458771815838823e-01, 2.920555687253357235e-01, 9.384923817411364166e-02
9.386388482569391067e-02, 5.202540555236605524e-01, 2.920182523997870150e-01, 9.386380725085849419e-02
9.387846334642070689e-02, 5.202622116779215267e-01, 2.919809390344181299e-01, 9.387838594123953939e-02
9.389305148286042346e-02, 5.202703456315834751e-01, 2.919436286385847512e-01, 9.389297424697114203e-02
9.390764923672612063e-02, 5.202784573718652883e-01, 2.919063212216415626e-01, 9.390757216976700072e-02
9.392225660973019252e-02, 5.202865468859874110e-01, 2.918690167929419710e-01, 9.392217971134030063e-02
9.393687360358457528e-02, 5.202946141611726194e-01, 2.918317153618388837e-01, 9.393679687340375506e-02
9.395150022000063605e-02, 5.203026591846453552e-01, 2.917944169376844865e-01, 9.395142365766945280e-02
9.396613646068908976e-02, 5.203106819436326136e-01, 2.917571215298295217e-01, 9.396606006584891368e-02
9.398078232736023496e-02, 5.203186824253626108e-01, 2.917198291476239547e-01, 9.398070609965311628e-02
9.399543782172380124e-02, 5.203266606170663389e-01, 2.916825398004173620e-01, 9.399536176079258121e-02
9.401010294548890756e-02, 5.203346165059763440e-01, 2.916452534975576549e-01, 9.401002705097714907e-02
9.402477770036406224e-02, 5.203425500793272818e-01, 2.916079702483924674e-01, 9.402470197191609147e-02
9.403946208805738505e-02, 5.203504613243560284e-01, 2.915706900622683229e-01, 9.403938652531823594e-02
9.405415611027631573e-02, 5.203583502283012363e-01, 2.915334129485306902e-01, 9.405408071289179939e-02
9.406885976872764177e-02, 5.203662167784036674e-01, 2.914961389165242611e-01, 9.406878453634431869e-02
9.408357306511776208e-02, 5.203740609619065260e-01, 2.914588679755928946e-01, 9.408349799738292829e-02
9.409829600115243720e-02, 5.203818827660542379e-01, 2.914216001350792840e-01, 9.409822109771406873e-02
9.411302857853676151e-02, 5.203896821780941151e-01, 2.913843354043255673e-01, 9.411295383904365319e-02
9.412777079897541310e-02, 5.203974591852750242e-01, 2.913470737926726062e-01, 9.412769622307699813e-02
9.414252266417233450e-02, 5.204052137748481632e-01, 2.913098153094607623e-01, 9.414244825151890650e-02
9.415728417583098253e-02, 5.204129459340665065e-01, 2.912725599640289542e-01, 9.415720992607344575e-02
9.417205533565428666e-02, 5.204206556501856928e-01, 2.912353077657157674e-01, 9.417198124844432250e-02
9.418683614534438531e-02, 5.204283429104626935e-01, 2.911980587238583995e-01, 9.418676222033442458e-02
9.420162660660308385e-02, 5.204360077021572550e-01, 2.911608128477934931e-01, 9.420155284344622348e-02
9.421642672113141048e-02, 5.204436500125305676e-01, 2.911235701468564696e-01, 9.421635311948151070e-02
9.423123649062986606e-02, 5.204512698288467076e-01, 2.910863306303819731e-01, 9.423116305014153649e-02
9.424605591679831307e-02, 5.204588671383710841e-01, 2.910490943077037596e-01, 9.424598263712688495e-02
9.426088500133614212e-02, 5.204664419283715482e-01, 2.910118611881546413e-01, 9.426081188213758510e-02
9.427572374594202220e-02, 5.204739941861182828e-01, 2.909746312810665980e-01, 9.427565078687311084e-02
9.429057215231406719e-02, 5.204815238988835802e-01, 2.909374045957703325e-01, 9.429049935303222829e-02
9.430543022214969706e-02, 5.204890310539411757e-01, 2.909001811415960481e-01, 9.430535758231313459e-02
9.432029795714591547e-02, 5.204965156385678027e-01, 2.908629609278728378e-01, 9.432022547641352728e-02
9.433517535899890727e-02, 5.205039776400418594e-01, 2.908257439639287956e-01, 9.433510303703028510e-02
9.435006242940444099e-02, 5.205114170456442979e-01, 2.907885302590914600e-01, 9.434999026585992599e-02
9.436495917005748024e-02, 5.205188338426576244e-01, 2.907513198226867601e-01, 9.436488716459807968e-02
9.437986558265254455e-02, 5.205262280183671209e-01, 2.907141126640404583e-01, 9.437979373494000124e-02
9.439478166888339017e-02, 5.205335995600597343e-01, 2.906769087924767625e-01, 9.439470997858014079e-02
9.440970743044323210e-02, 5.205409484550248544e-01, 2.906397082173194368e-01, 9.440963589721243499e-02
9.442464286902467474e-02, 5.205482746905542024e-01, 2.906025109478909685e-01, 9.442457149253018212e-02
9.443958798631964247e-02, 5.205555782539413867e-01, 2.905653169935129565e-01, 9.443951676622601432e-02
9.445454278401946291e-02, 5.205628591324823473e-01, 2.905281263635063338e-01, 9.445447171999195313e-02
9.446950726381482533e-02, 5.205701173134751336e-01, 2.904909390671907565e-01, 9.446943635551938168e-02
9.448448142739576672e-02, 5.205773527842200155e-01, 2.904537551138852147e-01, 9.448441067449907249e-02
9.449946527645175509e-02, 5.205845655320195942e-01, 2.904165745129075882e-01, 9.449939467862113196e-02
9.451445881267145355e-02, 5.205917555441785805e-01, 2.903793972735748130e-01, 9.451438836957500034e-02
9.452946203774317824e-02, 5.205989228080040165e-01, 2.903422234052031592e-01, 9.452939174904957664e-02
9.454447495335425999e-02, 5.206060673108049430e-01, 2.903050529171075644e-01, 9.454440481873302438e-02
9.455949756119166882e-02, 5.206131890398930651e-01, 2.902678858186024113e-01, 9.455942758031288253e-02
9.457452986294155595e-02, 5.206202879825818641e-01, 2.902307221190006947e-01, 9.457446003547603786e-02
9.458957186028944808e-02, 5.206273641261870422e-01, 2.901935618276147988e-01, 9.458950218590873871e-02
9.460462355492030295e-02, 5.206344174580270767e-01, 2.901564049537561640e-01, 9.460455403329656732e-02
9.461968494851831502e-02, 5.206414479654222216e-01, 2.901192515067350097e-01, 9.461961557932442590e-02
9.463475604276704034e-02, 5.206484556356952842e-01, 2.900821014958608890e-01, 9.463468682567661994e-02
9.464983683934947989e-02, 5.206554404561711813e-01, 2.900449549304425223e-01, 9.464976777403673325e-02
9.466492733994787134e-02, 5.206624024141770501e-01, 2.900078118197872978e-01, 9.466485842608773904e-02
9.468002754624380013e-02, 5.206693414970426925e-01, 2.899706721732016601e-01, 9.467995878351187500e-02
9.469513745991813003e-02, 5.206762576920994645e-01, 2.899335359999915540e-01, 9.469506884799075430e-02
9.471025708265122522e-02, 5.206831509866818308e-01, 2.898964033094615922e-01, 9.471018862120532400e-02
9.472538641612258947e-02, 5.206900213681260325e-01, 2.898592741109154991e-01, 9.472531810483583725e-02
9.474052546201119918e-02, 5.206968688237708642e-01, 2.898221484136561110e-01, 9.474045730056188108e-02
9.475567422199518419e-02, 5.207036933409572299e-01, 2.897850262269852095e-01, 9.475560621006232087e-02
9.477083269775217478e-02, 5.207104949070285871e-01, 2.897479075602039100e-01, 9.477076483501542525e-02
9.478600089095899628e-02, 5.207172735093305027e-01, 2.897107924226117737e-01, 9.478593317709869959e-02
9.480117880329184954e-02, 5.207240291352109862e-01, 2.896736808235081950e-01, 9.480111123798902473e-02
9.481636643642617213e-02, 5.207307617720202675e-01, 2.896365727721908478e-01, 9.481629901936249050e-02
9.483156379203686037e-02, 5.207374714071113520e-01, 2.895994682779571283e-01, 9.483149652289467324e-02
9.484677087179797794e-02, 5.207441580278390214e-01, 2.895623673501028783e-01, 9.484670375026024725e-02
9.486198767738290849e-02, 5.207508216215605001e-01, 2.895252699979232180e-01, 9.486192070313330393e-02
9.487721421046438341e-02, 5.207574621756358990e-01, 2.894881762307124906e-01, 9.487714738318726859e-02
9.489245047271438471e-02, 5.207640796774269942e-01, 2.894510860577638178e-01, 9.489238379209476160e-02
9.490769646580425600e-02, 5.207706741142984486e-01, 2.894139994883693778e-01, 9.490762993152777882e-02
9.492295219140463314e-02, 5.207772454736172563e-01, 2.893769165318205161e-01, 9.492288580315759450e-02
9.493821765118536093e-02, 5.207837937427524100e-01, 2.893398371974075789e-01, 9.493815140865473345e-02
9.495349284681563196e-02, 5.207903189090755669e-01, 2.893027614944198023e-01, 9.495342674968904051e-02
9.496877777996393100e-02, 5.207968209599608267e-01, 2.892656894321455341e-01, 9.496871182792965271e-02
9.498407245229800733e-02, 5.208032998827848425e-01, 2.892286210198722340e-01, 9.498400664504497160e-02
9.499937686548491633e-02, 5.208097556649260440e-01, 2.891915562668864736e-01, 9.499931120270267704e-02
9.501469102119089460e-02, 5.208161882937660803e-01, 2.891544951824732701e-01, 9.501462550256974116e-02
9.503001492108162362e-02, 5.208225977566885989e-01, 2.891174377759174741e-01, 9.502994954631242830e-02
9.504534856682191057e-02, 5.208289840410794680e-01, 2.890803840565024374e-01, 9.504528333559619790e-02
9.506069196007595201e-02, 5.208353471343274421e-01, 2.890433340335107348e-01, 9.506062687208585715e-02
9.507604510250709795e-02, 5.208416870238236074e-01, 2.890062877162238308e-01, 9.507598015744549158e-02
9.509140799577800451e-02, 5.208480036969613813e-01, 2.889692451139222462e-01, 9.509134319333835406e-02
9.510678064155070333e-02, 5.208542971411365130e-01, 2.889322062358856691e-01, 9.510671598142710070e-02
9.512216304148631008e-02, 5.208605673437475270e-01, 2.888951710913926774e-01, 9.512209852337352722e-02
9.513755519724530207e-02, 5.208668142921951683e-01, 2.888581396897207942e-01, 9.513749082083867992e-02
9.515295711048733784e-02, 5.208730379738830685e-01, 2.888211120401467658e-01, 9.515289287548296671e-02
9.516836878287147916e-02, 5.208792383762165246e-01, 2.887840881519461722e-01, 9.516830468896600448e-02
9.518379021605587187e-02, 5.208854154866040531e-01, 2.887470680343935392e-01, 9.518372626294656358e-02
9.519922141169798180e-02, 5.208915692924565022e-01, 2.887100516967626707e-01, 9.519915759908281760e-02
9.521466237145452538e-02, 5.208976997811871623e-01, 2.886730391483263158e-01, 9.521459869903203810e-02
9.523011309698148352e-02, 5.209038069402115445e-01, 2.886360303983560027e-01, 9.523004956445088598e-02
9.524557358993399059e-02, 5.209098907569484904e-01, 2.885990254561225377e-01, 9.524551019699513399e-02
9.526104385196651481e-02, 5.209159512188180630e-01, 2.885620243308955057e-01, 9.526098059831984710e-02
9.527652388473270562e-02, 5.209219883132443218e-01, 2.885250270319437149e-01, 9.527646077007932701e-02
9.529201368988544918e-02, 5.209280020276525480e-01, 2.884880335685347519e-01, 9.529195071392705663e-02
9.530751326907691001e-02, 5.209339923494715752e-01, 2.884510439499355927e-01, 9.530745043151585272e-02
9.532302262395837833e-02, 5.209399592661321243e-01, 2.884140581854117147e-01, 9.532295992449765776e-02
9.533854175618050597e-02, 5.209459027650680252e-01, 2.883770762842278734e-01, 9.533847919452366482e-02
9.535407066739302884e-02, 5.209518228337147727e-01, 2.883400982556478809e-01, 9.535400824324427593e-02
9.536960935924498894e-02, 5.209577194595114147e-01, 2.883031241089344388e-01, 9.536954707230918538e-02
9.538515783338462339e-02, 5.209635926298988862e-01, 2.882661538533492496e-01, 9.538509568336719924e-02
9.540071609145937825e-02, 5.209694423323212309e-01, 2.882291874981530166e-01, 9.540065407806644360e-02
9.541628413511593632e-02, 5.209752685542247130e-01, 2.881922250526053886e-01, 9.541622225805411472e-02
9.543186196600010607e-02, 5.209810712830580393e-01, 2.881552665259651258e-01, 9.543180022497674275e-02
9.544744958575704374e-02, 5.209868505062730248e-01, 2.881183119274899895e-01, 9.544738798048002515e-02
9.546304699603093413e-02, 5.209926062113237055e-01, 2.880813612664365753e-01, 9.546298552620881284e-02
9.547865419846535140e-02, 5.209983383856668926e-01, 2.880444145520605348e-01, 9.547859286380726285e-02
9.549427119470288439e-02, 5.210040470167617288e-01, 2.880074717936166873e-01, 9.549420999491857465e-02
9.550989798638548356e-02, 5.210097320920704655e-01, 2.879705330003585750e-01, 9.550983692118532320e-02
9.552553457515421120e-02, 5.210153935990575746e-01, 2.879335981815389078e-01, 9.552547364424915366e-02
9.554118096264926918e-02, 5.210210315251904145e-01, 2.878966673464093406e-01, 9.554112016575087851e-02
9.555683715051016547e-02, 5.210266458579387860e-01, 2.878597405042204738e-01, 9.555677648733063023e-02
9.557250314037549210e-02, 5.210322365847751547e-01, 2.878228176642217973e-01, 9.557244261062758373e-02
9.558817893388302234e-02, 5.210378036931748724e-01, 2.877858988356620240e-01, 9.558811853728015062e-02
9.560386453266983553e-02, 5.210433471706155117e-01, 2.877489840277885902e-01, 9.560380426892596539e-02
9.561955993837199796e-02, 5.210488670045780868e-01, 2.877120732498481548e-01, 9.561949980720174658e-02
9.563526515262495142e-02, 5.210543631825452771e-01, 2.876751665110862111e-01, 9.563520515374347719e-02
9.565098017706315237e-02, 5.210598356920032037e-01, 2.876382638207472531e-01, 9.565092031018625207e-02
9.566670501332032173e-02, 5.210652845204405414e-01, 2.876013651880748312e-01, 9.566664527816434727e-02
9.568243966302922288e-02, 5.210707096553482964e-01, 2.875644706223111635e-01, 9.568238005931116452e-02
9.569818412782195305e-02, 5.210761110842205834e-01, 2.875275801326979130e-01, 9.569812465525943945e-02
9.571393840932967967e-02, 5.210814887945540708e-01, 2.874906937284754660e-01, 9.571387906764081133e-02
9.572970250918269586e-02, 5.210868427738480912e-01, 2.874538114188829874e-01, 9.572964329808622552e-02
9.574547642901048983e-02, 5.210921730096045312e-01, 2.874169332131590870e-01, 9.574541734822580863e-02
9.576126017044170324e-02, 5.210974794893286077e-01, 2.873800591205408761e-01, 9.576120121968875742e-02
9.577705373510418674e-02, 5.211027622005276472e-01, 2.873431891502647439e-01, 9.577699491410343602e-02
9.579285712462476399e-02, 5.211080211307120846e-01, 2.873063233115658033e-01, 9.579279843309734810e-02
9.580867034062959253e-02, 5.211132562673946866e-01, 2.872694616136783341e-01, 9.580861177829722020e-02
9.582449338474390010e-02, 5.211184675980916614e-01, 2.872326040658356172e-01, 9.582443495132883515e-02
9.584032625859199850e-02, 5.211236551103212156e-01, 2.871957506772696012e-01, 9.584026795381710151e-02
9.585616896379739460e-02, 5.211288187916049974e-01, 2.871589014572114573e-01, 9.585611078738615065e-02
9.587202150198276263e-02, 5.211339586294668758e-01, 2.871220564148913024e-01, 9.587196345365917027e-02
9.588788387476979147e-02, 5.211390746114336059e-01, 2.870852155595379762e-01, 9.588782595425847377e-02
9.590375608377949002e-02, 5.211441667250353849e-01, 2.870483789003797082e-01, 9.590369829080561126e-02
9.591963813063172917e-02, 5.211492349578039640e-01, 2.870115464466431732e-01, 9.591958046492106427e-02
9.593553001694571369e-02, 5.211542792972753135e-01, 2.869747182075543246e-01, 9.593547247822463431e-02
9.595143174433974631e-02, 5.211592997309870690e-01, 2.869378941923381166e-01, 9.595137433233512370e-02
9.596734331443110277e-02, 5.211642962464801965e-01, 2.869010744102181709e-01, 9.596728602887044657e-02
9.598326472883635108e-02, 5.211692688312984378e-01, 2.868642588704174434e-01, 9.598320756944772603e-02
9.599919598917107388e-02, 5.211742174729884214e-01, 2.868274475821573355e-01, 9.599913895568309985e-02
9.601513709704996569e-02, 5.211791421590995510e-01, 2.867906405546587489e-01, 9.601508018919184539e-02
9.603108805408680504e-02, 5.211840428771837841e-01, 2.867538377971411423e-01, 9.603103127158833796e-02
9.604704886189459334e-02, 5.211889196147964087e-01, 2.867170393188229749e-01, 9.604699220448610630e-02
9.606301952208529116e-02, 5.211937723594950445e-01, 2.866802451289219289e-01, 9.606296298949767998e-02
9.607900003627005414e-02, 5.211986010988409745e-01, 2.866434552366542432e-01, 9.607894362823479750e-02
9.609499040605905262e-02, 5.212034058203974807e-01, 2.866066696512353240e-01, 9.609493412230819820e-02
9.611099063306159651e-02, 5.212081865117311752e-01, 2.865698883818795784e-01, 9.611093447332774709e-02
9.612700071888610753e-02, 5.212129431604114460e-01, 2.865331114378001365e-01, 9.612694468290240712e-02
9.614302066514004985e-02, 5.212176757540105676e-01, 2.864963388282091294e-01, 9.614296475264023922e-02
9.615905047342997169e-02, 5.212223842801039231e-01, 2.864595705623177446e-01, 9.615899468414833284e-02
9.617509014536156087e-02, 5.212270687262695601e-01, 2.864228066493360592e-01, 9.617503447903293090e-02
9.619113968253950597e-02, 5.212317290800883018e-01, 2.863860470984731510e-01, 9.619108413889929099e-02
9.620719908656756580e-02, 5.212363653291441912e-01, 2.863492919189365993e-01, 9.620714366535174089e-02
9.622326835904870812e-02, 5.212409774610240465e-01, 2.863125411199335946e-01, 9.622321305999376184e-02
9.623934750158477658e-02, 5.212455654633175728e-01, 2.862757947106697731e-01, 9.623929232442778037e-02
9.625543651577689319e-02, 5.212501293236176947e-01, 2.862390527003499940e-01, 9.625538146025545971e-02
9.627153540322501424e-02, 5.212546690295200014e-01, 2.862023150981776731e-01, 9.627148046907735290e-02
9.628764416552834660e-02, 5.212591845686230796e-01, 2.861655819133555045e-01, 9.628758935249311091e-02
9.630376280428500080e-02, 5.212636759285284027e-01, 2.861288531550849612e-01, 9.630370811210152426e-02
9.631989132109236573e-02, 5.212681430968407748e-01, 2.860921288325665723e-01, 9.631983674950042595e-02
9.633602971754659516e-02, 5.212725860611674422e-01, 2.860554089549994239e-01, 9.633597526628658037e-02
9.635217799524312121e-02, 5.212770048091190933e-01, 2.860186935315819357e-01, 9.635212366405594697e-02
9.636833615577630741e-02, 5.212813993283088587e-01, 2.859819825715111952e-01, 9.636828194440341666e-02
9.638450420073961522e-02, 5.212857696063538659e-01, 2.859452760839834573e-01, 9.638445010892307541e-02
9.640068213172553468e-02, 5.212901156308730188e-01, 2.859085740781935892e-01, 9.640062815920784345e-02
9.641686995032558438e-02, 5.212944373894888850e-01, 2.858718765633355696e-01, 9.641681609684979448e-02
9.643306765813032533e-02, 5.212987348698272516e-01, 2.858351835486023784e-01, 9.643301392344011402e-02
9.644927525672931934e-02, 5.213030080595163485e-01, 2.857984950431854965e-01, 9.644922164056883573e-02
9.646549274771122617e-02, 5.213072569461877359e-01, 2.857618110562757940e-01, 9.646543924982517448e-02
9.648172013266366476e-02, 5.213114815174763050e-01, 2.857251315970628092e-01, 9.648166675279731819e-02
9.649795741317335196e-02, 5.213156817610192784e-01, 2.856884566747349696e-01, 9.649790415107244168e-02
9.651420459082590830e-02, 5.213198576644575422e-01, 2.856517862984797040e-01, 9.651415144623677611e-02
9.653046166720613552e-02, 5.213240092154348693e-01, 2.856151204774833308e-01, 9.653040863987563669e-02
9.654672864389768350e-02, 5.213281364015980301e-01, 2.855784592209310024e-01, 9.654667573357321453e-02
9.656300552248338331e-02, 5.213322392105969039e-01, 2.855418025380069280e-01, 9.656295272891282644e-02
9.657929230454491420e-02, 5.213363176300843671e-01, 2.855051504378941507e-01, 9.657923962747670676e-02
9.659558899166302559e-02, 5.213403716477162941e-01, 2.854685029297743259e-01, 9.659553643084620167e-02
9.661189558541759259e-02, 5.213444012511520009e-01, 2.854318600228286096e-01, 9.661184314060158873e-02
9.662821208738731071e-02, 5.213484064280541341e-01, 2.853952217262364921e-01, 9.662815975832216020e-02
9.664453849914987627e-02, 5.213523871660873388e-01, 2.853585880491766313e-01, 9.664448628558618137e-02
9.666087482228213901e-02, 5.213563434529203677e-01, 2.853219590008265194e-01, 9.666082272397093222e-02
9.667722105835986623e-02, 5.213602752762247494e-01, 2.852853345903626492e-01, 9.667716907505277679e-02
9.669357720895772890e-02, 5.213641826236752319e-01, 2.852487148269601258e-01, 9.669352534040688563e-02
9.670994327564950976e-02, 5.213680654829495609e-01, 2.852120997197933883e-01, 9.670989152160756885e-02
9.672631926000792302e-02, 5.213719238417290347e-01, 2.851754892780352102e-01, 9.672626762022804026e-02
9.674270516360460037e-02, 5.213757576876971722e-01, 2.851388835108576991e-01, 9.674265363784048666e-02
9.675910098801027148e-02, 5.213795670085417111e-01, 2.851022824274318523e-01, 9.675904957601612344e-02
9.677550673479461130e-02, 5.213833517919531646e-01, 2.850656860369271683e-01, 9.677545543632516678e-02
9.679192240552622617e-02, 5.213871120256248215e-01, 2.850290943485123685e-01, 9.679187122033670876e-02
9.680834800177262611e-02, 5.213908476972536343e-01, 2.849925073713548418e-01, 9.680829692961884225e-02
9.682478352510046071e-02, 5.213945587945396642e-01, 2.849559251146211447e-01, 9.682473256573864706e-02
9.684122897707525546e-02, 5.213982453051861921e-01, 2.849193475874765569e-01, 9.684117813026221766e-02
9.685768435926145337e-02, 5.214019072168991631e-01, 2.848827747990849146e-01, 9.685763362475445504e-02
9.687414967322247050e-02, 5.214055445173885195e-01, 2.848462067586094992e-01, 9.687409905077935812e-02
9.689062492052077924e-02, 5.214091571943672010e-01, 2.848096434752122597e-01, 9.689057440989987113e-02
9.690711010271763071e-02, 5.214127452355508119e-01, 2.847730849580537016e-01, 9.690705970367777256e-02
9.692360522137345724e-02, 5.214163086286589532e-01, 2.847365312162937201e-01, 9.692355493367395269e-02
9.694011027804731728e-02, 5.214198473614140017e-01, 2.846999822590907114e-01, 9.694006010144808061e-02
9.695662527429753375e-02, 5.214233614215416646e-01, 2.846634380956019617e-01, 9.695657520855885392e-02
9.697315021168120830e-02, 5.214268507967709798e-01, 2.846268987349838686e-01, 9.697310025656398491e-02
9.698968509175440178e-02, 5.214303154748340940e-01, 2.845903641863914979e-01, 9.698963524701996464e-02
9.700622991607209256e-02, 5.214337554434668176e-01, 2.845538344589788604e-01, 9.700618018148231270e-02
9.702278468618817653e-02, 5.214371706904076254e-01, 2.845173095618987458e-01, 9.702273506150545235e-02
9.703934940365556427e-02, 5.214405612033986559e-01, 2.844807895043029999e-01, 9.703929988864275213e-02
9.705592407002605615e-02, 5.214439269701856006e-01, 2.844442742953420256e-01, 9.705587466444649813e-02
9.707250868685030065e-02, 5.214472679785164821e-01, 2.844077639441653371e-01, 9.707245939046789396e-02
9.708910325567797484e-02, 5.214505842161438753e-01, 2.843712584599212279e-01, 9.708905406825704687e-02
9.710570777805754838e-02, 5.214538756708226863e-01, 2.843347578517567698e-01, 9.710565869936296779e-02
9.712232225553650566e-02, 5.214571423303117070e-01, 2.842982621288180911e-01, 9.712227328533366844e-02
9.713894668966123469e-02, 5.214603841823728381e-01, 2.842617713002499324e-01, 9.713889782771599479e-02
9.715558108197698550e-02, 5.214636012147711996e-01, 2.842252853751961461e-01, 9.715553232805565487e-02
9.717222543402793955e-02, 5.214667934152754647e-01, 2.841888043627991967e-01, 9.717217678789737134e-02
9.718887974735715418e-02, 5.214699607716575258e-01, 2.841523282722004384e-01, 9.718883120878468729e-02
9.720554402350665979e-02, 5.214731032716929393e-01, 2.841158571125403931e-01, 9.720549559226011882e-02
9.722221826401726552e-02, 5.214762209031600371e-01, 2.840793908929577505e-01, 9.722216993986494693e-02
9.723890247042876744e-02, 5.214793136538409257e-01, 2.840429296225908118e-01, 9.723885425313946729e-02
9.725559664427980977e-02, 5.214823815115211536e-01, 2.840064733105761574e-01, 9.725554853362282370e-02
9.727230078710792649e-02, 5.214854244639893777e-01, 2.839700219660495906e-01, 9.727225278285303589e-02
9.728901490044954137e-02, 5.214884424990378076e-01, 2.839335755981455267e-01, 9.728896700236698558e-02
9.730573898583996795e-02, 5.214914356044622057e-01, 2.838971342159973266e-01, 9.730569119370051367e-02
9.732247304481336792e-02, 5.214944037680613320e-01, 2.838606978287370186e-01, 9.732242535838825370e-02
9.733921707890280661e-02, 5.214973469776376103e-01, 2.838242664454957431e-01, 9.733916949796372897e-02
9.735597108964021140e-02, 5.215002652209970169e-01, 2.837878400754032526e-01, 9.735592361395938032e-02
9.737273507855637167e-02, 5.215031584859488589e-01, 2.837514187275883004e-01, 9.737268770790645511e-02
9.738950904718096657e-02, 5.215060267603056632e-01, 2.837150024111782520e-01, 9.738946178133510434e-02
9.740629299704246791e-02, 5.215088700318836201e-01, 2.836785911352995293e-01, 9.740624583577429940e-02
9.742308692966830663e-02, 5.215116882885025840e-01, 2.836421849090772218e-01, 9.742303987275195698e-02
9.743989084658473410e-02, 5.215144815179851845e-01, 2.836057837416354199e-01, 9.743984389379477251e-02
9.745670474931675265e-02, 5.215172497081581593e-01, 2.835693876420968262e-01, 9.745665790042823406e-02
9.747352863938836542e-02, 5.215199928468516877e-01, 2.835329966195830331e-01, 9.747348189417683051e-02
9.749036251832238209e-02, 5.215227109218991686e-01, 2.834966106832145227e-01, 9.749031587656384334e-02
9.750720638764040493e-02, 5.215254039211374426e-01, 2.834602298421108890e-01, 9.750715984911131895e-02
9.752406024886287050e-02, 5.215280718324073472e-01, 2.834238541053897276e-01, 9.752401381334022124e-02
9.754092410350909126e-02, 5.215307146435522734e-01, 2.833874834821681898e-01, 9.754087777077033450e-02
9.755779795309728331e-02, 5.215333323424203860e-01, 2.833511179815620395e-01, 9.755775172292026343e-02
9.757468179914431661e-02, 5.215359249168622924e-01, 2.833147576126858191e-01, 9.757463567130744697e-02
9.759157564316610356e-02, 5.215384923547328189e-01, 2.832784023846529609e-01, 9.759152961744818611e-02
9.760847948667722429e-02, 5.215410346438897893e-01, 2.832420523065755646e-01, 9.760843356285756056e-02
9.762539333119105156e-02, 5.215435517721951353e-01, 2.832057073875643427e-01, 9.762534750904944270e-02
9.764231717821998668e-02, 5.215460437275137862e-01, 2.831693676367296186e-01, 9.764227145753662240e-02
9.765925102927505708e-02, 5.215485104977146680e-01, 2.831330330631796066e-01, 9.765920540983065445e-02
9.767619488586613830e-02, 5.215509520706701485e-01, 2.830967036760218547e-01, 9.767614936744184462e-02
9.769314874950202343e-02, 5.215533684342560372e-01, 2.830603794843625232e-01, 9.769310333187945783e-02
9.771011262169009004e-02, 5.215557595763518073e-01, 2.830240604973067731e-01, 9.771006730465135737e-02
9.772708650393681362e-02, 5.215581254848405957e-01, 2.829877467239582112e-01, 9.772704128726442119e-02
9.774407039774719863e-02, 5.215604661476089809e-01, 2.829514381734195561e-01, 9.774402528122418110e-02
9.776106430462523644e-02, 5.215627815525473165e-01, 2.829151348547923051e-01, 9.776101928803501706e-02
9.777806822607355841e-02, 5.215650716875497306e-01, 2.828788367771766787e-01, 9.777802330920011553e-02
9.779508216359374118e-02, 5.215673365405133488e-01, 2.828425439496714544e-01, 9.779503734622141398e-02
9.781210611868607074e-02, 5.215695760993395158e-01, 2.828062563813746322e-01, 9.781206140059967025e-02
9.782914009284958412e-02, 5.215717903519331289e-01, 2.827699740813829354e-01, 9.782909547383442095e-02
9.784618408758218033e-02, 5.215739792862025270e-01, 2.827336970587913667e-01, 9.784613956742398144e-02
9.786323810438046777e-02, 5.215761428900597130e-01, 2.826974253226944289e-01, 9.786319368286541809e-02
9.788030214473988910e-02, 5.215782811514205752e-01, 2.826611588821848486e-01, 9.788025782165464539e-02
9.789737621015461022e-02, 5.215803940582044440e-01, 2.826248977463546308e-01, 9.789733198528624558e-02
9.791446030211754803e-02, 5.215824815983345353e-01, 2.825886419242942260e-01, 9.791441617525366292e-02
9.793155442212050921e-02, 5.215845437597376177e-01, 2.825523914250927526e-01, 9.793151039304903716e-02
9.794865857165392653e-02, 5.215865805303441238e-01, 2.825161462578386629e-01, 9.794861464016332842e-02
9.796577275220708092e-02, 5.215885918980881497e-01, 2.824799064316185215e-01, 9.796572891808620620e-02
9.798289696526790715e-02, 5.215905778509078994e-01, 2.824436719555180608e-01, 9.798285322830614652e-02
9.800003121232321590e-02, 5.215925383767445744e-01, 2.824074428386218472e-01, 9.799998757231033475e-02
9.801717549485851333e-02, 5.215944734635439284e-01, 2.823712190900129482e-01, 9.801713195158472114e-02
9.803432981435801497e-02, 5.215963830992547123e-01, 2.823350007187733768e-01, 9.803428636761397919e-02
9.805149417230474285e-02, 5.215982672718297852e-01, 2.822987877339838692e-01, 9.805145082188156114e-02
9.806866857018041450e-02, 5.216001259692257808e-01, 2.822625801447239957e-01, 9.806862531586968412e-02
9.808585300946555396e-02, 5.216019591794032184e-01, 2.822263779600721056e-01, 9.808580985105926076e-02
9.810304749163931137e-02, 5.216037668903257263e-01, 2.821901811891051048e-01, 9.810300442892985751e-02
9.812025201817967113e-02, 5.216055490899615954e-01, 2.821539898408987890e-01, 9.812020905095991674e-02
9.813746659056328536e-02, 5.216073057662821144e-01, 2.821178039245279545e-01, 9.813742371862656244e-02
9.815469121026554333e-02, 5.216090369072630128e-01, 2.820816234490658436e-01, 9.815464843340562795e-02
9.817192587876061305e-02, 5.216107425008832399e-01, 2.820454484235845882e-01, 9.817188319677162822e-02
9.818917059752127474e-02, 5.216124225351259636e-01, 2.820092788571549880e-01, 9.818912801019785697e-02
9.820642536801904576e-02, 5.216140769979780156e-01, 2.819731147588465658e-01, 9.820638287515626175e-02
9.822369019172429161e-02, 5.216157058774300026e-01, 2.819369561377279565e-01, 9.822364779311761052e-02
9.824096507010593449e-02, 5.216173091614765278e-01, 2.819008030028662404e-01, 9.824092276555128345e-02
9.825825000463160597e-02, 5.216188868381158583e-01, 2.818646553633270546e-01, 9.825820779392532844e-02
9.827554499676774413e-02, 5.216204388953502580e-01, 2.818285132281753147e-01, 9.827550287970666931e-02
9.829285004797946868e-02, 5.216219653211855434e-01, 2.817923766064743263e-01, 9.829280802436074493e-02
9.831016515973044212e-02, 5.216234661036316389e-01, 2.817562455072860628e-01, 9.831012322935173131e-02
9.832749033348321677e-02, 5.216249412307024658e-01, 2.817201199396717204e-01, 9.832744849614261096e-02
9.834482557069897102e-02, 5.216263906904156089e-01, 2.816839999126906635e-01, 9.834478382619493697e-02
9.836217087283748162e-02, 5.216278144707924280e-01, 2.816478854354013128e-01, 9.836212922096891631e-02
9.837952624135730406e-02, 5.216292125598583906e-01, 2.816117765168608678e-01, 9.837948468192359019e-02
9.839689167771567546e-02, 5.216305849456429611e-01, 2.815756731661249734e-01, 9.839685021051654268e-02
9.841426718336841739e-02, 5.216319316161791564e-01, 2.815395753922482758e-01, 9.841422580820412269e-02
9.843165275977015793e-02, 5.216332525595044345e-01, 2.815034832042841439e-01, 9.843161147644129139e-02
9.844904840837412352e-02, 5.216345477636595840e-01, 2.814673966112847259e-01, 9.844900721668173316e-02
9.846645413063218055e-02, 5.216358172166895013e-01, 2.814313156223005596e-01, 9.846641303037768911e-02
9.848386992799486317e-02, 5.216370609066434127e-01, 2.813952402463814617e-01, 9.848382891898020686e-02
9.850129580191149814e-02, 5.216382788215742083e-01, 2.813591704925754167e-01, 9.850125488393891848e-02
9.851873175382983017e-02, 5.216394709495385529e-01, 2.813231063699294654e-01, 9.851869092670213768e-02
9.853617778519650761e-02, 5.216406372785973300e-01, 2.812870478874893165e-01, 9.853613704871674872e-02
9.855363389745666614e-02, 5.216417777968154201e-01, 2.812509950542994575e-01, 9.855359325142845628e-02
9.857110009205410917e-02, 5.216428924922615895e-01, 2.812149478794028767e-01, 9.857105953628138295e-02
9.858857637043141886e-02, 5.216439813530086012e-01, 2.811789063718415083e-01, 9.858853590471854111e-02
9.860606273402956756e-02, 5.216450443671331039e-01, 2.811428705406558981e-01, 9.860602235818137495e-02
9.862355918428837576e-02, 5.216460815227160763e-01, 2.811068403948853711e-01, 9.862351889811010741e-02
9.864106572264630390e-02, 5.216470928078421609e-01, 2.810708159435680309e-01, 9.864102552594351814e-02
9.865858235054025815e-02, 5.216480782106002190e-01, 2.810347971957405377e-01, 9.865854224311905452e-02
9.867610906940596505e-02, 5.216490377190831085e-01, 2.809987841604381087e-01, 9.867606905107270676e-02
9.869364588067766619e-02, 5.216499713213879064e-01, 2.809627768466952391e-01, 9.869360595123927160e-02
9.871119278578827094e-02, 5.216508790056152423e-01, 2.809267752635446480e-01, 9.871115294505199145e-02
9.872874978616924535e-02, 5.216517607598702977e-01, 2.808907794200177221e-01, 9.872871003394277645e-02
9.874631688325075096e-02, 5.216526165722620290e-01, 2.808547893251450156e-01, 9.874627721934217672e-02
9.876389407846158930e-02, 5.216534464309038333e-01, 2.808188049879552506e-01, 9.876385450267936850e-02
9.878148137322897981e-02, 5.216542503239126605e-01, 2.807828264174763166e-01, 9.878144188538204307e-02
9.879907876897900398e-02, 5.216550282394100124e-01, 2.807468536227343825e-01, 9.879903936887657334e-02
9.881668626713610570e-02, 5.216557801655212767e-01, 2.807108866127545621e-01, 9.881664695458798608e-02
9.883430386912354926e-02, 5.216565060903760598e-01, 2.806749253965607482e-01, 9.883426464393976763e-02
9.885193157636293360e-02, 5.216572060021076318e-01, 2.806389699831753348e-01, 9.885189243835404427e-02
9.886956939027474744e-02, 5.216578798888542590e-01, 2.806030203816193835e-01, 9.886953033925162393e-02
9.888721731227782807e-02, 5.216585277387574271e-01, 2.805670766009129014e-01, 9.888717834805180185e-02
9.890487534378969436e-02, 5.216591495399635070e-01, 2.805311386500742299e-01, 9.890483646617248548e-02
9.892254348622646354e-02, 5.216597452806227553e-01, 2.804952065381206561e-01, 9.892250469503016674e-02
9.894022174100280953e-02, 5.216603149488890923e-01, 2.804592802740682456e-01, 9.894018303603994979e-02
9.895791010953192135e-02, 5.216608585329212122e-01, 2.804233598669313987e-01, 9.895787149061539834e-02
9.897560859322569737e-02, 5.216613760208820283e-01, 2.803874453257234611e-01, 9.897557006016879932e-02
9.899331719349446779e-02, 5.216618674009381174e-01, 2.803515366594563907e-01, 9.899327874611089928e-02
9.901103591174724439e-02, 5.216623326612609413e-01, 2.803156338771407019e-01, 9.901099754985108470e-02
9.902876474939145690e-02, 5.216627717900254035e-01, 2.802797369877858547e-01, 9.902872647279720164e-02
9.904650370783323055e-02, 5.216631847754111817e-01, 2.802438460003997545e-01, 9.904646551635576390e-02
9.906425278847712235e-02, 5.216635716056019501e-01, 2.802079609239891411e-01, 9.906421468193174484e-02
9.908201199272642645e-02, 5.216639322687856017e-01, 2.801720817675592556e-01, 9.908197397092875780e-02
9.909978132198277168e-02, 5.216642667531542488e-01, 2.801362085401140622e-01, 9.909974338474890343e-02
9.911756077764645456e-02, 5.216645750469043330e-01, 2.801003412506563595e-01, 9.911752292479278359e-02
9.913535036111625898e-02, 5.216648571382366262e-01, 2.800644799081873915e-01, 9.913531259245966787e-02
9.915315007378958101e-02, 5.216651130153560079e-01, 2.800286245217071257e-01, 9.915311238914728542e-02
9.917095991706230407e-02, 5.216653426664714654e-01, 2.799927751002143639e-01, 9.917092231625188048e-02
9.918877989232881276e-02, 5.216655460797966493e-01, 2.799569316527062979e-01, 9.918874237516826786e-02
9.920661000098206228e-02, 5.216657232435494285e-01, 2.799210941881789538e-01, 9.920657256728979134e-02
9.922445024441345351e-02, 5.216658741459514470e-01, 2.798852627156268591e-01, 9.922441289400825426e-02
9.924230062401308283e-02, 5.216659987752294558e-01, 2.798494372440433753e-01, 9.924226335671405830e-02
9.926016114116938127e-02, 5.216660971196138696e-01, 2.798136177824205317e-01, 9.926012395679609246e-02
9.927803179726939209e-02, 5.216661691673398771e-01, 2.797778043397489700e-01, 9.927799469564174695e-02
9.929591259369865974e-02, 5.216662149066466636e-01, 2.797419969250177219e-01, 9.929587557463695480e-02
9.931380353184117438e-02, 5.216662343257779666e-01, 2.797061955472148753e-01, 9.931376659516612249e-02
9.933170461307953836e-02, 5.216662274129815202e-01, 2.796704002153267976e-01, 9.933166775861215769e-02
9.934961583879474423e-02, 5.216661941565100546e-01, 2.796346109383388012e-01, 9.934957906635651093e-02
9.936753721036629960e-02, 5.216661345446199638e-01, 2.795988277252345888e-01, 9.936750051977903675e-02
9.938546872917233821e-02, 5.216660485655725266e-01, 2.795630505849969749e-01, 9.938543212025822970e-02
9.940341039658932842e-02, 5.216659362076330186e-01, 2.795272795266066090e-01, 9.940337386917094675e-02
9.942136221399225371e-02, 5.216657974590716007e-01, 2.794915145590435301e-01, 9.942132576789254605e-02
9.943932418275466811e-02, 5.216656323081623192e-01, 2.794557556912860563e-01, 9.943928781779698411e-02
9.945729630424841872e-02, 5.216654407431839946e-01, 2.794200029323110623e-01, 9.945726002025648271e-02
9.947527857984413135e-02, 5.216652227524194441e-01, 2.793842562910944793e-01, 9.947524237664198687e-02
9.949327101091059999e-02, 5.216649783241562588e-01, 2.793485157766102955e-01, 9.949323488832267914e-02
9.951127359881525858e-02, 5.216647074466866929e-01, 2.793127813978316110e-01, 9.951123755666643755e-02
9.952928634492397286e-02, 5.216644101083067753e-01, 2.792770531637298603e-01, 9.952925038303941929e-02
9.954730925060106816e-02, 5.216640862973174197e-01, 2.792413310832752016e-01, 9.954727336880633826e-02
9.956534231720927386e-02, 5.216637360020239811e-01, 2.792056151654365159e-01, 9.956530651533034015e-02
9.958338554610987603e-02, 5.216633592107361439e-01, 2.791699054191810747e-01, 9.958334982397301638e-02
9.960143893866256481e-02, 5.216629559117681447e-01, 2.791342018534748726e-01, 9.960140329609447341e-02
9.961950249622543441e-02, 5.216625260934387720e-01, 2.790985044772825718e-01, 9.961946693305313849e-02
9.963757622015512183e-02, 5.216620697440712551e-01, 2.790628132995675581e-01, 9.963754073620605112e-02
9.965566011180665429e-02, 5.216615868519932642e-01, 2.790271283292915516e-01, 9.965562470690855768e-02
9.967375417253343528e-02, 5.216610774055371325e-01, 2.789914495754149959e-01, 9.967371884651446412e-02
9.969185840368736951e-02, 5.216605413930394120e-01, 2.789557770468970577e-01, 9.969182315637606373e-02
9.970997280661886286e-02, 5.216599788028416507e-01, 2.789201107526954604e-01, 9.970993763784406771e-02
9.972809738267661428e-02, 5.216593896232892824e-01, 2.788844507017663732e-01, 9.972806229226752195e-02
9.974623213320781001e-02, 5.216587738427332921e-01, 2.788487969030647440e-01, 9.974619712099409841e-02
9.976437705955806812e-02, 5.216581314495282173e-01, 2.788131493655441329e-01, 9.976434212536965107e-02
9.978253216307139684e-02, 5.216574624320333697e-01, 2.787775080981566012e-01, 9.978249730673863227e-02
9.980069744509026397e-02, 5.216567667786131679e-01, 2.787418731098527669e-01, 9.980066266644381512e-02
9.981887290695547199e-02, 5.216560444776362493e-01, 2.787062444095819713e-01, 9.981883820582636291e-02
9.983705855000631069e-02, 5.216552955174756923e-01, 2.786706220062921679e-01, 9.983702392622594013e-02
9.985525437558040451e-02, 5.216545198865093491e-01, 2.786350059089296449e-01, 9.985521982898053206e-02
9.987346038501383749e-02, 5.216537175731199572e-01, 2.785993961264397467e-01, 9.987342591542662518e-02
9.989167657964104219e-02, 5.216528885656941394e-01, 2.785637926677658749e-01, 9.989164218689892960e-02
9.990990296079492461e-02, 5.216520328526239592e-01, 2.785281955418504318e-01, 9.990986864473071216e-02
9.992813952980662828e-02, 5.216511504223056983e-01, 2.784926047576341546e-01, 9.992810529025356048e-02
9.994638628800583957e-02, 5.216502412631404129e-01, 2.784570203240565034e-01, 9.994635212479741071e-02
9.996464323672055174e-02, 5.216493053635334887e-01, 2.784214422500553843e-01, 9.996460914969068634e-02
9.998291037727713437e-02, 5.216483427118954186e-01, 2.783858705445674264e-01, 9.998287636626004837e-02
1.000011877110003750e-01, 5.216473532966412474e-01, 2.783503052165278158e-01, 1.000011537758306868e-01
1.000194752392133540e-01, 5.216463371061904608e-01, 2.783147462748701284e-01, 1.000194413797259874e-01
1.000377729632376533e-01, 5.216452941289675405e-01, 2.782791937285268857e-01, 1.000377391792679344e-01
1.000560808843930921e-01, 5.216442243534016310e-01, 2.782436475864286662e-01, 1.000560471757766384e-01
1.000743990039978659e-01, 5.216431277679262069e-01, 2.782081078575051047e-01, 1.000743653705707392e-01
1.000927273233686438e-01, 5.216420043609800716e-01, 2.781725745506841707e-01, 1.000926937649671139e-01
1.001110658438202489e-01, 5.216408541210063587e-01, 2.781370476748923348e-01, 1.001110323602810992e-01
1.001294145666660612e-01, 5.216396770364529756e-01, 2.781015272390547355e-01, 1.001293811578262832e-01
1.001477734932176844e-01, 5.216384730957724924e-01, 2.780660132520951233e-01, 1.001477401589146721e-01
1.001661426247851122e-01, 5.216372422874225867e-01, 2.780305057229356946e-01, 1.001661093648565787e-01
1.001845219626766315e-01, 5.216359845998653766e-01, 2.779950046604972580e-01, 1.001844887769606923e-01
1.002029115081989746e-01, 5.216347000215678653e-01, 2.779595100736992341e-01, 1.002028783965340092e-01
1.002213112626570146e-01, 5.216333885410018301e-01, 2.779240219714594340e-01, 1.002212782248818601e-01
1.002397212273541532e-01, 5.216320501466437110e-01, 2.778885403626943362e-01, 1.002396882633078828e-01
1.002581414035919882e-01, 5.216306848269749441e-01, 2.778530652563189207e-01, 1.002581085131140498e-01
1.002765717926705630e-01, 5.216292925704818506e-01, 2.778175966612468351e-01, 1.002765389756007652e-01
1.002950123958880474e-01, 5.216278733656551925e-01, 2.777821345863901170e-01, 1.002949796520665460e-01
1.003134632145411959e-01, 5.216264272009910608e-01, 2.777466790406593611e-01, 1.003134305438083962e-01
1.003319242499247643e-01, 5.216249540649898764e-01, 2.777112300329637740e-01, 1.003318916521215437e-01
1.003503955033320100e-01, 5.216234539461571673e-01, 2.776757875722111746e-01, 1.003503629782995371e-01
1.003688769760545385e-01, 5.216219268330034575e-01, 2.776403516673078276e-01, 1.003688445236342736e-01
1.003873686693820960e-01, 5.216203727140437119e-01, 2.776049223271583877e-01, 1.003873362894158461e-01
1.004058705846027910e-01, 5.216187915777982242e-01, 2.775694995606661775e-01, 1.004058382769327656e-01
1.004243827230030944e-01, 5.216171834127919515e-01, 2.775340833767331317e-01, 1.004243504874717668e-01
1.004429050858676592e-01, 5.216155482075548466e-01, 2.774986737842596862e-01, 1.004428729223179051e-01
1.004614376744795284e-01, 5.216138859506214143e-01, 2.774632707921446118e-01, 1.004614055827544872e-01
1.004799804901199550e-01, 5.216121966305315993e-01, 2.774278744092854576e-01, 1.004799484700631129e-01
1.004985335340684433e-01, 5.216104802358297876e-01, 2.773924846445781633e-01, 1.004985015855236613e-01
1.005170968076028598e-01, 5.216087367550658049e-01, 2.773571015069171697e-01, 1.005170649304143182e-01
1.005356703119993228e-01, 5.216069661767938070e-01, 2.773217250051955296e-01, 1.005356385060114932e-01
1.005542540485321323e-01, 5.216051684895733898e-01, 2.772863551483046307e-01, 1.005542223135898611e-01
1.005728480184739787e-01, 5.216033436819690339e-01, 2.772509919451346394e-01, 1.005728163544224452e-01
1.005914522230957203e-01, 5.216014917425498831e-01, 2.772156354045740012e-01, 1.005914206297804092e-01
1.006100666636664948e-01, 5.215996126598904103e-01, 2.771802855355099404e-01, 1.006100351409332377e-01
1.006286913414537604e-01, 5.215977064225697513e-01, 2.771449423468277939e-01, 1.006286598891486944e-01
1.006473262577231298e-01, 5.215957730191724817e-01, 2.771096058474117330e-01, 1.006472948756927110e-01
1.006659714137384670e-01, 5.215938124382876184e-01, 2.770742760461443188e-01, 1.006659401018295541e-01
1.006846268107619846e-01, 5.215918246685098403e-01, 2.770389529519066141e-01, 1.006845955688216443e-01
1.007032924500539939e-01, 5.215898096984380450e-01, 2.770036365735781825e-01, 1.007032612779297231e-01
1.007219683328731685e-01, 5.215877675166767924e-01, 2.769683269200372555e-01, 1.007219372304127281e-01
1.007406544604763227e-01, 5.215856981118356384e-01, 2.769330240001601773e-01, 1.007406234275278201e-01
1.007593508341184801e-01, 5.215836014725291347e-01, 2.768977278228220151e-01, 1.007593198705303422e-01
1.007780574550530273e-01, 5.215814775873763853e-01, 2.768624383968965597e-01, 1.007780265606740278e-01
1.007967743245314074e-01, 5.215793264450024891e-01, 2.768271557312556030e-01, 1.007967434992106115e-01
1.008155014438034264e-01, 5.215771480340366528e-01, 2.767918798347697162e-01, 1.008154706873902184e-01
1.008342388141169887e-01, 5.215749423431139675e-01, 2.767566107163079159e-01, 1.008342081264610862e-01
1.008529864367182227e-01, 5.215727093608742981e-01, 2.767213483847378863e-01, 1.008529558176696761e-01
1.008717443128515079e-01, 5.215704490759625056e-01, 2.766860928489252580e-01, 1.008717137622606730e-01
1.008905124437594614e-01, 5.215681614770286689e-01, 2.766508441177348288e-01, 1.008904819614769993e-01
1.009092908306828129e-01, 5.215658465527280852e-01, 2.766156022000293979e-01, 1.009092604165597040e-01
1.009280794748605159e-01, 5.215635042917211583e-01, 2.765803671046703216e-01, 1.009280491287480735e-01
1.009468783775297057e-01, 5.215611346826731776e-01, 2.765451388405175126e-01, 1.009468480992795902e-01
1.009656875399257137e-01, 5.215587377142550940e-01, 2.765099174164293849e-01, 1.009656573293898491e-01
1.009845069632821085e-01, 5.215563133751424107e-01, 2.764747028412626872e-01, 1.009844768203127380e-01
1.010033366488305578e-01, 5.215538616540165151e-01, 2.764394951238727804e-01, 1.010033065732802438e-01
1.010221765978009112e-01, 5.215513825395632352e-01, 2.764042942731133046e-01, 1.010221465895225768e-01
1.010410268114212834e-01, 5.215488760204741725e-01, 2.763691002978365674e-01, 1.010409968702680877e-01
1.010598872909177909e-01, 5.215463420854457022e-01, 2.763339132068931003e-01, 1.010598574167432817e-01
1.010787580375149264e-01, 5.215437807231798617e-01, 2.762987330091322136e-01, 1.010787282301729428e-01
1.010976390524351426e-01, 5.215411919223834625e-01, 2.762635597134013854e-01, 1.010976093117798152e-01
1.011165303368992130e-01, 5.215385756717688670e-01, 2.762283933285468174e-01, 1.011165006627849638e-01
1.011354318921259404e-01, 5.215359319600536558e-01, 2.761932338634128792e-01, 1.011354022844075246e-01
1.011543437193323791e-01, 5.215332607759602945e-01, 2.761580813268423862e-01, 1.011543141778648985e-01
1.011732658197335988e-01, 5.215305621082170218e-01, 2.761229357276769880e-01, 1.011732363443724053e-01
1.011921981945429622e-01, 5.215278359455570723e-01, 2.760877970747561694e-01, 1.011921687851437546e-01
1.012111408449718752e-01, 5.215250822767188987e-01, 2.760526653769185823e-01, 1.012111115013906437e-01
1.012300937722298844e-01, 5.215223010904462830e-01, 2.760175406430007139e-01, 1.012300644943229383e-01
1.012490569775247734e-01, 5.215194923754886691e-01, 2.759824228818378300e-01, 1.012490277651486859e-01
1.012680304620622584e-01, 5.215166561206002749e-01, 2.759473121022634201e-01, 1.012680013150739772e-01
1.012870142270464041e-01, 5.215137923145409804e-01, 2.759122083131094194e-01, 1.012869851453030989e-01
1.013060082736791795e-01, 5.215109009460757727e-01, 2.758771115232066529e-01, 1.013059792570384227e-01
1.013250126031607912e-01, 5.215079820039753011e-01, 2.758420217413836695e-01, 1.013249836514803909e-01
1.013440272166895306e-01, 5.215050354770148777e-01, 2.758069389764678525e-01, 1.013439983298276281e-01
1.013630521154618852e-01, 5.215020613539762540e-01, 2.757718632372849754e-01, 1.013630232932768993e-01
1.013820873006723022e-01, 5.214990596236455112e-01, 2.757367945326592573e-01, 1.013820585430229709e-01
1.014011327735133694e-01, 5.214960302748147258e-01, 2.757017328714131410e-01, 1.014011040802587499e-01
1.014201885351758842e-01, 5.214929732962811926e-01, 2.756666782623676260e-01, 1.014201599061752557e-01
1.014392545868485901e-01, 5.214898886768474240e-01, 2.756316307143424349e-01, 1.014392260219615927e-01
1.014583309297183850e-01, 5.214867764053217059e-01, 2.755965902361549591e-01, 1.014583024288049917e-01
1.014774175649702376e-01, 5.214836364705172089e-01, 2.755615568366217571e-01, 1.014773891278906992e-01
1.014965144937872710e-01, 5.214804688612534322e-01, 2.755265305245572782e-01, 1.014964861204020602e-01
1.015156217173505682e-01, 5.214772735663542047e-01, 2.754915113087746392e-01, 1.015155934075205324e-01
1.015347392368393664e-01, 5.214740505746495725e-01, 2.754564991980854027e-01, 1.015347109904256723e-01
1.015538670534309462e-01, 5.214707998749746887e-01, 2.754214942012994105e-01, 1.015538388702950101e-01
1.015730051683006868e-01, 5.214675214561703687e-01, 2.753864963272248390e-01, 1.015729770483041750e-01
1.015921535826219552e-01, 5.214642153070827568e-01, 2.753515055846683657e-01, 1.015921255256269362e-01
1.016113122975662864e-01, 5.214608814165635486e-01, 2.753165219824351695e-01, 1.016112843034350371e-01
1.016304813143031754e-01, 5.214575197734699907e-01, 2.752815455293285418e-01, 1.016304533828983336e-01
1.016496606340002024e-01, 5.214541303666647698e-01, 2.752465762341504973e-01, 1.016496327651846415e-01
1.016688502578230319e-01, 5.214507131850157906e-01, 2.752116141057011078e-01, 1.016688224514599587e-01
1.016880501869353443e-01, 5.214472682173972862e-01, 2.751766591527791683e-01, 1.016880224428882012e-01
1.017072604224988214e-01, 5.214437954526882635e-01, 2.751417113841814754e-01, 1.017072327406313842e-01
1.017264809656732161e-01, 5.214402948797735027e-01, 2.751067708087036601e-01, 1.017264533458495657e-01
1.017457118176163522e-01, 5.214367664875434460e-01, 2.750718374351394102e-01, 1.017456842597008471e-01
1.017649529794840274e-01, 5.214332102648939760e-01, 2.750369112722807485e-01, 1.017649254833412897e-01
1.017842044524300688e-01, 5.214296262007265259e-01, 2.750019923289183099e-01, 1.017841770179250399e-01
1.018034662376063604e-01, 5.214260142839484136e-01, 2.749670806138410639e-01, 1.018034388646042454e-01
1.018227383361627464e-01, 5.214223745034719526e-01, 2.749321761358361482e-01, 1.018227110245290834e-01
1.018420207492471280e-01, 5.214187068482157850e-01, 2.748972789036892572e-01, 1.018419934988477188e-01
1.018613134780054635e-01, 5.214150113071036596e-01, 2.748623889261844200e-01, 1.018612862887063458e-01
1.018806165235815880e-01, 5.214112878690650987e-01, 2.748275062121040557e-01, 1.018805893952491604e-01
1.018999298871174769e-01, 5.214075365230353976e-01, 2.747926307702288073e-01, 1.018999028196183737e-01
1.019192535697529406e-01, 5.214037572579551805e-01, 2.747577626093377634e-01, 1.019192265629541294e-01
1.019385875726259577e-01, 5.213999500627710670e-01, 2.747229017382084582e-01, 1.019385606263946420e-01
1.019579318968724252e-01, 5.213961149264350059e-01, 2.746880481656165940e-01, 1.019579050110760998e-01
1.019772865436261444e-01, 5.213922518379048299e-01, 2.746532019003363190e-01, 1.019772597181326373e-01
1.019966515140191127e-01, 5.213883607861442560e-01, 2.746183629511403379e-01, 1.019966247486964461e-01
1.020160268091810513e-01, 5.213844417601222192e-01, 2.745835313267993016e-01, 1.020160001038975944e-01
1.020354124302397664e-01, 5.213804947488135388e-01, 2.745487070360824178e-01, 1.020353857848641521e-01
1.020548083783211352e-01, 5.213765197411991403e-01, 2.745138900877574506e-01, 1.020547817927222739e-01
1.020742146545488699e-01, 5.213725167262651672e-01, 2.744790804905901105e-01, 1.020741881285959635e-01
1.020936312600446011e-01, 5.213684856930034250e-01, 2.744442782533446645e-01, 1.020936047936071567e-01
1.021130581959281552e-01, 5.213644266304122699e-01, 2.744094833847836590e-01, 1.021130317888758882e-01
1.021324954633170551e-01, 5.213603395274949426e-01, 2.743746958936680858e-01, 1.021324691155200137e-01
1.021519430633269221e-01, 5.213562243732606794e-01, 2.743399157887569939e-01, 1.021519167746553769e-01
1.021714009970712683e-01, 5.213520811567248225e-01, 2.743051430788081557e-01, 1.021713747673958644e-01
1.021908692656615797e-01, 5.213479098669081546e-01, 2.742703777725772896e-01, 1.021908430948531427e-01
1.022103478702072327e-01, 5.213437104928372312e-01, 2.742356198788185040e-01, 1.022103217581369350e-01
1.022298368118156053e-01, 5.213394830235448252e-01, 2.742008694062846863e-01, 1.022298107583548415e-01
1.022493360915920219e-01, 5.213352274480690385e-01, 2.741661263637265034e-01, 1.022493100966124641e-01
1.022688457106395998e-01, 5.213309437554540793e-01, 2.741313907598930677e-01, 1.022688197740132254e-01
1.022883656700595556e-01, 5.213266319347499289e-01, 2.740966626035319376e-01, 1.022883397916586057e-01
1.023078959709508157e-01, 5.213222919750123419e-01, 2.740619419033889503e-01, 1.023078701506478227e-01
1.023274366144104885e-01, 5.213179238653031788e-01, 2.740272286682081115e-01, 1.023274108520782211e-01
1.023469876015333790e-01, 5.213135275946897407e-01, 2.739925229067319834e-01, 1.023469618970449108e-01
1.023665489334123213e-01, 5.213091031522455454e-01, 2.739578246277012408e-01, 1.023665232866409203e-01
1.023861206111379568e-01, 5.213046505270501063e-01, 2.739231338398547266e-01, 1.023860950219572519e-01
1.024057026357989147e-01, 5.213001697081883767e-01, 2.738884505519300627e-01, 1.024056771040827707e-01
1.024252950084816316e-01, 5.212956606847515273e-01, 2.738537747726626503e-01, 1.024252695341042185e-01
1.024448977302705593e-01, 5.212911234458366128e-01, 2.738191065107865030e-01, 1.024448723131062416e-01
1.024645108022479434e-01, 5.212865579805469052e-01, 2.737844457750339133e-01, 1.024644854421714046e-01
1.024841342254939197e-01, 5.212819642779907836e-01, 2.737497925741352867e-01, 1.024841089223801210e-01
1.025037680010865287e-01, 5.212773423272833995e-01, 2.737151469168194184e-01, 1.025037427548106672e-01
1.025234121301016460e-01, 5.212726921175456773e-01, 2.736805088118133833e-01, 1.025233869405392378e-01
1.025430666136131763e-01, 5.212680136379043150e-01, 2.736458782678427015e-01, 1.025430414806399043e-01
1.025627314526926653e-01, 5.212633068774918943e-01, 2.736112552936308395e-01, 1.025627063761845592e-01
1.025824066484096742e-01, 5.212585718254474365e-01, 2.735766398978999869e-01, 1.025823816282430689e-01
1.026020922018315157e-01, 5.212538084709156250e-01, 2.735420320893699464e-01, 1.026020672378828991e-01
1.026217881140235461e-01, 5.212490168030472493e-01, 2.735074318767595769e-01, 1.026217632061697110e-01
1.026414943860487622e-01, 5.212441968109990942e-01, 2.734728392687854059e-01, 1.026414695341667932e-01
1.026612110189681210e-01, 5.212393484839340507e-01, 2.734382542741625177e-01, 1.026611862229353661e-01
1.026809380138404004e-01, 5.212344718110208941e-01, 2.734036769016043311e-01, 1.026809132735344299e-01
1.027006753717222415e-01, 5.212295667814346167e-01, 2.733691071598221556e-01, 1.027006506870209168e-01
1.027204230936681340e-01, 5.212246333843563173e-01, 2.733345450575260238e-01, 1.027203984644495666e-01
1.027401811807302917e-01, 5.212196716089728676e-01, 2.732999906034239146e-01, 1.027401566068728844e-01
1.027599496339589025e-01, 5.212146814444775789e-01, 2.732654438062222524e-01, 1.027599251153412802e-01
1.027797284544018780e-01, 5.212096628800697573e-01, 2.732309046746254633e-01, 1.027797039909029569e-01
1.027995176431050067e-01, 5.212046159049545935e-01, 2.731963732173364745e-01, 1.027994932346038837e-01
1.028193172011118428e-01, 5.211995405083436061e-01, 2.731618494430564370e-01, 1.028192928474880169e-01
1.028391271294638448e-01, 5.211944366794546424e-01, 2.731273333604845588e-01, 1.028391028305969401e-01
1.028589474292001399e-01, 5.211893044075109893e-01, 2.730928249783185491e-01, 1.028589231849700858e-01
1.028787781013578428e-01, 5.211841436817431505e-01, 2.730583243052542852e-01, 1.028787539116448324e-01
1.028986191469716538e-01, 5.211789544913867367e-01, 2.730238313499855907e-01, 1.028985950116561299e-01
1.029184705670741912e-01, 5.211737368256839087e-01, 2.729893461212050121e-01, 1.029184464860369019e-01
1.029383323626959362e-01, 5.211684906738833778e-01, 2.729548686276029312e-01, 1.029383083358178103e-01
1.029582045348650665e-01, 5.211632160252396284e-01, 2.729203988778681755e-01, 1.029581805620272822e-01
1.029780870846074975e-01, 5.211579128690133622e-01, 2.728859368806877406e-01, 1.029780631656915385e-01
1.029979800129469658e-01, 5.211525811944716091e-01, 2.728514826447468455e-01, 1.029979561478345657e-01
1.030178833209051126e-01, 5.211472209908876163e-01, 2.728170361787289888e-01, 1.030178595094782407e-01
1.030377970095012058e-01, 5.211418322475409592e-01, 2.727825974913158924e-01, 1.030377732516420536e-01
1.030577210797521959e-01, 5.211364149537172086e-01, 2.727481665911872244e-01, 1.030576973753433295e-01
1.030776555326730765e-01, 5.211309690987084853e-01, 2.727137434870213761e-01, 1.030776318815971732e-01
1.030976003692764126e-01, 5.211254946718127945e-01, 2.726793281874944075e-01, 1.030975767714164271e-01
1.031175555905724933e-01, 5.211199916623346917e-01, 2.726449207012811016e-01, 1.031175320458116856e-01
1.031375211975694567e-01, 5.211144600595851717e-01, 2.726105210370540211e-01, 1.031374977057912951e-01
1.031574971912732203e-01, 5.211088998528810023e-01, 2.725761292034841743e-01, 1.031574737523614227e-01
1.031774835726873146e-01, 5.211033110315459460e-01, 2.725417452092409043e-01, 1.031774601865259045e-01
1.031974803428130222e-01, 5.210976935849093161e-01, 2.725073690629912782e-01, 1.031974570092862309e-01
1.032174875026495436e-01, 5.210920475023075316e-01, 2.724730007734011417e-01, 1.032174642216418248e-01
1.032375050531936650e-01, 5.210863727730827843e-01, 2.724386403491340092e-01, 1.032374818245897219e-01
1.032575329954398130e-01, 5.210806693865835948e-01, 2.724042877988520073e-01, 1.032575098191246543e-01
1.032775713303803328e-01, 5.210749373321653666e-01, 2.723699431312152086e-01, 1.032775482062391892e-01
1.032976200590052102e-01, 5.210691765991892765e-01, 2.723356063548818540e-01, 1.032975969869235067e-01
1.033176791823021412e-01, 5.210633871770237180e-01, 2.723012774785086854e-01, 1.033176561621656081e-01
1.033377487012564350e-01, 5.210575690550423023e-01, 2.722669565107502243e-01, 1.033377257329510523e-01
1.033578286168513050e-01, 5.210517222226258571e-01, 2.722326434602593825e-01, 1.033578057002632472e-01
1.033779189300675916e-01, 5.210458466691617607e-01, 2.721983383356874064e-01, 1.033778960650832968e-01
1.033980196418836789e-01, 5.210399423840431643e-01, 2.721640411456832109e-01, 1.033979968283898626e-01
1.034181307532759386e-01, 5.210340093566699915e-01, 2.721297518988945452e-01, 1.034181079911594831e-01
1.034382522652181474e-01, 5.210280475764488273e-01, 2.720954706039668825e-01, 1.034382295543662539e-01
1.034583841786819169e-01, 5.210220570327922518e-01, 2.720611972695438086e-01, 1.034583615189819950e-01
1.034785264946366107e-01, 5.210160377151196176e-01, 2.720269319042674105e-01, 1.034785038859762779e-01
1.034986792140490663e-01, 5.210099896128568275e-01, 2.719926745167777771e-01, 1.034986566563162735e-01
1.035188423378839012e-01, 5.210039127154361127e-01, 2.719584251157132204e-01, 1.035188198309668073e-01
1.035390158671035399e-01, 5.209978070122961435e-01, 2.719241837097098879e-01, 1.035389934108904425e-01
1.035591998026678118e-01, 5.209916724928821408e-01, 2.718899503074026502e-01, 1.035591773970474111e-01
1.035793941455343675e-01, 5.209855091466460975e-01, 2.718557249174239354e-01, 1.035793717903954747e-01
1.035995988966585957e-01, 5.209793169630462240e-01, 2.718215075484048948e-01, 1.035995765918902994e-01
1.036198140569932757e-01, 5.209730959315475030e-01, 2.717872982089742928e-01, 1.036197918024849424e-01
1.036400396274890917e-01, 5.209668460416213565e-01, 2.717530969077593395e-01, 1.036400174231302401e-01
1.036602756090942712e-01, 5.209605672827454237e-01, 2.717189036533855795e-01, 1.036602534547747395e-01
1.036805220027546132e-01, 5.209542596444048934e-01, 2.716847184544760041e-01, 1.036804998983644616e-01
1.037007788094137101e-01, 5.209479231160905055e-01, 2.716505413196526053e-01, 1.037007567548431791e-01
1.037210460300126702e-01, 5.209415576873001053e-01, 2.716163722575348216e-01, 1.037210240251522642e-01
1.037413236654902982e-01, 5.209351633475381993e-01, 2.715822112767407592e-01, 1.037413017102308127e-01
1.037616117167829005e-01, 5.209287400863157336e-01, 2.715480583858859154e-01, 1.037615898110152840e-01
1.037819101848246467e-01, 5.209222878931502043e-01, 2.715139135935849546e-01, 1.037818883284400973e-01
1.038022190705470277e-01, 5.209158067575661022e-01, 2.714797769084497103e-01, 1.038021972634370349e-01
1.038225383748793973e-01, 5.209092966690942461e-01, 2.714456483390907948e-01, 1.038225166169356312e-01
1.038428680987485142e-01, 5.209027576172722274e-01, 2.714115278941163223e-01, 1.038428463898629084e-01
1.038632082430789028e-01, 5.208961895916441875e-01, 2.713774155821332967e-01, 1.038631865831435852e-01
1.038835588087925893e-01, 5.208895925817613737e-01, 2.713433114117460021e-01, 1.038835371976999378e-01
1.039039197968092826e-01, 5.208829665771813611e-01, 2.713092153915575566e-01, 1.039038982344519108e-01
1.039242912080461517e-01, 5.208763115674682753e-01, 2.712751275301686915e-01, 1.039242696943169231e-01
1.039446730434181038e-01, 5.208696275421933475e-01, 2.712410478361784172e-01, 1.039446515782100344e-01
1.039650653038375200e-01, 5.208629144909345809e-01, 2.712069763181839122e-01, 1.039650438870439314e-01
1.039854679902144224e-01, 5.208561724032764184e-01, 2.711729129847803565e-01, 1.039854466217288442e-01
1.040058811034563213e-01, 5.208494012688099639e-01, 2.711388578445610986e-01, 1.040058597831725606e-01
1.040263046444683953e-01, 5.208426010771336490e-01, 2.711048109061175437e-01, 1.040262833722804120e-01
1.040467386141534362e-01, 5.208357718178520113e-01, 2.710707721780390989e-01, 1.040467173899553982e-01
1.040671830134115849e-01, 5.208289134805769161e-01, 2.710367416689135056e-01, 1.040671618370979934e-01
1.040876378431407345e-01, 5.208220260549266678e-01, 2.710027193873262852e-01, 1.040876167146062292e-01
1.041081031042362520e-01, 5.208151095305266765e-01, 2.709687053418612379e-01, 1.041080820233757226e-01
1.041285787975911176e-01, 5.208081638970089022e-01, 2.709346995411002768e-01, 1.041285577642996618e-01
1.041490649240957300e-01, 5.208011891440121888e-01, 2.709007019936231497e-01, 1.041490439382687094e-01
1.041695614846381568e-01, 5.207941852611824851e-01, 2.708667127080081616e-01, 1.041695405461711826e-01
1.041900684801039395e-01, 5.207871522381722906e-01, 2.708327316928310080e-01, 1.041900475888927619e-01
1.042105859113761912e-01, 5.207800900646409881e-01, 2.707987589566660525e-01, 1.042105650673168515e-01
1.042311137793355130e-01, 5.207729987302549546e-01, 2.707647945080853824e-01, 1.042310929823242333e-01
1.042516520848600498e-01, 5.207658782246873397e-01, 2.707308383556592535e-01, 1.042516313347932877e-01
1.042722008288254620e-01, 5.207587285376185093e-01, 2.706968905079560894e-01, 1.042721801255999253e-01
1.042927600121049403e-01, 5.207515496587353798e-01, 2.706629509735421490e-01, 1.042927393556175031e-01
1.043133296355691492e-01, 5.207443415777318618e-01, 2.706290197609820258e-01, 1.043133090257170048e-01
1.043339097000863108e-01, 5.207371042843089715e-01, 2.705950968788380373e-01, 1.043338891367667637e-01
1.043545002065221078e-01, 5.207298377681743862e-01, 2.705611823356708356e-01, 1.043544796896327259e-01
1.043751011557397523e-01, 5.207225420190428888e-01, 2.705272761400390746e-01, 1.043750806851783397e-01
1.043957125485999587e-01, 5.207152170266363678e-01, 2.704933783004991876e-01, 1.043956921242645136e-01
1.044163343859608462e-01, 5.207078627806834836e-01, 2.704594888256059981e-01, 1.044163140077496305e-01
1.044369666686781745e-01, 5.207004792709201135e-01, 2.704256077239121647e-01, 1.044369463364895889e-01
1.044576093976049974e-01, 5.206930664870886849e-01, 2.703917350039684586e-01, 1.044575891113377480e-01
1.044782625735920373e-01, 5.206856244189391747e-01, 2.703578706743236526e-01, 1.044782423331450105e-01
1.044989261974873795e-01, 5.206781530562284432e-01, 2.703240147435246321e-01, 1.044989060027596700e-01
1.045196002701365562e-01, 5.206706523887199012e-01, 2.702901672201161176e-01, 1.045195801210274528e-01
1.045402847923826428e-01, 5.206631224061846197e-01, 2.702563281126410533e-01, 1.045402646887917397e-01
1.045609797650661338e-01, 5.206555630984004424e-01, 2.702224974296403293e-01, 1.045609597068930946e-01
1.045816851890249560e-01, 5.206479744551524291e-01, 2.701886751796528374e-01, 1.045816651761698191e-01
1.046024010650945246e-01, 5.206403564662325234e-01, 2.701548613712154712e-01, 1.046023810974574531e-01
1.046231273941077705e-01, 5.206327091214398850e-01, 2.701210560128633476e-01, 1.046231074715891635e-01
1.046438641768948491e-01, 5.206250324105806682e-01, 2.700872591131291411e-01, 1.046438442993953277e-01
1.046646114142835982e-01, 5.206173263234683546e-01, 2.700534706805439722e-01, 1.046645915817039918e-01
1.046853691070992187e-01, 5.206095908499233094e-01, 2.700196907236367960e-01, 1.046853493193405232e-01
1.047061372561642334e-01, 5.206018259797732251e-01, 2.699859192509346251e-01, 1.047061175131277638e-01
1.047269158622987500e-01, 5.205940317028530107e-01, 2.699521562709623623e-01, 1.047268961638859047e-01
1.047477049263201565e-01, 5.205862080090043476e-01, 2.699184017922429679e-01, 1.047476852724326390e-01
1.047685044490433426e-01, 5.205783548880760225e-01, 2.698846558232974591e-01, 1.047684848395830232e-01
1.047893144312805891e-01, 5.205704723299251491e-01, 2.698509183726446881e-01, 1.047892948661496154e-01
1.048101348738416094e-01, 5.205625603244146138e-01, 2.698171894488016753e-01, 1.048101153529422402e-01
1.048309657775334663e-01, 5.205546188614149639e-01, 2.697834690602833874e-01, 1.048309463007682379e-01
1.048518071431607523e-01, 5.205466479308044070e-01, 2.697497572156025702e-01, 1.048517877104323537e-01
1.048726589715251734e-01, 5.205386475224679232e-01, 2.697160539232701937e-01, 1.048726395827365987e-01
1.048935212634262287e-01, 5.205306176262979312e-01, 2.696823591917952290e-01, 1.048935019184805834e-01
1.049143940196604480e-01, 5.205225582321940658e-01, 2.696486730296843715e-01, 1.049143747184611286e-01
1.049352772410219875e-01, 5.205144693300630676e-01, 2.696149954454424846e-01, 1.049352579834725019e-01
1.049561709283021727e-01, 5.205063509098192265e-01, 2.695813264475723225e-01, 1.049561517143063477e-01
1.049770750822899001e-01, 5.204982029613839378e-01, 2.695476660445745853e-01, 1.049770559117517155e-01
1.049979897037713050e-01, 5.204900254746855914e-01, 2.695140142449479748e-01, 1.049979705765948929e-01
1.050189147935300243e-01, 5.204818184396609038e-01, 2.694803710571893607e-01, 1.050188957096197945e-01
1.050398503523468641e-01, 5.204735818462524755e-01, 2.694467364897931705e-01, 1.050398313116074067e-01
1.050607963810000905e-01, 5.204653156844116779e-01, 2.694131105512519442e-01, 1.050607773833362318e-01
1.050817528802654305e-01, 5.204570199440962108e-01, 2.693794932500563344e-01, 1.050817339255821492e-01
1.051027198509157101e-01, 5.204486946152712123e-01, 2.693458845946947178e-01, 1.051027009391182487e-01
1.051236972937213687e-01, 5.204403396879099253e-01, 2.693122845936535281e-01, 1.051236784247151085e-01
1.051446852094500006e-01, 5.204319551519922538e-01, 2.692786932554172563e-01, 1.051446663831405864e-01
1.051656835988665772e-01, 5.204235409975056514e-01, 2.692451105884678952e-01, 1.051656648151597928e-01
1.051866924627334610e-01, 5.204150972144452325e-01, 2.692115366012860500e-01, 1.051866737215353675e-01
1.052077118018102803e-01, 5.204066237928131056e-01, 2.691779713023495502e-01, 1.052076931030270640e-01
1.052287416168539297e-01, 5.203981207226192618e-01, 2.691444147001346709e-01, 1.052287229603920821e-01
1.052497819086188613e-01, 5.203895879938807978e-01, 2.691108668031154671e-01, 1.052497632943849570e-01
1.052708326778565295e-01, 5.203810255966223597e-01, 2.690773276197638286e-01, 1.052708141057574348e-01
1.052918939253158770e-01, 5.203724335208759211e-01, 2.690437971585495358e-01, 1.052918753952585829e-01
1.053129656517431539e-01, 5.203638117566814492e-01, 2.690102754279405373e-01, 1.053129471636349290e-01
1.053340478578818767e-01, 5.203551602940854615e-01, 2.689767624364024501e-01, 1.053340294116301284e-01
1.053551405444728140e-01, 5.203464791231431352e-01, 2.689432581923988930e-01, 1.053551221399851995e-01
1.053762437122541390e-01, 5.203377682339159760e-01, 2.689097627043913197e-01, 1.053762253494384404e-01
1.053973573619611248e-01, 5.203290276164739270e-01, 2.688762759808392966e-01, 1.053973390407254573e-01
1.054184814943266019e-01, 5.203202572608941479e-01, 2.688427980302001141e-01, 1.054184632145791084e-01
1.054396161100804169e-01, 5.203114571572610147e-01, 2.688093288609290088e-01, 1.054395978717295318e-01
1.054607612099498076e-01, 5.203026272956670084e-01, 2.687758684814789967e-01, 1.054607430129042012e-01
1.054819167946593472e-01, 5.202937676662117150e-01, 2.687424169003012620e-01, 1.054818986388277591e-01
1.055030828649306807e-01, 5.202848782590024923e-01, 2.687089741258447129e-01, 1.055030647502222113e-01
1.055242594214829133e-01, 5.202759590641543586e-01, 2.686755401665560372e-01, 1.055242413478066910e-01
1.055454464650322777e-01, 5.202670100717898816e-01, 2.686421150308799799e-01, 1.055454284322977776e-01
1.055666439962923836e-01, 5.202580312720391786e-01, 2.686086987272591209e-01, 1.055666260044091920e-01
1.055878520159739403e-01, 5.202490226550401387e-01, 2.685752912641339862e-01, 1.055878340648518376e-01
1.056090705247850203e-01, 5.202399842109380890e-01, 2.685418926499428260e-01, 1.056090526143340091e-01
1.056302995234308234e-01, 5.202309159298862395e-01, 2.685085028931218365e-01, 1.056302816535610867e-01
1.056515390126139403e-01, 5.202218178020451278e-01, 2.684751220021051044e-01, 1.056515211832358553e-01
1.056727889930340197e-01, 5.202126898175831737e-01, 2.684417499853246070e-01, 1.056727712040581579e-01
1.056940494653880735e-01, 5.202035319666765689e-01, 2.684083868512100457e-01, 1.056940317167251731e-01
1.057153204303702132e-01, 5.201943442395091655e-01, 2.683750326081892901e-01, 1.057153027219313174e-01
1.057366018886719550e-01, 5.201851266262722540e-01, 2.683416872646877116e-01, 1.057365842203680933e-01
1.057578938409817343e-01, 5.201758791171651186e-01, 2.683083508291286279e-01, 1.057578762127243388e-01
1.057791962879855163e-01, 5.201666017023950372e-01, 2.682750233099334136e-01, 1.057791786996860883e-01
1.058005092303662409e-01, 5.201572943721761710e-01, 2.682417047155211121e-01, 1.058004916819364899e-01
1.058218326688041278e-01, 5.201479571167312299e-01, 2.682083950543086570e-01, 1.058218151601560131e-01
1.058431666039766489e-01, 5.201385899262904733e-01, 2.681750943347107619e-01, 1.058431491350221992e-01
1.058645110365583203e-01, 5.201291927910917101e-01, 2.681418025651400305e-01, 1.058644936072098697e-01
1.058858659672210073e-01, 5.201197657013810760e-01, 2.681085197540070131e-01, 1.058858485773910285e-01
1.059072313966336193e-01, 5.201103086474117010e-01, 2.680752459097198726e-01, 1.059072140462347933e-01
1.059286073254623595e-01, 5.201008216194452638e-01, 2.680419810406847736e-01, 1.059285900144075060e-01
1.059499937543705028e-01, 5.200913046077511037e-01, 2.680087251553057159e-01, 1.059499764825727330e-01
1.059713906840185765e-01, 5.200817576026061095e-01, 2.679754782619843123e-01, 1.059713734513910849e-01
1.059927981150641935e-01, 5.200721805942951637e-01, 2.679422403691201771e-01, 1.059927809215203964e-01
1.060142160481621909e-01, 5.200625735731111421e-01, 2.679090114851109816e-01, 1.060141988936157131e-01
1.060356444839645196e-01, 5.200529365293545814e-01, 2.678757916183515664e-01, 1.060356273683291384e-01
1.060570834231203130e-01, 5.200432694533343447e-01, 2.678425807772352174e-01, 1.060570663463100416e-01
1.060785328662758598e-01, 5.200335723353667339e-01, 2.678093789701526672e-01, 1.060785158282047808e-01
1.060999928140744647e-01, 5.200238451657759331e-01, 2.677761862054925390e-01, 1.060999758146570354e-01
1.061214632671567959e-01, 5.200140879348945644e-01, 2.677430024916413465e-01, 1.061214463063074875e-01
1.061429442261603989e-01, 5.200043006330624662e-01, 2.677098278369832163e-01, 1.061429273037939602e-01
1.061644356917201687e-01, 5.199944832506280257e-01, 2.676766622499004433e-01, 1.061644188077515011e-01
1.061859376644680164e-01, 5.199846357779474015e-01, 2.676435057387725469e-01, 1.061859208188121739e-01
1.062074501450329389e-01, 5.199747582053845241e-01, 2.676103583119772700e-01, 1.062074333376052115e-01
1.062289731340411159e-01, 5.199648505233116502e-01, 2.675772199778901905e-01, 1.062289563647569879e-01
1.062505066321158265e-01, 5.199549127221089195e-01, 2.675440907448843886e-01, 1.062504899008909071e-01
1.062720506398774495e-01, 5.199449447921642431e-01, 2.675109706213307792e-01, 1.062720339466275560e-01
1.062936051579434493e-01, 5.199349467238738587e-01, 2.674778596155981125e-01, 1.062935885025845795e-01
1.063151701869283622e-01, 5.199249185076418867e-01, 2.674447577360529738e-01, 1.063151535693767219e-01
1.063367457274439487e-01, 5.199148601338804410e-01, 2.674116649910597276e-01, 1.063367291476158688e-01
1.063583317800988609e-01, 5.199047715930099622e-01, 2.673785813889804075e-01, 1.063583152379108804e-01
1.063799283454989614e-01, 5.198946528754585517e-01, 2.673455069381746041e-01, 1.063799118408678135e-01
1.064015354242471151e-01, 5.198845039716627481e-01, 2.673124416470002984e-01, 1.064015189570897413e-01
1.064231530169434253e-01, 5.198743248720669730e-01, 2.672793855238126404e-01, 1.064231365871768503e-01
1.064447811241848729e-01, 5.198641155671239744e-01, 2.672463385769648370e-01, 1.064447647317263712e-01
1.064664197465655521e-01, 5.198538760472941611e-01, 2.672133008148075972e-01, 1.064664033913325925e-01
1.064880688846766843e-01, 5.198436063030468235e-01, 2.671802722456895762e-01, 1.064880525665868466e-01
1.065097285391064796e-01, 5.198333063248584685e-01, 2.671472528779572642e-01, 1.065097122580776073e-01
1.065313987104402615e-01, 5.198229761032148177e-01, 2.671142427199546532e-01, 1.065313824663902814e-01
1.065530793992603281e-01, 5.198126156286085875e-01, 2.670812417800235705e-01, 1.065530631921074306e-01
1.065747706061460631e-01, 5.198022248915417087e-01, 2.670482500665035674e-01, 1.065747544358085497e-01
1.065964723316739082e-01, 5.197918038825237730e-01, 2.670152675877319748e-01, 1.065964561980703024e-01
1.066181845764172798e-01, 5.197813525920725874e-01, 2.669822943520439584e-01, 1.066181684794662576e-01
1.066399073409466797e-01, 5.197708710107140639e-01, 2.669493303677721308e-01, 1.066398912805670701e-01
1.066616406258295568e-01, 5.197603591289831071e-01, 2.669163756432469947e-01, 1.066616246019404246e-01
1.066833844316304875e-01, 5.197498169374217269e-01, 2.668834301867967218e-01, 1.066833684441510083e-01
1.067051387589110223e-01, 5.197392444265811484e-01, 2.668504940067473741e-01, 1.067051228077605801e-01
1.067269036082295897e-01, 5.197286415870201459e-01, 2.668175671114225156e-01, 1.067268876933277905e-01
1.067486789801418284e-01, 5.197180084093062646e-01, 2.667846495091434345e-01, 1.067486631014083615e-01
1.067704648752003382e-01, 5.197073448840153764e-01, 2.667517412082293093e-01, 1.067704490325551009e-01
1.067922612939545962e-01, 5.196966510017310137e-01, 2.667188422169967654e-01, 1.067922454873176524e-01
1.068140682369511235e-01, 5.196859267530458126e-01, 2.666859525437602629e-01, 1.068140524662427315e-01
1.068358857047334992e-01, 5.196751721285602921e-01, 2.666530721968320972e-01, 1.068358699698741116e-01
1.068577136978422354e-01, 5.196643871188832975e-01, 2.666202011845220654e-01, 1.068576979987524017e-01
1.068795522168148188e-01, 5.196535717146323341e-01, 2.665873395151376890e-01, 1.068795365534153247e-01
1.069014012621856829e-01, 5.196427259064330118e-01, 2.665544871969840468e-01, 1.069013856343974667e-01
1.069232608344862917e-01, 5.196318496849191559e-01, 2.665216442383641637e-01, 1.069232452422304303e-01
1.069451309342450279e-01, 5.196209430407333629e-01, 2.664888106475787333e-01, 1.069451153774428342e-01
1.069670115619872769e-01, 5.196100059645265556e-01, 2.664559864329260064e-01, 1.069669960405601750e-01
1.069889027182352875e-01, 5.195990384469578727e-01, 2.664231716027017915e-01, 1.069888872321049095e-01
1.070108044035084083e-01, 5.195880404786951123e-01, 2.663903661651998434e-01, 1.070107889525965528e-01
1.070327166183228235e-01, 5.195770120504142886e-01, 2.663575701287113073e-01, 1.070327012025514141e-01
1.070546393631917059e-01, 5.195659531528001862e-01, 2.663247835015252751e-01, 1.070546239824828605e-01
1.070765726386251060e-01, 5.195548637765454725e-01, 2.662920062919282849e-01, 1.070765572929011505e-01
1.070985164451300625e-01, 5.195437439123519185e-01, 2.662592385082045432e-01, 1.070985011343134202e-01
1.071204707832105196e-01, 5.195325935509295112e-01, 2.662264801586360918e-01, 1.071204555072238634e-01
1.071424356533673961e-01, 5.195214126829966750e-01, 2.661937312515024745e-01, 1.071424204121334961e-01
1.071644110560984464e-01, 5.195102012992806051e-01, 2.661609917950807924e-01, 1.071643958495402671e-01
1.071863969918983583e-01, 5.194989593905164904e-01, 2.661282617976460374e-01, 1.071863818199390306e-01
1.072083934612588219e-01, 5.194876869474489567e-01, 2.660955412674706477e-01, 1.072083783238216431e-01
1.072304004646683212e-01, 5.194763839608299572e-01, 2.660628302128248412e-01, 1.072303853616767555e-01
1.072524180026122875e-01, 5.194650504214213260e-01, 2.660301286419763933e-01, 1.072524029339899654e-01
1.072744460755730433e-01, 5.194536863199927801e-01, 2.659974365631905813e-01, 1.072744310412437341e-01
1.072964846840298025e-01, 5.194422916473221408e-01, 2.659647539847305731e-01, 1.072964696839174559e-01
1.073185338284586565e-01, 5.194308663941971105e-01, 2.659320809148570386e-01, 1.073185188624874442e-01
1.073405935093325742e-01, 5.194194105514126081e-01, 2.658994173618280943e-01, 1.073405785774267374e-01
1.073626637271214296e-01, 5.194079241097733224e-01, 2.658667633338998026e-01, 1.073626488292054454e-01
1.073847444822919744e-01, 5.193964070600919358e-01, 2.658341188393256171e-01, 1.073847296182904310e-01
1.074068357753077824e-01, 5.193848593931899016e-01, 2.658014838863566598e-01, 1.074068209451454620e-01
1.074289376066293322e-01, 5.193732810998975546e-01, 2.657688584832417766e-01, 1.074289228102311838e-01
1.074510499767139388e-01, 5.193616721710537787e-01, 2.657362426382271492e-01, 1.074510352140050501e-01
1.074731728860157942e-01, 5.193500325975060061e-01, 2.657036363595568496e-01, 1.074731581569214195e-01
1.074953063349858573e-01, 5.193383623701104401e-01, 2.656710396554722853e-01, 1.074952916394314867e-01
1.075174503240721169e-01, 5.193266614797320546e-01, 2.656384525342126990e-01, 1.075174356619832544e-01
1.075396048537191340e-01, 5.193149299172447053e-01, 2.656058750040145577e-01, 1.075395902250215752e-01
1.075617699243685832e-01, 5.193031676735304636e-01, 2.655733070731125522e-01, 1.075617553289882483e-01
1.075839455364588637e-01, 5.192913747394810597e-01, 2.655407487497383756e-01, 1.075839309743217842e-01
1.076061316904250442e-01, 5.192795511059961067e-01, 2.655082000421213895e-01, 1.076061171614574735e-01
1.076283283866992374e-01, 5.192676967639843211e-01, 2.654756609584887905e-01, 1.076283138908275538e-01
1.076505356257103085e-01, 5.192558117043634125e-01, 2.654431315070652220e-01, 1.076505211628610570e-01
1.076727534078838477e-01, 5.192438959180595281e-01, 2.654106116960727735e-01, 1.076727389779837396e-01
1.076949817336423643e-01, 5.192319493960079191e-01, 2.653781015337313143e-01, 1.076949673366182636e-01
1.077172206034051477e-01, 5.192199721291527181e-01, 2.653456010282581601e-01, 1.077172062391840851e-01
1.077394700175881986e-01, 5.192079641084464958e-01, 2.653131101878680176e-01, 1.077394556860973157e-01
1.077617299766044090e-01, 5.191959253248509265e-01, 2.652806290207735396e-01, 1.077617156777711110e-01
1.077840004808634233e-01, 5.191838557693367884e-01, 2.652481575351844922e-01, 1.077839862146151573e-01
1.078062815307716943e-01, 5.191717554328834083e-01, 2.652156957393086434e-01, 1.078062672970361568e-01
1.078285731267324271e-01, 5.191596243064792171e-01, 2.651832436413509853e-01, 1.078285589254374260e-01
1.078508752691455796e-01, 5.191474623811210831e-01, 2.651508012495140676e-01, 1.078508611002190476e-01
1.078731879584080011e-01, 5.191352696478156448e-01, 2.651183685719982752e-01, 1.078731738217780789e-01
1.078955111949130713e-01, 5.191230460975777561e-01, 2.650859456170010509e-01, 1.078954970905080524e-01
1.079178449790512279e-01, 5.191107917214314860e-01, 2.650535323927178388e-01, 1.079178309067995167e-01
1.079401893112094252e-01, 5.190985065104097851e-01, 2.650211289073412524e-01, 1.079401752710396206e-01
1.079625441917714396e-01, 5.190861904555544859e-01, 2.649887351690616288e-01, 1.079625301836123069e-01
1.079849096211178833e-01, 5.190738435479169688e-01, 2.649563511860668630e-01, 1.079848956448983266e-01
1.080072855996260101e-01, 5.190614657785568298e-01, 2.649239769665421851e-01, 1.080072716552750445e-01
1.080296721276698124e-01, 5.190490571385429908e-01, 2.648916125186704940e-01, 1.080296582151166751e-01
1.080520692056200910e-01, 5.190366176189536995e-01, 2.648592578506321349e-01, 1.080520553247941301e-01
1.080744768338443296e-01, 5.190241472108757526e-01, 2.648269129706049552e-01, 1.080744629846750460e-01
1.080968950127066536e-01, 5.190116459054053832e-01, 2.647945778867642486e-01, 1.080968811951237285e-01
1.081193237425680798e-01, 5.189991136936475957e-01, 2.647622526072829774e-01, 1.081193099565013471e-01
1.081417630237862387e-01, 5.189865505667166090e-01, 2.647299371403315504e-01, 1.081417492691656157e-01
1.081642128567154304e-01, 5.189739565157357459e-01, 2.646976314940777120e-01, 1.081641991334710978e-01
1.081866732417067767e-01, 5.189613315318374331e-01, 2.646653356766869303e-01, 1.081866595497689570e-01
1.082091441791079578e-01, 5.189486756061630901e-01, 2.646330496963219536e-01, 1.082091305184071095e-01
1.082316256692634066e-01, 5.189359887298632401e-01, 2.646007735611430878e-01, 1.082316120397301268e-01
1.082541177125143639e-01, 5.189232708940979544e-01, 2.645685072793081960e-01, 1.082541041140793470e-01
1.082766203091986429e-01, 5.189105220900360749e-01, 2.645362508589725881e-01, 1.082766067417927497e-01
1.082991334596506289e-01, 5.188977423088555474e-01, 2.645040043082889092e-01, 1.082991199232049423e-01
1.083216571642016540e-01, 5.188849315417437547e-01, 2.644717676354074176e-01, 1.083216436586472986e-01
1.083441914231794700e-01, 5.188720897798971832e-01, 2.644395408484756516e-01, 1.083441779484477785e-01
1.083667362369086645e-01, 5.188592170145212012e-01, 2.644073239556390398e-01, 1.083667227929311083e-01
1.083892916057103417e-01, 5.188463132368310582e-01, 2.643751169650399580e-01, 1.083892781924185728e-01
1.084118575299024417e-01, 5.188333784380507741e-01, 2.643429198848185613e-01, 1.084118441472282229e-01
1.084344340097994075e-01, 5.188204126094134727e-01, 2.643107327231123405e-01, 1.084344206576746406e-01
1.084570210457124206e-01, 5.188074157421622701e-01, 2.642785554880562882e-01, 1.084570077240691599e-01
1.084796186379491795e-01, 5.187943878275482756e-01, 2.642463881877826215e-01, 1.084796053467196458e-01
1.085022267868142182e-01, 5.187813288568334791e-01, 2.642142308304214482e-01, 1.085022135259307852e-01
1.085248454926084904e-01, 5.187682388212878637e-01, 2.641820834240999338e-01, 1.085248322620037120e-01
1.085474747556298136e-01, 5.187551177121914048e-01, 2.641499459769426905e-01, 1.085474615552362715e-01
1.085701145761723552e-01, 5.187419655208329594e-01, 2.641178184970719434e-01, 1.085701014059228808e-01
1.085927649545271184e-01, 5.187287822385110436e-01, 2.640857009926071419e-01, 1.085927518143546683e-01
1.086154258909816372e-01, 5.187155678565334993e-01, 2.640535934716654043e-01, 1.086154127808193065e-01
1.086380973858201288e-01, 5.187023223662174942e-01, 2.640214959423611840e-01, 1.086380843056011236e-01
1.086607794393233406e-01, 5.186890457588896330e-01, 2.639894084128061036e-01, 1.086607663889810199e-01
1.086834720517685093e-01, 5.186757380258855132e-01, 2.639573308911095650e-01, 1.086834590312364818e-01
1.087061752234297490e-01, 5.186623991585506133e-01, 2.639252633853781393e-01, 1.087061622326416233e-01
1.087288889545775239e-01, 5.186490291482394044e-01, 2.638932059037158440e-01, 1.087288759934671306e-01
1.087516132454790091e-01, 5.186356279863165719e-01, 2.638611584542241983e-01, 1.087516003139803178e-01
1.087743480963978826e-01, 5.186221956641552389e-01, 2.638291210450019464e-01, 1.087743351944450154e-01
1.087970935075944778e-01, 5.186087321731384092e-01, 2.637970936841453895e-01, 1.087970806351216402e-01
1.088198494793256588e-01, 5.185952375046589680e-01, 2.637650763797481090e-01, 1.088198366362672503e-01
1.088426160118448477e-01, 5.185817116501185708e-01, 2.637330691399010774e-01, 1.088426031981353514e-01
1.088653931054020668e-01, 5.185681546009288656e-01, 2.637010719726928798e-01, 1.088653803209762017e-01
1.088881807602438412e-01, 5.185545663485108259e-01, 2.636690848862090486e-01, 1.088881680050364092e-01
1.089109789766132402e-01, 5.185409468842945291e-01, 2.636371078885328401e-01, 1.089109662505592241e-01
1.089337877547499889e-01, 5.185272961997208219e-01, 2.636051409877448459e-01, 1.089337750577844821e-01
1.089566070948902732e-01, 5.185136142862384334e-01, 2.635731841919227159e-01, 1.089565944269484804e-01
1.089794369972668098e-01, 5.184999011353070841e-01, 2.635412375091419346e-01, 1.089794243582841576e-01
1.090022774621088597e-01, 5.184861567383952652e-01, 2.635093009474750447e-01, 1.090022648520208304e-01
